Originally  
101 
A 
42	100	
1	1	NA	NA	
1	20	
1 0.04162 0.1387 0.4578 0.111 0.1803 0.1387 0.09711 0.06936 0.08324 0.05549 0 0 0.01387 0 0 0 0 0 0 0
1 0.05574 0.4645 0.5017 0.3159 0.1486 0.07432 0.1301 0.01858 0.03716 0.07432 0 0 0.01858 0.01858 0 0 0 0 0 0
1 0.03407 0.4088 0.6984 0.2044 0.1363 0.06814 0.06814 0.0511 0 0 0 0 0 0 0.01703 0 0.01703 0 0 0
1 0 0.2714 0.8141 0.424 0.1018 0.03392 0 0 0 0 0.01696 0.01696 0.01696 0 0 0 0 0 0 0
1 0.0158 0.0948 0.4424 0.632 0.2686 0.0948 0 0 0 0 0.0158 0.0158 0 0 0 0 0 0 0 0
1 0.01342 0.161 0.255 0.3489 0.3489 0.1208 0.04026 0.01342 0 0.01342 0.01342 0.01342 0 0 0 0 0 0 0 0
1 0.0792 0.088 0.132 0.1056 0.264 0.0968 0.0792 0 0 0 0.0088 0.0088 0 0.0176 0 0 0 0 0 0
1 0.1234 0.1887 0.06531 0.09433 0.05079 0.1016 0.02903 0.05079 0.007256 0.007256 0.007256 0 0 0 0 0 0 0 0 0
1 0.01731 1.004 0.4154 0.05192 0.1038 0 0.03461 0.05192 0.03461 0 0 0 0 0.01731 0 0 0 0 0 0
1 0.07907 0.03953 0.8039 0.1713 0.02636 0.02636 0.06589 0.06589 0.02636 0.01318 0 0 0 0 0 0 0 0 0 0
1 0.06444 0.3383 0.2417 0.8056 0.09667 0 0.03222 0.01611 0.01611 0 0 0 0 0 0 0 0 0 0 0
1 0.03755 0.4131 0.6008 0.07511 0.6572 0.07511 0 0 0.01878 0 0 0 0 0 0 0 0 0 0 0
1 0.03924 0.05886 0.9221 0.4709 0.0981 0.3139 0.03924 0 0.01962 0 0 0 0 0 0 0 0 0 0 0
1 0.02142 0.1606 0.09638 0.3641 0.1821 0.02142 0.1713 0.04284 0 0 0 0 0 0 0 0.01071 0 0 0 0
1 0.07729 0.04637 0.201 0.07729 0.1469 0.1005 0.007729 0.1005 0.01546 0 0 0 0 0 0 0 0 0 0 0
1 0.07619 0.1371 0.1295 0.1295 0.06095 0.1448 0.03048 0.007619 0.02286 0.01524 0.007619 0 0 0 0 0 0 0 0 0
1 0.0186 0.2696 0.3347 0.07439 0.06509 0 0.06509 0.02789 0.0186 0.04649 0.009298 0 0 0 0 0 0 0 0 0
1 0.05192 0.3634 0.7961 0.3461 0.03461 0.03461 0 0.06922 0.01731 0 0.01731 0 0 0 0 0 0 0 0 0
1 0.02119 0.1271 0.286 0.3814 0.1483 0.04237 0.02119 0 0.01059 0.01059 0 0.01059 0 0 0 0 0 0 0 0
1 0.009211 0.09211 0.2395 0.1658 0.2948 0.09211 0.009211 0.01842 0 0 0 0 0 0 0 0 0 0 0 0
1 0.09563 0.1275 0.2444 0.2444 0.17 0.09563 0.06375 0 0 0 0 0.01063 0 0.01063 0 0 0 0 0 0
1 0 0.3449 0.1983 0.1035 0.06036 0.06036 0.06036 0.02587 0 0 0.008623 0 0 0 0 0 0 0 0 0
1 0.0251 0.0251 0.7657 0.1757 0.05021 0.1004 0.05021 0.03766 0.0251 0 0 0 0 0 0 0 0 0 0 0
1 0.01274 0.1401 0.08917 0.293 0.05095 0.03821 0.01274 0 0 0 0 0 0 0 0 0 0 0 0 0
1 0.009707 0.05824 0.4562 0.02912 0.3106 0.04853 0.02912 0 0.009707 0.009707 0.009707 0 0 0 0 0 0 0 0 0
1 0.04822 0.04219 0.04219 0.2351 0.03014 0.1326 0.04822 0 0.01206 0 0 0.006028 0.006028 0 0 0 0 0 0 0
1 0.007976 0.3749 0.1037 0.03191 0.1117 0.05583 0.07976 0.02393 0.007976 0 0 0 0 0 0 0 0 0 0 0
1 0.01723 0.0689 0.5168 0.07752 0.01723 0.0689 0.008613 0.06029 0.01723 0.008613 0 0 0 0 0 0 0 0 0 0
1 0.03896 0.1169 0.2026 0.3117 0.03117 0.01558 0.03896 0 0.01558 0 0 0.007791 0 0 0 0 0 0 0 0
1 0.01912 0.1912 0.2008 0.153 0.2868 0 0 0.0478 0 0.03824 0 0 0.00956 0 0.00956 0 0 0 0 0
1 0.0219 0.1314 0.3066 0.0584 0.1095 0.0584 0.0146 0 0.0219 0 0 0 0.0073 0 0 0 0 0 0 0
1 0 0.1632 0.3091 0.2233 0.0687 0.02576 0.05152 0 0.008587 0.008587 0 0 0 0 0 0 0 0 0 0
1 0.006379 0.05741 0.1722 0.236 0.07655 0.04465 0.01276 0.01914 0 0 0.01276 0 0 0 0 0 0 0 0 0
1 0.01622 0.1379 0.1054 0.1541 0.2109 0.09734 0.01622 0.03245 0.04056 0 0 0 0 0 0 0 0 0 0 0
1 0.00929 0.05574 0.1719 0.0511 0.07432 0.03716 0.02787 0.02323 0.004645 0.004645 0 0 0 0 0 0 0.004645 0 0 0
1 0.0167 0.07099 0.09187 0.08352 0.02923 0.05429 0.04176 0.0167 0 0.004176 0.004176 0 0 0.004176 0 0 0 0 0 0
1 0.01316 0.04827 0.1492 0.1141 0.05266 0.02194 0.004388 0.02194 0 0.01316 0 0 0 0 0 0 0 0 0 0
1 0.01776 0.1836 0.08882 0.1717 0.03553 0.02369 0.01776 0.02961 0.01776 0.005921 0 0 0 0 0 0 0 0 0 0
1 0 0.09092 0.2122 0.06567 0.05556 0.03031 0.02021 0.0101 0.005051 0.005051 0.005051 0.005051 0 0 0 0 0 0 0 0
1 0.01761 0.03875 0.0951 0.1092 0.05284 0.01409 0.007045 0.01409 0 0 0 0 0.003522 0 0 0 0 0 0 0
1 0.01598 0.07349 0.04474 0.05432 0.05113 0.02556 0.01917 0.02237 0.006391 0 0.003195 0 0 0.003195 0 0 0 0 0 0
1 0.01511 0.126 0.2015 0.02519 0.03527 0.07557 0.01008 0.005038 0 0 0.005038 0.005038 0 0 0 0 0 0 0 0
1 0.003239 0.04211 0.1619 0.05182 0.01296 0.01296 0.01943 0.003239 0.01296 0 0.003239 0 0 0 0 0 0 0 0 0
1 0 0.08453 0.1138 0.08778 0.009753 0.003251 0.013 0.003251 0.003251 0.003251 0.003251 0 0 0 0 0 0 0 0 0
1 0.02246 0.0393 0.2527 0.08422 0.06176 0.03369 0.02807 0.01684 0.005615 0.005615 0 0.005615 0 0 0 0 0 0.005615 0 0
1 0.01694 0.061 0.04066 0.09149 0.06777 0.03728 0.01355 0 0.003389 0.006777 0 0 0 0 0 0 0 0 0 0
1 0.037 0.1151 0.1274 0.008222 0.05755 0.02055 0.02055 0.01644 0.004111 0.004111 0 0 0 0 0 0 0 0 0 0
1 0 0.1217 0.1217 0.07066 0.02355 0.03533 0.007851 0.007851 0.003926 0 0 0 0 0 0 0 0 0 0 0
1 0.01772 0.02481 0.202 0.0567 0.02126 0 0.01772 0.007087 0.007087 0 0 0 0 0 0 0 0 0 0 0
1 0.003203 0.06407 0.02563 0.157 0.03844 0.01281 0.003203 0.006407 0.006407 0.003203 0 0 0 0 0 0 0 0 0 0
1 0.01485 0.03713 0.1225 0.01485 0.0854 0.05198 0.007426 0.003713 0.01856 0.003713 0.007426 0.003713 0 0 0 0 0 0 0 0
1 0.01721 0.05451 0.06311 0.06885 0.008606 0.05451 0.01434 0.002869 0 0.002869 0 0 0 0 0 0 0 0 0 0
1 0.003468 0.05895 0.1942 0.03121 0.02428 0.0104 0.02081 0.003468 0 0 0 0 0 0 0 0 0 0 0 0
1 0.006929 0.04158 0.06467 0.06698 0.009239 0.0231 0.00231 0.01155 0.00462 0 0 0 0 0 0 0 0 0 0 0
1 0 0.09052 0.05857 0.04526 0.0426 0.01331 0.007987 0 0.005325 0.002662 0 0 0 0 0 0 0 0 0 0
1 0.01041 0.02864 0.1302 0.04165 0.01562 0.02603 0 0.002603 0 0.002603 0.002603 0 0 0 0 0 0 0 0 0
1 0.00877 0.04385 0.04093 0.09355 0.03216 0.03508 0.02339 0.01169 0 0 0 0 0.002923 0 0 0 0 0 0 0
1 0 0.03369 0.04001 0.03159 0.0695 0.01474 0.008424 0.006318 0.002106 0.002106 0 0.002106 0 0 0 0 0 0 0 0
1 0.001913 0.02296 0.05357 0.04401 0.01913 0.0287 0.007653 0.00574 0.003827 0 0.003827 0 0 0 0 0 0 0 0 0
