 landings-at-age - landings.n (units : NA )
1	2	
42	100	
1	20	
1 
2.081 10.38 34.26 17.73 13.62 12.4 6.476 7.581 5.07 3.152 0.9713 1.193 0.7628 1.356 0.4179 0.5231 0.1055 0.4149 0.1722 0.2207
2.267 25.42 28.48 25.18 10.72 8.234 7.495 3.916 4.584 3.066 1.906 0.5873 0.7213 0.4613 0.8201 0.2527 0.3163 0.06377 0.2509 0.2376
1.558 22.39 56.68 16.86 12.23 5.208 4 3.641 1.902 2.227 1.489 0.9259 0.2853 0.3504 0.2241 0.3984 0.1228 0.1537 0.03098 0.2373
0.6869 16.64 54.23 36.81 9.007 6.534 2.782 2.137 1.945 1.016 1.19 0.7957 0.4946 0.1524 0.1872 0.1197 0.2128 0.06559 0.0821 0.1433
0.5744 7.803 42.77 37.43 20.91 5.117 3.712 1.58 1.214 1.105 0.5774 0.6759 0.452 0.281 0.0866 0.1063 0.06801 0.1209 0.03726 0.1281
0.413 6.258 19.22 28.2 20.29 11.34 2.774 2.013 0.8569 0.6583 0.5992 0.313 0.3665 0.2451 0.1524 0.04695 0.05766 0.03687 0.06556 0.08964
1.394 4.703 16.07 13.2 15.93 11.46 6.403 1.567 1.137 0.484 0.3718 0.3384 0.1768 0.207 0.1384 0.08606 0.02652 0.03257 0.02083 0.08766
4.082 13.87 10.61 9.676 6.533 7.882 5.672 3.169 0.7755 0.5625 0.2395 0.184 0.1675 0.0875 0.1024 0.0685 0.04259 0.01312 0.01612 0.05369
0.5839 51.18 39.13 8.038 6.035 4.074 4.916 3.537 1.976 0.4836 0.3508 0.1494 0.1148 0.1045 0.05457 0.06389 0.04272 0.02656 0.008185 0.04354
1.85 6.094 120.1 24.38 4.11 3.086 2.083 2.513 1.809 1.01 0.2473 0.1794 0.07638 0.05868 0.05341 0.0279 0.03267 0.02185 0.01358 0.02645
2.449 20.88 15.45 81.13 13.52 2.28 1.712 1.156 1.395 1.004 0.5606 0.1372 0.09953 0.04238 0.03255 0.02963 0.01548 0.01812 0.01212 0.02221
0.5377 25.5 48.97 9.629 41.52 6.921 1.167 0.8762 0.5915 0.7137 0.5136 0.2869 0.07022 0.05094 0.02169 0.01666 0.01516 0.007923 0.009275 0.01757
0.6271 5.678 60.89 31.23 5.048 21.76 3.628 0.6117 0.4593 0.3101 0.3741 0.2692 0.1504 0.03681 0.0267 0.01137 0.008734 0.00795 0.004153 0.01407
0.4369 7.059 14.43 41.46 17.49 2.827 12.19 2.032 0.3426 0.2572 0.1737 0.2095 0.1508 0.08424 0.02062 0.01496 0.006367 0.004892 0.004452 0.01021
1.331 4.884 17.78 9.706 22.91 9.668 1.563 6.737 1.123 0.1894 0.1422 0.096 0.1158 0.08334 0.04656 0.01139 0.008266 0.003519 0.002704 0.008103
1.897 13.49 11.2 10.88 4.88 11.52 4.861 0.7857 3.388 0.5648 0.09522 0.07149 0.04827 0.05823 0.04191 0.02341 0.00573 0.004156 0.00177 0.005434
0.9035 23.35 37.33 8.31 6.641 2.979 7.033 2.967 0.4796 2.068 0.3447 0.05812 0.04364 0.02946 0.03555 0.02558 0.01429 0.003497 0.002537 0.004397
0.9518 9.041 52.7 22.38 4.088 3.266 1.465 3.459 1.46 0.2359 1.017 0.1696 0.02859 0.02147 0.01449 0.01748 0.01258 0.007029 0.00172 0.003411
0.6732 10.27 22.07 34.45 12.03 2.198 1.756 0.7878 1.86 0.7847 0.1268 0.5468 0.09117 0.01537 0.01154 0.007792 0.0094 0.006765 0.003779 0.002759
0.6307 8.131 27.86 16.03 20.59 7.189 1.313 1.049 0.4707 1.111 0.4689 0.07579 0.3268 0.05448 0.009185 0.006896 0.004656 0.005617 0.004042 0.003907
2.505 6.823 19.72 17.92 8.464 10.87 3.795 0.6933 0.554 0.2485 0.5867 0.2475 0.04001 0.1725 0.02876 0.004849 0.003641 0.002458 0.002965 0.004197
0.4012 27.69 16.9 12.96 9.67 4.566 5.863 2.047 0.374 0.2989 0.1341 0.3165 0.1335 0.02159 0.09307 0.01552 0.002616 0.001964 0.001326 0.003864
1.222 3.971 61.85 10.02 6.306 4.704 2.221 2.852 0.996 0.1819 0.1454 0.06522 0.154 0.06496 0.0105 0.04527 0.007548 0.001273 0.0009555 0.002525
0.1969 13.75 10.09 42.06 5.605 3.527 2.631 1.242 1.595 0.557 0.1018 0.08131 0.03648 0.08612 0.03633 0.005873 0.02532 0.004221 0.0007117 0.001946
0.3497 2.132 33.61 6.585 22.57 3.008 1.893 1.412 0.6668 0.8561 0.299 0.05461 0.04364 0.01958 0.04622 0.0195 0.003152 0.01359 0.002266 0.001427
1.629 3.86 5.311 22.38 3.604 12.35 1.646 1.036 0.7728 0.3649 0.4686 0.1636 0.02989 0.02389 0.01072 0.0253 0.01067 0.001725 0.007438 0.002021
0.635 16.74 8.985 3.304 11.44 1.843 6.319 0.842 0.5299 0.3952 0.1866 0.2396 0.08368 0.01529 0.01222 0.00548 0.01294 0.005458 0.0008823 0.004838
0.6766 7.787 46.18 6.651 2.013 6.972 1.123 3.85 0.513 0.3228 0.2408 0.1137 0.146 0.05099 0.009314 0.007443 0.003339 0.007883 0.003326 0.003485
0.8424 6.992 18.13 28.56 3.377 1.022 3.54 0.5702 1.955 0.2605 0.1639 0.1223 0.05773 0.07413 0.02589 0.004729 0.003779 0.001695 0.004002 0.003458
0.8976 8.551 16.1 11.16 14.46 1.709 0.5174 1.792 0.2886 0.9893 0.1318 0.08296 0.06188 0.02922 0.03752 0.0131 0.002394 0.001913 0.000858 0.003776
0.5941 10.53 22.68 11.48 6.554 8.489 1.004 0.3038 1.052 0.1695 0.5809 0.07741 0.04871 0.03634 0.01716 0.02203 0.007694 0.001405 0.001123 0.002721
0.3299 6.422 25.71 14.81 6.161 3.517 4.556 0.5386 0.163 0.5646 0.09094 0.3118 0.04154 0.02614 0.0195 0.009208 0.01182 0.004129 0.0007543 0.002063
0.5756 3.789 16.61 17.77 8.414 3.501 1.999 2.589 0.3061 0.09266 0.3209 0.05168 0.1772 0.02361 0.01486 0.01108 0.005233 0.00672 0.002347 0.001601
0.4613 6.021 8.941 10.43 9.168 4.342 1.807 1.031 1.336 0.1579 0.04781 0.1656 0.02667 0.09142 0.01218 0.007666 0.005718 0.0027 0.003467 0.002037
0.5759 4.801 14.2 5.642 5.413 4.757 2.253 0.9374 0.5351 0.6932 0.08194 0.02481 0.08591 0.01384 0.04743 0.006321 0.003978 0.002967 0.001401 0.002856
0.3929 6.43 12.15 9.654 3.157 3.029 2.662 1.26 0.5245 0.2994 0.3879 0.04585 0.01388 0.04807 0.007743 0.02654 0.003537 0.002226 0.00166 0.002382
0.6912 4.691 17.27 8.737 5.712 1.868 1.792 1.575 0.7458 0.3104 0.1772 0.2295 0.02713 0.008213 0.02844 0.004581 0.0157 0.002093 0.001317 0.002392
0.3504 6.915 10.6 10.38 4.312 2.819 0.9219 0.8845 0.7773 0.3681 0.1532 0.08744 0.1133 0.01339 0.004053 0.01404 0.002261 0.00775 0.001033 0.00183
0.1784 3.987 17.77 7.3 5.881 2.442 1.597 0.5222 0.501 0.4403 0.2085 0.08675 0.04952 0.06415 0.007584 0.002296 0.007951 0.001281 0.00439 0.001622
0.4621 2.079 10.43 12.39 4.184 3.371 1.4 0.9151 0.2993 0.2871 0.2523 0.1195 0.04972 0.02838 0.03677 0.004346 0.001316 0.004557 0.000734 0.003445
0.5241 4.551 4.622 6.154 6.002 2.027 1.633 0.678 0.4433 0.145 0.1391 0.1222 0.05788 0.02409 0.01375 0.01781 0.002106 0.0006374 0.002207 0.002025
0.4759 5.925 11.62 3.162 3.464 3.378 1.141 0.919 0.3816 0.2495 0.08159 0.07828 0.06879 0.03258 0.01356 0.007738 0.01002 0.001185 0.0003587 0.002382
0.5171 5.106 14.37 7.529 1.684 1.845 1.799 0.6075 0.4894 0.2032 0.1329 0.04345 0.04169 0.03664 0.01735 0.007219 0.004121 0.005338 0.0006311 0.00146
0.1 5.787 12.9 9.709 4.184 0.9358 1.025 0.9998 0.3376 0.272 0.1129 0.07384 0.02415 0.02317 0.02036 0.009642 0.004012 0.00229 0.002967 0.001162
0.2898 1.023 13.42 7.995 4.946 2.132 0.4768 0.5223 0.5093 0.172 0.1386 0.05754 0.03762 0.0123 0.0118 0.01037 0.004912 0.002044 0.001167 0.002103
0.401 3.257 2.606 9.185 4.504 2.786 1.201 0.2686 0.2942 0.2869 0.09689 0.07806 0.03241 0.02119 0.00693 0.006649 0.005843 0.002767 0.001151 0.001842
0.6498 4.648 8.512 1.824 5.288 2.593 1.604 0.6913 0.1546 0.1694 0.1652 0.05578 0.04494 0.01866 0.0122 0.00399 0.003828 0.003364 0.001593 0.001723
0.0976 7.232 11.63 5.669 0.998 2.894 1.419 0.8778 0.3783 0.08461 0.09268 0.09039 0.03052 0.02459 0.01021 0.006676 0.002183 0.002095 0.001841 0.001815
0.3316 1.077 17.91 7.649 3.063 0.5391 1.563 0.7664 0.4742 0.2044 0.04571 0.05007 0.04883 0.01649 0.01328 0.005516 0.003606 0.001179 0.001132 0.001975
0.1692 3.239 2.379 10.52 3.691 1.478 0.2601 0.7542 0.3698 0.2288 0.0986 0.02205 0.02416 0.02356 0.007955 0.00641 0.002661 0.00174 0.0005691 0.001499
0.3965 2.078 8.951 1.763 6.419 2.251 0.9013 0.1586 0.46 0.2255 0.1395 0.06014 0.01345 0.01473 0.01437 0.004852 0.003909 0.001623 0.001061 0.001261
0.2942 4.206 4.955 5.665 0.9158 3.334 1.169 0.4682 0.08241 0.239 0.1172 0.07249 0.03124 0.006987 0.007654 0.007465 0.002521 0.002031 0.0008433 0.001207
0.2149 3.26 10.47 3.282 3.082 0.4983 1.814 0.6362 0.2547 0.04484 0.13 0.06375 0.03944 0.017 0.003802 0.004164 0.004061 0.001371 0.001105 0.001115
0.4306 2.163 7.414 6.336 1.631 1.531 0.2476 0.9013 0.3161 0.1266 0.02228 0.06459 0.03167 0.01959 0.008445 0.001889 0.002069 0.002018 0.0006814 0.001103
0.141 4.67 5.317 4.886 3.435 0.8841 0.8302 0.1342 0.4887 0.1714 0.06861 0.01208 0.03502 0.01717 0.01062 0.004578 0.001024 0.001122 0.001094 0.0009675
0.2041 1.622 12.13 3.702 2.799 1.968 0.5065 0.4756 0.07689 0.2799 0.09818 0.03931 0.006919 0.02006 0.009837 0.006086 0.002623 0.0005866 0.0006426 0.001181
0.1785 2.292 4.099 8.175 2.05 1.55 1.09 0.2806 0.2635 0.04259 0.1551 0.05439 0.02177 0.003833 0.01111 0.005449 0.003371 0.001453 0.000325 0.00101
0.156 1.843 5.342 2.544 4.168 1.045 0.7905 0.5558 0.143 0.1343 0.02172 0.07906 0.02773 0.0111 0.001954 0.005666 0.002778 0.001719 0.0007408 0.0006807
0.05714 1.859 4.933 3.822 1.497 2.452 0.6151 0.4651 0.327 0.08416 0.07903 0.01278 0.04652 0.01631 0.006532 0.00115 0.003334 0.001635 0.001011 0.0008363
