Originally  
101 
A 
2	100	
1	1	NA	NA	
1	20	
1 627.4 348.5 226.6 191.7 104.6 34.85 87.14 52.28 0 17.43 0 0 52.28 0 0 0 0 0 0 0
1 586.5 199.9 93.3 146.6 79.97 39.99 53.31 13.33 13.33 26.66 26.66 13.33 0 26.66 13.33 0 0 0 0 0
1 529.4 461.1 119.5 119.5 170.8 102.5 34.16 34.16 68.31 0 17.08 17.08 0 17.08 17.08 0 0 0 0 0
1 615.2 365.3 442.1 134.6 115.3 38.45 38.45 19.22 76.9 0 38.45 19.22 0 0 19.22 0 0 0 0 0
1 530 208.8 289.1 305.1 96.36 80.3 32.12 0 32.12 16.06 16.06 0 0 0 0 0 0 0 0 0
1 579 452.3 271.4 162.8 126.6 54.28 54.28 18.09 36.19 18.09 0 18.09 0 0 0 0 0 0 0 18.09
1 274.9 549.8 326.4 85.9 120.3 189 17.18 68.72 17.18 34.36 17.18 0 0 17.18 0 0 0 0 0 0
1 547.6 290.9 273.8 205.4 119.8 136.9 51.34 34.23 51.34 0 0 0 0 0 0 0 0 0 0 0
1 450.8 310.9 93.27 233.2 155.5 93.27 31.09 108.8 15.55 0 15.55 0 15.55 0 0 0 0 0 0 31.09
1 317 303.2 248.1 137.8 137.8 27.57 27.57 82.7 55.13 0 13.78 0 27.57 0 0 0 0 0 0 0
1 386.1 30.48 182.9 152.4 40.64 101.6 30.48 20.32 20.32 40.64 10.16 0 0 0 0 0 0 0 0 0
1 233.9 323 133.7 133.7 122.5 55.69 44.55 22.28 11.14 0 11.14 11.14 11.14 0 0 0 0 0 0 0
1 614.3 219.4 234 73.14 102.4 73.14 73.14 58.51 0 0 0 14.63 0 0 0 0 0 0 0 0
1 471.5 385.8 100 142.9 85.73 85.73 14.29 14.29 57.15 14.29 14.29 0 0 14.29 28.58 0 0 0 0 0
1 623.8 340.3 302.5 132.3 151.2 0 113.4 37.81 18.9 75.61 37.81 0 18.9 18.9 0 0 0 18.9 0 0
1 269.5 390.8 134.8 148.2 107.8 121.3 53.91 13.48 26.95 0 40.43 13.48 0 0 13.48 0 13.48 0 0 0
1 284.1 159.1 215.9 136.4 170.4 34.09 34.09 22.73 45.45 0 0 11.36 11.36 0 0 11.36 0 0 0 0
1 357.2 204.1 140.3 165.9 114.8 102.1 25.52 38.27 38.27 25.52 25.52 0 12.76 25.52 0 0 0 0 0 0
1 1123 172.8 172.8 108 172.8 151.2 86.38 21.59 43.19 21.59 0 21.59 0 0 0 0 21.59 43.19 0 0
1 343.7 470.9 114.6 76.37 25.46 89.09 38.18 38.18 25.46 38.18 0 12.73 0 0 0 0 0 0 0 0
1 302.1 277.9 326.3 108.8 36.25 72.5 36.25 12.08 0 24.17 0 0 12.08 0 0 0 0 0 0 0
1 535.3 214.1 249.8 356.9 160.6 107.1 17.84 124.9 0 17.84 0 0 0 0 0 0 0 0 0 0
1 565.4 282.7 172.8 141.3 125.6 62.82 31.41 15.71 78.53 0 31.41 31.41 31.41 0 0 0 0 0 0 0
1 730.4 330.4 191.3 121.7 121.7 139.1 52.17 0 17.39 0 17.39 17.39 0 0 0 0 0 0 0 0
1 252.6 274.6 219.7 76.89 21.97 10.98 142.8 0 21.97 21.97 32.95 0 10.98 0 0 0 0 10.98 0 0
1 247.3 176.6 247.3 212 117.8 35.33 70.66 58.88 0 0 11.78 0 0 0 0 0 0 0 0 0
1 385.7 261.7 110.2 206.6 192.8 68.87 27.55 27.55 68.87 13.77 0 13.77 0 0 0 0 0 0 0 0
1 436.1 306.9 226.1 113.1 177.7 145.4 48.46 0 48.46 64.61 16.15 0 0 0 0 16.15 0 0 0 16.15
1 439.7 235.6 219.8 141.3 78.52 125.6 172.7 31.41 15.7 31.41 47.11 0 15.7 15.7 0 0 0 0 0 0
1 370.9 274.8 233.5 137.4 27.48 68.69 54.95 41.21 68.69 27.48 13.74 13.74 0 13.74 0 27.48 0 0 0 0
1 202.2 195 86.65 43.33 21.66 64.99 14.44 50.55 14.44 0 7.221 0 14.44 7.221 0 0 0 0 0 0
1 257.4 257.4 257.4 183.9 61.29 73.55 12.26 49.03 0 49.03 12.26 12.26 0 0 0 0 0 0 0 0
1 493.6 232.3 246.8 159.7 159.7 43.56 29.04 29.04 0 14.52 14.52 14.52 0 0 14.52 0 0 0 0 0
1 229.4 344.1 152.9 165.7 102 63.73 102 12.75 12.75 25.49 12.75 12.75 0 12.75 12.75 12.75 0 0 0 0
1 875.9 253 272.5 116.8 175.2 97.33 0 58.4 77.86 0 0 0 0 0 0 0 0 0 0 19.47
1 558.1 593 122.1 34.88 122.1 122.1 17.44 52.32 52.32 0 17.44 0 17.44 0 0 0 17.44 0 0 17.44
1 578.1 313.9 346.9 66.07 132.1 99.11 16.52 16.52 16.52 33.04 0 16.52 0 0 16.52 0 0 0 0 0
1 197.1 238.6 166 155.6 31.12 72.62 41.5 41.5 31.12 0 10.37 10.37 10.37 0 0 0 0 0 0 31.12
1 444.1 200.5 329.5 171.9 85.95 42.97 42.97 14.32 28.65 14.32 14.32 0 14.32 14.32 0 0 14.32 0 0 0
1 582.6 394.1 85.67 188.5 119.9 171.3 17.13 17.13 17.13 51.4 68.54 0 0 0 0 0 0 0 0 0
1 485 399.4 142.6 85.59 99.85 71.32 99.85 14.26 14.26 14.26 0 0 0 0 0 0 0 0 0 0
1 599 307.6 323.8 145.7 48.56 80.94 16.19 64.75 16.19 16.19 0 0 0 0 0 0 0 0 0 0
1 535.6 664.1 342.8 150 128.5 42.84 42.84 85.69 42.84 0 64.27 21.42 21.42 0 0 0 0 0 0 0
1 155.5 449.3 380.2 311.1 190.1 51.84 34.56 17.28 51.84 34.56 0 17.28 0 0 0 0 34.56 0 0 0
1 80.38 128.6 168.8 192.9 80.38 32.15 24.11 8.038 16.08 16.08 16.08 8.038 8.038 8.038 0 8.038 0 8.038 0 0
1 707.6 173 173 173 173 62.9 47.18 15.73 47.18 0 0 0 0 0 0 0 0 0 0 0
1 230.9 430.4 94.47 31.49 94.47 73.48 10.5 10.5 10.5 0 20.99 10.5 0 20.99 10.5 0 0 0 0 0
1 313.7 113.3 200.4 61 34.86 52.29 43.57 17.43 8.715 0 0 8.715 0 0 0 8.715 0 8.715 0 0
1 425.1 260.5 123.4 246.8 41.14 54.85 54.85 68.56 27.43 27.43 13.71 13.71 0 0 0 0 13.71 0 0 0
1 150.6 243.8 100.4 57.35 78.86 7.169 14.34 21.51 14.34 7.169 0 7.169 0 0 7.169 7.169 0 0 0 0
1 210.2 201.4 113.8 105.1 70.06 96.33 8.757 8.757 26.27 0 8.757 26.27 0 0 0 0 0 0 0 0
1 446.5 163.3 196 65.34 98.01 0 65.34 10.89 10.89 10.89 10.89 10.89 0 0 0 0 0 0 0 0
1 640.6 421.8 109.4 156.2 93.74 31.25 0 78.12 15.62 0 15.62 0 0 0 0 0 0 0 0 0
1 308.8 450.3 244.5 128.7 38.6 38.6 12.87 12.87 51.47 0 0 0 0 0 0 0 0 0 0 0
1 724.9 162.7 295.9 162.7 59.18 0 29.59 0 0 14.79 14.79 0 0 14.79 0 0 0 0 0 0
1 188.7 413.3 89.85 80.86 26.95 44.92 8.985 26.95 0 0 8.985 0 0 0 8.985 0 0 0 0 0
1 348.6 207 272.4 87.16 130.7 32.68 0 0 10.89 0 0 0 0 0 0 0 0 0 0 0
1 429.8 257.9 75.22 161.2 64.47 21.49 21.49 10.75 10.75 0 0 0 10.75 0 0 10.75 0 0 0 0
1 653.2 359.2 195.9 81.64 130.6 65.32 48.99 48.99 0 32.66 16.33 0 0 0 0 0 0 0 0 0
1 353.3 331.9 214.1 85.65 21.41 10.71 21.41 10.71 10.71 10.71 0 0 0 0 0 0 0 0 0 0
1 236.8 254.4 193 70.17 43.86 35.09 0 0 17.54 8.772 0 8.772 0 0 0 8.772 0 0 0 0
1 295.2 199.9 190.4 104.7 57.13 19.04 28.56 19.04 19.04 9.521 9.521 0 0 0 0 0 0 0 0 0
1 322.6 201.6 56.45 96.77 56.45 32.26 16.13 16.13 8.064 0 0 0 0 0 0 0 0 0 0 0
1 173.9 168.1 98.55 23.19 28.98 46.37 23.19 5.797 0 11.59 0 0 0 0 0 0 0 0 0 0
1 242.6 98.35 170.5 91.79 26.23 6.557 13.11 0 0 0 0 0 0 6.557 0 0 0 0 0 0
1 290.7 139.3 90.85 42.4 30.28 6.057 0 0 0 6.057 0 0 0 0 0 0 0 0 0 0
1 240.9 398.4 157.5 37.06 46.33 27.8 0 18.53 0 0 0 0 0 0 0 0 0 0 0 0
1 386.4 158.5 237.8 79.27 59.45 39.63 9.908 0 19.82 0 0 0 0 0 0 0 0 0 0 0
1 391.8 179.6 89.79 106.1 32.65 0 0 16.32 0 0 0 0 0 0 0 0 0 0 0 0
1 515.1 226.7 133.9 30.91 61.82 30.91 10.3 0 20.61 0 0 0 0 0 0 0 0 0 0 0
1 541.2 228.5 252.5 36.08 120.3 0 0 12.03 12.03 0 0 0 0 0 0 0 0 0 0 0
1 230.3 340.9 147.4 129 27.64 18.42 18.42 0 0 9.212 0 0 0 0 0 0 0 0 0 0
1 462.1 147.9 184.8 55.45 64.69 9.241 0 0 0 0 0 0 0 0 0 0 0 0 0 0
1 388.2 238.9 129.4 149.3 59.73 19.91 0 0 0 9.955 0 0 0 0 0 0 0 0 0 0
1 477.5 397.9 252 39.79 79.59 66.32 0 13.26 0 0 0 0 0 0 0 0 0 0 0 0
1 356.2 229.8 287.3 149.4 103.4 0 11.49 0 11.49 0 0 0 0 0 0 0 0 0 0 0
1 485.5 299.9 185.6 242.7 142.8 0 28.56 42.84 0 0 0 0 0 0 0 0 0 0 0 0
1 245.4 170.4 115.9 47.72 40.9 47.72 0 13.63 0 0 0 0 0 0 0 0 0 0 0 0
1 294.4 139.8 132.5 103 22.08 36.8 0 0 0 0 0 0 0 7.36 0 0 0 0 0 0
1 202.6 227.9 152 118.2 84.42 16.88 25.33 8.442 0 0 8.442 0 0 0 0 0 0 0 0 0
1 323 218.5 209 94.99 47.49 19 9.499 9.499 9.499 0 9.499 0 0 0 0 0 0 0 0 0
1 317.1 150.2 125.2 91.79 58.41 33.38 33.38 8.345 0 8.345 0 8.345 0 0 0 0 0 0 0 0
1 226.1 219.6 77.52 51.68 25.84 25.84 6.46 6.46 0 6.46 0 0 0 0 0 0 0 0 0 0
1 308.4 172.1 114.8 43.04 35.86 14.35 14.35 7.173 0 0 7.173 0 0 0 0 0 0 0 0 0
1 208.1 122.4 146.9 48.97 24.49 30.61 12.24 0 6.121 6.121 0 0 6.121 0 0 0 0 0 0 0
1 99.05 203.3 99.05 52.13 20.85 31.28 5.213 0 0 5.213 5.213 0 0 0 0 0 0 0 0 0
1 354.6 96.04 118.2 51.71 44.32 44.32 14.77 7.387 7.387 0 0 0 0 0 0 0 0 0 0 0
1 279.8 263.8 79.95 63.96 31.98 47.97 7.995 23.98 0 0 0 0 0 0 0 0 0 0 0 0
1 358.3 311.2 150.9 9.429 47.14 9.429 18.86 9.429 18.86 0 0 0 0 9.429 0 0 0 0 0 0
1 412.7 307.1 95.98 95.98 9.598 9.598 0 19.2 0 0 9.598 0 0 0 0 0 0 0 0 0
1 192.8 180 83.55 89.98 57.84 0 6.427 12.85 0 6.427 6.427 0 6.427 0 0 0 0 0 0 0
1 254.4 208.9 208.9 136.3 54.51 27.25 9.085 0 0 9.085 0 0 0 0 0 0 0 0 0 0
1 251.5 243.3 154.1 73 32.45 40.56 8.111 0 8.111 0 0 0 0 0 0 0 0 0 0 0
1 222.3 111.2 111.2 55.58 49.41 30.88 30.88 6.176 0 0 0 0 0 0 0 0 0 0 0 0
1 183.9 120.7 86.21 74.72 57.48 22.99 28.74 0 0 0 0 0 0 0 0 0 0 0 0 0
1 395.2 141.1 63.51 35.28 35.28 7.056 0 21.17 0 0 0 0 7.056 0 0 0 0 0 0 0
1 350 236.1 114 24.42 32.56 24.42 16.28 8.14 8.14 0 0 0 0 0 0 0 0 0 0 0
1 526.8 313.2 313.2 185.1 28.48 14.24 14.24 14.24 0 14.24 0 0 0 0 0 0 0 0 0 0
1 248.4 219.7 229.3 114.6 66.87 19.1 0 19.1 9.552 19.1 9.552 0 0 0 0 0 0 0 0 0
