 landings-at-age - landings.n (units : NA )
1	2	
2	100	
1	20	
1 
0.02659 0.2984 0.8352 0.6934 0.4839 0.3377 0.2357 0.1644 0.1148 0.08008 0.05589 0.039 0.02722 0.01899 0.01325 0.009249 0.006454 0.004504 0.003143 0.007259
0.007312 0.05216 0.1462 0.1214 0.08475 0.05914 0.04127 0.0288 0.0201 0.01403 0.009787 0.00683 0.004766 0.003326 0.002321 0.00162 0.00113 0.0007888 0.0005504 0.001271
0.005211 0.0821 0.1464 0.1219 0.08515 0.05942 0.04147 0.02894 0.02019 0.01409 0.009834 0.006862 0.004789 0.003342 0.002332 0.001627 0.001136 0.0007925 0.000553 0.001277
0.005004 0.05851 0.2304 0.122 0.08549 0.0597 0.04166 0.02907 0.02029 0.01416 0.00988 0.006895 0.004811 0.003358 0.002343 0.001635 0.001141 0.0007963 0.0005557 0.001283
0.005581 0.05618 0.1642 0.1921 0.08557 0.05994 0.04186 0.02921 0.02038 0.01423 0.009927 0.006927 0.004834 0.003374 0.002354 0.001643 0.001146 8e-04 0.0005583 0.001289
0.007857 0.06266 0.1576 0.1369 0.1347 0.06 0.04203 0.02935 0.02048 0.01429 0.009974 0.00696 0.004857 0.00339 0.002365 0.001651 0.001152 0.0008038 0.0005609 0.001295
0.003798 0.08822 0.1758 0.1315 0.09599 0.09444 0.04207 0.02947 0.02058 0.01436 0.01002 0.006993 0.00488 0.003406 0.002377 0.001658 0.001157 0.0008076 0.0005636 0.001302
0.003953 0.04264 0.2475 0.1466 0.09217 0.0673 0.06621 0.0295 0.02066 0.01443 0.01007 0.007026 0.004903 0.003422 0.002388 0.001666 0.001163 0.0008114 0.0005663 0.001308
0.004905 0.04438 0.1197 0.2064 0.1028 0.06463 0.04719 0.04643 0.02068 0.01449 0.01012 0.00706 0.004926 0.003438 0.002399 0.001674 0.001168 0.0008153 0.0005689 0.001314
0.002437 0.05508 0.1245 0.09978 0.1447 0.07208 0.04531 0.03308 0.03255 0.0145 0.01016 0.007093 0.00495 0.003454 0.00241 0.001682 0.001174 0.0008191 0.0005716 0.00132
0.0061 0.02737 0.1546 0.1039 0.06996 0.1015 0.05054 0.03177 0.0232 0.02282 0.01017 0.007121 0.004973 0.003471 0.002422 0.00169 0.001179 0.000823 0.0005743 0.001326
0.003004 0.06849 0.07679 0.1289 0.07281 0.04905 0.07115 0.03544 0.02228 0.01626 0.016 0.007128 0.004993 0.003487 0.002433 0.001698 0.001185 0.0008269 0.0005771 0.001333
0.005558 0.03373 0.1922 0.06403 0.09036 0.05105 0.03439 0.04988 0.02485 0.01562 0.0114 0.01122 0.004998 0.003501 0.002445 0.001706 0.001191 0.0008308 0.0005798 0.001339
0.004435 0.06241 0.09465 0.1602 0.04489 0.06336 0.0358 0.02411 0.03498 0.01742 0.01095 0.007996 0.007867 0.003504 0.002455 0.001714 0.001196 0.0008348 0.0005825 0.001345
0.006055 0.0498 0.1751 0.07893 0.1124 0.03148 0.04442 0.0251 0.01691 0.02452 0.01221 0.007678 0.005606 0.005516 0.002457 0.001721 0.001202 0.0008387 0.0005853 0.001352
0.003628 0.06799 0.1397 0.146 0.05534 0.07878 0.02207 0.03115 0.0176 0.01185 0.01719 0.008564 0.005383 0.003931 0.003867 0.001723 0.001207 0.0008427 0.0005881 0.001358
0.003592 0.04074 0.1908 0.1165 0.1024 0.0388 0.05524 0.01547 0.02184 0.01234 0.008312 0.01206 0.006004 0.003775 0.002756 0.002711 0.001208 0.000846 0.0005908 0.001365
0.003805 0.04033 0.1143 0.1591 0.08169 0.07179 0.02721 0.03873 0.01085 0.01531 0.008651 0.005828 0.008453 0.00421 0.002646 0.001932 0.001901 0.0008469 0.0005932 0.001371
0.009062 0.04273 0.1132 0.09531 0.1115 0.05728 0.05034 0.01908 0.02715 0.007607 0.01074 0.006065 0.004086 0.005927 0.002952 0.001856 0.001355 0.001333 0.0005938 0.001377
0.004454 0.1018 0.1199 0.09436 0.06683 0.07821 0.04016 0.03529 0.01337 0.01904 0.005334 0.007527 0.004253 0.002865 0.004155 0.00207 0.001301 0.0009499 0.0009346 0.001382
0.002582 0.05001 0.2855 0.09998 0.06616 0.04686 0.05484 0.02816 0.02475 0.009377 0.01335 0.00374 0.005278 0.002982 0.002009 0.002914 0.001451 0.0009122 0.000666 0.001624
0.00375 0.02899 0.1403 0.2381 0.0701 0.04639 0.03285 0.03845 0.01974 0.01735 0.006575 0.00936 0.002622 0.0037 0.002091 0.001408 0.002043 0.001017 0.0006396 0.001606
0.006239 0.0421 0.08134 0.117 0.1669 0.04915 0.03252 0.02303 0.02696 0.01384 0.01216 0.00461 0.006562 0.001838 0.002595 0.001466 0.0009875 0.001432 0.0007134 0.001574
0.005944 0.07006 0.1181 0.06783 0.08204 0.117 0.03446 0.0228 0.01615 0.0189 0.009706 0.008529 0.003232 0.004601 0.001289 0.001819 0.001028 0.0006924 0.001004 0.001604
0.003106 0.06674 0.1966 0.09851 0.04756 0.05752 0.08206 0.02416 0.01599 0.01132 0.01325 0.006805 0.00598 0.002266 0.003226 0.0009038 0.001275 0.0007206 0.0004854 0.001829
0.003808 0.03487 0.1873 0.1639 0.06907 0.03334 0.04033 0.05754 0.01694 0.01121 0.00794 0.009292 0.004771 0.004193 0.001589 0.002262 0.0006337 0.0008943 0.0005053 0.001623
0.003224 0.04276 0.09785 0.1562 0.1149 0.04843 0.02338 0.02828 0.04034 0.01188 0.00786 0.005567 0.006515 0.003345 0.00294 0.001114 0.001586 0.0004443 0.000627 0.001492
0.004011 0.0362 0.12 0.08159 0.1095 0.08059 0.03396 0.01639 0.01983 0.02829 0.008328 0.005511 0.003903 0.004568 0.002346 0.002061 0.0007811 0.001112 0.0003115 0.001486
0.00404 0.04504 0.1016 0.1001 0.05721 0.07677 0.0565 0.02381 0.01149 0.0139 0.01983 0.005839 0.003864 0.002737 0.003203 0.001645 0.001445 0.0005477 0.0007796 0.00126
0.004819 0.04537 0.1264 0.08471 0.07015 0.04011 0.05383 0.03962 0.01669 0.008058 0.009747 0.01391 0.004094 0.002709 0.001919 0.002246 0.001153 0.001013 0.000384 0.00143
0.004079 0.05411 0.1273 0.1054 0.0594 0.04919 0.02812 0.03774 0.02778 0.0117 0.00565 0.006834 0.00975 0.002871 0.0019 0.001345 0.001574 0.0008085 0.0007105 0.001272
0.003436 0.0458 0.1518 0.1061 0.07389 0.04164 0.03449 0.01972 0.02646 0.01948 0.008206 0.003961 0.004792 0.006836 0.002013 0.001332 0.0009433 0.001104 0.0005669 0.00139
0.00494 0.03858 0.1285 0.1266 0.07443 0.05181 0.0292 0.02418 0.01383 0.01855 0.01365 0.005754 0.002778 0.00336 0.004793 0.001411 0.0009338 0.0006614 0.000774 0.001372
0.003023 0.05547 0.1083 0.1072 0.08877 0.05218 0.03633 0.02047 0.01695 0.009694 0.01301 0.009574 0.004034 0.001947 0.002356 0.003361 0.0009894 0.0006547 0.0004637 0.001505
0.006979 0.03395 0.1557 0.09028 0.07514 0.06224 0.03659 0.02547 0.01435 0.01189 0.006797 0.009121 0.006713 0.002829 0.001365 0.001652 0.002356 0.0006937 0.0004591 0.00138
0.005068 0.07837 0.09525 0.1298 0.0633 0.05268 0.04364 0.02565 0.01786 0.01006 0.008334 0.004766 0.006395 0.004707 0.001983 0.0009574 0.001158 0.001652 0.0004864 0.00129
0.005801 0.0569 0.2199 0.07943 0.09101 0.04438 0.03694 0.0306 0.01799 0.01252 0.007057 0.005844 0.003341 0.004484 0.0033 0.001391 0.0006713 0.000812 0.001158 0.001245
0.002988 0.06514 0.1597 0.1834 0.05569 0.06381 0.03112 0.0259 0.02145 0.01261 0.008779 0.004948 0.004097 0.002343 0.003144 0.002314 0.000975 0.0004706 0.0005693 0.001685
0.005028 0.03355 0.1828 0.1331 0.1286 0.03905 0.04474 0.02182 0.01816 0.01504 0.008842 0.006155 0.003469 0.002873 0.001643 0.002204 0.001622 0.0006836 0.00033 0.001581
0.005733 0.05645 0.09415 0.1524 0.09335 0.09014 0.02738 0.03137 0.0153 0.01273 0.01055 0.0062 0.004316 0.002432 0.002014 0.001152 0.001545 0.001137 0.0004793 0.00134
0.00542 0.06437 0.1584 0.07851 0.1069 0.06545 0.0632 0.0192 0.02199 0.01073 0.008927 0.007394 0.004347 0.003026 0.001705 0.001412 0.0008075 0.001084 0.0007975 0.001275
7.04e-08 6.966e-07 2.068e-06 1.513e-06 6.303e-07 8.58e-07 5.255e-07 5.074e-07 1.541e-07 1.766e-07 8.611e-08 7.167e-08 5.937e-08 3.49e-08 2.429e-08 1.369e-08 1.134e-08 6.483e-09 8.7e-09 1.664e-08
0.08091 1.02 2.512 2.215 1.362 0.5676 0.7726 0.4732 0.4569 0.1388 0.159 0.07754 0.06454 0.05346 0.03143 0.02188 0.01233 0.01021 0.005838 0.02282
0.0615 1.812 5.65 4.108 3.042 1.871 0.7796 1.061 0.6499 0.6276 0.1906 0.2184 0.1065 0.08865 0.07343 0.04317 0.03005 0.01693 0.01402 0.03936
0.1013 1.031 7.472 6.838 4.17 3.088 1.899 0.7913 1.077 0.6597 0.6371 0.1935 0.2217 0.1081 0.08998 0.07453 0.04381 0.0305 0.01719 0.05419
0.4731 1.507 3.753 7.93 6.079 3.707 2.745 1.688 0.7035 0.9576 0.5865 0.5664 0.172 0.1971 0.09611 0.08 0.06626 0.03895 0.02712 0.06346
0.1962 6.59 5.105 3.683 6.512 4.992 3.045 2.254 1.386 0.5778 0.7865 0.4817 0.4651 0.1413 0.1619 0.07893 0.0657 0.05442 0.03199 0.07438
0.3527 2.62 21.26 4.746 2.861 5.059 3.878 2.365 1.751 1.077 0.4488 0.611 0.3742 0.3613 0.1097 0.1257 0.06132 0.05104 0.04227 0.08264
0.4159 4.571 8.158 18.96 3.532 2.129 3.765 2.886 1.76 1.303 0.8016 0.334 0.4547 0.2785 0.2689 0.08167 0.09357 0.04563 0.03798 0.09296
0.3507 5.272 13.84 7.031 13.62 2.537 1.53 2.704 2.073 1.264 0.9362 0.5758 0.2399 0.3266 0.2 0.1932 0.05866 0.06722 0.03278 0.09406
0.377 4.369 15.6 11.58 4.898 9.49 1.767 1.066 1.884 1.444 0.8809 0.6523 0.4012 0.1672 0.2276 0.1394 0.1346 0.04087 0.04683 0.08837
0.7201 4.632 12.67 12.72 7.855 3.321 6.434 1.198 0.7226 1.278 0.9794 0.5973 0.4423 0.272 0.1133 0.1543 0.09449 0.09125 0.02771 0.09167
0.8625 8.745 13.2 10.09 8.415 5.195 2.197 4.256 0.7927 0.4779 0.845 0.6478 0.3951 0.2925 0.1799 0.07497 0.102 0.0625 0.06035 0.07896
0.545 10.37 24.54 10.29 6.524 5.439 3.358 1.42 2.751 0.5123 0.3089 0.5462 0.4187 0.2553 0.1891 0.1163 0.04846 0.06596 0.0404 0.09005
1.317 6.498 28.69 18.74 6.509 4.126 3.44 2.124 0.898 1.74 0.324 0.1954 0.3454 0.2648 0.1615 0.1196 0.07354 0.03064 0.04171 0.0825
0.7281 15.58 17.74 21.49 11.61 4.032 2.556 2.131 1.316 0.5563 1.078 0.2007 0.121 0.214 0.164 0.1 0.07407 0.04556 0.01898 0.07695
0.9096 8.559 42.02 13.04 13.05 7.051 2.449 1.552 1.294 0.7989 0.3378 0.6545 0.1219 0.0735 0.1299 0.09962 0.06075 0.04498 0.02767 0.05826
0.8907 10.63 22.81 30.34 7.77 7.775 4.2 1.459 0.9247 0.7708 0.4759 0.2012 0.3899 0.07261 0.04378 0.07741 0.05934 0.03619 0.0268 0.05119
1.189 10.35 28 16.19 17.74 4.543 4.546 2.456 0.8528 0.5407 0.4507 0.2783 0.1177 0.228 0.04246 0.0256 0.04526 0.0347 0.02116 0.0456
1.122 13.75 26.98 19.54 9.293 10.19 2.608 2.61 1.41 0.4896 0.3104 0.2588 0.1598 0.06755 0.1309 0.02438 0.0147 0.02599 0.01992 0.03833
0.7479 12.91 35.48 18.52 11.02 5.241 5.745 1.471 1.472 0.7952 0.2761 0.1751 0.1459 0.0901 0.0381 0.07381 0.01375 0.008289 0.01466 0.03285
1.074 8.153 31.5 22.91 9.815 5.841 2.777 3.044 0.7795 0.78 0.4214 0.1463 0.09277 0.07734 0.04775 0.02019 0.03911 0.007285 0.004393 0.02518
1.052 11.71 19.89 20.35 12.14 5.201 3.095 1.472 1.613 0.4131 0.4133 0.2233 0.07755 0.04916 0.04098 0.0253 0.0107 0.02073 0.003861 0.01567
0.7202 11.46 28.57 12.85 10.78 6.435 2.756 1.64 0.78 0.855 0.2189 0.219 0.1183 0.0411 0.02605 0.02172 0.01341 0.00567 0.01098 0.01035
0.8361 7.852 27.97 18.46 6.809 5.714 3.41 1.461 0.8693 0.4134 0.4531 0.116 0.1161 0.06271 0.02178 0.01381 0.01151 0.007106 0.003005 0.01131
1.326 9.115 19.16 18.07 9.781 3.609 3.028 1.807 0.7741 0.4607 0.2191 0.2401 0.06148 0.06152 0.03323 0.01154 0.007317 0.006099 0.003766 0.007584
0.6805 14.45 22.24 12.37 9.575 5.183 1.912 1.605 0.9577 0.4102 0.2441 0.1161 0.1272 0.03258 0.0326 0.01761 0.006116 0.003878 0.003232 0.006015
0.8632 7.419 35.26 14.37 6.558 5.074 2.747 1.013 0.8504 0.5075 0.2174 0.1294 0.06152 0.06743 0.01727 0.01728 0.009333 0.003241 0.002055 0.004901
1.137 9.411 18.1 22.77 7.613 3.475 2.689 1.456 0.5371 0.4507 0.269 0.1152 0.06856 0.0326 0.03573 0.009149 0.009155 0.004946 0.001718 0.003686
1.195 12.39 22.96 11.69 12.07 4.034 1.842 1.425 0.7714 0.2846 0.2388 0.1425 0.06105 0.03633 0.01728 0.01894 0.004849 0.004852 0.002621 0.002864
1.359 13.03 30.23 14.83 6.196 6.396 2.138 0.9759 0.7551 0.4088 0.1508 0.1266 0.07553 0.03235 0.01925 0.009156 0.01004 0.00257 0.002571 0.002907
0.6801 14.82 31.79 19.53 7.86 3.284 3.389 1.133 0.5172 0.4002 0.2166 0.07993 0.06707 0.04003 0.01715 0.0102 0.004852 0.005318 0.001362 0.002903
1.605 7.414 36.15 20.53 10.35 4.165 1.74 1.796 0.6004 0.2741 0.2121 0.1148 0.04236 0.03554 0.02121 0.009086 0.005407 0.002571 0.002818 0.00226
1.574 17.49 18.09 23.35 10.88 5.484 2.207 0.9222 0.9519 0.3182 0.1452 0.1124 0.06084 0.02245 0.01884 0.01124 0.004815 0.002866 0.001363 0.002691
1.095 17.16 42.69 11.68 12.37 5.766 2.906 1.17 0.4887 0.5044 0.1686 0.07697 0.05956 0.03224 0.0119 0.009982 0.005957 0.002552 0.001519 0.002148
1.056 11.94 41.87 27.57 6.192 6.557 3.055 1.54 0.6199 0.259 0.2673 0.08935 0.04079 0.03156 0.01709 0.006304 0.00529 0.003157 0.001352 0.001943
1.043 11.51 29.14 27.04 14.61 3.281 3.475 1.619 0.8161 0.3285 0.1372 0.1417 0.04735 0.02162 0.01673 0.009055 0.003341 0.002803 0.001673 0.001746
0.7927 11.37 28.09 18.82 14.33 7.743 1.739 1.842 0.8581 0.4325 0.1741 0.07273 0.07507 0.02509 0.01146 0.008864 0.004798 0.00177 0.001486 0.001812
1.005 8.642 27.75 18.15 9.973 7.595 4.103 0.9216 0.9759 0.4547 0.2292 0.09226 0.03854 0.03978 0.0133 0.006071 0.004697 0.002543 0.0009382 0.001748
0.7857 10.96 21.09 17.93 9.616 5.285 4.025 2.175 0.4884 0.5172 0.241 0.1215 0.04889 0.02043 0.02108 0.007047 0.003217 0.002489 0.001348 0.001423
0.7915 8.362 26.15 13.33 9.296 4.987 2.741 2.087 1.128 0.2533 0.2682 0.125 0.06299 0.02535 0.01059 0.01093 0.003655 0.001668 0.001291 0.001437
0.8428 8.424 20.01 16.62 6.955 4.851 2.602 1.43 1.089 0.5884 0.1322 0.1399 0.06521 0.03287 0.01323 0.005527 0.005705 0.001907 0.0008706 0.001423
0.9068 8.971 20.21 12.79 8.729 3.652 2.547 1.366 0.751 0.5719 0.309 0.06939 0.07348 0.03424 0.01726 0.006947 0.002902 0.002996 0.001001 0.001205
0.7906 9.653 21.59 12.99 6.758 4.612 1.929 1.346 0.7219 0.3968 0.3021 0.1632 0.03666 0.03882 0.01809 0.009119 0.00367 0.001533 0.001583 0.001165
0.6056 8.416 23.29 13.95 6.907 3.592 2.451 1.026 0.7154 0.3838 0.2109 0.1606 0.08678 0.01949 0.02064 0.009617 0.004847 0.001951 0.0008151 0.001461
0.3622 6.446 20.36 15.13 7.461 3.694 1.921 1.311 0.5486 0.3826 0.2052 0.1128 0.0859 0.04641 0.01042 0.01104 0.005143 0.002592 0.001043 0.001217
0.7939 3.855 15.63 13.3 8.143 4.015 1.988 1.034 0.7055 0.2952 0.2059 0.1104 0.0607 0.04622 0.02497 0.005609 0.005939 0.002768 0.001395 0.001216
0.6532 8.448 9.371 10.27 7.2 4.408 2.173 1.076 0.5596 0.3819 0.1598 0.1114 0.05978 0.03286 0.02502 0.01352 0.003036 0.003215 0.001498 0.001414
0.7328 6.949 20.59 6.189 5.592 3.921 2.4 1.183 0.5859 0.3047 0.208 0.08701 0.06068 0.03255 0.01789 0.01362 0.007361 0.001653 0.001751 0.001586
0.8874 7.795 16.98 13.67 3.39 3.063 2.148 1.315 0.6482 0.3209 0.1669 0.1139 0.04766 0.03324 0.01783 0.0098 0.007463 0.004032 0.0009056 0.001827
0.6843 9.436 19.09 11.33 7.532 1.868 1.687 1.183 0.7244 0.3571 0.1768 0.09196 0.06276 0.02626 0.01831 0.009824 0.005399 0.004112 0.002222 0.001506
0.5688 7.274 23.16 12.8 6.279 4.173 1.035 0.9351 0.6556 0.4014 0.1979 0.09798 0.05096 0.03478 0.01455 0.01015 0.005444 0.002992 0.002278 0.002065
0.3942 6.043 17.89 15.62 7.136 3.499 2.326 0.5768 0.5211 0.3654 0.2237 0.1103 0.0546 0.0284 0.01938 0.008109 0.005656 0.003034 0.001667 0.002421
0.3642 4.186 14.9 12.12 8.751 3.999 1.961 1.303 0.3232 0.292 0.2048 0.1254 0.06181 0.0306 0.01592 0.01086 0.004544 0.003169 0.0017 0.002291
0.4701 3.865 10.34 10.14 6.832 4.931 2.253 1.105 0.7345 0.1821 0.1646 0.1154 0.07064 0.03483 0.01724 0.008968 0.00612 0.002561 0.001786 0.002249
0.6967 4.985 9.564 7.074 5.747 3.87 2.794 1.277 0.626 0.4161 0.1032 0.09323 0.06537 0.04002 0.01973 0.009769 0.005081 0.003467 0.001451 0.002286
0.7242 7.38 12.36 6.574 4.029 3.273 2.204 1.591 0.7271 0.3565 0.237 0.05877 0.0531 0.03723 0.02279 0.01124 0.005563 0.002894 0.001975 0.002128
0.6555 7.664 18.33 8.533 3.763 2.306 1.873 1.262 0.9108 0.4162 0.2041 0.1357 0.03364 0.03039 0.02131 0.01305 0.006433 0.003185 0.001656 0.002349
0.4681 6.928 19.06 12.71 4.909 2.165 1.327 1.078 0.7259 0.524 0.2394 0.1174 0.07804 0.01935 0.01749 0.01226 0.007506 0.003701 0.001832 0.002304
