 landings-at-age - landings.n (units : NA )
1	2	
42	100	
1	20	
1 
0.925 4.951 15.77 14.07 6.136 2.038 1.839 0.4748 3.786 1.267 0.2704 0.554 0.595 0.2115 0.3087 0.1098 0.1684 0.04394 0.02473 0.08803
0.3219 5.888 7.727 7.125 5.315 2.317 0.7697 0.6945 0.1793 1.43 0.4786 0.1021 0.2092 0.2247 0.07987 0.1166 0.04148 0.0636 0.01659 0.04258
0.2565 5.304 23.73 9.095 7.028 5.242 2.285 0.7592 0.6851 0.1769 1.41 0.4721 0.1007 0.2063 0.2216 0.07878 0.115 0.04091 0.06274 0.05837
0.1639 2.628 13.28 17.25 5.531 4.274 3.188 1.39 0.4617 0.4166 0.1076 0.8575 0.2871 0.06125 0.1255 0.1348 0.04791 0.06993 0.02488 0.07365
0.2956 2.457 9.584 14.06 15.29 4.902 3.788 2.826 1.232 0.4092 0.3692 0.09532 0.76 0.2544 0.05429 0.1112 0.1195 0.04246 0.06198 0.08732
0.1634 2.8 5.67 6.386 7.83 8.511 2.729 2.109 1.573 0.6858 0.2278 0.2056 0.05307 0.4231 0.1417 0.03022 0.06192 0.06651 0.02364 0.08313
0.1143 1.56 6.537 3.839 3.616 4.434 4.819 1.545 1.194 0.8908 0.3883 0.129 0.1164 0.03005 0.2396 0.08021 0.01711 0.03506 0.03766 0.06045
0.3253 1.595 5.305 6.458 3.175 2.99 3.667 3.986 1.278 0.9877 0.7367 0.3211 0.1067 0.09627 0.02485 0.1982 0.06634 0.01415 0.029 0.08114
0.3564 3.76 4.483 4.314 4.391 2.159 2.033 2.493 2.71 0.869 0.6715 0.5009 0.2184 0.07254 0.06546 0.0169 0.1347 0.0451 0.009624 0.07489
0.3529 3.668 9.425 3.249 2.613 2.66 1.308 1.232 1.51 1.642 0.5265 0.4069 0.3035 0.1323 0.04395 0.03966 0.01024 0.08163 0.02733 0.0512
0.3501 4.329 10.95 8.142 2.348 1.888 1.922 0.9449 0.89 1.091 1.186 0.3804 0.294 0.2193 0.09559 0.03175 0.02865 0.007397 0.05898 0.05674
0.5917 4.272 12.82 9.356 5.817 1.677 1.349 1.373 0.6751 0.6359 0.7797 0.8476 0.2718 0.21 0.1567 0.06829 0.02269 0.02047 0.005285 0.08267
0.3096 5.902 10.36 8.955 5.462 3.396 0.9791 0.7875 0.8017 0.3941 0.3712 0.4552 0.4948 0.1587 0.1226 0.09145 0.03986 0.01324 0.01195 0.05135
0.1127 3.587 16.62 8.428 6.092 3.715 2.31 0.6661 0.5357 0.5454 0.2681 0.2525 0.3096 0.3366 0.1079 0.0834 0.06221 0.02712 0.009009 0.04306
0.1933 1.365 10.53 14.08 5.968 4.314 2.631 1.636 0.4716 0.3793 0.3862 0.1898 0.1788 0.2192 0.2383 0.07642 0.05905 0.04405 0.0192 0.03687
0.4334 2.068 3.541 7.871 8.792 3.726 2.693 1.642 1.021 0.2944 0.2368 0.2411 0.1185 0.1116 0.1369 0.1488 0.04771 0.03687 0.0275 0.03501
0.2692 4.561 5.287 2.611 4.849 5.416 2.295 1.659 1.012 0.6292 0.1814 0.1459 0.1485 0.07301 0.06877 0.08433 0.09166 0.02939 0.02271 0.03851
0.265 3.141 12.92 4.326 1.786 3.316 3.704 1.57 1.135 0.692 0.4303 0.1241 0.09978 0.1016 0.04993 0.04703 0.05767 0.06269 0.0201 0.04187
0.5058 2.478 7.155 8.498 2.377 0.9811 1.822 2.035 0.8626 0.6235 0.3802 0.2364 0.06817 0.05483 0.05581 0.02744 0.02584 0.03169 0.03445 0.03405
0.1602 5.409 6.468 5.414 5.379 1.505 0.621 1.153 1.288 0.546 0.3947 0.2407 0.1497 0.04315 0.03471 0.03533 0.01737 0.01636 0.02006 0.04336
0.06446 1.345 11.13 3.866 2.708 2.69 0.7524 0.3106 0.5768 0.6443 0.273 0.1974 0.1204 0.07484 0.02158 0.01736 0.01767 0.008685 0.008181 0.03171
0.3511 0.7618 3.899 9.421 2.741 1.92 1.907 0.5335 0.2202 0.409 0.4568 0.1936 0.1399 0.08534 0.05306 0.0153 0.01231 0.01253 0.006158 0.02829
0.3454 6.169 3.257 4.852 9.82 2.857 2.001 1.988 0.5561 0.2295 0.4263 0.4762 0.2018 0.1459 0.08896 0.05531 0.01595 0.01283 0.01306 0.0359
0.1303 2.567 11.21 1.71 2.128 4.307 1.253 0.8776 0.8719 0.2439 0.1007 0.187 0.2088 0.0885 0.06397 0.03901 0.02426 0.006994 0.005626 0.02147
0.1645 1.204 5.829 7.42 0.9478 1.18 2.388 0.6947 0.4865 0.4834 0.1352 0.05581 0.1036 0.1158 0.04906 0.03547 0.02163 0.01345 0.003877 0.01502
0.2455 3.25 5.798 8.186 8.732 1.115 1.388 2.81 0.8176 0.5726 0.5689 0.1591 0.06568 0.122 0.1363 0.05774 0.04174 0.02545 0.01583 0.02224
0.179 1.829 5.925 3.055 3.605 3.846 0.4913 0.6115 1.238 0.3601 0.2522 0.2505 0.07008 0.02893 0.05372 0.06001 0.02543 0.01838 0.01121 0.01677
0.1968 2.098 5.256 4.961 2.142 2.528 2.697 0.3445 0.4288 0.8678 0.2525 0.1768 0.1757 0.04914 0.02028 0.03767 0.04208 0.01783 0.01289 0.01962
0.3132 2.668 6.946 5.062 4.001 1.728 2.039 2.175 0.2778 0.3458 0.6998 0.2036 0.1426 0.1417 0.03963 0.01636 0.03038 0.03393 0.01438 0.02622
0.6447 3.511 7.294 5.504 3.355 2.652 1.145 1.351 1.441 0.1841 0.2292 0.4638 0.135 0.09451 0.0939 0.02627 0.01084 0.02014 0.02249 0.02691
0.2638 6.321 8.414 5.069 3.2 1.951 1.542 0.6658 0.7856 0.838 0.1071 0.1332 0.2697 0.07846 0.05495 0.05459 0.01527 0.006303 0.01171 0.02872
0.3302 2.348 13.8 5.346 2.696 1.702 1.037 0.8199 0.3541 0.4178 0.4457 0.05694 0.07087 0.1434 0.04173 0.02922 0.02903 0.008121 0.003352 0.0215
0.2222 6.319 10.94 18.74 6.082 3.067 1.936 1.18 0.9328 0.4028 0.4753 0.5071 0.06477 0.08062 0.1632 0.04748 0.03325 0.03303 0.009239 0.02827
0.3569 1.874 13 6.499 9.304 3.019 1.523 0.9611 0.5859 0.463 0.2 0.236 0.2517 0.03215 0.04002 0.081 0.02357 0.0165 0.0164 0.01862
0.3959 3.721 4.781 9.641 4.033 5.774 1.874 0.945 0.5965 0.3636 0.2874 0.1241 0.1464 0.1562 0.01996 0.02484 0.05027 0.01463 0.01024 0.02173
0.4939 5.896 13.5 5.04 8.508 3.56 5.096 1.654 0.8339 0.5264 0.3209 0.2536 0.1095 0.1292 0.1379 0.01761 0.02192 0.04436 0.01291 0.02822
0.1937 5.597 16.24 10.74 3.351 5.657 2.367 3.388 1.099 0.5545 0.35 0.2134 0.1686 0.07282 0.08593 0.09167 0.01171 0.01457 0.0295 0.02735
0.4209 2.219 15.57 13.04 7.208 2.25 3.798 1.589 2.275 0.7381 0.3723 0.235 0.1432 0.1132 0.04889 0.05769 0.06154 0.007861 0.009785 0.03816
0.4395 4.358 5.586 11.31 7.919 4.377 1.366 2.306 0.9647 1.381 0.4482 0.226 0.1427 0.08697 0.06873 0.02968 0.03503 0.03736 0.004773 0.02911
0.2246 4.72 11.39 4.223 7.152 5.005 2.766 0.8633 1.457 0.6098 0.8729 0.2833 0.1429 0.09017 0.05497 0.04344 0.01876 0.02214 0.02362 0.02142
0.06165 1.909 9.813 6.864 2.127 3.603 2.522 1.394 0.4349 0.7342 0.3072 0.4398 0.1427 0.07197 0.04543 0.02769 0.02189 0.009452 0.01115 0.02269
0.2309 0.7058 5.354 8.016 4.695 1.455 2.464 1.725 0.9532 0.2975 0.5022 0.2101 0.3008 0.09761 0.04923 0.03107 0.01894 0.01497 0.006465 0.02315
0.3317 3.364 2.508 5.532 6.934 4.061 1.259 2.132 1.492 0.8246 0.2574 0.4345 0.1818 0.2602 0.08444 0.04259 0.02688 0.01639 0.01295 0.02562
0.1769 3.633 8.974 1.935 3.569 4.474 2.62 0.8122 1.376 0.9627 0.5321 0.1661 0.2803 0.1173 0.1679 0.05448 0.02748 0.01734 0.01057 0.02488
0.2468 1.835 9.189 6.571 1.185 2.185 2.74 1.604 0.4973 0.8422 0.5894 0.3258 0.1017 0.1716 0.07181 0.1028 0.03336 0.01682 0.01062 0.02171
0.3506 2.199 4.003 5.817 3.48 0.6275 1.157 1.451 0.8498 0.2634 0.4461 0.3122 0.1725 0.05385 0.0909 0.03803 0.05444 0.01767 0.00891 0.01712
0.09451 3.338 5.144 2.73 3.323 1.988 0.3585 0.6612 0.8288 0.4854 0.1505 0.2548 0.1783 0.09856 0.03076 0.05193 0.02173 0.0311 0.01009 0.01487
0.2439 1.705 14.7 6.608 2.939 3.578 2.14 0.3859 0.7118 0.8923 0.5226 0.162 0.2743 0.192 0.1061 0.03311 0.0559 0.02339 0.03348 0.02687
0.2104 3.115 5.285 13.17 4.949 2.201 2.679 1.603 0.289 0.5331 0.6683 0.3914 0.1213 0.2054 0.1438 0.07947 0.0248 0.04187 0.01752 0.0452
0.544 2.418 8.673 4.238 8.821 3.316 1.475 1.795 1.074 0.1936 0.3572 0.4477 0.2622 0.08128 0.1376 0.09633 0.05324 0.01662 0.02805 0.04202
0.3595 5.414 5.844 6.035 2.463 5.127 1.927 0.8572 1.043 0.6241 0.1125 0.2076 0.2602 0.1524 0.04724 0.08 0.05599 0.03095 0.009658 0.04073
0.1423 2.781 10.24 3.198 2.761 1.127 2.346 0.8817 0.3922 0.4773 0.2855 0.05149 0.09497 0.119 0.06972 0.02161 0.0366 0.02561 0.01416 0.02305
0.1022 1.347 6.47 6.948 1.817 1.568 0.6401 1.332 0.5008 0.2227 0.2711 0.1622 0.02924 0.05394 0.06762 0.0396 0.01228 0.02079 0.01455 0.02113
0.08591 1.221 3.956 5.553 4.996 1.306 1.128 0.4603 0.958 0.3601 0.1602 0.195 0.1166 0.02103 0.03879 0.04862 0.02848 0.008827 0.01495 0.02566
0.2347 1.203 4.185 3.954 4.65 4.184 1.094 0.9443 0.3854 0.8022 0.3015 0.1341 0.1632 0.09766 0.01761 0.03248 0.04072 0.02385 0.007391 0.034
0.3767 3.235 4.036 4.077 3.224 3.791 3.412 0.892 0.77 0.3143 0.6542 0.2459 0.1094 0.1331 0.07964 0.01436 0.02649 0.0332 0.01945 0.03376
0.3161 4.823 10.04 3.619 3.057 2.417 2.842 2.557 0.6687 0.5772 0.2356 0.4904 0.1843 0.08199 0.09979 0.0597 0.01076 0.01985 0.02489 0.03988
0.2795 2.271 8.463 5.082 1.53 1.292 1.022 1.201 1.081 0.2826 0.244 0.09958 0.2073 0.07791 0.03465 0.04218 0.02523 0.00455 0.008392 0.02738
0.2211 3.071 6.115 6.636 3.336 1.004 0.8481 0.6707 0.7886 0.7096 0.1855 0.1602 0.06537 0.1361 0.05114 0.02275 0.02769 0.01656 0.002987 0.02348
