Originally  
101 
A 
42	100	
1	1	NA	NA	
1	20	
1 0.06542 0.2617 0.2878 0.2878 0.06542 0.05233 0.06542 0.09158 0.0785 0.02617 0 0.01308 0.01308 0 0 0 0 0 0 0
1 0.02475 0.2228 0.3589 0.2723 0.09902 0.04951 0.04951 0.01238 0.03713 0.02475 0.03713 0 0.01238 0.01238 0.01238 0 0 0 0 0.01238
1 0.01255 0.276 0.3137 0.2886 0.07528 0.1004 0.07528 0.01255 0.03764 0.02509 0 0.01255 0 0.01255 0 0.01255 0 0 0 0
1 0.05521 0.1518 0.5659 0.2071 0.1656 0.08282 0.05521 0.02761 0.02761 0 0.0138 0 0 0 0.0138 0.0138 0 0 0 0
1 0.0244 0.2196 0.2196 0.3782 0.1586 0.0976 0.0244 0.0244 0 0 0.0122 0.0122 0.0244 0.0122 0.0122 0 0 0 0 0
1 0.04346 0.2173 0.3259 0.1195 0.1738 0.1195 0.03259 0.03259 0.01086 0.01086 0 0 0 0 0 0 0 0 0 0
1 0.04734 0.142 0.4852 0.2367 0.1302 0.04734 0.02367 0 0.02367 0.01184 0.02367 0 0 0.01184 0 0 0 0 0 0
1 0.05564 0.2226 0.3895 0.1447 0.1002 0.0779 0.04451 0.01113 0.04451 0.01113 0 0 0 0 0 0 0.01113 0 0 0
1 0.06237 0.2807 0.2287 0.2183 0.06237 0.07276 0.05197 0.04158 0.01039 0.01039 0 0 0 0 0 0 0 0 0 0
1 0.05335 0.2534 0.5202 0.1334 0.2001 0.1334 0.01334 0.01334 0 0.01334 0 0 0 0 0 0 0 0 0 0
1 0.09761 0.2041 0.2485 0.2218 0.04437 0.04437 0.008874 0 0.008874 0 0 0 0.008874 0 0 0 0 0 0 0
1 0.03473 0.2547 0.3589 0.1852 0.1968 0.06946 0.01158 0.04631 0 0 0 0 0 0 0 0 0 0 0 0
1 0.1258 0.3618 0.4247 0.2674 0.2045 0.09437 0.01573 0.03146 0.03146 0 0 0 0.01573 0 0 0 0 0 0 0
1 0.01032 0.1238 0.4539 0.2373 0.08252 0.04126 0.07221 0 0 0 0 0 0 0.01032 0 0 0 0 0 0
1 0.06209 0.2018 0.3881 0.3881 0.2484 0.1242 0.06209 0.03105 0.03105 0 0.01552 0 0 0 0 0 0 0 0 0
1 0.05169 0.2171 0.2584 0.2481 0.1447 0.04135 0.03101 0.01034 0.03101 0 0 0 0 0 0 0 0 0 0 0
1 0.01293 0.3492 0.3622 0.2199 0.1681 0.0776 0.06467 0.02587 0 0.01293 0 0 0 0 0 0 0 0 0 0
1 0.04373 0.2624 0.5684 0.3061 0.102 0.07288 0.02915 0.01458 0.02915 0 0.01458 0 0 0.01458 0 0 0 0 0 0
1 0.05763 0.2881 0.3602 0.3313 0.1585 0.02881 0.1008 0.05763 0.02881 0 0 0.02881 0 0 0 0 0 0 0 0
1 0.04323 0.1729 0.5764 0.2305 0.2449 0.1009 0.04323 0 0.01441 0.01441 0 0 0 0 0 0 0 0 0 0
1 0.01334 0.3335 0.2668 0.3202 0.1868 0.09339 0.05337 0.02668 0.01334 0.01334 0.01334 0 0 0 0 0 0 0 0 0
1 0.0552 0.092 0.368 0.1472 0.1196 0.0644 0.046 0.0184 0.0092 0 0 0 0 0 0 0 0 0 0 0
1 0.0195 0.2925 0.2437 0.1267 0.156 0.07799 0.02925 0 0.0195 0.009749 0 0 0 0 0 0 0 0 0 0
1 0.0114 0.1482 0.5814 0.1938 0.1026 0.0456 0.0114 0.0342 0.0114 0 0 0 0 0 0 0 0 0 0 0
1 0.06832 0.123 0.5193 0.3143 0.1366 0.123 0.04099 0.02733 0.01366 0 0 0 0 0 0 0 0 0 0 0
1 0.04474 0.2684 0.1901 0.2237 0.2796 0.05592 0.01118 0.02237 0.02237 0 0 0 0 0 0 0 0 0 0 0
1 0.03211 0.1204 0.305 0.08027 0.09632 0.1124 0.02408 0.01605 0 0.008027 0.008027 0 0 0 0 0 0 0 0 0
1 0.03555 0.2726 0.4148 0.2133 0.07111 0.1067 0.04741 0.01185 0.01185 0 0 0 0 0 0 0 0 0 0 0
1 0.02102 0.2313 0.3048 0.2418 0.1261 0.03153 0.04205 0.03153 0.01051 0.01051 0 0 0 0 0 0 0 0 0 0
1 0 0.1801 0.1656 0.1728 0.07922 0.05762 0.007202 0.007202 0.03601 0.007202 0 0 0 0 0.007202 0 0 0 0 0
1 0.08863 0.1646 0.5698 0.1519 0.1773 0.05065 0.02532 0 0 0.03799 0 0 0 0 0 0 0 0 0 0
1 0.04119 0.206 0.206 0.1318 0.1318 0.04119 0.008238 0.03295 0.008238 0 0 0.01648 0 0 0 0 0 0 0 0
1 0.04656 0.1956 0.3259 0.09312 0.1211 0.0745 0.04656 0.01862 0.009312 0 0 0 0 0 0 0 0 0 0 0
1 0.0499 0.3119 0.2994 0.3743 0.1123 0.03743 0.01248 0.02495 0 0 0 0.02495 0 0 0 0 0 0 0 0
1 0.06478 0.2267 0.5074 0.07558 0.108 0.03239 0.03239 0 0.0108 0 0 0 0.0108 0.0108 0 0 0 0 0 0
1 0 0.2521 0.3481 0.4561 0.03601 0.07202 0.012 0 0 0.012 0 0.012 0 0 0 0 0 0 0 0
1 0.03393 0.147 0.3732 0.2488 0.2262 0.04524 0.02262 0 0.02262 0.01131 0 0 0 0 0 0 0 0 0 0
1 0.05333 0.2026 0.2986 0.224 0.1493 0.08532 0.04266 0 0.01067 0 0 0 0 0 0 0 0 0 0 0
1 0.01026 0.2051 0.3282 0.1743 0.08204 0.0923 0.07179 0.03077 0.02051 0.01026 0 0 0 0 0 0 0 0 0 0
1 0.08827 0.32 0.2538 0.1434 0.1214 0.08827 0.01103 0.05517 0 0.01103 0 0.01103 0 0 0 0 0 0 0 0
1 0.04867 0.1622 0.2433 0.1217 0.1054 0.04867 0.03244 0.01622 0.02433 0 0 0 0.008111 0 0 0 0 0 0 0
1 0.07746 0.2711 0.213 0.2227 0.06778 0.0581 0.01937 0 0.01937 0 0 0 0.01937 0 0 0 0 0 0 0
1 0.0546 0.4914 0.6552 0.2912 0.2002 0.0546 0.0728 0 0 0 0 0 0 0 0 0 0 0 0 0
1 0.01868 0.2428 0.8406 0.3923 0.1681 0.1308 0.05604 0 0.01868 0 0 0 0 0 0 0 0 0 0 0
1 0.0604 0.0755 0.4832 0.5738 0.1812 0.0604 0.0302 0.0151 0.0151 0.0151 0 0 0 0 0 0 0 0 0 0
1 0.0281 0.2248 0.1218 0.2904 0.1405 0.0562 0.0281 0.03747 0.009367 0 0 0 0 0 0 0 0 0 0 0
1 0 0.3904 0.6218 0.1591 0.0723 0.1301 0.02892 0.01446 0.01446 0.01446 0 0 0 0 0 0 0 0 0 0
1 0.04783 0.1052 0.3253 0.22 0.09567 0.09567 0.0574 0 0 0.009567 0 0 0 0 0 0 0 0 0 0
1 0.0101 0.1717 0.202 0.2424 0.1818 0.08081 0.04041 0.0303 0.04041 0 0.0101 0 0 0 0 0 0 0 0 0
1 0.04407 0.1763 0.282 0.07932 0.1675 0.07932 0.01763 0.008813 0.008813 0 0.008813 0 0.008813 0 0 0 0 0 0 0
1 0.03363 0.1345 0.227 0.1849 0.07566 0.09247 0.07566 0 0.008406 0.008406 0 0 0 0 0 0 0 0 0 0
1 0.0229 0.1755 0.2213 0.1603 0.06869 0.03053 0.05342 0.03053 0 0 0 0 0 0 0 0 0 0 0 0
1 0.01015 0.132 0.4162 0.1827 0.132 0.0812 0 0.0203 0.0203 0 0.01015 0.01015 0 0 0 0 0 0 0 0
1 0.02644 0.4363 0.2512 0.423 0.0661 0.05288 0.02644 0.01322 0.01322 0 0.01322 0 0 0 0 0 0 0 0 0
1 0.02821 0.1692 0.7334 0.09872 0.1692 0.1128 0.0141 0.02821 0 0.02821 0 0 0.0141 0 0.0141 0 0 0 0 0
1 0.0248 0.1984 0.1984 0.5084 0.09921 0.124 0.0496 0.0372 0 0 0 0 0 0 0 0 0 0 0 0
1 0.1092 0.2456 0.3821 0.2183 0.2593 0.06823 0.02729 0.02729 0 0 0 0.01365 0.01365 0 0 0 0 0 0 0
1 0.04865 0.2433 0.2238 0.1849 0.06811 0.1557 0.00973 0.01946 0.01946 0 0 0 0 0 0 0 0 0 0 0
1 0.03591 0.1796 0.395 0.3352 0.1197 0.01197 0.0838 0.02394 0.01197 0 0 0 0 0 0 0 0 0 0 0
