 landings-at-age - landings.n (units : NA )
1	2	
42	100	
1	20	
1 
1.373 12.22 42.3 31.15 13.28 8.319 7.967 6.436 3.397 2.162 1.377 0.8959 0.7068 0.611 0.2707 0.2071 0.1974 0.08764 0.07448 0.2596
1.22 16.77 33.54 31.08 18.83 8.03 5.031 4.817 3.892 2.054 1.307 0.8325 0.5417 0.4274 0.3695 0.1637 0.1252 0.1193 0.05299 0.202
2.176 12.05 37.39 19.85 15.1 9.15 3.901 2.444 2.34 1.891 0.9978 0.635 0.4044 0.2632 0.2076 0.1795 0.07954 0.06083 0.05798 0.1239
1.366 23.24 29.18 24.28 10.61 8.067 4.888 2.084 1.306 1.25 1.01 0.5331 0.3393 0.2161 0.1406 0.1109 0.0959 0.04249 0.0325 0.09716
0.9428 15.52 59.74 20.14 13.79 6.026 4.583 2.777 1.184 0.7417 0.7103 0.5738 0.3028 0.1927 0.1227 0.07987 0.06301 0.05448 0.02414 0.07366
1.847 10.27 38.23 39.38 10.92 7.479 3.267 2.485 1.506 0.6419 0.4021 0.3851 0.3111 0.1642 0.1045 0.06655 0.04331 0.03416 0.02954 0.05302
1.578 21.03 26.37 26.26 22.25 6.167 4.225 1.845 1.403 0.8504 0.3626 0.2271 0.2175 0.1757 0.09274 0.05902 0.03759 0.02446 0.0193 0.04663
1.14 15.71 47.45 15.88 12.99 11.01 3.052 2.091 0.9131 0.6945 0.4208 0.1794 0.1124 0.1076 0.08696 0.04589 0.02921 0.0186 0.0121 0.03263
1.332 14.29 44.3 35.94 9.906 8.103 6.866 1.903 1.304 0.5695 0.4332 0.2625 0.1119 0.0701 0.06713 0.05424 0.02862 0.01822 0.0116 0.0279
1.139 13.9 33.54 27.6 18.38 5.065 4.143 3.511 0.9733 0.6667 0.2912 0.2215 0.1342 0.05722 0.03585 0.03433 0.02773 0.01464 0.009315 0.0202
1.502 12.85 35.25 22.65 15.31 10.2 2.81 2.299 1.948 0.54 0.3699 0.1616 0.1229 0.07446 0.03175 0.01989 0.01905 0.01539 0.00812 0.01637
1.35 15.64 30.13 21.97 11.59 7.837 5.218 1.438 1.176 0.9968 0.2763 0.1893 0.08268 0.06289 0.03811 0.01625 0.01018 0.009747 0.007875 0.01254
0.5818 14.25 37.33 19.22 11.52 6.075 4.108 2.736 0.7539 0.6167 0.5225 0.1449 0.09923 0.04334 0.03297 0.01998 0.008517 0.005335 0.005109 0.0107
0.8607 6.55 36.23 25.42 10.76 6.451 3.403 2.301 1.532 0.4223 0.3454 0.2927 0.08114 0.05558 0.02428 0.01846 0.01119 0.00477 0.002988 0.008854
1.488 9.622 16.49 24.36 14.05 5.95 3.566 1.881 1.272 0.8468 0.2334 0.1909 0.1618 0.04485 0.03072 0.01342 0.01021 0.006184 0.002637 0.006546
0.8222 15.08 22.07 10.09 12.25 7.065 2.992 1.793 0.9456 0.6394 0.4258 0.1174 0.096 0.08134 0.02255 0.01545 0.006747 0.005131 0.003109 0.004617
1.08 10.12 41.73 16.37 6.162 7.477 4.312 1.826 1.094 0.5772 0.3903 0.2599 0.07163 0.0586 0.04965 0.01376 0.009428 0.004118 0.003132 0.004716
0.8174 10.81 22.84 25.01 8.052 3.031 3.678 2.121 0.8982 0.5383 0.2839 0.192 0.1278 0.03524 0.02882 0.02442 0.00677 0.004638 0.002026 0.003861
1.683 8.815 26.39 14.93 13.45 4.329 1.63 1.977 1.14 0.4829 0.2894 0.1526 0.1032 0.06873 0.01894 0.0155 0.01313 0.00364 0.002493 0.003165
1.052 20.33 23.93 19.17 8.922 8.035 2.587 0.9737 1.182 0.6814 0.2886 0.1729 0.09122 0.06168 0.04107 0.01132 0.00926 0.007846 0.002175 0.003381
1.745 11.38 49.32 15.39 10.12 4.71 4.242 1.366 0.5141 0.6238 0.3597 0.1523 0.09129 0.04815 0.03256 0.02168 0.005976 0.004889 0.004142 0.002933
0.806 19.29 28.19 32.41 8.304 5.46 2.541 2.288 0.7368 0.2773 0.3365 0.1941 0.08219 0.04925 0.02598 0.01757 0.0117 0.003224 0.002637 0.003817
1.019 7.978 43.09 16.71 15.77 4.039 2.656 1.236 1.113 0.3584 0.1349 0.1637 0.09441 0.03998 0.02396 0.01264 0.008545 0.00569 0.001568 0.00314
1.653 11.47 20.26 29.3 9.347 8.819 2.259 1.485 0.6913 0.6226 0.2005 0.07545 0.09156 0.0528 0.02236 0.0134 0.007068 0.00478 0.003183 0.002633
1.311 17.9 28.04 13.23 15.73 5.017 4.733 1.213 0.7972 0.3711 0.3342 0.1076 0.0405 0.04914 0.02834 0.012 0.007192 0.003794 0.002565 0.003122
2.254 14.48 44.58 18.66 7.241 8.608 2.746 2.591 0.6636 0.4363 0.2031 0.1829 0.05888 0.02216 0.0269 0.01551 0.006568 0.003936 0.002076 0.003113
1.012 23.15 33.7 27.74 9.545 3.703 4.402 1.404 1.325 0.3394 0.2231 0.1039 0.09353 0.03011 0.01134 0.01376 0.007933 0.003359 0.002013 0.002654
1.056 12.41 63.9 24.94 16.9 5.816 2.256 2.682 0.8555 0.8072 0.2068 0.136 0.06328 0.05699 0.01835 0.006907 0.008381 0.004833 0.002047 0.002843
1.397 10.91 28.9 39.52 12.66 8.58 2.953 1.146 1.362 0.4344 0.4098 0.105 0.06903 0.03213 0.02893 0.009316 0.003506 0.004255 0.002454 0.002483
1.112 14.18 25.13 17.79 20 6.41 4.343 1.494 0.5799 0.6893 0.2199 0.2074 0.05314 0.03494 0.01626 0.01464 0.004715 0.001775 0.002154 0.002499
1.731 13.05 37.61 17.92 10.45 11.74 3.764 2.55 0.8775 0.3405 0.4047 0.1291 0.1218 0.0312 0.02052 0.009549 0.008599 0.002769 0.001042 0.002732
0.6532 18.71 31.87 24.55 9.616 5.607 6.303 2.02 1.369 0.4709 0.1827 0.2172 0.06928 0.06537 0.01675 0.01101 0.005124 0.004615 0.001486 0.002025
1.176 7.502 48.39 22.02 13.95 5.465 3.187 3.582 1.148 0.7778 0.2676 0.1038 0.1234 0.03937 0.03715 0.009517 0.006257 0.002912 0.002623 0.001996
1.104 12.3 17.7 30.4 11.36 7.2 2.82 1.644 1.848 0.5923 0.4013 0.1381 0.05358 0.06369 0.02032 0.01917 0.004911 0.003229 0.001503 0.002383
0.6352 11.49 29.02 11.17 15.77 5.896 3.736 1.463 0.8532 0.959 0.3073 0.2082 0.07165 0.0278 0.03305 0.01054 0.009946 0.002548 0.001675 0.002016
0.8254 7.093 29.07 19.73 6.251 8.826 3.299 2.09 0.8187 0.4774 0.5366 0.172 0.1165 0.04009 0.01556 0.01849 0.005898 0.005565 0.001426 0.002065
1.923 9.854 19.05 20.91 11.67 3.698 5.222 1.952 1.237 0.4844 0.2825 0.3175 0.1017 0.06894 0.02372 0.009205 0.01094 0.00349 0.003293 0.002066
1.277 19.24 22.27 11.45 10.32 5.76 1.825 2.577 0.9634 0.6104 0.2391 0.1394 0.1567 0.05021 0.03402 0.01171 0.004543 0.0054 0.001722 0.002645
0.6101 14.53 49.44 15.33 6.487 5.844 3.262 1.034 1.46 0.5457 0.3457 0.1354 0.07896 0.08875 0.02844 0.01927 0.006631 0.002573 0.003058 0.002473
1.444 7.108 37.99 34.48 8.788 3.718 3.349 1.87 0.5925 0.8366 0.3127 0.1982 0.0776 0.04525 0.05087 0.0163 0.01104 0.003801 0.001475 0.003171
0.8207 14.22 15.8 22.43 16.7 4.257 1.801 1.622 0.9058 0.287 0.4053 0.1515 0.09599 0.03759 0.02192 0.02464 0.007896 0.00535 0.001841 0.00225
0.6623 9.277 36.3 10.81 12.62 9.399 2.396 1.014 0.9131 0.5098 0.1615 0.2281 0.08526 0.05402 0.02116 0.01234 0.01387 0.004444 0.003011 0.002303
0.9456 7.107 22.49 23.52 5.758 6.722 5.006 1.276 0.5398 0.4863 0.2715 0.08603 0.1215 0.04541 0.02877 0.01127 0.00657 0.007386 0.002367 0.00283
0.8834 10.58 17.95 15.2 13.07 3.2 3.735 2.782 0.7091 0.3 0.2703 0.1509 0.04781 0.06751 0.02524 0.01599 0.006262 0.003652 0.004105 0.002888
1.455 9.04 24.54 11.13 7.744 6.659 1.63 1.903 1.417 0.3613 0.1528 0.1377 0.07687 0.02436 0.03439 0.01286 0.008146 0.00319 0.00186 0.003562
2.096 16.35 23.02 16.8 6.268 4.363 3.751 0.9184 1.072 0.7984 0.2035 0.0861 0.07756 0.0433 0.01372 0.01937 0.007242 0.004589 0.001797 0.003055
1.345 24.29 42.74 16.11 9.67 3.608 2.512 2.16 0.5287 0.6172 0.4596 0.1172 0.04957 0.04465 0.02493 0.007899 0.01115 0.004169 0.002642 0.002793
1.011 14.97 60.77 28.47 8.816 5.291 1.975 1.374 1.182 0.2893 0.3377 0.2515 0.06411 0.02712 0.02443 0.01364 0.004323 0.006104 0.002282 0.002974
1.649 11.15 37.06 39.98 15.38 4.763 2.858 1.067 0.7424 0.6384 0.1563 0.1824 0.1359 0.03463 0.01465 0.0132 0.007369 0.002335 0.003297 0.002839
0.6983 16.11 24.64 21.78 19.29 7.419 2.298 1.379 0.5147 0.3582 0.308 0.07541 0.08803 0.06555 0.01671 0.00707 0.006369 0.003556 0.001127 0.002961
0.9919 8.577 44.51 18.26 13.29 11.76 4.525 1.402 0.8412 0.3139 0.2185 0.1879 0.04599 0.05369 0.03998 0.01019 0.004312 0.003884 0.002169 0.002493
0.9258 10.52 20.45 28.17 9.484 6.902 6.111 2.351 0.7281 0.437 0.1631 0.1135 0.09759 0.02389 0.02789 0.02077 0.005294 0.00224 0.002018 0.002422
1.414 10.26 26.2 13.55 15.33 5.16 3.755 3.325 1.279 0.3961 0.2378 0.08872 0.06175 0.0531 0.013 0.01517 0.0113 0.002881 0.001219 0.002415
1.107 14.23 23.33 15.85 6.73 7.614 2.564 1.866 1.652 0.6354 0.1968 0.1181 0.04408 0.03068 0.02638 0.006458 0.007539 0.005615 0.001431 0.001806
0.9373 12.01 34.98 15.38 8.595 3.649 4.128 1.39 1.011 0.8956 0.3445 0.1067 0.06404 0.0239 0.01663 0.0143 0.003502 0.004087 0.003044 0.001755
1.482 10.78 31.19 24.35 8.808 4.924 2.09 2.365 0.7963 0.5794 0.5131 0.1974 0.06113 0.03669 0.01369 0.009529 0.008194 0.002006 0.002342 0.002749
0.7675 16.64 27.24 21.02 13.49 4.879 2.727 1.158 1.31 0.4411 0.321 0.2842 0.1093 0.03386 0.02032 0.007584 0.005278 0.004539 0.001111 0.00282
0.9115 7.924 38.8 16.91 10.72 6.878 2.488 1.391 0.5904 0.6679 0.2249 0.1636 0.1449 0.05574 0.01726 0.01036 0.003867 0.002691 0.002314 0.002004
0.7598 10.86 21.21 27.75 9.948 6.306 4.047 1.464 0.8181 0.3473 0.393 0.1323 0.09628 0.08526 0.03279 0.01016 0.006096 0.002275 0.001583 0.002541
