Originally  
101 
A 
2	100	
1	1	NA	NA	
1	20	
1 375.8 250.5 250.5 180.9 97.43 41.76 27.84 13.92 27.84 55.68 13.92 27.84 0 13.92 0 0 0 0 0 13.92
1 712.3 385 365.8 134.8 77 77 38.5 38.5 38.5 0 19.25 19.25 19.25 0 0 0 0 0 0 0
1 299.1 349 174.5 137.1 74.79 74.79 49.86 12.46 12.46 37.39 12.46 0 12.46 0 0 0 0 0 0 0
1 346.6 318.9 277.3 110.9 124.8 55.46 41.6 41.6 13.87 13.87 13.87 0 13.87 0 0 0 0 13.87 0 0
1 541.5 379.1 180.5 252.7 162.5 90.25 90.25 72.2 0 18.05 0 0 18.05 0 0 0 0 0 0 0
1 508.1 395.2 188.2 150.6 263.5 112.9 37.64 75.28 18.82 18.82 37.64 18.82 0 0 0 18.82 18.82 0 18.82 0
1 262.6 207.9 142.3 109.4 98.49 120.4 54.71 0 10.94 43.77 21.89 0 10.94 0 0 10.94 0 0 0 0
1 228.2 248.9 145.2 176.3 31.12 82.98 31.12 10.37 10.37 10.37 20.74 20.74 0 0 0 0 0 10.37 0 10.37
1 464.1 195.4 183.2 85.49 97.7 61.06 24.43 73.28 0 12.21 0 0 12.21 12.21 0 0 0 0 0 0
1 317.1 302.7 187.4 201.8 187.4 100.9 57.66 43.25 28.83 14.42 0 0 0 0 0 0 0 0 0 0
1 399.4 126.1 178.7 84.08 63.06 63.06 31.53 10.51 52.55 31.53 10.51 0 0 0 0 0 0 0 0 0
1 489.2 407.6 81.53 260.9 163.1 48.92 65.22 48.92 0 16.31 32.61 0 0 0 0 16.31 0 0 0 0
1 346.8 450.8 416.1 138.7 104 69.36 34.68 34.68 104 0 0 17.34 17.34 0 0 0 0 0 0 0
1 504.7 229.4 229.4 168.2 122.4 152.9 45.88 15.29 0 15.29 0 15.29 0 0 0 30.59 0 0 0 0
1 470.8 301.8 84.51 156.9 60.36 24.15 48.29 0 24.15 0 12.07 12.07 0 0 0 0 12.07 0 0 0
1 573.3 382.2 363.1 76.44 172 133.8 38.22 38.22 38.22 19.11 76.44 0 0 0 0 0 0 0 0 0
1 233.1 297.9 246.1 103.6 64.76 103.6 38.86 64.76 38.86 12.95 51.81 12.95 0 0 0 0 25.91 0 0 0
1 397.3 163.6 198.6 140.2 46.74 23.37 35.05 35.05 23.37 46.74 11.68 11.68 0 0 11.68 0 0 11.68 0 11.68
1 242.1 265.1 103.7 172.9 126.8 69.16 57.63 46.11 23.05 11.53 11.53 0 0 0 0 0 11.53 0 0 11.53
1 560.1 140 266.1 84.02 126 42.01 42.01 28.01 70.02 14 14 14 0 0 0 0 0 0 0 0
1 412.8 342.1 58.98 129.7 23.59 94.36 70.77 23.59 0 11.8 11.8 0 0 0 0 0 0 0 0 0
1 348.4 264.3 300.4 96.11 96.11 36.04 0 12.01 0 12.01 12.01 12.01 0 12.01 0 0 0 0 0 0
1 494.1 532.2 228.1 304.1 38.01 114 38.01 0 0 57.02 19.01 19.01 0 19.01 19.01 19.01 0 0 0 0
1 277 239.3 277 201.5 100.7 50.37 50.37 12.59 0 12.59 0 12.59 0 12.59 12.59 0 0 0 0 0
1 412.4 178.7 137.5 288.7 110 123.7 41.24 13.75 13.75 13.75 0 41.24 0 0 0 0 0 0 0 0
1 406.7 341.6 146.4 178.9 162.7 97.61 81.34 48.8 32.54 16.27 16.27 48.8 0 0 16.27 0 0 16.27 0 16.27
1 247.7 247.7 193.9 107.7 21.54 86.16 53.85 53.85 21.54 10.77 0 21.54 10.77 0 0 0 0 0 0 0
1 406 124.1 135.3 146.6 45.11 22.56 67.67 22.56 45.11 33.84 33.84 0 11.28 11.28 11.28 0 0 0 0 11.28
1 421.6 449.7 126.5 112.4 126.5 28.1 28.1 14.05 14.05 56.21 0 0 14.05 0 14.05 0 0 0 0 0
1 371.7 256.4 230.7 102.5 89.72 102.5 25.64 25.64 0 76.91 0 0 0 0 0 0 0 0 0 0
1 322.9 207.6 161.5 184.5 57.66 34.6 57.66 11.53 23.07 23.07 34.6 23.07 0 0 0 0 0 0 11.53 0
1 254.9 148 106.9 49.33 90.44 74 32.89 24.67 0 0 8.222 16.44 8.222 0 0 0 0 0 0 8.222
1 318 318 137.8 63.59 84.79 84.79 0 10.6 21.2 0 0 0 10.6 0 0 10.6 0 0 0 0
1 343.8 217.1 90.48 90.48 45.24 63.33 18.1 9.048 9.048 0 0 0 18.1 0 0 0 0 0 0 0
1 376.6 328 230.8 97.18 72.88 24.29 24.29 24.29 12.15 12.15 0 0 12.15 0 0 0 0 0 0 0
1 266 299.2 210.6 77.58 66.5 88.66 11.08 33.25 33.25 0 22.17 0 0 0 0 0 0 0 0 0
1 503.6 274.7 213.6 289.9 106.8 30.52 15.26 45.78 15.26 15.26 0 0 15.26 0 0 0 0 0 0 0
1 463.5 331.1 119.2 145.7 79.46 52.98 39.73 39.73 13.24 26.49 0 0 13.24 0 0 0 0 0 0 0
1 391.2 277.6 265 113.6 101 63.09 12.62 12.62 0 0 0 25.24 0 0 0 0 0 0 0 0
1 425 410.8 255 70.83 70.83 113.3 42.5 0 14.17 14.17 0 0 0 0 0 0 0 0 0 0
1 714.8 411.5 303.2 303.2 108.3 64.98 130 64.98 43.32 0 0 0 0 21.66 0 0 0 0 0 0
1 494.1 416.9 231.6 139 92.64 30.88 46.32 15.44 30.88 0 0 30.88 0 15.44 0 0 0 0 0 0
1 742.1 231.9 170.1 139.2 123.7 61.85 15.46 30.92 15.46 0 0 0 0 0 0 15.46 0 0 0 0
1 513.9 477.2 97.89 36.71 36.71 12.24 12.24 0 12.24 12.24 0 12.24 0 0 0 0 0 0 0 0
1 376.2 470.3 313.5 125.4 94.05 47.03 0 15.68 47.03 31.35 15.68 15.68 0 15.68 0 0 0 0 0 0
1 820.7 273.6 273.6 112.6 64.37 32.18 16.09 0 16.09 0 0 0 0 0 0 0 0 0 0 0
1 388 339.5 133.4 145.5 121.2 12.12 24.25 0 12.12 24.25 0 0 0 12.12 0 0 0 0 0 0
1 464.7 410 287 68.33 68.33 41 0 13.67 0 13.67 0 0 0 0 0 0 0 0 0 0
1 416.4 239.7 315.4 138.8 75.71 37.85 0 12.62 12.62 12.62 0 0 0 0 0 0 0 0 0 0
1 365.8 285.8 194.3 114.3 102.9 45.72 34.29 0 0 0 0 0 0 0 0 0 0 0 0 0
1 396.2 212.6 173.9 67.65 48.32 38.65 0 0 19.33 9.664 0 0 0 0 0 0 0 0 0 0
1 308.4 223.6 108 53.98 30.84 15.42 30.84 0 0 0 0 0 0 0 0 0 0 0 0 0
1 191.6 459.8 319.3 127.7 76.63 38.32 25.54 25.54 0 12.77 0 0 0 0 0 0 0 0 0 0
1 334 114.5 229.1 47.72 105 66.81 19.09 9.544 0 0 9.544 9.544 9.544 0 0 0 0 0 0 0
1 436.8 182.9 132.1 121.9 111.7 0 0 0 10.16 10.16 10.16 0 0 0 0 0 0 0 0 0
1 184.2 360.5 96.12 32.04 80.1 24.03 8.01 8.01 0 8.01 0 0 0 0 0 0 0 0 0 0
1 409.2 245.5 233.8 93.53 23.38 81.84 11.69 23.38 23.38 23.38 0 0 0 0 0 0 0 0 0 0
1 344.2 430.2 114.7 329.9 114.7 0 71.71 14.34 0 0 14.34 0 0 0 0 0 0 0 0 0
1 526.7 186.6 175.6 76.82 65.84 10.97 21.95 10.97 21.95 0 0 0 0 0 0 0 0 0 0 0
1 348.7 453.3 139.5 127.8 11.62 58.11 11.62 11.62 0 0 0 0 0 0 0 0 0 0 0 0
1 648.8 272.5 194.6 64.88 38.93 64.88 12.98 0 0 0 0 0 0 0 0 0 0 0 0 0
1 227.5 407.1 323.2 155.6 59.86 0 0 23.94 0 0 0 0 0 0 0 0 0 0 0 0
1 459.8 223.3 328.4 105.1 118.2 39.41 13.14 0 13.14 0 13.14 0 0 0 0 0 0 0 0 0
1 503.6 262.7 87.58 153.3 54.74 32.84 0 0 0 0 0 0 0 0 0 0 0 0 0 0
1 716.9 614.4 170.7 68.27 102.4 34.14 0 0 0 0 0 0 0 0 0 0 0 0 0 0
1 581.4 455.7 251.4 125.7 47.14 62.86 31.43 0 15.71 0 0 0 0 0 0 0 0 0 0 0
1 411.1 488.2 154.2 89.93 38.54 25.69 38.54 12.85 25.69 0 0 0 0 0 0 0 0 0 0 0
1 586.4 293.2 513.1 238.2 146.6 18.33 18.33 0 0 18.33 0 0 0 0 0 0 0 0 0 0
1 614.5 307.3 190.2 175.6 58.53 73.16 14.63 14.63 0 0 14.63 0 0 0 0 0 0 0 0 0
1 452.1 380.7 178.5 71.39 95.18 11.9 0 0 0 0 0 0 0 0 0 0 0 0 0 0
1 505 241.5 153.7 109.8 54.9 21.96 10.98 0 0 0 0 0 0 0 0 0 0 0 0 0
1 167.1 490 256.1 77.96 66.82 22.27 11.14 11.14 0 11.14 0 0 0 0 0 0 0 0 0 0
1 409.3 129.3 312.4 53.86 86.17 32.31 0 53.86 0 0 0 0 0 0 0 0 0 0 0 0
1 317.9 308 79.48 129.2 59.61 49.68 19.87 9.935 9.935 9.935 0 0 0 0 0 0 0 0 0 0
1 244.9 254 172.3 72.57 108.9 9.071 18.14 9.071 0 18.14 0 0 0 0 0 0 0 0 0 0
1 241.3 109 124.6 116.8 15.57 109 38.92 23.35 0 0 0 0 0 0 0 0 0 0 0 0
1 647.4 207.6 146.6 48.86 109.9 24.43 12.21 0 0 0 0 0 12.21 12.21 0 0 0 0 0 0
1 520.8 396.8 148.8 61.99 61.99 24.8 12.4 0 0 0 12.4 0 0 0 0 0 0 0 0 0
1 168.4 317.1 307.2 109 49.54 19.82 0 0 0 9.908 0 9.908 0 0 0 0 0 0 0 0
1 492.1 181.3 259 246 64.74 12.95 12.95 12.95 0 0 0 0 0 0 0 0 0 0 12.95 0
1 333.4 407.5 185.2 197.6 61.74 37.04 0 12.35 0 0 0 0 0 0 0 0 0 0 0 0
1 166.3 133 192.9 79.81 39.9 39.9 0 6.651 0 6.651 0 0 0 0 0 0 0 0 0 0
1 373.9 182.1 153.4 163 19.17 38.35 19.17 9.587 0 0 0 0 0 0 0 0 0 0 0 0
1 257 221.3 92.82 78.54 21.42 14.28 14.28 14.28 0 0 0 0 0 0 0 0 0 0 0 0
1 517.4 183.9 206.9 115 68.98 11.5 11.5 22.99 11.5 0 0 0 0 0 0 0 0 0 0 0
1 752.3 496.5 165.5 75.23 15.05 0 0 0 0 0 0 0 0 0 0 0 0 0 0 0
1 596.7 477.3 268.5 74.58 59.67 0 14.92 0 0 0 0 0 0 0 0 0 0 0 0 0
1 277.8 179.2 295.7 98.57 26.88 0 8.961 0 0 0 0 8.961 0 0 0 0 0 0 0 0
1 664.4 100.3 163 200.6 62.68 50.14 12.54 0 0 0 0 0 0 0 0 0 0 0 0 0
1 223 289.9 178.4 189.6 156.1 66.91 0 11.15 0 0 0 0 0 0 0 0 0 0 0 0
1 278.1 173.8 225.9 78.21 43.45 52.14 0 0 0 8.69 8.69 0 0 0 0 0 0 0 0 0
1 323.3 242.5 107.8 98.79 17.96 62.87 35.92 0 0 0 0 0 8.981 0 0 0 0 0 0 0
1 447.9 89.59 143.3 71.67 44.79 44.79 8.959 35.84 0 8.959 0 0 0 0 0 0 0 0 0 0
1 428.5 271.7 135.9 115 10.45 62.71 0 0 0 10.45 10.45 0 0 0 0 0 0 0 0 0
1 296.5 248.6 248.6 86.07 38.25 28.69 0 0 0 0 9.563 0 0 0 0 0 0 0 0 0
1 435.2 163.2 130.6 228.5 43.52 21.76 21.76 21.76 0 0 21.76 0 0 0 0 0 0 0 0 0
1 244.5 391.2 146.7 78.24 97.8 0 0 19.56 0 0 0 0 0 0 0 0 0 0 0 0
1 354.3 164.2 146.9 69.13 86.41 34.57 0 0 0 0 8.641 0 0 0 0 0 0 0 0 0
1 313.9 313.9 157 145.7 67.27 0 56.06 22.42 11.21 0 0 22.42 0 11.21 0 0 0 0 0 0
