Originally  
101 
A 
42	100	
1	1	NA	NA	
1	20	
1 0.01996 0.1197 0.8781 0.2195 0.2994 0.1996 0.01996 0.05987 0.05987 0.01996 0 0.01996 0 0.01996 0.01996 0.01996 0 0 0.01996 0
1 0.1216 0.2918 0.3161 0.7537 0.3161 0.3404 0.1459 0.09726 0.02431 0 0 0.02431 0 0 0 0 0 0 0 0
1 0.05742 0.2488 0.3828 0.3254 0.5551 0.05742 0.1723 0.07656 0.01914 0 0 0 0 0 0 0 0.01914 0 0 0
1 0.01926 0.2504 0.5393 0.2697 0.2697 0.3274 0.05778 0.1156 0.01926 0 0.03852 0.01926 0 0 0 0 0 0 0 0
1 0.0557 0.1857 0.3528 0.4456 0.2414 0.1114 0.2228 0.03713 0.0557 0.0557 0.01857 0 0.01857 0 0.01857 0.03713 0 0 0 0
1 0.07801 0.3276 0.234 0.2964 0.3276 0.1092 0.04681 0.09361 0 0 0 0.0312 0 0 0 0 0 0 0.0156 0
1 0.05577 0.4461 0.8086 0.3904 0.4461 0.1952 0.05577 0 0.1394 0.08365 0.08365 0 0.02788 0.05577 0 0 0 0 0 0
1 0.03106 0.233 0.3572 0.3262 0.1553 0.1087 0.1708 0.04659 0.01553 0.04659 0.03106 0 0.01553 0 0 0.01553 0 0 0 0
1 0 0.09383 0.2229 0.2463 0.1994 0.129 0.0821 0.07038 0.04692 0 0.05865 0.02346 0 0 0 0 0 0 0 0
1 0.02935 0.1907 0.4108 0.2054 0.1761 0.1761 0.02935 0.1027 0.04402 0.02935 0 0.04402 0.01467 0 0 0 0.01467 0 0 0
1 0.01459 0.4232 0.2481 0.2481 0.2043 0.1313 0.04377 0.02918 0.04377 0.01459 0.01459 0 0.02918 0.01459 0 0 0 0 0 0
1 0.03676 0.1654 0.8086 0.2389 0.1838 0.1286 0.1103 0.05513 0 0 0 0.03676 0.01838 0.01838 0.01838 0.01838 0 0 0 0
1 0.05513 0.1378 0.1792 0.6202 0.1378 0.06891 0.04135 0.02756 0.04135 0 0.02756 0 0.01378 0 0.01378 0.01378 0 0 0 0
1 0.04837 0.4111 0.4353 0.5562 0.5078 0.1693 0.09673 0 0.02418 0.07255 0.02418 0.02418 0 0.02418 0 0 0 0 0 0.02418
1 0.01939 0.1551 0.6981 0.4072 0.1939 0.1745 0.07757 0.07757 0.03878 0 0.03878 0 0.03878 0 0.01939 0 0 0 0 0
1 0.03608 0.1624 0.3608 0.451 0.2887 0.1263 0.1985 0.09021 0 0.01804 0.03608 0.03608 0 0 0 0 0 0 0 0
1 0.1423 0.2439 0.5284 0.2845 0.2642 0.1626 0.1423 0.1829 0.06097 0.02032 0 0 0 0 0 0 0 0 0 0
1 0.0176 0.2112 0.2993 0.3873 0.2993 0.1408 0.2112 0.07041 0.07041 0 0 0.0176 0 0.0176 0 0 0 0.0176 0 0
1 0 0.1606 0.2248 0.2409 0.3854 0.1445 0.1606 0.1285 0.03212 0.08029 0 0.01606 0.03212 0 0 0 0 0 0 0
1 0.01957 0.0783 0.2055 0.1174 0.1566 0.1272 0.09787 0.08808 0.04894 0.02936 0 0.009787 0 0 0 0 0 0 0 0
1 0.02208 0.2208 0.1766 0.2318 0.07727 0.1325 0.09935 0.04416 0.04416 0.02208 0 0.02208 0.01104 0 0 0 0 0 0 0
1 0.01224 0.208 0.4405 0.1958 0.0979 0.04895 0.07342 0.03671 0 0.03671 0.02447 0.02447 0.02447 0 0 0 0 0 0 0
1 0.03633 0.1726 0.2453 0.1998 0.09083 0.07267 0.03633 0 0.009083 0.009083 0.01817 0 0.009083 0 0.009083 0 0 0 0 0
1 0.07193 0.2158 0.6114 0.2338 0.2877 0.1079 0.03597 0.01798 0.07193 0.05395 0 0.01798 0.03597 0.01798 0 0 0 0 0 0.01798
1 0 0.1107 0.3183 0.3598 0.1799 0.1522 0.0692 0.05536 0.04152 0.04152 0.01384 0.01384 0.01384 0.01384 0 0 0 0 0 0
1 0.01135 0.1135 0.3178 0.1929 0.1248 0.1475 0.05675 0.05675 0.05675 0 0.0227 0.01135 0 0.01135 0 0 0.01135 0 0 0
1 0.01625 0.4712 0.3087 0.3737 0.195 0.1462 0.01625 0.0325 0.01625 0.01625 0.0325 0 0 0 0 0 0 0 0 0
1 0.06137 0.2046 0.7569 0.225 0.225 0.225 0.1023 0 0.1023 0.06137 0.02046 0 0.04091 0.02046 0 0 0 0 0 0
1 0.03007 0.2256 0.4361 0.2707 0.2105 0.1053 0.1053 0.04511 0.04511 0 0 0.01504 0 0 0.01504 0 0 0 0 0
1 0.01428 0.2428 0.4712 0.3141 0.1428 0.05712 0.04284 0.05712 0.04284 0.01428 0.02856 0 0 0 0 0 0 0 0 0
1 0.03698 0.2773 0.3328 0.6841 0.1849 0.1109 0.03698 0.05547 0.03698 0.01849 0 0 0.03698 0 0 0.01849 0 0 0.01849 0
1 0 0.1204 0.3879 0.2943 0.214 0.107 0.08025 0.02675 0.04013 0.02675 0 0 0.02675 0.01338 0 0 0 0 0 0
1 0.02745 0.08234 0.3842 0.2333 0.2058 0.2058 0.06861 0.06861 0.01372 0.04117 0 0.01372 0.02745 0 0 0 0 0 0 0
1 0.02102 0.1577 0.2628 0.1682 0.1261 0.09459 0.1366 0.01051 0.04204 0.01051 0 0 0 0.01051 0.01051 0 0 0 0 0
1 0.06791 0.6112 0.4754 0.3395 0.249 0.1358 0.1358 0.09055 0.09055 0.02264 0.02264 0.02264 0 0 0 0 0 0 0 0
1 0.04724 0.4488 1.016 0.2598 0.189 0.2126 0.04724 0.04724 0.04724 0.02362 0 0 0.02362 0 0 0 0 0 0 0
1 0 0.3901 0.6965 1.031 0.2508 0.1393 0.08358 0.05572 0 0.02786 0.05572 0.02786 0 0 0.02786 0 0 0 0 0
1 0.02221 0.2444 0.5998 0.5109 0.622 0.1333 0.04443 0 0.02221 0 0.02221 0 0 0 0 0 0 0 0 0
1 0.05585 0.1676 0.2653 0.377 0.1536 0.1955 0.06982 0.04189 0.02793 0.02793 0 0 0 0.01396 0 0 0 0 0 0
1 0.02062 0.2887 0.3918 0.1856 0.4743 0.3093 0.2887 0.02062 0 0.04124 0.02062 0 0 0 0.02062 0 0 0 0 0
1 0.01197 0.2154 0.2992 0.1556 0.07181 0.1197 0.1197 0.09575 0.04788 0 0.02394 0.01197 0 0.01197 0 0 0 0.01197 0 0
1 0.02041 0.2857 0.6122 0.2857 0.1837 0.102 0.3469 0.1224 0.02041 0.06122 0 0 0 0 0 0 0 0 0 0
1 0.08624 0.3018 0.4743 0.4312 0.3018 0.2156 0.06468 0.1294 0.04312 0.02156 0.04312 0 0 0.02156 0.02156 0 0 0 0 0
1 0.03137 0.2823 0.2666 0.3451 0.1255 0.1882 0.09411 0.03137 0.1098 0 0.04705 0.03137 0 0 0 0 0.01568 0 0 0
1 0.03089 0.06179 0.3913 0.2266 0.103 0.06179 0.04119 0.0206 0.0103 0.03089 0.0206 0 0.0103 0 0.0103 0 0 0.0103 0 0
1 0.01211 0.08478 0.1332 0.436 0.2422 0.08478 0.07267 0.04844 0.01211 0.02422 0 0.01211 0.02422 0.01211 0 0 0 0 0.01211 0
1 0.09574 0.1276 0.4627 0.2393 0.2713 0.1596 0.06382 0.03191 0.06382 0.01596 0.03191 0.03191 0 0 0 0 0 0 0 0
1 0.05916 0.2219 0.2366 0.3106 0.1479 0.1923 0.1035 0.07395 0.05916 0.04437 0 0 0 0.01479 0 0 0 0 0 0.01479
1 0.1078 0.3772 0.5029 0.1976 0.1976 0.07184 0.1616 0.05388 0 0.05388 0.03592 0 0 0 0.01796 0.01796 0 0 0 0
1 0.06292 0.2674 0.4247 0.2674 0.06292 0.1101 0.09437 0.1101 0.07864 0.01573 0.06292 0 0.01573 0 0 0 0 0 0 0
1 0.03347 0.3179 0.4518 0.4184 0.1506 0.03347 0.06694 0.08367 0.08367 0 0.01673 0 0 0 0 0 0 0.01673 0 0
1 0.01672 0.2509 0.4181 0.485 0.2341 0.1505 0.01672 0.05017 0.01672 0 0.01672 0 0 0 0.01672 0 0 0 0 0
1 0 0.3286 0.2286 0.3286 0.1571 0.1571 0.1 0.01429 0.04286 0.01429 0.04286 0 0 0.01429 0 0 0 0 0 0
1 0.01548 0.1858 0.4644 0.2787 0.2167 0.1238 0.09289 0.06192 0.03096 0.01548 0.03096 0.01548 0 0 0 0 0 0 0.01548 0
1 0.04381 0.1205 0.23 0.2957 0.1533 0.1095 0.08763 0.01095 0.02191 0 0 0.01095 0 0 0.01095 0 0 0 0 0
1 0.05163 0.2237 0.2409 0.3614 0.3614 0.1377 0.1549 0.1033 0.01721 0.03442 0.01721 0.01721 0 0 0 0 0 0 0 0
1 0.02848 0.09967 0.3702 0.299 0.1709 0.1993 0.0712 0.0712 0.0712 0.01424 0 0.01424 0 0 0 0 0 0.01424 0 0
1 0.08991 0.1413 0.3211 0.2569 0.1413 0.1028 0.08991 0.05138 0 0.02569 0.05138 0 0 0 0 0 0.01284 0 0 0
1 0.01617 0.3719 0.4528 0.2587 0.1779 0.09703 0.08086 0.1294 0.01617 0.01617 0 0 0 0 0 0 0 0 0 0
