Originally  
101 
A 
42	100	
1	1	NA	NA	
1	20	
1 0 0.6004 0.8631 0.03753 0.6004 0.8631 0.07505 0.2627 0.1501 0.1126 0.1126 0.03753 0.03753 0 0 0 0 0 0 0
1 0.01502 0.2254 0.4657 0.3005 0.1202 0.1202 0.1202 0.01502 0.04507 0.01502 0.03005 0.01502 0 0.01502 0 0 0 0 0 0
1 0 0.3658 0.7071 0.4145 0.317 0.02438 0.1707 0.1707 0.07315 0.04877 0.07315 0.02438 0 0.04877 0 0 0 0 0 0
1 0.0154 0.1078 0.3541 0.4003 0.2771 0.1386 0 0.1232 0.04619 0.0154 0.04619 0 0.0154 0 0 0 0 0 0 0
1 0.07395 0.1849 0.1726 0.2342 0.1972 0.1972 0.02465 0.01233 0.03698 0.06163 0.02465 0 0 0 0.01233 0 0 0 0 0
1 0.01825 0.3012 0.1825 0.1186 0.07301 0.07301 0.01825 0.04563 0.009126 0.02738 0.03651 0 0.009126 0 0 0 0 0 0 0
1 0.1046 0.3007 0.4837 0.183 0.06536 0.03922 0.03922 0.03922 0.02614 0 0.01307 0.01307 0 0 0 0 0 0 0 0
1 0.02129 0.8302 0.4471 0.6599 0.04258 0.06387 0 0.02129 0.04258 0 0 0 0 0 0 0 0 0 0 0
1 0 0.1596 0.7048 0.2394 0.1197 0.05319 0.0133 0.0133 0.0133 0 0.0133 0 0 0 0 0 0 0 0 0
1 0 0.1763 0.4155 0.4407 0.1007 0.07555 0.03777 0 0 0 0.01259 0 0 0 0 0 0 0 0 0
1 0.0266 0.09312 0.266 0.3725 0.3326 0.1064 0.07981 0.0133 0.0133 0 0.0133 0 0 0 0.0133 0 0 0 0 0
1 0 0.1436 0.1026 0.1162 0.09573 0.1641 0.03419 0.02735 0 0 0 0 0 0 0 0 0 0 0 0
1 0.01833 0.08247 0.4032 0.09164 0.1191 0.05498 0.1008 0.01833 0.02749 0 0 0 0 0 0 0 0 0 0 0
1 0.02355 0.08241 0.1354 0.2119 0.03532 0.01177 0.02355 0.03532 0.01177 0.01177 0.005886 0 0 0 0 0 0 0 0 0
1 0.04485 0.1615 0.3498 0.08073 0.09867 0.05382 0.01794 0.03588 0.03588 0.00897 0 0 0 0 0 0.00897 0 0 0 0
1 0.0261 0.2697 0.2697 0.1305 0.0783 0.0261 0.0261 0.0087 0.0087 0.0261 0 0 0 0 0 0 0 0 0 0
1 0.04887 0.2053 0.3421 0.2444 0.06842 0.01955 0.01955 0.009774 0.009774 0 0.009774 0 0 0 0 0 0 0 0 0
1 0.01151 0.3107 0.3222 0.3222 0.06904 0.05754 0.02301 0.02301 0.01151 0 0 0 0 0 0 0 0 0 0 0
1 0.0323 0.2907 0.7589 0.2745 0.1453 0.09689 0 0 0 0.01615 0 0 0 0 0 0 0 0 0 0
1 0.0857 0.2 0.4856 0.4285 0.0857 0.0857 0.04285 0 0.01428 0 0 0 0 0 0 0 0 0 0 0
1 0.01315 0.3682 0.2893 0.2762 0.1973 0.06575 0.0526 0.0263 0 0.01315 0 0.01315 0 0 0 0 0 0 0 0
1 0.02164 0.06493 0.3679 0.08657 0.06493 0.0505 0.02164 0.02164 0.007214 0.007214 0 0.007214 0 0 0 0 0 0 0 0
1 0.01177 0.3649 0.1648 0.3884 0.02354 0.03531 0.09416 0.03531 0.05885 0 0 0 0 0 0 0 0 0 0 0
1 0.02673 0.07129 0.3921 0.1069 0.1515 0.02673 0.05347 0.03564 0.008911 0.01782 0 0 0 0 0 0 0 0 0 0
1 0.006132 0.1042 0.07358 0.2759 0.03679 0.06132 0.02453 0.0184 0 0 0 0 0 0.01226 0 0 0 0 0 0
1 0.06862 0.09606 0.1647 0.06176 0.1647 0.02745 0.07548 0.01372 0.006862 0.006862 0 0 0 0 0 0 0 0 0 0
1 0 0.4772 0.156 0.1009 0.05506 0.08259 0.02753 0.009176 0.009176 0 0 0 0 0 0 0 0 0 0 0
1 0.02514 0.1634 0.8171 0.088 0.05028 0.02514 0.05028 0.01257 0.01257 0 0 0 0 0.01257 0 0 0 0 0 0
1 0 0.1623 0.04477 0.2463 0.05037 0.03358 0.005597 0.005597 0.005597 0.005597 0 0 0 0 0 0 0 0 0 0
1 0.02128 0.3511 0.2766 0.08512 0.2341 0.01064 0.0532 0 0.02128 0 0 0 0.01064 0 0 0 0 0 0 0
1 0.0357 0.08331 0.5951 0.2142 0.0476 0.1785 0 0 0.0238 0 0 0 0 0 0 0.0119 0 0 0 0
1 0.03265 0.3047 0.09794 0.3482 0.09794 0.02176 0.1088 0.02176 0.03265 0.01088 0.01088 0 0 0 0 0 0 0 0 0
1 0.01878 0.08139 0.2943 0.05009 0.09391 0.03756 0.01878 0.02504 0.006261 0 0 0 0 0 0 0 0 0 0 0
1 0.03991 0.05587 0.2155 0.2474 0.03193 0.1117 0.03991 0.007982 0.04789 0 0 0 0 0 0 0 0 0 0 0
1 0 0.3513 0.1285 0.1713 0.09424 0.008567 0.04284 0.03427 0 0.01713 0 0.008567 0 0 0 0 0 0 0 0
1 0.01938 0.02907 0.5136 0.126 0.126 0.1163 0 0.01938 0 0 0.009691 0 0 0 0 0.009691 0 0 0 0
1 0.02012 0.06539 0.07545 0.2213 0.02515 0.02515 0.04024 0.00503 0.00503 0.00503 0 0.01509 0 0 0 0 0 0 0 0
1 0.02048 0.1475 0.06965 0.04097 0.09013 0.004097 0.02458 0.008194 0 0.004097 0 0 0 0 0 0 0 0 0 0
1 0.05747 0.1916 0.4694 0.06705 0 0.09579 0.03832 0.01916 0.009579 0 0.009579 0 0 0 0 0 0 0 0 0
1 0.03301 0.1816 0.2476 0.2476 0.04952 0.02476 0.03301 0 0 0 0 0 0 0 0.008253 0 0 0 0 0
1 0.05997 0.1199 0.5277 0.3118 0.1079 0.01199 0.01199 0.03598 0 0 0.01199 0 0 0 0 0 0 0 0 0
1 0.01857 0.13 0.3527 0.2785 0.06498 0.0557 0 0 0.02785 0 0 0 0 0 0 0 0 0 0 0
1 0 0.2263 0.3086 0.1646 0.1543 0.0823 0.06172 0 0.01029 0.01029 0 0.01029 0 0 0 0 0 0 0 0
1 0.02928 0.08785 0.1464 0.1406 0.04685 0.06442 0.04685 0.005856 0.005856 0 0.01171 0 0 0 0 0 0 0 0 0
1 0.007855 0.2356 0.1492 0.1021 0.1649 0.01571 0.05498 0.03927 0.007855 0.007855 0 0 0 0 0 0 0 0 0 0
1 0.04483 0.3586 0.7172 0.07471 0.08965 0.1195 0.04483 0 0.01494 0.01494 0 0 0.01494 0 0 0 0 0 0 0
1 0.02487 0.4477 0.3358 0.2487 0.04974 0.03731 0.04974 0.02487 0.01244 0.01244 0 0 0 0 0 0 0 0 0 0
1 0.07348 0.3123 0.9368 0.2755 0.1102 0.07348 0.01837 0.03674 0 0 0 0 0 0 0 0 0 0 0 0
1 0.03397 0.2887 0.4586 0.5605 0.2208 0.1019 0 0.01698 0.01698 0 0 0 0 0 0 0 0 0 0 0
1 0.05768 0.1586 0.4038 0.3317 0.274 0.1154 0.08653 0 0.01442 0 0 0 0 0 0 0 0 0 0 0
1 0.0117 0.1404 0.3978 0.2574 0.1053 0.2223 0.0117 0.0234 0 0 0 0 0 0 0 0 0 0 0 0
1 0.04054 0.152 0.2331 0.1925 0.1723 0.08107 0.1216 0 0.02027 0 0 0 0 0 0 0 0 0 0 0
1 0.06962 0.3342 0.4456 0.181 0.1114 0.1392 0.04177 0.04177 0.01392 0.01392 0 0 0 0 0 0 0 0 0 0
1 0.1101 0.3303 0.519 0.2359 0.1887 0.04718 0.06291 0 0.04718 0.01573 0.01573 0 0 0 0 0 0 0 0 0
1 0.01398 0.5314 0.3915 0.2377 0.09788 0.05593 0.02797 0 0 0.01398 0 0.02797 0 0 0 0 0 0 0 0
1 0.02511 0.1507 0.6529 0.1632 0.1256 0.05022 0.05022 0.01256 0.02511 0 0 0 0 0 0 0 0 0 0 0
1 0.03643 0.07285 0.2064 0.4736 0.2307 0.09714 0.02428 0.01214 0.01214 0 0.02428 0 0.01214 0.01214 0 0 0 0 0 0
1 0.0471 0.2237 0.2002 0.1884 0.2826 0.1178 0.07066 0.03533 0 0 0 0.01178 0 0 0 0 0 0 0 0
1 0.05151 0.2163 0.3812 0.07212 0.09272 0.1545 0.0103 0.0103 0.03091 0.0103 0 0 0 0 0 0 0 0 0 0
