Originally  
101 
A 
2	100	
1	1	NA	NA	
1	20	
1 542.4 379.7 271.2 162.7 217 36.16 72.32 72.32 18.08 18.08 18.08 0 0 0 0 0 0 0 0 0
1 976.3 268 325.4 38.29 76.57 95.72 38.29 38.29 0 19.14 0 19.14 0 0 0 0 0 0 19.14 0
1 578 633.9 317 74.58 74.58 55.94 37.29 37.29 37.29 18.65 0 0 0 0 0 0 0 0 0 0
1 623.7 321.3 472.5 170.1 113.4 113.4 37.8 18.9 0 0 0 0 0 0 18.9 0 0 0 0 0
1 478.5 478.5 256.3 222.1 51.26 85.44 102.5 17.09 17.09 0 0 0 0 0 0 0 0 0 0 0
1 1021 403.8 213.8 213.8 190 142.5 118.8 47.5 0 23.75 0 0 0 0 0 0 0 0 0 0
1 456.2 472.5 277 114 114 65.17 48.87 16.29 16.29 32.58 0 16.29 0 0 0 0 0 0 0 0
1 451.7 258.1 387.2 129.1 80.67 80.67 112.9 32.27 32.27 0 0 16.13 0 16.13 16.13 0 0 0 0 0
1 668.3 275.2 235.9 334.1 58.97 117.9 117.9 0 58.97 39.31 0 0 39.31 0 0 0 0 0 19.66 0
1 265.3 383.1 176.8 191.6 162.1 132.6 44.21 44.21 29.47 14.74 14.74 0 14.74 0 0 0 0 0 0 0
1 890.9 269.3 269.3 165.8 145 82.88 20.72 20.72 82.88 20.72 41.44 0 41.44 0 0 0 0 0 0 20.72
1 228.8 457.6 165.3 114.4 63.56 25.42 76.27 25.42 25.42 0 38.14 12.71 12.71 12.71 0 0 0 0 0 12.71
1 276.4 162 266.9 28.59 38.12 47.66 28.59 57.19 9.531 0 19.06 9.531 9.531 0 0 0 0 0 0 0
1 419.7 284.3 148.9 257.2 67.69 40.61 27.08 0 54.15 0 27.08 13.54 0 0 13.54 0 0 0 0 0
1 493.9 320.4 186.9 93.45 120.1 66.75 13.35 13.35 26.7 0 0 0 0 0 0 0 0 0 0 0
1 575.1 475.9 218.1 178.5 119 238 39.66 19.83 39.66 0 19.83 19.83 19.83 0 19.83 0 0 0 0 0
1 368.3 191.5 353.6 88.39 117.9 103.1 73.66 0 29.46 73.66 14.73 29.46 14.73 0 0 0 14.73 0 0 0
1 366.2 305.1 183.1 228.9 122.1 122.1 15.26 91.54 30.51 15.26 0 0 30.51 0 0 0 15.26 0 0 0
1 875.5 311.3 136.2 214 214 58.36 19.45 58.36 19.45 19.45 0 0 0 0 0 0 19.45 0 0 0
1 570.3 892.7 297.6 198.4 99.19 124 124 49.6 0 0 0 24.8 24.8 49.6 0 24.8 0 0 0 0
1 298.7 142.9 402.6 168.8 129.9 51.95 25.98 38.96 12.99 0 25.98 0 0 0 0 0 0 0 0 0
1 235.1 205.7 279.2 352.6 146.9 58.77 29.39 44.08 29.39 29.39 29.39 0 14.69 0 0 0 14.69 0 0 0
1 586.6 377.1 104.7 251.4 335.2 62.85 104.7 41.9 83.79 41.9 20.95 0 41.9 20.95 0 0 0 0 0 20.95
1 846.9 646.3 334.3 111.4 89.15 44.57 44.57 0 44.57 0 0 0 0 44.57 0 0 0 0 22.29 0
1 238.8 493.6 286.6 207 63.69 79.61 127.4 15.92 0 15.92 31.84 15.92 15.92 0 0 0 0 0 0 0
1 342.2 273.7 342.2 308 102.7 85.54 85.54 68.43 17.11 0 51.33 34.22 0 0 0 0 0 0 0 0
1 254.2 231.1 219.6 150.2 115.6 69.34 34.67 11.56 46.22 11.56 11.56 0 0 0 0 0 0 0 0 0
1 481.8 404.7 173.4 269.8 327.6 77.08 38.54 19.27 57.81 0 0 19.27 0 0 0 38.54 0 0 0 19.27
1 452.9 332.2 151 196.3 0 211.4 60.39 45.29 15.1 0 15.1 15.1 0 0 15.1 0 0 0 0 0
1 337.1 337.1 219.8 131.9 87.94 43.97 87.94 43.97 87.94 0 14.66 29.31 14.66 0 14.66 14.66 0 0 0 0
1 363.4 279.6 237.6 125.8 111.8 41.93 125.8 55.91 27.96 0 0 13.98 0 0 0 13.98 0 0 0 0
1 253.5 137.3 158.5 126.8 147.9 63.39 31.69 42.26 21.13 52.82 10.56 10.56 0 0 0 0 0 0 0 0
1 497.5 382.7 363.6 287 38.27 114.8 57.4 76.54 38.27 38.27 0 0 0 0 19.13 0 0 0 0 0
1 344.7 329.7 209.8 179.8 209.8 89.92 29.97 14.99 0 14.99 44.96 29.97 0 0 0 0 0 0 0 0
1 722.5 240.8 444.6 111.1 111.1 55.57 74.1 18.52 37.05 0 0 0 0 0 18.52 0 0 18.52 0 0
1 474.6 459.3 91.85 107.2 91.85 61.24 61.24 61.24 61.24 45.93 15.31 0 0 0 0 0 0 0 0 0
1 351.8 234.5 325.7 39.08 78.17 65.14 39.08 52.11 52.11 39.08 26.06 0 0 0 0 0 0 0 0 0
1 305.7 407.6 339.6 305.7 101.9 50.95 50.95 33.96 33.96 16.98 16.98 16.98 0 0 0 0 0 0 0 16.98
1 515.3 337.6 213.2 195.5 284.3 17.77 88.84 71.08 35.54 0 17.77 0 0 0 0 0 0 0 0 0
1 470.6 470.6 88.23 132.3 117.6 102.9 29.41 0 14.7 14.7 14.7 14.7 0 0 0 0 0 0 0 0
1 376.9 316.6 226.1 150.8 135.7 30.15 90.46 60.31 30.15 0 45.23 0 15.08 15.08 15.08 0 0 0 0 0
1 692.5 514.4 296.8 98.93 59.36 138.5 79.14 19.79 0 0 19.79 39.57 0 19.79 0 0 0 0 0 0
1 663.9 459.6 187.3 136.2 85.11 0 85.11 17.02 34.05 0 0 17.02 0 0 0 0 0 0 0 17.02
1 197.4 485.8 227.7 227.7 91.09 121.5 0 60.73 15.18 45.54 30.36 15.18 0 0 0 0 0 0 0 0
1 226.2 156.6 417.6 435 208.8 69.6 104.4 0 17.4 34.8 17.4 34.8 0 0 17.4 0 0 0 0 0
1 796.4 113.8 97.52 243.8 130 113.8 48.76 65.01 0 0 0 16.25 0 0 0 0 0 0 0 0
1 233.1 431.2 139.9 46.62 139.9 58.27 58.27 11.65 23.31 11.65 0 11.65 0 0 0 0 0 0 0 0
1 290.3 197.9 541 39.58 39.58 79.17 52.78 52.78 13.19 0 0 0 0 0 0 13.19 0 0 0 0
1 312.6 312.6 125 187.5 20.84 10.42 41.67 0 10.42 0 20.84 0 0 0 0 0 0 0 0 0
1 443.6 336.5 244.8 107.1 244.8 45.89 30.6 45.89 15.3 0 0 0 15.3 0 0 0 0 0 0 0
1 276.2 176.7 232 110.5 88.37 55.23 33.14 22.09 33.14 44.19 22.09 11.05 0 0 0 0 0 0 0 0
1 419.3 139.8 89.85 119.8 59.9 59.9 49.92 29.95 0 0 19.97 9.984 0 0 0 0 0 0 0 0
1 485.5 293.6 67.74 33.87 67.74 33.87 33.87 33.87 11.29 0 33.87 22.58 0 11.29 0 0 0 0 0 0
1 293.9 342.9 330.7 110.2 48.99 36.74 24.49 0 12.25 24.49 0 0 0 0 0 0 0 0 0 0
1 634 288.2 288.2 72.04 57.63 28.82 28.82 14.41 0 28.82 0 0 0 0 0 0 0 0 0 0
1 418.3 239 167.3 143.4 59.75 47.8 23.9 47.8 35.85 11.95 0 0 0 0 0 0 0 0 0 0
1 428 303.7 331.4 96.65 138.1 55.23 0 0 13.81 13.81 0 0 0 0 0 0 0 0 0 0
1 362.6 262.5 100 225 125 112.5 37.51 12.5 0 12.5 0 0 0 0 0 0 0 0 0 0
1 430.8 235 261.1 104.4 195.8 13.05 26.11 39.16 0 0 0 0 0 0 0 0 0 0 0 0
1 259.4 372.2 248.1 90.23 22.56 78.96 0 22.56 0 0 22.56 11.28 0 0 0 0 0 0 0 0
1 303.5 343.1 290.3 184.8 92.38 26.39 26.39 13.2 39.59 0 0 0 0 0 0 0 0 0 0 0
1 321.8 166.1 186.9 155.7 72.67 41.53 20.76 51.91 10.38 0 0 0 0 10.38 0 0 0 0 0 0
1 357.9 263.2 73.69 94.74 157.9 31.58 21.05 10.53 21.05 0 0 10.53 0 0 0 0 10.53 0 0 0
1 230.1 270.1 200.1 60.02 80.02 80.02 40.01 20.01 10 0 0 0 0 0 0 0 10 0 0 0
1 337.5 214.8 133 133 81.82 61.37 40.91 10.23 0 0 10.23 0 0 0 0 0 0 0 0 0
1 442 157.1 117.9 68.75 39.29 29.46 29.46 29.46 9.821 9.821 19.64 9.821 9.821 0 0 9.821 0 0 0 0
1 161.7 343.6 151.6 80.84 111.2 70.74 20.21 20.21 0 10.11 10.11 10.11 10.11 0 0 10.11 0 0 0 0
1 493.8 329.2 260.6 68.58 68.58 41.15 41.15 27.43 13.72 27.43 0 0 0 0 0 0 0 0 0 0
1 350.4 338.3 120.8 132.9 48.33 60.42 36.25 72.5 12.08 12.08 0 0 12.08 12.08 0 0 0 0 0 0
1 512.2 398.4 185 56.92 99.6 28.46 28.46 42.69 14.23 42.69 0 14.23 0 0 0 0 0 0 0 0
1 653.2 634 172.9 153.7 115.3 96.07 19.21 38.43 19.21 0 19.21 0 0 0 0 0 0 0 0 0
1 297.3 297.3 205.8 205.8 45.74 11.44 45.74 11.44 0 22.87 0 0 0 0 0 0 0 0 0 0
1 757.4 291.3 330.2 252.5 58.26 38.84 58.26 77.68 38.84 19.42 0 0 0 0 0 0 0 0 0 19.42
1 720.3 442 147.3 147.3 98.22 32.74 16.37 0 16.37 0 16.37 0 0 0 0 0 0 0 0 0
1 248.7 248.7 191.3 47.83 105.2 9.565 19.13 47.83 9.565 19.13 9.565 0 0 0 0 0 0 0 0 0
1 424.6 361.7 267.3 204.4 94.35 78.62 31.45 31.45 47.17 15.72 0 0 0 15.72 0 0 0 0 0 0
1 374.8 327.9 203 218.6 281.1 46.85 31.23 46.85 0 31.23 0 0 0 0 0 0 0 0 0 0
1 328.6 328.6 268.8 119.5 164.3 104.5 74.68 14.94 59.74 14.94 14.94 0 0 0 0 0 0 0 0 0
1 505.9 223.2 193.4 223.2 104.2 74.39 59.52 14.88 29.76 44.64 0 0 14.88 0 0 0 0 0 0 0
1 248.3 279.3 175.9 103.5 20.69 62.08 72.42 20.69 31.04 0 10.35 0 0 0 0 0 10.35 0 0 0
1 314 219.8 198.9 94.2 73.26 31.4 52.33 20.93 20.93 0 20.93 0 0 0 0 0 0 0 0 0
1 358.4 388.3 283.8 194.2 89.61 44.81 29.87 44.81 29.87 14.94 14.94 0 0 0 0 0 0 0 0 0
1 291.5 248.3 183.5 118.7 53.97 53.97 53.97 32.38 10.79 10.79 21.59 0 0 0 0 0 0 0 0 0
1 465.6 279.3 186.2 46.56 46.56 69.83 11.64 0 23.28 11.64 0 0 0 11.64 0 0 0 0 0 11.64
1 304 220.2 220.2 94.36 31.45 62.9 20.97 20.97 0 10.48 10.48 10.48 20.97 10.48 0 10.48 0 0 0 0
1 180.4 214.7 189 120.2 42.94 17.18 17.18 0 0 42.94 8.589 17.18 8.589 0 0 0 0 0 0 0
1 527.7 163.3 163.3 138.2 62.82 75.39 0 62.82 50.26 12.56 0 0 0 0 0 0 0 0 0 0
1 438.9 325.7 141.6 155.8 99.12 155.8 56.64 0 42.48 0 0 0 0 0 0 0 0 0 0 0
1 445.1 362.7 395.6 65.94 49.45 148.4 98.91 16.48 0 0 16.48 16.48 16.48 0 0 0 0 0 0 16.48
1 633.5 377.1 150.8 165.9 30.16 30.16 15.08 30.16 15.08 45.25 0 0 0 0 0 0 15.08 0 0 0
1 398.1 526.1 199.1 156.4 71.1 14.22 14.22 14.22 14.22 0 14.22 0 0 0 0 0 0 0 0 0
1 341.7 396.4 205 164 54.67 95.67 13.67 41 0 41 0 0 13.67 0 0 0 0 0 0 0
1 170.6 204.8 145 162.1 42.66 17.06 51.19 0 17.06 8.531 8.531 25.59 0 0 0 0 0 0 0 0
1 273 120.1 152.9 109.2 120.1 109.2 54.61 54.61 10.92 32.76 21.84 21.84 10.92 0 0 0 0 0 0 0
1 187.1 102 119 85.03 153.1 93.53 42.51 8.503 42.51 0 0 0 0 8.503 0 0 8.503 0 0 0
1 344.8 193.9 96.97 140.1 64.65 86.2 32.32 53.87 32.32 21.55 0 10.77 0 0 0 0 0 0 0 0
1 554 265.5 80.79 69.25 0 46.17 57.71 11.54 23.08 23.08 11.54 0 0 0 11.54 0 0 0 0 0
1 425 228.1 176.2 72.57 31.1 20.73 20.73 20.73 10.37 0 10.37 0 10.37 0 10.37 0 0 0 0 0
1 434.6 339.5 271.6 108.6 40.74 13.58 54.32 13.58 27.16 13.58 27.16 13.58 0 0 0 0 0 0 0 0
