 landings-at-age - landings.n (units : NA )
1	2	
42	100	
1	20	
1 
0.00331 0.05531 0.168 0.07136 0.1703 0.2106 0.04074 0.05805 0.02288 0.02163 0.006737 0.006756 0.006809 0.001507 0.001333 0.001961 0.00058 0.001231 0.0002959 0.001377
0.002033 0.03716 0.1552 0.1401 0.05003 0.1194 0.1477 0.02857 0.0407 0.01604 0.01516 0.004724 0.004737 0.004774 0.001056 0.0009347 0.001375 0.0004067 0.000863 0.001173
0.01719 0.3587 1.631 2.022 1.535 0.5481 1.308 1.618 0.313 0.4459 0.1758 0.1661 0.05175 0.0519 0.05231 0.01157 0.01024 0.01506 0.004455 0.02231
0.04974 0.3726 1.923 2.581 2.687 2.039 0.7283 1.738 2.149 0.4158 0.5924 0.2336 0.2207 0.06876 0.06896 0.0695 0.01538 0.01361 0.02001 0.03556
0.242 0.8249 1.519 2.3 2.589 2.695 2.046 0.7305 1.743 2.156 0.4171 0.5943 0.2343 0.2214 0.06897 0.06917 0.06971 0.01542 0.01365 0.05574
0.2591 3.581 2.984 1.602 2.032 2.287 2.381 1.807 0.6453 1.54 1.905 0.3685 0.525 0.207 0.1956 0.06093 0.0611 0.06158 0.01363 0.0613
0.9192 3.597 12.08 2.917 1.31 1.662 1.871 1.947 1.478 0.5278 1.259 1.558 0.3014 0.4294 0.1693 0.16 0.04984 0.04997 0.05037 0.06128
0.4552 12.24 11.58 11.2 2.259 1.015 1.287 1.449 1.508 1.145 0.4088 0.9755 1.207 0.2334 0.3326 0.1311 0.1239 0.0386 0.03871 0.08648
0.4236 5.889 38.05 10.3 8.316 1.678 0.7537 0.9558 1.076 1.12 0.8501 0.3036 0.7243 0.8959 0.1733 0.2469 0.09735 0.092 0.02866 0.09295
0.2605 5.363 17.81 32.74 7.385 5.963 1.203 0.5404 0.6853 0.7714 0.803 0.6095 0.2177 0.5194 0.6423 0.1243 0.1771 0.0698 0.06597 0.0872
0.6046 3.242 15.85 14.88 22.78 5.138 4.148 0.8369 0.376 0.4768 0.5366 0.5586 0.424 0.1514 0.3613 0.4469 0.08646 0.1232 0.04856 0.1066
0.3164 7.422 9.393 12.91 10.08 15.42 3.479 2.809 0.5667 0.2546 0.3229 0.3634 0.3783 0.2872 0.1025 0.2447 0.3026 0.05855 0.08341 0.105
0.5292 3.839 21.14 7.475 8.529 6.659 10.19 2.299 1.856 0.3744 0.1682 0.2133 0.2401 0.2499 0.1897 0.06775 0.1617 0.1999 0.03869 0.1245
0.7533 6.36 10.77 16.46 4.827 5.508 4.3 6.58 1.484 1.199 0.2418 0.1086 0.1378 0.155 0.1614 0.1225 0.04375 0.1044 0.1291 0.1054
1.553 8.977 17.58 8.216 10.4 3.051 3.481 2.717 4.158 0.9381 0.7575 0.1528 0.06865 0.08705 0.09798 0.102 0.07743 0.02765 0.06597 0.1482
1.228 18.37 24.49 13.16 5.086 6.441 1.888 2.155 1.682 2.574 0.5807 0.4689 0.09459 0.0425 0.05389 0.06066 0.06314 0.04793 0.01712 0.1326
2.39 14.43 49.5 18 7.989 3.087 3.909 1.146 1.308 1.021 1.562 0.3525 0.2846 0.05741 0.02579 0.03271 0.03682 0.03832 0.02909 0.09086
1.463 27.91 38.43 35.73 10.72 4.757 1.838 2.328 0.6825 0.7787 0.6079 0.9304 0.2099 0.1695 0.03419 0.01536 0.01948 0.02192 0.02282 0.07143
0.7737 17 73.52 27.27 20.89 6.264 2.78 1.074 1.36 0.3989 0.4551 0.3553 0.5438 0.1227 0.09905 0.01998 0.008976 0.01138 0.01281 0.05508
1.939 8.944 44.3 51.29 15.65 11.99 3.595 1.596 0.6167 0.7808 0.2289 0.2612 0.2039 0.3121 0.0704 0.05685 0.01147 0.005152 0.006534 0.03897
0.7752 22.32 23.07 30.4 28.92 8.824 6.759 2.027 0.8997 0.3477 0.4403 0.1291 0.1473 0.115 0.176 0.0397 0.03205 0.006466 0.002905 0.02566
1.7 8.451 54.45 14.9 16.11 15.33 4.676 3.582 1.074 0.4768 0.1843 0.2333 0.06841 0.07806 0.06094 0.09326 0.02104 0.01699 0.003427 0.01514
0.3348 18.53 20.62 35.17 7.897 8.538 8.122 2.478 1.898 0.5693 0.2527 0.09764 0.1236 0.03625 0.04136 0.03229 0.04942 0.01115 0.009002 0.009837
0.7687 3.65 45.22 13.32 18.64 4.185 4.524 4.304 1.313 1.006 0.3017 0.1339 0.05175 0.06552 0.01921 0.02192 0.01711 0.02619 0.005908 0.009984
0.5168 8.38 8.906 29.21 7.058 9.877 2.218 2.398 2.281 0.696 0.5331 0.1599 0.07096 0.02742 0.03472 0.01018 0.01162 0.009069 0.01388 0.008422
2.943 5.634 20.45 5.753 15.48 3.74 5.234 1.175 1.271 1.209 0.3688 0.2825 0.08472 0.03761 0.01453 0.0184 0.005395 0.006156 0.004806 0.01182
0.4366 32.08 13.75 13.21 3.049 8.203 1.982 2.774 0.6228 0.6733 0.6406 0.1955 0.1497 0.0449 0.01993 0.007701 0.009751 0.002859 0.003262 0.00881
0.9515 4.759 78.28 8.88 6.999 1.616 4.347 1.05 1.47 0.33 0.3568 0.3395 0.1036 0.07933 0.02379 0.01056 0.004081 0.005168 0.001515 0.006398
1.538 10.37 11.61 50.56 4.706 3.709 0.8562 2.304 0.5567 0.779 0.1749 0.1891 0.1799 0.05489 0.04204 0.01261 0.005597 0.002163 0.002739 0.004193
0.313 16.77 25.31 7.501 26.8 2.494 1.966 0.4537 1.221 0.295 0.4128 0.09269 0.1002 0.09534 0.02909 0.02228 0.006682 0.002966 0.001146 0.003674
1.287 3.412 40.92 16.35 3.975 14.2 1.322 1.042 0.2404 0.647 0.1563 0.2188 0.04912 0.05311 0.05052 0.01542 0.01181 0.003541 0.001572 0.002554
0.6667 14.03 8.325 26.43 8.663 2.106 7.525 0.7003 0.552 0.1274 0.3429 0.08284 0.1159 0.02603 0.02814 0.02677 0.008169 0.006257 0.001877 0.002187
0.4091 7.269 34.22 5.377 14.01 4.591 1.116 3.988 0.3711 0.2925 0.06752 0.1817 0.0439 0.06144 0.01379 0.01491 0.01419 0.004329 0.003316 0.002153
1.397 4.46 17.74 22.11 2.849 7.422 2.433 0.5916 2.113 0.1967 0.155 0.03578 0.09629 0.02327 0.03256 0.00731 0.007904 0.007519 0.002294 0.002898
0.287 15.23 10.88 11.46 11.71 1.51 3.933 1.289 0.3135 1.12 0.1042 0.08215 0.01896 0.05103 0.01233 0.01725 0.003874 0.004188 0.003985 0.002752
0.3346 3.129 37.17 7.03 6.071 6.208 0.8002 2.084 0.6833 0.1661 0.5935 0.05523 0.04354 0.01005 0.02704 0.006534 0.009143 0.002053 0.00222 0.00357
1.325 3.648 7.635 24.01 3.725 3.217 3.29 0.4241 1.105 0.3621 0.08804 0.3145 0.02927 0.02307 0.005326 0.01433 0.003463 0.004845 0.001088 0.003068
1.09 14.45 8.901 4.932 12.72 1.974 1.705 1.743 0.2247 0.5854 0.1919 0.04666 0.1667 0.01551 0.01223 0.002822 0.007594 0.001835 0.002568 0.002203
1.421 11.88 35.25 5.749 2.614 6.742 1.046 0.9035 0.9239 0.1191 0.3102 0.1017 0.02473 0.08833 0.00822 0.006479 0.001496 0.004024 0.0009724 0.002528
0.8139 15.49 29 22.77 3.047 1.385 3.573 0.5544 0.4788 0.4896 0.06311 0.1644 0.05389 0.0131 0.04681 0.004356 0.003434 0.0007926 0.002133 0.001855
1.03 8.662 36.96 18.33 11.81 1.58 0.7182 1.853 0.2875 0.2483 0.2539 0.03273 0.08525 0.02794 0.006795 0.02427 0.002259 0.001781 0.000411 0.002068
0.6522 10.97 20.73 23.49 9.564 6.162 0.8245 0.3748 0.9669 0.15 0.1296 0.1325 0.01708 0.04449 0.01458 0.003546 0.01267 0.001179 0.0009292 0.001294
0.4975 6.942 26.32 13.25 12.34 5.022 3.236 0.4329 0.1968 0.5077 0.07878 0.06803 0.06957 0.008968 0.02336 0.007657 0.001862 0.006651 0.000619 0.001167
1.644 5.296 16.7 16.92 7 6.517 2.653 1.709 0.2287 0.104 0.2682 0.04162 0.03594 0.03676 0.004738 0.01234 0.004045 0.0009837 0.003514 0.0009437
1.376 17.49 12.78 10.8 8.992 3.721 3.465 1.41 0.9087 0.1216 0.05527 0.1426 0.02212 0.01911 0.01954 0.002519 0.00656 0.00215 0.0005229 0.00237
2.352 14.65 42.31 8.302 5.774 4.809 1.99 1.853 0.7543 0.486 0.06503 0.02956 0.07626 0.01183 0.01022 0.01045 0.001347 0.003509 0.00115 0.001547
1.107 25.03 35.53 27.65 4.467 3.107 2.588 1.071 0.997 0.4059 0.2615 0.03499 0.01591 0.04103 0.006367 0.005499 0.005623 0.0007248 0.001888 0.001451
1.167 11.78 60.85 23.34 14.97 2.418 1.682 1.401 0.5797 0.5397 0.2197 0.1416 0.01894 0.00861 0.02221 0.003447 0.002977 0.003044 0.0003924 0.001808
0.8235 12.42 28.7 40.18 12.71 8.15 1.317 0.9158 0.7628 0.3157 0.2939 0.1196 0.07708 0.01031 0.004688 0.01209 0.001877 0.001621 0.001658 0.001198
0.8303 8.759 30.34 19.05 22.01 6.961 4.464 0.7213 0.5016 0.4178 0.1729 0.161 0.06553 0.04222 0.00565 0.002568 0.006625 0.001028 0.0008878 0.001564
0.9149 8.828 21.45 20.25 10.5 12.13 3.835 2.46 0.3974 0.2764 0.2302 0.09526 0.08869 0.03611 0.02326 0.003113 0.001415 0.00365 0.0005664 0.001351
1.179 9.724 21.67 14.39 11.22 5.817 6.72 2.125 1.363 0.2202 0.1531 0.1276 0.05279 0.04915 0.02001 0.01289 0.001725 0.0007841 0.002023 0.001062
1.351 12.52 23.92 14.61 8.019 6.254 3.242 3.745 1.184 0.7595 0.1227 0.08535 0.07109 0.02942 0.02739 0.01115 0.007184 0.0009612 0.000437 0.001719
2.103 14.35 30.88 16.21 8.187 4.494 3.505 1.817 2.099 0.6637 0.4256 0.06877 0.04783 0.03984 0.01649 0.01535 0.006249 0.004026 0.0005387 0.001208
0.6942 22.31 35.44 21.02 9.133 4.613 2.532 1.975 1.024 1.183 0.374 0.2398 0.03875 0.02695 0.02245 0.00929 0.008649 0.003521 0.002269 0.0009845
0.4709 7.36 55.22 24.25 11.91 5.174 2.614 1.435 1.119 0.58 0.67 0.2119 0.1359 0.02195 0.01527 0.01272 0.005263 0.0049 0.001995 0.001843
0.8958 4.988 18.25 37.96 13.81 6.783 2.947 1.489 0.817 0.6372 0.3303 0.3816 0.1207 0.07739 0.0125 0.008696 0.007243 0.002997 0.002791 0.002186
0.9452 9.479 12.39 12.6 21.73 7.906 3.883 1.687 0.8521 0.4677 0.3647 0.1891 0.2184 0.06908 0.0443 0.007158 0.004978 0.004146 0.001716 0.002849
1.342 9.991 23.58 8.591 7.249 12.5 4.548 2.234 0.9705 0.4902 0.2691 0.2098 0.1088 0.1257 0.03974 0.02549 0.004118 0.002864 0.002385 0.002626
