 landings-at-age - landings.n (units : NA )
1	2	
2	100	
1	20	
1 
0.02659 0.2984 0.8352 0.6934 0.4839 0.3377 0.2357 0.1644 0.1148 0.08008 0.05589 0.039 0.02722 0.01899 0.01325 0.009249 0.006454 0.004504 0.003143 0.007259
0.005897 0.05216 0.1462 0.1214 0.08475 0.05914 0.04127 0.0288 0.0201 0.01403 0.009787 0.00683 0.004766 0.003326 0.002321 0.00162 0.00113 0.0007888 0.0005504 0.001271
0.003643 0.06621 0.1464 0.1219 0.08515 0.05942 0.04147 0.02894 0.02019 0.01409 0.009834 0.006862 0.004789 0.003342 0.002332 0.001627 0.001136 0.0007925 0.000553 0.001277
0.004475 0.0409 0.1858 0.122 0.08549 0.0597 0.04166 0.02907 0.02029 0.01416 0.00988 0.006895 0.004811 0.003358 0.002343 0.001635 0.001141 0.0007963 0.0005557 0.001283
0.004595 0.05024 0.1148 0.1549 0.08557 0.05994 0.04186 0.02921 0.02038 0.01423 0.009927 0.006927 0.004834 0.003374 0.002354 0.001643 0.001146 8e-04 0.0005583 0.001289
0.004231 0.05159 0.141 0.09571 0.1086 0.06 0.04203 0.02935 0.02048 0.01429 0.009974 0.00696 0.004857 0.00339 0.002365 0.001651 0.001152 0.0008038 0.0005609 0.001295
0.004288 0.0475 0.1448 0.1176 0.06711 0.07616 0.04207 0.02947 0.02058 0.01436 0.01002 0.006993 0.00488 0.003406 0.002377 0.001658 0.001157 0.0008076 0.0005636 0.001302
0.004873 0.04815 0.1333 0.1207 0.08243 0.04705 0.0534 0.0295 0.02066 0.01443 0.01007 0.007026 0.004903 0.003422 0.002388 0.001666 0.001163 0.0008114 0.0005663 0.001308
0.003571 0.05472 0.1351 0.1111 0.08464 0.05779 0.03299 0.03744 0.02068 0.01449 0.01012 0.00706 0.004926 0.003438 0.002399 0.001674 0.001168 0.0008153 0.0005689 0.001314
0.005957 0.04009 0.1535 0.1127 0.07793 0.05934 0.04052 0.02313 0.02625 0.0145 0.01016 0.007093 0.00495 0.003454 0.00241 0.001682 0.001174 0.0008191 0.0005716 0.00132
0.004359 0.06689 0.1125 0.128 0.07899 0.05464 0.04161 0.02841 0.01622 0.01841 0.01017 0.007121 0.004973 0.003471 0.002422 0.00169 0.001179 0.000823 0.0005743 0.001326
0.004024 0.04894 0.1877 0.09381 0.08976 0.05538 0.03831 0.02917 0.01992 0.01137 0.01291 0.007128 0.004993 0.003487 0.002433 0.001698 0.001185 0.0008269 0.0005771 0.001333
0.003397 0.04518 0.1373 0.1565 0.06577 0.06294 0.03883 0.02686 0.02045 0.01397 0.007973 0.009048 0.004998 0.003501 0.002445 0.001706 0.001191 0.0008308 0.0005798 0.001339
0.005421 0.03815 0.1268 0.1145 0.1097 0.04612 0.04413 0.02723 0.01883 0.01434 0.009793 0.00559 0.006344 0.003504 0.002455 0.001714 0.001196 0.0008348 0.0005825 0.001345
0.004827 0.06086 0.107 0.1057 0.08029 0.07694 0.03234 0.03094 0.01909 0.01321 0.01006 0.006866 0.003919 0.004448 0.002457 0.001721 0.001202 0.0008387 0.0005853 0.001352
0.003678 0.0542 0.1708 0.08926 0.07412 0.05629 0.05394 0.02267 0.02169 0.01338 0.009259 0.00705 0.004814 0.002748 0.003119 0.001723 0.001207 0.0008427 0.0005881 0.001358
0.004802 0.0413 0.1521 0.1424 0.06258 0.05197 0.03947 0.03782 0.0159 0.01521 0.009384 0.006492 0.004943 0.003376 0.001927 0.002187 0.001208 0.000846 0.0005908 0.001365
0.004763 0.05392 0.1159 0.1268 0.09985 0.04388 0.03644 0.02767 0.02652 0.01115 0.01066 0.00658 0.004552 0.003466 0.002367 0.001351 0.001533 0.0008469 0.0005932 0.001371
0.004195 0.05348 0.1513 0.09664 0.08892 0.07001 0.03077 0.02555 0.0194 0.01859 0.007815 0.007477 0.004613 0.003191 0.00243 0.001659 0.0009472 0.001075 0.0005938 0.001377
0.003741 0.0471 0.1501 0.1262 0.06776 0.06234 0.04909 0.02157 0.01791 0.0136 0.01304 0.005479 0.005243 0.003235 0.002238 0.001704 0.001163 0.0006641 0.0007537 0.001382
0.004068 0.042 0.1322 0.1251 0.08846 0.04751 0.04371 0.03442 0.01512 0.01256 0.009539 0.009141 0.003842 0.003676 0.002268 0.001569 0.001195 0.0008158 0.0004656 0.001497
0.003825 0.04567 0.1179 0.1102 0.08773 0.06202 0.03331 0.03065 0.02413 0.0106 0.008806 0.006688 0.006409 0.002694 0.002577 0.00159 0.0011 0.0008376 0.000572 0.001376
0.006755 0.04295 0.1282 0.09828 0.07728 0.06151 0.04349 0.02335 0.02149 0.01692 0.007435 0.006174 0.004689 0.004494 0.001889 0.001807 0.001115 0.0007713 0.0005873 0.001366
0.002093 0.07585 0.1205 0.1069 0.06891 0.05418 0.04313 0.03049 0.01637 0.01507 0.01186 0.005213 0.004329 0.003288 0.003151 0.001324 0.001267 0.0007817 0.0005408 0.00137
0.003203 0.0235 0.2128 0.1005 0.07493 0.04832 0.03799 0.03024 0.02138 0.01148 0.01056 0.008318 0.003655 0.003035 0.002305 0.002209 0.0009284 0.0008884 0.0005481 0.001339
0.004113 0.03597 0.06595 0.1775 0.07046 0.05254 0.03388 0.02664 0.0212 0.01499 0.00805 0.007407 0.005832 0.002563 0.002128 0.001616 0.001549 0.000651 0.0006229 0.001323
0.006309 0.04618 0.1009 0.05499 0.1244 0.0494 0.03684 0.02375 0.01868 0.01487 0.01051 0.005644 0.005193 0.004089 0.001797 0.001492 0.001133 0.001086 0.0004564 0.001365
0.004715 0.07084 0.1296 0.08416 0.03856 0.08725 0.03464 0.02583 0.01665 0.01309 0.01042 0.007369 0.003957 0.003641 0.002867 0.00126 0.001046 0.0007946 0.0007614 0.001277
0.006218 0.05294 0.1988 0.1081 0.05901 0.02704 0.06117 0.02429 0.01811 0.01168 0.009181 0.007308 0.005167 0.002775 0.002553 0.00201 0.0008833 0.0007335 0.0005571 0.001429
0.004045 0.06982 0.1485 0.1657 0.07576 0.04137 0.01896 0.04289 0.01703 0.0127 0.008187 0.006437 0.005124 0.003622 0.001945 0.00179 0.001409 0.0006193 0.0005143 0.001393
0.004421 0.04542 0.1959 0.1239 0.1162 0.05312 0.02901 0.01329 0.03007 0.01194 0.008902 0.00574 0.004513 0.003593 0.00254 0.001364 0.001255 0.0009882 0.0004342 0.001337
0.0037 0.04964 0.1274 0.1634 0.08685 0.08148 0.03724 0.02034 0.009319 0.02108 0.008371 0.006242 0.004025 0.003165 0.002519 0.001781 0.0009564 0.00088 0.0006929 0.001242
0.003531 0.04154 0.1393 0.1063 0.1145 0.06089 0.05713 0.02611 0.01426 0.006534 0.01478 0.005869 0.004376 0.002822 0.002219 0.001766 0.001249 0.0006706 0.000617 0.001357
0.00407 0.03965 0.1166 0.1161 0.07451 0.08031 0.04269 0.04006 0.01831 0.009999 0.004581 0.01037 0.004115 0.003068 0.001979 0.001556 0.001238 0.0008755 0.0004702 0.001384
0.004851 0.0457 0.1113 0.0972 0.08143 0.05224 0.05631 0.02994 0.02809 0.01284 0.007011 0.003212 0.007268 0.002885 0.002151 0.001387 0.001091 0.0008683 0.0006138 0.0013
0.005242 0.05447 0.1282 0.09277 0.06815 0.0571 0.03663 0.03948 0.02099 0.01969 0.009001 0.004916 0.002252 0.005096 0.002023 0.001508 0.0009727 0.0007648 0.0006088 0.001342
0.006597 0.05886 0.1528 0.1069 0.06505 0.04778 0.04003 0.02568 0.02768 0.01472 0.01381 0.006311 0.003447 0.001579 0.003573 0.001418 0.001058 0.000682 0.0005362 0.001368
0.00413 0.07408 0.1652 0.1275 0.07498 0.04561 0.0335 0.02807 0.01801 0.01941 0.01032 0.009681 0.004425 0.002416 0.001107 0.002505 0.0009946 0.0007416 0.0004782 0.001335
0.0105 0.04637 0.2079 0.1377 0.08936 0.05257 0.03198 0.02349 0.01968 0.01263 0.01361 0.007235 0.006788 0.003103 0.001694 0.0007763 0.001756 0.0006973 0.0005199 0.001271
0.003889 0.1179 0.1301 0.1733 0.09656 0.06266 0.03686 0.02242 0.01647 0.0138 0.008852 0.009541 0.005072 0.004759 0.002175 0.001188 0.0005443 0.001231 0.0004889 0.001256
0.004758 0.04367 0.3307 0.1085 0.1215 0.06771 0.04393 0.02585 0.01572 0.01155 0.009675 0.006206 0.00669 0.003556 0.003337 0.001525 0.0008329 0.0003816 0.0008634 0.001223
6.777e-08 6.116e-07 1.403e-06 3.158e-06 8.712e-07 9.757e-07 5.436e-07 3.527e-07 2.075e-07 1.262e-07 9.271e-08 7.768e-08 4.983e-08 5.371e-08 2.855e-08 2.679e-08 1.225e-08 6.687e-09 3.064e-09 1.675e-08
0.06987 0.9817 2.205 1.502 2.843 0.7845 0.8786 0.4895 0.3176 0.1868 0.1136 0.08348 0.06995 0.04487 0.04836 0.02571 0.02412 0.01103 0.006022 0.01785
0.1136 1.565 5.439 3.607 2.064 3.905 1.078 1.207 0.6723 0.4362 0.2566 0.1561 0.1147 0.09607 0.06163 0.06643 0.03532 0.03313 0.01515 0.03278
0.2486 1.904 6.453 6.582 3.661 2.095 3.964 1.094 1.225 0.6824 0.4428 0.2605 0.1584 0.1164 0.09752 0.06256 0.06743 0.03585 0.03363 0.04865
0.3132 3.699 6.929 6.848 5.852 3.255 1.862 3.524 0.9724 1.089 0.6067 0.3937 0.2316 0.1409 0.1035 0.0867 0.05562 0.05995 0.03187 0.07315
0.3072 4.363 12.53 6.802 5.624 4.806 2.673 1.529 2.894 0.7986 0.8944 0.4983 0.3233 0.1902 0.1157 0.08498 0.0712 0.04567 0.04923 0.08625
0.301 4.101 14.08 11.64 5.284 4.369 3.733 2.076 1.188 2.248 0.6204 0.6948 0.3871 0.2512 0.1478 0.08987 0.06602 0.05531 0.03548 0.1052
0.3729 3.901 12.77 12.55 8.666 3.932 3.251 2.778 1.545 0.8842 1.673 0.4617 0.5171 0.2881 0.1869 0.11 0.06688 0.04913 0.04116 0.1047
1.071 4.726 11.81 11.01 9.018 6.225 2.825 2.336 1.996 1.11 0.6351 1.202 0.3316 0.3714 0.2069 0.1343 0.07899 0.04804 0.03529 0.1048
0.5827 13.34 13.98 9.887 7.668 6.283 4.337 1.968 1.627 1.39 0.7734 0.4425 0.8374 0.231 0.2588 0.1442 0.09354 0.05503 0.03347 0.0976
0.7686 7.159 38.7 11.4 6.704 5.199 4.26 2.941 1.334 1.103 0.9428 0.5244 0.3 0.5678 0.1567 0.1755 0.09775 0.06342 0.03731 0.08888
0.9916 9.334 20.41 30.83 7.543 4.434 3.439 2.818 1.945 0.8826 0.7298 0.6236 0.3468 0.1984 0.3756 0.1036 0.1161 0.06465 0.04195 0.08346
0.607 11.92 26.19 15.91 19.93 4.875 2.866 2.223 1.821 1.257 0.5704 0.4717 0.403 0.2242 0.1283 0.2427 0.06697 0.07501 0.04179 0.08106
0.8461 7.237 32.98 20 10.06 12.6 3.083 1.813 1.406 1.152 0.7951 0.3608 0.2983 0.2549 0.1418 0.08112 0.1535 0.04236 0.04744 0.07769
0.6996 10.01 19.76 24.71 12.39 6.232 7.806 1.91 1.123 0.8708 0.7135 0.4925 0.2235 0.1848 0.1579 0.08783 0.05025 0.0951 0.02624 0.07752
0.4755 8.224 26.99 14.53 15 7.525 3.784 4.741 1.16 0.6819 0.5288 0.4333 0.2991 0.1357 0.1122 0.09589 0.05334 0.03052 0.05775 0.06301
0.6733 5.556 21.91 19.49 8.654 8.938 4.483 2.254 2.824 0.691 0.4062 0.315 0.2581 0.1782 0.08085 0.06685 0.05713 0.03177 0.01818 0.07194
0.6626 7.824 14.64 15.55 11.4 5.06 5.226 2.621 1.318 1.651 0.404 0.2375 0.1842 0.1509 0.1042 0.04727 0.03909 0.0334 0.01858 0.05269
1.147 7.661 20.39 10.22 8.93 6.544 2.905 3 1.505 0.7568 0.948 0.232 0.1364 0.1057 0.08665 0.05981 0.02714 0.02244 0.01918 0.04092
0.8194 13.2 19.76 14 5.761 5.036 3.691 1.638 1.692 0.8487 0.4268 0.5346 0.1308 0.0769 0.05964 0.04887 0.03373 0.01531 0.01266 0.03389
0.8928 8.933 32.2 12.77 7.419 3.053 2.669 1.956 0.8682 0.8967 0.4498 0.2262 0.2833 0.06932 0.04075 0.0316 0.0259 0.01788 0.008112 0.02467
0.8106 9.734 21.8 20.8 6.765 3.932 1.618 1.414 1.036 0.4601 0.4752 0.2383 0.1199 0.1501 0.03674 0.0216 0.01675 0.01372 0.009474 0.01737
0.6659 8.837 23.75 14.08 11.02 3.585 2.084 0.8574 0.7495 0.5493 0.2438 0.2518 0.1263 0.06352 0.07957 0.01947 0.01145 0.008876 0.007273 0.01423
0.5549 7.259 21.56 15.34 7.461 5.841 1.9 1.104 0.4544 0.3972 0.2911 0.1292 0.1335 0.06694 0.03366 0.04217 0.01032 0.006065 0.004704 0.01139
1.037 6.05 17.71 13.93 8.129 3.954 3.095 1.007 0.5851 0.2408 0.2105 0.1543 0.06847 0.07072 0.03547 0.01784 0.02235 0.005468 0.003214 0.008531
0.8525 11.3 14.76 11.44 7.38 4.308 2.095 1.64 0.5336 0.3101 0.1276 0.1115 0.08174 0.03629 0.03748 0.0188 0.009454 0.01184 0.002898 0.006224
1.295 9.293 27.57 9.534 6.063 3.911 2.283 1.11 0.8693 0.2827 0.1643 0.06762 0.05911 0.04332 0.01923 0.01986 0.009962 0.00501 0.006276 0.004834
0.8767 14.12 22.68 17.81 5.053 3.213 2.073 1.21 0.5884 0.4607 0.1498 0.08708 0.03584 0.03132 0.02296 0.01019 0.01053 0.005279 0.002655 0.005887
0.8957 9.558 34.45 14.65 9.438 2.678 1.703 1.098 0.6411 0.3118 0.2441 0.07941 0.04615 0.01899 0.0166 0.01217 0.0054 0.005578 0.002798 0.004527
0.8162 9.765 23.32 22.25 7.762 5.002 1.419 0.9023 0.5821 0.3398 0.1653 0.1294 0.04208 0.02446 0.01006 0.008797 0.006447 0.002862 0.002956 0.003882
0.6649 8.898 23.83 15.06 11.79 4.113 2.651 0.752 0.4782 0.3085 0.1801 0.08757 0.06856 0.0223 0.01296 0.005334 0.004662 0.003417 0.001517 0.003624
0.8161 7.249 21.71 15.39 7.983 6.249 2.18 1.405 0.3985 0.2534 0.1635 0.09542 0.04641 0.03633 0.01182 0.006868 0.002826 0.002471 0.001811 0.002724
1.877 8.898 17.69 14.02 8.156 4.23 3.312 1.155 0.7444 0.2112 0.1343 0.08663 0.05057 0.02459 0.01925 0.006263 0.00364 0.001498 0.001309 0.002403
1.249 20.46 21.71 11.42 7.432 4.322 2.242 1.755 0.6122 0.3945 0.1119 0.07116 0.04591 0.0268 0.01303 0.0102 0.003319 0.001929 0.0007938 0.001967
1.222 13.62 49.92 14.02 6.054 3.938 2.29 1.188 0.9301 0.3244 0.209 0.05931 0.03771 0.02433 0.0142 0.006907 0.005407 0.001759 0.001022 0.001463
0.5774 13.33 33.23 32.25 7.431 3.208 2.087 1.214 0.6296 0.4929 0.1719 0.1108 0.03143 0.01999 0.01289 0.007526 0.00366 0.002866 0.0009321 0.001317
0.6667 6.295 32.52 21.47 17.09 3.938 1.7 1.106 0.6432 0.3336 0.2612 0.0911 0.05871 0.01666 0.01059 0.006832 0.003988 0.00194 0.001519 0.001192
0.9874 7.268 15.36 21 11.38 9.056 2.087 0.901 0.5861 0.3409 0.1768 0.1384 0.04828 0.03111 0.008826 0.005613 0.003621 0.002113 0.001028 0.001436
0.9596 10.76 17.73 9.921 11.13 6.029 4.799 1.106 0.4775 0.3106 0.1806 0.0937 0.07335 0.02559 0.01649 0.004677 0.002974 0.001919 0.00112 0.001306
0.7057 10.21 25.69 11.21 5.145 5.772 3.126 2.489 0.5735 0.2476 0.1611 0.09368 0.04859 0.03804 0.01327 0.00855 0.002426 0.001542 0.000995 0.001258
0.7389 7.511 24.44 16.33 5.849 2.685 3.012 1.631 1.299 0.2993 0.1292 0.08405 0.04888 0.02536 0.01985 0.006924 0.004462 0.001266 0.0008049 0.001176
1.213 7.865 18.02 15.62 8.574 3.071 1.41 1.582 0.8566 0.6819 0.1571 0.06785 0.04414 0.02567 0.01331 0.01042 0.003635 0.002343 0.0006646 0.00104
0.4894 12.91 18.92 11.58 8.253 4.53 1.623 0.7448 0.8356 0.4526 0.3603 0.08302 0.03585 0.02332 0.01356 0.007034 0.005507 0.001921 0.001238 0.0009006
0.6043 5.21 31.14 12.23 6.158 4.387 2.408 0.8625 0.3959 0.4442 0.2406 0.1915 0.04413 0.01905 0.0124 0.007209 0.003739 0.002927 0.001021 0.001137
0.3132 6.432 12.6 20.23 6.541 3.294 2.346 1.288 0.4613 0.2118 0.2376 0.1287 0.1024 0.0236 0.01019 0.006629 0.003856 0.002 0.001566 0.001154
0.7733 3.333 15.6 8.234 10.89 3.52 1.772 1.263 0.693 0.2482 0.1139 0.1278 0.06923 0.05512 0.0127 0.005484 0.003567 0.002075 0.001076 0.001463
0.9069 8.229 8.104 10.25 4.457 5.894 1.905 0.9593 0.6835 0.3751 0.1344 0.06168 0.0692 0.03748 0.02983 0.006875 0.002968 0.001931 0.001123 0.001375
0.8339 9.648 20.06 5.352 5.58 2.427 3.209 1.037 0.5224 0.3722 0.2043 0.07317 0.03359 0.03768 0.02041 0.01625 0.003744 0.001616 0.001051 0.00136
0.6502 8.87 23.57 13.32 2.931 3.056 1.329 1.758 0.5683 0.2861 0.2039 0.1119 0.04008 0.0184 0.02064 0.01118 0.008899 0.002051 0.0008854 0.001321
0.5371 6.913 21.72 15.73 7.336 1.615 1.684 0.7325 0.9685 0.3131 0.1576 0.1123 0.06165 0.02208 0.01014 0.01137 0.006159 0.004903 0.00113 0.001216
0.8832 5.708 16.97 14.57 8.717 4.065 0.895 0.9331 0.4059 0.5367 0.1735 0.08736 0.06224 0.03416 0.01224 0.005617 0.006301 0.003413 0.002717 0.0013
0.6317 9.383 14.04 11.44 8.12 4.858 2.266 0.4988 0.52 0.2262 0.2991 0.09669 0.04868 0.03468 0.01904 0.006819 0.00313 0.003512 0.001902 0.002238
0.5391 6.707 23.13 9.515 6.411 4.551 2.722 1.27 0.2795 0.2914 0.1268 0.1676 0.05418 0.02728 0.01944 0.01067 0.003821 0.001754 0.001968 0.00232
0.6488 5.721 16.57 15.75 5.361 3.613 2.564 1.534 0.7154 0.1575 0.1642 0.07143 0.09445 0.03053 0.01537 0.01095 0.006012 0.002153 0.0009884 0.002416
0.4653 6.879 14.16 11.33 8.922 3.037 2.047 1.453 0.8691 0.4053 0.08923 0.09303 0.04047 0.05351 0.0173 0.00871 0.006205 0.003406 0.00122 0.001929
0.4106 4.929 17.06 9.732 6.455 5.081 1.73 1.166 0.8274 0.495 0.2308 0.05082 0.05298 0.02305 0.03047 0.009851 0.00496 0.003534 0.00194 0.001793
0.835 4.345 12.24 11.78 5.571 3.695 2.909 0.9903 0.6673 0.4736 0.2833 0.1321 0.02909 0.03033 0.01319 0.01745 0.005639 0.00284 0.002023 0.002137
0.4368 8.826 10.81 8.488 6.775 3.205 2.126 1.673 0.5697 0.3839 0.2725 0.163 0.07602 0.01674 0.01745 0.00759 0.01004 0.003244 0.001634 0.002393
