Originally  
101 
A 
2	100	
1	1	NA	NA	
1	20	
1 428.8 399.3 147.9 177.4 118.3 118.3 29.57 14.79 0 14.79 14.79 0 0 0 14.79 0 0 0 0 0
1 821.7 555.8 217.5 338.3 120.8 145 120.8 72.5 0 24.17 0 0 0 0 0 0 0 0 0 0
1 332.4 265.9 186.1 186.1 66.48 146.3 39.89 26.59 39.89 0 0 26.59 0 13.3 0 0 0 0 0 0
1 423.4 271 372.6 203.2 101.6 118.6 50.81 0 33.87 50.81 33.87 33.87 0 0 0 0 0 0 0 0
1 430.4 295.9 147.9 134.5 107.6 53.8 26.9 13.45 40.35 26.9 13.45 0 0 13.45 0 0 26.9 0 0 13.45
1 407.6 258.2 217.4 108.7 135.9 27.18 108.7 13.59 13.59 0 13.59 13.59 13.59 0 27.18 0 0 0 0 0
1 552.5 315.7 205.2 157.9 78.93 63.14 0 31.57 78.93 31.57 0 15.79 0 15.79 15.79 0 15.79 0 0 0
1 300.8 150.4 122.2 122.2 75.2 37.6 47 9.4 0 18.8 0 9.4 9.4 9.4 18.8 0 0 9.4 0 0
1 323.3 196.3 196.3 150.1 69.28 103.9 23.09 46.19 0 23.09 0 11.55 11.55 0 0 0 0 0 0 0
1 545.6 256.7 192.6 192.6 128.4 112.3 0 64.18 32.09 16.05 0 0 0 32.09 0 0 0 16.05 16.05 0
1 298.5 454.2 116.8 155.7 129.8 12.98 51.91 12.98 12.98 38.93 0 12.98 0 0 0 0 0 0 0 0
1 470.9 261.6 383.7 122.1 157 157 69.76 52.32 34.88 0 17.44 0 17.44 0 0 0 0 0 0 0
1 278.5 159.1 119.4 169.1 49.73 19.89 49.73 59.68 39.79 9.947 9.947 9.947 9.947 0 0 0 9.947 0 0 0
1 548.6 293.9 391.8 293.9 117.6 58.78 78.37 97.96 19.59 39.18 0 0 0 19.59 0 0 0 0 0 0
1 371.9 281.8 112.7 112.7 67.62 56.35 33.81 22.54 33.81 22.54 0 0 0 0 0 0 11.27 0 0 0
1 335 161.7 288.8 104 46.21 80.87 34.66 34.66 46.21 0 0 0 0 0 0 0 0 0 0 23.1
1 484.6 222.7 131 209.6 65.49 78.59 39.29 52.39 0 13.1 0 13.1 0 0 0 0 0 0 0 0
1 228.8 237.3 101.7 84.74 59.32 16.95 16.95 8.474 25.42 25.42 33.9 0 0 0 8.474 0 0 0 0 0
1 341.3 216.2 193.4 56.89 102.4 113.8 34.13 34.13 11.38 22.75 0 11.38 0 0 0 0 0 0 0 0
1 414.2 194.2 207.1 181.2 90.61 64.72 38.83 12.94 25.89 12.94 25.89 0 0 0 0 0 0 0 12.94 12.94
1 406 146.6 203 101.5 101.5 33.83 45.11 33.83 11.28 0 11.28 11.28 11.28 11.28 0 0 0 0 0 0
1 354.2 341.1 91.83 131.2 118.1 91.83 26.24 52.47 26.24 26.24 0 26.24 13.12 13.12 0 0 0 0 0 0
1 497.7 209.5 170.2 183.3 52.38 104.8 52.38 26.19 0 13.1 0 0 0 0 0 0 0 0 0 0
1 154.3 254.2 163.4 127.1 63.55 27.24 18.16 54.47 27.24 9.078 0 9.078 0 0 0 0 0 0 0 0
1 234.3 101.9 305.6 142.6 71.3 10.19 91.67 10.19 10.19 0 0 20.37 0 10.19 0 0 10.19 0 0 0
1 365.8 243.9 94.85 176.1 81.3 94.85 81.3 67.75 40.65 27.1 13.55 27.1 0 0 27.1 0 0 0 0 13.55
1 382.7 191.3 95.67 76.54 95.67 0 47.84 28.7 0 9.567 9.567 9.567 0 0 0 0 9.567 0 0 0
1 343.3 332.5 150.2 64.36 0 53.64 32.18 42.91 0 10.73 0 10.73 0 10.73 10.73 0 0 0 0 10.73
1 580.7 265.5 348.4 132.7 99.55 33.18 66.37 49.78 0 33.18 0 16.59 0 33.18 0 0 0 0 0 0
1 585.8 518.2 247.8 383 180.2 45.06 22.53 112.6 67.59 0 22.53 0 22.53 0 0 22.53 0 0 0 22.53
1 327.7 169.9 279.2 97.1 121.4 48.55 24.28 12.14 48.55 24.28 36.41 0 24.28 0 0 0 0 0 0 0
1 339.8 370.7 231.7 247.1 154.4 92.67 30.89 30.89 15.44 15.44 0 0 0 0 15.44 0 0 0 0 0
1 356 201.8 261.1 94.94 118.7 23.74 59.34 35.6 0 0 0 11.87 0 0 0 11.87 0 11.87 0 0
1 582.2 308.2 256.9 119.9 68.5 205.5 68.5 51.37 17.12 0 0 34.25 0 0 0 0 0 0 0 0
1 435.9 315.7 135.3 180.4 150.3 45.1 135.3 30.07 15.03 30.07 0 0 15.03 0 15.03 0 0 0 0 0
1 408.9 319.5 281.1 63.89 76.67 12.78 51.11 12.78 25.56 0 12.78 0 0 12.78 0 0 0 0 0 0
1 708.9 320.7 270.1 118.1 84.39 67.51 33.76 16.88 33.76 16.88 16.88 0 0 0 0 0 0 0 0 0
1 419 502.8 268.2 201.1 67.04 83.8 16.76 33.52 33.52 0 33.52 0 0 0 0 0 0 0 0 16.76
1 871.5 458.7 366.9 252.3 160.5 91.74 22.93 45.87 22.93 0 0 0 0 0 0 0 0 0 0 0
1 301.4 571.2 174.5 206.3 95.19 126.9 47.6 15.87 0 0 15.87 0 15.87 15.87 0 0 0 0 0 0
1 478.3 325.3 612.3 133.9 153.1 38.27 0 0 0 57.4 19.13 38.27 19.13 0 0 19.13 19.13 0 0 0
1 460.2 291.5 168.7 291.5 92.04 122.7 15.34 30.68 15.34 15.34 0 15.34 0 0 0 0 0 15.34 0 0
1 344.4 264.9 185.4 106 185.4 26.49 92.71 39.73 13.24 0 0 0 26.49 0 26.49 13.24 0 0 0 0
1 306.4 215.6 215.6 79.45 90.8 90.8 0 11.35 56.75 45.4 11.35 11.35 0 0 0 0 0 0 0 0
1 451.6 276.8 189.4 102 102 58.27 145.7 43.7 43.7 14.57 0 0 14.57 0 0 0 0 0 14.57 0
1 383.6 332.5 140.7 102.3 140.7 51.15 38.36 51.15 0 12.79 0 0 0 12.79 12.79 0 0 0 0 0
1 431.6 248.5 183.1 78.47 104.6 78.47 65.39 39.23 26.16 0 39.23 0 0 13.08 0 0 0 0 0 0
1 241.1 367.9 190.3 152.2 76.12 76.12 63.44 25.37 25.37 38.06 12.69 0 0 0 0 0 0 0 0 0
1 370.1 246.7 86.36 160.4 148 49.35 49.35 61.68 12.34 0 12.34 12.34 0 12.34 0 0 12.34 0 0 0
1 499.7 173.4 91.78 50.99 71.38 20.4 20.4 30.59 10.2 10.2 20.4 0 0 0 20.4 0 0 0 0 0
1 336.1 702.7 183.3 122.2 15.28 30.55 0 61.11 30.55 0 0 0 15.28 0 15.28 15.28 0 0 0 0
1 569.3 292.8 357.8 162.7 32.53 65.06 32.53 48.8 32.53 16.27 0 16.27 0 0 0 0 0 0 0 0
1 554.4 184.8 110.9 246.4 49.28 24.64 12.32 0 24.64 0 12.32 12.32 0 0 0 0 0 0 0 0
1 308.8 329.4 195.6 61.75 92.63 20.58 0 10.29 0 0 0 0 0 10.29 0 0 0 0 0 0
1 393 171.9 245.6 184.2 110.5 61.4 24.56 0 24.56 0 0 12.28 0 0 0 0 0 0 0 0
1 210.4 280.5 160.3 130.2 110.2 30.05 60.11 0 0 0 0 0 0 0 0 10.02 0 0 0 10.02
1 196.3 204.8 230.4 76.81 34.14 59.74 25.6 8.534 0 0 8.534 8.534 0 0 0 0 0 0 0 0
1 232.3 127.4 172.4 82.45 29.98 22.49 52.47 14.99 7.495 0 0 0 0 7.495 0 0 0 0 0 0
1 202.9 179.5 124.8 78.02 46.81 62.42 31.21 15.6 7.802 23.41 0 0 0 0 7.802 0 0 0 0 0
1 331.8 112.8 86.27 39.81 13.27 46.45 6.636 19.91 0 0 6.636 0 0 0 0 0 0 0 0 0
1 175 269.8 131.2 58.33 21.87 7.291 29.17 14.58 14.58 7.291 0 0 0 0 0 0 0 0 0 0
1 399.5 263.1 185.1 29.23 29.23 19.49 19.49 9.743 0 0 9.743 0 9.743 0 0 0 0 0 0 0
1 381.2 369.7 150.2 161.7 11.55 34.66 0 23.1 23.1 0 0 0 0 0 0 0 0 0 0 0
1 254.2 312.8 166.2 117.3 48.88 19.55 48.88 0 9.776 0 0 0 0 0 0 0 0 0 0 0
1 116 135.3 122.4 116 51.54 51.54 19.33 12.88 6.442 0 6.442 0 6.442 0 0 0 0 0 0 0
1 231.2 131.2 81.22 74.97 56.23 24.99 6.247 12.49 0 6.247 0 0 0 0 0 0 0 0 0 0
1 283.5 363.2 44.3 106.3 35.44 8.859 0 17.72 17.72 0 0 0 0 0 0 0 0 8.859 0 0
1 336.6 187.8 180 31.31 7.827 7.827 15.65 15.65 0 0 0 0 0 0 0 0 0 0 0 0
1 318.5 246.1 43.43 79.62 14.48 0 14.48 7.238 0 0 0 0 0 0 0 0 0 0 0 0
1 324.3 165.9 135.7 37.71 67.87 15.08 0 7.542 0 0 0 0 0 0 0 0 0 0 0 0
1 273 191.9 118.1 73.79 36.89 22.14 7.379 7.379 7.379 0 0 0 0 0 0 0 0 0 0 0
1 227.9 186.5 82.87 103.6 55.25 13.81 13.81 0 6.906 0 0 0 0 0 0 0 0 0 0 0
1 236.6 86.04 86.04 75.29 21.51 5.378 10.76 10.76 0 5.378 0 0 0 0 0 0 0 0 0 0
1 688.4 330.9 158.9 39.71 13.24 52.95 13.24 13.24 13.24 0 0 0 0 0 0 0 0 0 0 0
1 414.4 475.4 146.3 60.94 48.76 60.94 12.19 0 0 0 0 0 0 0 0 0 0 0 0 0
1 391.1 239 358.5 76.04 0 0 0 0 10.86 10.86 0 0 0 0 0 0 0 0 0 0
1 244.5 225.7 225.7 178.7 37.62 0 18.81 0 0 9.404 0 0 0 0 0 0 0 0 0 0
1 128 208.8 128 107.7 67.34 13.47 6.734 6.734 0 0 6.734 0 0 0 0 0 0 0 0 0
1 401.3 170.8 59.77 111 51.23 34.15 17.08 0 8.539 0 0 0 0 0 0 0 0 0 0 0
1 315.7 135.3 64.43 45.1 38.66 12.89 19.33 6.443 0 6.443 0 0 0 0 0 0 0 0 0 0
1 227.9 268.6 162.8 48.84 40.7 48.84 0 8.139 0 0 8.139 0 0 0 0 0 0 0 0 0
1 149.9 149.9 67.69 62.85 24.17 4.835 19.34 0 0 4.835 0 0 0 0 0 0 0 0 0 0
1 314.2 138.2 50.27 62.84 62.84 0 0 0 0 0 0 0 0 0 0 0 0 0 0 0
1 171.3 241.1 82.47 57.1 50.75 12.69 6.344 6.344 0 6.344 0 0 0 0 0 0 0 0 0 0
1 254.1 114.4 171.5 69.88 12.71 12.71 0 0 0 0 0 0 0 0 0 0 0 0 0 0
1 137 91.33 81.18 111.6 25.37 30.44 15.22 10.15 5.074 0 0 0 0 0 0 0 0 0 0 0
1 425.3 138.7 129.4 36.98 110.9 55.47 18.49 0 9.246 0 0 0 0 0 0 0 0 0 0 0
1 506.2 268.6 82.64 103.3 20.66 10.33 10.33 0 10.33 0 0 10.33 0 0 10.33 0 0 0 0 0
1 536.9 313.2 201.3 22.37 22.37 11.18 11.18 0 0 0 0 0 0 0 0 0 0 0 0 0
1 243.4 149.2 227.7 94.2 15.7 23.55 7.85 7.85 0 7.85 0 0 0 0 0 0 0 0 7.85 0
1 426 269 179.4 145.7 56.05 11.21 0 11.21 11.21 11.21 0 0 0 0 0 0 0 0 0 0
1 364.2 177.4 93.39 102.7 102.7 37.35 9.339 28.02 18.68 0 0 0 0 0 0 0 0 0 0 0
1 248.5 281.6 99.39 74.54 66.26 24.85 0 16.56 0 8.282 8.282 0 0 0 0 0 0 0 0 0
1 220.3 258.6 239.4 57.47 38.31 76.62 38.31 9.578 0 9.578 0 0 9.578 0 0 0 0 0 0 0
1 269.6 122.5 98.02 49.01 18.38 18.38 30.63 0 6.126 0 0 0 0 0 0 0 0 0 0 0
1 248.4 207 107.6 107.6 82.79 24.84 24.84 8.279 16.56 0 0 0 0 0 0 0 0 0 0 0
1 177.2 120.1 137.2 40.02 51.45 28.58 5.717 5.717 0 5.717 0 0 0 0 0 0 0 0 0 0
1 492.4 164.1 82.07 91.19 54.71 0 18.24 9.119 0 0 0 0 0 0 0 0 0 0 0 0
1 309 317.8 88.28 35.31 88.28 17.66 17.66 0 8.828 0 0 0 0 0 0 0 0 0 0 0
