Originally  
101 
A 
42	100	
1	1	NA	NA	
1	20	
1 0.0148 0.2072 0.518 0.1332 0.1924 0.148 0.1184 0.07399 0.0148 0.0148 0.0296 0.0148 0 0 0 0 0 0 0 0
1 0.03018 0.2415 0.5131 0.2716 0.1358 0.06036 0.1207 0.04527 0.01509 0.03018 0.01509 0 0.01509 0 0 0 0 0 0.01509 0
1 0.02371 0.3675 0.2727 0.2134 0.1186 0.05928 0.03557 0.01186 0.02371 0.01186 0.01186 0 0 0.01186 0.01186 0 0.01186 0 0 0
1 0.04561 0.2584 0.5473 0.3345 0.1216 0.03041 0.03041 0.03041 0.03041 0.0152 0.04561 0.03041 0 0 0 0 0 0 0 0
1 0.07227 0.1626 0.542 0.4336 0.1987 0.1626 0.03614 0.09034 0.01807 0.03614 0 0.01807 0 0.03614 0 0 0 0 0 0
1 0.01732 0.329 0.5715 0.3117 0.2251 0.1212 0.05195 0.03463 0.01732 0 0 0.01732 0.03463 0 0 0 0 0 0 0
1 0.07352 0.3308 0.6065 0.4411 0.1654 0.0919 0.05514 0.01838 0.01838 0 0.01838 0 0 0 0.01838 0 0 0 0 0
1 0.04422 0.3391 0.398 0.2801 0.1916 0.07371 0.01474 0.04422 0.02948 0.01474 0.01474 0.01474 0 0.01474 0 0 0 0 0 0
1 0.02622 0.3146 0.4195 0.2228 0.1311 0.118 0.03933 0.03933 0 0 0 0 0 0 0 0 0 0 0 0
1 0.03085 0.2313 0.5552 0.3547 0.108 0.1388 0.09254 0 0 0.01542 0 0.01542 0 0 0 0 0 0 0 0
1 0.04226 0.1972 0.5071 0.2254 0.2254 0.07043 0.08451 0.04226 0.01409 0 0 0 0 0 0 0 0 0 0 0
1 0.1143 0.3809 0.6285 0.3238 0.1905 0.07618 0.09523 0.05714 0.01905 0.01905 0 0 0 0 0 0 0 0 0 0
1 0.05258 0.2366 0.3023 0.276 0.184 0.1446 0.03943 0.02629 0.01314 0.01314 0.01314 0.01314 0 0 0 0 0 0 0 0
1 0.09583 0.3642 0.7667 0.2683 0.1725 0.1342 0.0575 0.0575 0 0 0 0 0 0 0 0 0 0 0 0
1 0.07006 0.3503 0.613 0.3678 0.1751 0.1051 0.03503 0.01751 0 0.01751 0 0 0 0 0 0 0 0 0 0
1 0.05129 0.218 0.4103 0.3205 0.07693 0.07693 0.1154 0 0.01282 0 0 0 0 0 0 0 0 0 0 0
1 0.02718 0.2718 0.4484 0.231 0.2038 0.09512 0.02718 0.04077 0.01359 0 0 0 0 0 0 0 0 0 0 0
1 0.01751 0.1663 0.2451 0.1663 0.14 0.07878 0.03501 0.008753 0.008753 0.008753 0 0 0 0 0 0 0 0 0 0
1 0.05808 0.2091 0.3833 0.1859 0.1626 0.08131 0.04646 0.01162 0 0.01162 0 0 0.01162 0 0 0 0 0 0 0
1 0.01287 0.3602 0.4246 0.193 0.1287 0.06433 0.05146 0.02573 0.01287 0 0.01287 0 0 0 0 0 0 0 0 0
1 0.03449 0.138 0.3219 0.3104 0.1265 0.09197 0.04598 0.04598 0.0115 0.0115 0 0 0.0115 0 0 0 0 0 0 0
1 0.02493 0.2119 0.3864 0.2618 0.162 0.1122 0.04986 0 0.01246 0.01246 0.01246 0 0 0 0 0 0 0 0 0
1 0.02667 0.3067 0.36 0.32 0.1733 0.06667 0.05333 0.02667 0 0 0 0 0 0 0 0 0 0 0 0
1 0.04295 0.247 0.3651 0.2255 0.06443 0.09665 0.02148 0 0 0 0 0.01074 0 0 0 0 0 0 0 0
1 0.02842 0.3268 0.5115 0.2699 0.1279 0.07104 0.05683 0 0.02842 0 0 0 0 0 0 0 0 0 0 0
1 0.05289 0.3306 0.4496 0.2645 0.1322 0.02645 0.02645 0.01322 0.01322 0 0.01322 0 0 0 0 0 0 0 0 0
1 0.07823 0.2934 0.6846 0.4303 0.2151 0.1174 0.05868 0.05868 0 0 0.01956 0 0 0 0 0 0 0 0 0
1 0.02662 0.2795 0.4392 0.2662 0.1464 0.06655 0.06655 0.02662 0.01331 0 0 0 0 0 0 0 0 0 0 0
1 0.01684 0.1516 0.2863 0.2021 0.05894 0.07578 0.02526 0.00842 0.00842 0.00842 0 0 0 0 0 0 0 0 0 0
1 0.05847 0.2088 0.2255 0.1503 0.1253 0.05011 0.008352 0.008352 0 0 0 0 0 0 0 0 0 0 0 0
1 0.01927 0.1734 0.3372 0.2216 0.08671 0.04817 0.03854 0.009635 0.009635 0.009635 0 0.009635 0 0 0 0 0 0 0 0
1 0.01343 0.2686 0.3626 0.2954 0.1343 0.1343 0.04029 0.04029 0.04029 0 0.01343 0 0 0 0 0 0 0 0 0
1 0.04466 0.1451 0.3685 0.201 0.134 0.1228 0.01117 0.05583 0.0335 0 0 0 0 0 0 0 0 0 0 0
1 0.01643 0.1561 0.2465 0.1972 0.08216 0.04108 0.02465 0.02465 0.01643 0.01643 0 0 0 0 0 0 0 0 0 0
1 0 0.1358 0.2806 0.1629 0.08146 0.1448 0.05431 0.0181 0.009051 0 0.009051 0.009051 0 0 0 0 0 0 0 0
1 0.04057 0.146 0.284 0.1379 0.1136 0.02434 0.02434 0.008114 0.01623 0 0.008114 0.008114 0 0 0 0 0 0 0 0
1 0.06291 0.2139 0.4655 0.2642 0.1007 0.03774 0.07549 0.02516 0 0.01258 0 0 0 0 0 0 0 0 0 0
1 0.02805 0.1473 0.2384 0.1122 0.1052 0.01402 0.02805 0.007012 0 0.02104 0 0 0 0 0 0 0 0 0 0
1 0.1008 0.1428 0.3108 0.1092 0.0672 0.0504 0.0168 0.0336 0 0 0 0.0084 0 0 0 0 0 0 0 0
1 0.01506 0.1506 0.2485 0.1657 0.1054 0.01506 0.02259 0.00753 0.00753 0.00753 0 0 0.00753 0 0 0 0 0 0 0
1 0.08292 0.1555 0.3939 0.1658 0.1347 0.08292 0.01037 0.01037 0 0 0 0 0 0 0 0 0 0 0 0
1 0.02657 0.186 0.2302 0.2125 0.1151 0.05313 0.03542 0.008856 0.008856 0.008856 0 0 0 0 0 0 0 0 0 0
1 0.01869 0.1589 0.243 0.2337 0.1682 0.06543 0.009347 0.01869 0.01869 0 0 0 0 0 0 0 0 0 0 0
1 0.05113 0.1449 0.2301 0.179 0.1534 0.02557 0.02557 0.008522 0.008522 0.02557 0 0 0 0 0 0 0 0 0 0
1 0.03073 0.146 0.2074 0.1767 0.1075 0.03073 0.01536 0.04609 0 0.007682 0 0 0 0 0 0 0 0 0 0
1 0.008589 0.189 0.2233 0.1546 0.1202 0.0773 0.05153 0.008589 0.008589 0.008589 0 0 0.008589 0 0 0 0 0 0 0
1 0.02914 0.1554 0.3497 0.1651 0.1457 0.01943 0.02914 0.05829 0.01943 0 0 0 0 0 0 0 0 0 0 0
1 0.0213 0.2663 0.3302 0.2237 0.1491 0.04261 0.01065 0.01065 0.01065 0 0 0 0 0 0 0 0 0 0 0
1 0.07574 0.2146 0.3535 0.2398 0.1641 0.08836 0.06312 0.05049 0 0 0.01262 0 0 0 0 0 0 0 0 0
1 0.04528 0.163 0.3351 0.154 0.06339 0.05434 0.04528 0.01811 0.009056 0 0.009056 0 0.009056 0 0 0 0 0 0 0
1 0.01831 0.1556 0.2929 0.1648 0.119 0.05492 0.08238 0 0.01831 0 0 0 0 0 0 0.009153 0 0 0 0
1 0.01963 0.1178 0.3632 0.1767 0.1276 0.02945 0.09817 0.01963 0.01963 0 0.009817 0 0 0 0 0 0 0 0 0
1 0.01393 0.1463 0.1881 0.1115 0.09753 0.08359 0.02786 0.006966 0 0.006966 0.006966 0.006966 0 0 0 0 0 0 0 0
1 0.04176 0.1461 0.2157 0.1322 0.06959 0.0348 0.02784 0.02088 0.006959 0 0 0 0 0 0 0 0 0 0 0
1 0.04992 0.2371 0.3619 0.3494 0.1373 0.06239 0.01248 0.02496 0.01248 0 0 0 0 0 0 0 0 0 0 0
1 0.01357 0.1492 0.217 0.1289 0.08817 0.03391 0.02713 0.01357 0 0 0 0 0 0 0.006783 0 0 0 0 0
1 0.01478 0.1848 0.2144 0.1257 0.06653 0.05914 0.03696 0.02218 0 0 0.007392 0 0.007392 0 0 0 0 0 0 0
1 0.02302 0.1919 0.2686 0.1151 0.09976 0.0307 0.01535 0.01535 0 0 0.007674 0 0 0 0 0 0 0 0 0
1 0.008546 0.2393 0.2906 0.1282 0.06837 0.05983 0.03419 0.02564 0 0 0 0 0 0 0 0 0 0 0 0
