 landings-at-age - landings.n (units : NA )
1	2	
42	100	
1	20	
1 
1.432 15.91 36.57 24.27 16.72 11.94 8.14 5.972 4.078 2.836 1.899 1.356 0.9753 0.6515 0.4283 0.2855 0.2028 0.1393 0.09806 0.2445
1.534 17.49 43.66 26.87 14.67 10.11 7.22 4.922 3.611 2.466 1.715 1.148 0.8202 0.5898 0.394 0.259 0.1727 0.1226 0.08421 0.2071
1.48 15.15 39 25.85 13.06 7.129 4.911 3.507 2.391 1.754 1.198 0.8333 0.5577 0.3985 0.2865 0.1914 0.1258 0.08388 0.05958 0.1415
1.397 15.8 36.71 25.33 13.81 6.975 3.809 2.624 1.874 1.277 0.9373 0.64 0.4452 0.298 0.2129 0.1531 0.1022 0.06721 0.04481 0.1074
1.494 15.87 40.62 25.34 14.39 7.844 3.962 2.164 1.491 1.064 0.7257 0.5325 0.3636 0.2529 0.1693 0.1209 0.08696 0.05809 0.03818 0.0865
1.473 16.27 39.1 26.78 13.74 7.8 4.253 2.148 1.173 0.8081 0.5771 0.3935 0.2887 0.1971 0.1371 0.09177 0.06557 0.04715 0.03149 0.0676
1.54 16.78 41.78 26.85 15.13 7.759 4.406 2.402 1.213 0.6626 0.4565 0.326 0.2222 0.1631 0.1113 0.07745 0.05184 0.03704 0.02663 0.05597
1.518 15.32 37.85 25.17 13.29 7.486 3.839 2.18 1.189 0.6005 0.3279 0.2259 0.1613 0.11 0.08069 0.0551 0.03832 0.02565 0.01833 0.04088
1.654 19.03 43.23 28.67 15.7 8.287 4.669 2.395 1.36 0.7414 0.3745 0.2045 0.1409 0.1006 0.06859 0.05033 0.03436 0.0239 0.016 0.03693
1.667 17.26 44.68 26.93 14.66 8.025 4.237 2.387 1.224 0.6953 0.3791 0.1915 0.1046 0.07204 0.05144 0.03507 0.02573 0.01757 0.01222 0.02706
1.615 18.81 43.76 30.17 14.94 8.133 4.453 2.351 1.325 0.6793 0.3858 0.2103 0.1062 0.05802 0.03997 0.02854 0.01946 0.01428 0.009749 0.0218
1.628 16.82 44.12 27.28 15.44 7.647 4.162 2.279 1.203 0.6779 0.3477 0.1974 0.1076 0.05437 0.02969 0.02045 0.01461 0.009959 0.007307 0.01614
1.637 17.19 40.15 28.14 14.3 8.094 4.009 2.182 1.195 0.6307 0.3553 0.1822 0.1035 0.05642 0.0285 0.01556 0.01072 0.007657 0.00522 0.01229
1.5 18.43 43.71 27.34 15.76 8.008 4.533 2.245 1.222 0.669 0.3532 0.199 0.1021 0.05796 0.0316 0.01596 0.008717 0.006005 0.004289 0.009809
1.489 16.76 46.41 29.39 15.11 8.711 4.426 2.506 1.241 0.6755 0.3698 0.1952 0.11 0.05642 0.03204 0.01747 0.008823 0.004818 0.003319 0.007792
1.349 15.09 38.46 28.4 14.78 7.597 4.38 2.226 1.26 0.624 0.3396 0.1859 0.09817 0.05531 0.02837 0.01611 0.008783 0.004437 0.002423 0.005587
1.473 16.6 41.74 28.52 17.34 9.02 4.637 2.674 1.358 0.769 0.3809 0.2073 0.1135 0.05992 0.03376 0.01732 0.009833 0.005361 0.002708 0.004889
1.346 14.74 37.48 25.02 14.03 8.528 4.437 2.281 1.315 0.6682 0.3783 0.1873 0.102 0.05583 0.02948 0.01661 0.008517 0.004837 0.002637 0.003737
1.268 14.51 35.98 24.5 13.45 7.543 4.585 2.385 1.226 0.707 0.3593 0.2034 0.1007 0.05482 0.03001 0.01585 0.008928 0.004579 0.0026 0.003427
1.314 15.31 39.39 26.13 14.64 8.038 4.507 2.74 1.425 0.7328 0.4225 0.2147 0.1215 0.06019 0.03276 0.01794 0.00947 0.005335 0.002736 0.003602
1.227 14.22 37.15 25.34 13.8 7.73 4.243 2.379 1.446 0.7525 0.3869 0.223 0.1133 0.06415 0.03177 0.0173 0.009469 0.004999 0.002817 0.003346
1.268 13.57 35.22 24.41 13.67 7.443 4.17 2.289 1.284 0.7803 0.406 0.2087 0.1203 0.06114 0.03461 0.01714 0.009331 0.005108 0.002697 0.003325
1.251 12.55 30.31 20.88 11.88 6.65 3.62 2.028 1.114 0.6244 0.3796 0.1975 0.1015 0.05853 0.02974 0.01684 0.008339 0.004539 0.002485 0.002929
1.315 14.07 31.87 20.61 11.68 6.642 3.719 2.025 1.135 0.6228 0.3492 0.2123 0.1105 0.05679 0.03274 0.01664 0.009417 0.004664 0.002539 0.003028
1.236 14.24 34.4 20.81 11.06 6.268 3.565 1.996 1.087 0.6089 0.3343 0.1875 0.1139 0.05928 0.03048 0.01757 0.008929 0.005054 0.002503 0.002988
1.223 13.64 35.47 22.9 11.39 6.054 3.43 1.951 1.093 0.5948 0.3333 0.183 0.1026 0.06236 0.03245 0.01668 0.009617 0.004887 0.002766 0.003005
1.123 12.56 31.76 22.07 11.71 5.825 3.096 1.754 0.9979 0.5587 0.3042 0.1704 0.09357 0.05247 0.03189 0.01659 0.008531 0.004918 0.002499 0.002952
1.21 13.77 34.67 23.51 13.45 7.135 3.549 1.886 1.069 0.608 0.3404 0.1853 0.1038 0.05701 0.03197 0.01943 0.01011 0.005198 0.002997 0.003321
1.106 12.51 32.06 21.44 11.93 6.828 3.623 1.802 0.9578 0.5427 0.3087 0.1728 0.0941 0.05272 0.02895 0.01623 0.009866 0.005133 0.002639 0.003208
0.9553 11.22 28.8 19.74 10.85 6.041 3.456 1.834 0.9121 0.4848 0.2747 0.1563 0.08749 0.04763 0.02669 0.01465 0.008215 0.004994 0.002598 0.002959
0.8876 11.2 29.77 20.54 11.59 6.372 3.547 2.029 1.077 0.5356 0.2846 0.1613 0.09174 0.05137 0.02797 0.01567 0.008603 0.004824 0.002932 0.003263
0.9224 9.596 27.36 19.43 11.02 6.22 3.42 1.903 1.089 0.5778 0.2874 0.1528 0.08656 0.04924 0.02757 0.01501 0.00841 0.004617 0.002589 0.003325
0.9661 10.59 24.81 18.91 11.04 6.264 3.535 1.944 1.082 0.6189 0.3284 0.1633 0.08682 0.04919 0.02798 0.01567 0.00853 0.004779 0.002624 0.003361
0.9466 10.11 25 15.59 9.758 5.699 3.232 1.824 1.003 0.5582 0.3193 0.1694 0.08428 0.0448 0.02538 0.01444 0.008084 0.004401 0.002466 0.003088
0.929 9.851 23.84 15.77 8.088 5.063 2.957 1.677 0.9464 0.5203 0.2896 0.1657 0.08792 0.04373 0.02324 0.01317 0.007492 0.004195 0.002284 0.002882
0.8726 10.37 24.93 16.2 8.826 4.526 2.833 1.654 0.9384 0.5295 0.2912 0.1621 0.09271 0.04919 0.02447 0.01301 0.007369 0.004192 0.002347 0.00289
0.9737 10.42 27.87 17.93 9.588 5.223 2.678 1.676 0.9789 0.5552 0.3133 0.1723 0.09589 0.05486 0.02911 0.01448 0.007695 0.00436 0.00248 0.003099
0.9668 9.741 23.55 16.75 8.848 4.732 2.577 1.322 0.8273 0.4831 0.274 0.1546 0.08502 0.04732 0.02707 0.01436 0.007146 0.003798 0.002152 0.002754
1.025 11 25.03 16.21 9.488 5.011 2.68 1.46 0.7485 0.4686 0.2736 0.1552 0.08759 0.04816 0.0268 0.01533 0.008136 0.004047 0.002151 0.002778
1.144 11.94 28.77 17.45 9.291 5.438 2.872 1.536 0.8367 0.429 0.2685 0.1568 0.08895 0.0502 0.0276 0.01536 0.008789 0.004663 0.00232 0.002825
1.003 11.26 26.55 16.98 8.455 4.501 2.634 1.391 0.7441 0.4053 0.2078 0.1301 0.07597 0.04309 0.02432 0.01337 0.007442 0.004257 0.002259 0.002492
0.9796 11.34 28.76 18.16 9.558 4.758 2.533 1.482 0.783 0.4188 0.2281 0.117 0.07321 0.04276 0.02425 0.01369 0.007524 0.004188 0.002396 0.002674
0.9611 10.51 27.5 18.64 9.674 5.09 2.534 1.349 0.7895 0.417 0.223 0.1215 0.06229 0.03899 0.02277 0.01292 0.007289 0.004007 0.00223 0.0027
1.013 10.76 26.55 18.58 10.36 5.376 2.829 1.408 0.7498 0.4388 0.2318 0.1239 0.06751 0.03462 0.02167 0.01266 0.007178 0.004051 0.002227 0.00274
0.8797 10.36 24.95 16.46 9.468 5.276 2.739 1.441 0.7175 0.382 0.2235 0.1181 0.06314 0.03439 0.01764 0.01104 0.006447 0.003657 0.002064 0.002531
0.9774 9.887 26.39 17.07 9.271 5.333 2.972 1.543 0.8118 0.4042 0.2152 0.1259 0.06651 0.03557 0.01938 0.009935 0.006219 0.003632 0.00206 0.002588
0.9981 11.33 25.84 18.47 9.828 5.337 3.07 1.711 0.8882 0.4674 0.2327 0.1239 0.07249 0.03829 0.02048 0.01115 0.00572 0.00358 0.002091 0.002676
1.016 11.11 28.34 17.21 10.11 5.378 2.921 1.68 0.9363 0.486 0.2558 0.1273 0.06778 0.03967 0.02095 0.01121 0.006104 0.00313 0.001959 0.002608
1.009 11.21 27.5 18.64 9.296 5.459 2.905 1.578 0.9076 0.5058 0.2626 0.1382 0.06878 0.03662 0.02143 0.01132 0.006053 0.003297 0.001691 0.002467
0.9485 9.854 24.77 16.17 8.995 4.486 2.634 1.402 0.7612 0.4379 0.244 0.1267 0.06666 0.03319 0.01767 0.01034 0.005462 0.002921 0.001591 0.002006
1.003 11.65 27.23 18.36 9.86 5.486 2.736 1.607 0.855 0.4643 0.2671 0.1488 0.07727 0.04066 0.02024 0.01078 0.006306 0.003331 0.001781 0.002194
0.9313 10.64 27.78 17.23 9.535 5.122 2.85 1.421 0.8346 0.4441 0.2412 0.1388 0.07732 0.04014 0.02112 0.01051 0.005598 0.003276 0.00173 0.002065
0.9018 10.32 26.5 18.4 9.376 5.188 2.787 1.551 0.7732 0.4541 0.2416 0.1312 0.07549 0.04207 0.02184 0.01149 0.005721 0.003046 0.001782 0.002065
0.8356 9.077 23.47 16.04 9.142 4.658 2.578 1.384 0.7704 0.3842 0.2256 0.1201 0.0652 0.03751 0.0209 0.01085 0.005709 0.002842 0.001513 0.001912
0.8352 9.063 22.31 15.47 8.694 4.956 2.526 1.397 0.7506 0.4177 0.2083 0.1223 0.06509 0.03535 0.02033 0.01133 0.005883 0.003095 0.001541 0.001857
0.8832 9.606 23.54 15.53 8.861 4.98 2.839 1.447 0.8006 0.43 0.2393 0.1193 0.07007 0.03729 0.02025 0.01165 0.006492 0.00337 0.001773 0.001947
0.959 9.918 24.27 15.86 8.604 4.908 2.759 1.573 0.8015 0.4435 0.2382 0.1325 0.0661 0.03881 0.02066 0.01122 0.006453 0.003596 0.001867 0.002061
0.8867 9.901 23.12 15.07 8.088 4.387 2.502 1.407 0.8019 0.4086 0.2261 0.1214 0.06758 0.0337 0.01979 0.01053 0.005719 0.00329 0.001833 0.002002
1.001 10.56 26.5 16.54 8.865 4.759 2.581 1.472 0.8276 0.4718 0.2404 0.133 0.07145 0.03976 0.01983 0.01164 0.006196 0.003365 0.001936 0.002257
