 landings-at-age - landings.n (units : NA )
1	2	
42	100	
1	20	
1 
0.004576 0.04229 0.3213 0.1054 0.1175 0.06515 0.04217 0.02479 0.01513 0.01119 0.009443 0.006086 0.006533 0.003446 0.003235 0.001484 0.0008088 0.0003695 0.0008341 0.001182
0.005662 0.05138 0.1187 0.2679 0.07388 0.0824 0.04568 0.02956 0.01738 0.01061 0.007844 0.006621 0.004267 0.004581 0.002416 0.002268 0.001041 0.0005671 0.000259 0.001414
0.0704 0.9989 2.255 1.546 2.935 0.8094 0.9027 0.5005 0.3239 0.1904 0.1163 0.08593 0.07253 0.04675 0.05018 0.02647 0.02485 0.0114 0.006213 0.01833
0.1099 1.526 5.356 3.568 2.054 3.9 1.075 1.199 0.665 0.4304 0.253 0.1545 0.1142 0.09637 0.06211 0.06668 0.03517 0.03302 0.01515 0.0326
0.2386 1.822 6.223 6.406 3.579 2.06 3.912 1.079 1.203 0.667 0.4317 0.2538 0.1549 0.1145 0.09667 0.0623 0.06688 0.03527 0.03312 0.0479
0.3001 3.53 6.591 6.563 5.659 3.162 1.82 3.456 0.9529 1.063 0.5893 0.3813 0.2242 0.1369 0.1012 0.0854 0.05504 0.05908 0.03116 0.07157
0.295 4.166 11.91 6.443 5.368 4.628 2.586 1.489 2.826 0.7794 0.8693 0.4819 0.3119 0.1833 0.112 0.08275 0.06985 0.04502 0.04832 0.08403
0.2917 3.93 13.41 11.04 4.991 4.158 3.585 2.003 1.153 2.189 0.6037 0.6733 0.3733 0.2416 0.142 0.08671 0.06409 0.0541 0.03487 0.1025
0.3648 3.774 12.21 11.93 8.198 3.706 3.087 2.662 1.487 0.8562 1.625 0.4482 0.4999 0.2772 0.1794 0.1054 0.06439 0.04759 0.04017 0.102
1.056 4.618 11.41 10.51 8.555 5.878 2.657 2.213 1.909 1.066 0.6139 1.166 0.3214 0.3585 0.1987 0.1286 0.07561 0.04617 0.03412 0.1019
0.582 13.15 13.65 9.535 7.31 5.951 4.089 1.848 1.54 1.328 0.7418 0.4271 0.8108 0.2236 0.2494 0.1383 0.08948 0.0526 0.03212 0.09466
0.7831 7.144 38.09 11.12 6.457 4.95 4.03 2.769 1.252 1.043 0.8992 0.5024 0.2892 0.5491 0.1514 0.1689 0.09363 0.06059 0.03562 0.08585
1.033 9.503 20.35 30.32 7.345 4.266 3.271 2.663 1.83 0.8271 0.689 0.5941 0.3319 0.1911 0.3628 0.1 0.1116 0.06186 0.04004 0.08026
0.633 12.42 26.65 15.85 19.58 4.743 2.755 2.112 1.72 1.181 0.5341 0.4449 0.3836 0.2143 0.1234 0.2343 0.0646 0.07205 0.03995 0.07768
0.8805 7.544 34.33 20.34 10.01 12.37 2.997 1.741 1.335 1.087 0.7466 0.3375 0.2812 0.2424 0.1354 0.07798 0.148 0.04083 0.04553 0.07434
0.7376 10.42 20.58 25.7 12.59 6.2 7.659 1.856 1.078 0.8263 0.6727 0.4622 0.2089 0.1741 0.1501 0.08385 0.04828 0.09165 0.02527 0.07421
0.5063 8.668 28.07 15.13 15.6 7.641 3.763 4.648 1.126 0.6542 0.5015 0.4083 0.2805 0.1268 0.1056 0.09109 0.05089 0.0293 0.05563 0.06038
0.7313 5.914 23.09 20.26 9.006 9.288 4.55 2.241 2.768 0.6706 0.3895 0.2986 0.2431 0.167 0.07551 0.0629 0.05424 0.0303 0.01745 0.06908
0.7419 8.496 15.58 16.38 11.84 5.264 5.429 2.659 1.31 1.618 0.3919 0.2277 0.1745 0.1421 0.09763 0.04413 0.03677 0.0317 0.01771 0.05057
1.188 8.576 22.14 10.87 9.402 6.797 3.021 3.116 1.526 0.7516 0.9285 0.225 0.1307 0.1002 0.08155 0.05604 0.02533 0.0211 0.0182 0.03919
0.7537 13.67 22.12 15.2 6.128 5.301 3.833 1.703 1.757 0.8606 0.4238 0.5235 0.1268 0.07367 0.05648 0.04598 0.0316 0.01428 0.0119 0.03236
0.7359 8.216 33.35 14.29 8.053 3.247 2.809 2.031 0.9027 0.931 0.4561 0.2246 0.2774 0.06722 0.03904 0.02993 0.02437 0.01674 0.007569 0.02345
0.6232 8.023 20.05 21.54 7.572 4.267 1.721 1.489 1.076 0.4784 0.4934 0.2417 0.119 0.147 0.03562 0.02069 0.01586 0.01291 0.008873 0.01644
0.5039 6.794 19.58 12.95 11.41 4.013 2.262 0.912 0.7889 0.5704 0.2535 0.2615 0.1281 0.06307 0.07791 0.01888 0.01096 0.008406 0.006844 0.01341
0.4079 5.494 16.58 12.64 6.862 6.049 2.126 1.198 0.4833 0.4181 0.3023 0.1344 0.1386 0.06787 0.03342 0.04129 0.01 0.005811 0.004455 0.01074
0.7075 4.447 13.4 10.71 6.701 3.637 3.206 1.127 0.6351 0.2561 0.2216 0.1602 0.0712 0.07343 0.03597 0.01771 0.02188 0.005301 0.003079 0.00805
0.5339 7.713 10.85 8.658 5.674 3.551 1.927 1.699 0.5972 0.3366 0.1357 0.1174 0.08489 0.03773 0.03891 0.01906 0.009386 0.0116 0.002809 0.005898
0.7371 5.821 18.82 7.009 4.588 3.007 1.882 1.021 0.9003 0.3165 0.1784 0.07193 0.06222 0.04499 0.02 0.02062 0.0101 0.004974 0.006145 0.004614
0.4523 8.036 14.2 12.16 3.714 2.432 1.593 0.9972 0.5412 0.4771 0.1677 0.09452 0.03812 0.03297 0.02384 0.0106 0.01093 0.005353 0.002636 0.005702
0.4361 4.931 19.61 9.173 6.442 1.968 1.289 0.8444 0.5285 0.2868 0.2528 0.08888 0.05009 0.0202 0.01747 0.01263 0.005615 0.005791 0.002837 0.004419
0.3839 4.755 12.03 12.66 4.861 3.414 1.043 0.6829 0.4475 0.2801 0.152 0.134 0.0471 0.02654 0.0107 0.00926 0.006695 0.002976 0.003069 0.003845
0.3045 4.186 11.6 7.771 6.711 2.576 1.809 0.5528 0.3619 0.2371 0.1484 0.08055 0.071 0.02496 0.01407 0.005673 0.004907 0.003548 0.001577 0.003664
0.358 3.319 10.21 7.493 4.118 3.557 1.365 0.9587 0.2929 0.1918 0.1257 0.07865 0.04268 0.03763 0.01323 0.007455 0.003006 0.002601 0.00188 0.002777
0.761 3.903 8.099 6.597 3.971 2.182 1.885 0.7235 0.5081 0.1552 0.1016 0.0666 0.04168 0.02262 0.01994 0.00701 0.003951 0.001593 0.001378 0.002468
0.4664 8.296 9.522 5.231 3.496 2.104 1.157 0.9988 0.3834 0.2692 0.08227 0.05386 0.03529 0.02209 0.01199 0.01057 0.003715 0.002094 0.0008443 0.002038
0.4178 5.085 20.24 6.15 2.772 1.853 1.115 0.6129 0.5293 0.2032 0.1427 0.0436 0.02854 0.0187 0.01171 0.006353 0.0056 0.001969 0.001109 0.001528
0.1845 4.555 12.41 13.07 3.259 1.469 0.9818 0.591 0.3248 0.2805 0.1077 0.07561 0.0231 0.01512 0.009912 0.006203 0.003366 0.002968 0.001043 0.001398
0.219 2.011 11.11 8.014 6.929 1.727 0.7786 0.5203 0.3132 0.1721 0.1487 0.05706 0.04007 0.01224 0.008015 0.005253 0.003287 0.001784 0.001573 0.001293
0.3347 2.388 4.907 7.179 4.247 3.672 0.9153 0.4126 0.2757 0.166 0.09122 0.07878 0.03024 0.02123 0.006488 0.004248 0.002784 0.001742 0.0009454 0.001519
0.3117 3.649 5.826 3.169 3.804 2.251 1.946 0.4851 0.2186 0.1461 0.08795 0.04834 0.04175 0.01602 0.01125 0.003438 0.002251 0.001475 0.0009232 0.001306
0.2066 3.318 8.709 3.683 1.644 1.973 1.167 1.009 0.2515 0.1134 0.07577 0.04561 0.02507 0.02165 0.00831 0.005836 0.001783 0.001167 0.000765 0.001156
0.1906 2.199 7.939 5.535 1.922 0.8577 1.029 0.609 0.5266 0.1313 0.05917 0.03954 0.0238 0.01308 0.0113 0.004336 0.003045 0.0009305 0.0006091 0.001002
0.2943 2.028 5.276 5.075 2.907 1.009 0.4504 0.5406 0.3198 0.2765 0.06892 0.03107 0.02076 0.0125 0.006869 0.005932 0.002277 0.001599 0.0004886 0.0008462
0.1168 3.133 4.88 3.391 2.681 1.536 0.5331 0.2379 0.2856 0.169 0.1461 0.03641 0.01641 0.01097 0.006603 0.003629 0.003134 0.001203 0.0008448 0.0007052
0.1379 1.243 7.558 3.154 1.803 1.425 0.8163 0.2834 0.1265 0.1518 0.08981 0.07765 0.01936 0.008725 0.005831 0.00351 0.001929 0.001666 0.0006395 0.000824
0.06665 1.468 3.006 4.912 1.687 0.9641 0.7623 0.4366 0.1516 0.06765 0.08119 0.04803 0.04153 0.01035 0.004667 0.003118 0.001877 0.001032 0.000891 0.0007827
0.1587 0.7094 3.56 1.964 2.643 0.9077 0.5187 0.4102 0.2349 0.08155 0.0364 0.04369 0.02585 0.02235 0.005571 0.002511 0.001678 0.00101 0.0005551 0.0009006
0.1772 1.689 1.725 2.339 1.063 1.431 0.4914 0.2808 0.222 0.1272 0.04415 0.0197 0.02365 0.01399 0.0121 0.003015 0.001359 0.0009083 0.0005468 0.000788
0.1494 1.885 4.116 1.139 1.273 0.579 0.779 0.2676 0.1529 0.1209 0.06924 0.02404 0.01073 0.01288 0.007619 0.006587 0.001642 0.0007402 0.0004946 0.0007269
0.1059 1.589 4.605 2.733 0.6239 0.6976 0.3171 0.4267 0.1466 0.08376 0.06623 0.03793 0.01317 0.005877 0.007054 0.004173 0.003608 0.0008994 0.0004054 0.0006691
0.08228 1.126 3.892 3.073 1.506 0.3437 0.3843 0.1747 0.2351 0.08075 0.04615 0.03649 0.0209 0.007255 0.003238 0.003887 0.002299 0.001988 0.0004956 0.000592
0.137 0.8745 2.762 2.611 1.703 0.8343 0.1905 0.213 0.09682 0.1303 0.04475 0.02557 0.02022 0.01158 0.00402 0.001794 0.002154 0.001274 0.001102 0.0006027
0.09959 1.455 2.151 1.863 1.455 0.9491 0.4649 0.1061 0.1187 0.05396 0.0726 0.02494 0.01425 0.01127 0.006453 0.00224 0.0009999 0.0012 0.00071 0.0009497
0.08312 1.057 3.587 1.458 1.044 0.8153 0.5319 0.2605 0.05949 0.06651 0.03024 0.04069 0.01397 0.007986 0.006315 0.003617 0.001256 0.0005604 0.0006726 0.0009302
0.09471 0.8819 2.612 2.442 0.8214 0.5882 0.4594 0.2997 0.1468 0.03352 0.03748 0.01704 0.02293 0.007875 0.0045 0.003558 0.002038 0.0007075 0.0003158 0.0009032
0.06656 1.004 2.183 1.787 1.384 0.4653 0.3332 0.2603 0.1698 0.08318 0.01899 0.02123 0.009653 0.01299 0.004461 0.002549 0.002016 0.001155 0.0004008 0.0006906
0.05906 0.7051 2.49 1.5 1.018 0.788 0.265 0.1898 0.1482 0.0967 0.04737 0.01082 0.01209 0.005498 0.007397 0.002541 0.001452 0.001148 0.0006575 0.0006216
0.118 0.625 1.751 1.719 0.8588 0.5826 0.4511 0.1517 0.1086 0.08485 0.05535 0.02712 0.006191 0.006922 0.003147 0.004235 0.001454 0.0008312 0.0006572 0.0007322
0.06082 1.247 1.555 1.214 0.989 0.4941 0.3352 0.2595 0.08727 0.0625 0.04882 0.03185 0.0156 0.003562 0.003982 0.001811 0.002436 0.0008367 0.0004782 0.0007993
