Originally  
101 
A 
42	100	
1	1	NA	NA	
1	20	
1 0 0.2098 0.9557 0.3963 0.3963 0.1166 0.04662 0.09324 0.04662 0 0.04662 0.02331 0 0 0 0 0 0 0 0
1 0.04929 0.1643 0.2629 0.5586 0.1479 0.1807 0.09857 0.09857 0 0.01643 0 0.01643 0 0 0.01643 0.01643 0 0 0 0.01643
1 0 0.2703 0.4247 0.2124 0.444 0.1738 0.09653 0.09653 0.1158 0.03861 0.03861 0 0 0 0 0 0 0 0.01931 0
1 0.02875 0.3738 0.7475 0.4313 0.3163 0.5175 0.115 0.1438 0.02875 0.02875 0.08625 0.02875 0.02875 0 0 0 0 0 0 0
1 0.03609 0.1624 0.3609 0.3248 0.2346 0.09022 0.3068 0.05413 0.1263 0.05413 0.03609 0 0 0 0.01804 0 0 0 0 0
1 0.02681 0.2145 0.3217 0.2279 0.1743 0.06702 0.02681 0.134 0.04021 0.04021 0.0134 0.04021 0 0.0134 0 0 0 0 0 0
1 0.04891 0.1793 0.4565 0.1793 0.1793 0.2609 0.09782 0.03261 0.08152 0.0163 0.03261 0.0163 0.03261 0 0 0 0.0163 0 0 0
1 0 0.2026 0.628 0.466 0.1823 0.2026 0.08104 0.04052 0.02026 0.1418 0 0.02026 0 0 0 0.02026 0.02026 0 0 0
1 0.04704 0.1411 0.3646 0.2117 0.1882 0.04704 0.04704 0.03528 0.04704 0.02352 0 0 0.01176 0 0 0 0 0 0 0.01176
1 0.1346 0.1944 0.3738 0.2093 0.2542 0.1346 0.0299 0.04486 0.0299 0.01495 0.0299 0.0299 0 0 0 0 0 0 0 0.01495
1 0.0282 0.3525 0.2961 0.1692 0.1551 0.1128 0.1269 0.0282 0.0423 0.0423 0 0.0141 0.0282 0 0 0 0 0.0141 0 0
1 0.01535 0.1995 0.7213 0.1842 0.07673 0.09208 0.07673 0.09208 0 0.03069 0 0.01535 0.01535 0 0 0 0 0.01535 0 0
1 0.04351 0.2611 0.7179 0.8267 0.06527 0.04351 0.02176 0.1088 0.04351 0 0.02176 0 0.02176 0 0 0 0 0 0 0
1 0.03226 0.2258 0.5162 0.242 0.371 0.08065 0.04839 0.08065 0.01613 0 0 0 0 0 0 0 0 0 0 0
1 0.04382 0.1607 0.5113 0.2922 0.1169 0.1753 0.01461 0.02922 0.07304 0.02922 0 0 0 0.01461 0 0 0 0 0 0
1 0.01272 0.2545 0.2799 0.2926 0.1781 0.1145 0.07634 0.01272 0.02545 0 0 0.01272 0 0 0 0 0.01272 0 0 0
1 0 0.1335 0.4804 0.2269 0.1868 0.1601 0.08007 0.05338 0 0 0 0 0.01335 0 0 0 0 0 0 0
1 0.007283 0.102 0.2185 0.1238 0.06555 0.1092 0.05098 0.01457 0.02185 0.007283 0 0 0 0 0 0 0.007283 0 0 0
1 0.008518 0.1533 0.1448 0.213 0.1022 0.07666 0.06815 0.05111 0.008518 0.01704 0 0.008518 0 0 0 0 0 0 0 0
1 0.04977 0.1078 0.2571 0.1327 0.09124 0.06635 0.06635 0.02488 0.01659 0.008294 0 0.008294 0 0 0 0 0 0 0 0
1 0.02376 0.2535 0.2614 0.103 0.05545 0.04753 0.03961 0 0 0 0 0 0 0 0 0 0 0 0 0.007922
1 0.02701 0.1801 0.3782 0.1441 0.05403 0.04502 0.01801 0.01801 0.01801 0.01801 0 0 0 0 0 0 0 0 0 0
1 0.0218 0.09449 0.2326 0.2253 0.07268 0.03634 0.0218 0.007268 0.007268 0 0.007268 0 0 0 0 0 0 0 0 0
1 0.01488 0.05457 0.1736 0.129 0.07442 0.02481 0.009922 0 0 0.004961 0 0.004961 0 0 0.004961 0 0 0 0 0
1 0 0.1226 0.2329 0.09805 0.0858 0.01839 0.01839 0.01839 0.006128 0 0 0 0 0 0 0.01226 0 0 0 0
1 0.009497 0.05223 0.133 0.114 0.06173 0.04749 0.03324 0.009497 0.004749 0 0.009497 0 0 0 0 0 0 0 0 0
1 0.008797 0.132 0.07478 0.06598 0.07038 0.06158 0.008797 0.0132 0 0 0 0 0 0.004399 0 0 0 0 0 0
1 0.02524 0.09088 0.1868 0.08078 0.04544 0.03029 0.01515 0.0101 0.0202 0 0 0 0 0 0 0 0 0 0 0
1 0.006719 0.06047 0.1041 0.1142 0.02352 0.00336 0.00336 0.01008 0.006719 0.00336 0 0 0 0 0 0 0 0 0 0
1 0.02587 0.07762 0.2173 0.06727 0.09315 0.01035 0.005175 0.01035 0.005175 0 0 0.005175 0 0 0 0 0 0 0 0
1 0.003705 0.08151 0.09263 0.1149 0.02964 0.03335 0.01112 0.003705 0 0 0 0 0 0 0 0 0 0 0 0
1 0.01262 0.05889 0.1094 0.05468 0.09254 0.02103 0.04206 0.01262 0.004206 0.01262 0 0 0 0 0 0 0 0 0 0
1 0.01497 0.06737 0.1048 0.08234 0.03743 0.02994 0.01497 0.01123 0.003743 0 0.003743 0 0 0 0 0 0 0 0 0.003743
1 0.02022 0.04622 0.078 0.06067 0.04045 0.01733 0.01733 0.002889 0.005778 0 0 0 0 0 0 0 0 0 0 0
1 0.008427 0.1475 0.1053 0.05056 0.05056 0.02528 0.01264 0.004214 0 0.01264 0.004214 0 0 0 0 0 0 0 0 0
1 0.007591 0.06452 0.2125 0.04934 0.01139 0.01518 0.007591 0.003796 0 0.003796 0 0 0.003796 0 0 0 0 0 0 0
1 0.01299 0.06061 0.1558 0.1472 0.04329 0.004329 0.004329 0 0.004329 0 0 0 0 0 0 0 0 0 0 0
1 0.002667 0.04267 0.104 0.03467 0.05334 0.01067 0.01067 0.002667 0.002667 0.002667 0 0 0 0 0 0 0 0 0 0
1 0.01992 0.05313 0.02656 0.08965 0.05645 0.05977 0.0166 0.00332 0 0.006641 0 0 0 0 0 0 0 0 0 0
1 0.00921 0.06447 0.07368 0.04605 0.05526 0.02456 0.01535 0.00921 0 0.00614 0.00307 0 0 0 0 0 0 0 0 0
1 0.01117 0.04469 0.09498 0.04469 0.03352 0.02235 0.01397 0.01397 0 0 0 0 0 0 0 0 0 0 0 0
1 0.008374 0.03768 0.07537 0.0314 0.01675 0.01256 0.01256 0.004187 0.004187 0.004187 0.002094 0 0 0 0 0 0 0 0 0
1 0.0158 0.0361 0.07221 0.04287 0.02482 0.01354 0.002257 0.01128 0.002257 0.002257 0 0.002257 0 0 0 0 0 0 0 0
1 0.003096 0.09597 0.06811 0.06192 0.03715 0.02477 0.006192 0.003096 0.003096 0.006192 0 0 0 0 0 0 0 0 0 0
1 0.008047 0.02414 0.06277 0.02736 0.01449 0.01288 0.004828 0.001609 0.001609 0.001609 0.001609 0 0 0 0 0 0 0 0 0
1 0.001659 0.02157 0.02157 0.07135 0.02157 0.008297 0.004978 0.004978 0.004978 0 0 0 0.003319 0 0 0 0 0.001659 0 0
1 0.01194 0.01535 0.05459 0.02047 0.03753 0.01365 0.003412 0.01024 0.001706 0 0 0 0.001706 0 0 0 0 0 0 0
1 0.001781 0.02582 0.008905 0.02226 0.01425 0.01069 0.001781 0.0008905 0.001781 0.0008905 0 0 0 0 0 0 0 0 0 0
1 0.008635 0.05397 0.08419 0.01511 0.02806 0.008635 0.008635 0.002159 0.004318 0 0.002159 0 0 0 0 0 0 0 0 0
1 0.003084 0.0293 0.06323 0.02622 0.01234 0.006168 0.004626 0.004626 0.001542 0.001542 0 0.001542 0 0 0 0 0 0 0 0
1 0.008202 0.04101 0.05741 0.05331 0.03076 0.006151 0.00205 0 0.00205 0.00205 0 0 0 0.00205 0 0 0 0 0 0
1 0.009395 0.02443 0.0451 0.05073 0.0357 0.01127 0 0.001879 0.001879 0 0.003758 0.001879 0.001879 0 0 0 0 0 0 0
1 0.006823 0.04264 0.03241 0.02559 0.01365 0.02559 0.01365 0 0.001706 0.003411 0 0.001706 0 0.003411 0 0 0 0 0 0
1 0.002491 0.01619 0.05106 0.01121 0.01743 0.01619 0.003736 0.002491 0 0.002491 0 0.001245 0 0 0 0 0 0 0 0
1 0.001227 0.02209 0.02946 0.03191 0.01473 0.008591 0.007364 0.003682 0.001227 0 0.002455 0 0 0 0 0 0 0 0 0
1 0.00458 0.03511 0.03969 0.03053 0.01221 0.01069 0.007633 0.006106 0.006106 0 0 0 0 0 0 0 0 0 0 0
1 0.003231 0.01777 0.06138 0.02746 0.02261 0.009692 0.004846 0.001615 0.004846 0 0.006461 0 0 0.001615 0 0 0 0 0 0
1 0.004839 0.01694 0.02661 0.03508 0.0121 0.01331 0.007258 0.00121 0.002419 0.00121 0 0 0 0 0 0 0 0 0 0
1 0.003784 0.03531 0.01766 0.0227 0.02649 0.006306 0.003784 0.006306 0 0.002522 0 0.001261 0 0 0 0 0 0 0 0
