VPA/ADAPT V 3.0
MODEL ID
k=0.3, 2009-2011 Ichtio.
PARAM
4  11  10  8  9  1987  3  0  123456
PARTIAL RECRUIT
0.5000   0.8000   1.0000   1.0000   1.0000   1.0000   1.0000   1.0000   1.0000   1.0000   
AGE ESTIMATE
4 5 6 7 8 9 10 11 12 
STOCK ESTIMATE
180000   300000   200000   280000   170000   200000   270000   60000    30000    
F-PLUS
1.0000*4  
STOCK MIN-MAX
1.000          2000000.000 
AGES-SUMMARY
5-10 
SURVEY FACTORS
1.000000     1.000000     1.000000     1.000000     1.000000     1.000000     1.000000     1.000000     1.000000     0.010000     
1.000000     1.000000     1.000000     1.000000     1.000000     1.000000     1.000000     1.000000     1.000000     1.000000     
1.000000     1.000000     1.000000     1.000000     1.000000     0.010000     0.010000     0.010000     0.010000     0.010000     
1.000000     1.000000     1.000000     1.000000     1.000000     1.000000     0.010000     0.010000     0.010000     0.010000     
1.000000     1.000000     1.000000     1.000000     1.000000     1.000000     0.010000     0.010000     0.010000     0.010000     
1.000000     1.000000     1.000000     1.000000     1.000000     1.000000     1.000000     0.010000     0.010000     0.010000     
1.000000     1.000000     1.000000     1.000000     1.000000     1.000000     1.000000     1.000000     0.010000     0.010000     
1.000000     1.000000     1.000000     1.000000     1.000000     1.000000     1.000000     1.000000     1.000000     0.010000     
1.000000     1.000000     1.000000     1.000000     1.000000     1.000000     1.000000     1.000000     1.000000     1.000000     
1.000000     1.000000     1.000000     1.000000     1.000000     1.000000     1.000000     1.000000     1.000000     1.000000     
1.000000     1.000000     1.000000     1.000000     1.000000     1.000000     1.000000     1.000000     1.000000     1.000000     
1.000000     1.000000     1.000000     1.000000     1.000000     1.000000     1.000000     1.000000     1.000000     1.000000     
1.000000     1.000000     1.000000     1.000000     1.000000     1.000000     1.000000     1.000000     1.000000     1.000000     
1.000000     1.000000     1.000000     1.000000     1.000000     1.000000     1.000000     1.000000     1.000000     1.000000     
1.000000     1.000000     1.000000     1.000000     1.000000     1.000000     1.000000     1.000000     1.000000     1.000000     
1.000000     1.000000     1.000000     1.000000     1.000000     1.000000     1.000000     1.000000     1.000000     1.000000     
1.000000     1.000000     1.000000     1.000000     1.000000     1.000000     1.000000     1.000000     1.000000     1.000000     
1.000000     1.000000     1.000000     1.000000     1.000000     1.000000     1.000000     0.010000     0.010000     0.010000     
1.000000     1.000000     1.000000     1.000000     1.000000     1.000000     1.000000     1.000000     0.010000     0.010000     
1.000000     1.000000     1.000000     1.000000     1.000000     1.000000     1.000000     1.000000     1.000000     0.010000     
1.000000     1.000000     1.000000     1.000000     1.000000     1.000000     1.000000     1.000000     0.010000     0.010000     
1.000000     1.000000     1.000000     1.000000     1.000000     1.000000     1.000000     1.000000     1.000000     0.010000     
1.000000     1.000000     1.000000     1.000000     1.000000     1.000000     1.000000     1.000000     1.000000     1.000000     
1.000000     1.000000     1.000000     1.000000     1.000000     1.000000     1.000000     1.000000     1.000000     1.000000     
1.000000     1.000000     1.000000     1.000000     1.000000     1.000000     1.000000     1.000000     1.000000     1.000000     
1.000000     1.000000     1.000000     1.000000     1.000000     1.000000     1.000000     1.000000     1.000000     1.000000     
1.000000     1.000000     1.000000     1.000000     1.000000     1.000000     1.000000     1.000000     1.000000     1.000000     
1.000000     1.000000     1.000000     1.000000     1.000000     1.000000     1.000000     1.000000     1.000000     1.000000     
1.000000     1.000000     1.000000     1.000000     1.000000     1.000000     1.000000     1.000000     1.000000     1.000000     
1.000000     1.000000     1.000000     1.000000     1.000000     1.000000     1.000000     1.000000     1.000000     1.000000     
1.000000     1.000000     1.000000     1.000000     1.000000     1.000000     1.000000     1.000000     1.000000     1.000000     
MFSPAWN
0.5000    0.0000  
AGES-F
8-11
CATCH AT AGE
3144.0       44590.0      60285.0      20622.0      19751.0      46240.0      15232.0      13963.0      10179.0      13216.0      13227.0      
4757.0       41331.0      99366.0      69331.0      22955.0      20131.0      32201.0      12349.0      10250.0      7378.0       14048.0      
22628.0      26649.0      77824.0      188654.0     43114.0      8116.0       5897.0       7292.0       4780.0       3449.0       2602.0       
14884.0      56995.0      35593.0      79757.0      157225.0     30248.0      8187.0       4372.0       3379.0       1786.0       1726.0       
WEIGHT AT AGE
0.1680   0.2000   0.2400   0.2780   0.3040   0.3250   0.3390   0.3560   0.3780   0.4000   0.4160   
0.1570   0.2210   0.2390   0.2710   0.2980   0.3190   0.3340   0.3540   0.3520   0.3710   0.4030   
0.1300   0.2060   0.2460   0.2610   0.2900   0.3310   0.3380   0.3520   0.3690   0.3890   0.4010   
0.1270   0.1970   0.2450   0.2720   0.2850   0.3050   0.3240   0.3360   0.3620   0.3700   0.3790   
BIOMASS
0.1680   0.2000   0.2400   0.2780   0.3040   0.3250   0.3390   0.3560   0.3780   0.4000   0.4160   
0.1570   0.2210   0.2390   0.2710   0.2980   0.3190   0.3340   0.3540   0.3520   0.3710   0.4030   
0.1300   0.2060   0.2460   0.2610   0.2900   0.3310   0.3380   0.3520   0.3690   0.3890   0.4010   
0.1270   0.1970   0.2450   0.2720   0.2850   0.3050   0.3240   0.3360   0.3620   0.3700   0.3790   
0.1350   0.1880   0.2320   0.2670   0.2890   0.3040   0.3230   0.3400   0.3520   0.3690   0.3980   
SSB
0.1680   0.2000   0.2400   0.2780   0.3040   0.3250   0.3390   0.3560   0.3780   0.4000   0.4160   
0.1570   0.2210   0.2390   0.2710   0.2980   0.3190   0.3340   0.3540   0.3520   0.3710   0.4030   
0.1300   0.2060   0.2460   0.2610   0.2900   0.3310   0.3380   0.3520   0.3690   0.3890   0.4010   
0.1270   0.1970   0.2450   0.2720   0.2850   0.3050   0.3240   0.3360   0.3620   0.3700   0.3790   
SURVEY INDEX
Acoustic      Acoustic      Acoustic      Acoustic      Acoustic      Acoustic      Acoustic      Acoustic      Acoustic      Acoustic      
4             5             6             7             8             9             10            11            12            13            
1-Jan         1-Jan         1-Jan         1-Jan         1-Jan         1-Jan         1-Jan         1-Jan         1-Jan         1-Jan         
Number        Number        Number        Number        Number        Number        Number        Number        Number        Number        
0.000000000         0.000000000         0.000000000         0.000000000         0.000000000         0.000000000         0.000000000         0.000000000         0.000000000         0.000000000         
401246.000000000    858012.000000000    308065.000000000    57103.000000000     32532.000000000     70426.000000000     36713.000000000     23586.000000000     18401.000000000     24278.000000000     
201284.000000000    232808.000000000    381417.000000000    188456.000000000    46448.000000000     25798.000000000     32819.000000000     17439.000000000     10373.000000000     9081.000000000      
655361.000000000    179364.000000000    278836.000000000    592982.000000000    179665.000000000    22182.000000000     21768.000000000     13080.000000000     9941.000000000      1989.000000000      
132235.000000000    258591.000000000    94373.000000000     191054.000000000    514403.000000000    79353.000000000     37618.000000000     9394.000000000      0.000000000         0.000000000         
CHECKED INDEX
1    2    3    4    5    6    7    8    
MATURITY
0.2000   0.8500   1.0000   1.0000   1.0000   1.0000   1.0000   1.0000   1.0000   1.0000   1.0000   
0.2000   0.8500   1.0000   1.0000   1.0000   1.0000   1.0000   1.0000   1.0000   1.0000   1.0000   
0.2000   0.8500   1.0000   1.0000   1.0000   1.0000   1.0000   1.0000   1.0000   1.0000   1.0000   
0.2000   0.8500   1.0000   1.0000   1.0000   1.0000   1.0000   1.0000   1.0000   1.0000   1.0000   
M MATRIX
0.1000   0.1000   0.1000   0.1000   0.1000   0.1000   0.1000   0.1000   0.1000   0.1000   0.1000   
0.1000   0.1000   0.1000   0.1000   0.1000   0.1000   0.1000   0.1000   0.1000   0.1000   0.1000   
0.1000   0.1000   0.1000   0.1000   0.1000   0.1000   0.1000   0.1000   0.1000   0.1000   0.1000   
0.1000   0.1000   0.1000   0.1000   0.1000   0.1000   0.1000   0.1000   0.1000   0.1000   0.1000   
OPTIONS
1   1   0   0   0   0   1   1   1   0   
YEAR_RANGE
1987-1987
XPARM
80.00     1.00    
RPARM
100  6.0554540E-005  1.0000000E-018  1.0000000E-018  4.9303810E-032  
CHECKED RETRO
1   1   1   1   1   1   1   1   0   0   
