Originally  
101 
A 
2	100	
1	1	NA	NA	
1	20	
1 267.8 226.6 103 154.5 92.71 82.41 61.81 10.3 0 20.6 0 10.3 0 0 0 0 0 0 0 0
1 422 361.7 195.9 211 75.36 75.36 45.22 15.07 30.14 15.07 45.22 0 15.07 0 0 0 0 0 0 0
1 267.1 303.5 218.5 145.7 109.3 24.28 48.56 12.14 12.14 12.14 48.56 0 0 0 0 0 12.14 0 0 0
1 317.9 227.1 147.6 181.7 90.84 45.42 11.35 34.06 34.06 22.71 11.35 0 11.35 0 0 0 0 0 0 0
1 359.8 359.8 359.8 222.8 85.68 85.68 51.41 51.41 34.27 17.14 34.27 34.27 0 17.14 0 0 0 0 0 0
1 319.1 233.2 159.6 171.8 122.7 24.55 36.82 24.55 36.82 24.55 12.27 24.55 12.27 0 24.55 0 0 0 0 0
1 308.9 259.5 185.3 148.3 86.49 111.2 24.71 61.78 12.36 12.36 24.71 0 0 0 0 0 0 0 0 0
1 309.5 217.8 240.7 68.77 68.77 45.85 91.69 34.38 11.46 11.46 0 11.46 0 22.92 0 0 0 0 0 11.46
1 354.7 197.1 98.53 108.4 59.12 68.97 0 29.56 9.853 19.71 9.853 0 19.71 0 9.853 0 0 0 0 0
1 225.6 188 235 103.4 65.81 28.2 47 18.8 0 9.401 0 9.401 0 0 0 9.401 0 0 0 0
1 323.6 186.7 174.3 186.7 149.4 62.24 24.89 12.45 12.45 24.89 62.24 12.45 0 12.45 0 0 0 0 0 0
1 493.7 406.6 145.2 159.7 43.56 43.56 14.52 29.04 43.56 14.52 29.04 0 0 14.52 14.52 0 0 0 0 0
1 277.1 213.2 149.2 95.93 85.27 63.95 42.63 53.29 42.63 10.66 21.32 0 0 0 0 0 10.66 0 0 0
1 198.2 181 120.6 112 68.94 51.7 43.08 34.47 8.617 8.617 0 8.617 0 17.23 8.617 0 0 0 0 0
1 357.4 328.8 285.9 157.2 114.4 57.18 42.89 28.59 28.59 28.59 0 0 0 0 0 0 0 0 0 0
1 400 304 256 176 160 79.99 128 16 32 16 0 0 0 16 0 0 0 16 0 0
1 291.3 268.9 123.3 123.3 145.7 22.41 78.44 33.62 11.21 0 11.21 0 0 0 0 0 11.21 0 0 0
1 361.2 229.9 131.3 98.51 65.67 87.56 21.89 54.73 21.89 10.95 10.95 0 0 0 0 0 0 0 0 0
1 332.3 265.9 132.9 121.9 11.08 55.39 33.23 22.16 33.23 0 55.39 0 0 0 11.08 11.08 11.08 0 0 11.08
1 351.5 303.1 169.7 72.73 84.85 72.73 60.61 24.24 48.49 12.12 0 0 0 0 0 0 0 12.12 0 0
1 430.4 203.9 215.2 124.6 33.98 79.29 22.65 0 11.33 0 0 0 0 0 0 0 0 0 11.33 0
1 386.5 211.9 174.5 187 49.87 62.34 87.27 49.87 0 37.4 0 0 0 0 0 0 0 0 0 0
1 446.7 253.5 144.9 120.7 84.5 48.29 48.29 12.07 0 24.14 0 0 12.07 0 0 12.07 0 0 0 0
1 500.4 370.6 333.6 222.4 129.7 148.3 74.13 18.53 37.06 0 0 0 0 18.53 0 0 0 0 0 0
1 502.3 330.1 129.2 100.5 71.75 57.4 71.75 100.5 14.35 0 0 0 43.05 14.35 0 0 0 0 0 0
1 339.3 278.7 133.3 157.5 121.2 60.58 48.47 60.58 0 0 12.12 0 0 0 0 0 0 0 0 0
1 387.3 119.2 109.2 129.1 79.45 59.59 49.66 19.86 29.79 0 9.931 0 0 0 0 0 0 0 0 0
1 455.3 258.4 160 73.84 86.15 61.53 36.92 24.61 36.92 12.31 0 24.61 0 0 0 0 0 0 0 0
1 502.1 339.7 192 147.7 132.9 29.54 29.54 29.54 59.07 14.77 0 0 0 0 0 0 0 0 0 0
1 393.7 366.6 258 135.8 40.73 54.31 40.73 13.58 13.58 0 0 13.58 13.58 0 13.58 0 0 0 0 0
1 331.8 194.5 183.1 103 80.09 57.21 57.21 34.32 45.76 0 0 0 22.88 0 22.88 0 0 11.44 0 0
1 523 326.9 294.2 114.4 130.8 98.07 49.04 32.69 65.38 0 0 0 0 0 0 0 0 0 0 0
1 399.9 299.9 162.4 137.5 149.9 24.99 24.99 37.49 12.5 0 0 0 0 0 0 0 0 0 0 0
1 467.6 415.6 294.4 242.5 34.64 86.59 17.32 34.64 17.32 0 34.64 51.96 0 17.32 17.32 0 0 0 0 0
1 356.2 183.8 137.9 126.4 80.43 34.47 91.92 0 22.98 34.47 22.98 0 0 11.49 34.47 0 0 0 0 11.49
1 545.5 246.4 387.1 228.8 105.6 70.39 52.79 52.79 0 35.19 17.6 17.6 0 0 0 0 0 0 0 0
1 640.2 218.6 296.7 93.69 109.3 15.62 78.08 46.85 15.62 46.85 0 0 0 0 0 0 0 0 0 0
1 338.4 225.6 135.3 101.5 90.23 45.11 101.5 22.56 22.56 11.28 11.28 0 11.28 0 0 0 0 11.28 0 0
1 337.4 259.5 116.8 259.5 129.8 38.93 90.84 12.98 25.95 0 0 12.98 0 0 12.98 0 0 0 0 0
1 160.8 228.5 118.5 110 67.69 67.69 33.85 33.85 8.462 0 0 16.92 0 0 0 0 0 0 0 0
1 248.9 162.8 220.2 172.3 38.3 57.45 9.575 9.575 9.575 0 19.15 9.575 0 0 0 0 0 0 0 0
1 441.8 402.9 207.9 104 77.97 13 25.99 13 0 0 0 13 0 0 0 0 0 0 0 0
1 251.1 210.6 121.5 81 64.8 24.3 8.1 16.2 16.2 0 8.1 0 0 0 0 8.1 0 0 0 0
1 396.2 222.2 193.3 106.3 0 0 19.33 19.33 0 0 9.663 0 0 0 0 0 0 0 0 0
1 321.8 231.3 160.9 120.7 50.29 60.34 20.11 20.11 0 0 0 10.06 0 0 10.06 0 0 0 0 0
1 531.2 362.8 181.4 103.7 38.87 0 25.91 0 12.96 38.87 0 0 0 0 0 0 0 0 0 0
1 378.2 231.1 157.6 105.1 105.1 21.01 10.51 10.51 21.01 0 0 0 0 0 0 0 10.51 0 0 0
1 374.3 217.6 139.3 52.23 52.23 0 17.41 0 8.705 8.705 0 0 0 0 0 0 0 0 0 0
1 307.8 251.8 121.3 111.9 46.64 46.64 37.31 0 0 0 0 0 0 0 9.328 0 0 0 0 0
1 305.5 168.8 176.9 48.23 48.23 40.19 16.08 0 0 0 0 0 0 0 0 0 0 0 0 0
1 334.4 220 132 61.59 52.79 35.2 26.4 0 8.799 0 0 8.799 0 0 0 0 0 0 0 0
1 412.4 282.2 173.6 75.97 54.26 32.56 43.41 0 0 10.85 0 0 0 0 0 0 0 0 0 0
1 361.3 361.3 225.8 90.34 67.75 11.29 11.29 0 0 0 0 0 0 0 0 0 0 0 0 0
1 398 180.9 171.9 54.28 72.37 18.09 0 9.046 0 0 0 0 0 0 0 0 0 0 0 0
1 277.2 260.9 81.53 97.83 73.37 0 16.31 0 0 8.153 0 0 0 0 0 0 0 0 0 0
1 352.1 255.3 132 70.42 8.803 26.41 17.61 8.803 8.803 0 0 0 0 0 0 0 0 0 0 0
1 274.1 265 219.3 63.97 36.55 36.55 9.138 9.138 0 0 0 0 0 0 0 0 0 0 0 0
1 415.4 197.3 207.7 41.54 103.9 51.93 20.77 0 0 0 0 0 0 0 0 0 0 0 0 0
1 486.9 278.2 208.7 92.74 34.78 23.19 11.59 11.59 11.59 0 0 0 0 0 0 0 0 0 0 0
1 683.4 413.2 222.5 143 31.79 31.79 31.79 0 31.79 0 0 0 0 0 0 0 0 0 0 0
1 511.9 369.7 213.3 184.9 56.88 14.22 42.66 28.44 0 0 0 0 0 0 0 0 0 0 0 0
1 413.2 413.2 162.8 87.64 75.12 62.6 12.52 0 0 0 0 12.52 12.52 0 0 0 0 0 0 0
1 373.1 252.4 219.4 153.6 32.92 43.89 10.97 0 10.97 0 0 0 0 0 0 0 0 0 0 0
1 479.7 298.2 246.4 129.7 103.7 0 38.9 0 0 0 0 0 0 0 0 0 0 0 0 0
1 443.1 473.6 320.8 91.67 45.83 61.11 76.39 15.28 0 0 0 0 0 0 0 0 0 0 0 0
1 395.1 313.8 232.4 81.35 69.72 46.48 23.24 0 0 0 0 0 0 0 0 0 0 0 0 0
1 280.8 280.8 220.6 100.3 30.08 10.03 40.11 10.03 30.08 0 0 0 0 0 0 0 0 0 0 0
1 501.4 282.9 231.4 102.9 51.43 25.72 51.43 12.86 25.72 0 0 0 0 0 0 0 0 0 0 0
1 556 417 262.6 123.6 92.67 46.34 15.45 30.89 0 0 0 0 0 0 0 0 0 0 0 0
1 488.7 383 171.7 92.46 66.04 39.63 0 52.83 13.21 13.21 0 0 0 0 0 0 0 0 0 0
1 403.1 230.3 105.6 124.8 47.98 9.597 19.19 9.597 0 0 9.597 0 0 0 0 0 0 0 0 0
1 554.8 309.7 154.8 141.9 64.51 51.61 0 0 12.9 0 0 0 0 0 0 0 0 0 0 0
1 412.7 235.8 117.9 88.43 49.13 49.13 0 9.825 9.825 0 9.825 0 0 0 0 0 0 0 0 0
1 672.4 254 239.1 104.6 104.6 14.94 29.88 29.88 14.94 14.94 0 14.94 0 0 0 0 0 0 0 0
1 303.8 253.1 162 141.8 81 30.38 20.25 10.13 10.13 0 0 0 0 0 0 0 0 0 0 0
1 521.8 445.1 260.9 122.8 46.04 92.08 15.35 0 30.69 0 0 0 0 0 0 0 0 0 0 0
1 437.3 239.5 187.4 114.5 20.83 20.83 10.41 0 0 10.41 0 0 0 0 0 0 0 0 0 0
1 590.3 434.9 201.9 155.3 93.2 62.13 0 0 15.53 0 0 0 0 0 0 0 0 0 0 0
1 433.4 229.4 280.4 140.2 102 38.24 12.75 0 12.75 12.75 0 0 12.75 0 0 0 0 0 0 0
1 438.1 424 282.6 113.1 98.92 14.13 14.13 14.13 14.13 0 0 0 0 0 0 0 0 0 0 0
1 469.1 261.8 185.4 98.18 32.73 10.91 0 21.82 10.91 0 0 0 0 0 0 0 0 0 0 0
1 406 301.6 197.2 139.2 46.41 23.2 34.8 11.6 0 0 0 0 0 0 0 0 0 0 0 0
1 424.2 339.3 311.1 169.7 84.84 42.42 14.14 28.28 0 0 0 0 0 0 0 0 0 0 0 0
1 398.4 170.7 180.2 94.86 66.4 18.97 9.486 0 0 0 0 0 9.486 0 0 0 0 0 0 0
1 703.7 275.9 234.6 110.4 27.59 0 13.8 0 13.8 0 0 0 0 0 0 0 0 0 0 0
1 608.2 322.7 124.1 74.48 74.48 0 0 0 12.41 0 12.41 0 0 12.41 0 0 0 0 0 0
1 344 394.9 293 140.1 63.7 0 12.74 25.48 0 0 0 0 0 0 0 0 0 0 0 0
1 397.2 276.8 228.7 144.4 72.21 36.11 12.04 12.04 0 12.04 0 12.04 0 0 0 0 0 0 0 0
1 514.9 343.2 98.07 134.8 122.6 12.26 0 0 0 0 0 0 0 0 0 0 0 0 0 0
1 480.6 373.8 200.2 93.44 80.1 66.75 40.05 0 0 0 0 0 0 0 0 0 0 0 0 0
1 224.1 474.5 250.4 171.3 92.26 65.9 26.36 0 0 13.18 0 0 0 0 0 0 0 0 0 0
1 688.5 668.8 236.1 137.7 78.68 78.68 39.34 19.67 0 19.67 0 0 0 0 0 0 0 0 0 0
1 344.9 226.6 147.8 98.54 88.68 29.56 39.41 9.854 0 0 0 0 0 0 0 0 0 0 0 0
1 572.8 387 216.7 170.3 77.41 108.4 0 15.48 0 0 0 0 0 0 0 0 0 0 0 0
1 472.9 307.4 201 70.94 23.65 59.12 35.47 0 0 11.82 0 0 0 0 0 0 0 0 0 0
1 363.9 314.7 118 88.52 49.18 19.67 9.835 0 9.835 0 0 0 0 9.835 0 0 0 0 0 0
1 725.7 362.9 247.4 247.4 32.99 16.49 0 0 0 16.49 0 0 0 0 0 0 0 0 0 0
1 639.2 390.6 337.3 177.5 124.3 53.26 17.75 0 17.75 17.75 0 0 0 0 0 0 0 0 0 0
1 756.3 562.4 310.3 116.4 116.4 58.18 0 0 0 0 0 19.39 0 0 0 0 0 0 0 0
