Originally  
101 
A 
2	100	
1	1	NA	NA	
1	20	
1 381.9 368.7 171.2 92.18 158 39.5 26.34 26.34 13.17 0 0 26.34 0 0 0 0 13.17 0 0 0
1 201.9 222.1 121.2 90.88 80.78 131.3 40.39 70.68 50.49 0 0 0 0 0 0 0 0 0 0 0
1 625.6 224.6 176.5 192.5 128.3 80.21 32.08 64.17 32.08 16.04 16.04 0 0 16.04 0 0 0 0 0 0
1 632.6 673.4 183.7 224.5 163.3 20.41 81.63 20.41 0 0 20.41 20.41 0 0 0 0 0 0 0 0
1 1416 482 482 60.25 60.25 180.7 180.7 60.25 0 30.12 30.12 0 30.12 0 0 0 0 0 0 0
1 486.3 790.2 202.6 263.4 40.52 60.78 81.04 40.52 0 20.26 0 20.26 0 0 20.26 0 0 0 0 0
1 720.5 418.3 604.3 139.4 139.4 92.97 92.97 92.97 0 23.24 0 0 0 0 0 0 0 0 0 0
1 747 373.5 145.3 269.8 145.3 166 41.5 20.75 103.8 0 20.75 0 20.75 0 0 20.75 0 0 0 0
1 322.2 765.2 302.1 201.4 221.5 40.27 20.14 20.14 40.27 20.14 20.14 0 0 20.14 20.14 0 0 0 0 0
1 462.5 284.6 320.2 213.5 106.7 231.3 0 35.58 53.37 35.58 17.79 0 0 17.79 0 0 0 0 0 0
1 2167 613.3 368 572.4 81.77 81.77 122.7 0 40.89 0 0 0 0 0 40.89 0 0 0 0 0
1 188.8 738.1 188.8 206 120.2 154.5 34.33 51.49 0 17.16 0 0 0 0 17.16 0 0 0 0 0
1 744.2 171.7 1059 143.1 114.5 429.4 85.87 28.62 57.25 28.62 0 0 0 0 0 0 0 0 0 0
1 141.2 504.3 141.2 605.1 100.9 80.68 121 141.2 40.34 80.68 20.17 40.34 0 0 0 0 0 0 0 0
1 857.9 38.13 305 57.19 381.3 95.32 19.06 57.19 19.06 0 19.06 19.06 19.06 0 0 0 19.06 0 0 0
1 342.6 905.4 220.2 342.6 24.47 318.1 48.94 73.41 73.41 0 24.47 48.94 0 24.47 0 0 0 0 0 0
1 166.3 519.6 623.5 62.35 166.3 41.56 374.1 62.35 0 0 0 20.78 20.78 0 20.78 0 0 0 0 0
1 217.8 115.3 205 320.3 25.62 166.6 0 153.7 51.25 12.81 12.81 0 0 0 0 0 0 0 0 0
1 172.1 272.5 129.1 157.8 315.5 43.03 114.7 14.34 114.7 57.37 14.34 14.34 0 0 14.34 0 0 0 0 0
1 608 53.33 42.67 42.67 42.67 117.3 0 64 0 64 21.33 0 0 0 0 0 0 0 10.67 0
1 231.3 475.5 102.8 128.5 51.41 38.56 115.7 25.7 64.26 12.85 12.85 0 12.85 12.85 0 0 0 0 0 0
1 725.3 88.45 513 53.07 88.45 0 88.45 70.76 0 35.38 17.69 53.07 17.69 0 17.69 0 0 0 0 0
1 762.8 572.1 95.35 190.7 0 38.14 19.07 76.28 57.21 19.07 19.07 19.07 38.14 0 0 0 0 0 0 0
1 1273 275.8 275.8 21.22 169.7 21.22 21.22 0 0 0 21.22 0 0 42.43 0 0 0 0 0 0
1 485.4 865.3 253.2 316.6 42.21 42.21 42.21 0 0 0 0 21.1 21.1 0 0 0 0 21.1 0 0
1 553.5 251.6 905.8 226.4 201.3 50.32 151 0 0 0 75.48 25.16 0 0 0 50.32 0 0 25.16 0
1 595.9 298 127.7 574.7 149 127.7 42.57 85.14 0 21.28 0 42.57 63.85 0 0 0 0 0 0 0
1 529.9 372.9 235.5 137.4 353.3 157 58.88 39.25 19.63 19.63 0 0 19.63 0 0 19.63 0 0 0 0
1 730.2 365.1 251 228.2 182.6 342.3 22.82 45.64 22.82 68.46 0 22.82 0 0 0 0 0 0 0 0
1 266.1 137.6 165.1 119.3 55.05 55.05 64.22 9.174 9.174 0 27.52 0 0 0 0 0 0 0 0 9.174
1 338.7 257.4 108.4 176.1 81.28 94.83 81.28 94.83 40.64 67.73 0 0 13.55 0 0 0 0 0 0 0
1 2500 367.6 477.9 110.3 73.52 36.76 0 0 110.3 0 0 0 0 0 0 0 0 0 0 0
1 424.3 1348 149.7 174.7 124.8 24.96 99.83 24.96 24.96 49.92 0 0 24.96 24.96 0 0 0 0 0 0
1 340.1 453.5 1304 85.03 255.1 56.69 113.4 56.69 28.34 56.69 56.69 28.34 0 0 0 0 0 0 0 0
1 724.3 280.4 140.2 911.2 0 93.46 23.36 23.36 23.36 46.73 0 70.09 0 0 0 0 0 0 0 0
1 260.5 590.6 86.85 173.7 451.6 17.37 52.11 34.74 0 17.37 17.37 0 17.37 0 17.37 0 0 0 0 0
1 179.4 59.81 209.3 69.78 69.78 289.1 29.9 29.9 29.9 9.968 9.968 0 0 9.968 0 0 0 0 0 0
1 296 192.4 118.4 266.4 103.6 29.6 325.6 14.8 88.79 29.6 0 0 0 0 14.8 0 0 0 0 0
1 856.2 131.7 65.86 98.8 164.7 65.86 49.4 148.2 0 0 16.47 0 32.93 0 0 16.47 0 0 0 0
1 408 538.5 146.9 65.27 114.2 146.9 16.32 48.96 114.2 0 32.64 0 0 0 0 0 0 0 0 0
1 86.62 259.9 190.6 43.31 77.96 25.99 8.662 8.662 25.99 103.9 0 0 25.99 0 0 8.662 0 0 0 0
1 212.7 106.4 224.6 212.7 59.1 47.28 23.64 94.55 35.46 0 141.8 11.82 0 0 0 11.82 0 0 0 0
1 355.6 150.9 43.1 140.1 215.5 53.88 21.55 21.55 43.1 10.78 0 10.78 0 0 0 0 0 0 0 10.78
1 497.1 224.9 59.18 47.34 153.9 118.4 11.84 23.67 0 23.67 11.84 0 0 0 0 11.84 0 0 0 0
1 227.9 310.8 165.7 72.51 20.72 82.87 72.51 31.08 10.36 10.36 10.36 10.36 0 10.36 0 0 0 0 0 0
1 703.1 175.8 234.4 117.2 29.29 14.65 43.94 102.5 0 14.65 0 0 0 0 0 14.65 0 0 14.65 0
1 428.3 590.8 103.4 118.2 88.62 44.31 14.77 29.54 14.77 0 0 0 14.77 29.54 0 0 0 0 0 0
1 160.9 289.6 311.1 42.91 85.82 85.82 10.73 10.73 21.45 32.18 0 0 10.73 10.73 0 0 0 0 0 0
1 331 216.8 216.8 262.5 11.41 57.07 22.83 0 11.41 11.41 0 0 0 0 0 0 0 0 0 0
1 250.8 435.7 211.2 145.2 158.4 0 52.81 13.2 13.2 0 0 0 0 13.2 0 26.4 0 0 0 0
1 947.4 328 145.8 127.5 91.1 127.5 18.22 18.22 18.22 0 0 0 0 0 0 0 0 0 0 0
1 1086 504.3 38.79 77.58 96.98 38.79 38.79 0 58.19 0 0 0 0 0 0 0 0 0 0 0
1 908.6 1042 481 133.6 80.17 0 0 26.72 0 0 0 0 0 0 0 0 0 0 0 0
1 190.9 553.5 687.1 209.9 95.43 57.26 19.09 57.26 19.09 0 0 19.09 0 0 0 0 0 0 0 0
1 663.2 214.6 526.7 273.1 195.1 19.51 58.52 0 0 0 0 0 0 0 0 0 0 0 0 0
1 364.1 312.1 52.01 195 234.1 78.02 26.01 13 0 13 0 13 0 0 0 0 0 0 0 0
1 490.2 182.4 148.2 34.2 79.8 114 79.8 0 0 0 0 11.4 0 0 0 0 0 0 0 0
1 1321 447 182.9 40.64 0 40.64 0 0 0 0 0 0 0 0 0 0 0 0 0 0
1 267.2 1019 183.7 100.2 50.1 0 33.4 16.7 0 0 0 0 0 0 0 0 0 0 0 0
1 432.2 206.7 808 169.1 169.1 37.58 0 18.79 18.79 18.79 0 0 0 0 0 0 0 0 0 0
1 548.3 321.4 245.8 510.5 113.4 75.63 37.82 0 18.91 0 0 0 0 18.91 0 0 0 0 0 0
1 336.5 398.9 137.1 87.25 174.5 49.86 12.46 12.46 12.46 0 24.93 0 0 0 0 0 0 0 0 0
1 270.8 158.7 205.4 177.4 0 93.36 9.336 0 9.336 9.336 0 0 0 0 0 0 0 0 0 0
1 419.8 154.7 176.8 154.7 66.29 33.14 77.34 22.1 0 0 0 0 0 0 0 0 0 0 0 0
1 541.6 444.4 166.6 111.1 41.66 41.66 0 13.89 13.89 0 13.89 0 0 0 0 0 0 0 0 0
1 723.6 504.8 201.9 67.31 50.48 67.31 0 16.83 50.48 0 0 0 0 0 0 0 0 0 0 0
1 301.6 545.1 139.2 116 34.8 11.6 0 11.6 0 0 0 0 0 0 0 0 0 0 0 0
1 20.84 166.7 277.9 132 62.52 6.947 6.947 6.947 6.947 6.947 0 0 0 0 0 0 0 0 0 0
1 283 30.59 122.4 145.3 137.7 7.648 7.648 15.3 7.648 0 0 7.648 0 0 0 0 0 0 0 0
1 667.2 142.2 10.94 120.3 65.63 43.75 21.88 0 0 21.88 0 0 0 0 0 0 0 0 0 0
1 120 464.2 88.03 16.01 32.01 48.02 0 24.01 0 8.003 0 0 0 0 0 0 0 0 0 0
1 259.7 47.23 259.7 133.8 0 23.61 39.35 7.871 7.871 7.871 0 0 0 0 0 0 0 0 0 0
1 69.21 230.7 57.67 178.8 23.07 0 5.767 0 5.767 0 5.767 0 0 0 0 0 0 0 0 0
1 581.5 25.65 119.7 34.21 68.41 0 0 25.65 0 0 0 0 0 0 0 0 0 0 0 0
1 110.8 256.8 10.07 50.35 5.035 50.35 10.07 0 0 10.07 0 0 0 0 0 0 0 0 0 0
1 526.9 136.3 190.8 0 36.34 0 18.17 0 0 0 0 0 0 0 0 0 0 0 0 0
1 116.6 404.3 85.52 139.9 7.774 23.32 0 0 0 0 0 0 0 0 0 0 0 0 0 0
1 170.5 95.48 252.3 40.92 109.1 0 6.82 6.82 0 0 0 0 0 0 0 0 0 0 0 0
1 288.9 100.5 37.68 138.2 18.84 37.68 0 0 0 0 6.28 0 0 0 0 0 0 0 0 0
1 202.6 276.8 60.77 20.26 87.78 6.752 13.5 0 6.752 0 0 0 0 0 0 0 0 0 0 0
1 140 135.1 106.2 28.96 9.653 28.96 9.653 24.13 0 0 0 0 0 0 0 0 0 0 0 0
1 381.2 140 140 62.23 31.12 0 23.34 0 0 0 0 0 0 0 0 0 0 0 0 0
1 150.2 230.7 42.91 32.19 37.55 10.73 0 26.82 5.364 0 0 0 0 0 0 0 0 0 0 0
1 173.9 194.8 194.8 62.62 20.87 41.75 0 0 6.958 0 0 0 0 0 0 0 0 0 0 0
1 162 151.6 73.17 99.3 15.68 15.68 5.226 0 0 0 0 0 0 0 0 0 0 0 0 0
1 276.2 145 82.87 96.68 34.53 20.72 0 6.906 0 6.906 13.81 0 6.906 0 0 0 0 0 0 0
1 273.5 136.7 129.9 54.69 20.51 54.69 6.837 0 0 0 0 6.837 0 0 0 0 0 0 0 0
1 138.5 295 66.22 48.16 24.08 18.06 6.02 0 0 0 0 0 6.02 0 0 0 0 0 0 0
1 345.2 107.9 107.9 64.72 43.15 28.76 0 14.38 0 7.191 0 0 0 0 0 0 0 0 0 0
1 51.7 354.5 51.7 169.9 36.93 22.16 22.16 14.77 0 7.386 0 7.386 0 0 0 0 0 0 0 0
1 416.7 52.91 125.7 13.23 33.07 6.614 0 0 0 6.614 6.614 0 0 0 0 0 0 0 0 0
1 110.7 351.8 39.08 91.2 6.514 26.06 13.03 0 6.514 0 6.514 0 0 0 0 0 0 0 0 0
1 714.3 117.1 234.2 23.42 23.42 11.71 23.42 0 0 11.71 0 0 11.71 0 0 0 0 0 0 0
1 388.2 521.6 84.91 157.7 0 48.52 0 12.13 0 0 0 0 0 0 0 0 0 0 0 0
1 197.4 189.8 250.6 22.78 68.34 0 22.78 0 7.593 0 0 0 0 0 0 0 0 0 0 0
1 137.5 180.9 94.08 152 43.42 79.6 7.237 21.71 7.237 0 0 0 0 0 0 0 0 0 0 0
1 192.8 135.6 92.81 99.95 135.6 0 49.97 0 7.139 0 0 0 0 0 0 0 0 0 0 0
1 1135 108.8 62.17 62.17 62.17 124.3 0 0 0 0 0 0 0 0 0 0 0 0 0 0
1 337.1 894.1 102.6 14.66 43.97 0 58.63 0 0 0 14.66 0 0 0 0 0 0 0 0 0
