Originally  
101 
A 
2	100	
1	1	NA	NA	
1	20	
1 328.2 269.6 187.6 105.5 82.05 82.05 23.44 23.44 23.44 23.44 0 11.72 11.72 0 0 0 0 0 0 0
1 247.6 247.6 212.2 141.5 106.1 35.37 58.95 35.37 0 47.16 0 11.79 11.79 0 0 0 11.79 0 0 11.79
1 550.9 141.3 197.8 183.6 141.3 70.63 28.25 42.38 0 28.25 0 14.13 0 0 0 0 0 0 0 14.13
1 163.1 214.6 137.4 120.2 51.51 68.68 34.34 17.17 8.585 17.17 8.585 0 8.585 0 0 0 0 8.585 0 0
1 554 129.6 153.2 58.93 82.5 58.93 58.93 23.57 47.15 0 0 0 0 0 0 11.79 0 0 0 0
1 589.8 503 138.8 156.1 69.38 86.73 52.04 52.04 17.35 17.35 0 34.69 17.35 0 0 0 0 0 0 0
1 435 273.9 467.2 32.22 64.45 64.45 16.11 96.67 48.33 48.33 16.11 16.11 16.11 16.11 0 0 0 0 0 0
1 489.2 371.8 430.5 293.5 78.27 97.84 39.13 58.7 39.13 0 19.57 19.57 0 19.57 0 0 0 0 0 0
1 508.8 430.5 313.1 274 274 58.71 19.57 39.14 19.57 19.57 0 0 0 0 0 0 0 0 0 0
1 226.7 377.9 287.2 136 105.8 120.9 30.23 75.58 45.35 0 0 30.23 30.23 15.12 30.23 0 0 0 0 0
1 460.2 193 207.8 178.1 103.9 59.38 148.5 74.23 29.69 0 14.85 0 0 0 14.85 0 0 0 0 0
1 436.9 138 68.99 218.5 80.49 57.49 57.49 57.49 0 11.5 0 0 11.5 0 0 11.5 0 0 0 0
1 818.2 409.1 142.3 35.57 88.93 71.15 88.93 0 53.36 0 0 0 17.79 0 17.79 17.79 0 17.79 0 0
1 156.3 554.2 326.8 85.26 28.42 85.26 99.47 28.42 28.42 14.21 0 14.21 0 0 0 0 0 0 0 0
1 230.9 150.1 381 138.5 46.18 11.54 57.72 46.18 11.54 23.09 46.18 0 11.54 0 0 0 0 0 0 0
1 358.1 127.9 89.52 383.6 89.52 76.73 38.36 63.94 0 0 12.79 12.79 0 12.79 12.79 0 0 0 0 0
1 107.7 198.8 57.99 66.27 174 57.99 57.99 33.14 41.42 16.57 0 0 8.284 0 8.284 0 0 0 0 0
1 140.1 98.88 181.3 32.96 57.68 115.4 65.92 49.44 16.48 8.24 24.72 16.48 8.24 0 0 8.24 0 0 0 0
1 1272 172.5 172.5 86.25 21.56 64.68 129.4 64.68 64.68 0 21.56 43.12 0 21.56 0 21.56 0 0 0 0
1 296.9 519.5 86.59 74.22 98.96 49.48 37.11 24.74 12.37 12.37 12.37 0 0 0 0 12.37 0 0 0 0
1 144.8 263.4 460.9 92.17 79.01 79.01 52.67 13.17 65.84 26.34 0 0 26.34 0 13.17 0 0 0 0 0
1 589 173.2 207.9 485.1 51.97 51.97 34.65 0 17.32 17.32 34.65 17.32 17.32 17.32 17.32 0 0 0 0 0
1 130.7 230.7 99.95 61.51 184.5 7.688 7.688 0 0 0 30.75 0 0 7.688 7.688 0 0 0 0 0
1 531.6 163.6 204.5 54.52 109 149.9 13.63 13.63 68.15 0 13.63 0 13.63 13.63 0 0 0 13.63 0 0
1 291.8 514.1 83.37 250.1 41.69 69.48 83.37 0 0 27.79 0 0 27.79 0 0 0 0 0 0 0
1 436.2 133.3 242.3 36.35 157.5 36.35 48.46 60.58 0 12.12 0 0 0 0 12.12 0 12.12 0 12.12 12.12
1 203.6 335.3 131.7 275.4 59.87 59.87 59.87 0 59.87 0 0 0 11.97 0 0 0 0 0 0 0
1 149.4 186.8 224.1 46.69 168.1 56.03 18.68 9.338 28.01 18.68 0 0 0 9.338 0 18.68 0 0 0 0
1 699.2 202.4 202.4 257.6 18.4 257.6 36.8 55.2 36.8 0 73.6 0 0 0 0 0 0 0 0 0
1 353.8 659.3 144.7 96.49 160.8 0 96.49 16.08 0 0 32.16 0 0 0 32.16 16.08 0 0 0 0
1 226.5 270 139.4 69.68 34.84 26.13 8.71 43.55 8.71 26.13 0 8.71 8.71 0 0 0 0 0 0 0
1 705.9 167.2 278.6 390.1 0 37.15 111.5 37.15 55.73 18.58 18.58 0 0 37.15 0 0 0 0 0 0
1 656.1 497 159.1 178.9 218.7 39.76 39.76 79.53 19.88 19.88 19.88 19.88 0 19.88 0 19.88 0 0 0 0
1 693.5 329.4 225.4 121.4 190.7 52.01 0 69.35 34.67 0 17.34 0 0 0 0 0 0 0 0 0
1 384.4 473.1 207 207 59.14 29.57 14.78 29.57 29.57 29.57 0 0 14.78 0 0 0 0 0 0 0
1 2037 509.3 509.3 352.6 195.9 0 156.7 117.5 0 0 39.18 0 0 0 0 0 0 0 0 0
1 842.1 1490 226.7 388.7 97.17 129.6 0 0 32.39 0 32.39 0 0 0 0 0 0 0 0 0
1 217 433.9 517.3 133.5 133.5 66.75 100.1 0 33.38 16.69 0 0 0 0 0 16.69 0 0 0 0
1 470.3 256.5 491.7 491.7 106.9 128.3 21.38 64.14 64.14 0 21.38 21.38 0 0 0 0 0 0 0 0
1 739.8 429.5 95.45 381.8 381.8 47.73 214.8 71.59 0 0 0 0 0 0 0 0 23.86 0 0 0
1 374 255 255 102 187 306 17 85.01 68.01 17 0 17 17 0 0 0 0 0 0 0
1 280.7 421 333.3 193 52.63 105.3 193 35.08 52.63 17.54 17.54 17.54 0 35.08 0 0 0 0 0 0
1 151.5 138.8 265 164.1 239.8 12.62 75.73 113.6 12.62 50.49 0 12.62 0 0 25.24 0 0 0 0 0
1 230 76.67 115 191.7 143.8 76.67 9.584 47.92 28.75 0 19.17 19.17 0 0 0 0 0 0 0 0
1 848.1 259.6 103.9 103.9 103.9 51.93 86.54 17.31 34.62 86.54 0 17.31 0 0 0 0 17.31 0 0 0
1 346.4 474.7 76.98 38.49 51.32 89.81 51.32 12.83 12.83 25.66 38.49 12.83 38.49 12.83 0 0 0 0 0 0
1 1018 288.5 135.8 67.88 16.97 16.97 16.97 50.91 33.94 0 16.97 33.94 0 0 0 0 0 0 0 0
1 317.2 694.9 136 226.6 30.21 0 15.11 15.11 30.21 15.11 0 0 30.21 0 0 0 0 0 0 0
1 330.9 496.4 698.6 73.54 165.5 0 0 18.38 18.38 0 18.38 0 0 18.38 0 0 0 0 0 0
1 209 261.3 383.2 592.2 121.9 34.84 0 17.42 17.42 17.42 17.42 0 17.42 0 34.84 0 17.42 0 0 0
1 258 72.24 258 134.2 196.1 10.32 30.96 20.64 10.32 10.32 0 10.32 0 0 0 10.32 0 0 0 10.32
1 173.9 321 120.4 200.6 107 294.2 26.75 66.87 0 0 0 26.75 0 0 0 0 0 0 0 0
1 380.3 184 171.7 85.87 36.8 85.87 171.7 24.53 36.8 12.27 0 12.27 24.53 0 0 0 0 0 0 0
1 293.7 174.1 87.04 261.1 32.64 76.16 43.52 76.16 21.76 10.88 0 0 0 0 0 10.88 0 0 0 0
1 719.1 278.9 161.4 58.71 44.03 58.71 58.71 44.03 29.35 14.68 0 0 0 0 0 0 0 0 0 0
1 710.2 860.9 258.3 107.6 43.04 21.52 43.04 43.04 21.52 21.52 0 21.52 0 0 0 0 0 0 0 0
1 1224 391.8 342.8 244.9 122.4 24.49 24.49 0 0 24.49 24.49 0 24.49 0 0 0 0 0 0 0
1 810.8 953.9 166.9 143.1 71.54 47.7 23.85 47.7 0 47.7 0 47.7 23.85 0 0 0 0 0 0 0
1 435.8 527.5 642.2 206.4 298.2 68.81 22.94 0 45.87 0 22.94 22.94 0 0 0 0 0 0 0 0
1 631.4 461.4 510 437.1 121.4 145.7 48.57 24.29 48.57 0 0 0 0 0 0 0 0 0 0 0
1 122.1 291 122.1 159.6 159.6 0 56.33 9.389 9.389 9.389 0 0 0 0 0 0 0 0 0 0
1 615.1 149.6 299.3 133 199.5 99.75 83.13 0 16.63 0 0 33.25 0 33.25 0 0 0 0 0 0
1 126.1 378.2 149 206.3 34.38 57.3 103.1 57.3 11.46 11.46 0 0 11.46 0 0 0 0 0 0 0
1 329.7 43.01 430.1 100.4 157.7 57.35 57.35 129 28.67 57.35 28.67 0 0 14.34 0 0 0 0 0 0
1 142.5 174.2 39.59 126.7 39.59 71.26 23.75 39.59 79.18 7.918 39.59 0 7.918 0 0 0 0 0 0 0
1 954.8 125.2 93.92 31.31 109.6 46.96 78.26 62.61 0 46.96 0 0 15.65 0 0 0 0 0 0 0
1 140 964.4 77.78 77.78 31.11 108.9 15.56 62.22 0 15.56 31.11 0 15.56 0 0 0 0 15.56 0 0
1 444.5 88.9 431.8 63.5 76.2 0 88.9 25.4 12.7 0 12.7 25.4 0 0 0 0 0 0 0 0
1 797.2 278.1 129.8 426.4 111.2 55.62 18.54 0 0 37.08 0 0 0 0 0 0 0 0 0 0
1 177.4 591.4 266.1 59.14 280.9 14.79 29.57 0 29.57 0 0 0 14.79 14.79 0 0 0 0 0 0
1 503.5 119.2 331.2 119.2 53 132.5 13.25 0 0 26.5 13.25 0 0 0 13.25 0 0 0 0 0
1 237.1 355.7 71.14 225.3 59.29 59.29 166 0 0 0 0 0 0 0 0 0 0 11.86 0 0
1 171.4 153.4 243.6 18.05 153.4 36.09 9.024 99.26 9.024 0 0 9.024 0 0 0 0 0 0 0 0
1 652.3 113.4 212.7 127.6 14.18 99.26 70.9 42.54 56.72 14.18 14.18 0 0 0 0 0 0 0 0 0
1 107.7 401.3 68.51 107.7 146.8 29.36 97.88 19.58 0 0 0 0 0 0 0 0 0 0 0 0
1 207.9 72.32 280.2 63.28 90.4 90.4 18.08 54.24 9.04 0 9.04 0 0 0 0 0 0 9.04 0 0
1 698.2 81.46 81.46 139.6 23.27 11.64 46.55 0 23.27 23.27 0 34.91 0 0 0 0 0 0 0 0
1 881.8 716.5 55.11 18.37 91.85 0 18.37 18.37 0 18.37 0 0 0 0 0 0 0 18.37 0 0
1 702.2 358.9 249.7 46.81 31.21 93.63 0 0 46.81 0 15.6 0 0 15.6 0 0 0 0 0 0
1 510.3 431.8 104.7 117.8 39.26 0 52.34 13.09 0 0 0 13.09 26.17 0 0 0 0 0 0 0
1 712.8 462.4 366 154.1 173.4 19.27 0 19.27 0 0 0 0 19.27 0 0 0 0 0 0 0
1 475.3 399.2 247.1 418.2 133.1 133.1 19.01 0 38.02 19.01 0 19.01 0 0 0 0 0 0 0 0
1 335.7 237.8 251.8 139.9 265.8 69.94 69.94 0 0 27.98 0 0 0 0 0 0 0 0 0 0
1 702.7 184 150.6 167.3 100.4 133.9 117.1 66.93 0 16.73 33.46 0 0 0 0 0 0 0 0 0
1 1022 713.3 214 142.7 95.1 95.1 47.55 23.78 23.78 0 0 0 0 0 0 0 0 0 0 0
1 1347 414.5 310.9 155.4 51.81 77.72 103.6 77.72 51.81 0 0 0 0 0 0 0 0 0 0 0
1 723.2 904 309.9 335.8 25.83 103.3 51.66 51.66 25.83 25.83 25.83 0 0 0 0 0 0 0 0 0
1 503.3 415.8 503.3 240.7 218.8 87.54 43.77 65.65 21.88 87.54 0 0 0 0 0 0 0 0 0 0
1 555.9 600.4 289.1 489.2 66.71 66.71 22.24 44.47 22.24 22.24 0 22.24 0 0 0 0 22.24 0 0 0
1 372 341 248 201.5 170.5 124 46.5 0 15.5 15.5 15.5 0 0 0 0 0 0 0 0 0
1 426.2 245.9 196.7 163.9 98.34 295 98.34 65.56 16.39 0 32.78 0 0 0 0 0 0 0 0 0
1 495.5 320.6 116.6 160.3 189.5 29.15 87.45 29.15 14.57 0 0 0 14.57 0 0 0 0 0 0 0
1 444.2 282.7 188.4 161.5 40.38 53.84 13.46 67.3 53.84 0 13.46 0 26.92 0 0 0 0 0 0 0
1 942.6 471.3 404 157.1 44.88 44.88 67.33 67.33 22.44 0 0 0 0 0 0 22.44 0 0 0 0
1 266.8 1089 311.2 244.5 88.92 88.92 0 66.69 0 22.23 22.23 0 0 0 22.23 0 0 0 0 0
1 414.5 214.9 383.8 307.1 107.5 30.71 30.71 0 0 30.71 0 15.35 0 0 0 0 0 0 0 0
1 595.2 162.3 216.5 414.9 162.3 108.2 36.08 36.08 0 36.08 36.08 0 0 0 0 0 0 0 0 0
1 796.3 356.3 209.6 146.7 314.3 83.82 62.87 20.96 20.96 20.96 20.96 0 20.96 0 0 20.96 0 0 0 0
1 760.7 389.6 334 55.66 55.66 167 55.66 0 18.55 0 0 18.55 0 0 0 0 0 0 0 0
