 landings-at-age - landings.n (units : NA )
1	2	
2	100	
1	20	
1 
0.02659 0.2984 0.8352 0.6934 0.4839 0.3377 0.2357 0.1644 0.1148 0.08008 0.05589 0.039 0.02722 0.01899 0.01325 0.009249 0.006454 0.004504 0.003143 0.007259
0.002599 0.05216 0.1462 0.1214 0.08475 0.05914 0.04127 0.0288 0.0201 0.01403 0.009787 0.00683 0.004766 0.003326 0.002321 0.00162 0.00113 0.0007888 0.0005504 0.001271
0.004898 0.02918 0.1464 0.1219 0.08515 0.05942 0.04147 0.02894 0.02019 0.01409 0.009834 0.006862 0.004789 0.003342 0.002332 0.001627 0.001136 0.0007925 0.000553 0.001277
0.002345 0.055 0.08188 0.122 0.08549 0.0597 0.04166 0.02907 0.02029 0.01416 0.00988 0.006895 0.004811 0.003358 0.002343 0.001635 0.001141 0.0007963 0.0005557 0.001283
0.007834 0.02633 0.1543 0.06828 0.08557 0.05994 0.04186 0.02921 0.02038 0.01423 0.009927 0.006927 0.004834 0.003374 0.002354 0.001643 0.001146 8e-04 0.0005583 0.001289
0.005713 0.08797 0.07387 0.1287 0.04787 0.06 0.04203 0.02935 0.02048 0.01429 0.009974 0.00696 0.004857 0.00339 0.002365 0.001651 0.001152 0.0008038 0.0005609 0.001295
0.004643 0.06415 0.2468 0.0616 0.09023 0.03357 0.04207 0.02947 0.02058 0.01436 0.01002 0.006993 0.00488 0.003406 0.002377 0.001658 0.001157 0.0008076 0.0005636 0.001302
0.00625 0.05214 0.18 0.2058 0.04319 0.06327 0.02353 0.0295 0.02066 0.01443 0.01007 0.007026 0.004903 0.003422 0.002388 0.001666 0.001163 0.0008114 0.0005663 0.001308
0.006133 0.07018 0.1463 0.1501 0.1443 0.03028 0.04436 0.0165 0.02068 0.01449 0.01012 0.00706 0.004926 0.003438 0.002399 0.001674 0.001168 0.0008153 0.0005689 0.001314
0.002476 0.06886 0.1969 0.122 0.1052 0.1012 0.02123 0.0311 0.01157 0.0145 0.01016 0.007093 0.00495 0.003454 0.00241 0.001682 0.001174 0.0008191 0.0005716 0.00132
0.004226 0.02781 0.1932 0.1642 0.08554 0.07379 0.07095 0.01489 0.02181 0.008112 0.01017 0.007121 0.004973 0.003471 0.002422 0.00169 0.001179 0.000823 0.0005743 0.001326
0.006113 0.04745 0.07802 0.1611 0.1151 0.05997 0.05174 0.04974 0.01044 0.01529 0.005688 0.007128 0.004993 0.003487 0.002433 0.001698 0.001185 0.0008269 0.0005771 0.001333
0.009213 0.06864 0.1331 0.06506 0.113 0.08072 0.04205 0.03627 0.03488 0.007319 0.01072 0.003988 0.004998 0.003501 0.002445 0.001706 0.001191 0.0008308 0.0005798 0.001339
0.002211 0.1034 0.1926 0.111 0.04562 0.07921 0.0566 0.02948 0.02543 0.02445 0.005131 0.007516 0.002796 0.003504 0.002455 0.001714 0.001196 0.0008348 0.0005825 0.001345
0.00277 0.02482 0.2903 0.1606 0.07784 0.03198 0.05554 0.03968 0.02067 0.01783 0.01715 0.003598 0.00527 0.00196 0.002457 0.001721 0.001202 0.0008387 0.0005853 0.001352
0.003668 0.0311 0.06966 0.242 0.1126 0.05458 0.02243 0.03894 0.02782 0.01449 0.0125 0.01202 0.002523 0.003695 0.001375 0.001723 0.001207 0.0008427 0.0005881 0.001358
0.001955 0.04118 0.08728 0.05809 0.1697 0.07896 0.03827 0.01572 0.0273 0.01951 0.01016 0.008767 0.008429 0.001769 0.002591 0.0009638 0.001208 0.000846 0.0005908 0.001365
0.002101 0.02196 0.1156 0.07278 0.04073 0.119 0.05536 0.02683 0.01102 0.01914 0.01368 0.007125 0.006147 0.00591 0.00124 0.001817 0.0006757 0.0008469 0.0005932 0.001371
0.01067 0.02359 0.06161 0.09636 0.05103 0.02855 0.08343 0.03882 0.01881 0.00773 0.01342 0.00959 0.004996 0.00431 0.004144 0.0008695 0.001274 0.0004738 0.0005938 0.001377
0.004754 0.1198 0.06618 0.05138 0.06756 0.03578 0.02002 0.0585 0.02722 0.01319 0.00542 0.009411 0.006724 0.003503 0.003022 0.002905 0.0006096 0.000893 0.0003322 0.001382
0.002473 0.05338 0.336 0.05519 0.03602 0.04737 0.02509 0.01404 0.04101 0.01908 0.009248 0.0038 0.006599 0.004715 0.002456 0.002119 0.002037 0.0004274 0.0006261 0.001202
0.005579 0.02776 0.1498 0.2802 0.03869 0.02526 0.03321 0.01759 0.009842 0.02876 0.01338 0.006484 0.002664 0.004626 0.003306 0.001722 0.001485 0.001428 0.0002997 0.001282
0.002298 0.06264 0.0779 0.1249 0.1965 0.02713 0.01771 0.02329 0.01233 0.006901 0.02016 0.009381 0.004546 0.001868 0.003244 0.002318 0.001207 0.001042 0.001001 0.001109
0.006983 0.0258 0.1758 0.06496 0.08757 0.1378 0.01902 0.01242 0.01633 0.008647 0.004839 0.01414 0.006577 0.003188 0.00131 0.002274 0.001625 0.0008465 0.0007303 0.00148
0.002311 0.07841 0.07241 0.1466 0.04555 0.0614 0.09658 0.01334 0.008706 0.01145 0.006062 0.003393 0.009912 0.004612 0.002235 0.0009183 0.001595 0.001139 0.0005935 0.001549
0.005466 0.02595 0.22 0.06038 0.1028 0.03193 0.04305 0.06772 0.009351 0.006104 0.008027 0.004251 0.002379 0.00695 0.003233 0.001567 0.0006439 0.001118 0.0007989 0.001502
0.002601 0.06137 0.07281 0.1835 0.04233 0.07206 0.02239 0.03018 0.04748 0.006557 0.00428 0.005628 0.00298 0.001668 0.004873 0.002267 0.001099 0.0004515 0.0007839 0.001614
0.002065 0.0292 0.1722 0.06072 0.1286 0.02968 0.05052 0.0157 0.02116 0.03329 0.004597 0.003001 0.003946 0.00209 0.001169 0.003416 0.00159 0.0007704 0.0003165 0.001681
0.006567 0.02318 0.08194 0.1436 0.04257 0.09019 0.02081 0.03542 0.01101 0.01484 0.02334 0.003223 0.002104 0.002767 0.001465 0.0008199 0.002395 0.001114 0.0005401 0.001401
0.004531 0.07373 0.06505 0.06833 0.1007 0.02985 0.06324 0.01459 0.02484 0.007718 0.0104 0.01637 0.00226 0.001475 0.00194 0.001027 0.0005748 0.00168 0.0007814 0.001361
0.003145 0.05088 0.2069 0.05424 0.04791 0.07059 0.02093 0.04434 0.01023 0.01741 0.005411 0.007295 0.01147 0.001585 0.001034 0.00136 0.0007203 0.0004031 0.001178 0.001502
0.00692 0.03531 0.1428 0.1725 0.03803 0.03359 0.0495 0.01467 0.03109 0.007173 0.01221 0.003794 0.005115 0.008045 0.001111 0.0007252 0.0009536 0.000505 0.0002826 0.001879
0.00512 0.0777 0.09909 0.1191 0.121 0.02667 0.02355 0.0347 0.01029 0.0218 0.005029 0.008561 0.00266 0.003586 0.005641 0.000779 0.0005084 0.0006686 0.0003541 0.001515
0.009235 0.05749 0.218 0.08263 0.08347 0.08481 0.0187 0.01651 0.02433 0.007214 0.01528 0.003526 0.006002 0.001865 0.002514 0.003955 0.0005462 0.0003565 0.0004688 0.001311
0.004549 0.1037 0.1613 0.1818 0.05793 0.05853 0.05947 0.01311 0.01158 0.01706 0.005058 0.01072 0.002473 0.004208 0.001308 0.001763 0.002773 0.0003829 0.00025 0.001248
0.01669 0.05107 0.291 0.1345 0.1275 0.04062 0.04104 0.04169 0.009192 0.008118 0.01196 0.003546 0.007513 0.001734 0.002951 0.0009169 0.001236 0.001944 0.0002685 0.00105
0.009773 0.1874 0.1433 0.2426 0.09432 0.08937 0.02848 0.02877 0.02923 0.006445 0.005692 0.008387 0.002486 0.005268 0.001215 0.002069 0.0006429 0.0008667 0.001363 0.0009245
0.003029 0.1097 0.5259 0.1195 0.1701 0.06613 0.06266 0.01997 0.02017 0.0205 0.004519 0.003991 0.00588 0.001743 0.003694 0.0008522 0.001451 0.0004508 0.0006076 0.001604
0.006325 0.03401 0.3079 0.4386 0.08379 0.1193 0.04637 0.04394 0.014 0.01414 0.01437 0.003168 0.002798 0.004123 0.001222 0.00259 0.0005975 0.001017 0.000316 0.001551
0.3669 3.886 5.139 13.77 16.49 3.151 4.486 1.744 1.652 0.5266 0.532 0.5405 0.1192 0.1052 0.1551 0.04597 0.0974 0.02247 0.03825 0.07021
0.389 5.263 13.57 5.21 11.69 14 2.674 3.807 1.48 1.402 0.4468 0.4514 0.4587 0.1011 0.0893 0.1316 0.03901 0.08265 0.01907 0.09204
0.1393 2.476 8.215 6.131 1.967 4.413 5.285 1.01 1.437 0.5588 0.5295 0.1687 0.1705 0.1732 0.03818 0.03372 0.04969 0.01473 0.03121 0.04196
0.1024 2.295 9.98 9.669 6.047 1.941 4.353 5.213 0.996 1.418 0.5512 0.5223 0.1664 0.1681 0.1708 0.03766 0.03326 0.04901 0.01453 0.07217
0.1313 1.049 5.747 7.254 5.88 3.678 1.18 2.647 3.17 0.6057 0.8622 0.3352 0.3176 0.1012 0.1022 0.1039 0.0229 0.02023 0.02981 0.05272
0.5236 1.969 3.825 6.086 6.429 5.212 3.259 1.046 2.346 2.81 0.5369 0.7642 0.2971 0.2815 0.08971 0.09062 0.09208 0.0203 0.01793 0.07315
0.3164 4.961 4.543 2.549 3.388 3.58 2.902 1.815 0.5823 1.306 1.564 0.2989 0.4255 0.1654 0.1567 0.04994 0.05045 0.05127 0.0113 0.05071
0.6861 3.02 11.58 3.075 1.443 1.919 2.027 1.643 1.028 0.3297 0.7397 0.8858 0.1692 0.2409 0.09366 0.08874 0.02828 0.02857 0.02903 0.03511
0.3322 9.569 10.27 11.44 2.543 1.193 1.587 1.676 1.359 0.8498 0.2727 0.6117 0.7326 0.14 0.1992 0.07746 0.07339 0.02339 0.02363 0.05304
0.2715 3.839 26.9 8.351 7.78 1.729 0.8115 1.079 1.14 0.9239 0.5778 0.1854 0.4159 0.4981 0.09517 0.1355 0.05267 0.0499 0.0159 0.05213
0.1349 2.794 9.624 19.5 5.059 4.714 1.048 0.4916 0.6536 0.6905 0.5598 0.3501 0.1123 0.252 0.3018 0.05766 0.08208 0.03191 0.03023 0.04122
0.3084 1.655 8.338 8.315 14.09 3.656 3.406 0.757 0.3552 0.4723 0.4989 0.4044 0.2529 0.08117 0.1821 0.2181 0.04166 0.0593 0.02305 0.05163
0.1617 3.763 4.899 7.127 5.94 10.07 2.612 2.433 0.5408 0.2538 0.3374 0.3565 0.2889 0.1807 0.05799 0.1301 0.1558 0.02976 0.04237 0.05336
0.2177 1.613 9.123 3.423 4.16 3.468 5.876 1.525 1.42 0.3157 0.1481 0.197 0.2081 0.1687 0.1055 0.03385 0.07594 0.09094 0.01737 0.05588
0.2927 2.522 4.543 7.424 2.329 2.83 2.359 3.997 1.037 0.9662 0.2148 0.1008 0.134 0.1416 0.1147 0.07176 0.02303 0.05166 0.06186 0.04983
0.613 3.543 7.405 3.849 5.257 1.649 2.004 1.67 2.83 0.7344 0.6842 0.1521 0.07136 0.09487 0.1002 0.08125 0.05081 0.01631 0.03658 0.07909
0.4462 6.557 9.194 5.534 2.403 3.282 1.029 1.251 1.043 1.767 0.4585 0.4271 0.09494 0.04455 0.05923 0.06258 0.05073 0.03172 0.01018 0.07221
0.807 4.695 16.76 6.779 3.409 1.48 2.022 0.6342 0.7708 0.6425 1.089 0.2825 0.2631 0.05849 0.02745 0.03649 0.03855 0.03125 0.01954 0.05076
0.5005 9.418 13.3 13.71 4.636 2.332 1.012 1.383 0.4338 0.5271 0.4394 0.7445 0.1932 0.18 0.04 0.01877 0.02496 0.02637 0.02137 0.04808
0.2024 4.68 21.45 8.747 7.536 2.547 1.281 0.5563 0.7598 0.2383 0.2896 0.2414 0.4091 0.1061 0.09889 0.02198 0.01031 0.01371 0.01449 0.03816
0.4438 2.165 12.22 16.23 5.537 4.77 1.613 0.811 0.3521 0.4809 0.1509 0.1833 0.1528 0.2589 0.06719 0.06259 0.01391 0.006529 0.00868 0.03333
0.1223 3.725 4.454 7.302 8.118 2.769 2.386 0.8064 0.4056 0.1761 0.2405 0.07545 0.09169 0.07642 0.1295 0.0336 0.0313 0.006958 0.003265 0.02101
0.2812 1.446 10.8 3.77 5.177 5.756 1.963 1.691 0.5718 0.2876 0.1249 0.1705 0.05349 0.06501 0.05419 0.09181 0.02382 0.02219 0.004933 0.01721
0.08994 4.94 6.182 13.44 3.93 5.397 5.999 2.046 1.763 0.596 0.2997 0.1301 0.1777 0.05576 0.06776 0.05648 0.0957 0.02483 0.02313 0.02308
0.1414 0.6684 8.975 3.245 5.895 1.723 2.367 2.631 0.8975 0.7732 0.2614 0.1315 0.05708 0.07796 0.02445 0.02972 0.02477 0.04197 0.01089 0.02027
0.08136 1.307 1.518 5.942 1.799 3.268 0.9554 1.312 1.459 0.4976 0.4287 0.1449 0.07288 0.03164 0.04322 0.01356 0.01647 0.01373 0.02327 0.01727
0.8534 1.608 6.292 2.132 6.993 2.117 3.846 1.124 1.544 1.717 0.5856 0.5045 0.1705 0.08577 0.03724 0.05086 0.01595 0.01939 0.01616 0.04771
0.09046 6.36 2.93 3.316 0.9389 3.08 0.9324 1.694 0.4952 0.6801 0.7561 0.2579 0.2222 0.07511 0.03777 0.0164 0.0224 0.007027 0.008539 0.02813
0.2329 1.061 18.27 2.454 2.325 0.6583 2.16 0.6538 1.188 0.3473 0.4769 0.5302 0.1808 0.1558 0.05267 0.02649 0.0115 0.01571 0.004927 0.02571
0.4954 3.158 3.511 17.6 1.979 1.875 0.5309 1.742 0.5272 0.9579 0.28 0.3846 0.4275 0.1458 0.1256 0.04247 0.02136 0.009274 0.01267 0.02471
0.08782 5.552 8.631 2.782 11.67 1.312 1.243 0.3519 1.154 0.3494 0.6349 0.1856 0.2549 0.2834 0.09666 0.08327 0.02815 0.01416 0.006147 0.02477
0.3003 0.8611 13.31 5.999 1.617 6.782 0.7625 0.7225 0.2046 0.6711 0.2032 0.3691 0.1079 0.1482 0.1647 0.0562 0.04841 0.01637 0.008231 0.01798
0.1318 2.672 1.88 8.455 3.19 0.8602 3.607 0.4055 0.3843 0.1088 0.3569 0.108 0.1963 0.05739 0.07882 0.08762 0.02989 0.02575 0.008704 0.01394
0.1384 2.522 12.45 2.553 9.619 3.63 0.9786 4.104 0.4613 0.4372 0.1238 0.406 0.1229 0.2233 0.06529 0.08966 0.09968 0.034 0.02929 0.02576
0.3741 1.167 5.189 7.396 1.267 4.775 1.802 0.4858 2.037 0.229 0.217 0.06145 0.2016 0.06102 0.1109 0.03241 0.04451 0.04948 0.01688 0.02733
0.07521 3.901 2.977 3.848 4.59 0.7866 2.963 1.118 0.3015 1.264 0.1421 0.1347 0.03814 0.1251 0.03787 0.06881 0.02012 0.02762 0.03071 0.02744
0.1202 1.12 14.15 3.139 3.396 4.051 0.6942 2.615 0.9869 0.2661 1.116 0.1254 0.1189 0.03365 0.1104 0.03342 0.06072 0.01775 0.02438 0.05132
0.5307 1.362 3.085 11.26 2.087 2.258 2.693 0.4616 1.739 0.6562 0.1769 0.7419 0.0834 0.07903 0.02238 0.07341 0.02222 0.04038 0.0118 0.05033
0.4447 6.08 3.789 2.478 7.557 1.401 1.516 1.808 0.3099 1.167 0.4405 0.1188 0.498 0.05599 0.05306 0.01502 0.04928 0.01492 0.02711 0.04171
0.5527 4.604 15.31 2.753 1.505 4.588 0.8506 0.9203 1.098 0.1881 0.7088 0.2675 0.07211 0.3024 0.034 0.03221 0.009121 0.02992 0.009058 0.04178
0.3484 5.934 12.04 11.57 1.74 0.9509 2.9 0.5376 0.5817 0.6939 0.1189 0.448 0.169 0.04558 0.1911 0.02149 0.02036 0.005765 0.01891 0.03213
0.3261 2.961 12.34 7.252 5.829 0.8766 0.4791 1.461 0.2709 0.293 0.3496 0.05991 0.2257 0.08516 0.02296 0.09629 0.01082 0.01026 0.002904 0.02572
0.1906 3.733 8.305 10.08 4.96 3.987 0.5996 0.3277 0.9993 0.1853 0.2004 0.2391 0.04098 0.1544 0.05825 0.01571 0.06586 0.007404 0.007016 0.01958
0.1771 2.777 13.26 8.581 8.72 4.291 3.449 0.5187 0.2835 0.8645 0.1603 0.1734 0.2069 0.03545 0.1335 0.05039 0.01359 0.05697 0.006405 0.02301
0.5716 1.94 7.407 10.24 5.536 5.626 2.769 2.226 0.3347 0.1829 0.5578 0.1034 0.1119 0.1335 0.02287 0.08617 0.03251 0.008767 0.03676 0.01898
0.4594 5.928 4.906 5.424 6.268 3.39 3.445 1.695 1.363 0.2049 0.112 0.3415 0.06332 0.0685 0.08172 0.014 0.05276 0.01991 0.005368 0.03413
0.6592 4.092 12.93 3.106 2.872 3.319 1.795 1.824 0.8978 0.7217 0.1085 0.05931 0.1809 0.03353 0.03628 0.04328 0.007417 0.02794 0.01054 0.02092
0.2862 6.277 9.574 8.821 1.774 1.641 1.896 1.026 1.042 0.5129 0.4123 0.06199 0.03388 0.1033 0.01916 0.02073 0.02472 0.004237 0.01596 0.01797
0.4628 5.165 27.64 12.3 9.496 1.91 1.767 2.041 1.104 1.122 0.5521 0.4438 0.06674 0.03648 0.1112 0.02062 0.02231 0.02662 0.004561 0.03653
0.3389 5.91 16.01 24.76 9.212 7.112 1.431 1.323 1.529 0.8269 0.8403 0.4135 0.3324 0.04999 0.02732 0.08331 0.01545 0.01671 0.01993 0.03078
0.3266 3.895 16.46 12.84 16.59 6.172 4.765 0.9584 0.8864 1.024 0.554 0.563 0.2771 0.2227 0.03349 0.0183 0.05581 0.01035 0.0112 0.03398
0.3188 3.25 9.413 11.45 7.461 9.641 3.587 2.769 0.557 0.5152 0.5953 0.322 0.3272 0.161 0.1294 0.01946 0.01064 0.03244 0.006014 0.02625
0.2949 2.466 6.15 5.152 5.239 3.413 4.41 1.641 1.267 0.2548 0.2357 0.2724 0.1473 0.1497 0.07367 0.05922 0.008905 0.004867 0.01484 0.01476
0.3005 2.792 5.738 4.172 2.926 2.976 1.939 2.505 0.9321 0.7196 0.1447 0.1339 0.1547 0.08367 0.08502 0.04184 0.03364 0.005058 0.002764 0.01681
0.5298 3.592 8.201 4.924 3 2.104 2.14 1.394 1.801 0.6703 0.5175 0.1041 0.09627 0.1112 0.06017 0.06114 0.03009 0.02419 0.003637 0.01408
0.2298 7.417 12.31 8.197 4.123 2.512 1.762 1.792 1.167 1.508 0.5613 0.4333 0.08716 0.08061 0.09315 0.05038 0.0512 0.0252 0.02025 0.01483
0.1968 3.167 24.89 11.99 6.684 3.362 2.048 1.437 1.461 0.9519 1.23 0.4577 0.3534 0.07107 0.06573 0.07596 0.04108 0.04175 0.02055 0.02861
0.4323 2.52 9.834 22.32 8.991 5.011 2.52 1.535 1.077 1.095 0.7136 0.9221 0.3431 0.2649 0.05328 0.04927 0.05694 0.0308 0.0313 0.03685
0.2961 3.106 4.423 4.976 9.434 3.8 2.118 1.065 0.649 0.4553 0.4629 0.3016 0.3897 0.145 0.112 0.02252 0.02083 0.02407 0.01302 0.0288
0.431 3.254 8.363 3.467 3.267 6.193 2.495 1.39 0.6993 0.426 0.2989 0.3039 0.198 0.2558 0.09519 0.0735 0.01478 0.01367 0.0158 0.02745
