Originally  
101 
A 
2	100	
1	1	NA	NA	
1	20	
1 550.4 355.1 355.1 124.3 124.3 106.5 35.51 35.51 35.51 35.51 0 17.75 0 0 0 0 0 0 0 0
1 224.4 123 115.8 65.14 65.14 36.19 28.95 21.71 21.71 14.48 0 0 7.238 0 0 0 0 0 0 0
1 392.4 377.9 232.6 145.3 72.67 58.14 43.6 43.6 14.53 0 0 14.53 43.6 0 0 0 0 0 14.53 0
1 428.6 300 200 142.9 100 42.86 57.14 42.86 42.86 14.29 28.57 14.29 0 0 0 0 0 0 0 14.29
1 281.4 168.8 112.6 75.04 112.6 37.52 37.52 28.14 28.14 9.38 18.76 0 0 0 18.76 0 0 0 0 9.38
1 276.6 161.3 207.4 115.2 115.2 80.67 80.67 34.57 34.57 0 11.52 11.52 11.52 0 0 0 0 0 0 11.52
1 384.2 313.1 298.8 156.5 113.8 42.69 42.69 28.46 28.46 0 0 14.23 0 0 0 0 0 0 0 0
1 236.4 144.9 122 99.12 45.75 15.25 30.5 30.5 15.25 15.25 7.625 0 0 0 0 0 0 0 0 0
1 351.7 238.2 170.2 124.8 22.69 68.07 45.38 22.69 45.38 11.35 11.35 0 11.35 0 11.35 0 0 0 0 0
1 359.7 213.6 134.9 89.92 101.2 112.4 56.2 22.48 11.24 0 11.24 11.24 0 0 0 0 0 0 0 0
1 222.6 162.7 145.5 68.49 51.36 25.68 59.93 59.93 17.12 17.12 17.12 0 0 0 0 0 0 8.561 0 0
1 294.6 187.4 133.9 107.1 80.33 8.926 26.78 26.78 8.926 0 0 0 17.85 0 0 0 0 0 0 0
1 353.3 171.6 141.3 121.1 70.67 70.67 30.29 20.19 10.1 10.1 0 0 0 0 0 0 0 10.1 0 0
1 256.2 205 136.7 85.41 34.17 34.17 34.17 0 8.541 25.62 0 8.541 0 17.08 0 0 0 0 8.541 0
1 265.2 294.6 88.38 127.7 49.1 68.74 19.64 29.46 19.64 9.82 0 0 0 0 9.82 0 0 0 0 0
1 335.6 322.2 161.1 214.8 120.8 13.42 53.7 26.85 67.12 0 0 13.42 13.42 0 0 0 0 0 0 0
1 374.9 407.4 260.8 146.7 97.79 130.4 81.49 65.19 16.3 0 0 16.3 0 16.3 16.3 0 0 0 0 0
1 395 209.8 197.5 74.06 86.4 86.4 98.74 24.69 24.69 0 37.03 0 0 0 0 0 0 0 0 0
1 424.2 249.5 187.1 87.33 49.91 62.38 74.86 0 37.43 24.95 24.95 24.95 0 0 0 0 0 0 0 0
1 308.5 240 217.1 114.3 102.8 79.99 11.43 11.43 11.43 34.28 0 0 0 0 11.43 0 0 0 0 0
1 338.4 300.8 100.3 175.5 100.3 50.14 62.67 37.6 37.6 25.07 12.53 0 0 0 0 12.53 0 0 0 0
1 316.8 226.3 158.4 124.5 124.5 90.53 11.32 22.63 0 11.32 11.32 11.32 11.32 11.32 0 0 0 0 0 0
1 391.6 178 130.5 178 59.34 106.8 47.47 35.6 23.74 11.87 0 11.87 11.87 0 0 0 0 0 0 0
1 300.5 146.4 115.6 46.23 23.12 38.53 7.705 23.12 15.41 0 15.41 15.41 0 0 15.41 0 7.705 0 0 0
1 306.1 226.7 158.7 136 79.35 79.35 79.35 22.67 11.34 0 0 22.67 0 0 0 0 0 11.34 0 0
1 290.8 247.7 129.2 96.93 140 43.08 0 10.77 75.39 21.54 10.77 0 0 0 0 0 0 0 10.77 0
1 247.1 167.7 167.7 141.2 79.43 26.48 17.65 8.825 0 8.825 0 8.825 0 0 0 8.825 0 0 0 0
1 315.4 217.5 108.8 195.8 97.88 54.38 21.75 32.63 10.88 0 10.88 10.88 10.88 0 0 0 0 0 0 0
1 144.6 132.6 114.5 66.28 48.21 30.13 12.05 6.026 18.08 12.05 6.026 0 0 0 6.026 0 0 0 6.026 0
1 262.1 162.7 99.43 63.27 126.5 54.23 63.27 27.12 18.08 18.08 0 9.039 0 0 0 0 0 0 0 0
1 400.6 361.8 155.1 90.45 90.45 25.84 38.76 38.76 38.76 0 12.92 12.92 12.92 0 0 0 0 12.92 0 0
1 379.3 325.1 203.2 108.4 94.83 67.74 40.64 27.1 13.55 13.55 81.29 0 0 0 0 0 0 0 0 0
1 370.3 370.3 308.6 169.7 77.14 46.28 46.28 30.86 30.86 0 30.86 15.43 15.43 0 0 30.86 0 0 0 0
1 438.5 409.3 233.9 102.3 102.3 14.62 73.09 0 29.24 14.62 0 14.62 14.62 0 14.62 0 0 0 0 0
1 399.6 371 242.6 142.7 99.9 57.08 57.08 14.27 14.27 14.27 14.27 0 0 0 0 0 0 0 0 0
1 305.3 193.3 203.5 162.8 30.53 40.7 0 50.88 20.35 0 0 10.18 0 0 0 0 0 0 0 0
1 249.1 120.8 67.95 113.2 60.4 45.3 15.1 30.2 0 15.1 15.1 0 0 0 7.55 0 15.1 0 0 0
1 330.1 146.7 91.7 128.4 64.19 55.02 27.51 27.51 27.51 0 9.17 0 0 9.17 0 0 0 0 0 0
1 423.5 374.6 309.5 162.9 81.44 16.29 97.73 81.44 48.86 16.29 0 0 0 16.29 0 0 0 0 0 0
1 345.1 292 185.8 212.4 53.09 106.2 39.82 26.55 13.27 13.27 0 13.27 0 0 0 0 13.27 13.27 0 0
1 305.1 265.3 225.5 172.4 145.9 13.27 39.8 53.06 13.27 26.53 0 13.27 0 13.27 13.27 0 0 13.27 0 13.27
1 287.1 239.3 287.1 119.6 47.85 35.89 95.7 35.89 0 23.93 11.96 0 0 0 0 0 0 0 11.96 0
1 162.9 222.1 125.9 96.25 44.42 37.02 14.81 0 14.81 7.404 7.404 7.404 0 0 0 0 0 0 0 0
1 503.3 486.5 251.6 134.2 100.7 100.7 16.78 50.33 0 0 0 16.78 16.78 0 0 0 0 0 0 0
1 287.9 158.9 208.5 109.2 39.72 89.36 29.79 19.86 9.929 0 9.929 9.929 9.929 0 0 9.929 0 0 0 0
1 455.2 366.7 189.7 75.86 63.22 37.93 12.64 25.29 0 12.64 25.29 0 0 0 0 0 0 0 0 0
1 382.8 287.1 239.2 107.7 47.85 59.81 35.89 11.96 11.96 11.96 0 0 0 0 0 0 0 0 0 0
1 422.2 378.5 320.3 72.79 72.79 101.9 14.56 43.67 0 0 0 0 0 0 0 0 0 14.56 0 14.56
1 239.7 283.2 261.4 141.6 54.47 65.36 32.68 10.89 0 0 0 0 0 0 0 0 0 0 0 0
1 359.3 308 282.3 89.84 64.17 64.17 51.33 12.83 25.67 0 0 12.83 0 0 12.83 0 0 0 0 0
1 472.8 223.3 170.7 170.7 105.1 65.66 39.4 39.4 13.13 0 0 13.13 0 0 0 0 0 0 0 0
1 404.4 323.6 258.8 161.8 129.4 113.2 80.89 32.36 48.53 16.18 16.18 16.18 0 0 16.18 0 0 0 0 0
1 538.4 411.8 142.5 205.9 126.7 47.51 47.51 15.84 15.84 0 31.67 0 0 0 0 0 0 0 0 0
1 486.2 503.6 225.7 138.9 121.6 86.82 34.73 34.73 52.09 0 17.36 17.36 0 0 17.36 0 0 0 0 0
1 341.4 295.9 170.7 91.05 91.05 34.14 0 34.14 0 34.14 11.38 11.38 11.38 0 0 11.38 0 0 0 0
1 656.1 463.1 212.3 231.6 96.48 77.19 96.48 38.59 19.3 38.59 0 0 0 0 0 0 0 0 0 0
1 223.5 204.1 194.3 87.46 136 19.43 19.43 29.15 29.15 9.717 9.717 9.717 0 0 0 0 0 0 0 0
1 464.5 267.4 281.5 112.6 126.7 70.38 42.23 28.15 0 14.08 0 0 0 0 0 0 0 0 0 0
1 530.1 343.9 186.3 157.6 100.3 28.66 14.33 57.31 0 0 0 0 0 14.33 0 0 0 0 0 0
1 349.6 183.5 104.9 96.14 26.22 43.7 43.7 17.48 0 0 0 0 8.74 0 0 0 0 0 0 0
1 380.8 273.7 190.4 107.1 59.5 23.8 23.8 59.5 23.8 0 11.9 23.8 11.9 0 0 0 0 0 0 0
1 553.5 290.6 166 166 96.86 27.67 27.67 13.84 13.84 27.67 0 0 0 0 0 0 0 0 0 0
1 608.9 343.5 265.4 46.84 78.06 15.61 62.45 62.45 15.61 31.22 31.22 0 0 0 0 0 0 0 0 0
1 514.5 257.2 227 166.4 121.1 105.9 30.26 15.13 30.26 30.26 0 0 0 15.13 0 0 0 0 0 0
1 483.5 326.7 183 117.6 78.41 52.27 13.07 13.07 13.07 13.07 0 0 13.07 0 0 0 0 0 0 0
1 338.6 190.5 254 84.65 42.33 31.74 31.74 52.91 10.58 21.16 0 0 0 0 0 0 0 0 0 0
1 485 363.7 346.4 190.5 17.32 121.2 86.61 34.64 17.32 0 34.64 17.32 17.32 0 0 0 0 0 0 0
1 257.5 257.5 115.4 79.9 71.02 44.39 17.76 17.76 0 0 17.76 8.878 0 0 0 0 0 0 0 0
1 340.8 312.4 284 156.2 71.01 113.6 71.01 28.4 14.2 14.2 0 14.2 0 0 0 0 0 0 0 0
1 473 320.5 305.2 122.1 152.6 122.1 0 0 0 0 15.26 15.26 0 0 0 0 0 0 0 0
1 272.3 281.7 122.1 84.5 46.94 37.55 28.17 37.55 9.388 0 9.388 9.388 0 0 0 0 0 0 0 0
1 478.9 284.8 168.3 155.3 142.4 25.89 0 0 38.83 0 0 0 0 0 0 0 0 0 0 0
1 450.1 231.9 191 245.5 95.48 54.56 0 13.64 13.64 0 27.28 27.28 0 13.64 0 0 0 0 0 0
1 423.4 245.8 327.8 95.6 95.6 0 81.94 13.66 0 13.66 27.31 0 27.31 0 0 0 0 13.66 0 0
1 519 335.9 351.1 106.9 76.33 76.33 45.8 0 0 0 0 15.27 0 0 0 0 0 0 0 0
1 371.5 371.5 233.9 110.1 55.03 68.79 82.55 55.03 0 13.76 0 0 13.76 0 0 0 0 0 0 0
1 865.4 514.6 304.1 233.9 163.7 93.56 46.78 70.17 23.39 0 23.39 0 0 0 0 0 0 0 0 0
1 491.7 390.5 289.2 130.2 43.39 72.31 28.92 0 0 0 0 0 0 0 0 0 0 0 0 0
1 703.4 321.5 321.5 201 180.9 20.1 100.5 40.19 80.38 0 20.1 20.1 0 0 0 0 0 0 0 0
1 478.7 345.8 119.7 146.3 79.79 53.19 39.89 53.19 13.3 0 0 0 0 0 0 0 0 0 0 0
1 403.5 508.7 368.4 245.6 70.17 35.08 70.17 35.08 0 17.54 0 0 0 0 0 0 0 0 0 0
1 822.2 362.7 556.2 145.1 217.6 96.73 120.9 24.18 24.18 0 0 0 0 24.18 0 0 0 0 0 24.18
1 548.9 250.9 219.6 188.2 109.8 94.1 31.37 47.05 31.37 0 15.68 0 0 15.68 0 0 0 0 15.68 0
1 938.7 696.4 545 242.2 151.4 90.84 90.84 0 121.1 60.56 30.28 0 0 0 0 60.56 0 0 0 0
1 456.9 408 261.1 212.1 81.59 97.91 48.95 32.64 0 32.64 0 0 0 0 0 0 0 0 0 0
1 611.5 453.7 414.2 177.5 118.4 19.73 19.73 59.18 39.45 39.45 0 0 19.73 0 0 0 0 0 0 0
1 477.3 395 214 164.6 148.1 82.29 82.29 32.92 32.92 16.46 0 0 0 0 0 0 0 0 0 0
1 417.8 417.8 167.1 217.2 83.55 200.5 50.13 50.13 33.42 16.71 16.71 0 0 0 0 0 0 0 0 0
1 532.7 310.7 222 133.2 88.79 88.79 29.6 0 44.39 14.8 0 14.8 0 0 0 0 0 0 0 0
1 445.5 401 193.1 178.2 59.4 44.55 89.11 29.7 14.85 29.7 0 0 0 0 0 0 0 0 0 0
1 338.6 288.5 188.1 100.3 150.5 62.71 37.63 62.71 0 0 12.54 0 12.54 0 0 0 0 0 0 0
1 593.2 510.8 98.87 148.3 65.91 82.39 65.91 16.48 16.48 16.48 32.96 0 0 0 0 0 0 0 0 0
1 361.5 153.4 186.2 142.4 76.68 10.95 54.77 21.91 43.82 21.91 0 0 21.91 0 0 0 0 0 0 0
1 485 268 242.5 114.9 51.06 12.76 12.76 38.29 25.53 12.76 0 0 0 0 0 0 12.76 0 0 0
1 304.8 353.5 219.4 97.53 85.33 85.33 36.57 12.19 12.19 0 12.19 0 0 0 0 0 0 0 0 0
1 320.3 350.8 259.3 244 91.51 61.01 61.01 61.01 0 30.5 30.5 0 15.25 0 0 0 0 0 0 0
1 329.9 356.3 197.9 92.36 105.6 52.78 52.78 13.19 13.19 26.39 39.58 13.19 0 13.19 13.19 0 0 0 0 0
1 311.9 211.3 171 100.6 70.43 20.12 90.56 10.06 0 0 10.06 10.06 0 0 0 0 0 0 0 0
1 471.3 291.1 221.8 138.6 83.17 41.59 69.31 41.59 0 0 0 0 0 13.86 13.86 0 0 0 0 0
