 landings-at-age - landings.n (units : NA )
1	2	
42	100	
1	20	
1 
0.915 16.63 38.58 18.07 16.12 8.869 5.732 4.792 2.838 3.423 2.414 1.002 1.007 0.536 0.3159 0.2729 0.1547 0.2142 0.07478 0.2219
0.8285 11.17 45.65 28.35 10.92 9.75 5.363 3.466 2.897 1.716 2.07 1.459 0.6057 0.6087 0.3241 0.191 0.165 0.09353 0.1295 0.1794
1.397 8.183 24.91 27.02 13.77 5.307 4.737 2.605 1.684 1.408 0.8338 1.005 0.709 0.2942 0.2957 0.1575 0.0928 0.08016 0.04544 0.1501
1.143 14.92 19.82 16.18 14.44 7.358 2.835 2.53 1.392 0.8996 0.752 0.4455 0.5372 0.3788 0.1572 0.158 0.08413 0.04958 0.04282 0.1045
0.4052 12.98 38.35 13.68 9.192 8.202 4.18 1.611 1.437 0.7907 0.511 0.4272 0.2531 0.3051 0.2152 0.0893 0.08974 0.04779 0.02816 0.08367
1.24 4.414 31.99 25.28 7.417 4.983 4.447 2.266 0.8733 0.7794 0.4287 0.2771 0.2316 0.1372 0.1654 0.1167 0.04842 0.04866 0.02591 0.06064
2.038 14.12 11.33 21.97 14.28 4.19 2.815 2.512 1.28 0.4933 0.4402 0.2421 0.1565 0.1308 0.0775 0.09345 0.0659 0.02735 0.02748 0.04889
0.7374 20.28 31.85 6.826 10.87 7.067 2.073 1.393 1.243 0.6335 0.2441 0.2178 0.1198 0.07745 0.06474 0.03835 0.04624 0.03261 0.01353 0.03779
0.7856 9.244 57.21 24.12 4.257 6.78 4.407 1.293 0.8688 0.7752 0.3951 0.1522 0.1359 0.07473 0.0483 0.04038 0.02392 0.02884 0.02034 0.03201
0.8121 8.198 21.7 35.64 12.34 2.177 3.467 2.254 0.6611 0.4442 0.3964 0.202 0.07784 0.06947 0.03821 0.0247 0.02065 0.01223 0.01475 0.02677
1.171 9.164 20.78 14.65 19.77 6.844 1.208 1.924 1.25 0.3668 0.2465 0.2199 0.1121 0.04319 0.03854 0.0212 0.0137 0.01145 0.006786 0.02303
0.6697 12.2 21.49 12.96 7.499 10.12 3.502 0.6181 0.9844 0.6399 0.1877 0.1261 0.1125 0.05736 0.0221 0.01973 0.01085 0.007013 0.005862 0.01526
0.9532 7.071 29.12 13.71 6.791 3.931 5.305 1.836 0.324 0.516 0.3354 0.09841 0.06612 0.059 0.03007 0.01159 0.01034 0.005688 0.003676 0.01107
1.221 10.73 17.98 19.83 7.678 3.804 2.202 2.971 1.028 0.1815 0.289 0.1879 0.05512 0.03703 0.03304 0.01684 0.006489 0.005792 0.003186 0.008261
1.041 13.65 27.02 12.09 10.96 4.244 2.102 1.217 1.642 0.5684 0.1003 0.1597 0.1038 0.03046 0.02047 0.01826 0.009309 0.003587 0.003201 0.006327
0.7047 10.55 31.32 16.54 6.078 5.51 2.134 1.057 0.6119 0.8258 0.2858 0.05043 0.08032 0.05221 0.01532 0.01029 0.009183 0.004681 0.001804 0.004791
0.9352 8.673 29.18 23.23 10.09 3.71 3.363 1.302 0.6452 0.3735 0.504 0.1744 0.03078 0.04903 0.03187 0.00935 0.006282 0.005605 0.002857 0.004025
0.7515 9.359 19.58 17.49 11.43 4.965 1.825 1.654 0.6407 0.3174 0.1837 0.2479 0.08581 0.01514 0.02412 0.01568 0.004599 0.00309 0.002757 0.003385
0.8163 8.105 22.85 12.8 9.404 6.143 2.67 0.9811 0.8894 0.3444 0.1706 0.09877 0.1333 0.04613 0.008141 0.01297 0.008428 0.002473 0.001661 0.003302
1.545 9.86 22 16.6 7.648 5.62 3.671 1.595 0.5863 0.5315 0.2058 0.102 0.05902 0.07965 0.02757 0.004865 0.007748 0.005036 0.001478 0.002966
0.9479 16.71 23.92 14.15 8.761 4.037 2.967 1.938 0.8422 0.3095 0.2806 0.1087 0.05383 0.03116 0.04205 0.01455 0.002568 0.00409 0.002659 0.002346
1.729 10.48 41.41 15.72 7.634 4.726 2.178 1.601 1.046 0.4543 0.167 0.1514 0.05862 0.02904 0.01681 0.02269 0.007852 0.001386 0.002207 0.0027
0.8128 17.11 23.41 24.55 7.647 3.714 2.299 1.06 0.7786 0.5086 0.221 0.08122 0.07363 0.02852 0.01413 0.008177 0.01104 0.003819 0.000674 0.002387
0.9885 9.142 43.47 15.92 13.73 4.277 2.077 1.286 0.5926 0.4354 0.2845 0.1236 0.04543 0.04118 0.01595 0.007901 0.004574 0.006172 0.002136 0.001712
1.166 10.7 22.35 28.38 8.544 7.368 2.296 1.115 0.6902 0.3181 0.2337 0.1527 0.06634 0.02438 0.0221 0.00856 0.004241 0.002455 0.003313 0.002065
0.6711 12.87 26.66 14.88 15.53 4.676 4.033 1.256 0.6101 0.3777 0.1741 0.1279 0.08356 0.03631 0.01334 0.0121 0.004685 0.002321 0.001344 0.002944
0.8274 6.894 29.96 16.59 7.609 7.944 2.391 2.062 0.6425 0.312 0.1932 0.08902 0.06542 0.04273 0.01857 0.006825 0.006187 0.002396 0.001187 0.002193
1.093 10.15 19.02 22.17 10.11 4.636 4.84 1.457 1.257 0.3915 0.1901 0.1177 0.05424 0.03986 0.02604 0.01131 0.004158 0.00377 0.00146 0.002059
1.018 11.3 23.62 11.77 11.26 5.132 2.354 2.458 0.7398 0.638 0.1988 0.09652 0.05976 0.02754 0.02024 0.01322 0.005745 0.002111 0.001914 0.001787
1.122 10.34 26.01 14.54 5.956 5.698 2.598 1.191 1.244 0.3744 0.3229 0.1006 0.04886 0.03025 0.01394 0.01024 0.006691 0.002908 0.001069 0.001873
0.8795 13.16 27.42 18.55 8.539 3.497 3.346 1.525 0.6996 0.7304 0.2199 0.1896 0.05907 0.02869 0.01776 0.008185 0.006014 0.003929 0.001707 0.001727
0.6747 9.508 32.15 17.9 9.955 4.582 1.877 1.796 0.8186 0.3754 0.392 0.118 0.1018 0.0317 0.0154 0.009532 0.004392 0.003228 0.002108 0.001843
0.6647 7.749 24.59 22.22 10.17 5.658 2.604 1.067 1.02 0.4652 0.2134 0.2228 0.06706 0.05783 0.01802 0.00875 0.005417 0.002496 0.001834 0.002246
1.089 6.953 18.28 15.45 11.46 5.248 2.919 1.344 0.5503 0.5265 0.24 0.1101 0.1149 0.0346 0.02984 0.009297 0.004515 0.002795 0.001288 0.002105
1.046 11.34 16.4 11.54 8.014 5.948 2.723 1.515 0.6972 0.2855 0.2732 0.1245 0.05713 0.05964 0.01795 0.01548 0.004824 0.002342 0.00145 0.001761
0.9643 11.68 28.68 11.15 6.456 4.484 3.328 1.524 0.8476 0.3901 0.1598 0.1529 0.06969 0.03196 0.03337 0.01005 0.008663 0.002699 0.001311 0.001797
0.9509 11.51 31.38 20.63 6.597 3.82 2.653 1.969 0.9016 0.5015 0.2308 0.09454 0.09045 0.04123 0.01891 0.01975 0.005944 0.005126 0.001597 0.001839
1.189 9.513 26.02 18.87 10.18 3.256 1.885 1.309 0.9719 0.4449 0.2475 0.1139 0.04665 0.04464 0.02035 0.009334 0.009745 0.002933 0.00253 0.001696
1.194 13.52 24.44 17.91 10.69 5.766 1.844 1.068 0.7417 0.5505 0.252 0.1402 0.06453 0.02643 0.02528 0.01153 0.005287 0.00552 0.001661 0.002393
1.082 13.91 35.37 17.04 10.27 6.124 3.305 1.057 0.612 0.4251 0.3155 0.1444 0.08034 0.03698 0.01515 0.01449 0.006606 0.00303 0.003163 0.002324
0.9873 10.65 30.93 20.88 8.257 4.974 2.967 1.601 0.512 0.2965 0.2059 0.1528 0.06997 0.03892 0.01792 0.007337 0.00702 0.0032 0.001468 0.002658
0.9076 11.16 27.2 21.16 11.75 4.647 2.799 1.67 0.901 0.2881 0.1668 0.1159 0.08601 0.03938 0.0219 0.01008 0.004129 0.003951 0.001801 0.002322
0.933 9.739 27.06 17.62 11.27 6.258 2.475 1.491 0.8892 0.4799 0.1535 0.08886 0.06172 0.04581 0.02097 0.01167 0.00537 0.002199 0.002104 0.002196
0.7842 10.44 24.6 18.29 9.794 6.263 3.478 1.375 0.8285 0.4942 0.2667 0.08528 0.04938 0.0343 0.02546 0.01166 0.006483 0.002984 0.001222 0.00239
0.7214 8.025 24.22 15.25 9.316 4.99 3.191 1.772 0.7007 0.4221 0.2517 0.1359 0.04345 0.02516 0.01747 0.01297 0.005938 0.003303 0.00152 0.00184
0.9734 8.107 20.44 16.57 8.589 5.248 2.811 1.797 0.998 0.3947 0.2378 0.1418 0.07653 0.02447 0.01417 0.009844 0.007306 0.003345 0.001861 0.001893
0.7018 11.28 21.19 14.3 9.542 4.945 3.021 1.618 1.035 0.5746 0.2272 0.1369 0.08164 0.04406 0.01409 0.008159 0.005667 0.004206 0.001926 0.002161
1.09 7.812 28.22 14.11 7.826 5.221 2.706 1.653 0.8855 0.5662 0.3144 0.1243 0.07491 0.04468 0.02411 0.00771 0.004465 0.003101 0.002302 0.002236
1.004 12.03 19.34 18.57 7.623 4.228 2.821 1.462 0.8931 0.4783 0.3059 0.1698 0.06717 0.04046 0.02413 0.01302 0.004165 0.002412 0.001675 0.002451
0.6275 9.806 26.57 11.37 8.958 3.678 2.04 1.361 0.7053 0.4309 0.2308 0.1476 0.08195 0.03241 0.01952 0.01164 0.006284 0.00201 0.001164 0.001991
0.7291 7.708 27.1 19.69 6.933 5.464 2.243 1.244 0.83 0.4302 0.2628 0.1408 0.09002 0.04998 0.01977 0.01191 0.007103 0.003833 0.001226 0.001924
0.8283 7.736 18.38 17.15 10.23 3.601 2.838 1.165 0.6463 0.4312 0.2235 0.1365 0.07313 0.04676 0.02597 0.01027 0.006186 0.00369 0.001991 0.001636
1.037 9.179 19.26 12.17 9.331 5.565 1.959 1.544 0.634 0.3516 0.2346 0.1216 0.07429 0.03979 0.02544 0.01413 0.005587 0.003366 0.002007 0.001974
1.064 10.44 20.87 11.65 6.048 4.636 2.765 0.9735 0.7672 0.315 0.1747 0.1166 0.0604 0.03691 0.01977 0.01264 0.007019 0.002776 0.001672 0.001978
0.5792 11.54 25.67 13.76 6.318 3.279 2.513 1.499 0.5278 0.416 0.1708 0.09472 0.06319 0.03275 0.02001 0.01072 0.006853 0.003805 0.001505 0.001979
0.745 6.662 29.98 17.87 7.88 3.619 1.879 1.44 0.8588 0.3024 0.2383 0.09784 0.05426 0.0362 0.01876 0.01146 0.006139 0.003926 0.00218 0.001996
0.723 8.366 16.83 20.2 9.898 4.365 2.005 1.041 0.7976 0.4757 0.1675 0.132 0.0542 0.03006 0.02005 0.01039 0.00635 0.003401 0.002175 0.002313
0.7034 7.464 19.5 10.45 10.3 5.047 2.226 1.022 0.5305 0.4066 0.2426 0.0854 0.0673 0.02763 0.01532 0.01022 0.005299 0.003238 0.001734 0.002288
0.7409 8.381 19.98 13.95 6.148 6.061 2.969 1.309 0.6014 0.3121 0.2393 0.1427 0.05024 0.0396 0.01626 0.009016 0.006015 0.003117 0.001905 0.002366
