 landings-at-age - landings.n (units : NA )
1	2	
2	100	
1	20	
1 
0.02659 0.2984 0.8352 0.6934 0.4839 0.3377 0.2357 0.1644 0.1148 0.08008 0.05589 0.039 0.02722 0.01899 0.01325 0.009249 0.006454 0.004504 0.003143 0.007259
0.003923 0.05216 0.1462 0.1214 0.08475 0.05914 0.04127 0.0288 0.0201 0.01403 0.009787 0.00683 0.004766 0.003326 0.002321 0.00162 0.00113 0.0007888 0.0005504 0.001271
0.004107 0.04404 0.1464 0.1219 0.08515 0.05942 0.04147 0.02894 0.02019 0.01409 0.009834 0.006862 0.004789 0.003342 0.002332 0.001627 0.001136 0.0007925 0.000553 0.001277
0.004024 0.04612 0.1236 0.122 0.08549 0.0597 0.04166 0.02907 0.02029 0.01416 0.00988 0.006895 0.004811 0.003358 0.002343 0.001635 0.001141 0.0007963 0.0005557 0.001283
0.003868 0.04518 0.1294 0.1031 0.08557 0.05994 0.04186 0.02921 0.02038 0.01423 0.009927 0.006927 0.004834 0.003374 0.002354 0.001643 0.001146 8e-04 0.0005583 0.001289
0.003636 0.04344 0.1268 0.1079 0.07226 0.06 0.04203 0.02935 0.02048 0.01429 0.009974 0.00696 0.004857 0.00339 0.002365 0.001651 0.001152 0.0008038 0.0005609 0.001295
0.003435 0.04083 0.1219 0.1057 0.07566 0.05066 0.04207 0.02947 0.02058 0.01436 0.01002 0.006993 0.00488 0.003406 0.002377 0.001658 0.001157 0.0008076 0.0005636 0.001302
0.003336 0.03857 0.1146 0.1016 0.07413 0.05305 0.03552 0.0295 0.02066 0.01443 0.01007 0.007026 0.004903 0.003422 0.002388 0.001666 0.001163 0.0008114 0.0005663 0.001308
0.003498 0.03745 0.1082 0.09553 0.07126 0.05197 0.03719 0.02491 0.02068 0.01449 0.01012 0.00706 0.004926 0.003438 0.002399 0.001674 0.001168 0.0008153 0.0005689 0.001314
0.003367 0.03928 0.1051 0.09026 0.06698 0.04996 0.03644 0.02608 0.01746 0.0145 0.01016 0.007093 0.00495 0.003454 0.00241 0.001682 0.001174 0.0008191 0.0005716 0.00132
0.00368 0.03781 0.1102 0.08764 0.06328 0.04696 0.03503 0.02555 0.01828 0.01224 0.01017 0.007121 0.004973 0.003471 0.002422 0.00169 0.001179 0.000823 0.0005743 0.001326
0.004049 0.04132 0.1061 0.09191 0.06145 0.04437 0.03293 0.02456 0.01791 0.01282 0.008585 0.007128 0.004993 0.003487 0.002433 0.001698 0.001185 0.0008269 0.0005771 0.001333
0.004374 0.04546 0.1159 0.08847 0.06444 0.04308 0.03111 0.02309 0.01722 0.01256 0.008989 0.006019 0.004998 0.003501 0.002445 0.001706 0.001191 0.0008308 0.0005798 0.001339
0.003927 0.04912 0.1276 0.09668 0.06203 0.04518 0.03021 0.02181 0.01619 0.01207 0.008807 0.006302 0.00422 0.003504 0.002455 0.001714 0.001196 0.0008348 0.0005825 0.001345
0.003955 0.04409 0.1378 0.1064 0.06779 0.04349 0.03168 0.02118 0.01529 0.01135 0.008466 0.006175 0.004419 0.002959 0.002457 0.001721 0.001202 0.0008387 0.0005853 0.001352
0.003532 0.04441 0.1237 0.1149 0.07458 0.04753 0.03049 0.02221 0.01485 0.01072 0.007957 0.005936 0.004329 0.003098 0.002075 0.001723 0.001207 0.0008427 0.0005881 0.001358
0.003503 0.03966 0.1246 0.1032 0.08058 0.05229 0.03332 0.02138 0.01557 0.01041 0.007519 0.005579 0.004162 0.003036 0.002172 0.001455 0.001208 0.000846 0.0005908 0.001365
0.003841 0.03933 0.1113 0.1039 0.07233 0.0565 0.03666 0.02336 0.01499 0.01092 0.0073 0.005272 0.003912 0.002918 0.002128 0.001523 0.00102 0.0008469 0.0005932 0.001371
0.00389 0.04313 0.1104 0.09279 0.07286 0.05072 0.03961 0.02571 0.01638 0.01051 0.007656 0.005119 0.003696 0.002743 0.002046 0.001492 0.001068 0.0007151 0.0005938 0.001377
0.00378 0.04368 0.121 0.09203 0.06506 0.05108 0.03556 0.02778 0.01802 0.01149 0.00737 0.005368 0.003589 0.002592 0.001923 0.001435 0.001046 0.0007488 0.0005014 0.001382
0.003674 0.04244 0.1226 0.1009 0.06453 0.04562 0.03582 0.02493 0.01947 0.01264 0.008053 0.005167 0.003764 0.002516 0.001817 0.001348 0.001006 0.0007336 0.000525 0.00132
0.004001 0.04126 0.1191 0.1022 0.07075 0.04524 0.03198 0.02511 0.01748 0.01365 0.00886 0.005647 0.003623 0.002639 0.001764 0.001274 0.0009454 0.0007052 0.0005144 0.001294
0.004182 0.04492 0.1158 0.09931 0.07166 0.04961 0.03172 0.02243 0.01761 0.01226 0.009574 0.006212 0.003959 0.00254 0.00185 0.001237 0.0008932 0.0006629 0.0004945 0.001268
0.004072 0.04695 0.126 0.09654 0.06963 0.05025 0.03478 0.02224 0.01572 0.01235 0.008594 0.006712 0.004356 0.002776 0.001781 0.001297 0.0008673 0.0006263 0.0004648 0.001236
0.004286 0.04573 0.1318 0.1051 0.06769 0.04882 0.03523 0.02439 0.01559 0.01102 0.008656 0.006025 0.004706 0.003054 0.001946 0.001249 0.0009096 0.0006081 0.0004391 0.001192
0.004133 0.04812 0.1283 0.1099 0.0737 0.04746 0.03423 0.0247 0.0171 0.01093 0.00773 0.006069 0.004225 0.0033 0.002141 0.001365 0.0008756 0.0006378 0.0004264 0.001144
0.004276 0.04641 0.135 0.107 0.07703 0.05167 0.03327 0.024 0.01732 0.01199 0.007666 0.00542 0.004255 0.002962 0.002314 0.001501 0.0009568 0.0006139 0.0004472 0.001101
0.004617 0.04801 0.1302 0.1126 0.07502 0.05401 0.03623 0.02333 0.01683 0.01214 0.008406 0.005375 0.0038 0.002984 0.002077 0.001622 0.001053 0.0006708 0.0004304 0.001085
0.004649 0.05184 0.1347 0.1086 0.07895 0.0526 0.03787 0.0254 0.01636 0.0118 0.008514 0.005894 0.003769 0.002664 0.002092 0.001456 0.001137 0.0007381 0.0004704 0.001063
0.004444 0.0522 0.1455 0.1123 0.07614 0.05535 0.03688 0.02655 0.01781 0.01147 0.008273 0.00597 0.004132 0.002642 0.001868 0.001467 0.001021 0.0007975 0.0005175 0.001075
0.004401 0.0499 0.1465 0.1213 0.07877 0.05339 0.03881 0.02586 0.01862 0.01249 0.008042 0.005801 0.004186 0.002897 0.001853 0.00131 0.001028 0.0007159 0.0005591 0.001117
0.004599 0.04941 0.14 0.1221 0.08505 0.05523 0.03743 0.02721 0.01813 0.01305 0.008756 0.005638 0.004067 0.002935 0.002032 0.001299 0.0009183 0.000721 0.0005019 0.001175
0.004766 0.05164 0.1386 0.1168 0.08564 0.05964 0.03872 0.02624 0.01908 0.01271 0.009152 0.006139 0.003953 0.002852 0.002058 0.001424 0.0009108 0.0006439 0.0005056 0.001176
0.004531 0.05351 0.1449 0.1156 0.08186 0.06004 0.04181 0.02715 0.0184 0.01338 0.008912 0.006417 0.004304 0.002772 0.001999 0.001443 0.0009987 0.0006386 0.0004514 0.001179
0.004716 0.05088 0.1502 0.1208 0.08106 0.0574 0.0421 0.02932 0.01904 0.0129 0.009379 0.006249 0.004499 0.003018 0.001943 0.001402 0.001012 0.0007002 0.0004477 0.001143
0.004391 0.05295 0.1428 0.1252 0.08472 0.05684 0.04024 0.02952 0.02056 0.01335 0.009046 0.006576 0.004381 0.003155 0.002116 0.001363 0.0009829 0.0007092 0.000491 0.001115
0.004267 0.0493 0.1486 0.119 0.08779 0.0594 0.03985 0.02822 0.0207 0.01441 0.009358 0.006343 0.004611 0.003072 0.002212 0.001484 0.0009554 0.0006891 0.0004973 0.001126
0.004426 0.04791 0.1383 0.1239 0.08347 0.06156 0.04165 0.02794 0.01978 0.01451 0.01011 0.006561 0.004447 0.003233 0.002154 0.001551 0.00104 0.0006699 0.0004832 0.001138
0.004304 0.0497 0.1344 0.1154 0.08687 0.05853 0.04316 0.0292 0.01959 0.01387 0.01017 0.007085 0.004601 0.003118 0.002267 0.00151 0.001087 0.0007293 0.0004697 0.001137
1.027 12.45 33.3 26.26 18.95 14.27 9.613 7.089 4.797 3.218 2.278 1.671 1.164 0.7557 0.5122 0.3723 0.2481 0.1786 0.1198 0.2639
1.05 10.56 28.97 20.67 13.4 9.666 7.28 4.904 3.617 2.447 1.642 1.162 0.8526 0.5937 0.3855 0.2613 0.1899 0.1266 0.09112 0.1957
1.192 12.82 28.99 21.29 12.5 8.101 5.845 4.402 2.966 2.187 1.48 0.9927 0.7029 0.5156 0.359 0.2331 0.158 0.1149 0.07652 0.1735
1.025 11.77 28.58 17.16 10.34 6.073 3.936 2.84 2.139 1.441 1.062 0.7189 0.4823 0.3415 0.2505 0.1744 0.1133 0.07676 0.0558 0.1215
0.9538 10.95 28.51 18.56 9.169 5.526 3.244 2.103 1.517 1.142 0.7697 0.5676 0.384 0.2576 0.1824 0.1338 0.09318 0.0605 0.04101 0.0947
0.9217 10.83 28.14 19.68 10.55 5.209 3.139 1.843 1.194 0.8618 0.649 0.4373 0.3225 0.2182 0.1464 0.1036 0.07602 0.05293 0.03437 0.07709
0.8793 10.04 26.69 18.55 10.67 5.717 2.824 1.702 0.9993 0.6476 0.4672 0.3519 0.2371 0.1748 0.1183 0.07936 0.05619 0.04121 0.0287 0.06043
0.9252 10.01 25.78 18.33 10.48 6.025 3.229 1.595 0.9614 0.5644 0.3658 0.2639 0.1988 0.1339 0.09875 0.06681 0.04482 0.03174 0.02328 0.05035
0.7717 9.207 22.59 15.53 9.071 5.185 2.982 1.598 0.7894 0.4757 0.2793 0.181 0.1306 0.09836 0.06626 0.04887 0.03306 0.02218 0.01571 0.03643
0.8572 9.674 25.97 17.11 9.684 5.658 3.234 1.86 0.9967 0.4923 0.2967 0.1742 0.1129 0.08146 0.06134 0.04133 0.03048 0.02062 0.01383 0.03252
0.8312 8.946 22.71 16.18 8.751 4.952 2.893 1.654 0.9509 0.5096 0.2517 0.1517 0.08907 0.05773 0.04165 0.03137 0.02113 0.01558 0.01054 0.0237
0.7882 9.379 22.68 15.33 8.978 4.855 2.747 1.605 0.9174 0.5276 0.2828 0.1397 0.08417 0.04942 0.03203 0.02311 0.0174 0.01172 0.008646 0.019
0.789 8.207 22 14.14 7.848 4.594 2.485 1.406 0.8214 0.4695 0.27 0.1447 0.07148 0.04308 0.02529 0.01639 0.01183 0.008906 0.006 0.01415
0.7133 8.331 19.6 14.03 7.41 4.114 2.408 1.302 0.737 0.4306 0.2461 0.1415 0.07586 0.03747 0.02258 0.01326 0.008593 0.006199 0.004669 0.01056
0.7376 8.029 21.18 13.34 7.858 4.15 2.304 1.349 0.7295 0.4128 0.2412 0.1378 0.07927 0.04248 0.02099 0.01265 0.007425 0.004812 0.003472 0.008531
0.7838 8.245 20.22 14.24 7.375 4.343 2.294 1.274 0.7456 0.4032 0.2282 0.1333 0.07619 0.04381 0.02348 0.0116 0.006991 0.004104 0.00266 0.006634
0.7517 7.942 18.92 12.38 7.161 3.708 2.184 1.153 0.6403 0.3749 0.2027 0.1147 0.06702 0.03831 0.02203 0.01181 0.005833 0.003515 0.002064 0.004673
0.8484 9.251 21.98 14.03 7.554 4.371 2.263 1.333 0.7041 0.3909 0.2288 0.1238 0.07003 0.04091 0.02338 0.01345 0.007207 0.00356 0.002146 0.004112
0.7582 8.489 20.88 13.17 6.9 3.716 2.15 1.113 0.6557 0.3463 0.1923 0.1126 0.06087 0.03445 0.02012 0.0115 0.006615 0.003545 0.001751 0.003078
0.7777 8.177 20.73 13.65 7.082 3.71 1.998 1.156 0.5986 0.3525 0.1862 0.1034 0.06052 0.03273 0.01852 0.01082 0.006184 0.003556 0.001906 0.002596
0.8785 9.392 22.19 15.05 8.157 4.232 2.217 1.194 0.6907 0.3577 0.2107 0.1113 0.06177 0.03616 0.01956 0.01107 0.006465 0.003695 0.002125 0.002691
0.922 9.504 22.79 14.28 7.947 4.306 2.234 1.17 0.6302 0.3646 0.1888 0.1112 0.05874 0.03261 0.01909 0.01032 0.005842 0.003413 0.001951 0.002542
0.8919 10.19 23.55 14.98 7.702 4.288 2.323 1.205 0.6314 0.34 0.1967 0.1019 0.06 0.03169 0.01759 0.0103 0.00557 0.003152 0.001841 0.002424
0.8039 8.828 22.77 13.96 7.285 3.747 2.086 1.13 0.5863 0.3071 0.1654 0.0957 0.04955 0.02919 0.01541 0.008557 0.00501 0.002709 0.001533 0.002075
0.7974 9.042 22.42 15.48 7.807 4.074 2.095 1.166 0.6321 0.3279 0.1718 0.0925 0.05352 0.02772 0.01632 0.008621 0.004786 0.002802 0.001515 0.002018
0.777 8.635 22.11 14.64 8.31 4.19 2.187 1.125 0.6261 0.3393 0.176 0.0922 0.04964 0.02873 0.01488 0.008761 0.004627 0.002569 0.001504 0.001896
0.8064 8.577 21.51 14.72 8.013 4.548 2.293 1.197 0.6156 0.3427 0.1857 0.09632 0.05046 0.02717 0.01572 0.008142 0.004795 0.002533 0.001406 0.001861
0.7816 8.283 19.97 13.38 7.526 4.098 2.326 1.173 0.6121 0.3148 0.1752 0.09496 0.04926 0.02581 0.0139 0.008041 0.004164 0.002452 0.001295 0.001671
0.8951 9.584 22.86 14.78 8.154 4.586 2.497 1.417 0.7146 0.3729 0.1918 0.1068 0.05786 0.03002 0.01572 0.008467 0.004899 0.002537 0.001494 0.001807
0.8871 9.249 22.31 14.14 7.503 4.14 2.328 1.268 0.7195 0.3628 0.1893 0.09738 0.05421 0.02937 0.01524 0.007983 0.004299 0.002487 0.001288 0.001676
0.769 9.005 21.3 13.74 7.156 3.798 2.095 1.178 0.6416 0.3642 0.1836 0.09584 0.04929 0.02744 0.01487 0.007713 0.004041 0.002176 0.001259 0.0015
0.8214 9.018 23.88 15.19 8.067 4.202 2.23 1.23 0.6919 0.3767 0.2138 0.1078 0.05627 0.02894 0.01611 0.00873 0.004529 0.002373 0.001278 0.00162
0.8499 8.88 22.03 15.59 8.15 4.329 2.255 1.197 0.6603 0.3713 0.2022 0.1148 0.05787 0.0302 0.01553 0.008646 0.004685 0.002431 0.001273 0.001555
0.9288 9.761 22.96 15.22 8.861 4.632 2.46 1.281 0.6801 0.3753 0.211 0.1149 0.06522 0.03289 0.01716 0.008827 0.004914 0.002663 0.001381 0.001607
0.8848 9.715 23.03 14.43 7.855 4.572 2.39 1.269 0.6612 0.3509 0.1936 0.1089 0.05929 0.03365 0.01697 0.008856 0.004555 0.002536 0.001374 0.001542
0.8315 9.208 22.92 14.53 7.485 4.076 2.372 1.24 0.6587 0.3431 0.1821 0.1005 0.0565 0.03076 0.01746 0.008804 0.004595 0.002363 0.001316 0.001513
0.8403 9.285 23.3 15.58 8.132 4.188 2.281 1.327 0.6939 0.3686 0.192 0.1019 0.05622 0.03161 0.01721 0.00977 0.004926 0.002571 0.001322 0.001583
0.8783 10.03 24.94 16.76 9.217 4.812 2.478 1.349 0.7854 0.4106 0.2181 0.1136 0.06028 0.03326 0.01871 0.01019 0.005781 0.002915 0.001521 0.001719
0.8428 8.786 22.67 14.99 8.27 4.549 2.375 1.223 0.666 0.3876 0.2026 0.1076 0.05606 0.02975 0.01642 0.009232 0.005027 0.002853 0.001439 0.001599
0.8918 9.59 22.58 15.61 8.492 4.684 2.577 1.345 0.6927 0.3772 0.2195 0.1148 0.06096 0.03175 0.01685 0.009298 0.005229 0.002847 0.001616 0.001721
0.9196 10.39 25.08 15.74 8.947 4.867 2.685 1.477 0.7709 0.397 0.2162 0.1258 0.06578 0.03494 0.0182 0.009658 0.005329 0.002997 0.001632 0.001912
0.8496 9.056 23.1 14.8 7.626 4.334 2.358 1.3 0.7153 0.3734 0.1923 0.1047 0.06095 0.03186 0.01692 0.008816 0.004679 0.002582 0.001452 0.001717
0.8515 9.604 23.12 15.8 8.332 4.292 2.439 1.327 0.7319 0.4026 0.2102 0.1082 0.05894 0.0343 0.01793 0.009525 0.004961 0.002633 0.001453 0.001783
0.8654 9.137 23.29 14.98 8.417 4.437 2.286 1.299 0.7067 0.3898 0.2144 0.1119 0.05764 0.03139 0.01827 0.00955 0.005073 0.002642 0.001402 0.001724
0.9162 9.686 23.08 15.74 8.326 4.678 2.466 1.27 0.7219 0.3927 0.2166 0.1192 0.06221 0.03204 0.01744 0.01015 0.005308 0.002819 0.001468 0.001737
0.9558 9.376 22.46 14.3 8.017 4.242 2.383 1.256 0.6471 0.3678 0.2001 0.1104 0.0607 0.03169 0.01632 0.008887 0.005172 0.002704 0.001436 0.001633
1.033 10.74 23.88 15.37 8.058 4.516 2.389 1.342 0.7077 0.3645 0.2072 0.1127 0.06217 0.0342 0.01785 0.009194 0.005006 0.002914 0.001523 0.001729
1.128 11.98 28.07 16.71 8.85 4.639 2.6 1.376 0.7728 0.4074 0.2099 0.1193 0.06489 0.03579 0.01969 0.01028 0.005293 0.002882 0.001678 0.001872
1.18 12.55 29.96 18.7 9.144 4.843 2.539 1.423 0.7527 0.4229 0.223 0.1148 0.06527 0.03551 0.01958 0.01077 0.005624 0.002896 0.001577 0.001943
1.242 13.02 31.08 19.71 10.1 4.939 2.616 1.371 0.7686 0.4066 0.2284 0.1204 0.06204 0.03526 0.01918 0.01058 0.00582 0.003038 0.001565 0.001901
1.173 12.13 28.77 18.27 9.51 4.874 2.383 1.262 0.6617 0.3708 0.1962 0.1102 0.05811 0.02993 0.01701 0.009255 0.005105 0.002808 0.001466 0.001672
1.348 14.4 33.51 21.32 11.14 5.8 2.972 1.454 0.7698 0.4036 0.2262 0.1197 0.06723 0.03544 0.01826 0.01038 0.005645 0.003114 0.001713 0.001914
1.211 14.31 34.34 21.21 11.07 5.788 3.013 1.544 0.7551 0.3999 0.2096 0.1175 0.06216 0.03492 0.01841 0.009484 0.00539 0.002932 0.001617 0.001884
1.213 13.42 35.61 22.75 11.54 6.026 3.149 1.639 0.8401 0.4108 0.2176 0.1141 0.06393 0.03382 0.019 0.01002 0.00516 0.002933 0.001595 0.001905
1.24 12.21 30.52 21.55 11.3 5.733 2.994 1.565 0.8145 0.4174 0.2041 0.1081 0.05667 0.03176 0.0168 0.00944 0.004977 0.002564 0.001457 0.001739
1.161 13.45 30.01 20.11 11.68 6.127 3.108 1.623 0.8482 0.4416 0.2263 0.1107 0.05861 0.03072 0.01722 0.00911 0.005118 0.002698 0.00139 0.001733
1.173 13.36 34.93 20.89 11.52 6.693 3.51 1.781 0.9298 0.4859 0.253 0.1296 0.0634 0.03358 0.0176 0.009865 0.005219 0.002932 0.001546 0.001789
1.291 13.18 33.75 23.54 11.57 6.382 3.708 1.944 0.9864 0.5151 0.2692 0.1401 0.07181 0.03512 0.0186 0.00975 0.005465 0.002891 0.001624 0.001847
1.26 13.33 30.72 20.95 12 5.901 3.254 1.89 0.9913 0.5029 0.2626 0.1372 0.07145 0.03661 0.0179 0.009483 0.004971 0.002786 0.001474 0.00177
1.472 15.01 35.69 21.97 12.33 7.062 3.472 1.915 1.112 0.5832 0.2959 0.1545 0.08074 0.04204 0.02154 0.01053 0.005579 0.002925 0.001639 0.001909
