Originally  
101 
A 
42	100	
1	1	NA	NA	
1	20	
1 0.01197 0.1556 0.2872 0.3231 0.05983 0.1077 0.04786 0.1077 0.0718 0.01197 0 0.01197 0 0 0 0 0 0 0 0
1 0.01273 0.1146 0.331 0.1782 0.2928 0.0382 0.0382 0.07639 0.02546 0.06366 0.0382 0.02546 0 0 0.02546 0.01273 0 0 0 0
1 0.02489 0.1494 0.2489 0.2738 0.1867 0.1494 0.06223 0.01245 0.03734 0.06223 0.01245 0.01245 0 0.01245 0 0 0 0 0 0
1 0.05727 0.2672 0.42 0.3436 0.3436 0.07635 0.1527 0.07635 0 0 0.05727 0.01909 0 0.01909 0.03818 0 0 0.01909 0 0.01909
1 0.02922 0.2192 0.3653 0.3068 0.1899 0.1461 0.02922 0.05844 0.05844 0 0.01461 0.01461 0.02922 0 0 0 0 0 0 0
1 0 0.4203 0.4203 0.3097 0.3761 0.1991 0.1991 0.06637 0.08849 0.02212 0.02212 0.04425 0 0 0 0 0 0 0.02212 0.02212
1 0.04121 0.261 0.206 0.261 0.09615 0.1511 0.09615 0.1099 0.04121 0.05494 0 0.01374 0.01374 0 0 0.01374 0 0 0 0.01374
1 0.02802 0.1308 0.2335 0.1308 0.1588 0.03736 0.06538 0.03736 0.02802 0.0467 0.01868 0 0 0 0.00934 0 0 0 0.00934 0
1 0.03638 0.3092 0.4366 0.3274 0.291 0.1091 0.1455 0.07276 0.05457 0 0.03638 0 0 0 0 0 0 0 0 0
1 0.06279 0.2511 0.5023 0.1884 0.1413 0.1413 0.1099 0.06279 0.06279 0 0.0157 0.0157 0 0 0 0.0157 0 0 0 0
1 0.06531 0.2395 0.5878 0.6313 0.283 0.06531 0.06531 0.04354 0.06531 0.04354 0.02177 0 0.02177 0 0 0.02177 0.02177 0 0 0
1 0.07229 0.2349 0.5783 0.2892 0.253 0.1265 0.1084 0.03614 0.01807 0.05422 0.03614 0 0 0 0 0 0 0 0 0
1 0.0527 0.2108 0.4568 0.4041 0.1405 0.2284 0.1405 0.01757 0.03514 0.01757 0 0.01757 0 0.01757 0 0 0 0 0 0.01757
1 0.09608 0.3267 0.6726 0.2114 0.2114 0.07687 0.1345 0.07687 0.01922 0.01922 0.01922 0 0.03843 0 0 0 0.01922 0 0 0
1 0.03565 0.2496 0.4278 0.3565 0.2317 0.2496 0.08913 0.07131 0.05348 0 0 0 0.01783 0 0 0 0 0 0 0
1 0.1092 0.1456 0.364 0.4368 0.3458 0.182 0.09101 0.05461 0.0364 0 0.0364 0 0 0 0 0 0 0 0.0182 0
1 0.01667 0.3167 0.3834 0.3667 0.1833 0.1667 0.05 0.05 0.05 0.03334 0.05 0 0 0 0 0 0 0 0 0
1 0.02797 0.2377 0.4754 0.3076 0.09788 0.0839 0.05593 0.06992 0 0.01398 0.02797 0 0 0 0 0 0 0 0 0
1 0 0.2737 0.2433 0.3953 0.2129 0.1824 0.06082 0.06082 0.04561 0.03041 0.0152 0 0 0 0 0 0 0 0 0
1 0.07167 0.1433 0.3297 0.2867 0.215 0.1433 0.043 0.08601 0.05734 0.01433 0.02867 0.01433 0 0 0 0 0 0 0 0
1 0 0.2827 0.5001 0.5001 0.2174 0.3479 0.1087 0.08698 0.04349 0 0.02174 0.02174 0.02174 0 0 0 0 0 0 0.02174
1 0.03923 0.1961 0.5492 0.1373 0.4119 0.07845 0.2746 0.1373 0.03923 0 0.07845 0.01961 0 0 0 0 0 0 0 0
1 0.04051 0.3849 0.2836 0.4659 0.2026 0.2633 0.06077 0.2228 0.06077 0.02026 0.02026 0 0 0 0 0 0 0 0 0
1 0 0.1314 0.5585 0.2464 0.3286 0.1314 0.09857 0.03286 0.08214 0.03286 0 0 0 0 0 0 0 0 0 0
1 0.07024 0.01756 0.439 0.6497 0.158 0.1229 0.07024 0.158 0 0.05268 0 0.01756 0 0 0 0 0 0 0 0
1 0.01398 0.2376 0.1957 0.3214 0.2516 0.1118 0.06988 0.06988 0.0559 0.02795 0.01398 0.01398 0.01398 0 0 0 0 0 0 0
1 0.06399 0.208 0.5119 0.06399 0.144 0.208 0.032 0.112 0.04799 0.032 0.06399 0.032 0.016 0.04799 0 0 0.016 0 0 0
1 0.03542 0.2657 0.4428 0.3542 0.1594 0.2125 0.1417 0.05313 0.03542 0.03542 0 0.01771 0.01771 0 0 0 0 0 0 0
1 0.02567 0.1925 0.3337 0.2182 0.2695 0.01284 0.03851 0.08985 0.01284 0.01284 0.03851 0 0.01284 0 0.01284 0.01284 0 0 0 0
1 0.01431 0.2862 0.3005 0.2862 0.1431 0.1288 0.02862 0.02862 0.1288 0.04293 0 0.01431 0 0.01431 0.01431 0 0 0 0 0
1 0.007771 0.08548 0.2331 0.09325 0.07771 0.06994 0.0544 0.02331 0.03108 0.03885 0 0.01554 0.007771 0.02331 0 0.01554 0 0 0 0
1 0.03983 0.2655 0.2655 0.3452 0.07966 0.1859 0.02655 0.06638 0 0.01328 0.01328 0 0.01328 0 0 0 0.01328 0 0 0
1 0.03089 0.2008 0.4479 0.1699 0.2162 0.07722 0.1853 0.07722 0.03089 0.01544 0.03089 0.04633 0 0.01544 0 0 0 0 0 0
1 0.03134 0.3291 0.3291 0.4388 0.1254 0.1567 0.07835 0.06268 0 0.01567 0 0 0 0 0 0 0 0 0 0
1 0.02852 0.1711 0.5133 0.2139 0.2139 0.05703 0.09981 0.04278 0.01426 0.01426 0.04278 0.01426 0 0 0 0 0 0 0 0
1 0.01447 0.2604 0.3038 0.4629 0.1302 0.0868 0.07233 0.0434 0 0.01447 0 0.02893 0.02893 0 0 0 0 0 0 0
1 0.01965 0.06876 0.3045 0.2161 0.1866 0.08841 0.009823 0.05894 0.009823 0 0 0.009823 0.009823 0 0 0 0 0 0 0
1 0.02607 0.1825 0.2607 0.2085 0.1955 0.1434 0.05214 0.06517 0.05214 0 0.02607 0.01303 0.01303 0.02607 0 0.01303 0.01303 0 0 0.01303
1 0.06028 0.1808 0.3767 0.1959 0.211 0.211 0.1206 0 0.06028 0 0.04521 0.01507 0.01507 0.01507 0 0 0 0 0 0
1 0.01555 0.3421 0.2954 0.311 0.1088 0.1088 0.171 0.0933 0.01555 0.01555 0.01555 0.01555 0.01555 0.0311 0 0 0 0 0 0
1 0.02912 0.1893 0.4514 0.2912 0.1747 0.0728 0.131 0.04368 0.04368 0 0 0 0.01456 0.01456 0 0 0 0 0 0
1 0.1092 0.2512 0.1529 0.2293 0.0546 0.1092 0.04368 0.04368 0.06552 0 0 0.01092 0 0.01092 0 0 0 0 0 0.01092
1 0.0132 0.2376 0.4489 0.1848 0.1848 0.1188 0.03961 0 0 0 0.05281 0.0132 0 0.0132 0 0 0 0 0 0.0132
1 0.05113 0.3068 0.9971 0.5369 0.2045 0.179 0.05113 0.1023 0 0.02557 0.02557 0 0 0.02557 0 0 0.02557 0 0 0.02557
1 0.02571 0.07712 0.7969 0.6684 0.4113 0.1542 0.2057 0.05142 0.02571 0.05142 0 0.05142 0.05142 0 0 0 0 0 0 0
1 0.05131 0.1796 0.1924 0.2822 0.2566 0.1155 0.07697 0.06414 0.01283 0.01283 0 0.01283 0.01283 0 0 0 0 0 0 0.01283
1 0.01686 0.3372 0.6238 0.2192 0.1686 0.1855 0.03372 0.05058 0.01686 0 0.01686 0 0 0.01686 0 0 0 0 0 0
1 0.01701 0.1701 0.5955 0.3063 0.1531 0.1191 0.1531 0.1021 0.01701 0.01701 0.01701 0.01701 0 0.01701 0 0 0 0 0 0
1 0.03696 0.1478 0.1478 0.2957 0.2464 0.04928 0.03696 0.1109 0.1109 0.02464 0.01232 0.01232 0 0 0 0 0 0 0 0
1 0.03786 0.1136 0.265 0.2019 0.2398 0.07571 0.02524 0.08833 0.1514 0 0.01262 0.02524 0 0.01262 0 0.01262 0 0 0 0
1 0.08427 0.2107 0.5267 0.5267 0.08427 0.2107 0.1896 0.04213 0.04213 0.0632 0.02107 0.0632 0 0.04213 0 0 0 0 0 0
1 0 0.4969 0.4396 0.3823 0.1911 0.07645 0.09557 0.1147 0.03823 0 0.03823 0.01911 0 0.01911 0 0 0 0 0 0
1 0.03366 0.303 0.404 0.404 0.2356 0.08416 0.0505 0.06733 0.01683 0.01683 0.03366 0.01683 0 0.01683 0 0 0 0 0 0
1 0.01196 0.2512 0.2154 0.3709 0.04786 0.1316 0.05982 0.01196 0.02393 0.02393 0 0.01196 0.01196 0 0 0.01196 0 0 0 0.01196
1 0.0385 0.1155 0.847 0.2117 0.2887 0.09625 0.1925 0.077 0.0385 0.01925 0 0 0 0 0 0 0 0 0 0
1 0.02003 0.3807 0.2404 0.7012 0.2404 0.1603 0.08014 0.0601 0 0 0 0.04007 0 0.04007 0 0.04007 0 0 0 0
1 0.03616 0.2712 0.6509 0.1627 0.3435 0.1085 0.03616 0.05424 0.03616 0.03616 0 0.01808 0.01808 0 0 0.03616 0 0 0 0
1 0.06976 0.3488 0.5581 0.2616 0.157 0.1046 0.05232 0.03488 0.01744 0.05232 0.01744 0 0.03488 0 0 0 0.01744 0 0 0.01744
1 0.01563 0.1563 0.4065 0.3283 0.2345 0.1407 0.1563 0.03127 0.03127 0.0469 0.01563 0 0 0 0 0 0 0 0 0
