 landings-at-age - landings.n (units : NA )
1	2	
2	100	
1	20	
1 
0.02659 0.2984 0.8352 0.6934 0.4839 0.3377 0.2357 0.1644 0.1148 0.08008 0.05589 0.039 0.02722 0.01899 0.01325 0.009249 0.006454 0.004504 0.003143 0.007259
0.002456 0.05216 0.1462 0.1214 0.08475 0.05914 0.04127 0.0288 0.0201 0.01403 0.009787 0.00683 0.004766 0.003326 0.002321 0.00162 0.00113 0.0007888 0.0005504 0.001271
0.004628 0.02758 0.1464 0.1219 0.08515 0.05942 0.04147 0.02894 0.02019 0.01409 0.009834 0.006862 0.004789 0.003342 0.002332 0.001627 0.001136 0.0007925 0.000553 0.001277
0.00221 0.05197 0.07739 0.122 0.08549 0.0597 0.04166 0.02907 0.02029 0.01416 0.00988 0.006895 0.004811 0.003358 0.002343 0.001635 0.001141 0.0007963 0.0005557 0.001283
0.00738 0.02482 0.1458 0.06453 0.08557 0.05994 0.04186 0.02921 0.02038 0.01423 0.009927 0.006927 0.004834 0.003374 0.002354 0.001643 0.001146 8e-04 0.0005583 0.001289
0.00546 0.08287 0.06964 0.1216 0.04525 0.06 0.04203 0.02935 0.02048 0.01429 0.009974 0.00696 0.004857 0.00339 0.002365 0.001651 0.001152 0.0008038 0.0005609 0.001295
0.004512 0.06131 0.2325 0.05807 0.08526 0.03172 0.04207 0.02947 0.02058 0.01436 0.01002 0.006993 0.00488 0.003406 0.002377 0.001658 0.001157 0.0008076 0.0005636 0.001302
0.006153 0.05067 0.172 0.1939 0.04072 0.05978 0.02224 0.0295 0.02066 0.01443 0.01007 0.007026 0.004903 0.003422 0.002388 0.001666 0.001163 0.0008114 0.0005663 0.001308
0.006009 0.06909 0.1422 0.1435 0.1359 0.02855 0.04191 0.0156 0.02068 0.01449 0.01012 0.00706 0.004926 0.003438 0.002399 0.001674 0.001168 0.0008153 0.0005689 0.001314
0.002351 0.06747 0.1939 0.1186 0.1006 0.09532 0.02002 0.02939 0.01093 0.0145 0.01016 0.007093 0.00495 0.003454 0.00241 0.001682 0.001174 0.0008191 0.0005716 0.00132
0.003945 0.0264 0.1893 0.1616 0.08312 0.07052 0.06683 0.01403 0.02061 0.007667 0.01017 0.007121 0.004973 0.003471 0.002422 0.00169 0.001179 0.000823 0.0005743 0.001326
0.005605 0.0443 0.07409 0.1579 0.1133 0.05828 0.04945 0.04686 0.00984 0.01445 0.005375 0.007128 0.004993 0.003487 0.002433 0.001698 0.001185 0.0008269 0.0005771 0.001333
0.008223 0.06294 0.1243 0.06178 0.1107 0.07947 0.04086 0.03467 0.03285 0.0069 0.01013 0.003769 0.004998 0.003501 0.002445 0.001706 0.001191 0.0008308 0.0005798 0.001339
0.001987 0.09233 0.1766 0.1036 0.04332 0.0776 0.05572 0.02865 0.02431 0.02304 0.004838 0.007102 0.002643 0.003504 0.002455 0.001714 0.001196 0.0008348 0.0005825 0.001345
0.002565 0.02231 0.2591 0.1473 0.07267 0.03037 0.05441 0.03907 0.02009 0.01704 0.01615 0.003392 0.00498 0.001853 0.002457 0.001721 0.001202 0.0008387 0.0005853 0.001352
0.003407 0.02881 0.06261 0.216 0.1032 0.05095 0.02129 0.03815 0.02739 0.01408 0.01195 0.01132 0.002378 0.003491 0.001299 0.001723 0.001207 0.0008427 0.0005881 0.001358
0.001757 0.03826 0.08083 0.05221 0.1515 0.07239 0.03572 0.01493 0.02675 0.01921 0.009876 0.008379 0.00794 0.001667 0.002448 0.0009109 0.001208 0.000846 0.0005908 0.001365
0.00187 0.01973 0.1074 0.0674 0.0366 0.1062 0.05076 0.02505 0.01047 0.01876 0.01347 0.006924 0.005875 0.005567 0.001169 0.001716 0.0006386 0.0008469 0.0005932 0.001371
0.009931 0.021 0.05535 0.08952 0.04726 0.02566 0.07446 0.03559 0.01756 0.00734 0.01315 0.009441 0.004855 0.004119 0.003903 0.0008197 0.001203 0.0004478 0.0005938 0.001377
0.004586 0.1115 0.05893 0.04615 0.06276 0.03313 0.01799 0.05221 0.02495 0.01231 0.005146 0.00922 0.00662 0.003404 0.002888 0.002737 0.0005747 0.0008438 0.000314 0.001382
0.00246 0.05149 0.3129 0.04914 0.03236 0.04401 0.02323 0.01262 0.03661 0.0175 0.008634 0.003608 0.006465 0.004641 0.002387 0.002025 0.001919 0.000403 0.0005916 0.001189
0.005691 0.02762 0.1445 0.2609 0.03445 0.02269 0.03086 0.01629 0.008846 0.02567 0.01227 0.006053 0.00253 0.004533 0.003254 0.001673 0.00142 0.001345 0.0002825 0.001249
0.002315 0.0639 0.07751 0.1205 0.1829 0.02416 0.01591 0.02163 0.01142 0.006202 0.018 0.008601 0.004244 0.001774 0.003178 0.002282 0.001173 0.0009955 0.0009433 0.001073
0.006751 0.026 0.1793 0.06464 0.08448 0.1283 0.01694 0.01115 0.01517 0.008008 0.004349 0.01262 0.00603 0.002976 0.001244 0.002228 0.0016 0.0008226 0.000698 0.001414
0.002231 0.07581 0.07294 0.1495 0.04532 0.05923 0.08993 0.01188 0.007821 0.01064 0.005614 0.003049 0.008846 0.004228 0.002087 0.000872 0.001562 0.001122 0.0005768 0.001481
0.005287 0.02505 0.2127 0.06083 0.1048 0.03178 0.04153 0.06306 0.008326 0.005484 0.007457 0.003937 0.002138 0.006203 0.002965 0.001463 0.0006114 0.001095 0.0007865 0.001443
0.002521 0.05936 0.07028 0.1774 0.04265 0.0735 0.02228 0.02912 0.04421 0.005838 0.003845 0.005228 0.00276 0.001499 0.004349 0.002079 0.001026 0.0004287 0.000768 0.001563
0.001997 0.0283 0.1666 0.05861 0.1244 0.0299 0.05153 0.01562 0.02042 0.031 0.004093 0.002696 0.003666 0.001935 0.001051 0.003049 0.001457 0.0007192 0.0003006 0.001634
0.006329 0.02243 0.07941 0.1389 0.04109 0.0872 0.02097 0.03613 0.01095 0.01431 0.02173 0.00287 0.00189 0.00257 0.001357 0.0007369 0.002138 0.001022 0.0005043 0.001357
0.004403 0.07106 0.06293 0.06622 0.09739 0.02881 0.06114 0.0147 0.02533 0.007679 0.01004 0.01524 0.002012 0.001325 0.001802 0.0009514 0.0005167 0.001499 0.0007164 0.001305
0.003078 0.04944 0.1994 0.05247 0.04643 0.06828 0.0202 0.04287 0.01031 0.01776 0.005384 0.007037 0.01068 0.001411 0.0009292 0.001264 0.000667 0.0003623 0.001051 0.001417
0.006929 0.03457 0.1387 0.1663 0.03679 0.03255 0.04788 0.01416 0.03006 0.007227 0.01245 0.003775 0.004934 0.007492 0.0009892 0.0006515 0.0008859 0.0004677 0.000254 0.001731
0.00514 0.0778 0.09699 0.1157 0.1166 0.0258 0.02283 0.03357 0.009931 0.02107 0.005067 0.008732 0.002647 0.003459 0.005253 0.0006936 0.0004568 0.0006212 0.0003279 0.001391
0.009142 0.05772 0.2183 0.08088 0.08111 0.08174 0.01809 0.016 0.02354 0.006963 0.01478 0.003553 0.006122 0.001856 0.002426 0.003683 0.0004863 0.0003203 0.0004355 0.001206
0.004499 0.1026 0.162 0.182 0.05671 0.05687 0.05731 0.01268 0.01122 0.0165 0.004882 0.01036 0.002491 0.004293 0.001301 0.001701 0.002582 0.000341 0.0002246 0.001151
0.0163 0.05052 0.288 0.135 0.1276 0.03976 0.03987 0.04018 0.008891 0.007868 0.01157 0.003423 0.007264 0.001746 0.00301 0.0009124 0.001192 0.001811 0.0002391 0.0009642
0.009243 0.1831 0.1418 0.2402 0.09469 0.08949 0.02788 0.02796 0.02818 0.006234 0.005516 0.008112 0.0024 0.005093 0.001225 0.00211 0.0006397 0.000836 0.001269 0.0008436
0.002716 0.1038 0.5137 0.1182 0.1684 0.06639 0.06274 0.01955 0.0196 0.01975 0.004371 0.003868 0.005688 0.001683 0.003571 0.0008586 0.00148 0.0004485 0.0005862 0.001482
0.005333 0.0305 0.2912 0.4284 0.08288 0.1181 0.04655 0.04399 0.0137 0.01374 0.01385 0.003065 0.002712 0.003988 0.00118 0.002504 0.000602 0.001037 0.0003145 0.00145
0.004926 0.05988 0.08557 0.2428 0.3003 0.05811 0.08279 0.03264 0.03084 0.009609 0.009636 0.009712 0.002149 0.001901 0.002796 0.0008273 0.001755 0.0004221 0.0007274 0.001237
0.00331 0.05531 0.168 0.07136 0.1703 0.2106 0.04074 0.05805 0.02288 0.02163 0.006737 0.006756 0.006809 0.001507 0.001333 0.001961 0.00058 0.001231 0.0002959 0.001377
2.327e-08 4.254e-07 1.777e-06 1.604e-06 5.729e-07 1.367e-06 1.691e-06 3.271e-07 4.66e-07 1.837e-07 1.736e-07 5.409e-08 5.424e-08 5.467e-08 1.21e-08 1.07e-08 1.574e-08 4.657e-09 9.882e-09 1.343e-08
0.01615 0.3371 1.534 1.903 1.445 0.5159 1.231 1.522 0.2946 0.4196 0.1654 0.1564 0.04871 0.04884 0.04923 0.01089 0.009638 0.01417 0.004193 0.021
0.04822 0.3617 1.868 2.509 2.614 1.984 0.7086 1.691 2.091 0.4046 0.5764 0.2272 0.2148 0.0669 0.06709 0.06761 0.01496 0.01324 0.01947 0.0346
0.237 0.8085 1.492 2.26 2.546 2.653 2.014 0.7192 1.716 2.123 0.4107 0.5851 0.2307 0.218 0.06791 0.0681 0.06863 0.01519 0.01344 0.05488
0.2551 3.527 2.942 1.583 2.01 2.264 2.359 1.791 0.6394 1.526 1.887 0.3651 0.5201 0.2051 0.1938 0.06037 0.06054 0.06102 0.0135 0.06074
0.9087 3.554 11.94 2.888 1.3 1.65 1.859 1.937 1.471 0.5251 1.253 1.55 0.2998 0.4272 0.1684 0.1592 0.04958 0.04972 0.05011 0.06097
0.4514 12.13 11.47 11.1 2.243 1.01 1.282 1.444 1.505 1.142 0.4079 0.9734 1.204 0.2329 0.3318 0.1308 0.1236 0.03852 0.03863 0.08629
0.421 5.85 37.78 10.23 8.264 1.67 0.7516 0.9541 1.075 1.12 0.8502 0.3036 0.7244 0.8959 0.1733 0.247 0.09736 0.09201 0.02866 0.09296
0.2592 5.336 17.71 32.56 7.345 5.936 1.199 0.5399 0.6854 0.7721 0.8044 0.6107 0.2181 0.5204 0.6436 0.1245 0.1774 0.06993 0.06609 0.08737
0.6021 3.229 15.79 14.83 22.68 5.118 4.136 0.8356 0.3761 0.4775 0.538 0.5604 0.4255 0.1519 0.3626 0.4484 0.08676 0.1236 0.04873 0.1069
0.3153 7.397 9.366 12.88 10.05 15.38 3.47 2.804 0.5665 0.255 0.3238 0.3648 0.38 0.2885 0.103 0.2458 0.304 0.05882 0.0838 0.1055
0.5277 3.828 21.09 7.461 8.517 6.649 10.17 2.295 1.855 0.3747 0.1687 0.2141 0.2413 0.2513 0.1908 0.06814 0.1626 0.2011 0.03891 0.1252
0.7517 6.346 10.74 16.44 4.823 5.505 4.297 6.575 1.483 1.199 0.2422 0.109 0.1384 0.1559 0.1624 0.1233 0.04404 0.1051 0.13 0.1061
1.551 8.962 17.55 8.205 10.39 3.05 3.481 2.718 4.158 0.9382 0.7582 0.1532 0.06895 0.08754 0.09862 0.1027 0.078 0.02785 0.06646 0.1493
1.227 18.35 24.47 13.15 5.083 6.439 1.889 2.157 1.684 2.576 0.5812 0.4697 0.09489 0.04272 0.05423 0.06109 0.06364 0.04832 0.01725 0.1337
2.389 14.42 49.47 17.99 7.985 3.087 3.91 1.147 1.31 1.022 1.564 0.3529 0.2852 0.05762 0.02594 0.03293 0.0371 0.03865 0.02934 0.09165
1.463 27.91 38.43 35.73 10.72 4.757 1.839 2.329 0.6835 0.7802 0.6091 0.9319 0.2103 0.1699 0.03433 0.01545 0.01962 0.0221 0.02302 0.07208
0.7738 17 73.54 27.28 20.89 6.266 2.781 1.075 1.362 0.3997 0.4562 0.3561 0.5449 0.1229 0.09935 0.02007 0.009036 0.01147 0.01292 0.05561
1.94 8.946 44.32 51.32 15.66 11.99 3.597 1.597 0.6172 0.782 0.2295 0.2619 0.2045 0.3128 0.07058 0.05704 0.01152 0.005188 0.006585 0.03934
0.7753 22.32 23.08 30.42 28.94 8.831 6.764 2.029 0.9006 0.3481 0.441 0.1294 0.1477 0.1153 0.1764 0.03981 0.03217 0.006499 0.002926 0.0259
1.7 8.453 54.47 14.91 16.12 15.34 4.68 3.585 1.075 0.4772 0.1845 0.2337 0.06858 0.07828 0.06111 0.0935 0.02109 0.01705 0.003444 0.01528
0.3349 18.54 20.62 35.18 7.9 8.543 8.129 2.48 1.9 0.5697 0.2529 0.09776 0.1239 0.03634 0.04148 0.03238 0.04955 0.01118 0.009034 0.009921
0.7689 3.651 45.23 13.32 18.64 4.187 4.527 4.308 1.314 1.007 0.3019 0.134 0.05181 0.06563 0.01926 0.02198 0.01716 0.02626 0.005924 0.01005
0.5169 8.382 8.908 29.22 7.059 9.88 2.219 2.399 2.283 0.6965 0.5335 0.16 0.07103 0.02745 0.03478 0.01021 0.01165 0.009094 0.01391 0.008463
2.943 5.636 20.45 5.754 15.48 3.741 5.236 1.176 1.271 1.21 0.3691 0.2827 0.08479 0.03764 0.01455 0.01843 0.005408 0.006174 0.00482 0.01186
0.4366 32.09 13.75 13.21 3.049 8.205 1.983 2.775 0.6231 0.6738 0.6411 0.1956 0.1498 0.04494 0.01995 0.00771 0.009768 0.002866 0.003272 0.008839
0.9516 4.76 78.3 8.882 7.001 1.616 4.348 1.051 1.47 0.3302 0.3571 0.3397 0.1037 0.0794 0.02381 0.01057 0.004086 0.005177 0.001519 0.006418
1.539 10.37 11.61 50.57 4.707 3.71 0.8564 2.304 0.5568 0.7792 0.175 0.1892 0.18 0.05493 0.04208 0.01262 0.005602 0.002165 0.002743 0.004206
0.313 16.77 25.31 7.502 26.8 2.494 1.966 0.4538 1.221 0.2951 0.4129 0.09273 0.1003 0.09541 0.02911 0.0223 0.006688 0.002969 0.001147 0.003683
1.287 3.412 40.92 16.35 3.976 14.2 1.322 1.042 0.2405 0.6471 0.1564 0.2188 0.04914 0.05314 0.05056 0.01543 0.01182 0.003544 0.001573 0.00256
0.6668 14.03 8.326 26.43 8.665 2.107 7.527 0.7005 0.5521 0.1274 0.3429 0.08286 0.116 0.02604 0.02816 0.0268 0.008176 0.006262 0.001878 0.00219
0.4092 7.27 34.23 5.378 14.01 4.592 1.117 3.989 0.3712 0.2926 0.06754 0.1817 0.04391 0.06145 0.0138 0.01492 0.0142 0.004333 0.003318 0.002156
1.397 4.461 17.74 22.11 2.85 7.424 2.433 0.5917 2.114 0.1967 0.1551 0.03579 0.0963 0.02327 0.03257 0.007313 0.007909 0.007525 0.002296 0.002901
0.2871 15.23 10.88 11.46 11.72 1.51 3.934 1.29 0.3136 1.12 0.1043 0.08217 0.01897 0.05104 0.01233 0.01726 0.003876 0.004191 0.003988 0.002754
0.3347 3.13 37.17 7.03 6.072 6.209 0.8003 2.085 0.6834 0.1662 0.5936 0.05525 0.04355 0.01005 0.02705 0.006535 0.009146 0.002054 0.002221 0.003573
1.325 3.648 7.636 24.01 3.726 3.218 3.29 0.4241 1.105 0.3622 0.08806 0.3146 0.02928 0.02308 0.005327 0.01433 0.003463 0.004847 0.001088 0.003071
1.09 14.45 8.902 4.932 12.72 1.974 1.705 1.744 0.2248 0.5855 0.1919 0.04667 0.1667 0.01552 0.01223 0.002823 0.007595 0.001835 0.002569 0.002204
1.421 11.89 35.26 5.75 2.614 6.743 1.046 0.9036 0.924 0.1191 0.3103 0.1017 0.02473 0.08834 0.008222 0.006481 0.001496 0.004025 0.0009726 0.002529
0.8139 15.49 29 22.77 3.047 1.385 3.573 0.5545 0.4789 0.4897 0.06312 0.1644 0.0539 0.01311 0.04682 0.004357 0.003434 0.0007928 0.002133 0.001856
1.03 8.662 36.96 18.33 11.81 1.58 0.7183 1.853 0.2875 0.2483 0.2539 0.03273 0.08527 0.02795 0.006796 0.02428 0.00226 0.001781 0.0004111 0.002069
0.6522 10.97 20.73 23.5 9.565 6.163 0.8246 0.3748 0.967 0.15 0.1296 0.1325 0.01708 0.04449 0.01459 0.003546 0.01267 0.001179 0.0009294 0.001294
0.4975 6.943 26.32 13.25 12.34 5.022 3.236 0.433 0.1968 0.5077 0.07879 0.06804 0.06958 0.008969 0.02336 0.007658 0.001862 0.006652 0.0006191 0.001167
1.644 5.296 16.7 16.92 7.001 6.518 2.653 1.71 0.2288 0.104 0.2682 0.04163 0.03595 0.03676 0.004739 0.01234 0.004046 0.0009838 0.003515 0.0009439
1.376 17.5 12.78 10.8 8.993 3.721 3.465 1.411 0.9088 0.1216 0.05528 0.1426 0.02213 0.01911 0.01954 0.002519 0.006562 0.002151 0.000523 0.00237
2.352 14.65 42.32 8.303 5.774 4.81 1.99 1.853 0.7544 0.4861 0.06504 0.02956 0.07627 0.01183 0.01022 0.01045 0.001347 0.003509 0.00115 0.001547
1.107 25.03 35.53 27.65 4.467 3.107 2.588 1.071 0.9971 0.4059 0.2615 0.03499 0.01591 0.04104 0.006368 0.005499 0.005624 0.0007249 0.001888 0.001452
1.167 11.78 60.85 23.34 14.97 2.418 1.682 1.401 0.5797 0.5398 0.2197 0.1416 0.01894 0.008611 0.02221 0.003447 0.002977 0.003044 0.0003924 0.001808
0.8235 12.42 28.7 40.19 12.71 8.15 1.317 0.9158 0.7628 0.3157 0.2939 0.1197 0.07709 0.01032 0.004689 0.0121 0.001877 0.001621 0.001658 0.001198
0.8303 8.759 30.34 19.05 22.01 6.962 4.464 0.7213 0.5017 0.4178 0.1729 0.161 0.06554 0.04223 0.00565 0.002568 0.006626 0.001028 0.0008879 0.001564
0.9149 8.828 21.45 20.25 10.5 12.13 3.836 2.46 0.3974 0.2764 0.2302 0.09527 0.0887 0.03611 0.02327 0.003113 0.001415 0.003651 0.0005665 0.001351
1.179 9.724 21.67 14.39 11.22 5.817 6.72 2.125 1.363 0.2202 0.1532 0.1276 0.05279 0.04915 0.02001 0.01289 0.001725 0.0007842 0.002023 0.001063
1.351 12.53 23.92 14.61 8.019 6.254 3.242 3.745 1.184 0.7596 0.1227 0.08535 0.07109 0.02942 0.02739 0.01115 0.007185 0.0009613 0.000437 0.00172
2.103 14.35 30.88 16.21 8.187 4.494 3.505 1.817 2.099 0.6638 0.4257 0.06878 0.04783 0.03984 0.01649 0.01535 0.006249 0.004026 0.0005387 0.001209
0.6942 22.31 35.44 21.02 9.133 4.613 2.532 1.975 1.024 1.183 0.374 0.2399 0.03876 0.02695 0.02245 0.009291 0.00865 0.003521 0.002269 0.0009846
0.4709 7.361 55.22 24.25 11.91 5.174 2.614 1.435 1.119 0.58 0.67 0.2119 0.1359 0.02196 0.01527 0.01272 0.005263 0.004901 0.001995 0.001843
0.8958 4.988 18.25 37.96 13.81 6.783 2.947 1.489 0.8171 0.6372 0.3303 0.3816 0.1207 0.07739 0.0125 0.008697 0.007244 0.002998 0.002791 0.002186
0.9452 9.479 12.39 12.6 21.73 7.906 3.883 1.687 0.8521 0.4677 0.3648 0.1891 0.2184 0.06908 0.0443 0.007158 0.004978 0.004147 0.001716 0.002849
1.342 9.991 23.58 8.591 7.249 12.5 4.548 2.234 0.9705 0.4902 0.2691 0.2098 0.1088 0.1257 0.03974 0.02549 0.004118 0.002864 0.002385 0.002626
