Originally  
101 
A 
42	100	
1	1	NA	NA	
1	20	
1 0.0652 0.2445 0.3912 0.2445 0.2934 0.09781 0.0489 0.0652 0.0489 0.0163 0.0326 0.0326 0 0.0163 0 0.0326 0 0 0 0
1 0.01077 0.1616 0.237 0.237 0.14 0.07539 0.09694 0.01077 0.02154 0.02154 0 0.01077 0 0.02154 0 0.02154 0 0 0 0.01077
1 0.06264 0.2756 0.3132 0.2004 0.1503 0.07516 0.03758 0.06264 0.02505 0.02505 0 0 0 0 0.01253 0 0 0.01253 0 0
1 0.02428 0.267 0.4005 0.2428 0.1335 0.06069 0.04855 0.02428 0 0 0 0.01214 0 0 0 0 0 0 0 0
1 0.02132 0.2558 0.3091 0.2558 0.1172 0.07461 0.02132 0 0.01066 0 0 0 0 0 0 0 0 0 0 0
1 0.01271 0.2288 0.4703 0.2669 0.1525 0.05084 0.05084 0 0.01271 0 0.01271 0 0 0 0 0 0 0 0.01271 0
1 0.02049 0.2561 0.2868 0.1844 0.1127 0.04098 0.06147 0.02049 0.01024 0.03073 0 0 0 0 0 0 0 0 0 0
1 0.01126 0.2364 0.349 0.1464 0.1238 0.1126 0.04503 0.02252 0.03377 0.01126 0.01126 0.02252 0 0 0 0 0 0 0 0
1 0.04263 0.2238 0.3197 0.2025 0.1066 0.06395 0.05329 0.03197 0.01066 0 0 0.01066 0 0 0 0 0 0 0 0
1 0.01187 0.2612 0.3324 0.2374 0.1781 0.03562 0.0831 0.02374 0.01187 0.01187 0 0 0 0 0 0 0 0 0 0
1 0.03579 0.1909 0.334 0.2267 0.1551 0.1074 0.05965 0 0.04772 0.01193 0.02386 0 0 0 0 0 0 0 0 0
1 0 0.1749 0.3248 0.1333 0.09994 0.03331 0.03331 0.01666 0.008328 0.008328 0 0 0 0 0 0 0 0 0 0
1 0.0517 0.1655 0.3309 0.1655 0.1965 0.06204 0.01034 0.03102 0.01034 0 0 0 0.01034 0 0 0 0 0 0 0
1 0.03167 0.1663 0.2217 0.1425 0.1188 0.05543 0.01584 0.01584 0.007918 0.007918 0.007918 0 0 0 0 0 0 0 0 0
1 0.01267 0.08238 0.1774 0.1331 0.08872 0.06337 0.01901 0.02535 0.006337 0.02535 0 0 0 0 0 0 0 0 0 0
1 0.008646 0.1556 0.268 0.1988 0.08646 0.06052 0.02594 0.02594 0.02594 0 0 0 0.008646 0 0 0 0 0 0 0
1 0.02573 0.1973 0.2573 0.1715 0.05146 0.09435 0.03431 0.01715 0.008577 0 0 0 0 0 0 0 0 0 0 0
1 0.02155 0.08082 0.167 0.1132 0.05927 0.03772 0.01078 0.01616 0.01616 0.01616 0 0 0 0 0 0 0 0 0 0
1 0.004692 0.08446 0.1455 0.1126 0.05631 0.01877 0.01408 0.01408 0.004692 0.009385 0.004692 0 0 0 0 0 0 0 0 0
1 0.01675 0.1284 0.2066 0.09493 0.03909 0.04467 0.01117 0 0.01117 0 0.005584 0 0 0 0 0 0 0 0 0
1 0.02838 0.1249 0.1192 0.1703 0.05109 0.03406 0.005676 0.02271 0.005676 0 0 0.005676 0 0 0 0 0 0 0 0
1 0.0321 0.1156 0.2183 0.1348 0.05136 0.04494 0.03852 0.006421 0 0 0 0 0 0 0 0 0 0 0 0
1 0.009342 0.0654 0.1168 0.1168 0.06072 0.0327 0.02803 0.02336 0.009342 0 0.004671 0 0 0 0 0 0 0 0 0
1 0.01995 0.0748 0.1845 0.0748 0.05984 0.02992 0.02493 0.01496 0.004987 0.004987 0.004987 0 0 0 0 0 0 0 0 0
1 0.03062 0.06561 0.1225 0.1006 0.06998 0.01312 0.01312 0.004374 0.01312 0.004374 0 0 0 0 0 0 0 0 0 0
1 0.004511 0.06767 0.1534 0.1263 0.05413 0.01353 0 0.01804 0.009022 0 0.004511 0 0 0 0 0 0 0 0 0
1 0.01501 0.05629 0.1163 0.0713 0.03377 0.04128 0.01876 0.01126 0 0 0.003753 0 0.003753 0 0 0.003753 0 0 0 0
1 0.02286 0.07772 0.1006 0.07772 0.06401 0.05944 0.009144 0.02743 0 0.009144 0.004572 0 0 0.004572 0 0 0 0 0 0
1 0.003185 0.03822 0.1147 0.05734 0.04141 0.03185 0.01274 0.006371 0.009556 0.003185 0 0 0 0 0 0 0 0 0 0
1 0.002297 0.04135 0.08499 0.04364 0.01838 0.01378 0.009188 0.006891 0.004594 0.004594 0 0 0 0 0 0 0 0 0 0
1 0.01485 0.05051 0.09804 0.05051 0.02971 0.0208 0.002971 0.008913 0.008913 0.005942 0 0 0.002971 0 0.002971 0 0 0 0 0
1 0.002498 0.04497 0.06246 0.04497 0.03997 0.01999 0.01499 0.009994 0.009994 0 0 0 0 0 0 0 0 0 0 0
1 0.003663 0.0696 0.1209 0.04762 0.03663 0.05128 0.01465 0.01465 0.007326 0 0 0 0 0 0 0 0 0 0 0
1 0.00609 0.02639 0.06902 0.05075 0.03248 0.00203 0.00406 0.00203 0.00203 0.00203 0.00406 0 0 0.00203 0 0 0 0 0 0
1 0.001977 0.03558 0.0593 0.0593 0.03163 0.00593 0.001977 0 0.001977 0 0 0 0 0 0 0 0 0 0 0
1 0.005069 0.02408 0.02408 0.03041 0.01267 0.01394 0.006336 0.002534 0.003801 0.001267 0 0 0.002534 0 0 0 0 0 0 0
1 0.003069 0.02915 0.04603 0.02302 0.02455 0.01074 0.006138 0.006138 0.004603 0 0 0 0 0 0 0 0 0 0 0
1 0.002754 0.0101 0.02386 0.02203 0.0156 0.009178 0.003671 0.0009178 0.0009178 0.0009178 0.0009178 0 0 0.0009178 0 0 0 0 0 0
1 0.001074 0.01397 0.03975 0.01397 0.01612 0.006446 0.003223 0.004298 0.003223 0.002149 0.002149 0.001074 0 0 0 0 0 0 0 0
1 0.004743 0.01107 0.02055 0.01265 0.01186 0.005534 0.007115 0.004743 0.0007905 0 0 0 0 0 0 0 0 0 0 0
1 0.005947 0.01665 0.04401 0.02022 0.009516 0.009516 0.004758 0.003568 0 0.001189 0.001189 0.001189 0.001189 0 0 0 0 0 0 0
1 0.001018 0.01119 0.03257 0.03358 0.01018 0.004071 0.002035 0.003053 0.003053 0 0.001018 0 0 0 0 0 0 0 0 0
1 0.001925 0.0154 0.02791 0.01636 0.01059 0.007699 0.008661 0.002887 0.001925 0.001925 0.0009624 0 0 0 0 0 0 0 0 0
1 0.001038 0.02594 0.03113 0.02075 0.01038 0.005188 0.005188 0.002075 0.001038 0 0 0 0.001038 0 0 0 0 0 0 0
1 0.001553 0.00932 0.02408 0.01631 0.008544 0.0101 0.00233 0.001553 0.001553 0.001553 0.0007767 0 0 0 0 0 0 0 0 0
1 0.001436 0.008136 0.01053 0.01244 0.004786 0.005265 0.001436 0.001436 0.0009572 0.0009572 0.0004786 0 0 0 0 0 0 0 0 0
1 0.001969 0.01378 0.01378 0.01444 0.009187 0.00525 0.003281 0.002625 0.0006562 0 0 0 0 0 0 0 0 0.0006562 0 0
1 0.002357 0.005303 0.01945 0.01414 0.005303 0.005893 0.003536 0.001768 0.001179 0 0 0 0 0 0 0 0 0 0 0
1 0.001865 0.0174 0.01181 0.01181 0.008081 0.004351 0.00373 0 0.001243 0.0006216 0.0006216 0 0 0 0 0 0.0006216 0 0 0
1 0.0006446 0.00419 0.01064 0.007091 0.003868 0.001934 0.002901 0.0006446 0 0.0003223 0 0 0 0 0 0 0 0 0 0
1 0.0004638 0.007885 0.01391 0.01252 0.003247 0.003711 0.002319 0.0009277 0.0004638 0.0004638 0 0.0004638 0 0 0 0 0 0 0 0
1 0.001024 0.006824 0.005801 0.008189 0.006824 0.002388 0.002047 0 0.0003412 0 0.0003412 0 0.0003412 0 0 0 0 0 0 0
1 0.0002947 0.005599 0.007662 0.00884 0.003831 0.001473 0.0005894 0.000884 0.0002947 0 0 0 0 0 0 0 0 0 0 0
1 0 0.008714 0.009959 0.008299 0.00415 0.003735 0.00249 0.00166 0.001245 0.001245 0 0 0 0 0 0 0 0 0 0
1 0.0009771 0.003257 0.008143 0.007817 0.004234 0.004234 0.001303 0.0009771 0 0.0009771 0 0.0003257 0 0 0 0 0.0003257 0 0 0
1 0.001461 0.007669 0.007669 0.007669 0.005843 0.001461 0.001461 0.001096 0.001461 0.0007304 0 0 0 0 0 0 0 0 0 0
1 0.0002404 0.002404 0.009855 0.004807 0.001923 0.002644 0.0007211 0.0002404 0.0004807 0.0002404 0 0.0002404 0 0.0002404 0 0 0 0 0 0
1 0.0002731 0.002322 0.00396 0.002595 0.001775 0.001092 0.0002731 0.0002731 0.0009559 0 0 0 0 0 0 0 0 0 0.0001366 0
1 0.0009498 0.003229 0.006648 0.002659 0.00133 0.0019 0.00152 0.00019 0.0003799 0.00019 0 0 0 0 0 0 0 0 0 0
