 landings-at-age - landings.n (units : NA )
1	2	
42	100	
1	20	
1 
1.001 11.98 29.89 22.67 15.4 11.03 7.704 5.348 3.611 2.376 1.66 1.168 0.8442 0.6679 0.4418 0.306 0.2034 0.1456 0.1122 0.2847
1.293 12.23 32.88 21.97 13.71 9.314 6.673 4.659 3.234 2.184 1.437 1.004 0.7063 0.5105 0.4039 0.2672 0.185 0.123 0.08804 0.24
1.211 12.77 27.27 19.46 10.67 6.661 4.525 3.242 2.263 1.571 1.061 0.6981 0.4875 0.3431 0.248 0.1962 0.1298 0.08989 0.05974 0.1594
1.056 12.93 30.93 17.71 10.4 5.702 3.559 2.417 1.732 1.209 0.8393 0.5667 0.3729 0.2605 0.1833 0.1325 0.1048 0.06934 0.04802 0.1171
1.103 12 33.24 21.35 10.06 5.907 3.239 2.022 1.373 0.9838 0.6869 0.4768 0.3219 0.2119 0.148 0.1041 0.07527 0.05955 0.03939 0.09378
1.092 12.01 29.56 21.91 11.57 5.454 3.203 1.756 1.096 0.7446 0.5334 0.3724 0.2585 0.1745 0.1149 0.08022 0.05646 0.04081 0.03229 0.0722
1.095 12.44 30.85 20.3 12.38 6.537 3.081 1.809 0.9919 0.6191 0.4206 0.3013 0.2104 0.146 0.09859 0.06488 0.04531 0.03189 0.02305 0.05902
1.032 10.89 28.07 18.58 10.05 6.125 3.235 1.524 0.8952 0.4909 0.3064 0.2081 0.1491 0.1041 0.07225 0.04879 0.03211 0.02242 0.01578 0.04061
1.148 12.94 30.73 21.26 11.59 6.266 3.82 2.017 0.9508 0.5583 0.3061 0.1911 0.1298 0.09299 0.06492 0.04506 0.03043 0.02002 0.01399 0.03517
1.157 11.98 30.38 19.14 10.87 5.925 3.204 1.953 1.032 0.4861 0.2855 0.1565 0.0977 0.06637 0.04755 0.0332 0.02304 0.01556 0.01024 0.02514
1.104 13.06 30.36 20.52 10.62 6.031 3.287 1.778 1.084 0.5723 0.2697 0.1584 0.08685 0.05421 0.03682 0.02638 0.01842 0.01278 0.008633 0.01963
1.018 11.5 30.63 18.92 10.5 5.436 3.087 1.682 0.9097 0.5546 0.2929 0.138 0.08106 0.04445 0.02774 0.01884 0.0135 0.009426 0.006543 0.01446
0.9246 10.75 27.46 19.53 9.921 5.504 2.85 1.618 0.8819 0.4769 0.2908 0.1535 0.07236 0.04249 0.0233 0.01454 0.009879 0.007077 0.004941 0.01101
0.974 10.41 27.34 18.7 10.94 5.556 3.082 1.596 0.9062 0.4939 0.2671 0.1628 0.086 0.04053 0.0238 0.01305 0.008145 0.005533 0.003964 0.008935
0.9891 10.89 26.21 18.38 10.33 6.047 3.071 1.704 0.8821 0.5009 0.273 0.1476 0.09001 0.04753 0.0224 0.01315 0.007213 0.004502 0.003058 0.007129
0.885 10.02 24.98 16.04 9.242 5.196 3.04 1.544 0.8567 0.4436 0.2519 0.1373 0.07423 0.04526 0.0239 0.01126 0.006615 0.003627 0.002264 0.005123
1.039 10.89 27.74 18.52 9.791 5.641 3.171 1.856 0.9426 0.5229 0.2707 0.1537 0.08379 0.04531 0.02762 0.01459 0.006875 0.004037 0.002214 0.004508
1.026 10.4 24.59 16.62 9.112 4.816 2.775 1.56 0.9129 0.4636 0.2572 0.1332 0.07562 0.04121 0.02229 0.01359 0.007176 0.003382 0.001986 0.003307
0.8615 11.06 25.39 16.07 8.937 4.899 2.589 1.492 0.8387 0.4908 0.2493 0.1383 0.0716 0.04065 0.02216 0.01198 0.007306 0.003858 0.001818 0.002846
0.9935 10.4 30.02 18.44 9.604 5.341 2.927 1.547 0.8915 0.5012 0.2933 0.149 0.08264 0.04279 0.02429 0.01324 0.00716 0.004366 0.002305 0.002787
0.8971 10.75 25.24 19.31 9.734 5.07 2.819 1.545 0.8169 0.4706 0.2646 0.1548 0.07863 0.04362 0.02259 0.01283 0.00699 0.00378 0.002305 0.002688
0.9099 9.919 26.63 16.59 10.42 5.252 2.735 1.521 0.8337 0.4407 0.2539 0.1427 0.08353 0.04242 0.02354 0.01219 0.006919 0.003771 0.002039 0.002694
0.8419 9.007 22.15 15.78 8.07 5.068 2.555 1.331 0.7399 0.4056 0.2144 0.1235 0.06943 0.04063 0.02064 0.01145 0.005928 0.003366 0.001834 0.002302
0.8213 9.47 22.88 15.06 8.828 4.514 2.835 1.429 0.7442 0.4138 0.2268 0.1199 0.06908 0.03884 0.02272 0.01154 0.006403 0.003315 0.001882 0.002314
0.7701 8.894 23.15 14.94 8.085 4.738 2.423 1.521 0.7669 0.3994 0.2221 0.1217 0.06435 0.03708 0.02084 0.0122 0.006195 0.003437 0.001779 0.002252
0.6843 8.501 22.15 15.41 8.175 4.425 2.593 1.326 0.8327 0.4197 0.2186 0.1216 0.06663 0.03522 0.02029 0.01141 0.006676 0.003391 0.001881 0.002207
0.6301 7.03 19.79 13.78 7.882 4.181 2.263 1.326 0.6781 0.4259 0.2146 0.1118 0.06217 0.03408 0.01801 0.01038 0.005834 0.003414 0.001734 0.00209
0.692 7.727 19.4 14.65 8.398 4.803 2.547 1.379 0.8081 0.4131 0.2595 0.1308 0.06812 0.03788 0.02076 0.01097 0.006323 0.003555 0.00208 0.00233
0.6268 7.15 17.99 12 7.436 4.264 2.438 1.293 0.7001 0.4103 0.2098 0.1317 0.0664 0.03459 0.01923 0.01054 0.005572 0.00321 0.001805 0.002239
0.555 6.363 16.47 11.08 6.073 3.764 2.158 1.234 0.6546 0.3544 0.2077 0.1062 0.06668 0.03361 0.01751 0.009734 0.005336 0.00282 0.001625 0.002047
0.6427 6.508 16.88 11.74 6.503 3.566 2.21 1.267 0.7247 0.3844 0.2081 0.1219 0.06234 0.03915 0.01973 0.01028 0.005716 0.003133 0.001656 0.002156
0.583 6.948 15.9 11.02 6.301 3.49 1.914 1.186 0.6801 0.3889 0.2063 0.1117 0.06544 0.03346 0.02101 0.01059 0.005516 0.003067 0.001681 0.002046
0.5395 6.696 17.97 10.99 6.261 3.581 1.983 1.088 0.6741 0.3865 0.221 0.1172 0.06346 0.03719 0.01901 0.01194 0.006019 0.003135 0.001743 0.002118
0.5304 5.643 15.8 11.29 5.669 3.23 1.848 1.023 0.5612 0.3478 0.1994 0.114 0.06049 0.03274 0.01919 0.009811 0.006162 0.003106 0.001618 0.001993
0.4904 5.52 13.31 9.97 5.856 2.941 1.676 0.9587 0.531 0.2912 0.1805 0.1035 0.05917 0.03139 0.01699 0.009957 0.00509 0.003197 0.001611 0.001873
0.5074 5.476 13.97 9.048 5.579 3.277 1.646 0.9379 0.5364 0.2971 0.1629 0.101 0.0579 0.03311 0.01756 0.009507 0.005571 0.002848 0.001789 0.00195
0.5286 6.058 14.71 10.05 5.354 3.301 1.939 0.9738 0.5549 0.3174 0.1758 0.0964 0.05975 0.03426 0.01959 0.01039 0.005625 0.003296 0.001685 0.002212
0.4807 5.288 13.69 8.843 4.958 2.642 1.629 0.9569 0.4806 0.2739 0.1566 0.08676 0.04757 0.02949 0.01691 0.009668 0.005128 0.002776 0.001627 0.001924
0.4634 5.47 13.59 9.426 5.009 2.808 1.497 0.9227 0.542 0.2722 0.1551 0.08873 0.04914 0.02695 0.0167 0.009576 0.005476 0.002905 0.001572 0.002011
0.4798 5.399 14.3 9.475 5.402 2.871 1.609 0.8577 0.5288 0.3106 0.156 0.08891 0.05085 0.02817 0.01544 0.009572 0.005488 0.003139 0.001665 0.002054
0.4446 4.725 12 8.444 4.59 2.617 1.391 0.7796 0.4155 0.2562 0.1505 0.07558 0.04307 0.02463 0.01364 0.007481 0.004637 0.002659 0.00152 0.001801
0.4416 5.026 12.07 8.212 4.752 2.583 1.473 0.7826 0.4388 0.2338 0.1442 0.08468 0.04254 0.02424 0.01386 0.007679 0.00421 0.00261 0.001496 0.001869
0.477 4.738 12.19 7.817 4.374 2.531 1.376 0.7844 0.4168 0.2337 0.1245 0.07678 0.0451 0.02265 0.01291 0.007383 0.00409 0.002242 0.00139 0.001793
0.4217 5.339 11.97 8.235 4.344 2.431 1.407 0.7645 0.4359 0.2316 0.1299 0.06921 0.04267 0.02506 0.01259 0.007174 0.004103 0.002273 0.001246 0.001769
0.3937 4.315 12.38 7.419 4.195 2.213 1.238 0.7166 0.3895 0.2221 0.118 0.06616 0.03526 0.02174 0.01277 0.006414 0.003655 0.00209 0.001158 0.001536
0.3835 4.425 10.99 8.473 4.179 2.363 1.247 0.6975 0.4037 0.2194 0.1251 0.06647 0.03727 0.01986 0.01225 0.007193 0.003613 0.002059 0.001178 0.001517
0.4064 4.445 11.56 7.69 4.878 2.406 1.361 0.7178 0.4016 0.2324 0.1263 0.07202 0.03827 0.02146 0.01143 0.00705 0.004141 0.00208 0.001185 0.001552
0.4322 4.523 11.12 7.702 4.208 2.669 1.317 0.7445 0.3928 0.2197 0.1272 0.06912 0.03941 0.02094 0.01174 0.006257 0.003858 0.002266 0.001138 0.001498
0.4439 4.767 11.2 7.316 4.161 2.273 1.442 0.7112 0.4022 0.2122 0.1187 0.0687 0.03734 0.02129 0.01131 0.006343 0.00338 0.002084 0.001224 0.001424
0.3548 4.335 10.53 6.581 3.53 2.008 1.097 0.6957 0.3432 0.1941 0.1024 0.05728 0.03315 0.01802 0.01027 0.005458 0.00306 0.001631 0.001006 0.001278
0.3952 4.358 11.98 7.806 4.014 2.153 1.224 0.669 0.4243 0.2093 0.1184 0.06244 0.03493 0.02022 0.01099 0.006266 0.003329 0.001867 0.0009948 0.001393
0.3804 4.193 10.39 7.582 4.055 2.085 1.118 0.6361 0.3475 0.2204 0.1087 0.06149 0.03244 0.01815 0.0105 0.005708 0.003255 0.001729 0.0009696 0.00124
0.3952 4.216 10.44 6.883 4.125 2.206 1.135 0.6085 0.3461 0.1891 0.1199 0.05915 0.03345 0.01765 0.009874 0.005714 0.003106 0.001771 0.0009409 0.001202
0.354 3.978 9.587 6.317 3.42 2.049 1.096 0.5637 0.3023 0.1719 0.09394 0.05958 0.02939 0.01662 0.008768 0.004905 0.002839 0.001543 0.0008798 0.001065
0.3392 3.84 9.776 6.318 3.425 1.854 1.111 0.5943 0.3056 0.1639 0.09322 0.05093 0.0323 0.01593 0.009011 0.004754 0.00266 0.001539 0.0008366 0.001054
0.3415 3.901 9.972 6.806 3.619 1.962 1.062 0.6366 0.3405 0.1751 0.0939 0.0534 0.02918 0.01851 0.009128 0.005162 0.002723 0.001524 0.0008817 0.001083
0.3318 3.835 9.857 6.721 3.77 2.005 1.087 0.5884 0.3526 0.1886 0.09698 0.05201 0.02958 0.01616 0.01025 0.005057 0.00286 0.001509 0.000844 0.001088
0.2875 3.426 8.94 6.119 3.427 1.922 1.022 0.5541 0.3 0.1798 0.09615 0.04944 0.02652 0.01508 0.00824 0.005227 0.002578 0.001458 0.0007691 0.0009853
0.3088 3.426 9.171 6.396 3.6 2.016 1.131 0.6014 0.326 0.1765 0.1058 0.05657 0.02909 0.0156 0.008873 0.004848 0.003075 0.001517 0.0008578 0.001032
