Originally  
101 
A 
42	100	
1	1	NA	NA	
1	20	
1 0.07123 0.1425 0.3419 0.1994 0.1425 0.1567 0.1282 0.07123 0.05698 0.04274 0 0.04274 0 0 0 0 0 0.01425 0 0.01425
1 0.04341 0.08682 0.3147 0.2496 0.09767 0.05426 0.04341 0.06511 0.07597 0.03256 0 0 0.01085 0.01085 0 0 0 0 0 0
1 0.05972 0.2389 0.3882 0.224 0.209 0.1344 0.05972 0.07465 0.02986 0.01493 0.01493 0.02986 0 0 0.01493 0 0 0 0 0
1 0.008522 0.1619 0.3153 0.1449 0.1023 0.03409 0.03409 0.01704 0.008522 0.008522 0 0 0 0 0 0 0 0 0.01704 0
1 0.04491 0.2246 0.4379 0.247 0.08983 0.04491 0.01123 0 0.02246 0 0 0 0 0 0 0 0 0 0 0
1 0.05228 0.2352 0.4313 0.2222 0.1568 0.06534 0.06534 0.01307 0.01307 0.02614 0 0 0.01307 0 0 0 0.01307 0 0 0
1 0.009704 0.2135 0.3202 0.1844 0.07763 0.05822 0.06793 0.02911 0.009704 0 0 0 0 0 0 0 0 0 0 0
1 0.02881 0.144 0.3649 0.2208 0.1056 0.02881 0.04801 0 0.009602 0 0.009602 0 0 0 0 0 0 0 0 0
1 0.04464 0.1786 0.3348 0.2344 0.1451 0.0558 0.03348 0.07812 0 0 0 0.01116 0 0 0 0 0 0 0 0
1 0.03243 0.2054 0.3784 0.2054 0.1297 0.04325 0.06487 0.01081 0 0 0 0.01081 0 0 0 0 0 0 0 0
1 0.05822 0.2678 0.2911 0.2445 0.1281 0.09315 0.01164 0.03493 0 0.01164 0.02329 0 0 0 0 0 0 0 0 0
1 0.03727 0.236 0.4348 0.2981 0.1118 0.04969 0.04969 0.01242 0.01242 0 0 0 0 0 0 0 0 0 0 0
1 0.05161 0.2064 0.3097 0.3484 0.1935 0.06451 0.09032 0 0 0 0.0129 0 0.0129 0 0 0 0 0 0 0
1 0.04084 0.2042 0.2655 0.2348 0.1736 0.02042 0.05105 0.03063 0 0 0 0 0 0 0 0 0 0 0 0
1 0.02518 0.1763 0.2602 0.1763 0.1259 0.04197 0.02518 0.008393 0 0 0 0 0 0 0 0 0 0 0 0
1 0.02739 0.1918 0.3105 0.2374 0.03652 0 0.05479 0.04566 0.009131 0 0 0 0 0 0 0 0 0 0 0
1 0.06197 0.1652 0.2995 0.1962 0.1446 0.08262 0.05164 0.02066 0.01033 0 0 0 0 0 0 0 0 0 0 0
1 0.06321 0.2107 0.295 0.1791 0.1054 0.06321 0.03161 0.06321 0.02107 0 0 0.01054 0 0.01054 0 0 0 0 0 0
1 0.02855 0.09279 0.2141 0.1927 0.07138 0.07138 0 0.02855 0.01428 0 0 0 0 0 0 0 0 0 0 0
1 0.03311 0.1241 0.2814 0.1655 0.07449 0.05793 0.04966 0.03311 0 0 0.008276 0 0 0 0 0 0 0 0 0
1 0.02782 0.1252 0.2295 0.09736 0.09736 0.07649 0.02086 0.01391 0.006954 0 0 0 0 0 0 0 0 0 0 0
1 0.02751 0.1651 0.2935 0.2201 0.08253 0.05502 0.00917 0.04585 0.00917 0.00917 0 0 0 0 0 0 0 0 0 0
1 0.02226 0.1484 0.1632 0.141 0.08904 0.08904 0.04452 0.02226 0.00742 0.00742 0.00742 0 0 0 0 0 0 0 0 0
1 0 0.1682 0.2733 0.1051 0.0841 0.03504 0.01402 0.02103 0 0 0 0 0 0 0 0 0 0 0 0
1 0.04761 0.3095 0.3333 0.2499 0.1309 0.04761 0.05951 0.0119 0 0 0 0 0 0 0 0 0 0 0 0
1 0.06473 0.1664 0.3236 0.1572 0.1295 0.03699 0.02774 0 0.009247 0 0 0.009247 0 0 0 0 0 0 0 0
1 0.01922 0.0833 0.2243 0.1538 0.07689 0.05126 0.01922 0.01282 0 0 0 0 0 0 0 0 0 0 0 0
1 0.03147 0.1731 0.181 0.1574 0.1259 0.07081 0.03147 0.01574 0 0 0 0 0 0 0 0 0 0 0 0
1 0.006328 0.1076 0.2341 0.1139 0.07593 0.03164 0.01266 0.02531 0.006328 0.01266 0 0.006328 0 0 0 0 0 0 0 0
1 0.01245 0.1183 0.1432 0.1681 0.05603 0.0498 0.03735 0.0249 0.006225 0 0.006225 0 0 0 0 0 0 0 0 0
1 0.02805 0.08414 0.2734 0.1402 0.09115 0.02805 0.03506 0.01402 0 0.007011 0 0 0 0 0 0 0 0 0 0
1 0.01028 0.08737 0.1902 0.08223 0.05139 0.06167 0.01542 0.01028 0.005139 0 0 0 0 0 0 0 0 0 0 0
1 0.01624 0.1056 0.2599 0.1462 0.1299 0.05685 0.01624 0.02436 0.02436 0.02436 0.008121 0 0 0 0 0 0 0 0 0
1 0.02959 0.1184 0.1923 0.1702 0.1036 0.05178 0.03699 0.007398 0.02219 0 0 0 0.007398 0 0 0 0 0 0 0
1 0.009015 0.07212 0.1488 0.08565 0.0586 0.04057 0.01352 0.004508 0.004508 0.004508 0.004508 0.004508 0 0 0 0 0 0 0 0
1 0.005318 0.1542 0.1489 0.07976 0.04786 0.03191 0.02127 0.01595 0.01064 0.01064 0 0 0.005318 0 0 0 0 0 0 0
1 0.009541 0.1002 0.1336 0.06202 0.0811 0.02862 0.02862 0.02385 0 0.004771 0.004771 0 0 0 0 0 0 0 0 0
1 0.01091 0.09273 0.1964 0.08182 0.09273 0.03273 0.02182 0.01636 0 0 0 0 0 0 0 0 0 0 0 0
1 0.01679 0.05876 0.1007 0.09233 0.05456 0.05876 0.02099 0.008394 0.004197 0.004197 0 0 0 0 0 0 0 0 0 0
1 0.0211 0.1618 0.2532 0.1196 0.1125 0.0211 0.007033 0 0 0 0 0.007033 0 0 0 0 0 0 0 0
1 0.00396 0.07128 0.1426 0.06336 0.04752 0.02376 0.03168 0.00396 0.00396 0.00396 0 0 0 0 0 0 0 0 0 0
1 0.02856 0.06936 0.1265 0.06528 0.08568 0.00408 0.00816 0.01224 0 0.00408 0.00408 0 0 0 0 0 0 0 0 0
1 0.005217 0.09912 0.1722 0.1096 0.05217 0.04695 0.02608 0.005217 0 0 0.005217 0 0 0 0 0 0 0 0 0
1 0.01681 0.08407 0.1387 0.07566 0.04624 0.01681 0.02943 0.004204 0 0.004204 0 0.004204 0 0 0 0 0 0 0 0
1 0.01298 0.04869 0.1331 0.0422 0.0422 0.01298 0.01948 0.006492 0.006492 0 0 0 0 0 0 0 0 0 0 0
1 0.00329 0.09541 0.09541 0.0658 0.0329 0.01645 0.00329 0.00329 0.00329 0.00658 0 0 0.00329 0 0 0 0 0 0 0
1 0.008755 0.08317 0.1445 0.1007 0.04378 0.0394 0.008755 0.004378 0.004378 0 0 0 0 0 0 0 0 0 0 0
1 0.01648 0.1113 0.09478 0.08653 0.04121 0.02472 0.01648 0.008241 0 0.004121 0.004121 0 0 0 0 0 0.004121 0 0 0
1 0.01975 0.07506 0.1146 0.1067 0.02766 0.0158 0.0158 0.01185 0.003951 0 0.003951 0 0 0 0 0 0 0 0 0
1 0.01959 0.1175 0.1126 0.07834 0.04407 0.04896 0.01959 0.01469 0.01469 0 0.01469 0.004896 0 0 0 0 0 0 0 0
1 0.01811 0.09506 0.1358 0.09506 0.03621 0.03169 0.01811 0.01358 0.004527 0 0 0 0 0.004527 0 0 0 0 0 0
1 0.01028 0.05826 0.1199 0.06169 0.02056 0.03427 0.02056 0 0.01028 0.003427 0.003427 0 0 0 0 0 0 0 0 0
1 0.01073 0.06796 0.093 0.06796 0.03577 0.03935 0.01788 0.007154 0.007154 0.003577 0.007154 0 0 0 0 0 0 0 0 0
1 0.0161 0.09661 0.1328 0.06843 0.02415 0.02818 0.02013 0.008051 0.004025 0 0.004025 0 0 0 0 0 0 0 0 0
1 0.003614 0.06144 0.1193 0.09397 0.04337 0.01084 0.01084 0.01446 0 0 0.003614 0 0 0 0 0 0 0 0 0
1 0.006545 0.04581 0.1407 0.05236 0.03272 0.01963 0.009817 0.003272 0.009817 0.003272 0.003272 0 0 0 0 0 0 0 0 0
1 0.003145 0.05346 0.09435 0.09435 0.03145 0.02201 0.003145 0.00629 0 0 0.003145 0 0.003145 0 0 0 0 0 0 0
1 0.009589 0.05274 0.06952 0.04795 0.03596 0.01678 0.002397 0 0 0 0.004795 0 0 0 0 0 0 0 0 0
1 0.01272 0.09329 0.1357 0.08057 0.06361 0.01272 0.01696 0.00424 0 0 0 0.00424 0 0 0 0 0 0 0 0
