Originally  
101 
A 
2	100	
1	1	NA	NA	
1	20	
1 502.7 307.2 153.6 97.76 83.79 83.79 55.86 41.9 13.97 27.93 0 13.97 13.97 0 0 0 0 0 0 0
1 374.7 208.2 152.7 222.1 180.4 55.51 55.51 41.64 27.76 0 27.76 0 13.88 13.88 0 0 13.88 0 0 0
1 545.7 256.8 337 96.29 96.29 48.15 64.19 48.15 32.1 32.1 32.1 0 16.05 0 0 0 0 0 0 0
1 479.8 377 222.8 188.5 120 137.1 85.69 51.41 17.14 34.27 0 0 0 0 0 0 0 0 0 0
1 414 267.1 187 160.3 133.5 26.71 53.42 13.35 13.35 26.71 13.35 13.35 0 0 13.35 0 0 0 0 0
1 278.1 417.2 189.6 139.1 75.86 63.21 75.86 0 0 12.64 0 12.64 0 0 0 0 0 0 0 0
1 330.7 245.4 149.4 64.01 74.68 32.01 74.68 21.34 32.01 21.34 0 10.67 10.67 0 0 0 0 0 0 0
1 343.5 325.4 235 217 108.5 217 90.4 72.32 72.32 18.08 36.16 18.08 36.16 0 18.08 0 0 0 0 0
1 429.3 236.9 384.9 133.2 59.22 148 29.61 14.8 0 0 29.61 0 0 14.8 0 0 0 0 0 0
1 381.3 173.3 161.7 104 69.32 69.32 46.21 46.21 23.11 11.55 34.66 11.55 11.55 0 11.55 0 0 0 0 0
1 283.9 133.1 106.4 70.97 115.3 35.48 62.1 17.74 17.74 0 8.871 8.871 17.74 0 0 0 8.871 0 0 0
1 341.3 156.8 92.24 73.79 110.7 36.89 27.67 46.12 9.224 27.67 0 0 0 0 0 0 0 0 0 0
1 380 218.5 123.5 85.5 28.5 19 57 19 0 0 19 0 0 0 0 0 0 0 0 0
1 301.1 205.3 205.3 123.2 109.5 109.5 95.79 68.42 68.42 13.68 54.74 0 0 0 0 0 0 0 0 13.68
1 266.7 100.9 122.5 93.71 21.63 36.04 28.83 0 14.42 0 7.209 0 14.42 7.209 0 0 0 7.209 0 0
1 241.7 251 158 74.37 46.48 37.18 46.48 9.296 18.59 9.296 9.296 18.59 0 9.296 0 0 0 0 0 0
1 223 245.3 178.4 234.2 44.6 66.91 66.91 11.15 22.3 0 11.15 0 11.15 0 0 0 0 0 0 0
1 287.9 228.4 119.1 109.2 69.5 99.29 19.86 9.929 19.86 9.929 0 0 0 0 9.929 0 0 0 9.929 0
1 344.7 237 161.6 64.63 107.7 32.31 21.54 10.77 21.54 21.54 21.54 21.54 0 10.77 0 0 0 0 0 0
1 332.5 309.6 160.5 137.6 57.33 57.33 22.93 22.93 0 0 11.47 0 0 11.47 11.47 11.47 0 0 0 0
1 234.5 244.7 183.5 112.2 91.77 20.39 81.57 10.2 0 0 20.39 10.2 10.2 0 0 0 0 0 0 0
1 498.6 272 211.5 181.3 75.55 75.55 105.8 0 30.22 15.11 15.11 0 0 0 15.11 0 0 0 0 15.11
1 295.7 143.1 248 76.31 95.39 57.24 9.539 9.539 9.539 0 0 9.539 0 0 0 0 0 0 0 0
1 289.1 370 138.8 115.6 104.1 23.13 46.25 0 34.69 23.13 11.56 0 0 0 0 0 0 0 0 0
1 447.2 572.4 214.6 178.9 143.1 53.66 53.66 17.89 35.77 35.77 17.89 0 0 17.89 0 0 0 0 0 0
1 326.9 280.2 198.5 128.4 58.37 46.7 35.02 23.35 46.7 0 11.67 11.67 0 0 0 0 0 0 0 0
1 458.8 335.3 300 158.8 123.5 52.94 123.5 70.58 52.94 17.65 35.29 17.65 17.65 0 0 0 0 0 0 0
1 266.9 291.2 169.9 121.3 72.8 145.6 36.4 72.8 12.13 12.13 0 12.13 0 0 0 0 0 0 0 0
1 267.8 279.5 209.6 93.15 93.15 58.22 93.15 46.58 11.64 0 0 11.64 0 0 0 0 0 0 0 0
1 870.5 297.2 254.8 254.8 63.7 84.93 169.9 63.7 42.46 0 0 0 21.23 0 0 0 0 0 0 0
1 397.4 344.4 251.7 92.73 66.24 92.73 52.99 0 0 0 0 0 0 13.25 0 0 13.25 0 0 0
1 344.7 226.2 161.6 107.7 53.87 32.32 43.09 0 43.09 21.55 32.32 0 0 0 0 0 0 0 0 10.77
1 530.7 424.6 194.6 123.8 212.3 141.5 35.38 35.38 0 35.38 0 0 0 17.69 17.69 0 0 0 0 0
1 499.9 271.4 228.5 114.3 99.98 42.85 42.85 71.42 28.57 14.28 14.28 0 0 0 0 0 0 0 0 0
1 329.6 181.8 215.9 147.7 102.3 45.46 22.73 68.19 11.36 0 11.36 0 0 0 0 0 0 0 0 0
1 348.2 375 147.3 174.1 53.58 80.37 53.58 13.39 40.18 13.39 13.39 13.39 13.39 0 0 0 0 0 0 0
1 291.7 245 198.4 105 116.7 70.01 35.01 46.67 35.01 0 0 0 0 11.67 0 0 0 0 0 11.67
1 334.3 238.8 203 107.5 95.52 59.7 59.7 0 35.82 11.94 23.88 0 0 0 23.88 0 0 0 0 0
1 492.5 323.2 169.3 123.1 123.1 123.1 15.39 15.39 30.78 46.17 0 46.17 0 15.39 0 0 0 15.39 0 0
1 254.1 320.4 209.9 55.24 88.39 77.34 33.15 11.05 33.15 11.05 0 11.05 0 0 0 0 0 0 0 0
1 441.6 245.3 171.7 134.9 98.14 49.07 12.27 61.34 0 0 0 0 0 0 0 0 12.27 0 0 0
1 429.2 379.6 231.1 181.6 115.5 82.53 66.02 33.01 16.51 49.52 16.51 33.01 0 0 0 0 0 0 0 16.51
1 207.4 177.8 138.3 158 148.1 59.25 39.5 9.876 19.75 0 0 0 9.876 0 0 19.75 0 0 0 0
1 691.8 150.4 210.6 105.3 135.4 30.08 75.2 0 0 0 15.04 60.16 0 15.04 15.04 0 0 0 0 0
1 288.4 201.9 115.4 115.4 96.14 48.07 9.614 48.07 0 9.614 9.614 9.614 0 9.614 0 0 0 0 0 0
1 383.1 191.5 179.6 107.7 59.85 119.7 47.88 23.94 35.91 11.97 0 11.97 11.97 0 11.97 0 0 0 0 0
1 423.2 211.6 248.9 99.58 62.24 74.68 24.89 24.89 49.79 12.45 12.45 0 0 0 0 0 0 0 0 0
1 302.5 250.3 177.3 83.44 114.7 20.86 10.43 62.58 10.43 0 0 10.43 0 0 0 0 0 0 0 0
1 286.2 266.4 177.6 98.68 69.08 49.34 19.74 9.868 0 0 0 9.868 0 0 0 0 0 0 0 0
1 253.9 234.3 146.5 136.7 58.59 29.29 39.06 19.53 29.29 19.53 9.764 0 0 0 0 0 0 0 0 0
1 401.4 221.5 249.2 138.4 83.06 96.9 69.22 13.84 69.22 13.84 0 0 13.84 0 0 0 0 0 0 13.84
1 554 260.7 342.2 162.9 97.76 65.17 16.29 81.47 16.29 0 16.29 0 16.29 0 0 0 0 0 0 0
1 379.2 209.6 179.6 79.84 29.94 69.86 39.92 0 0 0 9.98 0 0 0 0 0 0 0 0 0
1 478.8 273.6 150.5 177.8 68.4 41.04 54.72 27.36 0 27.36 0 27.36 13.68 13.68 13.68 0 0 0 0 0
1 423.9 291.4 198.7 132.5 79.48 52.99 13.25 39.74 13.25 39.74 0 39.74 0 0 0 0 0 0 0 0
1 348.8 169.9 143.1 89.43 44.71 35.77 53.66 0 0 0 0 8.943 0 0 0 0 0 0 0 0
1 386.6 335.1 219.1 116 116 64.44 0 0 25.78 0 12.89 0 0 12.89 0 0 0 0 0 0
1 438.6 287.8 274.1 150.8 41.11 68.52 54.82 13.7 0 13.7 13.7 0 0 0 13.7 0 0 0 0 0
1 534.5 309.5 182.9 196.9 84.4 28.13 28.13 14.07 28.13 0 0 0 0 0 0 0 0 0 0 0
1 818.5 379.3 399.3 159.7 19.96 119.8 39.93 39.93 0 19.96 0 0 0 0 0 0 0 0 0 0
1 377.8 363.3 247 145.3 145.3 58.12 87.19 0 0 0 14.53 0 0 14.53 0 0 0 0 0 0
1 351.1 292.6 163.9 187.3 93.64 35.11 11.7 0 11.7 23.41 0 0 0 0 0 0 0 0 0 0
1 263.8 364.3 226.1 75.37 125.6 50.24 25.12 25.12 0 37.68 12.56 25.12 12.56 12.56 0 0 0 0 0 0
1 418 253.3 253.3 139.3 63.33 63.33 12.67 50.67 12.67 0 0 0 0 0 0 0 0 0 0 0
1 533.4 366.7 300.1 166.7 66.68 83.35 50.01 16.67 33.34 16.67 16.67 0 0 16.67 0 0 0 0 0 0
1 531.7 288.6 182.3 212.7 91.14 91.14 75.95 15.19 15.19 15.19 0 0 0 0 0 0 0 0 0 0
1 534.7 465.7 189.7 103.5 138 103.5 34.5 86.24 17.25 0 34.5 17.25 0 0 0 0 0 0 0 0
1 265.4 183 137.3 128.1 54.91 73.21 18.3 27.46 0 9.152 0 0 0 18.3 0 0 0 0 0 0
1 231.7 294.9 136.9 158 73.72 94.79 10.53 31.6 10.53 0 0 0 0 10.53 0 0 0 0 0 0
1 393.6 348.6 134.9 56.23 78.72 44.98 22.49 11.25 11.25 0 11.25 0 11.25 0 0 0 0 0 0 0
1 251.1 192.5 142.3 50.22 108.8 41.85 16.74 16.74 0 0 0 8.37 0 0 0 0 8.37 0 0 0
1 399.1 330.3 247.7 110.1 96.34 41.29 55.05 41.29 0 41.29 0 0 13.76 0 0 0 0 0 0 0
1 493.6 493.6 303.8 227.8 132.9 113.9 18.99 0 56.96 37.97 18.99 0 0 0 0 0 0 0 0 0
1 637.8 386.5 328.6 135.3 173.9 57.98 116 57.98 19.33 0 0 0 0 0 0 0 0 0 19.33 0
1 466.5 353.4 183.8 98.95 84.81 98.95 56.54 28.27 28.27 0 14.14 0 0 0 0 0 0 0 0 0
1 489.6 332.2 174.9 279.8 209.8 87.43 69.94 34.97 17.49 0 17.49 0 17.49 0 0 17.49 0 0 0 0
1 466.5 499.8 316.5 116.6 83.3 49.98 49.98 33.32 16.66 33.32 0 0 0 0 0 0 0 0 0 0
1 349 272.6 185.4 98.15 87.24 21.81 32.72 21.81 10.91 0 10.91 0 0 0 0 0 0 0 0 0
1 498.7 289.5 241.3 112.6 176.9 96.52 80.43 16.09 32.17 32.17 16.09 0 16.09 0 0 0 0 0 0 0
1 503.4 305.1 228.8 183.1 76.28 61.02 15.26 30.51 30.51 15.26 61.02 0 15.26 0 0 0 0 0 0 0
1 292.7 165.9 126.9 126.9 68.31 97.58 29.27 19.52 29.27 9.758 0 0 0 9.758 0 0 0 0 0 0
1 531.4 381.9 166.1 166.1 83.03 83.03 132.8 0 83.03 16.61 0 0 0 0 16.61 0 0 0 0 0
1 357.4 230.6 230.6 149.9 46.12 80.71 23.06 11.53 23.06 0 0 0 0 0 0 0 0 0 0 0
1 227.3 284.1 151.5 104.2 75.76 18.94 28.41 9.47 18.94 0 18.94 0 0 9.47 0 0 0 0 0 0
1 519.1 346.1 298.9 157.3 78.66 31.46 94.39 47.19 0 0 0 0 0 0 0 0 0 0 0 0
1 719 554.6 287.6 205.4 41.08 82.17 61.62 41.08 41.08 0 20.54 0 0 0 0 0 0 0 0 0
1 393.2 393.2 298.9 188.8 62.92 94.38 78.65 15.73 15.73 15.73 15.73 0 0 0 0 0 0 0 0 0
1 531.6 484.7 187.6 125.1 93.8 46.9 15.63 31.27 15.63 31.27 0 0 0 0 0 0 0 0 0 0
1 678.6 349.6 411.3 143.9 205.6 61.69 41.13 102.8 0 0 41.13 0 0 0 0 0 0 0 0 20.56
1 383.6 356.2 315.1 95.89 27.4 82.19 54.79 13.7 0 27.4 0 0 13.7 0 0 0 0 0 0 0
1 490.6 257.6 134.9 134.9 24.53 110.4 49.06 12.26 0 12.26 0 0 0 0 0 0 0 0 0 0
1 384.1 428.4 310.2 147.7 88.63 29.54 59.09 14.77 0 0 0 0 0 0 14.77 0 0 0 0 0
1 504.6 293 390.7 195.3 114 32.56 32.56 32.56 0 0 0 16.28 0 0 0 0 0 16.28 0 0
1 346.2 309.1 197.8 148.4 111.3 61.82 24.73 0 0 12.36 0 12.36 0 12.36 0 0 0 0 0 0
1 347 419.3 159 188 86.75 72.29 86.75 43.37 28.92 0 0 0 0 14.46 0 0 0 0 0 0
1 387.3 280.5 253.7 66.78 187 93.49 40.07 13.36 0 0 0 0 13.36 0 0 0 0 0 0 0
1 700.3 350.2 294.9 129 129 92.15 36.86 36.86 36.86 0 18.43 18.43 0 0 0 0 0 0 0 0
1 470.1 396.6 191 73.45 102.8 88.14 29.38 44.07 29.38 29.38 0 0 14.69 0 0 0 0 0 0 0
1 730.8 601.8 322.4 171.9 42.99 85.97 42.99 129 0 0 0 0 0 0 0 21.49 0 0 0 0
