 landings-at-age - landings.n (units : NA )
1	2	
2	100	
1	20	
1 
0.02659 0.2984 0.8352 0.6934 0.4839 0.3377 0.2357 0.1644 0.1148 0.08008 0.05589 0.039 0.02722 0.01899 0.01325 0.009249 0.006454 0.004504 0.003143 0.007259
0.003059 0.05216 0.1462 0.1214 0.08475 0.05914 0.04127 0.0288 0.0201 0.01403 0.009787 0.00683 0.004766 0.003326 0.002321 0.00162 0.00113 0.0007888 0.0005504 0.001271
0.005749 0.03435 0.1464 0.1219 0.08515 0.05942 0.04147 0.02894 0.02019 0.01409 0.009834 0.006862 0.004789 0.003342 0.002332 0.001627 0.001136 0.0007925 0.000553 0.001277
0.00442 0.06456 0.09638 0.122 0.08549 0.0597 0.04166 0.02907 0.02029 0.01416 0.00988 0.006895 0.004811 0.003358 0.002343 0.001635 0.001141 0.0007963 0.0005557 0.001283
0.004132 0.04963 0.1811 0.08037 0.08557 0.05994 0.04186 0.02921 0.02038 0.01423 0.009927 0.006927 0.004834 0.003374 0.002354 0.001643 0.001146 8e-04 0.0005583 0.001289
0.005334 0.04639 0.1393 0.1511 0.05635 0.06 0.04203 0.02935 0.02048 0.01429 0.009974 0.00696 0.004857 0.00339 0.002365 0.001651 0.001152 0.0008038 0.0005609 0.001295
0.002792 0.05989 0.1302 0.1161 0.1059 0.03951 0.04207 0.02947 0.02058 0.01436 0.01002 0.006993 0.00488 0.003406 0.002377 0.001658 0.001157 0.0008076 0.0005636 0.001302
0.008026 0.03135 0.168 0.1085 0.08142 0.07426 0.0277 0.0295 0.02066 0.01443 0.01007 0.007026 0.004903 0.003422 0.002388 0.001666 0.001163 0.0008114 0.0005663 0.001308
0.00267 0.09011 0.08796 0.1401 0.07611 0.05709 0.05207 0.01942 0.02068 0.01449 0.01012 0.00706 0.004926 0.003438 0.002399 0.001674 0.001168 0.0008153 0.0005689 0.001314
0.007713 0.02998 0.2529 0.07335 0.09825 0.05336 0.04003 0.03651 0.01362 0.0145 0.01016 0.007093 0.00495 0.003454 0.00241 0.001682 0.001174 0.0008191 0.0005716 0.00132
0.005225 0.08661 0.08414 0.2109 0.05143 0.06889 0.03741 0.02806 0.0256 0.009549 0.01017 0.007121 0.004973 0.003471 0.002422 0.00169 0.001179 0.000823 0.0005743 0.001326
0.0112 0.05867 0.243 0.07016 0.1478 0.03606 0.0483 0.02623 0.01968 0.01795 0.006695 0.007128 0.004993 0.003487 0.002433 0.001698 0.001185 0.0008269 0.0005771 0.001333
0.007028 0.1258 0.1646 0.2026 0.04919 0.1037 0.02528 0.03387 0.01839 0.0138 0.01258 0.004694 0.004998 0.003501 0.002445 0.001706 0.001191 0.0008308 0.0005798 0.001339
0.00286 0.07891 0.3529 0.1373 0.1421 0.03449 0.07268 0.01773 0.02374 0.0129 0.009673 0.008822 0.003291 0.003504 0.002455 0.001714 0.001196 0.0008348 0.0005825 0.001345
0.006594 0.03211 0.2214 0.2943 0.09625 0.09962 0.02418 0.05096 0.01243 0.01665 0.009042 0.006782 0.006186 0.002308 0.002457 0.001721 0.001202 0.0008387 0.0005853 0.001352
0.005847 0.07403 0.09011 0.1846 0.2063 0.06749 0.06985 0.01696 0.03573 0.008714 0.01167 0.00634 0.004755 0.004337 0.001618 0.001723 0.001207 0.0008427 0.0005881 0.001358
0.006072 0.06565 0.2077 0.07514 0.1295 0.1447 0.04732 0.04897 0.01189 0.02505 0.00611 0.008184 0.004445 0.003334 0.003041 0.001134 0.001208 0.000846 0.0005908 0.001365
0.004119 0.06818 0.1842 0.1732 0.05269 0.09077 0.1014 0.03318 0.03434 0.008336 0.01756 0.004284 0.005738 0.003117 0.002338 0.002132 0.0007954 0.0008469 0.0005932 0.001371
0.01826 0.04625 0.1913 0.1536 0.1215 0.03694 0.06364 0.07112 0.02326 0.02408 0.005844 0.01232 0.003004 0.004023 0.002185 0.001639 0.001495 0.0005577 0.0005938 0.001377
0.004095 0.2051 0.1298 0.1595 0.1077 0.08516 0.0259 0.04462 0.04987 0.01631 0.01688 0.004098 0.008635 0.002106 0.002821 0.001532 0.001149 0.001048 0.000391 0.001382
0.008941 0.04598 0.5754 0.1082 0.1119 0.07552 0.05971 0.01816 0.03129 0.03496 0.01144 0.01184 0.002873 0.006054 0.001477 0.001978 0.001074 0.0008058 0.0007349 0.001243
0.007894 0.1004 0.129 0.4798 0.07587 0.07842 0.05295 0.04186 0.01273 0.02194 0.02451 0.008018 0.008298 0.002014 0.004245 0.001035 0.001387 0.0007532 0.000565 0.001387
0.01891 0.08863 0.2817 0.1076 0.3364 0.05319 0.05499 0.03713 0.02935 0.008928 0.01538 0.01719 0.005622 0.005818 0.001412 0.002976 0.0007259 0.0009724 0.0005281 0.001369
0.00242 0.2123 0.2487 0.2349 0.07544 0.2359 0.0373 0.03855 0.02603 0.02058 0.006259 0.01078 0.01205 0.003942 0.004079 0.0009903 0.002087 0.0005089 0.0006818 0.00133
0.002621 0.02717 0.5957 0.2074 0.1647 0.05289 0.1654 0.02615 0.02703 0.01825 0.01443 0.004389 0.007561 0.00845 0.002764 0.00286 0.0006943 0.001463 0.0003568 0.00141
0.005609 0.02943 0.07625 0.4967 0.1454 0.1155 0.03708 0.116 0.01834 0.01895 0.0128 0.01012 0.003077 0.005302 0.005924 0.001938 0.002005 0.0004868 0.001026 0.001239
0.008767 0.06298 0.08257 0.06358 0.3483 0.102 0.08096 0.026 0.08131 0.01286 0.01329 0.008972 0.007094 0.002158 0.003717 0.004154 0.001359 0.001406 0.0003413 0.001588
0.003722 0.09844 0.1767 0.06886 0.04458 0.2442 0.07148 0.05677 0.01823 0.05701 0.009014 0.009317 0.006291 0.004974 0.001513 0.002606 0.002912 0.0009526 0.0009859 0.001353
0.004727 0.0418 0.2762 0.1474 0.04828 0.03126 0.1712 0.05012 0.0398 0.01278 0.03997 0.00632 0.006533 0.004411 0.003487 0.001061 0.001827 0.002042 0.0006679 0.00164
0.00495 0.05308 0.1173 0.2303 0.1033 0.03385 0.02192 0.1201 0.03514 0.02791 0.008962 0.02803 0.004431 0.00458 0.003093 0.002445 0.0007437 0.001281 0.001432 0.001618
0.003683 0.05558 0.1489 0.0978 0.1615 0.07245 0.02373 0.01537 0.08417 0.02464 0.01957 0.006284 0.01965 0.003107 0.003211 0.002168 0.001714 0.0005214 0.0008983 0.002138
0.002822 0.04135 0.1559 0.1242 0.06857 0.1132 0.0508 0.01664 0.01077 0.05902 0.01728 0.01372 0.004406 0.01378 0.002178 0.002252 0.00152 0.001202 0.0003656 0.002129
0.003106 0.03168 0.116 0.13 0.08708 0.04808 0.07939 0.03562 0.01167 0.007554 0.04138 0.01211 0.009619 0.003089 0.00966 0.001527 0.001579 0.001066 0.0008428 0.001749
0.007478 0.03487 0.0889 0.09676 0.09117 0.06106 0.03371 0.05567 0.02497 0.008181 0.005297 0.02901 0.008493 0.006744 0.002166 0.006773 0.001071 0.001107 0.0007474 0.001817
0.02377 0.08397 0.09784 0.07413 0.06784 0.06393 0.04281 0.02363 0.03903 0.01751 0.005736 0.003714 0.02034 0.005955 0.004729 0.001519 0.004749 0.0007508 0.0007761 0.001798
0.004502 0.2669 0.2356 0.08159 0.05198 0.04757 0.04482 0.03002 0.01657 0.02737 0.01228 0.004022 0.002604 0.01426 0.004175 0.003316 0.001065 0.00333 0.0005264 0.001805
0.003182 0.05055 0.749 0.1965 0.05721 0.03644 0.03335 0.03143 0.02105 0.01162 0.01919 0.008607 0.00282 0.001826 0.01 0.002927 0.002325 0.0007466 0.002335 0.001635
0.00426 0.03573 0.1418 0.6246 0.1378 0.04011 0.02555 0.02338 0.02203 0.01476 0.008146 0.01345 0.006035 0.001977 0.00128 0.007012 0.002052 0.00163 0.0005234 0.002783
0.00391 0.04783 0.1003 0.1183 0.4379 0.09659 0.02812 0.01792 0.0164 0.01545 0.01035 0.005712 0.009433 0.004231 0.001386 0.0008975 0.004916 0.001439 0.001143 0.002318
0.004713 0.0439 0.1342 0.0836 0.08293 0.3071 0.06772 0.01972 0.01256 0.0115 0.01083 0.007254 0.004005 0.006614 0.002967 0.0009719 0.0006293 0.003447 0.001009 0.002427
0.00602 0.05292 0.1232 0.1119 0.05862 0.05814 0.2153 0.04748 0.01383 0.008808 0.00806 0.007595 0.005086 0.002808 0.004637 0.00208 0.0006814 0.0004412 0.002417 0.002409
1.054e-07 7.737e-07 1.7e-06 1.176e-06 8.985e-07 4.706e-07 4.668e-07 1.728e-06 3.812e-07 1.11e-07 7.071e-08 6.471e-08 6.098e-08 4.083e-08 2.254e-08 3.723e-08 1.67e-08 5.471e-09 3.542e-09 3.874e-08
0.09057 1.527 2.79 1.821 1.059 0.8091 0.4238 0.4203 1.556 0.3433 0.09995 0.06368 0.05827 0.05491 0.03677 0.0203 0.03352 0.01504 0.004926 0.03808
0.1191 2.028 8.462 4.563 2.501 1.455 1.111 0.5821 0.5774 2.138 0.4715 0.1373 0.08746 0.08004 0.07542 0.05051 0.02788 0.04605 0.02066 0.05907
0.3088 1.997 8.364 10.24 4.632 2.538 1.477 1.128 0.5908 0.586 2.17 0.4786 0.1394 0.08878 0.08124 0.07655 0.05127 0.0283 0.04674 0.08092
0.1707 4.595 7.267 8.876 9.104 4.118 2.257 1.313 1.003 0.5253 0.521 1.929 0.4255 0.1239 0.07893 0.07223 0.06806 0.04558 0.02516 0.1135
0.2422 2.377 15.56 7.133 7.29 7.476 3.382 1.853 1.078 0.8236 0.4314 0.4279 1.584 0.3494 0.1017 0.06482 0.05932 0.05589 0.03743 0.1139
0.2446 3.233 7.67 14.46 5.541 5.663 5.808 2.627 1.44 0.8376 0.6398 0.3351 0.3324 1.231 0.2715 0.07904 0.05035 0.04608 0.04342 0.1175
0.8129 3.171 10.07 6.84 10.76 4.124 4.214 4.322 1.955 1.071 0.6233 0.4762 0.2494 0.2474 0.916 0.202 0.05882 0.03747 0.03429 0.1198
1.883 10.3 9.6 8.677 4.913 7.732 2.962 3.027 3.105 1.404 0.7696 0.4477 0.342 0.1791 0.1777 0.658 0.1451 0.04225 0.02692 0.1107
0.3815 23.46 30.48 8.035 6.045 3.423 5.387 2.064 2.109 2.163 0.9784 0.5362 0.312 0.2383 0.1248 0.1238 0.4584 0.1011 0.02944 0.09587
0.4114 4.687 68.04 24.86 5.448 4.099 2.321 3.653 1.399 1.43 1.467 0.6634 0.3636 0.2115 0.1616 0.08463 0.08394 0.3108 0.06855 0.08496
0.4477 4.996 13.36 54.2 16.45 3.604 2.711 1.535 2.416 0.9255 0.9459 0.9701 0.4388 0.2405 0.1399 0.1069 0.05598 0.05552 0.2056 0.1015
0.3804 5.384 14.02 10.41 35.03 10.63 2.329 1.752 0.9922 1.561 0.5982 0.6114 0.627 0.2836 0.1554 0.09042 0.06907 0.03618 0.03589 0.1985
1.434 4.535 14.89 10.71 6.586 22.16 6.722 1.473 1.108 0.6275 0.9875 0.3783 0.3866 0.3966 0.1794 0.0983 0.05719 0.04369 0.02288 0.1482
0.7723 16.97 12.38 11.16 6.633 4.08 13.73 4.164 0.9125 0.6865 0.3887 0.6118 0.2344 0.2395 0.2457 0.1111 0.06089 0.03543 0.02706 0.106
0.2611 9.078 45.75 9.103 6.774 4.028 2.478 8.335 2.529 0.5541 0.4169 0.2361 0.3715 0.1423 0.1455 0.1492 0.06748 0.03698 0.02151 0.08081
0.6055 3.051 24.19 33.04 5.423 4.036 2.4 1.476 4.965 1.506 0.3301 0.2484 0.1406 0.2213 0.08478 0.08665 0.08887 0.0402 0.02203 0.06096
1.269 7.037 8.038 17.17 19.32 3.171 2.36 1.403 0.863 2.903 0.8808 0.193 0.1452 0.08222 0.1294 0.04957 0.05066 0.05196 0.0235 0.04852
1.581 14.67 18.34 5.61 9.857 11.09 1.82 1.355 0.8055 0.4955 1.667 0.5057 0.1108 0.08337 0.04721 0.07429 0.02846 0.02909 0.02983 0.04135
0.3851 18.19 37.85 12.59 3.164 5.559 6.256 1.027 0.764 0.4543 0.2794 0.94 0.2852 0.0625 0.04702 0.02662 0.0419 0.01605 0.0164 0.04015
0.4906 4.198 44.38 24.45 6.673 1.677 2.946 3.315 0.5441 0.4049 0.2407 0.1481 0.4982 0.1511 0.03312 0.02492 0.01411 0.0222 0.008506 0.02997
1.622 5.348 10.24 28.67 12.95 3.536 0.8885 1.561 1.757 0.2883 0.2146 0.1276 0.07848 0.264 0.0801 0.01755 0.0132 0.007477 0.01177 0.02039
0.8009 17.69 13.05 6.616 15.19 6.865 1.874 0.4709 0.8273 0.931 0.1528 0.1137 0.06761 0.04159 0.1399 0.04245 0.009301 0.006998 0.003962 0.01704
0.5677 8.732 43.16 8.429 3.506 8.051 3.638 0.9931 0.2495 0.4384 0.4934 0.08097 0.06026 0.03583 0.02204 0.07414 0.02249 0.004929 0.003708 0.01113
1.55 6.189 21.3 27.88 4.467 1.858 4.266 1.928 0.5263 0.1322 0.2323 0.2615 0.04291 0.03193 0.01899 0.01168 0.03929 0.01192 0.002612 0.007864
0.4246 16.9 15.1 13.76 14.77 2.367 0.9846 2.261 1.022 0.2789 0.07008 0.1231 0.1386 0.02274 0.01692 0.01006 0.006189 0.02082 0.006317 0.005552
0.3078 4.629 41.24 9.755 7.293 7.829 1.254 0.5218 1.198 0.5414 0.1478 0.03714 0.06525 0.07343 0.01205 0.008968 0.005332 0.00328 0.01103 0.00629
1.456 3.356 11.3 26.64 5.169 3.865 4.149 0.6648 0.2765 0.635 0.2869 0.07832 0.01968 0.03458 0.03891 0.006386 0.004752 0.002826 0.001738 0.009181
1.559 15.88 8.189 7.296 14.12 2.739 2.048 2.199 0.3523 0.1465 0.3365 0.1521 0.04151 0.01043 0.01832 0.02062 0.003384 0.002518 0.001497 0.005786
2.818 17 38.74 5.289 3.866 7.481 1.452 1.085 1.165 0.1867 0.07765 0.1783 0.08058 0.022 0.005527 0.009711 0.01093 0.001793 0.001335 0.00386
0.4986 30.72 41.48 25.02 2.803 2.049 3.965 0.7693 0.5752 0.6174 0.09893 0.04115 0.0945 0.0427 0.01166 0.002929 0.005146 0.005791 0.0009505 0.002753
2.02 5.436 74.95 26.79 13.26 1.485 1.086 2.101 0.4077 0.3048 0.3272 0.05243 0.02181 0.05008 0.02263 0.006177 0.001552 0.002727 0.003069 0.001963
0.4734 22.03 13.26 48.41 14.2 7.027 0.7872 0.5754 1.113 0.2161 0.1615 0.1734 0.02778 0.01156 0.02654 0.01199 0.003273 0.0008225 0.001445 0.002666
1.116 5.161 53.74 8.566 25.66 7.524 3.724 0.4172 0.3049 0.59 0.1145 0.0856 0.09189 0.01472 0.006124 0.01406 0.006355 0.001735 0.0004359 0.002179
1.673 12.16 12.59 34.71 4.54 13.6 3.987 1.973 0.2211 0.1616 0.3127 0.06068 0.04536 0.0487 0.007803 0.003246 0.007453 0.003368 0.0009193 0.001386
0.4572 18.24 29.68 8.133 18.4 2.406 7.205 2.113 1.046 0.1172 0.08564 0.1657 0.03215 0.02404 0.02581 0.004135 0.00172 0.00395 0.001785 0.001222
0.3537 4.985 44.5 19.17 4.31 9.748 1.275 3.818 1.12 0.5542 0.06208 0.04538 0.08781 0.01704 0.01274 0.01368 0.002191 0.0009115 0.002093 0.001593
0.6599 3.856 12.16 28.75 10.16 2.284 5.166 0.6756 2.023 0.5934 0.2937 0.0329 0.02405 0.04653 0.00903 0.006751 0.007247 0.001161 0.000483 0.001954
2.202 7.194 9.408 7.856 15.23 5.384 1.21 2.738 0.358 1.072 0.3145 0.1556 0.01744 0.01275 0.02466 0.004785 0.003578 0.003841 0.0006154 0.001291
0.8041 23.43 17.17 5.947 4.074 7.9 2.792 0.6277 1.42 0.1857 0.5561 0.1631 0.08071 0.009042 0.006609 0.01279 0.002482 0.001855 0.001992 0.0009888
2.714 8.559 56.07 10.91 3.103 2.126 4.122 1.457 0.3275 0.7408 0.09689 0.2902 0.0851 0.04212 0.004718 0.003449 0.006673 0.001295 0.0009682 0.001555
1.536 28.89 20.54 35.84 5.73 1.629 1.116 2.165 0.765 0.172 0.389 0.05087 0.1524 0.04468 0.02212 0.002477 0.001811 0.003504 0.00068 0.001325
1.667 16.35 69.5 13.2 18.94 3.027 0.8609 0.5897 1.144 0.4042 0.09087 0.2055 0.02688 0.0805 0.02361 0.01168 0.001309 0.0009568 0.001851 0.001059
0.9783 17.75 39.44 44.92 7.017 10.07 1.609 0.4576 0.3135 0.6079 0.2149 0.0483 0.1093 0.01429 0.04279 0.01255 0.006211 0.0006958 0.0005086 0.001547
0.4316 10.41 42.93 25.63 24.03 3.753 5.384 0.8607 0.2447 0.1677 0.3251 0.1149 0.02583 0.05843 0.007642 0.02289 0.006712 0.003322 0.0003721 0.0011
0.5268 4.594 25.25 28.05 13.79 12.93 2.019 2.897 0.4631 0.1317 0.09022 0.1749 0.06183 0.0139 0.03144 0.004112 0.01231 0.003611 0.001787 0.0007919
0.5562 5.605 11.17 16.59 15.18 7.465 6.998 1.093 1.568 0.2507 0.07129 0.04883 0.0947 0.03347 0.007525 0.01702 0.002226 0.006666 0.001955 0.001396
2.922 5.918 13.66 7.376 9.033 8.268 4.065 3.811 0.5952 0.8539 0.1365 0.03882 0.02659 0.05157 0.01823 0.004097 0.009268 0.001212 0.00363 0.001825
2.107 31.08 14.46 9.07 4.04 4.948 4.529 2.227 2.087 0.326 0.4677 0.07477 0.02126 0.01457 0.02825 0.009983 0.002244 0.005076 0.0006639 0.002988
1.037 22.41 76.1 9.648 4.997 2.226 2.726 2.495 1.227 1.15 0.1796 0.2577 0.0412 0.01172 0.008025 0.01556 0.0055 0.001237 0.002797 0.002012
0.5207 11.02 55 51.05 5.347 2.769 1.233 1.511 1.383 0.6798 0.6372 0.09954 0.1428 0.02283 0.006492 0.004447 0.008624 0.003048 0.0006852 0.002665
1.065 5.532 27.1 37.08 28.45 2.98 1.543 0.6874 0.8418 0.7706 0.3789 0.3551 0.05547 0.07958 0.01272 0.003618 0.002478 0.004806 0.001699 0.001867
0.5331 11.31 13.64 18.36 20.78 15.94 1.67 0.8648 0.3852 0.4718 0.4318 0.2123 0.199 0.03109 0.0446 0.00713 0.002027 0.001389 0.002693 0.001998
1.731 5.656 27.94 9.286 10.35 11.71 8.984 0.9409 0.4873 0.2171 0.2658 0.2433 0.1196 0.1121 0.01752 0.02513 0.004018 0.001142 0.0007826 0.002644
2.057 18.35 14 19.12 5.261 5.863 6.634 5.09 0.5331 0.2761 0.123 0.1506 0.1379 0.06778 0.06353 0.009925 0.01424 0.002276 0.0006472 0.001941
0.8005 21.78 45.49 9.622 10.89 2.996 3.339 3.778 2.899 0.3036 0.1572 0.07004 0.08577 0.07851 0.0386 0.03618 0.005652 0.008108 0.001296 0.001474
0.2411 8.471 54.1 31.41 5.508 6.232 1.715 1.911 2.163 1.659 0.1738 0.09001 0.04009 0.0491 0.04494 0.0221 0.02071 0.003236 0.004642 0.001586
0.5544 2.548 21.07 37.52 18.07 3.169 3.585 0.9867 1.1 1.244 0.9546 0.09998 0.05178 0.02306 0.02825 0.02586 0.01271 0.01192 0.001861 0.003583
