Originally  
101 
A 
42	100	
1	1	NA	NA	
1	20	
1 0.05547 0.2774 0.3744 0.3051 0.05547 0.06934 0.0416 0.08321 0.0416 0.01387 0 0.01387 0.01387 0 0 0.01387 0 0 0.02774 0
1 0.02694 0.1257 0.3053 0.1976 0.07184 0.01796 0.00898 0.01796 0.06286 0.02694 0.00898 0.00898 0.00898 0 0 0.00898 0 0 0 0
1 0.09511 0.317 0.3487 0.2853 0.2061 0.1585 0.0317 0.0317 0.0317 0.0317 0.0317 0 0 0 0 0.01585 0 0 0 0
1 0.09155 0.1488 0.4349 0.2289 0.1373 0.04578 0.01144 0 0 0.01144 0 0 0.02289 0.01144 0 0 0 0 0 0
1 0.02531 0.135 0.194 0.2278 0.08436 0.07593 0.03374 0.02531 0 0.008436 0.008436 0.008436 0 0.008436 0 0.008436 0 0 0 0
1 0.00913 0.1461 0.1917 0.1552 0.2282 0.0913 0.03652 0.02739 0 0.00913 0.01826 0 0 0 0 0 0 0 0 0
1 0.05642 0.1128 0.2902 0.1693 0.0403 0.08867 0 0.01612 0.00806 0.00806 0.00806 0 0 0 0 0 0.00806 0 0 0
1 0.04414 0.1589 0.2648 0.1501 0.08827 0.07945 0.04414 0.01765 0.008827 0.008827 0.01765 0 0 0 0 0 0 0 0 0
1 0.02107 0.1791 0.3055 0.1686 0.1686 0.08429 0.06321 0.04214 0 0.01054 0 0.01054 0 0 0 0 0 0 0 0
1 0.01298 0.09734 0.2855 0.07787 0.08436 0.05191 0.006489 0.01298 0.006489 0.006489 0 0 0 0 0 0 0.006489 0 0 0
1 0.02933 0.1173 0.1291 0.1584 0.06453 0.04107 0.01173 0.01173 0.005866 0.005866 0.005866 0.005866 0 0 0 0 0 0 0 0
1 0.03146 0.1573 0.2359 0.1022 0.1573 0.05505 0.02359 0.01573 0 0 0 0 0.007864 0 0 0 0 0 0 0
1 0.02159 0.1295 0.2663 0.1151 0.07197 0.07197 0.01439 0.02159 0 0 0 0.007197 0 0 0 0 0 0 0 0
1 0 0.1219 0.2845 0.1287 0.06775 0.04065 0.0271 0 0 0 0 0.006775 0 0 0 0 0 0 0 0
1 0.01419 0.1207 0.1632 0.2129 0.1136 0.04968 0.007097 0.007097 0.01419 0 0 0 0.007097 0 0 0 0 0 0 0
1 0.02089 0.1532 0.2159 0.1254 0.08357 0.05571 0.02089 0 0.01393 0.006964 0 0 0 0 0 0 0 0 0 0
1 0 0.1569 0.2353 0.09803 0.05228 0.04575 0.01961 0.02614 0 0.006535 0 0.006535 0 0.006535 0 0 0 0 0 0
1 0 0.1404 0.4398 0.1497 0.07487 0.02807 0.05615 0.02807 0 0 0.01872 0 0 0 0 0 0 0 0 0
1 0.01273 0.14 0.1337 0.2037 0.05092 0.04455 0.01909 0.01909 0.006365 0.006365 0 0 0 0 0 0 0 0 0 0
1 0.01912 0.06213 0.1625 0.08602 0.0669 0.03823 0.01434 0.01912 0 0.009558 0 0 0 0 0 0 0 0 0 0
1 0 0.09412 0.09935 0.1621 0.06275 0.0732 0.01569 0 0.005229 0.01046 0 0 0 0 0 0 0 0 0 0
1 0.01412 0.03177 0.1447 0.06001 0.04942 0.00353 0.02824 0.01059 0.00353 0.00353 0.00353 0 0 0 0 0 0 0 0 0
1 0.01526 0.1272 0.1221 0.1272 0.05087 0.03561 0.02035 0 0.005087 0 0 0 0 0.005087 0 0 0 0 0 0
1 0.01172 0.1289 0.211 0.09962 0.05274 0.01758 0.04102 0.00586 0.01758 0 0 0 0 0 0 0 0 0 0 0
1 0.01079 0.05395 0.1187 0.232 0.05395 0.04856 0.005395 0 0.005395 0.01079 0 0 0 0 0 0 0 0 0 0
1 0.006187 0.05259 0.04331 0.08352 0.05877 0.02165 0.01547 0.006187 0.006187 0.006187 0.003093 0.003093 0 0.003093 0 0 0 0 0 0
1 0.003049 0.08538 0.08538 0.0122 0.03049 0.04269 0.02135 0.009148 0.006099 0.009148 0 0 0 0 0 0 0 0 0 0
1 0.005352 0.04817 0.1017 0.0562 0.008028 0.01606 0.005352 0.01338 0.002676 0.008028 0 0 0.002676 0 0 0 0 0 0 0
1 0.009953 0.02322 0.1427 0.06635 0.03318 0.01327 0.02986 0.009953 0 0.003318 0 0 0 0 0 0 0 0 0 0
1 0.006225 0.03735 0.06225 0.04773 0.02905 0.01245 0.00415 0.006225 0.002075 0 0 0 0 0 0 0 0 0 0 0
1 0.01091 0.02455 0.08728 0.06001 0.03819 0.02182 0.01364 0.002728 0.005455 0.008183 0 0 0 0 0 0 0 0 0 0
1 0.00834 0.0834 0.0556 0.06394 0.01946 0.03058 0.01112 0.00278 0 0 0 0 0.00278 0 0 0 0 0 0 0
1 0.01708 0.0244 0.08052 0.04148 0.03172 0.0122 0.01464 0.0122 0.00732 0.00244 0 0 0 0 0 0 0 0 0 0
1 0.00368 0.046 0.04784 0.05888 0.0092 0.01104 0.00368 0.00184 0 0.00184 0 0 0 0 0 0 0 0 0 0
1 0.007828 0.03914 0.1044 0.03131 0.04175 0.01827 0.01044 0.005219 0.002609 0 0 0 0 0 0 0 0 0 0 0
1 0.00352 0.02464 0.04928 0.04576 0.0264 0.01408 0 0.00352 0.00352 0 0.00352 0.00176 0 0 0 0 0 0 0 0
1 0.009163 0.01649 0.07147 0.03848 0.03115 0.011 0.005498 0 0 0 0 0 0 0 0 0 0 0 0 0
1 0.007051 0.04054 0.03173 0.03525 0.03173 0.0141 0.01058 0.003525 0 0.001763 0 0 0 0 0 0 0 0 0 0
1 0.006299 0.01764 0.03401 0.02519 0.01764 0.01386 0.006299 0.00126 0.00126 0.00126 0.00126 0 0 0 0 0 0 0 0 0
1 0.002284 0.02056 0.03769 0.02056 0.01142 0.01256 0.004569 0.002284 0.001142 0 0.001142 0 0 0 0 0 0 0 0 0
1 0.007595 0.02468 0.07405 0.03607 0.03038 0.009493 0.001899 0.005696 0 0 0 0 0 0 0 0 0 0 0 0
1 0.006307 0.0391 0.02144 0.03406 0.007569 0.002523 0.006307 0.003784 0.003784 0 0.001261 0 0 0 0 0 0 0 0 0
1 0.002202 0.05064 0.08587 0.03303 0.02202 0.006605 0.01101 0.006605 0 0 0 0 0.002202 0 0 0 0 0 0 0
1 0.003376 0.02532 0.06414 0.04726 0.0135 0.01013 0.003376 0 0.001688 0 0 0 0 0 0 0 0 0 0 0
1 0.005521 0.01242 0.03865 0.04831 0.01794 0.006901 0.00276 0.004141 0.00138 0 0 0 0 0 0 0 0 0 0 0
1 0.002363 0.02481 0.02835 0.02363 0.01772 0.01063 0.004726 0.004726 0 0 0 0 0 0.001181 0 0 0 0 0 0
1 0.00604 0.03503 0.02658 0.01329 0.01812 0.009665 0.008457 0.002416 0.001208 0 0 0 0 0 0 0 0 0 0 0
1 0.003701 0.0185 0.08882 0.04071 0.009252 0.007402 0.009252 0.003701 0 0 0 0.00185 0 0 0.00185 0 0 0 0 0
1 0.003982 0.01493 0.02489 0.02289 0.01394 0.005973 0.006968 0.001991 0.0009954 0.0009954 0 0 0 0.0009954 0 0.0009954 0 0 0 0
1 0.002321 0.01238 0.02243 0.0116 0.0147 0.006962 0.0007736 0.001547 0.003094 0 0.001547 0 0 0 0 0 0 0 0 0
1 0.0006125 0.009188 0.01899 0.0147 0.0049 0.005513 0.0006125 0.0006125 0.00245 0.00245 0.0006125 0.0006125 0 0 0 0 0 0 0 0
1 0 0.01452 0.01659 0.01728 0.008986 0.002074 0.006912 0 0.001382 0.0006912 0 0 0.0006912 0 0 0 0 0 0 0
1 0.003406 0.006243 0.0193 0.009649 0.009081 0.002838 0.00227 0.001703 0.001135 0.0005676 0 0 0 0.0005676 0 0 0 0 0 0
1 0.003468 0.01665 0.01387 0.01387 0.009017 0.005549 0.002775 0.002081 0.001387 0.0006936 0 0 0 0 0 0 0 0 0 0
1 0.003452 0.01208 0.04316 0.007768 0.01295 0.001726 0.001726 0.002589 0 0.0008631 0 0 0 0 0 0 0 0 0 0
1 0.002683 0.01699 0.0152 0.02951 0.004471 0.01163 0.004471 0.002683 0 0.0008943 0 0.0008943 0 0 0 0 0 0 0 0
1 0.003461 0.02595 0.01903 0.01038 0.01298 0.005191 0.003461 0.002595 0.002595 0 0 0 0 0 0 0 0.0008651 0 0 0
1 0.001252 0.01439 0.01815 0.01439 0.003755 0.006258 0.001252 0.001877 0 0 0.0006258 0 0.0006258 0 0 0 0 0 0 0
1 0.00306 0.01454 0.02601 0.01836 0.006885 0.00153 0.000765 0.002295 0 0.00153 0.000765 0 0 0.000765 0 0 0 0 0 0
