 landings-at-age - landings.n (units : NA )
1	2	
2	100	
1	20	
1 
0.02659 0.2984 0.8352 0.6934 0.4839 0.3377 0.2357 0.1644 0.1148 0.08008 0.05589 0.039 0.02722 0.01899 0.01325 0.009249 0.006454 0.004504 0.003143 0.007259
0.005897 0.05216 0.1462 0.1214 0.08475 0.05914 0.04127 0.0288 0.0201 0.01403 0.009787 0.00683 0.004766 0.003326 0.002321 0.00162 0.00113 0.0007888 0.0005504 0.001271
0.003643 0.06621 0.1464 0.1219 0.08515 0.05942 0.04147 0.02894 0.02019 0.01409 0.009834 0.006862 0.004789 0.003342 0.002332 0.001627 0.001136 0.0007925 0.000553 0.001277
0.004475 0.0409 0.1858 0.122 0.08549 0.0597 0.04166 0.02907 0.02029 0.01416 0.00988 0.006895 0.004811 0.003358 0.002343 0.001635 0.001141 0.0007963 0.0005557 0.001283
0.004595 0.05024 0.1148 0.1549 0.08557 0.05994 0.04186 0.02921 0.02038 0.01423 0.009927 0.006927 0.004834 0.003374 0.002354 0.001643 0.001146 8e-04 0.0005583 0.001289
0.004231 0.05159 0.141 0.09571 0.1086 0.06 0.04203 0.02935 0.02048 0.01429 0.009974 0.00696 0.004857 0.00339 0.002365 0.001651 0.001152 0.0008038 0.0005609 0.001295
0.004288 0.0475 0.1448 0.1176 0.06711 0.07616 0.04207 0.02947 0.02058 0.01436 0.01002 0.006993 0.00488 0.003406 0.002377 0.001658 0.001157 0.0008076 0.0005636 0.001302
0.004873 0.04815 0.1333 0.1207 0.08243 0.04705 0.0534 0.0295 0.02066 0.01443 0.01007 0.007026 0.004903 0.003422 0.002388 0.001666 0.001163 0.0008114 0.0005663 0.001308
0.003571 0.05472 0.1351 0.1111 0.08464 0.05779 0.03299 0.03744 0.02068 0.01449 0.01012 0.00706 0.004926 0.003438 0.002399 0.001674 0.001168 0.0008153 0.0005689 0.001314
0.005957 0.04009 0.1535 0.1127 0.07793 0.05934 0.04052 0.02313 0.02625 0.0145 0.01016 0.007093 0.00495 0.003454 0.00241 0.001682 0.001174 0.0008191 0.0005716 0.00132
0.004359 0.06689 0.1125 0.128 0.07899 0.05464 0.04161 0.02841 0.01622 0.01841 0.01017 0.007121 0.004973 0.003471 0.002422 0.00169 0.001179 0.000823 0.0005743 0.001326
0.004024 0.04894 0.1877 0.09381 0.08976 0.05538 0.03831 0.02917 0.01992 0.01137 0.01291 0.007128 0.004993 0.003487 0.002433 0.001698 0.001185 0.0008269 0.0005771 0.001333
0.003397 0.04518 0.1373 0.1565 0.06577 0.06294 0.03883 0.02686 0.02045 0.01397 0.007973 0.009048 0.004998 0.003501 0.002445 0.001706 0.001191 0.0008308 0.0005798 0.001339
0.005421 0.03815 0.1268 0.1145 0.1097 0.04612 0.04413 0.02723 0.01883 0.01434 0.009793 0.00559 0.006344 0.003504 0.002455 0.001714 0.001196 0.0008348 0.0005825 0.001345
0.004827 0.06086 0.107 0.1057 0.08029 0.07694 0.03234 0.03094 0.01909 0.01321 0.01006 0.006866 0.003919 0.004448 0.002457 0.001721 0.001202 0.0008387 0.0005853 0.001352
0.003678 0.0542 0.1708 0.08926 0.07412 0.05629 0.05394 0.02267 0.02169 0.01338 0.009259 0.00705 0.004814 0.002748 0.003119 0.001723 0.001207 0.0008427 0.0005881 0.001358
0.004802 0.0413 0.1521 0.1424 0.06258 0.05197 0.03947 0.03782 0.0159 0.01521 0.009384 0.006492 0.004943 0.003376 0.001927 0.002187 0.001208 0.000846 0.0005908 0.001365
0.004763 0.05392 0.1159 0.1268 0.09985 0.04388 0.03644 0.02767 0.02652 0.01115 0.01066 0.00658 0.004552 0.003466 0.002367 0.001351 0.001533 0.0008469 0.0005932 0.001371
0.004195 0.05348 0.1513 0.09664 0.08892 0.07001 0.03077 0.02555 0.0194 0.01859 0.007815 0.007477 0.004613 0.003191 0.00243 0.001659 0.0009472 0.001075 0.0005938 0.001377
0.003741 0.0471 0.1501 0.1262 0.06776 0.06234 0.04909 0.02157 0.01791 0.0136 0.01304 0.005479 0.005243 0.003235 0.002238 0.001704 0.001163 0.0006641 0.0007537 0.001382
0.004068 0.042 0.1322 0.1251 0.08846 0.04751 0.04371 0.03442 0.01512 0.01256 0.009539 0.009141 0.003842 0.003676 0.002268 0.001569 0.001195 0.0008158 0.0004656 0.001497
0.003825 0.04567 0.1179 0.1102 0.08773 0.06202 0.03331 0.03065 0.02413 0.0106 0.008806 0.006688 0.006409 0.002694 0.002577 0.00159 0.0011 0.0008376 0.000572 0.001376
0.006755 0.04295 0.1282 0.09828 0.07728 0.06151 0.04349 0.02335 0.02149 0.01692 0.007435 0.006174 0.004689 0.004494 0.001889 0.001807 0.001115 0.0007713 0.0005873 0.001366
0.002093 0.07585 0.1205 0.1069 0.06891 0.05418 0.04313 0.03049 0.01637 0.01507 0.01186 0.005213 0.004329 0.003288 0.003151 0.001324 0.001267 0.0007817 0.0005408 0.00137
0.003203 0.0235 0.2128 0.1005 0.07493 0.04832 0.03799 0.03024 0.02138 0.01148 0.01056 0.008318 0.003655 0.003035 0.002305 0.002209 0.0009284 0.0008884 0.0005481 0.001339
0.004113 0.03597 0.06595 0.1775 0.07046 0.05254 0.03388 0.02664 0.0212 0.01499 0.00805 0.007407 0.005832 0.002563 0.002128 0.001616 0.001549 0.000651 0.0006229 0.001323
0.006309 0.04618 0.1009 0.05499 0.1244 0.0494 0.03684 0.02375 0.01868 0.01487 0.01051 0.005644 0.005193 0.004089 0.001797 0.001492 0.001133 0.001086 0.0004564 0.001365
0.004715 0.07084 0.1296 0.08416 0.03856 0.08725 0.03464 0.02583 0.01665 0.01309 0.01042 0.007369 0.003957 0.003641 0.002867 0.00126 0.001046 0.0007946 0.0007614 0.001277
0.006218 0.05294 0.1988 0.1081 0.05901 0.02704 0.06117 0.02429 0.01811 0.01168 0.009181 0.007308 0.005167 0.002775 0.002553 0.00201 0.0008833 0.0007335 0.0005571 0.001429
0.004045 0.06982 0.1485 0.1657 0.07576 0.04137 0.01896 0.04289 0.01703 0.0127 0.008187 0.006437 0.005124 0.003622 0.001945 0.00179 0.001409 0.0006193 0.0005143 0.001393
0.004421 0.04542 0.1959 0.1239 0.1162 0.05312 0.02901 0.01329 0.03007 0.01194 0.008902 0.00574 0.004513 0.003593 0.00254 0.001364 0.001255 0.0009882 0.0004342 0.001337
0.0037 0.04964 0.1274 0.1634 0.08685 0.08148 0.03724 0.02034 0.009319 0.02108 0.008371 0.006242 0.004025 0.003165 0.002519 0.001781 0.0009564 0.00088 0.0006929 0.001242
0.003531 0.04154 0.1393 0.1063 0.1145 0.06089 0.05713 0.02611 0.01426 0.006534 0.01478 0.005869 0.004376 0.002822 0.002219 0.001766 0.001249 0.0006706 0.000617 0.001357
0.00407 0.03965 0.1166 0.1161 0.07451 0.08031 0.04269 0.04006 0.01831 0.009999 0.004581 0.01037 0.004115 0.003068 0.001979 0.001556 0.001238 0.0008755 0.0004702 0.001384
0.004851 0.0457 0.1113 0.0972 0.08143 0.05224 0.05631 0.02994 0.02809 0.01284 0.007011 0.003212 0.007268 0.002885 0.002151 0.001387 0.001091 0.0008683 0.0006138 0.0013
0.005242 0.05447 0.1282 0.09277 0.06815 0.0571 0.03663 0.03948 0.02099 0.01969 0.009001 0.004916 0.002252 0.005096 0.002023 0.001508 0.0009727 0.0007648 0.0006088 0.001342
0.006597 0.05886 0.1528 0.1069 0.06505 0.04778 0.04003 0.02568 0.02768 0.01472 0.01381 0.006311 0.003447 0.001579 0.003573 0.001418 0.001058 0.000682 0.0005362 0.001368
0.00413 0.07408 0.1652 0.1275 0.07498 0.04561 0.0335 0.02807 0.01801 0.01941 0.01032 0.009681 0.004425 0.002416 0.001107 0.002505 0.0009946 0.0007416 0.0004782 0.001335
0.0105 0.04637 0.2079 0.1377 0.08936 0.05257 0.03198 0.02349 0.01968 0.01263 0.01361 0.007235 0.006788 0.003103 0.001694 0.0007763 0.001756 0.0006973 0.0005199 0.001271
1.027 30.37 31.07 40.61 22.62 14.68 8.636 5.252 3.858 3.233 2.074 2.235 1.188 1.115 0.5096 0.2783 0.1275 0.2885 0.1145 0.2942
1.177 10.56 70.65 19.29 20.72 11.54 7.488 4.406 2.68 1.968 1.649 1.058 1.14 0.6062 0.5688 0.26 0.142 0.06505 0.1472 0.2085
1.578 14.37 28.98 51.92 11.66 12.53 6.979 4.528 2.664 1.62 1.19 0.9973 0.6397 0.6896 0.3666 0.3439 0.1572 0.08586 0.03933 0.2151
1.101 15.59 32.05 17.15 25.22 5.666 6.086 3.39 2.2 1.294 0.7872 0.5783 0.4845 0.3108 0.335 0.1781 0.1671 0.07638 0.04171 0.1236
0.8435 11.76 37.75 20.81 9.164 13.48 3.027 3.251 1.811 1.175 0.6914 0.4205 0.3089 0.2588 0.166 0.179 0.09515 0.08927 0.0408 0.08832
1.237 9.582 30.24 26.05 11.82 5.206 7.655 1.72 1.847 1.029 0.6676 0.3928 0.2389 0.1755 0.147 0.09432 0.1017 0.05405 0.05071 0.07335
1.142 13.48 23.61 19.94 14.13 6.411 2.823 4.15 0.9324 1.001 0.5579 0.362 0.213 0.1295 0.09515 0.07972 0.05114 0.05512 0.02931 0.06727
0.9177 13 34.6 16.21 11.26 7.979 3.621 1.594 2.344 0.5266 0.5656 0.3151 0.2045 0.1203 0.07316 0.05375 0.04503 0.02889 0.03114 0.05455
0.6669 9.133 29.34 20.84 8.023 5.572 3.948 1.792 0.789 1.16 0.2606 0.2799 0.1559 0.1012 0.05952 0.03621 0.0266 0.02228 0.01429 0.0424
0.8031 8.361 25.76 22.22 13 5.004 3.475 2.463 1.118 0.4921 0.7235 0.1625 0.1746 0.09725 0.0631 0.03712 0.02258 0.01659 0.0139 0.03536
1.938 8.381 19.63 16.05 11.36 6.646 2.558 1.777 1.259 0.5715 0.2516 0.37 0.08311 0.08926 0.04973 0.03227 0.01898 0.01155 0.008482 0.02519
0.9584 21.87 21.25 13.25 8.905 6.304 3.687 1.419 0.986 0.6986 0.3171 0.1396 0.2053 0.04611 0.04952 0.02759 0.0179 0.01053 0.006406 0.01868
1.067 9.98 51.3 13.24 6.782 4.557 3.226 1.887 0.7264 0.5046 0.3575 0.1623 0.07144 0.105 0.0236 0.02534 0.01412 0.009162 0.00539 0.01284
1.194 11.26 23.83 32.72 6.943 3.555 2.389 1.691 0.9892 0.3808 0.2645 0.1874 0.08506 0.03745 0.05507 0.01237 0.01329 0.007402 0.004803 0.009556
0.72 13.44 28.63 16.22 18.32 3.888 1.991 1.338 0.9471 0.554 0.2133 0.1481 0.105 0.04764 0.02097 0.03084 0.006928 0.007441 0.004146 0.008042
0.9775 8.049 33.85 19.25 8.967 10.13 2.149 1.101 0.7395 0.5235 0.3062 0.1179 0.08188 0.05802 0.02633 0.01159 0.01705 0.003829 0.004113 0.006736
0.6996 9.906 18.47 20.72 9.679 4.509 5.093 1.081 0.5534 0.3718 0.2632 0.154 0.05928 0.04117 0.02917 0.01324 0.005829 0.008571 0.001926 0.005455
0.5055 8.61 27.41 13.69 12.65 5.908 2.752 3.108 0.6596 0.3378 0.227 0.1607 0.09398 0.03618 0.02513 0.01781 0.008082 0.003558 0.005232 0.004505
0.6195 5.058 19.43 16.43 6.736 6.22 2.906 1.354 1.529 0.3245 0.1662 0.1116 0.07903 0.04623 0.0178 0.01236 0.008759 0.003975 0.00175 0.00479
0.5662 6.681 12.35 12.7 8.833 3.622 3.344 1.562 0.7278 0.8221 0.1744 0.08933 0.06002 0.04249 0.02485 0.009568 0.006646 0.004709 0.002137 0.003516
1.038 6.838 18.13 8.969 7.592 5.278 2.164 1.998 0.9337 0.4349 0.4912 0.1042 0.05338 0.03587 0.02539 0.01485 0.005718 0.003971 0.002814 0.003378
0.7034 11.23 16.59 11.67 4.735 4.008 2.786 1.142 1.055 0.4929 0.2296 0.2593 0.05503 0.02818 0.01894 0.0134 0.007841 0.003018 0.002097 0.003269
0.7817 7.777 27.81 10.9 6.293 2.555 2.162 1.503 0.6164 0.5692 0.2659 0.1239 0.1399 0.02969 0.0152 0.01022 0.007232 0.00423 0.001628 0.002895
0.6534 7.738 17.37 16.49 5.304 3.061 1.243 1.052 0.7312 0.2998 0.2769 0.1294 0.06026 0.06806 0.01444 0.007396 0.004969 0.003518 0.002058 0.0022
0.5645 7.35 19.65 11.81 9.222 2.966 1.712 0.695 0.5883 0.409 0.1677 0.1548 0.07235 0.0337 0.03806 0.008077 0.004136 0.002779 0.001968 0.002382
0.4781 6.113 17.97 12.83 6.339 4.95 1.592 0.919 0.373 0.3157 0.2195 0.09 0.08311 0.03883 0.01809 0.02043 0.004335 0.00222 0.001492 0.002334
0.9155 5.278 15.23 11.96 7.023 3.47 2.709 0.8714 0.503 0.2042 0.1728 0.1201 0.04926 0.04549 0.02125 0.0099 0.01118 0.002373 0.001215 0.002094
0.7152 9.404 12.29 9.474 6.117 3.592 1.774 1.385 0.4456 0.2572 0.1044 0.08837 0.06144 0.02519 0.02326 0.01087 0.005063 0.005718 0.001213 0.001692
1.232 8.769 25.95 9.093 5.772 3.727 2.188 1.081 0.8441 0.2715 0.1567 0.06362 0.05385 0.03744 0.01535 0.01417 0.006622 0.003085 0.003484 0.001771
0.8007 12.73 20.41 16.05 4.617 2.931 1.892 1.111 0.5489 0.4286 0.1379 0.07957 0.0323 0.02734 0.01901 0.007793 0.007196 0.003362 0.001566 0.002668
0.7604 8.128 29.32 12.57 8.124 2.337 1.483 0.9578 0.5624 0.2778 0.2169 0.06978 0.04028 0.01635 0.01384 0.00962 0.003945 0.003643 0.001702 0.002143
0.7498 8.918 21.56 20.91 7.381 4.77 1.372 0.871 0.5624 0.3302 0.1631 0.1274 0.04097 0.02365 0.009599 0.008125 0.005649 0.002316 0.002139 0.002258
0.6121 8.106 21.78 14.07 11.22 3.961 2.56 0.7364 0.4674 0.3018 0.1772 0.08755 0.06836 0.02199 0.01269 0.005152 0.00436 0.003032 0.001243 0.002359
0.7945 7.03 20.96 15.05 7.998 6.378 2.251 1.455 0.4185 0.2656 0.1715 0.1007 0.04976 0.03885 0.0125 0.007213 0.002928 0.002478 0.001723 0.002047
1.758 8.311 16.59 13.17 7.767 4.127 3.291 1.162 0.7507 0.2159 0.1371 0.08851 0.05197 0.02567 0.02004 0.006448 0.003722 0.001511 0.001279 0.001945
1.113 18.29 19.6 10.47 6.832 4.03 2.141 1.707 0.6027 0.3895 0.112 0.07112 0.04592 0.02696 0.01332 0.0104 0.003345 0.001931 0.0007838 0.001673
1.119 12.43 46.29 13.33 5.858 3.823 2.255 1.198 0.9554 0.3372 0.2179 0.06269 0.03979 0.0257 0.01509 0.007454 0.00582 0.001872 0.001081 0.001375
0.5835 13.36 33.39 33.29 7.885 3.466 2.262 1.334 0.7089 0.5653 0.1995 0.129 0.03709 0.02355 0.0152 0.008927 0.00441 0.003443 0.001108 0.001453
0.6151 5.837 30.19 20.07 16.43 3.891 1.71 1.116 0.6585 0.3499 0.279 0.09847 0.06364 0.01831 0.01162 0.007504 0.004406 0.002177 0.001699 0.001264
0.9421 6.999 15 20.78 11.37 9.307 2.204 0.9688 0.6323 0.373 0.1982 0.158 0.05577 0.03605 0.01037 0.006582 0.00425 0.002495 0.001233 0.001678
0.9818 10.98 18.3 10.46 11.91 6.516 5.334 1.263 0.5553 0.3624 0.2138 0.1136 0.09056 0.03197 0.02066 0.005943 0.003772 0.002436 0.00143 0.001668
0.6694 9.669 24.41 10.8 5.066 5.77 3.157 2.584 0.612 0.269 0.1755 0.1036 0.05502 0.04387 0.01549 0.01001 0.002879 0.001827 0.00118 0.001501
0.7437 7.567 24.69 16.7 6.081 2.851 3.247 1.777 1.454 0.3444 0.1514 0.0988 0.05828 0.03096 0.02469 0.008715 0.005633 0.00162 0.001028 0.001509
1.232 7.98 18.35 16 8.892 3.238 1.519 1.73 0.9462 0.7745 0.1834 0.08062 0.05262 0.03104 0.01649 0.01315 0.004641 0.003 0.0008629 0.001351
0.5207 13.79 20.16 12.4 8.89 4.942 1.8 0.8439 0.9612 0.5258 0.4304 0.1019 0.04481 0.02924 0.01725 0.009165 0.007308 0.002579 0.001667 0.001231
0.6157 5.329 31.98 12.49 6.317 4.529 2.517 0.9169 0.4299 0.4897 0.2679 0.2193 0.05193 0.02283 0.0149 0.008788 0.004669 0.003723 0.001314 0.001476
0.335 6.92 13.57 21.89 7.038 3.558 2.551 1.418 0.5165 0.2422 0.2758 0.1509 0.1235 0.02925 0.01286 0.008392 0.00495 0.00263 0.002097 0.001572
0.9002 3.883 18.08 9.497 12.6 4.052 2.049 1.469 0.8164 0.2974 0.1394 0.1588 0.08688 0.07111 0.01684 0.007403 0.004831 0.00285 0.001514 0.002112
1.102 10.02 9.712 12.04 5.197 6.895 2.217 1.121 0.8037 0.4468 0.1627 0.0763 0.0869 0.04754 0.03891 0.009216 0.004051 0.002644 0.00156 0.001984
1.041 12.15 24.81 6.389 6.507 2.807 3.725 1.198 0.6056 0.4342 0.2413 0.0879 0.04122 0.04694 0.02568 0.02102 0.004978 0.002188 0.001428 0.001915
0.7338 10.17 26.85 14.58 3.083 3.139 1.355 1.797 0.5779 0.2922 0.2095 0.1164 0.04241 0.01989 0.02265 0.01239 0.01014 0.002402 0.001056 0.001613
0.6933 9.013 28.1 19.9 8.893 1.88 1.915 0.8262 1.096 0.3525 0.1782 0.1278 0.07102 0.02587 0.01213 0.01381 0.007558 0.006186 0.001465 0.001628
1.146 7.355 21.49 17.79 10.34 4.62 0.9768 0.9947 0.4292 0.5694 0.1831 0.09257 0.06637 0.03689 0.01344 0.006301 0.007176 0.003926 0.003214 0.001607
0.8507 12.7 18.31 14.23 9.677 5.624 2.513 0.5314 0.5412 0.2335 0.3098 0.09962 0.05037 0.03611 0.02007 0.007311 0.003428 0.003905 0.002136 0.002623
0.6827 8.563 28.88 11.08 7.072 4.808 2.794 1.249 0.264 0.2689 0.116 0.1539 0.04949 0.02502 0.01794 0.009973 0.003632 0.001703 0.00194 0.002364
0.8301 7.406 21.05 19.04 6.007 3.834 2.607 1.515 0.677 0.1431 0.1458 0.0629 0.08345 0.02683 0.01357 0.009727 0.005407 0.001969 0.0009234 0.002334
0.6495 9.547 19.23 14.65 10.9 3.441 2.197 1.493 0.8678 0.3878 0.08201 0.08351 0.03603 0.04781 0.01537 0.007772 0.005572 0.003098 0.001128 0.001866
0.6117 7.294 24.12 12.96 8.117 6.041 1.906 1.217 0.8272 0.4807 0.2148 0.04543 0.04626 0.01996 0.02648 0.008515 0.004305 0.003087 0.001716 0.001659
1.206 6.315 17 14.98 6.609 4.138 3.08 0.9719 0.6204 0.4217 0.2451 0.1095 0.02316 0.02359 0.01018 0.0135 0.004342 0.002195 0.001574 0.00172
0.7073 14.37 16.9 12.16 8.811 3.888 2.435 1.812 0.5718 0.365 0.2481 0.1442 0.06445 0.01363 0.01388 0.005987 0.007944 0.002554 0.001292 0.001938
