Originally  
101 
A 
2	100	
1	1	NA	NA	
1	20	
1 512.3 210.2 210.2 91.94 91.94 65.67 52.54 13.13 26.27 0 0 13.13 13.13 0 0 13.13 0 0 0 0
1 685.9 291.5 257.2 120 85.74 120 68.59 17.15 17.15 17.15 0 0 0 17.15 0 17.15 0 0 0 0
1 391.7 442.8 306.6 170.3 85.16 85.16 51.09 34.06 34.06 17.03 51.09 17.03 0 17.03 0 0 0 0 0 0
1 488.6 266.5 384.9 118.4 59.22 74.02 29.61 14.8 0 0 14.8 14.8 0 0 0 14.8 0 0 0 0
1 300.8 289.2 162 104.1 104.1 57.84 57.84 23.14 0 11.57 11.57 34.71 0 0 0 0 0 0 0 0
1 298.4 284.2 270 170.5 156.3 56.84 56.84 56.84 28.42 14.21 0 14.21 0 0 0 14.21 0 0 0 0
1 331.9 331.9 217 140.4 38.3 89.37 63.84 25.53 0 12.77 25.53 0 0 0 0 0 0 0 0 0
1 303.6 232.8 131.6 91.08 80.96 50.6 30.36 50.6 20.24 0 10.12 0 0 10.12 0 0 0 0 0 0
1 269.1 201.8 213.1 100.9 123.3 67.28 22.43 33.64 33.64 11.21 22.43 0 0 11.21 0 0 0 11.21 0 0
1 677.5 294.6 191.5 132.5 73.64 44.18 0 29.46 0 14.73 0 0 14.73 0 0 0 0 0 0 0
1 439 372.5 66.52 186.3 26.61 39.91 66.52 26.61 39.91 39.91 0 13.3 0 13.3 0 0 0 0 0 0
1 373.7 175.9 252.8 65.95 43.97 65.95 54.96 21.98 32.98 0 10.99 0 0 0 0 0 0 0 0 0
1 268.6 358.1 179 238.7 89.52 149.2 59.68 29.84 14.92 44.76 0 0 44.76 14.92 0 0 0 0 0 0
1 563.5 173.4 173.4 101.1 144.5 86.69 43.35 43.35 14.45 28.9 14.45 28.9 0 0 0 28.9 0 0 0 0
1 269.2 317.3 76.91 105.8 67.3 38.46 9.614 19.23 19.23 19.23 19.23 0 0 0 0 0 0 0 0 0
1 430.8 478.7 383 31.91 63.83 47.87 63.83 0 15.96 31.91 31.91 15.96 0 0 0 0 0 0 0 0
1 459.2 256.6 229.6 229.6 13.51 40.52 40.52 27.01 40.52 13.51 0 0 0 0 0 0 0 0 0 0
1 387.5 247.5 118.4 107.6 43.05 64.58 32.29 0 10.76 21.53 10.76 10.76 10.76 0 0 0 0 0 0 10.76
1 400.8 304.6 256.5 256.5 176.4 64.14 64.14 16.03 32.07 0 0 16.03 0 16.03 0 0 0 0 0 0
1 402.2 268.1 201.1 160.9 53.63 107.3 40.22 26.81 13.41 0 40.22 0 0 13.41 0 0 0 0 0 13.41
1 584.5 347.1 255.7 274 127.9 18.27 91.33 18.27 18.27 18.27 54.8 0 0 18.27 0 0 0 0 0 0
1 267 203 170.9 106.8 64.09 42.73 53.41 64.09 21.36 0 0 21.36 10.68 21.36 21.36 0 0 0 0 0
1 506.3 260 219 68.42 41.05 68.42 54.74 54.74 27.37 27.37 41.05 0 0 0 0 0 0 0 0 0
1 162.5 273.7 128.3 85.53 76.98 51.32 8.553 25.66 0 17.11 0 17.11 8.553 0 0 0 0 0 0 0
1 192.5 113.7 218.7 105 78.75 70 43.75 26.25 17.5 8.75 0 0 0 0 0 0 0 0 0 0
1 407.7 241.6 135.9 211.4 90.6 135.9 75.5 60.4 45.3 30.2 0 30.2 15.1 15.1 0 0 0 0 0 15.1
1 536.2 137.2 137.2 62.35 149.6 37.41 37.41 24.94 12.47 37.41 12.47 0 0 12.47 24.94 0 12.47 12.47 0 0
1 373.9 299.1 174.5 62.32 24.93 99.71 49.86 49.86 49.86 12.46 0 12.46 12.46 12.46 12.46 0 0 0 0 0
1 787.2 384 384 134.4 57.6 19.2 96 0 19.2 19.2 19.2 0 0 0 0 0 0 0 0 0
1 411.6 379.9 142.5 237.5 190 15.83 47.49 63.32 31.66 15.83 0 15.83 0 31.66 0 0 0 0 0 0
1 398.4 278.9 252.3 106.2 106.2 92.96 0 13.28 39.84 0 26.56 0 0 0 13.28 0 0 0 0 0
1 417.5 384.1 150.3 200.4 100.2 167 100.2 50.1 50.1 0 0 0 0 16.7 0 0 0 16.7 0 16.7
1 300.6 193.2 214.7 107.3 96.61 75.14 53.67 10.73 0 0 0 10.73 10.73 0 0 0 0 0 0 0
1 307.2 213.7 213.7 187 93.5 93.5 66.79 53.43 26.71 0 0 26.71 13.36 26.71 0 0 13.36 0 0 0
1 415.8 179.8 134.8 112.4 67.42 56.19 56.19 22.47 33.71 33.71 0 11.24 0 0 0 0 0 0 0 0
1 544.4 265.6 106.2 132.8 106.2 66.39 26.56 39.83 0 26.56 0 0 0 0 0 0 13.28 0 0 0
1 665.6 324.7 194.8 146.1 48.7 48.7 48.7 32.47 32.47 16.23 48.7 0 0 0 16.23 0 0 0 0 0
1 504.6 411.2 224.3 317.7 56.07 0 74.76 93.45 37.38 37.38 18.69 56.07 0 0 18.69 0 18.69 0 0 0
1 915.1 183 274.5 183 91.51 73.21 36.6 18.3 0 36.6 0 0 18.3 0 0 0 0 0 0 0
1 320.5 529.6 153.3 111.5 55.74 139.4 0 27.87 0 0 27.87 13.94 0 0 0 13.94 0 0 0 0
1 403.4 195.2 286.3 104.1 143.1 91.09 13.01 13.01 13.01 26.03 0 0 0 0 0 0 0 0 0 13.01
1 444.3 233.3 77.76 166.6 33.33 77.76 11.11 33.33 0 11.11 11.11 11.11 0 0 0 0 0 0 0 0
1 269.9 259.1 161.9 140.3 161.9 21.59 32.39 10.8 10.8 0 0 0 10.8 0 0 0 0 0 0 0
1 338.4 376 238.2 112.8 37.6 125.3 0 25.07 0 0 0 0 0 0 0 0 0 0 0 0
1 340.9 204.5 170.4 76.7 17.04 0 17.04 8.522 0 0 8.522 0 0 8.522 0 0 0 0 0 0
1 391.4 190.9 181.4 19.09 76.37 38.19 9.547 38.19 9.547 0 0 0 0 0 0 0 0 0 0 0
1 375.8 308.7 241.6 214.7 107.4 13.42 40.27 13.42 13.42 0 0 0 0 13.42 0 0 0 0 0 0
1 248.4 215.3 149.1 91.09 41.4 33.12 33.12 0 8.281 8.281 0 0 0 0 0 0 0 0 0 0
1 250.4 128.8 157.4 93.01 42.93 21.46 7.154 7.154 0 7.154 0 0 0 0 0 0 0 0 0 0
1 712.7 91.64 101.8 50.91 30.55 30.55 0 0 0 0 0 0 0 0 0 0 0 0 0 0
1 466.3 684 139.9 124.4 93.27 0 15.54 0 0 15.54 15.54 0 0 0 0 0 0 0 0 0
1 379.6 272.9 308.5 83.05 47.46 23.73 23.73 11.86 23.73 0 0 0 0 0 11.86 0 0 0 0 0
1 469.6 273 120.1 185.6 32.76 0 10.92 0 0 0 0 0 0 0 0 0 0 0 0 0
1 267.5 383.7 232.6 104.7 104.7 34.89 23.26 0 0 0 0 0 11.63 0 0 0 0 0 0 0
1 295.8 243 253.5 126.8 63.39 42.26 21.13 0 10.56 0 0 0 0 0 0 0 0 0 0 0
1 260.7 206.8 179.8 125.9 62.94 8.991 44.96 0 8.991 0 0 0 0 0 0 0 0 0 0 0
1 158.6 186.1 206.8 82.73 34.47 6.894 0 0 0 6.894 0 6.894 0 0 0 0 0 0 0 0
1 244.3 104.7 139.6 90.72 48.85 20.94 6.979 20.94 20.94 0 0 0 0 0 0 0 0 0 0 0
1 289.5 225.2 64.34 112.6 56.3 8.043 32.17 8.043 0 8.043 0 0 0 0 0 0 0 0 0 0
1 393.9 169.9 123.6 38.62 23.17 0 15.45 0 0 0 7.723 0 0 0 0 0 0 0 0 0
1 214.5 239.1 49.04 42.91 24.52 6.13 6.13 6.13 12.26 0 6.13 6.13 0 0 0 0 0 0 0 0
1 242.9 168.1 124.5 43.59 18.68 6.227 12.45 6.227 0 0 0 0 0 0 0 0 0 0 0 0
1 177 65.22 69.88 93.18 32.61 9.318 4.659 9.318 0 4.659 0 0 0 0 0 0 0 0 0 0
1 207 227.7 131.1 34.5 55.21 20.7 0 6.901 0 6.901 0 0 0 0 0 0 0 0 0 0
1 117 83.54 75.18 75.18 25.06 20.88 0 12.53 0 0 4.177 0 0 4.177 0 0 0 0 0 0
1 236.9 84.62 84.62 56.41 39.49 39.49 11.28 0 0 5.641 5.641 0 0 0 0 0 0 0 0 0
1 168.3 195.4 37.99 59.7 16.28 27.14 32.57 5.428 0 0 0 0 0 0 0 0 0 0 0 0
1 317.5 129.9 166 50.52 21.65 14.43 14.43 0 0 7.217 0 0 0 0 0 0 0 0 0 0
1 384.3 332.4 135 135 41.55 10.39 0 0 0 0 0 0 0 0 0 0 0 0 0 0
1 374.5 283.4 192.3 131.6 30.36 0 0 0 0 0 0 0 0 0 0 0 0 0 0 0
1 367.2 270.6 164.3 106.3 0 19.33 19.33 0 9.663 9.663 0 0 0 0 0 0 0 0 0 0
1 311.4 84.91 120.3 63.69 91.99 14.15 0 7.076 0 7.076 7.076 0 0 0 0 0 0 0 0 0
1 319.8 172.9 121 164.2 17.29 60.51 8.644 0 0 0 0 0 0 0 0 0 0 0 0 0
1 631.7 193.6 71.33 30.57 0 10.19 61.14 0 10.19 10.19 0 0 0 0 0 0 0 0 0 0
1 243.3 236.9 96.04 32.01 12.81 12.81 0 6.403 0 0 0 0 0 0 0 0 0 0 0 0
1 448.5 326.2 434.9 108.7 27.18 0 13.59 0 0 0 0 0 0 0 0 0 0 0 0 0
1 156.5 313.1 205.5 176.1 39.14 29.35 29.35 19.57 0 9.784 0 0 0 0 0 0 0 0 0 0
1 136.6 155.2 124.2 105.5 74.5 12.42 6.208 0 0 6.208 0 0 0 0 0 0 0 0 0 0
1 324.8 198.5 135.3 90.22 45.11 81.2 18.04 0 0 9.022 0 0 0 0 0 0 0 0 0 0
1 181.7 213 119.1 37.6 50.13 18.8 0 0 0 0 6.266 0 0 0 0 0 0 0 0 0
1 235 263.5 85.45 49.84 14.24 35.6 14.24 7.121 0 7.121 0 0 0 0 0 0 0 0 0 0
1 313.3 212 165.9 119.8 36.86 36.86 18.43 9.216 0 0 0 0 9.216 0 0 0 0 0 0 0
1 385.8 197.2 94.31 120 17.15 34.3 8.574 0 0 0 0 0 0 0 0 0 0 0 0 0
1 139.6 377.8 106.8 57.49 73.92 32.85 8.213 0 8.213 0 16.43 0 0 0 0 0 0 0 0 0
1 190.4 116.7 196.6 55.28 24.57 18.43 12.28 0 0 0 0 0 0 0 0 0 0 0 0 0
1 108.4 162.6 90.32 156.6 54.19 18.06 12.04 0 0 0 0 0 0 0 0 0 0 0 0 0
1 296.8 68.01 68.01 98.92 43.28 12.36 12.36 12.36 0 6.182 0 0 0 0 0 0 0 0 0 0
1 383.7 199.8 71.94 55.96 7.994 47.96 15.99 15.99 0 0 0 0 0 0 0 0 0 0 0 0
1 341 279.8 157.4 43.72 26.23 17.49 8.744 0 0 0 0 0 0 0 0 0 0 0 0 0
1 313.2 363.8 161.7 90.94 30.31 20.21 0 10.1 0 10.1 0 0 10.1 0 0 0 0 0 0 0
1 208.9 104.4 104.4 122.9 49.15 6.144 6.144 6.144 0 6.144 0 0 0 0 0 0 0 0 0 0
1 448.7 130.9 149.6 112.2 56.09 28.04 9.348 0 0 0 0 0 0 0 0 0 0 0 0 0
1 198 251.3 83.77 60.93 60.93 53.31 45.69 0 0 0 7.616 0 0 0 0 0 0 0 0 0
1 220.1 163.3 184.6 42.59 42.59 21.3 21.3 7.098 0 0 0 7.098 0 0 0 0 0 0 0 0
1 313.7 221.4 138.4 138.4 46.13 9.226 27.68 9.226 18.45 0 0 0 0 0 0 0 0 0 0 0
1 187.4 237.9 137 79.3 79.3 0 0 0 0 0 0 0 0 0 0 0 0 0 0 0
1 163.9 136.6 120.2 38.24 49.16 27.31 5.462 0 0 5.462 0 0 0 0 0 0 0 0 0 0
1 304.6 103.8 110.8 83.06 34.61 27.69 20.77 0 6.922 0 0 0 0 0 0 0 0 0 0 0
1 145.7 233.2 75.79 64.13 17.49 5.83 17.49 5.83 5.83 0 11.66 0 0 0 0 0 0 0 0 0
