Originally  
101 
A 
42	100	
1	1	NA	NA	
1	20	
1 0.03574 0.2502 1.572 0.5718 0.4289 0.3931 0.07148 0.03574 0.143 0.03574 0 0 0 0.03574 0 0 0 0 0 0
1 0.06548 0.2619 0.371 0.8512 0.1091 0.2401 0.131 0.04365 0.04365 0.04365 0 0 0 0.02183 0 0 0 0 0 0
1 0.04642 0.3481 0.3481 0.3481 0.557 0.2785 0.116 0.116 0.04642 0.04642 0 0.02321 0.02321 0 0 0 0 0 0 0.02321
1 0.02548 0.3058 0.688 0.4332 0.4077 0.2293 0.1274 0.1529 0.1019 0 0.02548 0 0 0.02548 0 0 0 0.02548 0 0
1 0.08561 0.3139 0.4566 0.6278 0.3995 0.1427 0.4281 0.1712 0.1142 0.02854 0.02854 0 0 0 0 0 0 0 0.05708 0
1 0.0719 0.2157 0.2445 0.2157 0.2588 0.08628 0.02876 0.1869 0.01438 0.04314 0.04314 0 0.01438 0 0 0 0 0 0 0.01438
1 0.0581 0.1937 0.4454 0.4261 0.2711 0.09684 0.1162 0.0581 0.1356 0.01937 0.09684 0.01937 0 0 0 0 0 0 0 0
1 0 0.2185 0.4682 0.2809 0.1873 0.06242 0.1092 0.04682 0.06242 0.03121 0.03121 0.04682 0 0.01561 0 0 0 0 0 0
1 0.01851 0.2221 0.4812 0.3516 0.3146 0.1295 0.1481 0.05552 0.03701 0.01851 0.01851 0.01851 0.01851 0 0 0.01851 0 0 0 0
1 0.1311 0.2185 0.3277 0.3496 0.437 0.2185 0.0874 0.06555 0.1092 0.02185 0.0437 0.0874 0.0437 0.0437 0 0 0 0 0 0
1 0 0.5547 0.2947 0.1907 0.2253 0.1733 0.1733 0 0.052 0.03467 0 0.01733 0.01733 0 0 0 0 0 0 0
1 0.08134 0.2644 0.9558 0.244 0.1017 0.04067 0.1627 0.06101 0 0.04067 0.02034 0.04067 0 0.02034 0 0 0 0 0 0
1 0.04246 0.3184 0.4033 0.6793 0.3184 0.1061 0.06368 0.08491 0.02123 0.02123 0 0.02123 0.04246 0 0 0 0 0 0 0
1 0.09529 0.2382 0.4129 0.1906 0.2859 0.07941 0.1271 0.01588 0.06353 0.03176 0 0 0.03176 0 0 0 0 0.01588 0 0
1 0 0.1375 0.6287 0.3143 0.2554 0.2947 0.07859 0.07859 0.05894 0.01965 0.01965 0.01965 0.03929 0 0 0.01965 0 0 0 0
1 0 0.2296 0.3827 0.4975 0.2296 0.2105 0.2296 0.03827 0 0.03827 0.01913 0.03827 0 0 0 0 0 0 0 0
1 0 0.1557 0.3398 0.2548 0.2548 0.1699 0.05663 0.07079 0.05663 0.04247 0.01416 0 0 0 0 0 0 0 0 0
1 0 0.188 0.376 0.3133 0.1567 0.1723 0.1567 0.047 0.094 0.01567 0.01567 0 0 0 0.01567 0 0 0 0.01567 0
1 0 0.1837 0.2162 0.2162 0.1945 0.09727 0.07566 0.04323 0.01081 0.04323 0 0 0 0 0 0 0 0 0 0
1 0.05586 0.1229 0.3017 0.1452 0.1452 0.08938 0.06704 0.1006 0.01117 0 0.06704 0 0.01117 0 0 0 0 0 0 0
1 0.05787 0.5016 0.2894 0.328 0.2315 0.1736 0.135 0.09646 0.03858 0.03858 0 0.01929 0.01929 0 0 0 0 0 0 0
1 0.04149 0.1798 0.4702 0.1936 0.1383 0.1106 0.04149 0.05532 0.06915 0.04149 0 0 0.01383 0.01383 0.01383 0 0 0 0 0
1 0.02619 0.2226 0.3143 0.3143 0.1179 0.131 0.0131 0.02619 0.02619 0.05239 0.0131 0 0.0131 0.02619 0 0 0 0 0 0.0131
1 0.01315 0.2104 0.3419 0.263 0.1841 0.1184 0.06575 0.0263 0.0263 0 0.0263 0.01315 0 0.01315 0 0.01315 0 0 0 0
1 0.02664 0.1732 0.4396 0.2131 0.1865 0.1332 0.03996 0.02664 0.01332 0.02664 0.01332 0.01332 0.01332 0.01332 0 0 0 0 0 0
1 0.03499 0.1283 0.2566 0.1983 0.21 0.06999 0.1166 0.02333 0.04666 0 0.02333 0.02333 0.01166 0.01166 0.01166 0 0 0 0 0
1 0.009173 0.1743 0.1468 0.1835 0.1468 0.1009 0.07339 0.04587 0.01835 0 0 0.009173 0 0.009173 0 0 0 0 0 0
1 0.05343 0.1959 0.4809 0.2137 0.1781 0.2493 0.1425 0.1069 0.1247 0.01781 0.01781 0 0 0 0 0 0 0 0 0
1 0.04193 0.2236 0.3215 0.4193 0.09784 0.02795 0.08386 0.04193 0.05591 0.04193 0.01398 0.01398 0 0 0 0 0 0 0.01398 0
1 0.05394 0.1978 0.5573 0.3955 0.3596 0.05394 0.05394 0.01798 0.03596 0.03596 0.01798 0 0.01798 0 0 0 0 0 0 0
1 0.03215 0.209 0.4179 0.4822 0.209 0.1607 0.03215 0.01607 0.01607 0 0.03215 0 0 0 0 0 0 0 0 0
1 0.01933 0.3093 0.6378 0.3093 0.3093 0.1546 0.09664 0.01933 0.03866 0 0.01933 0 0 0.01933 0 0 0 0 0 0
1 0.05722 0.1526 0.4387 0.4959 0.3433 0.2098 0.07629 0.03815 0.01907 0.03815 0.01907 0 0 0 0 0 0.01907 0 0 0
1 0.05803 0.1161 0.3133 0.2437 0.1625 0.08124 0.06963 0.05803 0.03482 0 0.01161 0.01161 0 0 0 0 0 0 0 0
1 0.08261 0.5783 0.4131 0.1652 0.1859 0.2065 0.1652 0.1446 0.04131 0.04131 0.02065 0 0 0 0 0 0.02065 0 0 0
1 0.08418 0.6173 1.066 0.2806 0.1122 0.1964 0.1684 0.02806 0.1403 0 0.02806 0.02806 0.02806 0 0.02806 0 0 0 0 0
1 0 0.2684 0.5162 0.6401 0.3097 0.0413 0.1032 0.06195 0.06195 0 0.0413 0 0 0.02065 0 0 0 0 0 0
1 0.02348 0.1644 0.6575 0.4461 0.4931 0.1644 0.1174 0.1409 0.07044 0.02348 0.04696 0 0 0 0 0 0 0 0 0
1 0.0436 0.2616 0.3488 0.6322 0.3706 0.327 0.06539 0.0218 0.0436 0.0436 0.0218 0 0 0 0 0 0 0 0 0
1 0.05825 0.2718 0.3107 0.3689 0.3884 0.1359 0.233 0.05825 0 0.03884 0.01942 0.03884 0 0.01942 0 0 0 0 0 0
1 0.07153 0.304 0.4828 0.1967 0.08941 0.2146 0.1431 0.1788 0.07153 0 0 0.01788 0 0.01788 0 0 0 0 0 0
1 0.03313 0.2651 0.4804 0.2816 0.1988 0.06626 0.08283 0.06626 0.116 0.0497 0 0 0.01657 0 0 0 0 0 0 0
1 0.0707 0.3252 0.2687 0.3252 0.1838 0.05656 0.05656 0.0707 0.01414 0.01414 0 0 0 0.02828 0 0 0 0 0 0
1 0 0.292 0.346 0.119 0.1081 0.09732 0.03244 0.01081 0.04325 0.01081 0.01081 0 0 0 0 0.01081 0 0 0 0
1 0.05983 0.1795 0.5086 0.2094 0.1197 0.1795 0.05983 0.05983 0.04487 0.02991 0 0.02991 0 0 0 0 0 0 0 0.01496
1 0 0.13 0.2245 0.39 0.2009 0.03545 0.04727 0.04727 0.02364 0.02364 0.01182 0.01182 0.01182 0.01182 0 0.01182 0 0 0 0
1 0.02685 0.09399 0.3088 0.2417 0.282 0.1208 0.06714 0.04028 0.05371 0.04028 0.01343 0.04028 0 0 0 0 0 0.01343 0 0
1 0.04318 0.2807 0.1403 0.09715 0.1187 0.1835 0.03238 0.02159 0.07556 0.02159 0.01079 0.01079 0 0.01079 0.03238 0 0 0 0 0
1 0.07601 0.3611 0.4561 0.266 0.171 0.133 0.228 0.07601 0.07601 0.019 0.019 0 0 0 0.019 0 0 0 0 0
1 0.04756 0.1744 0.4281 0.2854 0.1585 0.1585 0.06342 0.09513 0.09513 0.01585 0 0.01585 0 0.01585 0 0.01585 0.01585 0 0 0
1 0.05083 0.2033 0.5422 0.3897 0.2033 0.01694 0.06777 0.05083 0.03388 0.01694 0.05083 0.05083 0 0 0.01694 0 0 0 0 0
1 0.0417 0.139 0.4309 0.2919 0.2224 0.0834 0.0695 0.0417 0.0417 0 0.0139 0 0.0139 0 0 0 0 0 0 0
1 0.01742 0.331 0.3135 0.4006 0.3658 0.209 0.05226 0.05226 0 0 0 0 0 0 0 0 0 0 0 0
1 0.04469 0.4022 0.6927 0.3575 0.1341 0.2235 0.2011 0.06704 0 0.02235 0 0.04469 0 0.02235 0 0 0 0 0 0.02235
1 0.04564 0.1978 0.4564 0.3651 0.1217 0.09128 0.09128 0.04564 0.04564 0.01521 0 0 0.01521 0 0 0 0 0.01521 0 0.01521
1 0.04782 0.3347 0.6694 0.3347 0.3347 0.1434 0.2152 0.1434 0.07172 0.04782 0.02391 0 0 0 0.02391 0 0 0 0 0
1 0.03304 0.2478 0.479 0.2973 0.1982 0.1817 0.08259 0.03304 0.03304 0.03304 0.03304 0 0 0 0 0 0 0 0 0
1 0.06766 0.1353 0.406 0.4567 0.2876 0.1015 0.08458 0.06766 0.03383 0.01692 0.03383 0 0 0 0 0 0 0 0 0
1 0.1436 0.7178 0.3487 0.2461 0.3076 0.08204 0.08204 0.06153 0.02051 0.02051 0.02051 0 0 0 0 0 0 0 0 0
