 landings-at-age - landings.n (units : NA )
1	2	
42	100	
1	20	
1 
0.3123 3.249 9.757 8.016 5.344 3.833 2.874 1.928 1.412 0.9472 0.6315 0.4453 0.3252 0.2255 0.1459 0.09857 0.07162 0.04774 0.03436 0.07395
0.1676 1.988 5.071 4.408 3.027 2.018 1.447 1.085 0.7281 0.5332 0.3577 0.2385 0.1682 0.1228 0.08516 0.05508 0.03722 0.02704 0.01803 0.0409
0.2357 2.762 8.011 5.969 4.348 2.986 1.99 1.428 1.071 0.7182 0.5259 0.3528 0.2352 0.1659 0.1211 0.084 0.05433 0.03671 0.02668 0.05812
0.216 2.415 6.917 5.823 3.63 2.644 1.816 1.21 0.8681 0.6511 0.4367 0.3198 0.2146 0.143 0.1009 0.07367 0.05108 0.03304 0.02233 0.05157
0.2846 3.239 8.806 7.324 5.161 3.217 2.344 1.609 1.073 0.7694 0.577 0.3871 0.2835 0.1902 0.1268 0.0894 0.06529 0.04527 0.02929 0.06549
0.2403 2.697 7.474 5.867 4.078 2.873 1.791 1.305 0.896 0.5973 0.4284 0.3213 0.2155 0.1578 0.1059 0.07058 0.04978 0.03635 0.02521 0.05277
0.2139 2.294 6.295 5.06 3.322 2.309 1.627 1.014 0.7388 0.5073 0.3382 0.2426 0.1819 0.122 0.08936 0.05995 0.03997 0.02818 0.02058 0.04415
0.2525 2.984 7.799 6.219 4.185 2.748 1.909 1.346 0.8388 0.611 0.4196 0.2797 0.2006 0.1504 0.1009 0.0739 0.04958 0.03305 0.02331 0.05354
0.2615 2.918 8.389 6.342 4.228 2.845 1.868 1.298 0.9149 0.5703 0.4154 0.2853 0.1902 0.1364 0.1023 0.06862 0.05025 0.03371 0.02247 0.05225
0.2506 2.692 7.316 6.08 3.842 2.562 1.724 1.132 0.7866 0.5543 0.3455 0.2517 0.1728 0.1152 0.08264 0.06198 0.04157 0.03044 0.02042 0.04527
0.2622 3.074 8.033 6.32 4.393 2.776 1.851 1.246 0.8178 0.5683 0.4005 0.2497 0.1819 0.1249 0.08325 0.05971 0.04478 0.03004 0.022 0.04747
0.3109 3.2 9.1 6.866 4.515 3.139 1.984 1.322 0.8898 0.5843 0.406 0.2861 0.1784 0.1299 0.08922 0.05948 0.04266 0.03199 0.02146 0.04963
0.2697 3.101 7.758 6.359 4.008 2.636 1.832 1.158 0.772 0.5194 0.3411 0.237 0.167 0.1041 0.07585 0.05208 0.03472 0.0249 0.01868 0.0415
0.2874 3.125 8.733 6.313 4.326 2.726 1.793 1.246 0.7877 0.5252 0.3534 0.232 0.1612 0.1136 0.07083 0.0516 0.03543 0.02362 0.01694 0.04094
0.3292 3.479 9.175 7.398 4.47 3.063 1.931 1.27 0.8825 0.5577 0.3719 0.2502 0.1643 0.1142 0.08045 0.05015 0.03653 0.02509 0.01672 0.04098
0.333 3.522 9.029 6.858 4.619 2.791 1.912 1.205 0.7927 0.551 0.3482 0.2322 0.1562 0.1026 0.07128 0.05023 0.03131 0.02281 0.01566 0.03603
0.3201 3.503 9.003 6.657 4.225 2.846 1.719 1.178 0.7425 0.4883 0.3395 0.2145 0.143 0.09624 0.06319 0.04391 0.03094 0.01929 0.01405 0.03184
0.3297 3.735 9.927 7.366 4.553 2.889 1.946 1.176 0.8057 0.5078 0.334 0.2322 0.1467 0.09782 0.06582 0.04322 0.03003 0.02116 0.01319 0.03139
0.2924 3.083 8.508 6.528 4.047 2.502 1.588 1.069 0.6461 0.4427 0.279 0.1835 0.1276 0.08061 0.05375 0.03616 0.02375 0.0165 0.01163 0.0245
0.2838 3.128 8.049 6.438 4.132 2.562 1.583 1.005 0.6769 0.4089 0.2802 0.1766 0.1162 0.08074 0.05103 0.03402 0.02289 0.01503 0.01045 0.02287
0.223 2.382 6.436 4.811 3.22 2.066 1.281 0.7919 0.5026 0.3385 0.2045 0.1401 0.08833 0.05809 0.04038 0.02552 0.01701 0.01145 0.007517 0.01666
0.2269 2.635 6.908 5.447 3.411 2.283 1.465 0.9084 0.5615 0.3563 0.24 0.145 0.09937 0.06263 0.04119 0.02863 0.01809 0.01206 0.008117 0.01714
0.3579 3.987 11.27 8.597 5.678 3.556 2.38 1.527 0.9469 0.5852 0.3714 0.2502 0.1511 0.1036 0.06528 0.04293 0.02984 0.01886 0.01257 0.02633
0.2291 2.66 7.244 5.915 3.77 2.49 1.559 1.044 0.6698 0.4153 0.2567 0.1629 0.1097 0.06629 0.04543 0.02863 0.01883 0.01309 0.008271 0.01706
0.1818 2.118 6.041 4.796 3.279 2.09 1.381 0.8645 0.5786 0.3713 0.2302 0.1423 0.0903 0.06082 0.03675 0.02518 0.01587 0.01044 0.007256 0.01404
0.3259 3.592 10.2 8.484 5.644 3.859 2.46 1.625 1.017 0.6809 0.437 0.2709 0.1675 0.1063 0.07158 0.04325 0.02964 0.01868 0.01228 0.02507
0.223 2.429 6.547 5.373 3.736 2.486 1.7 1.083 0.7156 0.4481 0.2999 0.1925 0.1193 0.07375 0.04681 0.03153 0.01905 0.01305 0.008227 0.01645
0.2389 2.615 6.978 5.482 3.768 2.62 1.743 1.192 0.7597 0.5017 0.3142 0.2103 0.135 0.08368 0.05172 0.03282 0.02211 0.01336 0.009153 0.0173
0.3037 3.238 8.656 6.721 4.421 3.038 2.113 1.406 0.9611 0.6126 0.4046 0.2534 0.1696 0.1088 0.06748 0.04171 0.02647 0.01783 0.01077 0.02134
0.2892 3.404 8.852 6.859 4.455 2.93 2.014 1.4 0.9317 0.637 0.4061 0.2682 0.1679 0.1124 0.07213 0.04473 0.02764 0.01754 0.01182 0.02128
0.2521 2.836 8.158 6.152 3.987 2.59 1.704 1.171 0.8142 0.5416 0.3704 0.2361 0.1559 0.09763 0.06534 0.04194 0.026 0.01607 0.0102 0.01924
0.206 2.243 6.192 5.184 3.272 2.121 1.377 0.9061 0.6227 0.433 0.2881 0.197 0.1256 0.08292 0.05193 0.03475 0.0223 0.01383 0.008547 0.01566
0.3633 3.943 10.45 8.408 5.898 3.722 2.413 1.567 1.031 0.7084 0.4926 0.3277 0.2241 0.1428 0.09434 0.05907 0.03954 0.02537 0.01573 0.02754
0.2718 3.064 8.112 6.208 4.174 2.928 1.848 1.198 0.7779 0.5117 0.3517 0.2445 0.1627 0.1112 0.07091 0.04683 0.02933 0.01963 0.0126 0.02148
0.2531 2.834 7.818 6.016 3.853 2.591 1.817 1.147 0.7433 0.4828 0.3176 0.2183 0.1518 0.101 0.06904 0.04401 0.02906 0.0182 0.01218 0.02115
0.3337 3.77 10.28 8.242 5.309 3.4 2.286 1.603 1.012 0.656 0.4261 0.2803 0.1926 0.1339 0.0891 0.06093 0.03884 0.02565 0.01606 0.02941
0.3187 3.782 10.38 8.178 5.48 3.53 2.261 1.52 1.066 0.6729 0.4362 0.2833 0.1863 0.1281 0.08905 0.05925 0.04051 0.02582 0.01705 0.03024
0.3394 3.651 10.52 8.339 5.49 3.679 2.37 1.518 1.02 0.7158 0.4518 0.2928 0.1902 0.1251 0.08598 0.05979 0.03977 0.0272 0.01734 0.03175
0.3218 3.514 9.191 7.645 5.063 3.334 2.234 1.439 0.9216 0.6196 0.4346 0.2743 0.1778 0.1155 0.07595 0.0522 0.0363 0.02415 0.01651 0.0298
0.2979 3.456 9.187 6.948 4.832 3.2 2.107 1.412 0.9094 0.5825 0.3916 0.2747 0.1734 0.1124 0.07298 0.04801 0.03299 0.02294 0.01526 0.02927
0.2343 2.532 7.185 5.535 3.5 2.434 1.612 1.061 0.7113 0.4581 0.2935 0.1973 0.1384 0.08734 0.05661 0.03677 0.02419 0.01662 0.01156 0.02244
0.2359 2.682 7.101 5.869 3.786 2.394 1.665 1.103 0.726 0.4865 0.3134 0.2007 0.1349 0.09465 0.05974 0.03872 0.02515 0.01654 0.01137 0.02325
0.3164 3.438 9.531 7.337 5.077 3.275 2.071 1.44 0.954 0.6281 0.4209 0.2711 0.1736 0.1167 0.08188 0.05168 0.0335 0.02176 0.01431 0.02995
0.3205 3.466 9.17 7.355 4.734 3.276 2.113 1.336 0.9294 0.6156 0.4053 0.2716 0.1749 0.112 0.07532 0.05283 0.03335 0.02161 0.01404 0.02856
0.3312 3.324 8.767 6.715 4.503 2.899 2.006 1.294 0.8183 0.5691 0.3769 0.2481 0.1663 0.1071 0.0686 0.04612 0.03235 0.02042 0.01323 0.02608
0.2782 2.951 7.25 5.55 3.556 2.385 1.535 1.062 0.6853 0.4334 0.3014 0.1996 0.1314 0.08806 0.05672 0.03633 0.02443 0.01713 0.01081 0.02082
0.2415 2.649 6.903 4.946 3.171 2.031 1.362 0.877 0.6069 0.3915 0.2476 0.1722 0.114 0.07507 0.0503 0.0324 0.02075 0.01395 0.009787 0.01807
0.3968 4.357 11.66 8.869 5.324 3.413 2.187 1.467 0.9441 0.6533 0.4214 0.2665 0.1853 0.1228 0.08082 0.05415 0.03488 0.02234 0.01502 0.02999
0.4673 5.067 13.5 10.45 6.642 3.988 2.556 1.638 1.098 0.7071 0.4893 0.3156 0.1996 0.1388 0.09194 0.06053 0.04056 0.02613 0.01673 0.03371
0.5004 5.371 14.11 10.83 6.999 4.45 2.671 1.713 1.097 0.7359 0.4737 0.3278 0.2115 0.1337 0.093 0.0616 0.04055 0.02717 0.0175 0.0338
0.4472 4.98 12.98 9.817 6.294 4.068 2.586 1.553 0.9954 0.6378 0.4277 0.2753 0.1905 0.1229 0.07773 0.05406 0.0358 0.02357 0.01579 0.02982
0.2773 3.46 9.423 7.103 4.491 2.879 1.861 1.183 0.7103 0.4554 0.2918 0.1957 0.126 0.08717 0.05623 0.03556 0.02473 0.01638 0.01078 0.02087
0.2283 2.626 8.05 6.391 4.035 2.551 1.635 1.057 0.6721 0.4035 0.2587 0.1657 0.1111 0.07155 0.04951 0.03194 0.0202 0.01405 0.009303 0.01798
0.2659 2.729 7.711 6.908 4.596 2.901 1.834 1.176 0.7602 0.4833 0.2901 0.186 0.1192 0.07993 0.05145 0.0356 0.02297 0.01452 0.0101 0.01962
0.3095 3.723 9.351 7.707 5.784 3.848 2.429 1.536 0.9847 0.6365 0.4047 0.2429 0.1558 0.09979 0.06693 0.04308 0.02981 0.01923 0.01216 0.02488
0.3614 4.265 12.49 9.111 6.285 4.717 3.138 1.981 1.253 0.803 0.5191 0.33 0.1981 0.127 0.08138 0.05458 0.03513 0.02431 0.01568 0.03021
0.4415 4.627 13.24 11.2 6.83 4.711 3.536 2.352 1.485 0.939 0.602 0.3891 0.2474 0.1485 0.09521 0.061 0.04091 0.02633 0.01822 0.0344
0.2922 3.172 8.119 6.702 4.736 2.887 1.991 1.495 0.9943 0.6277 0.3969 0.2544 0.1645 0.1046 0.06277 0.04024 0.02578 0.01729 0.01113 0.02224
0.3071 3.211 8.541 6.365 4.399 3.109 1.895 1.307 0.9811 0.6527 0.4121 0.2605 0.167 0.108 0.06864 0.04121 0.02642 0.01693 0.01135 0.02191
