Originally  
101 
A 
2	100	
1	1	NA	NA	
1	20	
1 404.2 278.8 209.1 181.2 69.7 41.82 69.7 55.76 13.94 27.88 0 0 41.82 0 0 0 0 0 0 0
1 697.7 268.3 268.3 125.2 107.3 107.3 71.56 17.89 53.67 17.89 17.89 17.89 0 0 0 17.89 0 0 0 0
1 360.5 360.5 167.4 128.8 77.25 38.63 51.5 25.75 25.75 12.88 0 0 25.75 12.88 0 0 0 0 0 0
1 251 210.9 251 100.4 70.29 40.17 10.04 40.17 20.08 0 0 0 0 10.04 0 0 0 0 0 0
1 229.5 205.4 157.1 277.9 84.57 108.7 48.33 12.08 12.08 24.16 12.08 0 24.16 0 0 0 0 0 0 12.08
1 332.1 288.8 173.3 202.2 173.3 130 28.88 28.88 28.88 14.44 14.44 14.44 0 0 0 14.44 0 0 0 0
1 281.1 295.1 323.2 98.38 126.5 112.4 56.22 42.16 28.11 0 0 14.05 0 14.05 0 0 0 0 0 14.05
1 371.9 269.3 218 102.6 76.94 64.12 51.29 38.47 25.65 12.82 12.82 25.65 0 12.82 0 0 0 0 0 0
1 451 270.6 103.1 128.9 103.1 51.55 25.77 51.55 0 38.66 25.77 12.89 0 12.89 0 0 12.89 0 0 0
1 259.1 327.3 259.1 136.4 95.45 122.7 0 54.54 54.54 0 0 13.64 13.64 0 13.64 0 0 13.64 0 0
1 571.5 222.2 254 190.5 63.5 63.5 31.75 47.62 63.5 63.5 0 15.87 0 0 0 0 0 0 0 0
1 396.5 312.4 132.2 96.13 84.12 60.08 24.03 24.03 24.03 12.02 12.02 0 24.03 0 0 0 0 0 0 0
1 145.1 290.3 228.1 103.7 103.7 10.37 31.1 20.73 0 20.73 31.1 20.73 0 10.37 0 0 10.37 0 0 10.37
1 272.9 127.3 209.2 100 54.57 81.86 0 27.29 9.095 0 18.19 9.095 0 0 0 0 0 0 0 0
1 433 324.7 135.3 108.2 135.3 40.59 40.59 67.66 27.06 13.53 13.53 0 0 0 0 0 0 0 0 13.53
1 485.5 399.8 214.2 85.67 57.11 71.39 0 14.28 57.11 14.28 14.28 0 0 0 14.28 0 0 0 0 0
1 230.5 266.9 327.5 169.8 48.53 48.53 60.66 12.13 12.13 12.13 0 0 12.13 0 0 0 0 12.13 0 0
1 434.3 89.08 189.3 133.6 122.5 66.81 44.54 11.14 11.14 0 0 0 0 11.14 0 0 0 0 0 0
1 233 233 158.9 137.7 158.9 42.37 31.77 10.59 31.77 0 21.18 0 0 0 0 0 0 0 0 0
1 786.5 262.2 209.7 69.91 104.9 139.8 34.96 69.91 17.48 52.44 0 0 0 0 0 0 0 0 0 0
1 360.1 324.1 132 156 48.01 72.01 12 48.01 24 0 12 12 0 0 0 0 0 0 0 0
1 419.5 495.8 362.3 152.6 133.5 57.21 95.35 38.14 19.07 0 57.21 38.14 0 0 38.14 0 0 0 0 0
1 462.8 385.7 289.3 289.3 154.3 115.7 77.13 38.57 38.57 38.57 0 0 0 0 19.28 19.28 0 0 0 0
1 226.1 150.7 263.8 163.3 175.9 113.1 37.69 37.69 12.56 25.12 37.69 0 0 0 0 0 0 0 0 12.56
1 648.5 108.1 180.1 378.3 144.1 144.1 54.04 54.04 36.03 18.01 0 0 18.01 18.01 0 0 0 0 0 0
1 315.7 242.8 133.6 36.42 145.7 72.85 97.13 48.57 36.42 0 24.28 0 24.28 12.14 0 12.14 0 0 0 12.14
1 222.7 169 107.5 61.44 38.4 61.44 38.4 7.68 15.36 30.72 7.68 7.68 0 0 0 0 0 0 0 0
1 564.1 245.9 144.6 188 28.93 57.86 57.86 43.39 86.78 28.93 0 0 0 0 0 0 0 0 0 0
1 305.6 305.6 63.22 42.15 94.83 21.07 63.22 52.68 0 31.61 31.61 21.07 0 10.54 10.54 0 0 0 0 0
1 393.3 215.7 203 76.12 63.43 203 25.37 25.37 25.37 0 0 0 12.69 0 12.69 0 0 0 0 12.69
1 313 139.1 139.1 69.55 69.55 34.77 43.47 17.39 8.694 26.08 8.694 0 0 0 0 0 0 0 0 0
1 381.6 196 82.51 92.83 92.83 30.94 20.63 72.2 10.31 0 20.63 0 10.31 0 10.31 0 0 10.31 0 0
1 289.4 171.8 117.6 81.39 99.47 27.13 45.21 18.09 9.043 9.043 9.043 9.043 9.043 0 0 0 9.043 0 0 0
1 639.6 269.3 319.8 151.5 84.16 84.16 33.67 16.83 16.83 50.5 0 0 0 0 0 0 0 0 0 16.83
1 400 361.3 154.8 141.9 64.51 51.61 51.61 12.9 12.9 12.9 0 12.9 0 0 0 12.9 0 0 0 0
1 490.5 363.9 221.5 158.2 94.93 110.8 15.82 79.11 31.64 0 0 15.82 0 0 0 0 0 0 0 0
1 572.8 318.2 159.1 111.4 111.4 63.65 143.2 0 15.91 0 47.74 15.91 0 0 15.91 0 15.91 0 0 0
1 572.2 261.6 228.9 147.1 196.2 65.39 32.69 65.39 0 16.35 32.69 16.35 0 0 0 0 0 0 0 0
1 515.7 500.6 166.9 91.01 60.67 30.34 45.51 60.67 0 0 15.17 0 0 15.17 0 15.17 0 0 0 0
1 593.2 479.2 638.9 182.5 22.82 91.27 68.45 68.45 45.63 68.45 0 22.82 0 0 0 0 0 0 0 0
1 442.7 228.5 314.2 157.1 85.68 71.4 42.84 42.84 28.56 0 0 0 0 0 0 14.28 0 0 0 0
1 540.3 226.6 331.2 226.6 139.4 104.6 34.86 69.72 34.86 0 17.43 17.43 0 0 0 0 0 0 0 0
1 665.8 246.1 246.1 0 57.9 57.9 57.9 57.9 14.47 0 14.47 0 14.47 0 0 0 0 14.47 0 0
1 383.9 680.5 174.5 191.9 122.1 52.35 104.7 0 0 0 17.45 17.45 0 0 0 0 0 0 0 0
1 197.3 256.5 187.4 108.5 128.2 29.59 39.46 19.73 9.864 0 0 9.864 0 0 0 0 0 0 0 0
1 658 214.6 200.3 186 57.22 14.3 0 28.61 28.61 14.3 0 14.3 14.3 0 0 0 0 0 0 0
1 607.2 647.7 242.9 101.2 182.2 40.48 80.96 20.24 40.48 0 0 20.24 20.24 20.24 0 0 0 0 0 0
1 541.3 645.4 312.3 104.1 145.7 124.9 20.82 62.46 0 20.82 62.46 0 20.82 0 20.82 0 0 0 0 0
1 388.5 267.9 174.2 174.2 107.2 80.38 66.99 26.79 13.4 13.4 13.4 13.4 0 0 0 0 0 0 0 0
1 406.9 211 271.3 256.2 165.8 30.14 60.29 15.07 30.14 15.07 15.07 15.07 0 15.07 0 0 0 0 0 0
1 355.9 294.5 208.6 159.5 98.17 61.36 0 24.54 24.54 0 0 0 0 0 0 0 0 0 0 0
1 591.3 295.7 251.3 133.1 59.13 73.92 73.92 0 0 0 0 0 0 0 0 0 0 0 0 0
1 217 331.3 228.5 114.2 68.54 45.69 68.54 22.85 11.42 11.42 11.42 0 0 11.42 0 0 0 0 0 0
1 353 176.5 211.8 200 94.12 35.3 11.77 23.53 23.53 0 23.53 11.77 0 0 0 0 0 0 0 11.77
1 476 225.5 75.16 175.4 137.8 62.63 12.53 25.05 25.05 0 0 12.53 0 0 0 0 25.05 0 0 0
1 275.7 427.4 165.4 82.71 137.9 96.5 82.71 68.93 27.57 0 13.79 0 0 0 0 0 0 0 0 0
1 297.4 134.3 220.7 105.5 47.97 38.37 57.56 19.19 9.594 0 9.594 9.594 0 0 0 0 9.594 0 0 0
1 315.7 350.8 128.6 152 93.55 46.77 35.08 0 23.39 23.39 0 0 0 0 0 0 0 0 0 0
1 573.7 213.5 173.5 93.4 106.7 26.68 26.68 40.03 0 26.68 26.68 0 0 13.34 0 0 13.34 0 0 0
1 265.3 339.6 191 106.1 31.84 53.06 31.84 10.61 0 0 0 21.22 0 10.61 0 0 0 0 0 0
1 515.3 191.7 251.7 107.9 47.93 23.97 35.95 0 11.98 0 11.98 0 0 0 0 0 0 0 0 0
1 244.5 366.7 188.9 166.7 77.79 33.34 0 11.11 11.11 0 0 0 0 0 0 0 11.11 0 0 0
1 286.4 176.2 242.3 121.2 154.2 44.06 0 22.03 11.01 11.01 11.01 11.01 0 0 0 0 11.01 0 0 0
1 495.2 171.8 80.85 90.96 60.64 60.64 30.32 0 10.11 0 10.11 0 0 0 0 0 0 0 0 0
1 354.3 341.2 170.6 39.36 157.5 39.36 118.1 26.24 26.24 0 0 0 0 13.12 13.12 0 0 0 13.12 0
1 694.7 226.2 210 145.4 48.47 96.94 64.63 48.47 32.31 16.16 16.16 0 0 0 0 0 0 0 0 16.16
1 357.4 580.7 193.6 178.7 74.45 0 29.78 14.89 44.67 14.89 0 0 0 0 0 0 0 0 0 0
1 369.6 310.5 340 162.6 147.8 88.7 14.78 0 14.78 14.78 0 14.78 0 0 0 0 0 0 0 0
1 416.8 336.7 224.4 336.7 80.16 80.16 16.03 48.1 48.1 0 0 0 16.03 0 0 0 0 0 0 0
1 445.9 366.2 222.9 159.2 254.8 47.77 31.85 0 0 15.92 0 15.92 15.92 0 0 15.92 0 0 0 0
1 627.9 334.9 272.1 188.4 188.4 230.2 20.93 83.71 83.71 41.86 20.93 0 0 0 0 0 0 0 0 0
1 305.8 474.1 214.1 214.1 30.58 76.46 76.46 61.17 30.58 15.29 0 0 0 30.58 0 0 0 0 0 0
1 460.4 206.4 381 206.4 79.38 63.51 79.38 79.38 15.88 15.88 0 0 0 0 0 0 0 0 0 0
1 194.5 315 111.2 157.5 46.32 46.32 9.264 0 18.53 9.264 0 0 9.264 9.264 0 0 0 0 0 0
1 200.4 240.5 150.3 70.15 140.3 80.18 60.13 0 20.04 40.09 0 0 0 0 0 0 0 0 0 0
1 220.3 91.15 205.1 75.96 60.77 45.57 22.79 15.19 0 0 7.596 0 0 0 0 0 0 7.596 0 7.596
1 964.6 236.6 91 163.8 127.4 18.2 72.8 36.4 36.4 18.2 18.2 18.2 0 0 0 0 0 0 0 18.2
1 468.3 568.6 217.4 100.3 100.3 33.45 33.45 66.9 50.17 16.72 16.72 0 0 0 0 0 0 0 0 0
1 275.3 337.9 312.9 87.61 50.06 50.06 37.55 12.52 12.52 37.55 12.52 12.52 0 0 0 12.52 0 0 0 0
1 623.2 155.8 254.9 269.1 14.16 28.33 28.33 0 14.16 28.33 0 0 0 0 0 0 0 0 0 0
1 272.7 243.5 87.65 136.3 107.1 48.69 38.95 9.739 0 9.739 9.739 9.739 0 0 0 0 0 0 0 0
1 131.8 191.2 118.7 46.15 112.1 26.37 6.592 6.592 0 6.592 6.592 6.592 0 0 0 0 0 0 0 0
1 183.1 124.5 139.2 87.91 36.63 73.26 58.61 7.326 0 0 21.98 0 0 0 0 0 0 0 0 0
1 360.3 400.4 120.1 80.07 160.1 66.73 13.35 93.42 13.35 0 0 0 0 0 13.35 0 13.35 0 0 0
1 543.8 193.3 229.6 48.34 72.5 48.34 12.08 12.08 12.08 12.08 12.08 0 0 0 0 0 0 0 0 12.08
1 635.6 317.8 63.56 152.5 63.56 12.71 25.42 0 0 0 0 0 0 0 0 0 0 0 0 0
1 493.6 595.7 323.4 85.1 17.02 68.08 0 85.1 17.02 0 0 17.02 0 0 0 0 0 0 0 0
1 348.8 367.2 550.8 312.1 91.8 91.8 0 18.36 18.36 0 0 18.36 0 0 0 0 18.36 0 0 0
1 233 192.5 101.3 212.8 111.4 50.66 60.79 10.13 30.39 10.13 0 0 0 0 0 0 0 0 0 0
1 262.5 432.3 154.4 185.3 231.6 61.76 15.44 77.2 15.44 61.76 0 15.44 15.44 15.44 0 0 0 0 0 0
1 260.8 173.8 336.8 65.19 32.59 119.5 65.19 10.86 21.73 0 0 0 0 0 0 0 0 0 0 0
1 218.8 229.2 156.3 156.3 114.6 52.1 41.68 41.68 0 10.42 20.84 0 0 0 0 0 0 0 0 0
1 405 171.8 171.8 159.6 110.5 61.37 49.09 49.09 49.09 0 0 0 0 0 0 0 0 0 0 0
1 328.8 195.7 70.45 62.62 46.96 31.31 23.48 7.827 7.827 7.827 0 0 0 0 0 0 0 0 0 0
1 298.9 287.4 264.4 91.98 68.98 34.49 45.99 11.5 11.5 11.5 22.99 0 0 0 0 0 0 0 0 0
1 410.1 238.1 211.7 172 132.3 66.14 39.69 39.69 0 0 0 0 13.23 0 0 0 0 0 0 0
1 244.8 401.5 58.75 68.54 78.33 39.17 9.792 19.58 9.792 9.792 19.58 0 9.792 0 0 0 0 0 0 9.792
1 271.2 187 177.7 112.2 46.76 37.41 56.11 18.7 9.352 0 18.7 0 0 0 0 0 0 0 0 0
1 170 286.8 148.7 170 95.6 74.36 63.73 31.87 0 0 10.62 10.62 0 0 0 0 0 0 0 0
