 landings-at-age - landings.n (units : NA )
1	2	
2	100	
1	20	
1 
0.02659 0.2984 0.8352 0.6934 0.4839 0.3377 0.2357 0.1644 0.1148 0.08008 0.05589 0.039 0.02722 0.01899 0.01325 0.009249 0.006454 0.004504 0.003143 0.007259
0.007002 0.05216 0.1462 0.1214 0.08475 0.05914 0.04127 0.0288 0.0201 0.01403 0.009787 0.00683 0.004766 0.003326 0.002321 0.00162 0.00113 0.0007888 0.0005504 0.001271
0.004207 0.07862 0.1464 0.1219 0.08515 0.05942 0.04147 0.02894 0.02019 0.01409 0.009834 0.006862 0.004789 0.003342 0.002332 0.001627 0.001136 0.0007925 0.000553 0.001277
0.003327 0.04724 0.2206 0.122 0.08549 0.0597 0.04166 0.02907 0.02029 0.01416 0.00988 0.006895 0.004811 0.003358 0.002343 0.001635 0.001141 0.0007963 0.0005557 0.001283
0.003604 0.03736 0.1325 0.184 0.08557 0.05994 0.04186 0.02921 0.02038 0.01423 0.009927 0.006927 0.004834 0.003374 0.002354 0.001643 0.001146 8e-04 0.0005583 0.001289
0.003962 0.04047 0.1048 0.1105 0.129 0.06 0.04203 0.02935 0.02048 0.01429 0.009974 0.00696 0.004857 0.00339 0.002365 0.001651 0.001152 0.0008038 0.0005609 0.001295
0.003703 0.04449 0.1135 0.08741 0.0775 0.09043 0.04207 0.02947 0.02058 0.01436 0.01002 0.006993 0.00488 0.003406 0.002377 0.001658 0.001157 0.0008076 0.0005636 0.001302
0.003633 0.04158 0.1248 0.09468 0.06129 0.05434 0.06341 0.0295 0.02066 0.01443 0.01007 0.007026 0.004903 0.003422 0.002388 0.001666 0.001163 0.0008114 0.0005663 0.001308
0.004932 0.04079 0.1167 0.1041 0.06639 0.04297 0.0381 0.04446 0.02068 0.01449 0.01012 0.00706 0.004926 0.003438 0.002399 0.001674 0.001168 0.0008153 0.0005689 0.001314
0.003297 0.05538 0.1145 0.09729 0.07299 0.04655 0.03013 0.02671 0.03117 0.0145 0.01016 0.007093 0.00495 0.003454 0.00241 0.001682 0.001174 0.0008191 0.0005716 0.00132
0.004982 0.03701 0.1554 0.09545 0.06822 0.05118 0.03264 0.02112 0.01873 0.02186 0.01017 0.007121 0.004973 0.003471 0.002422 0.00169 0.001179 0.000823 0.0005743 0.001326
0.005224 0.05594 0.1039 0.1296 0.06692 0.04783 0.03588 0.02288 0.01481 0.01313 0.01532 0.007128 0.004993 0.003487 0.002433 0.001698 0.001185 0.0008269 0.0005771 0.001333
0.003144 0.05865 0.157 0.08661 0.09085 0.04692 0.03353 0.02516 0.01604 0.01038 0.009207 0.01074 0.004998 0.003501 0.002445 0.001706 0.001191 0.0008308 0.0005798 0.001339
0.004887 0.03531 0.1646 0.1309 0.06072 0.0637 0.0329 0.02351 0.01764 0.01125 0.007281 0.006455 0.007533 0.003504 0.002455 0.001714 0.001196 0.0008348 0.0005825 0.001345
0.006125 0.05487 0.09907 0.1372 0.09177 0.04258 0.04466 0.02307 0.01649 0.01237 0.007887 0.005105 0.004526 0.005282 0.002457 0.001721 0.001202 0.0008387 0.0005853 0.001352
0.0053 0.06878 0.154 0.08261 0.09622 0.06434 0.02985 0.03131 0.01617 0.01156 0.008672 0.00553 0.003579 0.003173 0.003703 0.001723 0.001207 0.0008427 0.0005881 0.001358
0.002703 0.0595 0.193 0.1284 0.05792 0.06747 0.04511 0.02093 0.02196 0.01134 0.008105 0.00608 0.003877 0.00251 0.002225 0.002597 0.001208 0.000846 0.0005908 0.001365
0.004607 0.03035 0.167 0.1609 0.09002 0.04061 0.0473 0.03163 0.01468 0.01539 0.007951 0.005682 0.004263 0.002719 0.00176 0.00156 0.001821 0.0008469 0.0005932 0.001371
0.002713 0.05173 0.08516 0.1392 0.1128 0.06312 0.02848 0.03317 0.02218 0.01029 0.01079 0.005575 0.003984 0.002989 0.001906 0.001234 0.001094 0.001276 0.0005938 0.001377
0.006594 0.03047 0.1451 0.07101 0.09762 0.07911 0.04425 0.01997 0.02325 0.01555 0.007214 0.007568 0.003909 0.002793 0.002096 0.001336 0.0008651 0.0007669 0.000895 0.001382
0.005178 0.07404 0.08549 0.121 0.04979 0.06845 0.05547 0.03103 0.014 0.0163 0.0109 0.005058 0.005306 0.002741 0.001959 0.001469 0.000937 0.0006065 0.0005377 0.001596
0.005836 0.05813 0.2078 0.07129 0.08486 0.03491 0.04799 0.03889 0.02176 0.009815 0.01143 0.007644 0.003547 0.00372 0.001922 0.001373 0.00103 0.000657 0.0004253 0.001496
0.003461 0.06553 0.1631 0.1732 0.04998 0.0595 0.02448 0.03365 0.02727 0.01525 0.006882 0.008015 0.00536 0.002487 0.002608 0.001347 0.0009629 0.0007224 0.0004607 0.001347
0.002855 0.03886 0.1839 0.136 0.1215 0.03505 0.04172 0.01716 0.02359 0.01912 0.0107 0.004825 0.00562 0.003758 0.001744 0.001829 0.0009446 0.0006751 0.0005065 0.001268
0.004509 0.03206 0.109 0.1533 0.09537 0.08516 0.02457 0.02925 0.01203 0.01654 0.01341 0.007499 0.003383 0.00394 0.002635 0.001222 0.001282 0.0006623 0.0004733 0.001244
0.003316 0.05063 0.08996 0.09093 0.1075 0.06687 0.05971 0.01723 0.02051 0.008437 0.0116 0.009399 0.005258 0.002372 0.002763 0.001847 0.0008571 0.0008991 0.0004644 0.001204
0.003041 0.03724 0.1421 0.07502 0.06376 0.07537 0.04689 0.04187 0.01208 0.01438 0.005916 0.008132 0.00659 0.003686 0.001663 0.001937 0.001295 0.000601 0.0006304 0.00117
0.004811 0.03414 0.1045 0.1185 0.0526 0.0447 0.05285 0.03287 0.02936 0.00847 0.01008 0.004148 0.005702 0.004621 0.002585 0.001166 0.001358 0.0009082 0.0004214 0.001262
0.003902 0.05402 0.0958 0.08713 0.08306 0.03688 0.03134 0.03705 0.02305 0.02058 0.005939 0.007069 0.002908 0.003998 0.00324 0.001812 0.0008176 0.0009523 0.0006368 0.00118
0.003468 0.04381 0.1516 0.07988 0.06109 0.05823 0.02586 0.02198 0.02598 0.01616 0.01443 0.004164 0.004957 0.002039 0.002803 0.002272 0.001271 0.0005732 0.0006677 0.001274
0.003737 0.03894 0.1229 0.1264 0.05601 0.04283 0.04083 0.01813 0.01541 0.01822 0.01133 0.01012 0.002919 0.003475 0.00143 0.001965 0.001593 0.0008909 0.0004019 0.001361
0.004114 0.04196 0.1093 0.1025 0.08863 0.03927 0.03003 0.02863 0.01271 0.0108 0.01277 0.007945 0.007094 0.002047 0.002437 0.001002 0.001378 0.001117 0.0006247 0.001236
0.004532 0.04619 0.1177 0.09111 0.07188 0.06214 0.02753 0.02106 0.02007 0.008913 0.007575 0.008955 0.00557 0.004974 0.001435 0.001708 0.0007028 0.0009661 0.000783 0.001305
0.006021 0.05089 0.1296 0.09817 0.06388 0.0504 0.04357 0.01931 0.01476 0.01407 0.006249 0.005311 0.006279 0.003906 0.003488 0.001006 0.001198 0.0004928 0.0006774 0.001464
0.005225 0.06761 0.1428 0.1081 0.06883 0.04479 0.03534 0.03055 0.01354 0.01035 0.009868 0.004381 0.003724 0.004402 0.002738 0.002445 0.0007055 0.0008399 0.0003455 0.001501
0.003826 0.05867 0.1897 0.1191 0.07578 0.04826 0.0314 0.02478 0.02142 0.009491 0.007258 0.006919 0.003072 0.002611 0.003087 0.00192 0.001714 0.0004947 0.0005889 0.001295
0.004282 0.04296 0.1646 0.1582 0.08348 0.05313 0.03384 0.02202 0.01737 0.01502 0.006654 0.005089 0.004851 0.002154 0.001831 0.002164 0.001346 0.001202 0.0003468 0.001321
0.006753 0.04808 0.1205 0.1373 0.1109 0.05853 0.03725 0.02372 0.01544 0.01218 0.01053 0.004666 0.003568 0.003401 0.00151 0.001284 0.001517 0.0009439 0.0008428 0.001169
0.006362 0.07582 0.1349 0.1005 0.09626 0.07777 0.04104 0.02612 0.01663 0.01082 0.00854 0.007383 0.003271 0.002502 0.002385 0.001059 0.0008999 0.001064 0.0006618 0.001411
0.2506 3.909 11.46 6.034 3.78 3.62 2.925 1.543 0.9823 0.6256 0.4071 0.3212 0.2777 0.123 0.09409 0.08969 0.03982 0.03385 0.04001 0.07795
0.3964 3.595 13.65 11.62 5.121 3.208 3.072 2.482 1.31 0.8336 0.5309 0.3455 0.2725 0.2356 0.1044 0.07984 0.07611 0.03379 0.02872 0.1001
0.1791 2.523 5.612 6.167 4.387 1.934 1.211 1.16 0.9372 0.4946 0.3148 0.2005 0.1304 0.1029 0.08897 0.03942 0.03015 0.02874 0.01276 0.04864
0.522 2.951 10.17 6.605 6.083 4.327 1.907 1.195 1.144 0.9244 0.4878 0.3105 0.1977 0.1287 0.1015 0.08776 0.03889 0.02974 0.02835 0.06057
0.308 5.347 7.39 7.392 4.017 3.699 2.631 1.16 0.7266 0.6958 0.5622 0.2967 0.1888 0.1203 0.07825 0.06173 0.05337 0.02365 0.01809 0.05407
0.2753 4.619 19.5 7.825 6.551 3.56 3.279 2.332 1.028 0.644 0.6167 0.4983 0.2629 0.1673 0.1066 0.06935 0.05471 0.0473 0.02096 0.06395
0.4596 2.608 10.66 12.99 4.357 3.647 1.982 1.825 1.298 0.5723 0.3586 0.3434 0.2774 0.1464 0.09317 0.05934 0.03861 0.03046 0.02634 0.04728
0.3221 4.388 6.088 7.215 7.357 2.467 2.065 1.122 1.034 0.7352 0.3241 0.203 0.1944 0.1571 0.08289 0.05276 0.0336 0.02186 0.01725 0.04168
0.3199 4.492 14.92 6.015 5.967 6.084 2.04 1.708 0.9282 0.8548 0.608 0.268 0.1679 0.1608 0.1299 0.06855 0.04363 0.02779 0.01808 0.04874
0.3375 3.697 12.63 12.13 4.09 4.057 4.137 1.387 1.161 0.6311 0.5812 0.4134 0.1822 0.1142 0.1093 0.08833 0.04661 0.02967 0.01889 0.04543
0.2784 3.473 9.268 9.154 7.35 2.478 2.458 2.506 0.8404 0.7036 0.3824 0.3521 0.2505 0.1104 0.06917 0.06624 0.05351 0.02824 0.01797 0.03897
0.3908 3.416 10.37 8.007 6.614 5.311 1.79 1.776 1.811 0.6072 0.5084 0.2763 0.2544 0.181 0.07978 0.04998 0.04786 0.03867 0.0204 0.04115
0.4037 4.769 10.11 8.86 5.721 4.725 3.794 1.279 1.269 1.294 0.4338 0.3632 0.1974 0.1818 0.1293 0.05699 0.03571 0.03419 0.02762 0.04397
0.1613 4.027 11.56 7.067 5.172 3.339 2.758 2.215 0.7466 0.7407 0.7552 0.2532 0.212 0.1152 0.1061 0.07548 0.03327 0.02084 0.01996 0.04179
0.2408 1.869 11.34 9.408 4.807 3.518 2.272 1.876 1.507 0.5079 0.5039 0.5138 0.1723 0.1442 0.07838 0.07218 0.05135 0.02263 0.01418 0.04201
0.442 2.915 5.486 9.608 6.662 3.404 2.491 1.609 1.329 1.067 0.3596 0.3568 0.3638 0.122 0.1021 0.0555 0.05111 0.03636 0.01603 0.03979
0.2531 4.728 7.564 4.1 5.998 4.159 2.125 1.555 1.004 0.8295 0.6661 0.2245 0.2228 0.2271 0.07616 0.06376 0.03465 0.03191 0.0227 0.03485
0.2784 2.663 12.09 5.577 2.526 3.695 2.562 1.309 0.9582 0.6187 0.511 0.4103 0.1383 0.1372 0.1399 0.04692 0.03928 0.02135 0.01966 0.03545
0.2409 3.248 7.547 9.889 3.814 1.728 2.527 1.752 0.8954 0.6553 0.4231 0.3495 0.2806 0.0946 0.09385 0.0957 0.03209 0.02686 0.0146 0.03769
0.4217 2.253 7.399 4.962 5.434 2.096 0.9493 1.389 0.9629 0.492 0.3601 0.2325 0.192 0.1542 0.05198 0.05157 0.05258 0.01763 0.01476 0.02873
0.2281 4.51 5.88 5.599 3.141 3.44 1.327 0.6009 0.879 0.6095 0.3114 0.2279 0.1472 0.1216 0.09761 0.0329 0.03264 0.03328 0.01116 0.02753
0.2866 1.915 9.281 3.515 2.8 1.571 1.72 0.6634 0.3005 0.4396 0.3048 0.1557 0.114 0.0736 0.06079 0.04881 0.01645 0.01632 0.01664 0.01935
0.1381 3.387 5.552 7.855 2.492 1.985 1.114 1.22 0.4704 0.2131 0.3117 0.2161 0.1104 0.08082 0.05218 0.0431 0.03461 0.01167 0.01157 0.02552
0.304 2.426 14.48 6.91 8.188 2.598 2.069 1.161 1.271 0.4903 0.2221 0.3249 0.2253 0.1151 0.08424 0.05439 0.04493 0.03607 0.01216 0.03867
0.3186 2.259 4.407 7.602 3.03 3.591 1.139 0.9076 0.5092 0.5575 0.215 0.0974 0.1425 0.0988 0.05048 0.03695 0.02386 0.0197 0.01582 0.02229
0.2109 2.945 5.131 2.918 4.214 1.68 1.991 0.6316 0.5031 0.2823 0.3091 0.1192 0.054 0.07899 0.05477 0.02799 0.02048 0.01322 0.01092 0.02113
0.6359 4.167 14.18 7.206 3.434 4.96 1.977 2.343 0.7433 0.5921 0.3322 0.3638 0.1403 0.06355 0.09296 0.06446 0.03294 0.0241 0.01556 0.03772
0.203 4.739 7.596 7.471 3.174 1.512 2.184 0.8708 1.032 0.3274 0.2608 0.1463 0.1602 0.06179 0.02799 0.04094 0.02839 0.01451 0.01062 0.02347
0.1978 2.38 13.62 6.36 5.239 2.225 1.061 1.532 0.6106 0.7235 0.2296 0.1829 0.1026 0.1123 0.04332 0.01963 0.02871 0.01991 0.01017 0.0239
0.3362 2.682 7.88 13.11 5.129 4.225 1.795 0.8552 1.235 0.4924 0.5835 0.1851 0.1475 0.08273 0.09059 0.03494 0.01583 0.02315 0.01605 0.02748
0.29 3.767 7.331 6.243 8.692 3.4 2.8 1.189 0.5669 0.8187 0.3264 0.3867 0.1227 0.09774 0.05484 0.06005 0.02316 0.01049 0.01534 0.02885
0.3693 2.843 9.029 5.095 3.63 5.053 1.976 1.628 0.6915 0.3296 0.476 0.1897 0.2248 0.07133 0.05683 0.03188 0.03491 0.01346 0.006098 0.02569
0.1122 3.286 6.208 5.737 2.71 1.931 2.688 1.051 0.8659 0.3678 0.1753 0.2531 0.1009 0.1196 0.03794 0.03022 0.01696 0.01857 0.00716 0.01691
0.3297 2.147 15.31 8.43 6.527 3.083 2.196 3.058 1.196 0.985 0.4184 0.1994 0.288 0.1148 0.136 0.04316 0.03438 0.01929 0.02112 0.02738
0.2442 2.78 4.417 9.097 4.185 3.24 1.53 1.09 1.518 0.5936 0.489 0.2077 0.09898 0.143 0.05699 0.06753 0.02143 0.01707 0.009575 0.02408
0.138 2.547 7.094 3.276 5.646 2.597 2.011 0.9498 0.6766 0.942 0.3684 0.3035 0.1289 0.06143 0.08873 0.03537 0.04191 0.0133 0.01059 0.02089
0.2346 2.055 9.238 7.478 2.891 4.982 2.292 1.775 0.8382 0.5971 0.8314 0.3251 0.2678 0.1138 0.05421 0.0783 0.03121 0.03699 0.01173 0.02778
0.5081 2.659 5.659 7.348 4.972 1.922 3.313 1.524 1.18 0.5574 0.397 0.5528 0.2162 0.1781 0.07564 0.03605 0.05206 0.02075 0.02459 0.02627
0.379 5.822 7.397 4.546 4.933 3.338 1.29 2.224 1.023 0.7921 0.3742 0.2665 0.3711 0.1451 0.1195 0.05078 0.0242 0.03495 0.01393 0.03415
0.1615 3.924 14.66 5.374 2.76 2.995 2.027 0.7834 1.35 0.6212 0.4809 0.2272 0.1618 0.2253 0.08812 0.07258 0.03083 0.01469 0.02122 0.02919
0.3445 1.734 10.26 11.08 3.397 1.744 1.893 1.281 0.4952 0.8535 0.3926 0.304 0.1436 0.1023 0.1424 0.0557 0.04588 0.01949 0.009287 0.03187
0.1654 2.928 3.606 6.18 5.582 1.711 0.8788 0.9537 0.6453 0.2495 0.43 0.1978 0.1531 0.07234 0.05153 0.07174 0.02806 0.02311 0.009817 0.02073
0.1323 1.894 8.211 2.946 4.227 3.818 1.17 0.6011 0.6523 0.4414 0.1706 0.2941 0.1353 0.1047 0.04948 0.03525 0.04907 0.01919 0.01581 0.0209
0.2514 1.928 6.729 8.484 2.548 3.657 3.303 1.013 0.52 0.5644 0.3819 0.1476 0.2544 0.117 0.09062 0.0428 0.03049 0.04245 0.0166 0.03175
0.2252 2.754 5.142 5.193 5.474 1.644 2.36 2.131 0.6533 0.3355 0.3641 0.2464 0.09524 0.1642 0.07552 0.05847 0.02762 0.01967 0.02739 0.0312
0.3687 2.336 6.965 3.765 3.179 3.352 1.007 1.445 1.305 0.4 0.2054 0.223 0.1509 0.05832 0.1005 0.04624 0.0358 0.01691 0.01205 0.03588
0.4122 3.285 5.096 4.41 1.994 1.684 1.775 0.5332 0.7652 0.6911 0.2119 0.1088 0.1181 0.0799 0.03089 0.05323 0.02449 0.01896 0.008956 0.02538
0.2123 3.925 7.685 3.476 2.519 1.139 0.9619 1.014 0.3046 0.4371 0.3948 0.121 0.06215 0.06745 0.04564 0.01764 0.03041 0.01399 0.01083 0.01961
0.2531 3.83 17.28 9.873 3.742 2.712 1.226 1.036 1.092 0.3279 0.4706 0.425 0.1303 0.06691 0.07262 0.04913 0.01899 0.03274 0.01506 0.03278
0.468 3.232 11.87 15.48 7.394 2.803 2.031 0.9185 0.7756 0.8176 0.2456 0.3524 0.3183 0.09758 0.05011 0.05439 0.0368 0.01423 0.02452 0.03583
0.2291 5.379 8.997 9.52 10.37 4.954 1.878 1.361 0.6153 0.5196 0.5478 0.1645 0.2361 0.2133 0.06538 0.03357 0.03644 0.02465 0.009531 0.04043
0.2581 2.28 13 6.261 5.533 6.028 2.879 1.091 0.7909 0.3576 0.302 0.3184 0.09562 0.1372 0.1239 0.038 0.01951 0.02118 0.01433 0.02904
0.1717 1.997 4.314 7.114 2.864 2.531 2.758 1.317 0.4993 0.3618 0.1636 0.1382 0.1457 0.04375 0.06278 0.05671 0.01738 0.008927 0.009689 0.01984
0.2188 1.626 4.646 2.926 4.041 1.627 1.438 1.566 0.7482 0.2836 0.2055 0.09293 0.07848 0.08273 0.02485 0.03566 0.03221 0.009874 0.005071 0.01677
0.199 2.615 4.775 3.987 2.104 2.906 1.17 1.034 1.126 0.538 0.2039 0.1478 0.06683 0.05643 0.05949 0.01787 0.02564 0.02316 0.0071 0.01571
0.213 2.786 8.961 4.773 3.339 1.762 2.433 0.9797 0.8657 0.9432 0.4505 0.1708 0.1238 0.05596 0.04725 0.04981 0.01496 0.02147 0.01939 0.0191
0.3954 2.935 9.349 8.731 3.892 2.723 1.437 1.984 0.7989 0.706 0.7692 0.3674 0.1392 0.1009 0.04563 0.03853 0.04062 0.0122 0.01751 0.03139
0.2288 5.062 9.112 8.383 6.545 2.917 2.041 1.077 1.487 0.5988 0.5292 0.5766 0.2754 0.1044 0.07565 0.03421 0.02889 0.03045 0.009146 0.03665
0.1851 1.644 8.883 4.611 3.543 2.766 1.233 0.8626 0.4552 0.6287 0.2531 0.2237 0.2437 0.1164 0.04412 0.03197 0.01446 0.01221 0.01287 0.01936
0.139 2.034 4.427 6.965 3.027 2.326 1.816 0.8095 0.5663 0.2988 0.4127 0.1662 0.1468 0.16 0.07641 0.02896 0.02099 0.009491 0.008015 0.02116
