Originally  
101 
A 
2	100	
1	1	NA	NA	
1	20	
1 518.4 370.3 277.7 203.6 166.6 74.05 111.1 55.54 37.03 0 18.51 0 0 18.51 0 0 0 0 0 0
1 253.1 333.1 253.1 133.2 159.9 66.62 53.29 13.32 13.32 26.65 13.32 0 0 0 13.32 0 0 0 0 0
1 449.2 139 160.4 96.26 117.7 0 42.78 10.7 21.39 0 21.39 0 10.7 0 0 0 0 0 0 0
1 543 580.4 262.1 187.2 93.61 93.61 37.45 18.72 18.72 0 0 0 37.45 0 0 0 0 0 0 0
1 977.2 399.8 377.5 66.63 111 22.21 66.63 66.63 44.42 22.21 22.21 22.21 0 0 0 0 0 0 22.21 0
1 510.6 547 273.5 182.3 72.94 72.94 72.94 18.23 36.47 18.23 0 18.23 0 0 0 0 0 0 0 0
1 631.7 324.9 379 180.5 108.3 18.05 108.3 18.05 0 36.1 0 0 0 0 0 0 0 0 0 0
1 1040 594 326.7 504.9 118.8 178.2 0 0 29.7 0 59.4 29.7 0 0 29.7 0 29.7 0 0 29.7
1 440.5 692.2 209.7 188.8 272.7 146.8 41.95 41.95 20.97 0 0 0 0 0 0 20.97 0 0 0 20.97
1 875.3 318.3 636.5 265.2 132.6 106.1 26.52 159.1 26.52 53.05 26.52 26.52 0 0 0 0 0 0 0 0
1 1682 420.6 180.3 240.3 120.2 90.13 180.3 60.08 30.04 0 0 0 0 0 0 0 0 0 0 0
1 222.4 2536 311.4 177.9 578.3 222.4 44.48 266.9 0 88.97 0 0 0 0 0 0 0 0 0 0
1 709 118.2 969 141.8 94.54 141.8 94.54 23.63 0 0 23.63 23.63 23.63 0 0 0 0 0 0 0
1 456.3 583 50.7 735.1 228.1 76.04 253.5 0 25.35 101.4 0 0 0 25.35 0 0 0 0 0 0
1 984.9 155.5 492.4 25.92 570.2 129.6 77.76 77.76 25.92 0 25.92 25.92 0 0 0 0 0 0 0 0
1 555.6 666.7 177.8 222.2 66.67 244.5 111.1 0 66.67 88.9 0 0 0 0 0 0 0 22.22 0 0
1 240.9 481.9 674.6 48.19 240.9 120.5 361.4 24.09 96.38 48.19 0 0 72.28 0 0 0 0 0 0 0
1 246.7 159.7 188.7 319.3 29.03 130.6 29.03 188.7 58.06 0 58.06 14.51 29.03 0 0 0 0 0 0 0
1 222.7 157.2 104.8 183.4 262.1 78.62 131 13.1 78.62 13.1 13.1 26.21 0 0 0 13.1 13.1 0 0 0
1 695.3 111.7 136.6 37.25 49.66 111.7 12.42 37.25 0 12.42 12.42 12.42 12.42 0 0 0 0 0 0 0
1 265.2 707.2 88.39 106.1 88.39 70.72 194.5 0 106.1 0 88.39 17.68 0 17.68 0 0 0 0 0 17.68
1 987.6 216.8 529.9 96.35 48.18 72.26 72.26 120.4 24.09 48.18 24.09 120.4 24.09 0 0 0 0 0 0 24.09
1 724.1 628.8 76.22 304.9 95.28 38.11 0 38.11 0 0 0 0 0 0 0 0 0 0 0 0
1 1456 357.2 274.7 109.9 219.8 0 82.42 0 109.9 82.42 0 0 0 27.47 27.47 0 0 0 0 0
1 475.3 820.9 216 259.2 64.81 64.81 21.6 43.2 0 43.2 64.81 0 21.6 0 21.6 0 21.6 21.6 0 0
1 533.8 582.4 655.2 291.2 72.8 48.53 72.8 0 97.06 0 0 0 0 48.53 0 0 24.27 0 0 0
1 276.6 189.2 160.1 436.7 160.1 87.34 29.11 29.11 14.56 0 14.56 0 29.11 0 14.56 0 0 0 0 14.56
1 577.9 333.4 422.3 200.1 355.7 111.1 111.1 0 44.46 0 22.23 0 0 0 0 22.23 0 0 0 22.23
1 389.4 311.5 218.1 171.3 109 218.1 31.15 62.3 0 0 0 15.58 0 15.58 0 0 0 0 0 15.58
1 371.8 323.3 210.2 129.3 194 80.83 194 97 0 0 16.17 0 0 0 0 0 0 0 0 0
1 222.5 171.9 161.8 111.2 101.1 80.89 10.11 80.89 30.33 10.11 0 0 0 0 0 0 10.11 0 10.11 10.11
1 2438 182 291.1 145.6 218.4 0 109.2 36.39 145.6 72.78 0 0 0 0 0 0 0 0 0 0
1 549.1 1617 61.01 335.5 61.01 91.51 61.01 61.01 0 122 61.01 0 0 0 0 0 0 0 30.5 0
1 237.5 153.7 712.5 55.88 41.91 97.79 27.94 27.94 27.94 13.97 0 0 0 0 0 0 0 0 0 0
1 698.8 128.7 73.56 588.5 73.56 36.78 73.56 55.17 36.78 36.78 18.39 0 0 18.39 0 0 0 0 0 0
1 128.3 696.5 110 91.64 549.8 91.64 36.66 18.33 0 0 73.31 36.66 0 0 0 0 0 0 0 0
1 466 213.6 388.3 97.08 194.2 407.7 58.25 19.42 0 0 38.83 0 0 58.25 0 0 0 0 0 0
1 213.9 185.4 71.3 385 85.56 71.3 256.7 28.52 42.78 28.52 14.26 28.52 0 14.26 0 0 0 0 0 0
1 744.2 186.1 241.9 55.82 297.7 55.82 37.21 148.8 0 37.21 18.61 0 0 18.61 0 0 18.61 0 0 0
1 695.1 451.8 69.51 104.3 34.76 86.89 17.38 52.13 191.2 0 0 17.38 17.38 0 0 0 0 0 0 0
1 127.8 319.6 372.9 42.61 0 42.61 74.57 21.31 0 42.61 10.65 10.65 0 0 0 0 0 0 0 0
1 107.4 99.77 176.5 245.6 23.02 0 7.675 61.4 7.675 0 15.35 0 0 7.675 0 7.675 0 0 0 7.675
1 435.9 80.06 97.85 88.95 88.95 17.79 8.895 17.79 26.69 8.895 0 17.79 0 0 0 0 0 0 0 0
1 649.4 288.6 86.58 43.29 115.4 86.58 0 57.72 0 14.43 14.43 14.43 14.43 0 0 0 14.43 0 14.43 28.86
1 202.3 374.2 212.4 40.46 60.69 30.34 20.23 10.11 20.23 10.11 10.11 0 0 10.11 0 0 10.11 0 0 0
1 650.7 130.1 224.8 142 11.83 23.66 0 0 0 0 0 0 0 0 0 0 0 0 0 0
1 314.9 335.9 94.46 178.4 62.97 31.49 0 10.5 20.99 0 0 0 0 0 0 0 0 0 0 0
1 184.2 176.5 276.2 46.04 76.73 0 0 0 0 7.673 0 0 0 0 0 0 0 0 0 0
1 218.1 65.94 91.3 65.94 20.29 35.51 0 0 0 0 10.14 0 0 0 0 0 0 0 0 0
1 214.8 229.6 74.06 81.46 96.28 7.406 22.22 14.81 0 0 0 0 0 0 0 0 0 0 0 0
1 242.5 153.8 100.5 29.57 17.74 35.49 5.914 5.914 0 0 0 0 0 0 0 0 0 0 0 0
1 873.5 494.4 65.93 164.8 0 16.48 32.96 0 0 0 0 0 0 0 0 0 0 0 0 0
1 565.7 654.1 318.2 53.03 53.03 53.03 17.68 53.03 0 0 0 0 0 0 0 0 0 0 0 0
1 133.4 266.8 314.4 142.9 47.64 47.64 0 0 0 0 0 0 0 0 0 0 0 0 0 0
1 239.8 72.67 167.1 167.1 43.6 29.07 0 0 0 0 7.267 0 0 0 0 0 0 0 0 0
1 277.2 405.2 53.31 127.9 117.3 53.31 21.32 0 0 10.66 0 0 0 0 0 0 0 0 0 0
1 391.6 128 135.6 15.06 37.66 30.13 15.06 0 0 0 0 0 0 0 0 0 0 0 0 0
1 1081 302.1 63.61 47.71 0 0 63.61 15.9 0 15.9 0 0 0 0 0 0 0 0 0 0
1 157.3 713.9 193.6 72.6 36.3 24.2 12.1 0 0 0 0 0 0 0 0 0 0 0 0 0
1 151 100.7 360.8 142.6 33.56 25.17 0 16.78 8.391 0 0 0 0 0 0 0 0 0 0 0
1 284.1 177.5 71.01 239.7 62.14 26.63 8.877 8.877 8.877 0 0 0 0 0 0 0 0 0 0 0
1 307.8 208.2 126.7 36.21 172 18.1 18.1 0 0 0 9.052 9.052 0 0 0 0 0 0 0 0
1 275.2 133.4 241.8 91.73 33.36 33.36 16.68 0 8.339 0 0 0 0 0 0 0 0 0 0 0
1 340.8 247.8 103.3 123.9 113.6 20.65 41.3 30.98 10.33 0 0 0 0 0 0 0 0 0 0 0
1 353.1 176.6 167.7 79.46 17.66 26.49 26.49 35.31 0 0 0 0 0 0 0 0 0 0 0 0
1 729.5 416.9 178.7 89.33 44.67 29.78 0 0 0 0 0 0 0 0 0 0 0 0 0 0
1 242.1 363.1 181.6 151.3 10.09 30.26 20.17 10.09 0 0 0 0 0 0 0 0 0 0 0 0
1 25.89 200.7 226.6 90.63 71.21 6.474 12.95 12.95 0 0 0 0 0 0 0 0 0 0 0 0
1 251.2 36.76 91.9 140.9 55.14 24.51 6.127 0 0 0 0 6.127 0 0 0 0 0 0 0 0
1 559.9 206.3 9.823 68.76 98.23 39.29 0 0 0 0 0 0 0 0 0 0 0 0 0 0
1 95.53 401.2 50.95 0 25.48 25.48 19.11 0 19.11 0 0 0 0 0 0 0 0 0 0 0
1 165 50 190 30 10 10 35 5 0 0 0 5 0 0 0 0 0 0 0 0
1 44.35 114.6 48.05 110.9 22.17 3.696 11.09 7.392 7.392 0 0 0 0 0 0 0 0 0 0 0
1 306.8 43.83 43.83 4.87 73.05 4.87 0 0 4.87 0 0 0 0 0 0 0 4.87 0 0 0
1 253.6 416.7 54.35 63.41 27.17 63.41 18.12 0 0 0 9.058 0 0 0 0 0 0 0 0 0
1 520.8 98.27 275.1 39.31 0 9.827 29.48 9.827 0 0 0 0 0 0 0 0 0 0 0 0
1 133.7 383.3 107 178.3 26.74 17.83 17.83 17.83 8.913 0 0 0 0 0 0 0 0 0 0 0
1 152.2 52.5 215.2 31.5 57.75 5.25 0 5.25 5.25 0 0 0 0 0 0 0 0 0 0 0
1 226 129.2 19.37 193.7 19.37 51.66 6.458 0 0 0 0 0 0 0 0 0 0 0 0 0
1 104 198.1 49.53 29.72 64.39 29.72 9.906 4.953 0 4.953 0 0 0 0 0 0 0 0 0 0
1 122.8 85.98 126.9 24.56 4.094 28.66 8.188 8.188 0 0 0 0 0 0 0 0 0 0 0 0
1 267.7 65.67 65.67 55.57 20.21 10.1 5.052 0 10.1 0 0 0 5.052 0 0 0 0 0 0 0
1 120.3 180.4 28.06 36.08 24.05 0 0 4.009 4.009 4.009 0 0 0 0 0 0 0 0 0 0
1 151.3 113.5 122.9 9.454 18.91 37.82 9.454 0 9.454 0 0 0 0 0 0 0 0 0 0 0
1 161.1 185.9 92.95 117.7 30.98 6.197 18.59 0 0 6.197 0 0 0 0 0 0 0 0 0 0
1 243.6 136.6 101 53.47 35.65 5.941 5.941 5.941 0 0 0 0 5.941 0 0 0 0 0 0 0
1 283 114.4 96.33 48.17 24.08 18.06 6.021 6.021 0 0 0 6.021 0 0 0 0 0 0 0 0
1 101.5 167.8 75.05 39.73 17.66 26.49 8.83 0 4.415 0 0 0 0 0 0 0 0 0 0 0
1 185 48.44 118.9 39.63 13.21 17.61 13.21 4.404 0 0 0 0 0 0 0 0 0 0 0 0
1 72.78 200.2 50.04 63.69 22.74 22.74 13.65 4.549 4.549 0 0 0 0 0 0 0 0 0 0 0
1 351.1 38.4 65.83 27.43 49.37 10.97 5.485 0 0 0 0 0 0 0 0 0 0 0 0 0
1 113.4 247.5 25.78 67.03 5.156 36.09 0 10.31 5.156 0 5.156 0 0 0 0 0 0 0 0 0
1 632 58.34 194.5 9.724 58.34 0 9.724 9.724 0 0 0 0 0 0 0 0 0 0 0 0
1 176.2 432.4 48.05 96.09 16.02 16.02 0 8.008 8.008 0 0 0 0 0 0 0 0 0 0 0
1 188 242.8 274.2 15.67 47 7.833 7.833 0 0 0 0 0 0 0 0 0 0 0 0 0
1 79.6 167.2 207 238.8 31.84 47.76 7.96 7.96 0 0 7.96 0 0 0 0 0 0 0 0 0
1 152.8 57.32 114.6 62.09 71.65 4.776 14.33 0 0 0 0 0 0 0 0 0 0 0 0 0
1 860.9 119.6 23.91 131.5 11.96 35.87 0 11.96 0 0 0 0 0 0 0 0 0 0 0 0
1 309.5 555 138.7 32.02 10.67 10.67 10.67 0 0 0 0 0 0 0 0 0 0 0 0 0
