Originally  
101 
A 
42	100	
1	1	0	0	
1	20	
1 0.04628 0.09257 0.3471 0.3471 0.2314 0.162 0.6017 0.2546 0.06943 0.02314 0.02314 0.06943 0 0 0 0 0.02314 0 0.02314 0
1 0.08938 0.2681 0.429 0.1609 0.1788 0.0715 0.1073 0.3396 0.03575 0.01788 0 0.03575 0.01788 0 0 0 0 0 0 0.03575
1 0.02165 0.4331 0.3465 0.4764 0.1083 0.1732 0.06496 0.1299 0.2815 0.06496 0.02165 0.02165 0.02165 0 0 0 0 0 0 0
1 0.02565 0.3078 0.9235 0.3078 0.1796 0.07695 0.1026 0.07695 0.02565 0.3848 0.0513 0 0.02565 0.02565 0 0.02565 0.02565 0 0 0
1 0.06714 0.2014 0.649 0.4923 0.2462 0.1343 0.1343 0.02238 0.02238 0.08952 0.08952 0.08952 0 0 0 0 0 0 0 0
1 0 0.3339 0.2671 0.3561 0.4674 0.2893 0.06677 0.06677 0.04451 0.02226 0.04451 0.1558 0.02226 0.02226 0.02226 0.02226 0 0 0.02226 0
1 0.05433 0.1811 0.5433 0.2354 0.163 0.1449 0.163 0.1449 0.01811 0.03622 0.03622 0.01811 0.03622 0.01811 0 0 0 0 0 0.01811
1 0.01392 0.1253 0.181 0.3341 0.1392 0.2088 0.1949 0.06961 0.02785 0 0.01392 0 0.02785 0.02785 0.02785 0 0 0 0 0
1 0.04744 0.1265 0.3479 0.2214 0.3005 0.06326 0.09489 0.1898 0.06326 0.06326 0.01581 0.01581 0 0 0.03163 0 0 0 0 0
1 0.1232 0.3559 0.2327 0.178 0.09583 0.09583 0.05476 0.08214 0.08214 0.01369 0 0 0.02738 0 0.01369 0.01369 0 0 0 0
1 0.04296 0.9237 0.6659 0.1933 0.1074 0 0.06444 0.04296 0.02148 0.02148 0.04296 0 0 0 0 0.02148 0 0 0 0
1 0.04442 0.08885 1.177 0.4887 0.06663 0.08885 0.06663 0 0.06663 0.02221 0.04442 0 0.02221 0.02221 0.02221 0 0 0 0 0
1 0.01813 0.1088 0.272 0.8521 0.3263 0.03626 0.07252 0.01813 0 0.01813 0.03626 0.01813 0 0.01813 0 0 0 0 0.01813 0
1 0.0181 0.1448 0.2172 0.2534 0.6698 0.3078 0.05431 0.03621 0 0.05431 0.0181 0 0 0.0181 0.0181 0 0 0 0 0
1 0.07877 0.1238 0.2025 0.1238 0.1125 0.2926 0.1238 0.01125 0.01125 0 0.04501 0 0 0 0 0 0 0 0 0
1 0.06447 0.3353 0.2837 0.2321 0.06447 0.05158 0.1676 0.05158 0.01289 0 0.01289 0 0.01289 0 0 0 0 0 0 0
1 0.01256 0.1884 0.7662 0.1256 0.02512 0.02512 0.01256 0.08792 0 0 0 0 0 0 0 0 0.01256 0 0 0
1 0.0213 0.1171 0.2875 0.4366 0.0426 0.03195 0.01065 0.0213 0.0426 0.0426 0 0 0 0.01065 0 0 0 0 0 0
1 0.05293 0.09704 0.0794 0.1853 0.3176 0.04411 0.01764 0.02647 0.008822 0.01764 0.008822 0.008822 0 0 0.008822 0 0 0 0.008822 0
1 0.03939 0.4202 0.2889 0.05252 0.1313 0.2626 0.01313 0.02626 0.01313 0 0.05252 0 0 0 0 0.01313 0 0 0 0
1 0.01303 0.4171 0.4171 0.1955 0.05213 0.09124 0.05213 0.0391 0.01303 0 0 0 0 0 0 0 0 0 0 0.01303
1 0.01676 0.05866 0.4022 0.2011 0.09218 0.00838 0.02514 0.02514 0 0 0 0 0 0.00838 0 0 0 0 0 0
1 0.04137 0.08275 0.1158 0.2979 0.1655 0.0331 0.01655 0 0.0331 0.008275 0.008275 0.01655 0 0 0.008275 0 0 0 0 0
1 0.01705 0.2216 0.1449 0.1193 0.1534 0.1449 0.04261 0.008523 0 0 0 0 0 0 0 0 0 0 0 0
1 0.02789 0.08368 0.3347 0.06973 0.02092 0.0767 0.04881 0 0.006973 0.006973 0.01395 0 0 0 0.006973 0 0 0 0 0
1 0.03732 0.09704 0.209 0.2463 0.05972 0.02239 0.05225 0.02239 0 0 0 0 0 0 0 0 0 0 0 0
1 0.01417 0.1842 0.1346 0.1913 0.08502 0.02834 0.01417 0.03542 0.01417 0 0 0 0.007085 0 0 0 0 0 0 0
1 0.007475 0.04485 0.4335 0.07475 0.08222 0.08222 0.01495 0 0.007475 0 0 0 0 0 0 0 0 0 0 0
1 0.01766 0.01324 0.07947 0.1766 0.05298 0.03973 0.04415 0.01324 0 0.004415 0 0 0 0 0 0 0 0 0 0
1 0.02566 0.1385 0.06671 0.04105 0.1591 0.03079 0.01026 0.02053 0.005131 0 0.01539 0 0 0 0 0 0 0 0 0
1 0.04796 0.1499 0.2518 0.05396 0.01799 0.05396 0.01199 0 0.005995 0 0 0.005995 0 0 0 0 0 0 0 0
1 0.01126 0.1689 0.2139 0.1238 0.01126 0.005629 0.01689 0.005629 0 0.005629 0 0 0 0 0 0 0 0 0 0
1 0.03882 0.03882 0.4425 0.1242 0.07763 0.02329 0 0.01553 0 0 0.01553 0 0 0 0 0 0 0 0 0
1 0 0.1596 0.06137 0.2455 0.1043 0.02455 0.006137 0 0.006137 0 0 0.006137 0 0 0 0 0 0 0 0
1 0.0276 0.0483 0.3105 0.07589 0.1518 0.0414 0.0207 0 0 0.0138 0 0 0 0 0 0 0 0 0 0
1 0.02982 0.09443 0.07455 0.1392 0.02982 0.08946 0.02982 0.00994 0 0 0 0 0 0 0 0 0 0 0 0
1 0 0.09772 0.1384 0.02036 0.08143 0.004072 0.04479 0.01222 0.004072 0 0 0.004072 0 0 0 0 0 0 0 0
1 0 0.04568 0.2147 0.08678 0.03197 0.04568 0.004568 0.01827 0 0.009135 0 0 0 0 0 0 0 0 0 0
1 0.0131 0.0131 0.05763 0.1048 0.04977 0.007859 0.005239 0 0.007859 0.00262 0 0 0 0 0 0 0 0 0 0
1 0.0239 0.03286 0.03584 0.02987 0.1045 0.02091 0.01195 0.0239 0 0.01493 0 0 0 0 0 0 0 0 0 0
1 0.003395 0.1596 0.07809 0.02037 0.02037 0.03735 0.01698 0 0 0 0.003395 0 0 0 0 0 0 0 0 0
1 0.04961 0.04961 0.2756 0.06614 0.01654 0.01102 0.03307 0.02205 0 0.02205 0 0 0 0.005512 0 0 0 0 0 0
1 0.01796 0.2155 0.1077 0.1736 0.05387 0.005985 0.005985 0.01796 0 0 0 0 0 0 0 0 0 0 0 0
1 0.01007 0.1108 0.2367 0.07051 0.06547 0.005036 0.005036 0 0 0 0 0 0 0 0 0 0 0 0 0
1 0.004016 0.04417 0.1124 0.1526 0.03212 0.03614 0.02008 0 0 0 0 0 0 0 0 0 0 0 0 0
1 0.003832 0.06131 0.1226 0.0843 0.06131 0.02682 0.01916 0 0 0 0.003832 0 0 0 0 0 0 0 0 0
1 0.01062 0.02478 0.1203 0.09203 0.03894 0.03186 0.01062 0.0177 0 0.00354 0.00354 0 0 0 0 0 0 0 0 0
1 0.005685 0.05969 0.03695 0.054 0.054 0.03411 0.02558 0.008527 0.005685 0 0 0 0 0 0 0 0 0 0 0
1 0.03285 0.06205 0.07665 0.0292 0.05475 0.05475 0.01825 0.0219 0.00365 0.0073 0 0 0 0.00365 0 0 0 0 0 0
1 0.04966 0.1566 0.08405 0.02674 0.02674 0.0191 0.01146 0 0.00382 0.00382 0 0 0 0 0 0 0 0 0 0
1 0.01816 0.227 0.4813 0.05449 0.04541 0.05449 0.01816 0 0.009082 0 0 0 0 0 0 0 0 0 0 0
1 0.005071 0.06593 0.1775 0.2079 0.03043 0.01014 0.005071 0 0.005071 0 0 0 0 0 0 0 0 0 0 0
1 0.01365 0.04095 0.1001 0.1774 0.1046 0.009099 0.009099 0 0 0 0 0 0 0 0 0 0 0 0 0
1 0.01047 0.07328 0.07852 0.08375 0.1047 0.1361 0.0157 0.005234 0 0.005234 0.01047 0 0 0 0 0 0 0 0 0
1 0.04567 0.0411 0.169 0.03654 0.03654 0.0822 0.0411 0 0.004567 0 0 0 0 0 0 0 0 0 0 0
1 0.1029 0.2915 0.1372 0.1458 0.05144 0.06002 0.008574 0.03429 0 0.008574 0.008574 0 0.008574 0 0 0 0 0 0 0
1 0.0206 0.2987 0.5047 0.0618 0.0515 0.0206 0.0103 0.0103 0.0309 0.0103 0 0 0.0103 0 0 0 0 0 0 0
1 0 0.1009 0.3785 0.286 0.03364 0.00841 0 0.00841 0.02523 0 0 0 0 0 0 0 0 0 0 0
1 0.01632 0.02448 0.1469 0.2856 0.2203 0.04896 0.0408 0.01632 0.008159 0 0.008159 0 0 0 0 0 0 0 0 0
