 landings-at-age - landings.n (units : NA )
1	2	
42	100	
1	20	
1 
0.005484 0.04813 0.1142 0.107 0.05607 0.05499 0.2015 0.04412 0.01276 0.008074 0.007363 0.006915 0.004595 0.00252 0.004178 0.00189 0.0006208 0.0004024 0.002228 0.002247
0.008443 0.06158 0.135 0.09522 0.07499 0.03931 0.03856 0.1413 0.03094 0.008949 0.005661 0.005162 0.004848 0.003222 0.001767 0.002929 0.001325 0.0004353 0.0002821 0.003138
0.08898 1.49 2.703 1.76 1.043 0.8216 0.4307 0.4224 1.548 0.3389 0.09805 0.06202 0.05656 0.05312 0.0353 0.01936 0.03209 0.01451 0.004769 0.03747
0.1141 1.929 7.987 4.277 2.338 1.386 1.092 0.5723 0.5613 2.057 0.4503 0.1303 0.0824 0.07514 0.07057 0.0469 0.02572 0.04264 0.01929 0.05612
0.2943 1.892 7.865 9.552 4.29 2.345 1.39 1.095 0.574 0.563 2.063 0.4517 0.1307 0.08265 0.07538 0.07079 0.04705 0.0258 0.04277 0.07563
0.1618 4.355 6.846 8.294 8.438 3.79 2.072 1.228 0.9673 0.5071 0.4973 1.823 0.399 0.1154 0.07302 0.06659 0.06254 0.04156 0.02279 0.1046
0.2289 2.246 14.69 6.692 6.784 6.901 3.099 1.694 1.005 0.7912 0.4147 0.4068 1.491 0.3264 0.09441 0.05972 0.05446 0.05115 0.03399 0.1042
0.2326 3.05 7.229 13.62 5.184 5.254 5.345 2.401 1.312 0.7781 0.6128 0.3212 0.3151 1.155 0.2528 0.07313 0.04626 0.04218 0.03962 0.107
0.7792 3.01 9.478 6.432 10.11 3.849 3.901 3.969 1.783 0.9745 0.5778 0.455 0.2385 0.2339 0.8573 0.1877 0.0543 0.03435 0.03132 0.1089
1.827 9.864 9.099 8.154 4.612 7.251 2.76 2.797 2.846 1.278 0.6987 0.4143 0.3263 0.171 0.1677 0.6147 0.1346 0.03893 0.02463 0.1005
0.3787 22.74 29.15 7.605 5.672 3.209 5.044 1.92 1.946 1.98 0.8892 0.4861 0.2882 0.227 0.119 0.1167 0.4276 0.09363 0.02709 0.08707
0.4195 4.649 65.89 23.74 5.15 3.841 2.173 3.416 1.3 1.318 1.341 0.6021 0.3292 0.1952 0.1537 0.08057 0.07903 0.2896 0.0634 0.07731
0.4606 5.091 13.24 52.44 15.69 3.403 2.538 1.436 2.257 0.859 0.8708 0.8859 0.3978 0.2175 0.129 0.1016 0.05324 0.05221 0.1913 0.09297
0.3795 5.535 14.28 10.31 33.86 10.13 2.197 1.639 0.9271 1.457 0.5547 0.5623 0.572 0.2569 0.1404 0.08327 0.06558 0.03438 0.03372 0.1836
1.419 4.523 15.3 10.9 6.516 21.4 6.402 1.389 1.036 0.5859 0.921 0.3506 0.3553 0.3615 0.1624 0.08875 0.05262 0.04144 0.02172 0.1373
0.7864 16.79 12.34 11.45 6.745 4.034 13.25 3.963 0.8596 0.6412 0.3627 0.5702 0.217 0.22 0.2238 0.1005 0.05494 0.03258 0.02566 0.09847
0.2773 9.24 45.24 9.068 6.952 4.094 2.448 8.04 2.406 0.5217 0.3892 0.2201 0.3461 0.1317 0.1335 0.1358 0.061 0.03335 0.01977 0.07534
0.6621 3.239 24.61 32.66 5.4 4.14 2.438 1.458 4.787 1.432 0.3107 0.2317 0.1311 0.2061 0.07843 0.0795 0.08088 0.03632 0.01986 0.05663
1.319 7.693 8.53 17.46 19.09 3.156 2.42 1.425 0.8521 2.798 0.8372 0.1816 0.1354 0.07661 0.1204 0.04584 0.04647 0.04727 0.02123 0.04471
1.612 15.25 20.05 5.952 10.02 10.95 1.811 1.389 0.8177 0.489 1.606 0.4805 0.1042 0.07773 0.04397 0.06912 0.02631 0.02667 0.02713 0.03784
0.3456 18.54 39.32 13.76 3.356 5.651 6.177 1.021 0.783 0.4611 0.2757 0.9055 0.2709 0.05876 0.04383 0.02479 0.03898 0.01483 0.01504 0.03664
0.3877 3.768 45.25 25.4 7.291 1.778 2.995 3.273 0.5412 0.4149 0.2443 0.1461 0.4799 0.1436 0.03114 0.02323 0.01314 0.02065 0.007861 0.02738
1.273 4.226 9.193 29.23 13.46 3.864 0.9424 1.587 1.735 0.2868 0.2199 0.1295 0.07744 0.2543 0.07608 0.0165 0.01231 0.006962 0.01095 0.01868
0.6679 13.88 10.31 5.938 15.49 7.133 2.048 0.4994 0.8411 0.9193 0.152 0.1165 0.06862 0.04104 0.1348 0.04032 0.008745 0.006523 0.00369 0.0157
0.4499 7.281 33.87 6.661 3.147 8.208 3.78 1.085 0.2647 0.4457 0.4871 0.08055 0.06175 0.03636 0.02175 0.07142 0.02137 0.004634 0.003457 0.01028
1.06 4.905 17.77 21.88 3.53 1.668 4.35 2.003 0.575 0.1403 0.2362 0.2582 0.04269 0.03273 0.01927 0.01152 0.03785 0.01132 0.002456 0.007277
0.2734 11.56 11.97 11.47 11.59 1.871 0.8837 2.305 1.062 0.3047 0.07433 0.1252 0.1368 0.02262 0.01734 0.01021 0.006107 0.02006 0.006001 0.005158
0.1939 2.98 28.2 7.73 6.081 6.144 0.9913 0.4683 1.222 0.5625 0.1615 0.03939 0.06633 0.0725 0.01199 0.009191 0.005412 0.003237 0.01063 0.005914
0.8486 2.114 7.272 18.21 4.096 3.223 3.256 0.5253 0.2482 0.6473 0.2981 0.08558 0.02087 0.03515 0.03842 0.006353 0.00487 0.002868 0.001715 0.008767
0.8739 9.252 5.158 4.697 9.652 2.171 1.708 1.725 0.2784 0.1315 0.343 0.158 0.04535 0.01106 0.01863 0.02036 0.003367 0.002581 0.00152 0.005555
1.477 9.528 22.57 3.331 2.489 5.115 1.15 0.905 0.9144 0.1475 0.0697 0.1818 0.08372 0.02403 0.005862 0.009872 0.01079 0.001784 0.001368 0.003749
0.2269 16.11 23.25 14.58 1.765 1.319 2.711 0.6097 0.4796 0.4846 0.07818 0.03694 0.09634 0.04437 0.01274 0.003107 0.005232 0.005718 0.0009455 0.002712
0.8751 2.473 39.3 15.02 7.727 0.9356 0.699 1.436 0.3231 0.2542 0.2568 0.04143 0.01957 0.05105 0.02351 0.00675 0.001646 0.002773 0.00303 0.001938
0.2182 9.541 6.035 25.39 7.957 4.095 0.4958 0.3704 0.7612 0.1712 0.1347 0.1361 0.02196 0.01037 0.02706 0.01246 0.003577 0.0008724 0.001469 0.002633
0.58 2.378 23.28 3.898 13.45 4.217 2.17 0.2627 0.1963 0.4034 0.09073 0.07138 0.07212 0.01164 0.005497 0.01434 0.006603 0.001896 0.0004623 0.002174
0.8646 6.323 5.803 15.04 2.066 7.129 2.235 1.15 0.1392 0.104 0.2138 0.04808 0.03783 0.03822 0.006166 0.002913 0.007598 0.003499 0.001005 0.001397
0.2178 9.426 15.43 3.748 7.968 1.095 3.778 1.184 0.6094 0.07379 0.05513 0.1133 0.02548 0.02005 0.02025 0.003268 0.001544 0.004027 0.001854 0.001273
0.1536 2.374 23 9.965 1.986 4.223 0.5801 2.002 0.6276 0.3229 0.0391 0.02922 0.06004 0.0135 0.01062 0.01073 0.001732 0.0008181 0.002134 0.001657
0.2638 1.674 5.792 14.86 5.281 1.053 2.238 0.3074 1.061 0.3326 0.1711 0.02072 0.01548 0.03182 0.007156 0.005629 0.005688 0.0009177 0.0004335 0.002009
0.9071 2.876 4.085 3.741 7.873 2.799 0.5579 1.186 0.1629 0.5623 0.1762 0.0907 0.01098 0.008205 0.01686 0.003792 0.002983 0.003014 0.0004863 0.001294
0.3175 9.654 6.863 2.582 1.94 4.083 1.451 0.2893 0.615 0.08449 0.2916 0.0914 0.04703 0.005695 0.004255 0.008744 0.001967 0.001547 0.001563 0.0009235
0.923 3.38 23.1 4.362 1.347 1.012 2.13 0.7573 0.151 0.3209 0.04409 0.1522 0.04769 0.02454 0.002972 0.00222 0.004563 0.001026 0.0008073 0.001298
0.4643 9.824 8.11 14.77 2.291 0.7075 0.5316 1.119 0.3977 0.07927 0.1685 0.02315 0.07989 0.02504 0.01289 0.00156 0.001166 0.002396 0.0005389 0.001105
0.5349 4.942 23.64 5.213 7.802 1.21 0.3738 0.2809 0.591 0.2101 0.04188 0.08903 0.01223 0.04221 0.01323 0.006809 0.0008244 0.000616 0.001266 0.0008686
0.3355 5.693 11.92 15.28 2.771 4.147 0.6433 0.1987 0.1493 0.3142 0.1117 0.02226 0.04732 0.006501 0.02244 0.007034 0.003619 0.0004382 0.0003274 0.001135
0.1583 3.571 13.77 7.749 8.171 1.482 2.218 0.3441 0.1063 0.07985 0.168 0.05973 0.01191 0.02531 0.003477 0.012 0.003762 0.001936 0.0002344 0.000782
0.2047 1.685 8.659 8.998 4.169 4.397 0.7975 1.194 0.1851 0.05718 0.04297 0.09041 0.03214 0.006407 0.01362 0.001871 0.006457 0.002024 0.001042 0.0005469
0.2144 2.178 4.095 5.689 4.871 2.257 2.38 0.4317 0.6461 0.1002 0.03095 0.02326 0.04894 0.0174 0.003468 0.007372 0.001013 0.003495 0.001096 0.0008599
1.085 2.281 5.309 2.705 3.098 2.652 1.229 1.296 0.2351 0.3518 0.05457 0.01686 0.01267 0.02665 0.009474 0.001888 0.004014 0.0005515 0.001903 0.001065
0.7065 11.54 5.572 3.525 1.482 1.697 1.453 0.6732 0.7099 0.1288 0.1927 0.02989 0.009233 0.006937 0.0146 0.005189 0.001034 0.002199 0.0003021 0.001626
0.3118 7.512 28.26 3.719 1.942 0.8163 0.9348 0.8004 0.3709 0.3911 0.07094 0.1062 0.01647 0.005087 0.003822 0.008043 0.002859 0.0005699 0.001212 0.001062
0.1516 3.314 18.44 18.96 2.061 1.076 0.4523 0.518 0.4436 0.2055 0.2167 0.03931 0.05883 0.009126 0.002819 0.002118 0.004457 0.001584 0.0003158 0.00126
0.3957 1.61 8.152 12.43 10.56 1.148 0.5997 0.2521 0.2887 0.2472 0.1145 0.1208 0.02191 0.03279 0.005086 0.001571 0.00118 0.002484 0.0008829 0.0008782
0.254 4.201 3.969 5.524 6.967 5.92 0.6436 0.3361 0.1413 0.1618 0.1385 0.06419 0.06769 0.01228 0.01837 0.00285 0.0008803 0.0006615 0.001392 0.000987
0.8537 2.695 10.38 2.703 3.113 3.926 3.336 0.3627 0.1894 0.0796 0.09116 0.07806 0.03617 0.03814 0.006918 0.01035 0.001606 0.0004961 0.0003727 0.00134
0.925 9.051 6.67 7.1 1.531 1.763 2.224 1.89 0.2055 0.1073 0.0451 0.05165 0.04422 0.02049 0.02161 0.003919 0.005866 0.0009099 0.000281 0.0009706
0.3389 9.799 22.44 4.585 4.044 0.872 1.004 1.267 1.076 0.117 0.0611 0.02568 0.02941 0.02519 0.01167 0.01231 0.002232 0.003341 0.0005182 0.0007128
0.1028 3.586 24.34 15.49 2.624 2.315 0.4992 0.5749 0.7251 0.6162 0.06698 0.03498 0.0147 0.01684 0.01442 0.00668 0.007045 0.001278 0.001912 0.0007047
0.2811 1.087 8.92 16.88 8.914 1.51 1.332 0.2872 0.3307 0.4171 0.3545 0.03854 0.02012 0.008458 0.009687 0.008294 0.003843 0.004053 0.0007351 0.001506
