Originally  
101 
A 
42	100	
1	1	NA	NA	
1	20	
1 0.08273 0.182 0.3971 0.3475 0.2647 0.1324 0.08273 0.04964 0.04964 0 0 0 0.01655 0 0 0.01655 0.01655 0 0 0.01655
1 0.0426 0.284 0.3976 0.1846 0.1988 0.08519 0.0568 0.1278 0 0.0142 0.0142 0 0 0 0 0 0 0 0.0142 0
1 0.06548 0.2401 0.3383 0.1855 0.0873 0.06548 0.03274 0.02183 0.01091 0.02183 0.01091 0.01091 0 0 0 0 0 0 0 0
1 0.1035 0.3279 0.4832 0.3452 0.2416 0.05177 0.06903 0.01726 0.01726 0.01726 0.01726 0.03452 0 0 0 0 0 0 0 0
1 0.06187 0.4022 0.5105 0.232 0.1237 0.07734 0.01547 0.01547 0.01547 0.01547 0.01547 0.01547 0 0 0.01547 0 0 0.01547 0.01547 0
1 0 0.2637 0.5135 0.2221 0.1388 0.09715 0.08327 0.01388 0.02776 0 0.01388 0.01388 0 0 0 0 0 0 0 0
1 0.03418 0.4273 0.4444 0.3076 0.2051 0.1196 0.1025 0.05127 0.01709 0 0 0 0 0 0 0 0 0 0 0
1 0.02303 0.1612 0.4146 0.2188 0.1843 0.03455 0 0.05758 0.01152 0.01152 0.01152 0 0.01152 0 0 0.01152 0 0 0 0
1 0.01872 0.4492 0.5802 0.3556 0.2246 0.1497 0.05615 0.01872 0 0 0 0 0 0.01872 0 0 0 0 0 0
1 0.1027 0.2183 0.5265 0.1798 0.1413 0.03853 0.01284 0.02569 0.02569 0 0.01284 0 0 0 0 0 0 0 0 0
1 0.01294 0.3623 0.4529 0.22 0.1294 0.05175 0.02588 0.01294 0.01294 0 0 0 0.01294 0 0 0 0 0 0 0
1 0.04378 0.1642 0.3283 0.2189 0.186 0.08755 0.03283 0.01094 0.01094 0.01094 0 0 0 0 0 0 0 0 0 0
1 0.03933 0.2622 0.4457 0.3015 0.1573 0.05244 0.01311 0.02622 0 0 0.01311 0 0 0 0 0 0 0 0 0
1 0.05412 0.2165 0.4005 0.1624 0.1515 0.03247 0.03247 0.03247 0 0 0 0 0 0 0 0 0 0 0 0
1 0.01738 0.2606 0.6255 0.4865 0.1564 0.0695 0.03475 0.0695 0 0 0.01738 0 0 0 0 0 0 0 0 0
1 0.01746 0.3492 0.454 0.4016 0.3143 0.08731 0.08731 0 0.01746 0.01746 0 0 0 0 0 0 0 0 0 0
1 0.09349 0.2431 0.5797 0.4488 0.1683 0.1496 0.0561 0.0748 0.0561 0 0 0 0 0 0 0 0 0 0 0
1 0.08389 0.3523 0.4698 0.3523 0.2517 0.1007 0.03356 0 0.03356 0 0 0 0 0 0 0 0 0 0 0
1 0.02424 0.206 0.3515 0.2909 0.1212 0.1091 0.03636 0.03636 0.02424 0.01212 0 0 0 0 0 0 0 0 0 0
1 0.0336 0.168 0.4928 0.1792 0.112 0.056 0.0672 0 0.0112 0 0 0 0 0 0 0 0 0 0 0
1 0.08284 0.1519 0.6075 0.1933 0.1519 0.1105 0.05523 0.01381 0.01381 0 0 0 0 0 0 0 0 0 0 0
1 0.0816 0.2176 0.34 0.3672 0.136 0.068 0.1088 0.0272 0.0136 0 0 0 0 0 0 0 0 0 0 0
1 0.02008 0.1205 0.3916 0.1908 0.09037 0.09037 0.04016 0.01004 0.01004 0.03012 0.01004 0 0 0 0 0 0 0 0 0
1 0.05039 0.3023 0.3023 0.3275 0.1134 0.07558 0.08818 0 0 0 0 0 0 0 0 0 0 0 0 0
1 0.04763 0.1429 0.3239 0.2 0.1048 0.0381 0.04763 0.0381 0 0.009526 0 0 0 0 0 0 0 0 0 0
1 0.05186 0.1971 0.3734 0.2489 0.08298 0.03112 0.02074 0.02074 0.01037 0 0 0 0 0 0 0 0 0 0 0
1 0.009204 0.1473 0.3221 0.2117 0.09204 0.07363 0 0.04602 0.009204 0 0.009204 0 0 0 0 0 0 0 0 0
1 0.05518 0.2345 0.5105 0.2483 0.09657 0.138 0.0138 0.02759 0.04139 0.0138 0 0 0 0 0 0 0 0 0 0
1 0.0447 0.2347 0.2906 0.1453 0.1341 0.1565 0.03353 0.0447 0.01118 0.01118 0.01118 0 0 0 0 0 0 0 0 0
1 0.02111 0.1477 0.3166 0.2638 0.1161 0.07387 0.04221 0.04221 0.02111 0 0 0 0.01055 0 0 0 0 0 0 0
1 0.02455 0.2086 0.405 0.2946 0.135 0.06136 0.04909 0.03682 0.01227 0 0 0 0 0 0 0 0 0 0 0
1 0.007808 0.1484 0.2577 0.1562 0.0937 0.07027 0.01562 0.007808 0.01562 0 0 0.007808 0 0 0 0 0 0 0 0
1 0.01013 0.1722 0.2735 0.1924 0.1722 0.05064 0.09115 0.01013 0.02026 0.01013 0 0.01013 0 0 0 0 0 0 0 0
1 0.06078 0.2127 0.2634 0.2127 0.152 0.04052 0.04052 0 0 0.01013 0 0 0 0.02026 0 0 0 0 0 0
1 0.02218 0.2329 0.4436 0.1885 0.07763 0.04436 0.05545 0.03327 0 0 0 0.01109 0 0 0 0 0 0 0 0
1 0.02656 0.1417 0.2833 0.1682 0.1328 0.05312 0.03542 0.008854 0.008854 0.008854 0 0.008854 0.008854 0 0 0 0 0 0 0
1 0.05285 0.1057 0.2114 0.151 0.06795 0.06795 0.02265 0.0302 0.00755 0.00755 0 0.02265 0.00755 0 0 0 0 0 0 0
1 0.03891 0.1362 0.1751 0.1751 0.01945 0.04539 0.02594 0.01297 0.006484 0.01297 0 0 0 0 0 0 0 0 0 0
1 0.02221 0.1259 0.1999 0.1925 0.05924 0.08886 0.007405 0.01481 0.01481 0.007405 0.007405 0 0 0 0 0 0 0 0 0
1 0.03181 0.1591 0.1829 0.1909 0.07158 0.07158 0.007953 0.03181 0.02386 0 0.007953 0.007953 0 0.007953 0 0 0 0 0 0
1 0.03854 0.09634 0.2762 0.09634 0.05781 0.02569 0.01285 0.02569 0.006423 0.006423 0 0 0 0 0 0 0 0 0 0
1 0.01454 0.1963 0.1599 0.1527 0.09451 0.04362 0.02181 0.01454 0.02181 0.00727 0 0 0 0 0 0 0 0 0 0
1 0.02956 0.1478 0.1478 0.2069 0.1182 0.03695 0.01478 0.01478 0.01478 0.00739 0 0 0 0 0 0 0 0 0 0
1 0.01691 0.1184 0.1634 0.1465 0.06763 0.03382 0.01127 0.005636 0 0 0 0 0 0 0 0 0 0 0 0
1 0.01399 0.1119 0.2589 0.1399 0.05597 0.04198 0.03498 0.01399 0.006997 0.01399 0 0 0 0 0.006997 0 0 0 0 0
1 0.02367 0.142 0.2446 0.1499 0.1184 0.05523 0.02367 0.01578 0.01578 0 0 0 0 0 0 0 0 0 0 0
1 0.01253 0.1378 0.1817 0.1504 0.06265 0.02506 0.02506 0.006265 0.006265 0.01253 0.006265 0 0 0 0 0 0 0 0 0
1 0.005175 0.1139 0.1242 0.1087 0.06728 0.03623 0.03623 0.01035 0.005175 0.01035 0 0 0 0 0 0 0 0 0 0
1 0.01489 0.1266 0.2681 0.1564 0.05958 0.06703 0.01489 0.01489 0 0.01489 0 0.007447 0 0 0 0 0 0 0 0
1 0.02453 0.1288 0.1656 0.1288 0.06132 0.07358 0.01226 0.01226 0.006132 0 0 0 0 0 0 0 0 0 0 0
1 0.01281 0.1217 0.1858 0.1153 0.08329 0.03203 0.03203 0.02563 0.01922 0.006407 0 0.006407 0 0 0 0 0 0 0 0
1 0.01668 0.07229 0.178 0.1223 0.08341 0.03893 0.02224 0.02224 0 0 0 0 0 0 0 0 0 0 0 0
1 0.01807 0.08583 0.1084 0.09938 0.06324 0.03162 0.01807 0.01355 0.004517 0.004517 0 0 0.004517 0 0 0 0 0 0 0
1 0.01075 0.08961 0.1039 0.06811 0.0466 0.01792 0.003584 0.01792 0 0 0 0 0 0 0 0 0 0 0 0
1 0.004731 0.09463 0.1609 0.1088 0.04258 0.02366 0.02366 0.004731 0 0 0.004731 0 0.004731 0 0 0 0 0 0 0
1 0.007637 0.08019 0.1184 0.06491 0.04964 0.02673 0.007637 0.01527 0.003818 0 0.007637 0 0 0 0 0 0 0 0 0
1 0.0215 0.0989 0.1075 0.086 0.0688 0.0215 0.0043 0.0086 0.0043 0 0.0086 0 0 0 0 0 0 0 0 0
1 0.01153 0.1153 0.2076 0.1038 0.0519 0.0173 0.01153 0.04613 0 0.005766 0.005766 0 0 0 0 0 0 0 0 0
1 0.01877 0.1033 0.1408 0.08917 0.05632 0.02816 0.02347 0.004693 0.004693 0 0 0 0 0 0 0 0 0 0 0
