 landings-at-age - landings.n (units : NA )
1	2	
42	100	
1	20	
1 
1.317 14.42 33.24 22.19 15.43 11.12 7.647 5.658 3.901 2.734 1.833 1.304 0.9317 0.6175 0.4026 0.2672 0.1899 0.1312 0.09326 0.2413
1.572 16.09 39.57 24.42 13.42 9.329 6.726 4.624 3.421 2.359 1.653 1.108 0.7887 0.5634 0.3734 0.2435 0.1616 0.1148 0.07932 0.2023
1.554 15.53 35.87 23.42 11.87 6.52 4.532 3.267 2.246 1.662 1.146 0.8031 0.5384 0.3832 0.2737 0.1814 0.1183 0.0785 0.05578 0.1368
1.436 16.6 37.62 23.29 12.51 6.339 3.483 2.421 1.746 1.2 0.888 0.6122 0.429 0.2876 0.2047 0.1462 0.09691 0.06319 0.04194 0.1029
1.494 16.32 42.67 25.97 13.23 7.109 3.601 1.979 1.376 0.9916 0.6818 0.5044 0.3478 0.2437 0.1634 0.1163 0.08307 0.05505 0.0359 0.08228
1.448 16.28 40.2 28.13 14.08 7.174 3.854 1.952 1.073 0.7458 0.5376 0.3696 0.2735 0.1886 0.1321 0.0886 0.06305 0.04504 0.02985 0.06407
1.505 16.49 41.8 27.61 15.89 7.952 4.052 2.177 1.103 0.606 0.4212 0.3037 0.2088 0.1545 0.1065 0.07464 0.05004 0.03561 0.02544 0.05305
1.482 14.98 37.21 25.17 13.66 7.863 3.935 2.005 1.077 0.5458 0.2999 0.2085 0.1503 0.1033 0.07645 0.05271 0.03694 0.02476 0.01762 0.03884
1.608 18.58 42.25 28.19 15.7 8.521 4.904 2.454 1.251 0.6719 0.3404 0.187 0.13 0.09372 0.06444 0.04768 0.03287 0.02304 0.01545 0.03522
1.623 16.78 43.62 26.32 14.41 8.028 4.357 2.507 1.255 0.6395 0.3435 0.174 0.09563 0.06648 0.04792 0.03295 0.02438 0.01681 0.01178 0.02591
1.557 18.31 42.54 29.46 14.6 7.997 4.454 2.417 1.391 0.6962 0.3548 0.1906 0.09656 0.05306 0.03688 0.02659 0.01828 0.01353 0.009326 0.02091
1.568 16.21 42.95 26.52 15.07 7.473 4.092 2.28 1.237 0.7119 0.3563 0.1816 0.09755 0.04942 0.02715 0.01888 0.01361 0.009356 0.006922 0.01547
1.574 16.56 38.71 27.39 13.9 7.902 3.918 2.145 1.195 0.6485 0.3732 0.1868 0.09518 0.05114 0.02591 0.01423 0.009895 0.007133 0.004905 0.01174
1.447 17.72 42.1 26.35 15.34 7.785 4.426 2.194 1.202 0.6693 0.3632 0.209 0.1046 0.05331 0.02864 0.01451 0.007972 0.005542 0.003995 0.009322
1.442 16.17 44.62 28.3 14.57 8.48 4.303 2.446 1.213 0.6641 0.3699 0.2008 0.1155 0.05782 0.02947 0.01583 0.00802 0.004406 0.003063 0.007361
1.308 14.61 37.1 27.31 14.23 7.324 4.264 2.164 1.23 0.6098 0.3339 0.186 0.1009 0.05809 0.02907 0.01482 0.00796 0.004032 0.002216 0.005242
1.431 16.09 40.43 27.51 16.67 8.687 4.471 2.603 1.321 0.7508 0.3722 0.2038 0.1135 0.06162 0.03546 0.01775 0.009043 0.004858 0.002461 0.004552
1.311 14.32 36.33 24.23 13.53 8.199 4.273 2.199 1.28 0.6496 0.3693 0.1831 0.1003 0.05585 0.03031 0.01744 0.008729 0.004448 0.00239 0.00345
1.218 14.13 34.96 23.75 13.03 7.276 4.408 2.297 1.182 0.6883 0.3492 0.1986 0.09844 0.0539 0.03002 0.01629 0.009377 0.004693 0.002392 0.00314
1.254 14.71 38.36 25.39 14.19 7.786 4.348 2.634 1.373 0.7065 0.4113 0.2087 0.1186 0.05882 0.03221 0.01794 0.009737 0.005604 0.002805 0.003305
1.162 13.56 35.69 24.68 13.4 7.491 4.11 2.295 1.391 0.7247 0.373 0.2171 0.1102 0.06264 0.03105 0.017 0.009472 0.00514 0.002958 0.003225
1.181 12.85 33.6 23.46 13.31 7.232 4.042 2.217 1.238 0.7502 0.391 0.2012 0.1171 0.05944 0.03379 0.01675 0.009174 0.00511 0.002773 0.003336
1.145 11.69 28.7 19.92 11.41 6.476 3.518 1.966 1.079 0.6023 0.3649 0.1902 0.09788 0.05698 0.02891 0.01644 0.008149 0.004463 0.002486 0.002972
1.177 12.88 29.69 19.52 11.14 6.382 3.622 1.967 1.1 0.6033 0.3369 0.2041 0.1064 0.05475 0.03187 0.01617 0.009194 0.004558 0.002496 0.003052
1.09 12.75 31.49 19.39 10.48 5.979 3.426 1.944 1.056 0.5902 0.3238 0.1808 0.1095 0.05709 0.02938 0.01711 0.00868 0.004935 0.002446 0.002978
1.06 12.03 31.76 20.96 10.61 5.733 3.272 1.875 1.064 0.578 0.323 0.1772 0.09896 0.05996 0.03125 0.01608 0.009362 0.00475 0.002701 0.002969
0.9675 10.89 28 19.76 10.72 5.426 2.932 1.674 0.9588 0.5442 0.2956 0.1652 0.09063 0.05061 0.03066 0.01598 0.008224 0.004788 0.002429 0.0029
1.043 11.86 30.05 20.72 12.04 6.532 3.306 1.786 1.02 0.5842 0.3316 0.1801 0.1007 0.05522 0.03084 0.01868 0.009737 0.005011 0.002917 0.003247
0.9536 10.77 27.62 18.59 10.52 6.113 3.316 1.679 0.907 0.5177 0.2966 0.1683 0.09143 0.0511 0.02804 0.01566 0.009485 0.004944 0.002544 0.00313
0.8085 9.68 24.81 17.01 9.409 5.326 3.094 1.679 0.8496 0.4591 0.262 0.1501 0.0852 0.04628 0.02587 0.01419 0.007925 0.004801 0.002502 0.002872
0.741 9.481 25.67 17.69 9.985 5.524 3.127 1.817 0.9856 0.4989 0.2696 0.1539 0.08815 0.05003 0.02717 0.01519 0.008333 0.004653 0.002819 0.003156
0.7646 8.011 23.16 16.76 9.495 5.359 2.965 1.678 0.9749 0.5289 0.2677 0.1447 0.08257 0.04731 0.02685 0.01458 0.008151 0.004472 0.002497 0.003206
0.7862 8.782 20.72 16.01 9.525 5.396 3.045 1.685 0.9537 0.5541 0.3006 0.1522 0.08222 0.04693 0.02689 0.01526 0.008288 0.004632 0.002541 0.003241
0.7513 8.224 20.72 13.01 8.258 4.915 2.784 1.571 0.8694 0.4921 0.2859 0.1551 0.07851 0.04242 0.02421 0.01387 0.007873 0.004277 0.00239 0.002984
0.7052 7.819 19.4 13.08 6.752 4.285 2.55 1.445 0.8153 0.4511 0.2553 0.1483 0.08048 0.04074 0.02201 0.01256 0.007198 0.004085 0.002219 0.002788
0.6377 7.875 19.79 13.19 7.317 3.778 2.398 1.427 0.8084 0.4562 0.2524 0.1429 0.083 0.04503 0.02279 0.01232 0.00703 0.004028 0.002286 0.002802
0.6969 7.614 21.15 14.23 7.802 4.329 2.236 1.419 0.8443 0.4783 0.2699 0.1493 0.08454 0.04911 0.02664 0.01349 0.007287 0.004159 0.002383 0.00301
0.6789 6.972 17.21 12.72 7.022 3.85 2.137 1.103 0.7001 0.4167 0.2361 0.1332 0.07371 0.04172 0.02424 0.01315 0.006656 0.003596 0.002053 0.002662
0.6997 7.725 17.91 11.85 7.202 3.978 2.181 1.21 0.6249 0.3966 0.236 0.1337 0.07546 0.04175 0.02363 0.01373 0.007448 0.00377 0.002037 0.00267
0.7646 8.153 20.2 12.49 6.79 4.128 2.28 1.25 0.6936 0.3582 0.2273 0.1353 0.07663 0.04325 0.02393 0.01354 0.007868 0.004269 0.002161 0.002698
0.6499 7.53 18.13 11.92 6.051 3.289 2 1.104 0.6055 0.336 0.1735 0.1101 0.06552 0.03712 0.02095 0.01159 0.006561 0.003812 0.002068 0.002354
0.6175 7.347 19.23 12.4 6.711 3.406 1.851 1.125 0.6215 0.3408 0.1891 0.09764 0.06196 0.03688 0.02089 0.01179 0.006523 0.003692 0.002145 0.002488
0.6066 6.626 17.81 12.46 6.604 3.574 1.814 0.9859 0.5994 0.331 0.1815 0.1007 0.052 0.033 0.01964 0.01113 0.006279 0.003474 0.001966 0.002468
0.6397 6.789 16.74 12.04 6.923 3.67 1.986 1.008 0.5479 0.3331 0.184 0.1009 0.05597 0.0289 0.01834 0.01091 0.006183 0.00349 0.001931 0.002464
0.555 6.546 15.75 10.37 6.133 3.527 1.87 1.012 0.5135 0.2791 0.1697 0.09371 0.05138 0.02851 0.01472 0.009343 0.00556 0.00315 0.001778 0.002239
0.606 6.238 16.67 10.78 5.844 3.455 1.987 1.053 0.57 0.2893 0.1572 0.09559 0.05279 0.02895 0.01606 0.008294 0.005263 0.003132 0.001775 0.002263
0.6119 7.024 16.3 11.67 6.203 3.364 1.989 1.144 0.6064 0.3282 0.1665 0.09053 0.05503 0.03039 0.01666 0.009247 0.004775 0.00303 0.001803 0.002324
0.6162 6.81 17.57 10.86 6.384 3.395 1.841 1.088 0.6259 0.3318 0.1796 0.09113 0.04954 0.03011 0.01663 0.009119 0.00506 0.002613 0.001658 0.002259
0.5981 6.798 16.86 11.56 5.865 3.449 1.834 0.9945 0.588 0.3381 0.1793 0.09701 0.04923 0.02676 0.01627 0.008984 0.004926 0.002733 0.001411 0.002116
0.5499 5.841 15.02 9.91 5.577 2.83 1.664 0.8848 0.4798 0.2837 0.1631 0.08649 0.04681 0.02375 0.01291 0.007849 0.004335 0.002377 0.001319 0.001702
0.5719 6.754 16.14 11.13 6.044 3.402 1.726 1.015 0.5396 0.2927 0.173 0.09949 0.05275 0.02855 0.01449 0.007875 0.004787 0.002644 0.00145 0.001842
0.5306 6.068 16.1 10.22 5.782 3.14 1.767 0.8966 0.5272 0.2803 0.152 0.08988 0.05168 0.0274 0.01483 0.007526 0.004091 0.002487 0.001373 0.00171
0.5022 5.88 15.11 10.67 5.558 3.146 1.708 0.9614 0.4878 0.2868 0.1525 0.08271 0.0489 0.02812 0.01491 0.008069 0.004095 0.002226 0.001353 0.001678
0.458 5.055 13.37 9.141 5.3 2.761 1.563 0.8487 0.4777 0.2424 0.1425 0.07578 0.04109 0.0243 0.01397 0.007408 0.004009 0.002034 0.001106 0.001506
0.4492 4.968 12.42 8.812 4.956 2.873 1.497 0.8474 0.4601 0.259 0.1314 0.07726 0.04108 0.02228 0.01317 0.007575 0.004016 0.002173 0.001103 0.001416
0.4692 5.167 12.9 8.649 5.048 2.839 1.646 0.8577 0.4854 0.2636 0.1484 0.07527 0.04426 0.02354 0.01276 0.007546 0.004339 0.002301 0.001245 0.001443
0.4997 5.27 13.06 8.696 4.791 2.796 1.573 0.9118 0.4751 0.2689 0.146 0.08218 0.0417 0.02452 0.01304 0.00707 0.00418 0.002404 0.001274 0.001489
0.4474 5.159 12.28 8.105 4.434 2.443 1.426 0.8018 0.4649 0.2422 0.1371 0.07445 0.0419 0.02126 0.0125 0.006647 0.003605 0.002131 0.001226 0.001409
0.4892 5.331 13.81 8.788 4.768 2.609 1.437 0.8388 0.4717 0.2735 0.1425 0.08066 0.0438 0.02465 0.01251 0.007355 0.003911 0.002121 0.001254 0.00155
