Originally  
101 
A 
42	100	
1	1	NA	NA	
1	20	
1 0.065 0.3683 0.65 0.3033 0.2167 0.1083 0.1517 0.13 0.065 0.02167 0.02167 0.02167 0 0.02167 0.02167 0 0 0 0 0
1 0.04989 0.3159 0.449 0.3658 0.133 0.1164 0.04989 0.06651 0.01663 0.04989 0 0 0.03326 0 0 0 0 0 0.01663 0
1 0.07527 0.2634 0.3763 0.2634 0.08781 0.01254 0.06272 0.03763 0.03763 0.01254 0.01254 0 0.01254 0 0 0 0 0 0 0
1 0.01728 0.4147 0.6912 0.2765 0.1382 0.1382 0.01728 0.03456 0 0 0 0 0 0 0 0 0 0 0 0
1 0.01528 0.1528 0.4736 0.3666 0.168 0.1375 0.09166 0 0.04583 0.03055 0.01528 0.01528 0 0 0 0 0 0.01528 0 0
1 0.03287 0.08765 0.1972 0.3287 0.1424 0.1096 0.0767 0.05478 0.01096 0.01096 0.01096 0.02191 0 0 0 0.01096 0 0 0 0
1 0.05198 0.5371 0.2252 0.2599 0.2772 0.2079 0.05198 0.05198 0.05198 0 0.01733 0 0 0 0 0 0 0 0 0
1 0.02106 0.1158 0.4949 0.09476 0.06317 0.1158 0.08423 0.04212 0 0.02106 0 0 0 0 0 0 0 0 0 0
1 0.01105 0.2432 0.2653 0.3979 0.08843 0.01105 0.02211 0.03316 0.02211 0.01105 0 0 0 0 0 0 0 0 0 0
1 0.01721 0.1291 0.2754 0.1377 0.2065 0.03442 0.01721 0.01721 0.01721 0.008605 0 0 0 0 0 0 0 0 0 0
1 0.03389 0.1017 0.2881 0.2034 0.08473 0.07626 0.008473 0.008473 0.02542 0.008473 0 0 0 0.008473 0 0 0 0 0 0
1 0.006311 0.08204 0.1578 0.1199 0.1199 0.04418 0.06311 0 0.006311 0.01262 0.006311 0 0.01262 0 0 0 0 0 0 0
1 0.05871 0.3992 0.2231 0.1526 0.1174 0.08219 0.03522 0.07045 0 0.01174 0.01174 0 0.01174 0 0 0 0 0 0 0
1 0.0356 0.2611 0.4865 0.1661 0.1068 0.09494 0.0356 0 0 0 0 0 0 0 0 0 0 0 0 0
1 0.04175 0.1774 0.3444 0.3444 0.05219 0.02087 0.05219 0.01044 0 0 0 0 0 0 0 0 0 0 0 0
1 0.01058 0.328 0.2116 0.3068 0.127 0.04232 0.02116 0.01058 0 0 0 0 0 0 0 0 0 0 0 0
1 0.03937 0.08859 0.5316 0.1083 0.08859 0.0689 0.009844 0.01969 0.009844 0.009844 0.009844 0 0 0 0 0 0 0 0 0
1 0.05152 0.219 0.3478 0.4379 0.103 0.07728 0.01288 0.01288 0.01288 0 0 0 0.01288 0 0 0 0 0 0 0
1 0.05097 0.2166 0.3695 0.2548 0.2421 0.02548 0.03823 0.03823 0.02548 0 0.01274 0 0 0 0 0 0 0 0 0
1 0.05465 0.1639 0.2459 0.1913 0.07286 0.1548 0.009108 0.009108 0.009108 0 0 0 0 0 0 0 0 0 0 0
1 0 0.1807 0.3727 0.2598 0.1807 0.03389 0.06777 0.0113 0 0.0113 0.0113 0 0 0 0 0 0 0 0 0
1 0.02715 0.1538 0.2805 0.2443 0.0181 0.06335 0.0181 0.06335 0.0181 0 0.0181 0 0 0 0 0 0 0 0 0
1 0.0323 0.2691 0.2799 0.2799 0.1077 0.0323 0.05383 0.01077 0 0.01077 0 0 0 0 0 0 0 0 0 0
1 0.01905 0.2477 0.2762 0.1429 0.1524 0.06668 0 0.009526 0.01905 0.009526 0.009526 0 0 0 0 0 0 0 0 0
1 0.02549 0.1784 0.2379 0.1954 0.1104 0.04248 0.03398 0.008495 0.008495 0 0.008495 0 0 0 0 0 0 0 0 0
1 0.05221 0.1827 0.2611 0.2001 0.1131 0.03481 0 0.008702 0.008702 0 0 0.008702 0 0 0 0 0 0 0 0
1 0.01346 0.1817 0.1817 0.1076 0.08746 0.0471 0.006728 0 0.03364 0.01346 0 0 0 0 0 0 0 0 0 0
1 0 0.194 0.485 0.2061 0.1091 0.0485 0.09699 0.02425 0.03637 0.01212 0 0 0 0 0 0 0 0 0 0
1 0.07148 0.1191 0.3693 0.3812 0.131 0.05957 0.03574 0 0.01191 0.01191 0 0 0 0 0 0 0 0 0 0
1 0.02976 0.3274 0.506 0.2828 0.1935 0.08929 0.01488 0.01488 0.01488 0.01488 0 0 0 0 0 0 0 0 0 0
1 0.04991 0.3826 0.5157 0.2662 0.2163 0.183 0.04991 0 0 0 0 0 0 0 0 0 0 0 0 0
1 0.01633 0.3103 0.6043 0.343 0.1307 0 0.1633 0.01633 0.03267 0 0.01633 0 0 0 0 0 0 0 0 0
1 0.07047 0.1057 0.3347 0.229 0.1057 0.01762 0 0 0.008809 0 0 0 0.008809 0 0 0 0 0 0 0
1 0.0506 0.2783 0.2277 0.3542 0.1897 0.1012 0.01265 0.01265 0.01265 0 0.01265 0.01265 0 0 0 0 0 0 0 0
1 0 0.2471 0.5177 0.1059 0.1765 0.0353 0.05883 0.01177 0 0.02353 0 0 0 0 0 0 0 0 0 0
1 0.0527 0.2986 0.6324 0.527 0.1405 0.0527 0.01757 0.03514 0 0 0 0 0 0 0 0 0 0 0 0
1 0.01425 0.3278 0.4418 0.2708 0.2138 0.04275 0.07125 0 0.0285 0.01425 0 0 0 0 0 0 0 0 0 0
1 0.01113 0.256 0.3338 0.2003 0.1002 0.1224 0.02226 0.05564 0 0.01113 0 0 0 0 0 0 0 0 0 0
1 0.04859 0.09717 0.2526 0.2624 0.08745 0.1166 0.06802 0.01943 0.009717 0.009717 0 0 0 0 0 0 0 0 0 0
1 0.02116 0.1904 0.2433 0.2116 0.1375 0.1164 0.1164 0.02116 0 0 0 0 0 0 0 0 0 0 0 0
1 0.01298 0.1947 0.4155 0.1298 0.1558 0.1298 0.1558 0.05193 0.03895 0.01298 0 0 0 0 0 0 0 0 0 0
1 0.01645 0.1892 0.2056 0.1892 0.1152 0.04113 0.0329 0.02468 0.008226 0 0 0 0 0 0 0 0 0 0 0
1 0.04505 0.1689 0.3604 0.2928 0.1352 0.03379 0.03379 0.02253 0.01126 0.02253 0 0 0 0 0 0 0 0 0 0
1 0 0.1904 0.272 0.1632 0.1088 0.1088 0.009067 0.01813 0.009067 0 0.009067 0.01813 0 0 0 0 0 0 0 0
1 0.047 0.3134 0.4387 0.4074 0.235 0.047 0.03134 0.01567 0.01567 0 0 0.01567 0 0 0 0 0 0 0 0
1 0.05609 0.1776 0.3459 0.215 0.0187 0.04674 0.0374 0.0187 0 0.009349 0 0.009349 0 0 0 0 0 0 0 0
1 0.006127 0.05514 0.2206 0.1654 0.06127 0.06127 0.006127 0.01838 0.006127 0.01225 0 0 0 0 0 0 0 0 0 0
1 0.09578 0.2351 0.1741 0.1741 0.1219 0.01741 0.02612 0.008707 0.008707 0.008707 0 0 0 0 0 0 0 0 0 0
1 0.01166 0.1224 0.239 0.05829 0.09327 0.02915 0.01166 0.005829 0 0.005829 0 0.005829 0 0 0 0 0 0 0 0
1 0.06201 0.2377 0.31 0.2067 0.09301 0.05167 0.031 0.02067 0.02067 0 0 0 0 0 0 0 0 0 0 0
1 0.0653 0.2052 0.4105 0.05597 0.1119 0.01866 0.009328 0.03731 0.009328 0.009328 0 0 0 0 0 0 0 0 0 0
1 0.03397 0.3057 0.6963 0.3057 0.1359 0.1359 0.01698 0.06793 0 0 0 0 0 0 0 0 0 0 0 0
1 0.01029 0.1647 0.3706 0.2882 0.08235 0.05147 0.04117 0 0.02059 0 0 0 0 0 0 0 0 0 0 0
1 0.009209 0.09209 0.442 0.1565 0.1381 0.03684 0.02763 0.009209 0 0 0.009209 0 0 0 0 0 0 0 0 0
1 0.04564 0.2282 0.4412 0.2738 0.1978 0.1673 0.04564 0.04564 0.01521 0 0 0.03043 0.01521 0.01521 0 0 0 0 0 0
1 0.06556 0.2076 0.2841 0.2185 0.1202 0.08741 0.06556 0.02185 0.02185 0 0 0 0 0 0 0 0 0 0 0
1 0.02052 0.1505 0.2599 0.0889 0.04787 0.04787 0.01368 0.02736 0.006839 0.01368 0 0 0 0 0 0 0 0 0 0.006839
1 0.04728 0.2648 0.4256 0.0662 0.04728 0.02837 0.02837 0.03783 0 0 0 0 0 0 0 0 0 0 0 0
1 0.03102 0.2171 0.3102 0.2171 0.1344 0.08271 0.02068 0.01034 0 0.01034 0 0 0 0 0 0 0 0 0 0
