 landings-at-age - landings.n (units : NA )
1	2	
2	100	
1	20	
1 
0.02659 0.2984 0.8352 0.6934 0.4839 0.3377 0.2357 0.1644 0.1148 0.08008 0.05589 0.039 0.02722 0.01899 0.01325 0.009249 0.006454 0.004504 0.003143 0.007259
0.007641 0.05216 0.1462 0.1214 0.08475 0.05914 0.04127 0.0288 0.0201 0.01403 0.009787 0.00683 0.004766 0.003326 0.002321 0.00162 0.00113 0.0007888 0.0005504 0.001271
0.005447 0.0858 0.1464 0.1219 0.08515 0.05942 0.04147 0.02894 0.02019 0.01409 0.009834 0.006862 0.004789 0.003342 0.002332 0.001627 0.001136 0.0007925 0.000553 0.001277
0.005243 0.06116 0.2407 0.122 0.08549 0.0597 0.04166 0.02907 0.02029 0.01416 0.00988 0.006895 0.004811 0.003358 0.002343 0.001635 0.001141 0.0007963 0.0005557 0.001283
0.00587 0.05887 0.1716 0.2007 0.08557 0.05994 0.04186 0.02921 0.02038 0.01423 0.009927 0.006927 0.004834 0.003374 0.002354 0.001643 0.001146 8e-04 0.0005583 0.001289
0.008464 0.06592 0.1652 0.1431 0.1408 0.06 0.04203 0.02935 0.02048 0.01429 0.009974 0.00696 0.004857 0.00339 0.002365 0.001651 0.001152 0.0008038 0.0005609 0.001295
0.004226 0.09503 0.185 0.1377 0.1003 0.09869 0.04207 0.02947 0.02058 0.01436 0.01002 0.006993 0.00488 0.003406 0.002377 0.001658 0.001157 0.0008076 0.0005636 0.001302
0.004448 0.04745 0.2667 0.1542 0.09657 0.07035 0.0692 0.0295 0.02066 0.01443 0.01007 0.007026 0.004903 0.003422 0.002388 0.001666 0.001163 0.0008114 0.0005663 0.001308
0.005576 0.04995 0.1332 0.2224 0.1081 0.06771 0.04932 0.04852 0.02068 0.01449 0.01012 0.00706 0.004926 0.003438 0.002399 0.001674 0.001168 0.0008153 0.0005689 0.001314
0.002861 0.06261 0.1401 0.111 0.1559 0.07582 0.04748 0.03458 0.03402 0.0145 0.01016 0.007093 0.00495 0.003454 0.00241 0.001682 0.001174 0.0008191 0.0005716 0.00132
0.007278 0.03213 0.1757 0.1169 0.07785 0.1093 0.05316 0.03329 0.02425 0.02385 0.01017 0.007121 0.004973 0.003471 0.002422 0.00169 0.001179 0.000823 0.0005743 0.001326
0.003484 0.08172 0.09014 0.1465 0.08194 0.05458 0.07664 0.03727 0.02334 0.017 0.01672 0.007128 0.004993 0.003487 0.002433 0.001698 0.001185 0.0008269 0.0005771 0.001333
0.006285 0.03912 0.2293 0.07517 0.1027 0.05745 0.03827 0.05374 0.02613 0.01636 0.01192 0.01172 0.004998 0.003501 0.002445 0.001706 0.001191 0.0008308 0.0005798 0.001339
0.004853 0.07057 0.1098 0.1912 0.0527 0.07201 0.04028 0.02683 0.03768 0.01832 0.01147 0.008358 0.008221 0.003504 0.002455 0.001714 0.001196 0.0008348 0.0005825 0.001345
0.006487 0.05449 0.198 0.09153 0.1341 0.03695 0.05049 0.02824 0.01881 0.02642 0.01285 0.008045 0.00586 0.005764 0.002457 0.001721 0.001202 0.0008387 0.0005853 0.001352
0.003851 0.07284 0.1529 0.1651 0.06417 0.094 0.02591 0.0354 0.0198 0.01319 0.01852 0.009008 0.00564 0.004109 0.004041 0.001723 0.001207 0.0008427 0.0005881 0.001358
0.003774 0.04324 0.2044 0.1275 0.1158 0.045 0.0659 0.01817 0.02482 0.01388 0.009249 0.01299 0.006316 0.003955 0.002881 0.002834 0.001208 0.000846 0.0005908 0.001365
0.004014 0.04237 0.1213 0.1704 0.0894 0.08117 0.03155 0.04621 0.01274 0.0174 0.009735 0.006485 0.009106 0.004428 0.002773 0.00202 0.001987 0.0008469 0.0005932 0.001371
0.00965 0.04508 0.1189 0.1012 0.1195 0.06268 0.05692 0.02212 0.0324 0.008931 0.0122 0.006826 0.004547 0.006384 0.003105 0.001944 0.001416 0.001393 0.0005938 0.001377
0.004761 0.1084 0.1265 0.09914 0.07093 0.08378 0.04395 0.03991 0.01551 0.02272 0.006262 0.008556 0.004786 0.003188 0.004476 0.002177 0.001363 0.0009929 0.0009767 0.001382
0.002714 0.05346 0.304 0.1055 0.06951 0.04974 0.05874 0.03082 0.02798 0.01087 0.01593 0.00439 0.005999 0.003355 0.002235 0.003139 0.001526 0.0009558 0.0006962 0.001654
0.003887 0.03047 0.15 0.2535 0.07395 0.04874 0.03487 0.04119 0.02161 0.01962 0.007624 0.01117 0.003078 0.004206 0.002353 0.001567 0.002201 0.00107 0.0006701 0.001648
0.006638 0.04364 0.08549 0.1251 0.1778 0.05185 0.03417 0.02445 0.02888 0.01515 0.01375 0.005346 0.00783 0.002158 0.002949 0.00165 0.001099 0.001543 0.0007504 0.001625
0.006582 0.07453 0.1225 0.07129 0.08771 0.1246 0.03635 0.02396 0.01714 0.02025 0.01062 0.009644 0.003748 0.00549 0.001513 0.002068 0.001157 0.0007705 0.001082 0.001666
0.003383 0.0739 0.2091 0.1021 0.04998 0.0615 0.08739 0.02549 0.0168 0.01202 0.0142 0.007447 0.006762 0.002628 0.003849 0.001061 0.00145 0.0008109 0.0005402 0.001926
0.00403 0.03799 0.2074 0.1744 0.0716 0.03505 0.04312 0.06127 0.01787 0.01178 0.008428 0.009954 0.005222 0.004741 0.001843 0.002699 0.0007439 0.001016 0.0005686 0.001729
0.003412 0.04525 0.1066 0.1729 0.1223 0.0502 0.02457 0.03023 0.04296 0.01253 0.008259 0.005909 0.006979 0.003661 0.003324 0.001292 0.001892 0.0005216 0.0007127 0.001611
0.004336 0.03831 0.127 0.08889 0.1212 0.08573 0.0352 0.01723 0.0212 0.03012 0.008786 0.005791 0.004143 0.004893 0.002567 0.002331 0.0009058 0.001327 0.0003657 0.001629
0.004363 0.04869 0.1075 0.1059 0.06232 0.08501 0.06011 0.02468 0.01208 0.01486 0.02112 0.00616 0.00406 0.002905 0.003431 0.0018 0.001634 0.0006351 0.0009302 0.001399
0.005087 0.04899 0.1366 0.08963 0.07423 0.0437 0.0596 0.04215 0.0173 0.00847 0.01042 0.01481 0.004319 0.002847 0.002037 0.002406 0.001262 0.001146 0.0004453 0.001633
0.004214 0.05712 0.1375 0.1139 0.06284 0.05205 0.03064 0.04179 0.02955 0.01213 0.005939 0.007306 0.01038 0.003028 0.001996 0.001428 0.001687 0.0008848 0.0008034 0.001457
0.003491 0.04732 0.1603 0.1146 0.07987 0.04406 0.03649 0.02148 0.0293 0.02072 0.008506 0.004164 0.005123 0.00728 0.002123 0.001399 0.001001 0.001183 0.0006203 0.001585
0.004981 0.03919 0.1328 0.1337 0.08038 0.056 0.03089 0.02559 0.01506 0.02054 0.01453 0.005964 0.002919 0.003592 0.005104 0.001489 0.0009812 0.000702 0.0008292 0.001546
0.003049 0.05593 0.11 0.1107 0.09371 0.05636 0.03927 0.02166 0.01794 0.01056 0.0144 0.01019 0.004182 0.002047 0.002518 0.003579 0.001044 0.000688 0.0004922 0.001666
0.007054 0.03423 0.1569 0.09171 0.07762 0.0657 0.03951 0.02753 0.01519 0.01258 0.007405 0.0101 0.007142 0.002932 0.001435 0.001766 0.002509 0.0007319 0.0004824 0.001513
0.005097 0.07921 0.09605 0.1309 0.0643 0.05443 0.04607 0.0277 0.0193 0.01065 0.00882 0.005192 0.007081 0.005007 0.002056 0.001006 0.001238 0.001759 0.0005131 0.001399
0.005828 0.05723 0.2223 0.08009 0.09175 0.04508 0.03816 0.0323 0.01943 0.01353 0.007466 0.006184 0.00364 0.004965 0.003511 0.001441 0.0007055 0.000868 0.001233 0.001341
0.003 0.06544 0.1606 0.1853 0.05616 0.06433 0.03161 0.02676 0.02265 0.01362 0.00949 0.005235 0.004336 0.002552 0.003481 0.002462 0.001011 0.0004947 0.0006086 0.001805
0.005104 0.03368 0.1836 0.1339 0.1299 0.03937 0.04511 0.02216 0.01876 0.01588 0.009549 0.006654 0.003671 0.00304 0.001789 0.002441 0.001726 0.0007086 0.0003468 0.001692
1.581 14.76 22.56 35.87 22 21.34 6.468 7.409 3.64 3.081 2.608 1.569 1.093 0.6029 0.4993 0.2939 0.4009 0.2835 0.1164 0.3349
1.436 16.26 34.35 14.01 18.3 11.22 10.89 3.299 3.78 1.857 1.572 1.331 0.8002 0.5576 0.3076 0.2547 0.15 0.2045 0.1446 0.2302
1.829 17.54 44.63 25.25 8.471 11.07 6.786 6.585 1.995 2.286 1.123 0.9506 0.8046 0.4839 0.3372 0.186 0.154 0.09068 0.1237 0.2267
1.457 18.06 39.11 26.42 12.26 4.116 5.376 3.297 3.199 0.9693 1.11 0.5456 0.4618 0.3909 0.2351 0.1638 0.09036 0.07484 0.04405 0.1702
0.5464 15.56 43.75 25.4 14.11 6.552 2.199 2.872 1.761 1.709 0.5178 0.5932 0.2915 0.2467 0.2088 0.1256 0.0875 0.04827 0.03998 0.1145
0.6288 6.207 40.01 30.2 14.43 8.018 3.722 1.249 1.632 1 0.9709 0.2942 0.337 0.1656 0.1402 0.1186 0.07135 0.04971 0.02742 0.08774
2.201 6.851 15.29 26.38 16.37 7.822 4.347 2.018 0.6772 0.8846 0.5424 0.5264 0.1595 0.1827 0.08978 0.07599 0.06432 0.03868 0.02695 0.06244
0.7551 25.06 17.59 10.5 14.9 9.247 4.418 2.455 1.14 0.3825 0.4997 0.3064 0.2973 0.09009 0.1032 0.05071 0.04292 0.03633 0.02185 0.05049
0.9846 7.515 56.55 10.59 5.197 7.373 4.576 2.186 1.215 0.5641 0.1893 0.2473 0.1516 0.1471 0.04458 0.05107 0.02509 0.02124 0.01798 0.0358
1.087 12.34 21.2 42.83 6.607 3.241 4.598 2.854 1.364 0.7578 0.3518 0.1181 0.1542 0.09456 0.09176 0.0278 0.03185 0.01565 0.01325 0.03354
0.7559 11.34 28.98 13.21 21.9 3.378 1.657 2.351 1.459 0.6973 0.3875 0.1799 0.06036 0.07885 0.04835 0.04692 0.01422 0.01629 0.008003 0.02392
0.7422 8.53 28.75 19.57 7.327 12.15 1.874 0.9196 1.305 0.8097 0.3869 0.215 0.09981 0.03349 0.04375 0.02683 0.02603 0.007888 0.009036 0.01771
1.209 7.728 20.01 17.92 10.01 3.75 6.218 0.9592 0.4706 0.6676 0.4144 0.198 0.11 0.05108 0.01714 0.02239 0.01373 0.01332 0.004037 0.01369
1.278 12.76 18.45 12.76 9.395 5.249 1.966 3.26 0.5028 0.2467 0.35 0.2172 0.1038 0.05768 0.02678 0.008985 0.01174 0.007197 0.006984 0.009293
0.7755 14.38 32.45 12.56 7.147 5.262 2.94 1.101 1.826 0.2816 0.1382 0.196 0.1217 0.05813 0.0323 0.015 0.005032 0.006574 0.004031 0.009116
1.831 8.669 36.22 21.82 6.944 3.95 2.908 1.625 0.6085 1.009 0.1557 0.07637 0.1083 0.06724 0.03213 0.01785 0.008289 0.002781 0.003633 0.007267
0.8911 18.55 19.89 22.17 10.97 3.492 1.986 1.462 0.817 0.306 0.5074 0.07827 0.0384 0.05448 0.03381 0.01615 0.008978 0.004168 0.001399 0.005481
1.172 10.97 51.34 14.75 13.53 6.696 2.131 1.212 0.8927 0.4987 0.1868 0.3097 0.04778 0.02344 0.03325 0.02064 0.009861 0.00548 0.002544 0.004199
1.001 11.73 24.76 30.77 7.255 6.656 3.294 1.048 0.5964 0.4391 0.2453 0.09187 0.1523 0.0235 0.01153 0.01636 0.01015 0.00485 0.002696 0.003317
1.243 10.79 28.64 16.18 16.54 3.901 3.578 1.771 0.5636 0.3206 0.2361 0.1319 0.04939 0.08191 0.01263 0.006199 0.008794 0.005458 0.002608 0.003233
1.234 15.01 29.3 20.81 9.671 9.885 2.331 2.138 1.058 0.3368 0.1916 0.1411 0.07881 0.02951 0.04894 0.00755 0.003704 0.005255 0.003261 0.00349
0.8024 13.35 36.41 18.85 10.98 5.105 5.219 1.23 1.129 0.5587 0.1778 0.1011 0.07447 0.04161 0.01558 0.02584 0.003986 0.001955 0.002774 0.003564
1.217 8.872 33.07 23.93 10.17 5.925 2.754 2.815 0.6638 0.609 0.3014 0.09592 0.05457 0.04018 0.02245 0.008406 0.01394 0.00215 0.001055 0.00342
1.11 12.05 19.82 19.6 11.64 4.946 2.882 1.34 1.369 0.3229 0.2962 0.1466 0.04666 0.02654 0.01954 0.01092 0.004089 0.006781 0.001046 0.002177
0.7972 12.49 30.6 13.47 10.96 6.511 2.766 1.612 0.7493 0.766 0.1806 0.1657 0.082 0.0261 0.01485 0.01093 0.006107 0.002287 0.003793 0.001802
0.9629 8.632 30.53 19.98 7.232 5.884 3.495 1.485 0.8653 0.4022 0.4111 0.09694 0.08893 0.04401 0.01401 0.007968 0.005867 0.003278 0.001227 0.003003
1.612 10.63 21.5 20.33 10.94 3.958 3.22 1.913 0.8127 0.4736 0.2201 0.225 0.05306 0.04867 0.02409 0.007666 0.004361 0.003211 0.001794 0.002315
0.7887 16.56 24.74 13.38 10.4 5.593 2.024 1.647 0.9782 0.4156 0.2422 0.1126 0.1151 0.02713 0.02489 0.01232 0.003921 0.00223 0.001642 0.002102
1.169 9.671 45.7 18.31 8.151 6.334 3.407 1.233 1.003 0.596 0.2532 0.1476 0.06859 0.07011 0.01653 0.01517 0.007506 0.002389 0.001359 0.002281
1.519 12.08 22.51 28.26 9.299 4.139 3.216 1.73 0.6262 0.5095 0.3026 0.1286 0.07492 0.03482 0.0356 0.008393 0.0077 0.003811 0.001213 0.001848
1.443 15.41 27.81 13.86 14.31 4.707 2.095 1.628 0.8757 0.3169 0.2579 0.1532 0.06507 0.03792 0.01763 0.01802 0.004249 0.003897 0.001929 0.001549
1.763 16.93 40.89 19.83 8.14 8.4 2.764 1.23 0.9557 0.5142 0.1861 0.1514 0.08993 0.03821 0.02227 0.01035 0.01058 0.002495 0.002288 0.002042
0.9026 19.06 41.35 26.69 10.64 4.368 4.508 1.483 0.6601 0.5129 0.2759 0.09987 0.08126 0.04826 0.02051 0.01195 0.005554 0.005678 0.001339 0.002324
2.199 10.37 49.28 28.58 15.17 6.049 2.483 2.562 0.8429 0.3751 0.2915 0.1568 0.05676 0.04618 0.02743 0.01165 0.006791 0.003157 0.003227 0.002082
1.969 23 24.46 30.96 14.74 7.826 3.121 1.281 1.322 0.4349 0.1936 0.1504 0.08091 0.02929 0.02383 0.01415 0.006013 0.003504 0.001629 0.002739
1.244 20.49 54.25 15.44 16.06 7.651 4.061 1.62 0.6647 0.6859 0.2257 0.1004 0.07804 0.04198 0.0152 0.01236 0.007343 0.00312 0.001818 0.002266
1.235 13.9 51.86 36.88 8.637 8.988 4.281 2.272 0.9062 0.3719 0.3838 0.1263 0.0562 0.04367 0.02349 0.008503 0.006918 0.004109 0.001746 0.002286
1.304 14.74 37.33 37.29 21.82 5.11 5.318 2.533 1.344 0.5362 0.2201 0.2271 0.07471 0.03325 0.02584 0.0139 0.005031 0.004093 0.002431 0.002385
0.8508 13.05 33.32 22.44 18.4 10.77 2.522 2.625 1.25 0.6635 0.2646 0.1086 0.1121 0.03687 0.01641 0.01275 0.00686 0.002483 0.00202 0.002377
1.111 9.681 33.53 22.94 12.71 10.42 6.1 1.428 1.487 0.708 0.3758 0.1499 0.06151 0.06347 0.02088 0.009295 0.007222 0.003885 0.001406 0.002491
0.9516 12.95 25.32 23.38 13.15 7.284 5.975 3.496 0.8187 0.852 0.4058 0.2154 0.0859 0.03525 0.03638 0.01197 0.005327 0.004139 0.002227 0.002234
0.9123 9.371 28.79 14.94 11.33 6.369 3.529 2.894 1.693 0.3966 0.4127 0.1966 0.1043 0.04161 0.01708 0.01762 0.005798 0.002581 0.002005 0.002161
1.078 10.31 23.93 19.69 8.41 6.374 3.584 1.986 1.629 0.9531 0.2232 0.2323 0.1106 0.05872 0.02342 0.009612 0.009918 0.003263 0.001452 0.002345
1.208 11.57 25.01 15.5 10.49 4.479 3.395 1.909 1.058 0.8675 0.5076 0.1189 0.1237 0.05892 0.03127 0.01247 0.005119 0.005282 0.001738 0.002022
1.136 13.52 29.22 16.9 8.616 5.829 2.489 1.887 1.061 0.5878 0.4821 0.2821 0.06606 0.06875 0.03274 0.01738 0.006932 0.002845 0.002936 0.00209
0.8593 11.62 31.35 18.11 8.609 4.389 2.969 1.268 0.9611 0.5405 0.2995 0.2456 0.1437 0.03366 0.03502 0.01668 0.008855 0.003531 0.001449 0.00256
0.5453 9.657 29.59 21.45 10.2 4.85 2.473 1.673 0.7144 0.5414 0.3045 0.1687 0.1384 0.08095 0.01896 0.01973 0.009397 0.004988 0.001989 0.002259
1.279 6.32 25.24 20.71 12.35 5.873 2.792 1.423 0.963 0.4113 0.3117 0.1753 0.09712 0.07965 0.04661 0.01092 0.01136 0.00541 0.002872 0.002446
1.087 14.24 15.81 16.81 11.33 6.759 3.214 1.528 0.7789 0.527 0.2251 0.1706 0.09592 0.05314 0.04359 0.0255 0.005973 0.006216 0.00296 0.00291
1.292 11.99 35.25 10.4 9.08 6.122 3.651 1.736 0.8253 0.4208 0.2847 0.1216 0.09214 0.05181 0.02871 0.02355 0.01378 0.003227 0.003358 0.003171
1.524 12.62 26.5 20.72 5.019 4.381 2.954 1.762 0.8377 0.3982 0.203 0.1374 0.05866 0.04446 0.025 0.01385 0.01136 0.006647 0.001557 0.00315
1.377 18.72 34.86 19.64 12.64 3.061 2.672 1.802 1.075 0.5109 0.2429 0.1238 0.08377 0.03578 0.02712 0.01525 0.008448 0.006929 0.004054 0.002871
1.102 14.61 44.64 22.06 10.2 6.564 1.59 1.388 0.9359 0.5582 0.2654 0.1262 0.06433 0.04352 0.01859 0.01409 0.007921 0.004389 0.0036 0.003598
0.7681 12.21 36.36 29.57 12 5.551 3.571 0.8651 0.7552 0.5092 0.3037 0.1444 0.06865 0.035 0.02368 0.01011 0.007664 0.00431 0.002388 0.003916
0.6342 7.732 27.76 22 14.69 5.964 2.758 1.774 0.4298 0.3752 0.253 0.1509 0.07174 0.03411 0.01739 0.01176 0.005024 0.003808 0.002141 0.003132
0.8056 6.879 19 18.29 11.93 7.964 3.233 1.495 0.962 0.233 0.2034 0.1372 0.0818 0.0389 0.01849 0.009427 0.006378 0.002724 0.002064 0.002859
1.299 9.266 17.86 13.23 10.48 6.833 4.563 1.852 0.8565 0.5511 0.1335 0.1165 0.07857 0.04686 0.02228 0.01059 0.005401 0.003654 0.00156 0.00282
1.484 14.59 23.41 12.04 7.328 5.806 3.785 2.527 1.026 0.4745 0.3053 0.07395 0.06456 0.04353 0.02596 0.01234 0.005868 0.002992 0.002024 0.002427
1.382 15.32 34 14.53 6.139 3.736 2.96 1.93 1.289 0.5231 0.2419 0.1556 0.0377 0.03291 0.02219 0.01324 0.006293 0.002992 0.001525 0.002269
1.144 16.47 41.02 24.33 8.551 3.612 2.198 1.741 1.135 0.7581 0.3078 0.1423 0.09157 0.02218 0.01937 0.01306 0.007787 0.003703 0.00176 0.002232
