Originally  
101 
A 
2	100	
1	1	NA	NA	
1	20	
1 400.7 272.5 160.3 224.4 144.3 144.3 32.06 80.14 32.06 16.03 32.06 16.03 16.03 16.03 0 0 0 16.03 0 0
1 283.1 442.4 283.1 265.4 212.3 35.39 70.78 35.39 70.78 0 35.39 35.39 0 0 0 0 0 0 0 0
1 419 190.5 203.2 165.1 101.6 25.4 25.4 50.79 12.7 38.09 0 0 12.7 0 25.4 0 0 0 0 0
1 229.9 249 86.2 105.4 76.62 47.89 47.89 28.73 38.31 0 0 38.31 0 0 0 0 0 0 0 9.577
1 459.9 218.5 126.5 68.99 103.5 45.99 11.5 45.99 23 11.5 11.5 11.5 0 0 0 11.5 0 0 0 0
1 415.8 201.2 201.2 254.9 40.24 67.07 67.07 13.41 40.24 13.41 0 0 26.83 0 0 0 0 0 0 0
1 106.6 205.6 68.55 129.5 83.78 0 45.7 45.7 30.46 7.616 7.616 0 22.85 0 7.616 0 0 0 0 0
1 751.3 296.6 197.7 217.5 138.4 158.2 59.31 0 19.77 59.31 19.77 59.31 0 0 0 0 0 0 0 0
1 314 583.2 134.6 149.5 44.86 0 29.91 104.7 29.91 14.95 29.91 14.95 0 0 14.95 14.95 0 14.95 0 0
1 666.8 186.1 279.1 108.6 124.1 31.02 93.05 31.02 0 0 0 0 15.51 15.51 0 0 0 0 0 0
1 521.5 611.4 143.9 269.7 53.94 71.93 35.96 35.96 17.98 35.96 0 0 0 0 0 0 0 0 0 0
1 712.5 260.7 330.2 52.13 139 34.75 104.3 17.38 0 17.38 17.38 34.75 0 0 17.38 0 0 0 0 0
1 474.8 835.7 227.9 114 56.98 56.98 18.99 75.97 0 18.99 18.99 0 0 0 0 0 0 0 0 0
1 209.1 264.9 376.4 181.2 153.3 27.88 97.58 13.94 27.88 0 27.88 0 0 13.94 0 0 0 0 0 0
1 272.4 90.81 181.6 252.2 60.54 70.63 0 50.45 0 10.09 10.09 10.09 0 0 0 0 0 0 0 0
1 395.6 367.3 141.3 70.64 240.2 42.38 84.77 28.26 14.13 0 14.13 0 0 0 0 14.13 0 0 0 0
1 363.1 205.2 252.6 142.1 126.3 268.4 110.5 15.79 15.79 31.57 15.79 15.79 15.79 0 0 0 0 0 0 0
1 330.2 369 291.3 291.3 77.69 155.4 213.6 97.11 38.84 0 38.84 0 19.42 0 0 0 0 0 19.42 0
1 1380 242.1 266.3 96.83 121 24.21 72.62 0 72.62 72.62 24.21 24.21 0 24.21 0 0 0 0 0 0
1 370.9 1404 106 238.4 106 52.99 0 106 106 26.49 26.49 0 106 0 0 0 0 0 0 0
1 625.5 202.4 551.9 73.59 147.2 36.79 0 36.79 36.79 91.99 18.4 18.4 0 0 0 0 0 0 0 0
1 429.8 314.1 132.2 462.9 33.06 99.18 16.53 33.06 0 49.59 33.06 0 16.53 0 33.06 0 0 0 0 0
1 1403 579.5 305 183 488 30.5 30.5 0 0 0 0 0 0 0 0 30.5 0 0 0 0
1 187.6 713 375.3 262.7 37.53 187.6 56.29 37.53 18.76 0 0 0 0 0 0 0 0 0 0 0
1 221.7 73.9 487.7 236.5 88.68 44.34 206.9 14.78 29.56 14.78 14.78 0 14.78 0 0 29.56 0 0 0 0
1 496.9 165.6 165.6 423.3 220.8 92.01 36.8 110.4 18.4 55.21 0 0 18.4 36.8 0 0 0 0 0 0
1 595.7 127.6 212.7 85.1 617 170.2 127.6 0 85.1 0 21.27 0 21.27 21.27 0 42.55 0 0 0 0
1 253.9 409.1 126.9 56.42 42.32 253.9 84.63 56.42 14.11 70.53 0 0 0 14.11 0 14.11 0 14.11 0 0
1 211.2 246.4 223 129.1 35.2 35.2 93.88 70.41 46.94 11.73 23.47 11.73 0 0 23.47 0 11.73 0 0 0
1 305.2 189.5 84.2 157.9 105.3 21.05 21.05 105.3 10.53 21.05 0 10.53 0 0 10.53 0 0 0 10.53 0
1 274.4 288.8 216.6 57.76 202.2 144.4 0 28.88 144.4 43.32 14.44 14.44 14.44 0 0 0 0 0 0 0
1 113.1 89.3 131 71.44 23.81 53.58 35.72 0 5.954 41.68 0 5.954 5.954 17.86 0 0 0 0 0 0
1 255.5 166.6 133.3 155.5 44.43 99.97 77.75 55.54 22.22 11.11 55.54 11.11 11.11 0 11.11 0 0 0 0 0
1 608.2 143.1 59.63 83.48 59.63 47.7 23.85 59.63 23.85 0 0 47.7 0 0 11.93 0 0 11.93 0 11.93
1 1962 248.4 99.34 24.84 49.67 24.84 0 0 24.84 49.67 0 0 0 0 0 0 0 0 0 0
1 493.3 1781 191.8 82.22 54.81 27.41 0 27.41 54.81 0 0 0 0 27.41 0 0 0 0 0 0
1 402.4 380.1 983.7 290.6 44.71 22.36 0 0 22.36 0 44.71 22.36 0 0 22.36 0 0 0 0 0
1 439.8 248.6 133.8 764.8 172.1 19.12 38.24 38.24 0 0 19.12 0 19.12 0 0 0 0 0 0 19.12
1 306.6 306.6 268.3 115 613.2 134.1 95.81 19.16 0 19.16 0 19.16 0 0 0 0 0 0 0 19.16
1 186.4 115.4 133.1 79.88 44.38 221.9 53.26 0 8.876 8.876 8.876 0 0 8.876 0 0 0 0 8.876 8.876
1 388.6 225.6 163 100.3 75.21 50.14 150.4 37.61 12.54 0 0 12.54 0 0 25.07 0 0 0 12.54 0
1 520.2 165.5 130 94.57 47.29 11.82 47.29 141.9 23.64 0 0 0 0 0 0 0 0 0 0 0
1 611.6 384 213.4 42.67 56.9 14.22 14.22 14.22 71.12 0 0 0 0 0 0 0 0 0 0 0
1 404.1 207.8 357.9 57.73 11.55 11.55 11.55 11.55 0 69.28 11.55 0 0 0 0 0 0 0 0 0
1 611.2 344.8 235.1 250.7 62.69 31.34 15.67 15.67 0 0 0 0 0 0 0 0 0 0 0 0
1 248.6 258.6 189 129.3 59.67 39.78 9.945 19.89 9.945 0 0 29.83 0 0 0 0 0 0 0 0
1 207.6 160.4 245.4 103.8 94.38 84.94 9.438 0 28.31 0 0 0 9.438 0 0 0 0 0 0 0
1 279.2 239.3 159.5 209.4 39.88 39.88 19.94 0 9.97 0 0 0 0 0 0 0 0 0 0 0
1 536.5 165.1 134.1 41.27 20.63 72.22 20.63 0 20.63 10.32 0 0 0 0 10.32 0 0 0 0 0
1 1012 488.6 69.8 87.25 34.9 34.9 0 0 0 0 0 0 0 17.45 0 0 0 0 0 0
1 171 1235 266 76 76 19 19 19 19 0 0 0 0 0 0 0 0 0 0 0
1 150.1 250.1 650.3 112.6 25.01 37.52 0 0 12.51 0 0 12.51 0 0 0 0 0 0 0 0
1 335 251.3 181.5 418.8 97.72 13.96 13.96 13.96 27.92 0 27.92 0 0 0 0 0 13.96 0 0 0
1 183.6 151.9 69.63 63.3 101.3 31.65 12.66 0 6.33 6.33 6.33 0 0 0 0 0 0 0 0 0
1 742.7 160 102.8 79.98 45.71 11.43 0 0 0 0 0 0 0 0 0 0 0 0 0 0
1 378.8 593.4 126.3 12.63 50.51 50.51 50.51 0 0 0 0 0 0 0 0 0 0 0 0 0
1 105.4 239.5 440.6 67.05 19.16 19.16 9.579 47.9 9.579 0 0 0 0 0 0 0 0 0 0 0
1 190.9 63.62 141.4 197.9 21.21 28.28 28.28 14.14 14.14 0 0 7.069 0 0 0 0 0 0 0 0
1 428.3 219.1 39.84 89.65 159.4 29.88 9.961 0 0 19.92 0 0 0 0 0 0 0 0 0 0
1 410 253 69.78 26.17 61.06 34.89 8.723 0 8.723 0 0 0 0 0 0 0 0 0 0 0
1 163.9 336.4 232.9 60.38 25.88 25.88 8.626 0 0 0 0 8.626 0 0 0 0 0 0 0 0
1 176.6 80.96 257.6 132.5 44.16 0 14.72 14.72 7.36 0 0 0 7.36 0 0 0 0 0 0 0
1 482.1 99.74 41.56 91.42 66.49 24.93 8.311 8.311 0 0 0 0 0 8.311 0 0 0 0 0 0
1 252.9 314 104.7 52.33 87.22 26.17 17.44 8.722 0 8.722 0 0 0 0 0 0 0 0 0 0
1 239.5 223 214.7 41.29 16.52 66.06 8.258 8.258 0 8.258 0 0 0 0 0 0 0 0 0 0
1 365.2 74.38 81.15 115 13.52 6.762 13.52 0 0 0 0 6.762 0 0 0 0 0 0 0 0
1 106.1 222.3 55.57 55.57 40.41 10.1 5.052 10.1 0 0 0 0 0 0 0 0 0 0 0 0
1 74.58 53.86 182.3 33.15 29 20.72 4.143 0 8.287 8.287 0 0 0 0 0 0 0 0 0 0
1 591.1 96.72 107.5 161.2 53.73 21.49 42.99 0 0 0 0 0 0 0 0 0 0 0 0 0
1 544.5 298.9 74.73 53.38 74.73 10.68 10.68 0 0 0 0 0 0 0 0 0 0 0 0 0
1 866.1 343.2 261.5 32.68 32.68 81.7 0 16.34 0 0 0 0 0 0 0 0 0 0 0 0
1 108.5 582.2 157.9 108.5 0 0 19.73 9.867 0 0 0 0 0 0 0 0 0 0 0 0
1 655.3 78.64 419.4 78.64 65.53 0 13.11 0 0 0 0 0 0 0 0 0 0 0 0 0
1 129.4 353.7 69.02 163.9 94.9 25.88 0 8.627 17.25 0 0 0 0 0 0 0 0 0 0 0
1 262.5 124.3 179.6 13.82 62.17 27.63 13.82 6.908 0 0 0 0 0 0 0 0 0 0 0 0
1 530.2 286.3 53.02 127.2 10.6 21.21 0 21.21 0 0 10.6 0 0 0 0 0 0 0 0 0
1 187.2 321 142.7 44.58 107 8.916 53.5 26.75 0 0 0 0 0 0 0 0 0 0 0 0
1 183.2 155.7 302.3 137.4 54.96 64.11 0 0 9.159 9.159 0 0 0 0 0 0 0 0 0 0
1 294.3 109.3 75.69 201.8 75.69 25.23 42.05 8.41 0 0 0 0 0 0 0 8.41 0 0 0 0
1 795.7 252 39.78 13.26 132.6 53.04 13.26 26.52 0 0 0 0 0 0 0 0 0 0 0 0
1 266.3 479.4 223.7 31.96 21.31 42.61 0 0 0 0 0 0 0 0 0 0 0 0 0 0
1 1010 396.2 495.2 0 19.81 0 39.62 0 0 0 19.81 0 0 0 0 0 0 0 0 0
1 607.1 607.1 109 140.1 62.27 0 15.57 15.57 0 0 0 0 0 0 0 0 0 0 0 0
1 532.2 274.2 516.1 129 96.77 48.38 16.13 0 0 0 0 0 0 0 0 0 0 0 0 0
1 303.6 409.3 211.2 330 0 39.61 26.4 0 0 0 0 0 0 0 0 0 0 0 0 0
1 120.3 273.4 350 185.9 98.44 10.94 32.81 0 0 0 10.94 0 0 0 0 10.94 0 0 0 0
1 241.1 64.92 185.5 241.1 83.47 83.47 9.275 18.55 0 0 0 0 0 0 0 0 0 0 0 0
1 203.8 142.1 67.95 74.13 49.42 37.06 30.89 6.177 6.177 0 0 0 0 0 0 0 0 0 0 0
1 1041 133.9 104.1 29.76 59.51 44.63 44.63 29.76 0 0 0 0 0 0 0 0 0 0 0 0
1 848.4 1124 91.72 91.72 0 45.86 68.79 22.93 0 0 0 0 0 0 0 0 0 0 0 0
1 535.2 401.4 649.9 210.3 19.12 38.23 0 19.12 0 0 0 38.23 0 0 0 0 0 0 0 0
1 182.9 422.1 450.3 281.4 42.21 0 0 14.07 0 0 0 0 14.07 0 0 0 0 0 0 0
1 681.5 276.3 350 257.9 165.8 55.26 36.84 0 18.42 0 0 0 0 0 0 0 0 0 0 0
1 239.3 343.3 104 52.02 187.3 93.64 10.4 10.4 0 0 0 0 0 0 0 0 0 0 0 0
1 988.2 156.9 235.3 15.69 15.69 78.43 31.37 0 0 15.69 0 0 31.37 0 0 0 0 0 0 0
1 1111 526.3 77.97 38.98 0 19.49 58.48 97.46 0 0 0 19.49 0 0 0 0 0 0 0 0
1 643.5 703.8 442.4 120.7 40.22 0 40.22 20.11 0 0 0 0 0 0 0 0 0 0 0 0
1 251.9 352.7 638.2 285.5 0 50.38 33.59 33.59 16.79 16.79 0 0 0 0 0 0 0 0 0 0
1 374.8 173 245.1 389.2 129.7 72.08 14.42 0 0 28.83 14.42 0 0 0 0 0 0 0 0 0
