Originally  
101 
A 
42	100	
1	1	NA	NA	
1	20	
1 0.2705 0.3907 0.7212 0.571 0.2705 0.0601 0.1503 0.0601 0.1803 0.2404 0 0 0.03005 0.03005 0 0 0.03005 0 0 0
1 0.05029 0.4023 0.4778 0.7041 0.4023 0.1509 0.05029 0.02515 0 0.176 0.02515 0 0.05029 0 0 0 0 0 0 0
1 0.08508 0.2978 1.574 0.6806 0.7232 0.3829 0.04254 0.1702 0.04254 0.04254 0.08508 0.08508 0 0 0.04254 0 0 0 0 0
1 0.05474 0.3832 1.533 1.478 0.4379 0.6569 0.3832 0.05474 0.05474 0.1095 0 0.1642 0.05474 0 0.05474 0 0.05474 0 0 0
1 0.02937 0.1762 0.3818 0.7636 0.6461 0.2349 0.2056 0.2643 0.1175 0 0 0.02937 0.02937 0.02937 0 0 0.02937 0 0 0
1 0 0.336 0.2912 0.224 0.2688 0.5599 0.2016 0.1344 0.08959 0.0448 0.0224 0.0224 0 0 0 0 0.0224 0.0224 0 0
1 0.0489 0.0815 0.3423 0.1467 0.2445 0.2119 0.2445 0.0815 0.0489 0.0652 0.0163 0.0163 0.0326 0 0.0163 0 0 0.0163 0 0.0163
1 0.01215 0.09717 0.1215 0.2429 0.1093 0.1336 0.2429 0.1458 0.03644 0.02429 0 0 0.01215 0 0 0.02429 0 0 0.01215 0
1 0.02643 0.2114 0.2775 0.185 0.1718 0.07928 0.05285 0.07928 0.06606 0.02643 0.03964 0.05285 0.02643 0 0 0 0.01321 0 0 0.01321
1 0.05973 0.3783 0.5176 0.1195 0.1792 0.1991 0.09954 0.03982 0.01991 0.1394 0.05973 0.01991 0.03982 0 0.05973 0.01991 0 0.01991 0.01991 0
1 0.1089 0.2722 0.4718 0.4173 0.05444 0.1633 0.09073 0.03629 0 0.05444 0.09073 0.03629 0.01815 0 0 0 0 0 0 0
1 0.05929 0.2016 0.2965 0.332 0.1423 0.02372 0.01186 0.03557 0 0 0.02372 0.04743 0 0 0.01186 0 0 0 0 0
1 0 0.412 0.4285 0.2637 0.1318 0.1648 0.03296 0 0.01648 0 0.03296 0.03296 0.03296 0 0.03296 0.03296 0 0 0 0.03296
1 0.06191 0.2941 0.5881 0.3095 0.1393 0.01548 0.03095 0.01548 0.01548 0.01548 0.01548 0 0.04643 0 0 0 0 0 0 0
1 0.01302 0.02603 0.2603 0.5467 0.1171 0.1171 0.0781 0.0781 0.02603 0.01302 0 0.01302 0 0.01302 0 0 0 0 0 0
1 0.05294 0.2382 0.1191 0.2647 0.3574 0.1059 0.1059 0.03971 0.01324 0.02647 0 0 0 0 0 0 0 0 0 0
1 0.02359 0.3539 0.2477 0.05898 0.1769 0.1062 0.118 0.02359 0.0118 0.0118 0.0118 0 0 0 0 0.0118 0.02359 0 0 0
1 0.02379 0.2141 0.6185 0.1189 0.03568 0.02379 0.07136 0.05947 0 0.01189 0 0 0 0.01189 0 0 0 0 0 0
1 0.05432 0.1475 0.2173 0.1785 0.06985 0 0.04656 0.03104 0.01552 0.007761 0 0.007761 0 0 0 0 0 0 0 0
1 0.008863 0.3102 0.1861 0.1684 0.09749 0.05318 0.008863 0.01773 0.01773 0.01773 0 0 0 0 0 0 0 0 0 0
1 0 0.0794 0.7146 0.1985 0.172 0.1059 0.02647 0.01323 0.01323 0 0 0 0 0 0 0 0 0 0 0
1 0.02449 0.04081 0.1632 0.3265 0.09794 0.04897 0.03265 0.02449 0.008162 0.01632 0.008162 0 0 0 0.008162 0.008162 0 0 0 0.008162
1 0.03615 0.3253 0.09037 0.1446 0.2079 0.03615 0.05422 0.009037 0 0 0 0 0 0 0 0 0 0 0 0
1 0.01174 0.08215 0.2582 0.03521 0.06455 0.08215 0.0176 0.01174 0.02347 0 0 0 0 0 0 0 0 0 0 0
1 0.02415 0.07848 0.1992 0.1811 0.01811 0.04226 0.04226 0.006037 0 0.006037 0 0.006037 0 0 0 0 0 0 0 0
1 0.01191 0.1429 0.1012 0.131 0.1369 0.01786 0.005953 0.03572 0.005953 0 0 0 0 0.005953 0 0 0 0 0 0
1 0.01265 0.1329 0.2088 0.0949 0.08857 0.07592 0.01265 0 0 0.006327 0 0 0 0 0 0 0 0 0 0
1 0.0339 0.1559 0.1559 0.1627 0.07458 0.02034 0.04068 0.00678 0 0.01356 0.00678 0 0.00678 0 0 0 0 0 0 0
1 0.02536 0.07609 0.1471 0.1014 0.05072 0.03043 0.02029 0.04058 0.01014 0 0.005072 0 0 0 0 0 0 0 0 0
1 0.02305 0.09682 0.1199 0.09682 0.05533 0.04611 0.004611 0.004611 0.009221 0 0 0.004611 0 0 0 0 0 0 0 0
1 0.007108 0.1635 0.2274 0.1564 0.08529 0.02843 0.02132 0 0.01422 0.007108 0 0 0 0 0 0 0 0 0 0
1 0.02417 0.05438 0.2719 0.1571 0.05438 0.03021 0 0 0 0 0.01208 0 0 0 0 0 0 0 0 0
1 0.0295 0.1328 0.2065 0.1918 0.07376 0.07376 0.01475 0.007376 0 0 0 0.007376 0 0 0 0 0 0 0 0
1 0.01681 0.08965 0.2241 0.07844 0.08404 0.03922 0.01121 0 0.005603 0 0.005603 0 0.005603 0 0 0 0 0 0 0
1 0.02284 0.1005 0.07308 0.1096 0.04111 0.07765 0.01827 0.004568 0 0 0 0 0.009135 0 0 0 0 0 0 0
1 0.009889 0.09395 0.2077 0.02967 0.07417 0.03461 0.02967 0.004945 0.009889 0 0 0 0 0 0 0 0 0 0 0
1 0 0.1059 0.2235 0.147 0.01176 0.04117 0.03529 0.005881 0.01176 0 0 0 0 0.005881 0 0 0 0 0 0
1 0.02672 0.05879 0.1443 0.1924 0.05879 0.02138 0.01069 0.005344 0.005344 0 0 0.005344 0.005344 0 0 0 0 0 0 0
1 0.01253 0.07935 0.071 0.1295 0.07518 0.03341 0.004176 0.008353 0 0.004176 0 0 0 0 0 0 0 0 0 0
1 0.006312 0.06944 0.1231 0.02841 0.05681 0.01262 0.009469 0 0.006312 0 0.003156 0 0 0 0 0 0 0 0 0
1 0.01016 0.0271 0.1355 0.07452 0.01694 0.03387 0.0271 0.006775 0 0.006775 0 0 0 0 0 0 0 0 0 0
1 0.01377 0.01102 0.09087 0.07986 0.04406 0.01652 0.005508 0.002754 0.008261 0 0.002754 0 0 0 0 0 0 0 0 0
1 0.006173 0.04527 0.02469 0.04939 0.03704 0.02058 0.002058 0.01029 0.01029 0 0 0 0 0 0 0 0 0 0 0
1 0.008103 0.07833 0.09183 0.005402 0.01621 0.03511 0.02161 0.002701 0 0.008103 0.002701 0 0 0 0 0 0 0 0 0
1 0.005847 0.04385 0.1023 0.07309 0.01462 0.01169 0.01754 0.01754 0 0.002924 0.002924 0 0 0 0 0 0 0 0 0
1 0.009559 0.05018 0.04301 0.07169 0.03584 0.004779 0.01195 0.004779 0.004779 0.00239 0 0 0 0 0 0 0 0 0 0
1 0 0.05642 0.06112 0.04701 0.04231 0.009403 0.004701 0.004701 0.004701 0.002351 0 0.002351 0 0 0 0 0 0 0 0
1 0.01875 0.01563 0.1563 0.05313 0.00625 0.02188 0.01563 0.009376 0.009376 0.00625 0 0 0 0 0 0 0 0 0 0
1 0.001284 0.02311 0.01669 0.04493 0.02182 0.005135 0.008986 0.003851 0 0 0.001284 0 0 0.001284 0 0 0 0 0 0
1 0.01238 0.03095 0.06189 0.01857 0.05571 0.01032 0.006189 0.004126 0.004126 0 0.002063 0 0 0 0 0 0 0 0 0
1 0.00892 0.05575 0.04683 0.0446 0.01115 0.02453 0.01115 0 0.00446 0.00892 0.00223 0.00446 0 0 0 0 0 0 0 0
1 0.01055 0.05277 0.1029 0.01847 0.03958 0.002639 0.01847 0.005277 0.005277 0.007916 0 0 0 0 0 0 0 0 0 0
1 0.006387 0.01916 0.07878 0.06813 0.0149 0.006387 0 0.01277 0.002129 0 0.002129 0.002129 0 0 0 0 0 0 0 0
1 0.003754 0.0244 0.02252 0.06382 0.05068 0.003754 0.01126 0.003754 0 0.001877 0.001877 0 0 0 0 0 0 0 0 0
1 0.009003 0.01621 0.03421 0.04862 0.03601 0.01621 0.007203 0.003601 0.003601 0.001801 0 0 0.001801 0.001801 0 0 0 0 0 0
1 0.00941 0.04705 0.02509 0.02196 0.02039 0.01725 0.01098 0.001568 0.001568 0 0.001568 0 0 0 0 0 0 0 0 0
1 0.003031 0.03486 0.05911 0.009094 0.009094 0.01061 0.006063 0.01213 0.004547 0 0.003031 0 0 0 0 0 0 0 0 0
1 0 0.02954 0.06647 0.03693 0.01292 0.007385 0.009231 0.01108 0.009231 0 0.001846 0 0 0 0 0 0 0 0 0
1 0.005972 0.0219 0.05972 0.05772 0.02588 0.007962 0.003981 0.005972 0.003981 0.003981 0.001991 0 0 0 0 0 0 0 0 0
