 landings-at-age - landings.n (units : NA )
1	2	
2	100	
1	20	
1 
0.02659 0.2984 0.8352 0.6934 0.4839 0.3377 0.2357 0.1644 0.1148 0.08008 0.05589 0.039 0.02722 0.01899 0.01325 0.009249 0.006454 0.004504 0.003143 0.007259
0.006247 0.05216 0.1462 0.1214 0.08475 0.05914 0.04127 0.0288 0.0201 0.01403 0.009787 0.00683 0.004766 0.003326 0.002321 0.00162 0.00113 0.0007888 0.0005504 0.001271
0.003431 0.07014 0.1464 0.1219 0.08515 0.05942 0.04147 0.02894 0.02019 0.01409 0.009834 0.006862 0.004789 0.003342 0.002332 0.001627 0.001136 0.0007925 0.000553 0.001277
0.002869 0.03853 0.1968 0.122 0.08549 0.0597 0.04166 0.02907 0.02029 0.01416 0.00988 0.006895 0.004811 0.003358 0.002343 0.001635 0.001141 0.0007963 0.0005557 0.001283
0.004524 0.03222 0.1081 0.1641 0.08557 0.05994 0.04186 0.02921 0.02038 0.01423 0.009927 0.006927 0.004834 0.003374 0.002354 0.001643 0.001146 8e-04 0.0005583 0.001289
0.007731 0.0508 0.0904 0.09015 0.1151 0.06 0.04203 0.02935 0.02048 0.01429 0.009974 0.00696 0.004857 0.00339 0.002365 0.001651 0.001152 0.0008038 0.0005609 0.001295
0.002033 0.08681 0.1425 0.07538 0.06321 0.08068 0.04207 0.02947 0.02058 0.01436 0.01002 0.006993 0.00488 0.003406 0.002377 0.001658 0.001157 0.0008076 0.0005636 0.001302
0.003358 0.02283 0.2436 0.1189 0.05285 0.04432 0.05657 0.0295 0.02066 0.01443 0.01007 0.007026 0.004903 0.003422 0.002388 0.001666 0.001163 0.0008114 0.0005663 0.001308
0.0007451 0.0377 0.06405 0.2031 0.08334 0.03706 0.03107 0.03966 0.02068 0.01449 0.01012 0.00706 0.004926 0.003438 0.002399 0.001674 0.001168 0.0008153 0.0005689 0.001314
0.003301 0.008367 0.1058 0.05341 0.1424 0.05843 0.02598 0.02179 0.02781 0.0145 0.01016 0.007093 0.00495 0.003454 0.00241 0.001682 0.001174 0.0008191 0.0005716 0.00132
0.003412 0.03706 0.02348 0.08822 0.03745 0.09985 0.04097 0.01822 0.01528 0.0195 0.01017 0.007121 0.004973 0.003471 0.002422 0.00169 0.001179 0.000823 0.0005743 0.001326
0.00353 0.03831 0.104 0.01958 0.06185 0.02626 0.07001 0.02873 0.01277 0.01071 0.01367 0.007128 0.004993 0.003487 0.002433 0.001698 0.001185 0.0008269 0.0005771 0.001333
0.004604 0.03963 0.1075 0.08672 0.01373 0.04337 0.01841 0.04909 0.02014 0.008956 0.00751 0.009586 0.004998 0.003501 0.002445 0.001706 0.001191 0.0008308 0.0005798 0.001339
0.002267 0.05169 0.1112 0.08963 0.0608 0.009624 0.03041 0.01291 0.03442 0.01412 0.006279 0.005265 0.006721 0.003504 0.002455 0.001714 0.001196 0.0008348 0.0005825 0.001345
0.009246 0.02545 0.145 0.09274 0.06285 0.04263 0.006748 0.02132 0.009051 0.02413 0.009902 0.004403 0.003692 0.004712 0.002457 0.001721 0.001202 0.0008387 0.0005853 0.001352
0.01968 0.1038 0.07141 0.1209 0.06502 0.04406 0.02989 0.004731 0.01495 0.006346 0.01692 0.006942 0.003087 0.002589 0.003304 0.001723 0.001207 0.0008427 0.0005881 0.001358
0.003412 0.2209 0.2913 0.05955 0.0848 0.04559 0.0309 0.02096 0.003317 0.01048 0.004449 0.01186 0.004868 0.002164 0.001815 0.002317 0.001208 0.000846 0.0005908 0.001365
0.003134 0.03831 0.62 0.2429 0.04175 0.05946 0.03196 0.02166 0.01469 0.002326 0.007348 0.00312 0.008318 0.003413 0.001518 0.001273 0.001624 0.0008469 0.0005932 0.001371
0.00563 0.03519 0.1075 0.517 0.1703 0.02927 0.04169 0.02241 0.01519 0.0103 0.001631 0.005152 0.002187 0.005832 0.002393 0.001064 0.0008922 0.001139 0.0005938 0.001377
0.008326 0.06321 0.09874 0.08963 0.3625 0.1194 0.02053 0.02923 0.01571 0.01065 0.007224 0.001143 0.003613 0.001534 0.004089 0.001678 0.000746 0.0006256 0.0007985 0.001382
0.001288 0.09348 0.1774 0.08234 0.06285 0.2541 0.08373 0.01439 0.02049 0.01102 0.007467 0.005065 0.0008017 0.002533 0.001075 0.002867 0.001176 0.0005231 0.0004386 0.001529
0.001409 0.01446 0.2623 0.1479 0.05773 0.04406 0.1782 0.05871 0.01009 0.01437 0.007725 0.005235 0.003551 0.0005621 0.001776 0.0007539 0.00201 0.0008248 0.0003667 0.001379
0.002166 0.01582 0.04057 0.2187 0.1037 0.04048 0.0309 0.1249 0.04116 0.007075 0.01008 0.005416 0.003671 0.00249 0.0003941 0.001245 0.0005286 0.001409 0.0005783 0.001224
0.002682 0.02432 0.0444 0.03383 0.1534 0.07271 0.02838 0.02166 0.0876 0.02886 0.00496 0.007064 0.003798 0.002574 0.001746 0.0002763 0.000873 0.0003706 0.0009882 0.001264
0.007503 0.03011 0.06823 0.03702 0.02372 0.1075 0.05098 0.0199 0.01519 0.06142 0.02024 0.003478 0.004953 0.002663 0.001804 0.001224 0.0001937 0.0006121 0.0002599 0.001579
0.003854 0.08425 0.0845 0.05689 0.02596 0.01663 0.07539 0.03575 0.01395 0.01065 0.04306 0.01419 0.002439 0.003473 0.001867 0.001265 0.0008582 0.0001358 0.0004292 0.001289
0.008336 0.04328 0.2364 0.07046 0.03989 0.0182 0.01166 0.05286 0.02506 0.009782 0.007467 0.03019 0.009948 0.00171 0.002435 0.001309 0.0008871 0.0006017 9.525e-05 0.001205
0.004223 0.0936 0.1214 0.1971 0.0494 0.02797 0.01276 0.008177 0.03706 0.01757 0.006859 0.005235 0.02117 0.006975 0.001199 0.001707 0.0009178 0.000622 0.0004219 0.0009116
0.008367 0.04742 0.2626 0.1013 0.1382 0.03464 0.01961 0.008947 0.005733 0.02599 0.01232 0.004809 0.003671 0.01484 0.00489 0.0008405 0.001197 0.0006435 0.0004361 0.000935
0.005369 0.09395 0.133 0.219 0.071 0.09691 0.02429 0.01375 0.006273 0.00402 0.01822 0.008639 0.003372 0.002574 0.01041 0.003429 0.0005893 0.0008393 0.0004512 0.0009613
0.001787 0.06029 0.2636 0.1109 0.1536 0.04978 0.06795 0.01703 0.009641 0.004398 0.002818 0.01278 0.006057 0.002364 0.001804 0.007297 0.002404 0.0004132 0.0005884 0.0009904
0.005649 0.02006 0.1692 0.2198 0.07779 0.1077 0.0349 0.04764 0.01194 0.00676 0.003084 0.001976 0.008957 0.004247 0.001658 0.001265 0.005116 0.001686 0.0002897 0.001107
0.0114 0.06342 0.05629 0.1411 0.1541 0.05454 0.07549 0.02447 0.0334 0.008371 0.004739 0.002162 0.001386 0.00628 0.002978 0.001162 0.0008871 0.003587 0.001182 0.0009793
0.0009598 0.128 0.178 0.04694 0.09891 0.1081 0.03824 0.05293 0.01716 0.02342 0.00587 0.003323 0.001516 0.0009715 0.004403 0.002088 0.0008148 0.000622 0.002515 0.001515
0.002671 0.01078 0.3591 0.1484 0.03291 0.06935 0.07577 0.02681 0.03711 0.01203 0.01642 0.004115 0.00233 0.001063 0.0006811 0.003087 0.001464 0.0005713 0.0004361 0.002826
0.002136 0.02999 0.03024 0.2994 0.1041 0.02307 0.04862 0.05313 0.0188 0.02602 0.008435 0.01151 0.002885 0.001634 0.0007453 0.0004776 0.002165 0.001026 0.0004006 0.002287
0.004263 0.02398 0.08414 0.02522 0.2099 0.07295 0.01618 0.03409 0.03725 0.01318 0.01824 0.005914 0.008073 0.002023 0.001145 0.0005226 0.0003348 0.001518 0.0007196 0.001884
0.006632 0.04787 0.06729 0.07016 0.01768 0.1472 0.05115 0.01134 0.0239 0.02612 0.009242 0.01279 0.004147 0.00566 0.001418 0.0008031 0.0003664 0.0002348 0.001064 0.001826
0.006411 0.07447 0.1343 0.05611 0.04919 0.0124 0.1032 0.03586 0.007953 0.01676 0.01831 0.00648 0.008969 0.002908 0.003969 0.0009946 0.0005631 0.0002569 0.0001646 0.002026
0.3206 3.939 11.25 6.008 2.11 1.85 0.4662 3.881 1.349 0.2991 0.6303 0.6887 0.2437 0.3373 0.1093 0.1493 0.0374 0.02118 0.009661 0.0824
0.8925 4.598 13.76 11.41 5.099 1.791 1.57 0.3956 3.294 1.145 0.2538 0.5349 0.5844 0.2068 0.2862 0.09279 0.1267 0.03174 0.01797 0.07812
0.3159 5.681 7.177 6.215 4.308 1.925 0.6762 0.5929 0.1494 1.244 0.4322 0.09585 0.202 0.2207 0.07809 0.1081 0.03504 0.04783 0.01199 0.03629
0.2515 5.205 22.9 8.448 6.13 4.25 1.899 0.667 0.5848 0.1474 1.227 0.4263 0.09454 0.1992 0.2177 0.07703 0.1066 0.03456 0.04718 0.04761
0.1582 2.576 13.03 16.64 5.137 3.728 2.584 1.155 0.4056 0.3556 0.08962 0.7461 0.2593 0.0575 0.1212 0.1324 0.04684 0.06484 0.02102 0.05765
0.2708 2.372 9.396 13.8 14.75 4.553 3.304 2.291 1.024 0.3595 0.3152 0.07943 0.6612 0.2298 0.05096 0.1074 0.1173 0.04152 0.05746 0.06972
0.1387 2.566 5.474 6.26 7.684 8.212 2.535 1.84 1.275 0.5699 0.2002 0.1755 0.04422 0.3681 0.1279 0.02837 0.05978 0.06532 0.02311 0.07081
0.09855 1.324 5.99 3.705 3.545 4.351 4.65 1.435 1.042 0.7221 0.3227 0.1133 0.09936 0.02504 0.2084 0.07244 0.01606 0.03385 0.03699 0.05318
0.2976 1.374 4.503 5.918 3.065 2.931 3.598 3.846 1.187 0.8614 0.5972 0.2669 0.09373 0.08218 0.02071 0.1724 0.05991 0.01329 0.028 0.07457
0.344 3.44 3.864 3.662 4.024 2.084 1.993 2.447 2.615 0.8072 0.5857 0.406 0.1814 0.06373 0.05587 0.01408 0.1172 0.04073 0.009033 0.06974
0.3561 3.541 8.624 2.801 2.218 2.438 1.262 1.208 1.482 1.584 0.489 0.3549 0.246 0.1099 0.03861 0.03385 0.008531 0.07102 0.02468 0.04773
0.3623 4.368 10.57 7.45 2.024 1.603 1.761 0.9121 0.8725 1.071 1.145 0.3533 0.2564 0.1777 0.07943 0.0279 0.02446 0.006164 0.05131 0.05232
0.6136 4.421 12.93 9.032 5.323 1.446 1.145 1.258 0.6517 0.6234 0.7652 0.8178 0.2524 0.1832 0.127 0.05675 0.01993 0.01747 0.004404 0.07404
0.321 6.122 10.72 9.036 5.272 3.107 0.8439 0.6685 0.7346 0.3804 0.3639 0.4467 0.4774 0.1474 0.1069 0.07413 0.03313 0.01163 0.0102 0.04579
0.1169 3.72 17.24 8.721 6.147 3.587 2.114 0.5741 0.4548 0.4997 0.2588 0.2475 0.3039 0.3248 0.1002 0.07274 0.05043 0.02254 0.007915 0.03809
0.2002 1.416 10.92 14.6 6.175 4.353 2.54 1.497 0.4065 0.322 0.3538 0.1832 0.1753 0.2152 0.2299 0.07098 0.05151 0.03571 0.01596 0.03257
0.4449 2.142 3.674 8.162 9.118 3.855 2.718 1.586 0.9344 0.2538 0.201 0.2209 0.1144 0.1094 0.1343 0.1436 0.04432 0.03216 0.02229 0.0303
0.2737 4.682 5.476 2.709 5.028 5.617 2.375 1.674 0.9768 0.5756 0.1564 0.1239 0.1361 0.07048 0.06742 0.08276 0.08844 0.0273 0.01981 0.0324
0.2725 3.194 13.27 4.48 1.852 3.439 3.842 1.624 1.145 0.6681 0.3937 0.1069 0.0847 0.09308 0.0482 0.04611 0.0566 0.06049 0.01867 0.03571
0.5247 2.549 7.275 8.723 2.462 1.018 1.889 2.111 0.8925 0.6291 0.3671 0.2163 0.05876 0.04654 0.05114 0.02648 0.02533 0.0311 0.03324 0.02988
0.1662 5.611 6.652 5.505 5.521 1.558 0.6443 1.196 1.336 0.565 0.3982 0.2324 0.1369 0.03719 0.02946 0.03237 0.01676 0.01604 0.01969 0.03995
0.06687 1.395 11.55 3.976 2.753 2.761 0.7793 0.3222 0.5981 0.6682 0.2825 0.1992 0.1162 0.06848 0.0186 0.01473 0.01619 0.008384 0.00802 0.02982
0.3642 0.7902 4.045 9.773 2.819 1.952 1.958 0.5525 0.2284 0.4241 0.4738 0.2003 0.1412 0.08239 0.04855 0.01319 0.01045 0.01148 0.005944 0.02683
0.3564 6.4 3.379 5.034 10.19 2.939 2.035 2.041 0.5759 0.2381 0.442 0.4938 0.2088 0.1472 0.08588 0.05061 0.01375 0.01089 0.01196 0.03416
0.1333 2.649 11.63 1.774 2.208 4.467 1.289 0.8924 0.895 0.2526 0.1044 0.1939 0.2166 0.09158 0.06455 0.03766 0.0222 0.006029 0.004775 0.02023
0.1702 1.232 6.016 7.697 0.9833 1.224 2.477 0.7145 0.4947 0.4962 0.14 0.0579 0.1075 0.1201 0.05077 0.03579 0.02088 0.0123 0.003342 0.01386
0.2538 3.363 5.932 8.448 9.059 1.157 1.44 2.915 0.8409 0.5822 0.5839 0.1648 0.06814 0.1265 0.1413 0.05975 0.04212 0.02457 0.01448 0.02025
0.1832 1.891 6.13 3.126 3.721 3.99 0.5097 0.6343 1.284 0.3703 0.2564 0.2572 0.07258 0.03001 0.05571 0.06224 0.02631 0.01855 0.01082 0.0153
0.2025 2.148 5.434 5.133 2.192 2.609 2.798 0.3574 0.4448 0.9001 0.2597 0.1798 0.1803 0.05089 0.02104 0.03906 0.04364 0.01845 0.01301 0.01831
0.3237 2.746 7.109 5.234 4.139 1.768 2.104 2.256 0.2882 0.3587 0.7259 0.2094 0.145 0.1454 0.04104 0.01697 0.0315 0.03519 0.01488 0.02526
0.6676 3.628 7.505 5.633 3.469 2.744 1.172 1.395 1.495 0.191 0.2378 0.4811 0.1388 0.09611 0.09639 0.0272 0.01125 0.02088 0.02333 0.0266
0.2737 6.546 8.695 5.216 3.275 2.017 1.595 0.6812 0.8108 0.8694 0.1111 0.1382 0.2797 0.0807 0.05587 0.05604 0.01581 0.006539 0.01214 0.02903
0.3425 2.435 14.29 5.525 2.774 1.742 1.073 0.8483 0.3623 0.4312 0.4624 0.05906 0.07351 0.1488 0.04292 0.02972 0.0298 0.008411 0.003478 0.02189
0.2303 6.555 11.35 19.41 6.285 3.156 1.982 1.22 0.9651 0.4122 0.4906 0.526 0.06719 0.08363 0.1692 0.04883 0.03381 0.03391 0.009569 0.02886
0.3625 1.942 13.49 6.741 9.635 3.12 1.567 0.9837 0.6058 0.4791 0.2046 0.2435 0.2611 0.03336 0.04152 0.08402 0.02424 0.01678 0.01683 0.01908
0.3892 3.78 4.956 10 4.183 5.98 1.936 0.9724 0.6105 0.376 0.2973 0.127 0.1511 0.1621 0.0207 0.02577 0.05214 0.01504 0.01042 0.02229
0.4747 5.797 13.71 5.225 8.827 3.692 5.277 1.709 0.8582 0.5388 0.3318 0.2624 0.1121 0.1334 0.143 0.01827 0.02274 0.04602 0.01328 0.02886
0.1852 5.379 15.96 10.91 3.474 5.869 2.455 3.509 1.136 0.5706 0.3582 0.2206 0.1745 0.07451 0.08868 0.09509 0.01215 0.01512 0.0306 0.02802
0.4087 2.122 14.97 12.82 7.323 2.332 3.94 1.648 2.356 0.7628 0.3831 0.2405 0.1481 0.1171 0.05002 0.05954 0.06384 0.008155 0.01015 0.03935
0.4231 4.231 5.342 10.87 7.785 4.446 1.416 2.392 1.001 1.43 0.4632 0.2326 0.146 0.08992 0.07111 0.03037 0.03615 0.03876 0.004951 0.03005
0.2141 4.544 11.06 4.039 6.873 4.92 2.81 0.895 1.512 0.6324 0.904 0.2927 0.147 0.09229 0.05683 0.04495 0.0192 0.02285 0.0245 0.02213
0.05981 1.819 9.447 6.664 2.035 3.462 2.479 1.416 0.4509 0.7617 0.3186 0.4554 0.1475 0.07406 0.04649 0.02863 0.02264 0.009671 0.01151 0.02349
0.2289 0.6847 5.102 7.717 4.558 1.392 2.368 1.695 0.9683 0.3084 0.521 0.2179 0.3115 0.1009 0.05065 0.0318 0.01958 0.01549 0.006615 0.02394
0.3279 3.336 2.433 5.272 6.676 3.943 1.204 2.049 1.467 0.8377 0.2668 0.4507 0.1885 0.2695 0.08727 0.04382 0.02751 0.01694 0.0134 0.02643
0.1763 3.592 8.897 1.877 3.402 4.307 2.544 0.7768 1.322 0.9464 0.5405 0.1722 0.2908 0.1216 0.1739 0.05631 0.02827 0.01775 0.01093 0.0257
0.253 1.829 9.085 6.515 1.149 2.083 2.637 1.558 0.4756 0.8094 0.5795 0.331 0.1054 0.1781 0.07448 0.1065 0.03448 0.01731 0.01087 0.02243
0.3633 2.254 3.989 5.751 3.45 0.6088 1.103 1.397 0.8251 0.2519 0.4287 0.3069 0.1753 0.05582 0.09431 0.03945 0.05638 0.01826 0.009169 0.01764
0.09799 3.459 5.273 2.721 3.286 1.971 0.3478 0.6302 0.7979 0.4713 0.1439 0.2449 0.1753 0.1001 0.03189 0.05387 0.02253 0.03221 0.01043 0.01531
0.253 1.768 15.23 6.774 2.929 3.537 2.122 0.3744 0.6784 0.859 0.5074 0.1549 0.2636 0.1887 0.1078 0.03433 0.058 0.02426 0.03467 0.02771
0.2183 3.231 5.479 13.64 5.074 2.194 2.649 1.589 0.2804 0.5081 0.6433 0.38 0.116 0.1974 0.1414 0.08073 0.02571 0.04344 0.01817 0.04672
0.5634 2.509 8.996 4.394 9.141 3.399 1.47 1.775 1.065 0.1879 0.3404 0.431 0.2546 0.07773 0.1323 0.0947 0.05409 0.01723 0.0291 0.04348
0.3721 5.607 6.062 6.26 2.554 5.313 1.976 0.8543 1.032 0.6188 0.1092 0.1978 0.2505 0.148 0.04518 0.07688 0.05504 0.03144 0.01001 0.04218
0.1476 2.878 10.61 3.318 2.864 1.168 2.431 0.9039 0.3909 0.4719 0.2831 0.04995 0.09051 0.1146 0.0677 0.02067 0.03517 0.02518 0.01438 0.02388
0.1059 1.397 6.696 7.197 1.885 1.627 0.6637 1.381 0.5134 0.222 0.268 0.1608 0.02837 0.05141 0.0651 0.03845 0.01174 0.01998 0.0143 0.02173
0.08912 1.266 4.104 5.747 5.175 1.355 1.17 0.4772 0.9928 0.3692 0.1596 0.1928 0.1156 0.0204 0.03697 0.04681 0.02765 0.008442 0.01437 0.02591
0.2419 1.248 4.338 4.102 4.812 4.334 1.135 0.9795 0.3996 0.8313 0.3091 0.1337 0.1614 0.09683 0.01708 0.03096 0.0392 0.02315 0.007069 0.03373
0.3876 3.334 4.187 4.226 3.345 3.924 3.534 0.9254 0.7987 0.3259 0.6779 0.2521 0.109 0.1316 0.07896 0.01393 0.02524 0.03196 0.01888 0.03327
0.3273 4.962 10.35 3.755 3.168 2.508 2.941 2.649 0.6937 0.5987 0.2443 0.5082 0.189 0.08171 0.09866 0.05919 0.01044 0.01892 0.02396 0.03909
0.2896 2.352 8.707 5.238 1.587 1.339 1.06 1.243 1.12 0.2932 0.2531 0.1033 0.2148 0.07987 0.03454 0.0417 0.02502 0.004414 0.007998 0.02665
0.2279 3.183 6.332 6.827 3.438 1.042 0.8791 0.6958 0.8162 0.735 0.1925 0.1661 0.06778 0.141 0.05243 0.02267 0.02737 0.01642 0.002898 0.02275
