Originally  
101 
A 
42	100	
1	1	NA	NA	
1	20	
1 0.02616 0.157 1.099 0.3139 0.2354 0.1831 0.157 0.07848 0.1046 0.07848 0.07848 0.02616 0.05232 0.02616 0 0 0 0 0 0
1 0.04081 0.1428 0.449 0.8367 0.1633 0.1633 0.102 0.06122 0 0.04081 0.02041 0 0.02041 0 0 0 0 0 0 0
1 0.01647 0.1153 0.4118 0.313 0.2965 0.1647 0.1318 0.06588 0.06588 0.06588 0 0 0 0 0 0 0 0 0 0
1 0.02352 0.3528 0.4233 0.4939 0.3293 0.3998 0.09407 0.09407 0.04704 0.02352 0.02352 0 0 0 0 0 0 0.02352 0.02352 0
1 0.04153 0.1869 0.3738 0.4569 0.1869 0.1454 0.3115 0.08307 0.04153 0.1246 0.04153 0.04153 0.04153 0 0 0 0 0 0 0
1 0.03428 0.3942 0.2743 0.2057 0.2057 0.12 0.06856 0.1543 0.12 0.01714 0.05142 0.01714 0.01714 0.01714 0 0 0 0 0 0.01714
1 0.01676 0.2849 0.4189 0.2178 0.2178 0.1508 0.1173 0.08378 0.03351 0.03351 0.01676 0.01676 0 0.06703 0 0 0 0 0 0
1 0.07085 0.1417 0.7322 0.5905 0.1417 0.1181 0.2126 0.1889 0.07085 0.04724 0 0.04724 0 0 0 0 0 0 0 0
1 0.02214 0.2878 0.2878 0.5978 0.4428 0.1771 0.155 0.08856 0.02214 0.02214 0.06642 0.02214 0 0.02214 0 0 0 0 0 0
1 0.1009 0.1514 0.3279 0.2775 0.164 0.07568 0.05045 0.06306 0.01261 0.01261 0.01261 0 0 0 0.01261 0 0 0 0 0
1 0.03721 0.3597 0.186 0.186 0.09922 0.08681 0.06201 0.04961 0.04961 0.0248 0.0124 0 0.03721 0.0124 0.0124 0.0124 0 0 0 0.0124
1 0.01429 0.1858 0.7145 0.1143 0.1 0.07145 0.1286 0.04287 0 0.01429 0 0.01429 0 0.02858 0 0 0 0 0 0
1 0.116 0.3673 0.4447 0.4833 0.1547 0.09667 0.09667 0.116 0.01933 0 0 0.01933 0 0 0 0 0 0 0 0.01933
1 0.02228 0.1225 0.3007 0.1782 0.245 0.0891 0.03341 0.02228 0.04455 0.03341 0 0 0 0 0 0.02228 0 0 0 0
1 0.09821 0.1964 0.6678 0.55 0.1375 0.2357 0.01964 0 0.05893 0 0 0 0 0 0 0 0 0 0 0
1 0.03642 0.2185 0.2549 0.2792 0.09711 0.1578 0.04855 0.06069 0.03642 0 0.01214 0 0.01214 0 0 0 0 0 0 0
1 0.01134 0.1474 0.3175 0.1247 0.2948 0.07937 0.06803 0.04535 0.01134 0.01134 0 0 0.02268 0 0 0 0 0 0 0
1 0.02088 0.1044 0.1775 0.2923 0.1775 0.1148 0.07308 0 0.08353 0 0 0 0 0 0 0 0 0 0 0
1 0.01913 0.1435 0.1722 0.2296 0.1435 0.07652 0.1052 0.04782 0 0.01913 0 0 0 0 0 0 0 0 0 0
1 0.01864 0.1119 0.1678 0.06836 0.09322 0.0435 0.03107 0.02486 0.01243 0.01243 0.03107 0 0.006215 0 0 0 0 0 0 0
1 0.03668 0.1926 0.266 0.1926 0.08254 0.04586 0.04586 0.01834 0.009171 0.01834 0.009171 0 0 0 0 0 0 0 0 0
1 0.02795 0.1048 0.2795 0.1188 0.08384 0.01397 0.02096 0.02795 0.006987 0.006987 0 0 0 0 0.006987 0 0 0 0 0
1 0.02174 0.125 0.1522 0.1467 0.03804 0.02717 0.005435 0.01087 0 0 0.01087 0 0 0 0 0 0 0.005435 0 0
1 0.02246 0.0786 0.2246 0.09545 0.07299 0.005615 0.01684 0.01123 0.01123 0.005615 0 0.01684 0 0 0 0 0 0 0 0
1 0.01374 0.09615 0.206 0.1648 0.07555 0.04808 0.03434 0.02747 0 0.006868 0 0 0 0.006868 0.006868 0 0 0 0 0
1 0.03233 0.07543 0.1401 0.1401 0.09159 0.02155 0.01616 0.005388 0.01078 0.005388 0 0 0 0 0 0 0 0 0 0
1 0.03335 0.1381 0.1048 0.06669 0.05716 0.04764 0.01429 0.004764 0.004764 0.004764 0 0 0 0 0 0 0 0 0 0
1 0.02748 0.1305 0.2404 0.103 0.07556 0.04808 0.03435 0.01374 0 0.006869 0 0 0.006869 0 0 0 0 0 0 0
1 0.01325 0.4504 0.4239 0.265 0.07949 0.0265 0.03974 0.0265 0 0 0 0 0 0 0 0 0 0 0 0
1 0.02569 0.1713 0.3255 0.1456 0.1113 0.01713 0.01713 0.008565 0.02569 0 0 0 0 0 0.008565 0 0 0 0 0
1 0.05836 0.1751 0.2251 0.2418 0.08338 0.01668 0.01668 0.008338 0 0.008338 0 0 0 0 0 0 0 0 0 0
1 0.0241 0.1808 0.4459 0.229 0.1446 0.1085 0.04821 0.01205 0 0.01205 0 0 0 0 0 0 0 0 0 0
1 0.02191 0.1168 0.2044 0.1825 0.08762 0.08762 0.007302 0.0146 0 0 0 0 0 0.007302 0 0 0 0 0 0
1 0.04725 0.1732 0.2047 0.1654 0.063 0.04725 0.05512 0.01575 0 0.01575 0 0 0 0 0 0 0 0 0 0
1 0.0545 0.3815 0.3379 0.1417 0.0872 0.0436 0.0327 0.0109 0 0 0 0 0 0 0 0 0 0 0 0
1 0.008906 0.1425 0.5077 0.1336 0.04453 0.01781 0 0.02672 0 0 0.008906 0 0 0 0 0 0 0 0 0
1 0.02629 0.2629 0.4601 0.355 0.09203 0.02629 0.03944 0.02629 0 0 0.01315 0 0.01315 0 0 0 0 0 0 0
1 0.02041 0.06123 0.4184 0.2653 0.1633 0.07143 0.02041 0 0 0 0 0 0 0 0 0 0 0 0 0
1 0.02512 0.2512 0.3769 0.3015 0.08793 0.1633 0.01256 0 0 0.02512 0 0.01256 0 0 0 0 0 0 0 0
1 0.03942 0.1642 0.1577 0.08541 0.07884 0.04599 0.05256 0.01971 0 0.01314 0 0 0 0 0 0 0 0 0 0
1 0.03084 0.111 0.2406 0.08019 0.04318 0.07403 0.01234 0.02468 0 0 0 0 0 0 0 0 0 0 0 0
1 0.009517 0.1618 0.3331 0.2379 0.06662 0.03807 0.03807 0.0571 0.009517 0 0 0 0 0 0 0 0 0 0 0
1 0.05046 0.1598 0.2102 0.2102 0.1093 0.04205 0.01682 0.01682 0.02523 0 0 0 0 0 0 0 0 0 0 0
1 0.005973 0.1971 0.1613 0.07167 0.08959 0.04181 0.01792 0.01195 0 0 0 0 0 0 0 0 0 0 0 0
1 0.007697 0.1155 0.3079 0.1693 0.07697 0.03849 0.03849 0.007697 0.007697 0 0 0 0 0 0 0 0 0 0 0
1 0.007537 0.1357 0.1583 0.2864 0.06783 0.04522 0.02261 0.03015 0 0 0 0 0 0 0 0 0 0 0 0
1 0.0287 0.09329 0.3229 0.09329 0.1005 0.0287 0.0287 0.01435 0 0 0.007176 0 0 0 0 0 0 0 0 0
1 0.05243 0.2097 0.1948 0.08989 0.04494 0.08989 0.03745 0.007491 0.007491 0 0.007491 0.007491 0 0 0 0 0 0 0 0
1 0.01736 0.217 0.2951 0.09546 0.06943 0.04339 0.09546 0.02604 0 0.008678 0 0 0 0 0 0 0 0 0 0
1 0.02109 0.1582 0.4851 0.2215 0.03164 0.05273 0.03164 0.04218 0 0.01055 0 0 0 0 0 0 0 0 0 0
1 0.007477 0.1346 0.2766 0.1794 0.06729 0.02991 0.02243 0 0.01495 0 0.007477 0.007477 0 0 0 0 0 0 0 0
1 0.03092 0.134 0.268 0.2577 0.1855 0.07216 0.03092 0.03092 0.01031 0 0.01031 0 0 0 0 0 0 0 0 0
1 0.03139 0.2119 0.1962 0.1099 0.102 0.07847 0.03139 0.007847 0.007847 0 0.007847 0 0 0 0 0 0 0 0 0
1 0.02721 0.1814 0.3356 0.1361 0.0907 0.07256 0.05442 0.00907 0 0 0 0 0 0 0 0 0 0 0 0
1 0.05011 0.2756 0.2506 0.3383 0.1002 0.06264 0.06264 0.1002 0.01253 0 0 0 0 0 0 0 0 0 0 0
1 0.05053 0.2122 0.192 0.2021 0.192 0.06064 0.05053 0.03032 0.01011 0 0 0 0.01011 0 0 0 0 0 0 0
1 0.03371 0.1349 0.3287 0.1096 0.118 0.07585 0.01686 0.008428 0.008428 0 0.008428 0 0 0 0 0 0 0 0 0
1 0.05594 0.1259 0.3776 0.4615 0.1818 0.0979 0.06993 0 0 0.01399 0 0 0 0 0 0.01399 0 0 0 0
1 0.03706 0.2131 0.2223 0.1575 0.1019 0.1112 0.03706 0.01853 0.01853 0 0.009264 0 0 0 0 0 0 0 0 0
