 landings-at-age - landings.n (units : NA )
1	2	
42	100	
1	20	
1 
0.004758 0.04367 0.3307 0.1085 0.1215 0.06771 0.04393 0.02585 0.01572 0.01155 0.009675 0.006206 0.00669 0.003556 0.003337 0.001525 0.0008329 0.0003816 0.0008634 0.001223
0.005921 0.05343 0.1225 0.2758 0.07608 0.08521 0.04747 0.0308 0.01812 0.01102 0.008097 0.006784 0.004352 0.00469 0.002494 0.00234 0.001069 0.000584 0.0002676 0.001463
0.07435 1.045 2.345 1.597 3.021 0.8335 0.9335 0.5201 0.3375 0.1985 0.1208 0.0887 0.07432 0.04768 0.05139 0.02732 0.02563 0.01172 0.006398 0.01896
0.117 1.612 5.601 3.71 2.121 4.014 1.107 1.24 0.691 0.4484 0.2638 0.1604 0.1179 0.09875 0.06334 0.06828 0.0363 0.03406 0.01557 0.03369
0.2532 1.94 6.572 6.698 3.722 2.128 4.026 1.111 1.244 0.6931 0.4497 0.2646 0.1609 0.1182 0.09905 0.06354 0.06849 0.03641 0.03416 0.04941
0.3173 3.747 7.018 6.931 5.917 3.288 1.88 3.557 0.9813 1.099 0.6123 0.3973 0.2337 0.1422 0.1044 0.0875 0.05613 0.0605 0.03216 0.07383
0.3101 4.405 12.64 6.86 5.668 4.839 2.689 1.537 2.909 0.8026 0.8989 0.5008 0.3249 0.1912 0.1163 0.08542 0.07156 0.04591 0.04948 0.08669
0.3032 4.131 14.18 11.72 5.314 4.391 3.748 2.083 1.191 2.253 0.6217 0.6963 0.3879 0.2517 0.1481 0.09006 0.06616 0.05543 0.03556 0.1055
0.3749 3.923 12.84 12.61 8.702 3.946 3.26 2.783 1.547 0.8842 1.673 0.4616 0.517 0.288 0.1869 0.1099 0.06687 0.04912 0.04116 0.1047
1.076 4.746 11.86 11.04 9.044 6.239 2.829 2.338 1.996 1.109 0.634 1.2 0.331 0.3707 0.2065 0.134 0.07883 0.04795 0.03522 0.1046
0.5847 13.39 14.03 9.913 7.684 6.292 4.341 1.968 1.626 1.388 0.7715 0.4411 0.8346 0.2303 0.2579 0.1437 0.09322 0.05484 0.03336 0.09727
0.7706 7.177 38.79 11.43 6.713 5.203 4.261 2.939 1.333 1.101 0.9402 0.5224 0.2987 0.5652 0.1559 0.1746 0.0973 0.06313 0.03714 0.08846
0.9935 9.351 20.44 30.87 7.549 4.435 3.438 2.815 1.942 0.8806 0.7276 0.6212 0.3452 0.1973 0.3734 0.103 0.1154 0.06429 0.04171 0.08299
0.6079 11.94 26.22 15.92 19.93 4.875 2.864 2.22 1.818 1.254 0.5687 0.4699 0.4011 0.2229 0.1274 0.2411 0.06653 0.07451 0.04151 0.08053
0.847 7.244 33.01 20.01 10.06 12.6 3.081 1.81 1.403 1.149 0.7925 0.3594 0.2969 0.2535 0.1409 0.08053 0.1524 0.04204 0.04709 0.07712
0.7001 10.02 19.77 24.71 12.39 6.228 7.798 1.907 1.121 0.8685 0.7112 0.4906 0.2225 0.1838 0.1569 0.0872 0.04986 0.09434 0.02603 0.07689
0.4757 8.227 27 14.53 15 7.519 3.78 4.733 1.157 0.6801 0.5271 0.4317 0.2978 0.135 0.1116 0.09525 0.05293 0.03026 0.05726 0.06247
0.6734 5.556 21.91 19.49 8.649 8.93 4.477 2.251 2.818 0.6892 0.405 0.3139 0.257 0.1773 0.0804 0.06643 0.05672 0.03152 0.01802 0.07129
0.6625 7.823 14.64 15.55 11.39 5.055 5.219 2.617 1.316 1.647 0.4028 0.2367 0.1834 0.1502 0.1036 0.04699 0.03883 0.03315 0.01842 0.0522
1.146 7.658 20.39 10.21 8.924 6.538 2.901 2.996 1.502 0.7551 0.9454 0.2312 0.1358 0.1053 0.08623 0.05948 0.02697 0.02228 0.01903 0.04053
0.819 13.19 19.75 13.99 5.757 5.031 3.687 1.636 1.689 0.8469 0.4257 0.5331 0.1304 0.07659 0.05937 0.04862 0.03354 0.01521 0.01257 0.03358
0.8924 8.929 32.18 12.76 7.415 3.051 2.666 1.954 0.8669 0.8951 0.4488 0.2256 0.2825 0.06908 0.04059 0.03146 0.02576 0.01777 0.008059 0.02446
0.8102 9.729 21.79 20.79 6.761 3.929 1.617 1.413 1.035 0.4594 0.4743 0.2378 0.1196 0.1497 0.03661 0.02151 0.01667 0.01365 0.009419 0.01723
0.6656 8.833 23.74 14.07 11.02 3.583 2.082 0.8568 0.7488 0.5486 0.2435 0.2514 0.126 0.06336 0.07933 0.0194 0.0114 0.008836 0.007236 0.01412
0.5548 7.257 21.55 15.33 7.457 5.838 1.899 1.103 0.4541 0.3968 0.2908 0.129 0.1332 0.06679 0.03358 0.04204 0.01028 0.006041 0.004682 0.01132
1.036 6.048 17.71 13.92 8.125 3.952 3.094 1.006 0.5848 0.2406 0.2103 0.1541 0.06837 0.07059 0.03539 0.01779 0.02228 0.005449 0.003201 0.00848
0.8522 11.3 14.76 11.44 7.377 4.306 2.094 1.64 0.5333 0.3099 0.1275 0.1114 0.08165 0.03623 0.03741 0.01876 0.00943 0.01181 0.002887 0.00619
1.295 9.291 27.57 9.532 6.061 3.909 2.282 1.11 0.8689 0.2826 0.1642 0.06758 0.05906 0.04327 0.0192 0.01983 0.00994 0.004997 0.006257 0.004811
0.8766 14.12 22.67 17.8 5.051 3.212 2.072 1.209 0.5881 0.4604 0.1498 0.08703 0.03581 0.0313 0.02293 0.01018 0.01051 0.005268 0.002648 0.005865
0.8956 9.556 34.44 14.64 9.436 2.677 1.702 1.098 0.6408 0.3117 0.244 0.07936 0.04612 0.01898 0.01659 0.01215 0.005393 0.005568 0.002792 0.004512
0.8161 9.764 23.32 22.25 7.76 5 1.419 0.902 0.5818 0.3396 0.1652 0.1293 0.04206 0.02444 0.01006 0.008789 0.00644 0.002858 0.002951 0.00387
0.6648 8.897 23.82 15.06 11.79 4.112 2.65 0.7517 0.478 0.3083 0.18 0.08753 0.06853 0.02229 0.01295 0.00533 0.004658 0.003413 0.001514 0.003615
0.8161 7.248 21.71 15.39 7.981 6.248 2.179 1.404 0.3984 0.2533 0.1634 0.09537 0.04638 0.03631 0.01181 0.006864 0.002824 0.002468 0.001809 0.002718
1.877 8.897 17.68 14.02 8.154 4.229 3.311 1.155 0.7442 0.2111 0.1342 0.08659 0.05054 0.02458 0.01924 0.006259 0.003638 0.001497 0.001308 0.002399
1.249 20.46 21.71 11.42 7.431 4.321 2.241 1.755 0.612 0.3944 0.1119 0.07114 0.04589 0.02678 0.01303 0.0102 0.003317 0.001928 0.0007932 0.001965
1.222 13.62 49.92 14.02 6.053 3.938 2.29 1.188 0.9299 0.3243 0.209 0.05929 0.0377 0.02432 0.01419 0.006903 0.005405 0.001758 0.001022 0.001461
0.5774 13.33 33.23 32.24 7.43 3.208 2.087 1.214 0.6295 0.4928 0.1719 0.1108 0.03142 0.01998 0.01289 0.007522 0.003658 0.002864 0.0009316 0.001316
0.6666 6.295 32.52 21.46 17.09 3.938 1.7 1.106 0.6431 0.3336 0.2611 0.09108 0.05869 0.01665 0.01059 0.006829 0.003986 0.001939 0.001518 0.001191
0.9873 7.268 15.36 21 11.38 9.055 2.087 0.9009 0.586 0.3408 0.1768 0.1384 0.04827 0.0311 0.008824 0.005611 0.003619 0.002112 0.001027 0.001436
0.9595 10.76 17.73 9.921 11.13 6.028 4.799 1.106 0.4774 0.3106 0.1806 0.09368 0.07334 0.02558 0.01648 0.004676 0.002973 0.001918 0.001119 0.001305
0.7056 10.21 25.69 11.21 5.145 5.772 3.126 2.489 0.5735 0.2476 0.1611 0.09366 0.04858 0.03803 0.01326 0.008548 0.002425 0.001542 0.0009946 0.001257
0.7388 7.511 24.44 16.33 5.849 2.685 3.012 1.631 1.299 0.2992 0.1292 0.08404 0.04888 0.02535 0.01985 0.006922 0.00446 0.001265 0.0008046 0.001175
1.212 7.864 18.02 15.62 8.574 3.071 1.41 1.581 0.8565 0.6819 0.1571 0.06784 0.04413 0.02566 0.01331 0.01042 0.003635 0.002342 0.0006644 0.00104
0.4894 12.91 18.92 11.58 8.253 4.53 1.623 0.7448 0.8355 0.4525 0.3602 0.08302 0.03584 0.02331 0.01356 0.007033 0.005506 0.00192 0.001237 0.0009003
0.6043 5.21 31.14 12.23 6.158 4.387 2.408 0.8625 0.3959 0.4442 0.2406 0.1915 0.04413 0.01905 0.01239 0.007208 0.003738 0.002927 0.001021 0.001136
0.3132 6.432 12.6 20.23 6.541 3.293 2.346 1.288 0.4613 0.2117 0.2375 0.1287 0.1024 0.0236 0.01019 0.006628 0.003855 0.001999 0.001565 0.001154
0.7733 3.333 15.6 8.234 10.89 3.519 1.772 1.263 0.6929 0.2482 0.1139 0.1278 0.06923 0.05511 0.0127 0.005483 0.003567 0.002074 0.001076 0.001463
0.9068 8.229 8.103 10.25 4.457 5.893 1.905 0.9593 0.6834 0.3751 0.1344 0.06167 0.06919 0.03747 0.02983 0.006874 0.002968 0.001931 0.001123 0.001374
0.8339 9.648 20.06 5.352 5.58 2.427 3.209 1.037 0.5224 0.3722 0.2043 0.07316 0.03358 0.03768 0.02041 0.01624 0.003743 0.001616 0.001051 0.00136
0.6502 8.87 23.57 13.32 2.931 3.056 1.329 1.758 0.5683 0.2861 0.2039 0.1119 0.04008 0.0184 0.02064 0.01118 0.008898 0.00205 0.0008853 0.001321
0.5371 6.913 21.72 15.73 7.336 1.615 1.684 0.7324 0.9685 0.3131 0.1576 0.1123 0.06164 0.02208 0.01014 0.01137 0.006158 0.004903 0.00113 0.001215
0.8832 5.708 16.97 14.57 8.717 4.065 0.895 0.9331 0.4059 0.5367 0.1735 0.08736 0.06224 0.03416 0.01224 0.005616 0.006301 0.003413 0.002717 0.0013
0.6317 9.383 14.04 11.44 8.12 4.858 2.265 0.4988 0.52 0.2262 0.2991 0.09668 0.04868 0.03468 0.01904 0.006819 0.00313 0.003511 0.001902 0.002238
0.5391 6.707 23.13 9.515 6.411 4.551 2.722 1.27 0.2795 0.2914 0.1268 0.1676 0.05418 0.02728 0.01944 0.01067 0.003821 0.001754 0.001968 0.00232
0.6488 5.721 16.57 15.75 5.361 3.613 2.564 1.534 0.7154 0.1575 0.1642 0.07143 0.09445 0.03053 0.01537 0.01095 0.006011 0.002153 0.0009884 0.002416
0.4653 6.879 14.16 11.33 8.922 3.037 2.047 1.453 0.8691 0.4053 0.08923 0.09303 0.04047 0.05351 0.0173 0.008709 0.006205 0.003406 0.00122 0.001929
0.4106 4.929 17.06 9.732 6.455 5.081 1.73 1.166 0.8274 0.495 0.2308 0.05082 0.05298 0.02305 0.03047 0.009851 0.00496 0.003534 0.00194 0.001793
0.835 4.345 12.24 11.78 5.571 3.695 2.909 0.9903 0.6673 0.4736 0.2833 0.1321 0.02909 0.03033 0.01319 0.01744 0.005639 0.002839 0.002023 0.002137
0.4368 8.826 10.81 8.488 6.775 3.205 2.126 1.673 0.5697 0.3839 0.2725 0.163 0.07602 0.01674 0.01745 0.00759 0.01004 0.003244 0.001634 0.002393
