Originally  
101 
A 
42	100	
1	1	NA	NA	
1	20	
1 0.05473 0.3284 0.4196 0.2554 0.2189 0.2189 0.07297 0.1095 0.05473 0.03649 0 0.03649 0 0 0 0 0 0 0 0.01824
1 0 0.2831 0.3873 0.2235 0.1639 0.1341 0.149 0.0149 0.0149 0.04469 0 0 0.0149 0.0149 0.0298 0 0 0 0 0.0149
1 0.0521 0.3821 0.3647 0.2605 0.2258 0.1042 0.1216 0.08684 0.01737 0.01737 0.03474 0.01737 0.01737 0.01737 0 0 0.01737 0 0 0
1 0.04991 0.1664 0.3993 0.1497 0.2662 0.1497 0.1664 0.1164 0.03327 0.04991 0.01664 0.03327 0.03327 0 0.01664 0.01664 0 0 0 0
1 0.02059 0.2059 0.5971 0.5765 0.2265 0.103 0.06177 0.04118 0.02059 0 0.08236 0.04118 0.04118 0 0 0.02059 0 0 0 0.02059
1 0.01883 0.2636 0.4331 0.3013 0.2825 0.2071 0.1506 0.09415 0.05649 0 0.03766 0 0.01883 0 0.01883 0 0 0 0 0
1 0 0.3041 0.5903 0.2326 0.2147 0.161 0.07156 0.03578 0.03578 0.1073 0.01789 0 0 0 0 0.01789 0 0 0 0
1 0.05272 0.1977 0.3163 0.2109 0.1186 0.145 0.07908 0.0659 0.01318 0.01318 0.01318 0.03954 0.01318 0 0.01318 0 0.01318 0.01318 0 0
1 0 0.28 0.4375 0.28 0.2975 0.08749 0.105 0.08749 0.035 0.035 0.05249 0.0175 0.0175 0 0 0.0175 0 0 0 0
1 0.03069 0.3222 0.3989 0.1381 0.2302 0.1228 0.1074 0.06138 0.01534 0.03069 0 0 0.03069 0.01534 0 0.01534 0 0 0 0.01534
1 0.01985 0.2779 0.6551 0.3176 0.2779 0.1588 0.07941 0.01985 0.05956 0.01985 0.01985 0.0397 0.0397 0 0 0 0 0 0 0
1 0.05505 0.2936 0.5321 0.2752 0.2385 0.07339 0.1101 0.05505 0.05505 0.01835 0.01835 0.05505 0.0367 0 0.01835 0 0 0 0 0
1 0.01737 0.2085 0.4517 0.3822 0.1737 0.1911 0.08687 0.05212 0.06949 0.03475 0 0.01737 0.03475 0 0 0 0 0 0 0.01737
1 0.01213 0.1819 0.3274 0.3032 0.1698 0.07276 0.02425 0.02425 0.01213 0.04851 0 0.01213 0 0 0.01213 0 0 0 0.01213 0
1 0.02914 0.2477 0.3351 0.2622 0.2331 0.102 0.05828 0.07285 0.02914 0.04371 0 0.01457 0 0 0.01457 0.01457 0 0 0 0
1 0.06909 0.3282 0.38 0.3109 0.2073 0.1209 0.1209 0 0.1036 0 0.01727 0.05182 0 0 0.01727 0 0 0 0 0
1 0.02828 0.2121 0.3676 0.2687 0.2262 0.1414 0.08484 0.01414 0 0.02828 0.02828 0.01414 0 0 0 0 0 0 0 0
1 0.06968 0.1858 0.8129 0.4181 0.209 0.1858 0.1161 0.09291 0.04645 0.06968 0.02323 0.04645 0.02323 0 0 0 0 0 0.02323 0
1 0.05996 0.1399 0.7394 0.3797 0.2798 0.1399 0.09993 0.05996 0.01999 0.03997 0 0 0.03997 0 0 0 0 0 0 0
1 0.01579 0.1263 0.5053 0.3316 0.1895 0.1737 0.09474 0.04737 0 0.03158 0.04737 0.01579 0 0 0 0 0 0 0 0
1 0.04494 0.2697 0.2846 0.3146 0.2097 0.1199 0.05993 0.05993 0.04494 0.02996 0.02996 0 0.01498 0.01498 0 0 0 0 0 0
1 0.04149 0.1521 0.4149 0.3872 0.1521 0.05532 0.06915 0.01383 0.01383 0.01383 0.02766 0.01383 0 0 0 0 0.01383 0 0 0.01383
1 0.04783 0.1674 0.2989 0.2272 0.1674 0.0837 0.07175 0.03587 0 0.02392 0.03587 0 0.02392 0 0 0.01196 0 0 0 0
1 0.03933 0.2163 0.7276 0.354 0.177 0.118 0.118 0.01966 0.03933 0.03933 0.03933 0.01966 0.01966 0.01966 0.01966 0 0 0 0 0
1 0.04355 0.2468 0.3484 0.2032 0.1452 0.1597 0.07258 0.1016 0.04355 0.01452 0.05807 0 0 0 0 0 0 0 0 0.01452
1 0.01626 0.1626 0.4228 0.3252 0.2602 0.09756 0.1138 0.0813 0.06504 0.01626 0.03252 0 0.01626 0 0.01626 0 0 0 0 0
1 0 0.1586 0.3014 0.3173 0.3173 0.1745 0.1745 0.06346 0.04759 0 0.01586 0 0 0 0.01586 0 0 0 0 0
1 0.05504 0.2752 0.3991 0.2064 0.1651 0.0688 0.1101 0.02752 0.01376 0 0 0 0.01376 0.01376 0.02752 0 0 0 0 0
1 0.01319 0.1056 0.3826 0.1979 0.1715 0.1451 0.09236 0.06597 0.03958 0.02639 0 0.05278 0 0 0.01319 0 0.01319 0 0 0
1 0.02358 0.1886 0.3183 0.1532 0.1886 0.1061 0.03536 0.08252 0.02358 0.02358 0 0.01179 0.02358 0 0 0 0 0 0 0
1 0.02828 0.1885 0.198 0.1508 0.1037 0.06599 0.04714 0.03771 0.05656 0 0.02828 0 0.009427 0.009427 0.009427 0.009427 0 0 0 0
1 0.01298 0.1558 0.3506 0.2077 0.1558 0.1688 0.03895 0.1039 0.02597 0.02597 0.01298 0.03895 0 0 0 0 0 0 0 0
1 0.03195 0.1491 0.2449 0.2236 0.1917 0.07454 0.05325 0.05325 0.01065 0 0.0213 0.01065 0 0 0 0 0 0 0 0
1 0.07004 0.1681 0.5043 0.2662 0.1261 0.05604 0.04203 0.08405 0.01401 0.01401 0.02802 0.02802 0 0 0 0 0 0 0 0
1 0.04583 0.1604 0.1948 0.3094 0.1719 0.06875 0.05729 0 0.04583 0.02292 0.01146 0.04583 0 0 0 0.01146 0 0 0 0
1 0.02279 0.1481 0.2621 0.2507 0.2165 0.09115 0.06837 0.02279 0.01139 0.01139 0 0.01139 0 0.01139 0 0 0.01139 0 0 0
1 0.03161 0.3161 0.3635 0.2212 0.1896 0.09482 0.1422 0.04741 0.07902 0.03161 0.03161 0.0158 0 0 0 0.0158 0 0 0 0
1 0.01952 0.1464 0.3221 0.1952 0.1074 0.09761 0.02928 0.01952 0.02928 0 0 0.009761 0 0 0 0 0 0 0 0
1 0.02305 0.2996 0.3111 0.1037 0.1383 0.1037 0.02305 0.05762 0.02305 0.03457 0.01152 0.01152 0.01152 0 0 0 0 0 0 0
1 0 0.1606 0.2966 0.2842 0.1483 0.0865 0.07414 0.04943 0 0.07414 0.03707 0 0.01236 0.01236 0 0 0 0 0 0
1 0.02034 0.1525 0.2542 0.1831 0.122 0.09153 0.06102 0.05085 0.04068 0.01017 0.01017 0 0.01017 0 0.01017 0 0 0 0 0
1 0.02836 0.241 0.3544 0.2268 0.2127 0.04253 0.1134 0.02836 0.07089 0.02836 0.04253 0 0 0 0 0 0.02836 0 0 0
1 0.0245 0.2327 0.2572 0.2205 0.1837 0.1102 0.06124 0.0245 0.03675 0.01225 0.01225 0.0245 0.01225 0 0 0.01225 0 0 0 0
1 0.008767 0.1403 0.1753 0.149 0.2016 0.06137 0.03507 0.0263 0.03507 0.0263 0.008767 0 0 0.008767 0 0 0 0 0 0
1 0.02588 0.1035 0.4399 0.2458 0.207 0.09056 0.03881 0.03881 0.03881 0.02588 0.02588 0 0.01294 0 0 0 0 0 0 0
1 0.01862 0.1303 0.2327 0.1862 0.1117 0.07447 0.02793 0.06516 0.02793 0.03723 0 0 0 0.009309 0.009309 0 0 0 0 0
1 0.03781 0.2647 0.3025 0.2647 0.1512 0.06302 0.03781 0.02521 0.06302 0.03781 0.0126 0 0 0 0 0 0 0 0 0
1 0.01235 0.1235 0.2964 0.2717 0.1853 0.1482 0.09881 0.01235 0.0247 0.03706 0.01235 0 0.01235 0 0 0 0 0 0 0
1 0.02152 0.1076 0.2152 0.183 0.1399 0.1722 0.0861 0.05381 0.02152 0.02152 0.01076 0 0.02152 0.01076 0 0.01076 0 0 0 0
1 0.03221 0.2899 0.5315 0.3865 0.1127 0.1127 0.06442 0.03221 0.01611 0.01611 0 0.01611 0 0 0 0 0 0 0 0
1 0.01385 0.1801 0.3601 0.2493 0.1524 0.06925 0.1247 0.06925 0.0831 0.01385 0.01385 0.01385 0.04155 0 0 0 0 0 0 0
1 0.02389 0.1513 0.07965 0.1274 0.1274 0.08761 0.05575 0.05575 0.01593 0.03186 0.007965 0.01593 0.007965 0 0 0 0 0 0.007965 0
1 0.05035 0.1913 0.141 0.1813 0.2115 0.1007 0.03021 0.04028 0.02014 0 0 0.02014 0.01007 0.01007 0 0 0 0 0 0
1 0.06014 0.2205 0.2305 0.1704 0.09021 0.07016 0.06014 0.03007 0.02005 0.02005 0.02005 0 0 0.01002 0 0 0 0 0 0
1 0.02646 0.1147 0.2381 0.2381 0.1235 0.06174 0.03528 0.02646 0 0.00882 0 0 0 0 0.00882 0 0 0 0 0
1 0.01294 0.2717 0.2328 0.207 0.2199 0.1294 0.05174 0.07762 0.01294 0.01294 0 0.01294 0.02587 0.01294 0.01294 0 0 0 0 0
1 0.02826 0.1696 0.4805 0.212 0.1272 0.1272 0.08479 0.09893 0.02826 0.0424 0.01413 0 0 0 0 0 0 0 0 0
1 0.02479 0.1736 0.2479 0.2108 0.1736 0.124 0.07438 0.07438 0.06199 0.03719 0.02479 0.0124 0 0 0 0 0 0 0 0
1 0.03914 0.1566 0.3262 0.287 0.2088 0.1435 0.03914 0.03914 0.03914 0.01305 0 0 0 0.01305 0 0 0 0 0 0
