Originally  
101 
A 
2	100	
1	1	NA	NA	
1	20	
1 324.6 167.2 177 98.36 78.68 59.01 19.67 0 39.34 19.67 0 0 0 0 0 0 0 0 0 0
1 1158 347.5 231.7 162.2 139 69.51 92.68 23.17 0 23.17 0 69.51 0 0 0 0 0 0 0 0
1 557.3 634.2 211.4 134.5 76.87 115.3 38.44 38.44 19.22 0 57.65 0 38.44 0 0 0 0 0 0 0
1 204.7 494.7 528.8 187.6 136.5 102.3 17.06 0 17.06 0 0 0 0 17.06 0 0 0 0 0 0
1 156.7 209 365.7 274.3 52.25 39.19 78.37 0 39.19 13.06 39.19 0 0 0 0 26.12 0 13.06 0 0
1 1009 90.06 108.1 144.1 252.2 90.06 18.01 36.02 18.01 0 0 18.01 0 0 0 0 0 0 18.01 0
1 239.3 545.1 39.89 93.07 106.4 239.3 0 13.3 13.3 13.3 13.3 13.3 0 0 0 0 0 0 0 0
1 1222 594.3 759.4 99.05 33.02 165.1 231.1 66.04 33.02 0 33.02 66.04 0 0 0 0 0 0 0 0
1 548.3 467.1 385.8 324.9 20.31 20.31 20.31 121.8 101.5 0 0 20.31 0 0 0 0 0 0 0 0
1 672.1 812.1 532.1 196 476.1 0 0 28 28 28 28 0 0 0 0 0 0 0 0 0
1 1115 478 132.8 292.1 212.5 239 0 0 53.12 53.12 26.56 26.56 0 26.56 0 0 0 0 0 0
1 725.8 635.1 294.9 226.8 68.05 90.73 158.8 22.68 45.37 0 0 0 0 0 0 0 0 0 0 0
1 658.4 481.1 455.8 177.2 227.9 202.6 101.3 126.6 50.64 0 0 25.32 0 0 0 25.32 0 0 0 0
1 673.5 336.7 360.8 408.9 96.21 216.5 216.5 48.11 24.05 0 0 24.05 0 0 0 0 0 0 0 0
1 166.3 358.2 51.17 243 115.1 89.54 115.1 51.17 25.58 63.96 0 0 0 0 0 0 0 0 0 0
1 614.4 296.6 402.5 105.9 233 233 42.37 84.74 42.37 0 42.37 21.18 0 0 0 0 0 0 0 0
1 278 290.7 88.46 151.6 88.46 113.7 113.7 50.55 50.55 0 0 0 0 12.64 0 0 25.27 0 0 0
1 281.2 160.7 241 120.5 80.35 26.78 80.35 107.1 26.78 107.1 26.78 13.39 40.17 0 0 13.39 13.39 0 0 0
1 778.9 259.6 103.9 138.5 86.55 207.7 51.93 17.31 17.31 0 17.31 0 0 34.62 0 0 17.31 0 0 0
1 118.9 324.3 118.9 129.7 108.1 32.43 54.05 32.43 54.05 43.24 21.62 10.81 21.62 0 10.81 0 0 0 0 0
1 436.1 117.9 223.9 70.71 94.28 35.36 23.57 23.57 11.79 23.57 11.79 23.57 47.14 0 11.79 23.57 0 0 0 0
1 360.4 185.4 41.19 92.68 82.38 72.08 41.19 20.6 30.89 30.89 30.89 10.3 20.6 0 10.3 0 0 0 0 0
1 473.9 176.3 242.4 11.02 110.2 22.04 0 22.04 0 22.04 0 0 22.04 0 0 0 0 0 0 0
1 1854 867.7 197.2 631.1 39.44 236.6 0 39.44 39.44 0 0 0 0 0 0 0 0 0 39.44 0
1 253.7 591.9 253.7 155 42.28 0 42.28 14.09 0 28.19 0 0 28.19 0 0 0 0 0 0 0
1 683.9 171 550.9 228 56.99 37.99 19 56.99 0 0 0 56.99 19 0 0 0 19 0 0 0
1 535.4 698.4 139.7 419 209.5 93.11 69.84 46.56 116.4 0 0 0 0 0 0 0 0 0 0 0
1 819.4 109.3 218.5 109.3 327.8 36.42 54.63 54.63 0 36.42 0 18.21 0 0 18.21 0 18.21 0 0 0
1 402.5 783.8 254.2 275.4 21.19 211.9 63.56 21.19 21.19 0 21.19 21.19 0 21.19 0 0 0 0 0 0
1 411.2 148 378.3 197.4 197.4 0 164.5 82.25 0 0 32.9 16.45 0 0 0 0 16.45 0 0 0
1 268.9 316.4 284.7 268.9 142.4 47.46 15.82 142.4 31.64 15.82 0 0 31.64 0 0 0 0 0 0 15.82
1 406.9 143.6 251.3 71.81 131.6 23.94 35.9 0 83.78 11.97 11.97 11.97 0 11.97 0 0 0 0 0 0
1 698.9 339.5 239.6 159.8 159.8 179.7 99.85 0 0 79.88 39.94 0 0 0 0 0 0 0 0 0
1 522.3 457 179.6 0 114.3 65.29 130.6 48.97 48.97 0 48.97 16.32 0 0 0 0 0 0 0 0
1 534.1 534.1 336.3 197.8 79.12 118.7 39.56 39.56 19.78 0 0 19.78 19.78 19.78 19.78 0 0 0 0 0
1 499.5 136.2 317.9 302.7 90.82 0 75.69 15.14 45.41 0 0 0 0 15.14 0 0 15.14 0 0 0
1 412.1 463.6 223.2 240.4 206 85.85 17.17 34.34 0 0 17.17 0 0 0 0 0 17.17 0 0 0
1 313.6 248.3 169.9 104.5 156.8 91.47 65.33 52.27 39.2 26.13 26.13 13.07 0 0 0 0 0 0 0 0
1 480.9 226.3 141.4 198 84.86 141.4 56.57 28.29 14.14 14.14 0 14.14 0 0 14.14 0 0 0 0 0
1 278.9 234.9 220.2 161.5 205.5 146.8 44.04 73.39 29.36 14.68 14.68 0 0 14.68 0 14.68 0 0 14.68 0
1 908.6 363.5 282.7 40.38 80.77 161.5 40.38 20.19 20.19 20.19 20.19 0 0 20.19 40.38 0 0 0 0 0
1 455.2 580.8 94.18 157 78.48 78.48 31.39 31.39 15.7 0 15.7 15.7 0 15.7 0 0 0 0 0 0
1 485.2 533.7 194.1 177.9 48.52 48.52 80.87 16.17 16.17 0 0 0 16.17 0 0 0 0 0 0 0
1 264.8 338.3 426.6 235.4 88.26 14.71 29.42 14.71 0 14.71 14.71 14.71 14.71 0 0 0 0 0 0 0
1 141.2 79.41 247 132.3 150 79.41 35.29 8.823 0 8.823 0 0 0 0 0 0 0 0 0 0
1 146.7 155.3 120.8 129.4 112.2 120.8 34.51 34.51 0 0 8.629 0 0 0 0 0 0 0 0 0
1 384.1 74.94 93.67 37.47 140.5 56.2 74.94 18.73 18.73 0 18.73 0 0 0 9.367 0 0 0 0 9.367
1 1507 597.4 103.9 51.95 25.97 103.9 155.8 25.97 0 25.97 0 0 0 0 0 0 0 0 0 0
1 326.7 1284 303.4 46.67 0 70.01 23.34 116.7 70.01 23.34 46.67 0 23.34 0 0 0 0 0 0 0
1 988.4 247.1 642.4 345.9 0 24.71 24.71 49.42 74.13 74.13 0 0 0 0 0 0 0 0 0 0
1 1305 539 170.2 652.4 113.5 28.37 0 0 0 0 0 0 0 0 0 28.37 0 0 0 0
1 142 662.5 331.2 31.55 205 94.64 15.77 15.77 15.77 0 15.77 0 15.77 0 0 0 0 0 0 31.55
1 335.8 93.28 615.7 429.1 93.28 242.5 37.31 0 0 0 0 0 18.66 0 0 0 0 0 0 0
1 170.6 117.3 74.63 319.9 181.3 31.99 106.6 31.99 10.66 10.66 10.66 0 0 0 0 0 0 0 0 0
1 539.6 87.5 116.7 43.75 247.9 160.4 43.75 160.4 0 0 14.58 0 14.58 29.17 0 0 0 0 0 0
1 590.6 295.3 70.31 84.37 0 182.8 56.25 14.06 56.25 28.12 0 0 14.06 0 14.06 0 0 0 0 0
1 226.1 313.1 139.1 17.39 52.18 0 69.57 26.09 0 26.09 0 0 0 0 0 0 0 0 0 0
1 826.9 506.8 560.1 346.8 53.35 53.35 26.67 106.7 133.4 0 53.35 0 0 0 0 0 0 0 0 0
1 426.7 302.8 165.2 275.3 110.1 13.76 0 27.53 27.53 0 0 13.76 13.76 0 0 0 0 0 0 0
1 178.2 316.8 148.5 99 108.9 59.4 0 29.7 0 19.8 19.8 0 0 0 0 0 9.9 0 0 0
1 1127 213.8 174.9 233.3 77.76 38.88 38.88 0 0 19.44 19.44 0 0 0 0 0 0 0 0 0
1 172 860.1 154.8 154.8 86.01 86.01 51.6 68.81 0 0 17.2 34.4 0 0 34.4 0 0 0 0 0
1 742.5 74.25 649.7 55.68 92.81 55.68 18.56 92.81 18.56 37.12 18.56 0 0 0 0 0 0 0 0 0
1 116.6 419.8 81.64 361.5 23.32 34.99 69.97 23.32 11.66 11.66 0 0 0 11.66 0 0 0 0 0 0
1 169.4 59.79 348.8 39.86 179.4 19.93 49.83 49.83 19.93 19.93 9.966 9.966 9.966 0 0 9.966 0 0 0 0
1 811.8 202.9 73.8 184.5 55.35 369 36.9 55.35 36.9 0 18.45 0 0 0 0 0 0 0 0 0
1 223.7 745.5 29.82 44.73 149.1 74.55 149.1 0 59.64 0 0 0 14.91 0 0 0 0 0 0 0
1 299.6 274.6 287.1 112.3 12.48 112.3 12.48 87.37 12.48 0 12.48 0 24.96 0 0 0 0 0 0 0
1 749.1 418.6 220.3 440.6 66.09 22.03 88.13 0 132.2 22.03 22.03 0 0 0 0 0 0 0 22.03 0
1 951.5 531.1 66.39 177 265.5 22.13 22.13 110.6 0 0 44.26 22.13 0 0 0 0 0 0 0 0
1 420.8 601.1 320.6 180.3 260.5 100.2 0 40.08 60.11 0 20.04 0 0 0 0 0 0 0 0 0
1 245 217.8 340.3 272.3 40.84 122.5 68.07 13.61 0 13.61 0 13.61 0 0 13.61 0 0 0 0 0
1 669.1 246.5 228.9 264.1 176.1 105.6 17.61 17.61 0 0 17.61 0 0 0 0 0 17.61 0 0 0
1 465.2 465.2 135.7 116.3 329.5 155.1 58.15 19.38 77.53 19.38 19.38 0 0 58.15 0 0 19.38 0 0 0
1 510.4 173.7 119.4 32.58 86.87 76.01 32.58 10.86 10.86 21.72 0 0 10.86 0 0 0 0 0 0 0
1 326.5 236.5 78.82 202.7 33.78 56.3 146.4 22.52 0 0 22.52 0 0 0 0 0 0 0 0 0
1 593.8 193 237.5 89.06 89.06 74.22 59.38 59.38 44.53 0 14.84 0 0 14.84 0 0 14.84 0 0 0
1 342.8 367.3 171.4 159.2 73.46 36.73 0 0 36.73 36.73 0 0 0 0 0 0 0 0 0 0
1 159.9 239.9 213.3 115.5 53.32 17.77 44.43 26.66 0 0 0 0 0 0 8.886 0 8.886 0 0 0
1 481.2 145.8 262.5 350 72.91 87.5 0 14.58 0 43.75 0 0 0 0 0 0 0 0 0 0
1 469.4 345.8 86.46 123.5 111.2 49.41 24.7 0 24.7 0 0 0 0 0 0 0 0 0 0 0
1 578.1 453.1 203.1 125 78.12 31.25 31.25 31.25 0 0 0 15.62 15.62 0 0 0 0 0 0 0
1 622 497.6 476.9 145.1 82.94 103.7 103.7 0 41.47 0 0 0 0 0 0 0 0 0 0 0
1 108.7 528.1 357.3 326.2 124.3 0 46.6 46.6 0 0 0 0 0 0 0 0 0 0 15.53 0
1 360 154.3 308.5 167.1 128.6 64.28 12.86 38.57 25.71 12.86 12.86 0 0 0 0 0 0 0 0 0
1 282.5 166.2 58.16 166.2 41.55 58.16 24.93 0 8.309 8.309 8.309 0 0 0 0 8.309 0 0 0 0
1 719.5 234.9 176.2 73.42 146.8 44.05 14.68 29.37 0 0 0 0 29.37 0 0 0 0 0 0 0
1 81.79 419.2 163.6 132.9 20.45 81.79 30.67 30.67 40.9 0 0 20.45 0 0 0 0 0 0 0 0
1 442.4 69.86 279.4 163 93.14 34.93 46.57 11.64 11.64 0 0 0 0 0 0 11.64 0 0 0 0
1 346 510.8 49.43 346 164.8 82.39 0 16.48 65.91 65.91 0 0 0 0 0 0 0 0 0 0
1 572.1 128.7 286.1 28.61 185.9 71.52 28.61 14.3 85.82 14.3 0 0 14.3 0 0 0 0 0 0 0
1 232.8 442.3 93.12 174.6 23.28 104.8 69.84 11.64 0 11.64 0 0 0 0 0 0 0 0 0 0
1 418.7 283.2 197 73.88 86.2 24.63 86.2 12.31 24.63 0 0 24.63 0 0 0 0 0 0 0 0
1 658.1 269.2 104.7 239.3 44.87 89.74 14.96 29.91 14.96 0 14.96 0 0 0 14.96 0 0 0 0 0
1 272.1 518.2 233.2 64.77 129.5 38.86 25.91 0 12.95 0 0 0 0 0 0 0 0 0 0 0
1 543.2 232.8 388 170.7 108.6 15.52 0 15.52 0 15.52 15.52 15.52 15.52 0 15.52 0 0 0 0 0
1 454.2 275.3 110.1 275.3 68.82 68.82 55.06 13.76 27.53 13.76 0 13.76 0 0 0 0 0 0 0 0
1 227.8 136.7 284.7 125.3 159.4 45.56 22.78 79.72 0 11.39 11.39 0 0 0 0 11.39 11.39 11.39 0 0
1 129.5 259 183.4 151.1 64.74 86.32 97.11 32.37 10.79 32.37 10.79 0 10.79 0 0 0 10.79 0 0 0
