 landings-at-age - landings.n (units : NA )
1	2	
2	100	
1	20	
1 
0.02659 0.2984 0.8352 0.6934 0.4839 0.3377 0.2357 0.1644 0.1148 0.08008 0.05589 0.039 0.02722 0.01899 0.01325 0.009249 0.006454 0.004504 0.003143 0.007259
0.003114 0.05216 0.1462 0.1214 0.08475 0.05914 0.04127 0.0288 0.0201 0.01403 0.009787 0.00683 0.004766 0.003326 0.002321 0.00162 0.00113 0.0007888 0.0005504 0.001271
0.007297 0.03497 0.1464 0.1219 0.08515 0.05942 0.04147 0.02894 0.02019 0.01409 0.009834 0.006862 0.004789 0.003342 0.002332 0.001627 0.001136 0.0007925 0.000553 0.001277
0.005592 0.08193 0.09812 0.122 0.08549 0.0597 0.04166 0.02907 0.02029 0.01416 0.00988 0.006895 0.004811 0.003358 0.002343 0.001635 0.001141 0.0007963 0.0005557 0.001283
0.01183 0.06279 0.2299 0.08182 0.08557 0.05994 0.04186 0.02921 0.02038 0.01423 0.009927 0.006927 0.004834 0.003374 0.002354 0.001643 0.001146 8e-04 0.0005583 0.001289
0.00481 0.1328 0.1762 0.1917 0.05737 0.06 0.04203 0.02935 0.02048 0.01429 0.009974 0.00696 0.004857 0.00339 0.002365 0.001651 0.001152 0.0008038 0.0005609 0.001295
0.006299 0.05401 0.3727 0.1469 0.1344 0.04022 0.04207 0.02947 0.02058 0.01436 0.01002 0.006993 0.00488 0.003406 0.002377 0.001658 0.001157 0.0008076 0.0005636 0.001302
0.009983 0.07073 0.1515 0.3108 0.103 0.09424 0.0282 0.0295 0.02066 0.01443 0.01007 0.007026 0.004903 0.003422 0.002388 0.001666 0.001163 0.0008114 0.0005663 0.001308
0.005158 0.1121 0.1985 0.1264 0.2179 0.07223 0.06608 0.01977 0.02068 0.01449 0.01012 0.00706 0.004926 0.003438 0.002399 0.001674 0.001168 0.0008153 0.0005689 0.001314
0.0072 0.05791 0.3145 0.1655 0.0886 0.1528 0.05064 0.04633 0.01386 0.0145 0.01016 0.007093 0.00495 0.003454 0.00241 0.001682 0.001174 0.0008191 0.0005716 0.00132
0.02 0.08084 0.1625 0.2623 0.116 0.06212 0.1071 0.03551 0.03248 0.009721 0.01017 0.007121 0.004973 0.003471 0.002422 0.00169 0.001179 0.000823 0.0005743 0.001326
0.002203 0.2245 0.2268 0.1355 0.1839 0.08136 0.04356 0.07511 0.0249 0.02278 0.006816 0.007128 0.004993 0.003487 0.002433 0.001698 0.001185 0.0008269 0.0005771 0.001333
0.008308 0.02473 0.63 0.1892 0.09501 0.1289 0.05705 0.03054 0.05266 0.01746 0.01597 0.004779 0.004998 0.003501 0.002445 0.001706 0.001191 0.0008308 0.0005798 0.001339
0.002702 0.09328 0.0694 0.5254 0.1326 0.06661 0.0904 0.04 0.02141 0.03692 0.01224 0.0112 0.003351 0.003504 0.002455 0.001714 0.001196 0.0008348 0.0005825 0.001345
0.01109 0.03034 0.2617 0.05787 0.3683 0.09299 0.04671 0.06338 0.02804 0.01501 0.02589 0.008581 0.007851 0.002349 0.002457 0.001721 0.001202 0.0008387 0.0005853 0.001352
0.004472 0.1245 0.08513 0.2183 0.04058 0.2583 0.0652 0.03275 0.04444 0.01966 0.01053 0.01815 0.006017 0.005504 0.001647 0.001723 0.001207 0.0008427 0.0005881 0.001358
0.001579 0.05022 0.3494 0.07099 0.153 0.02845 0.1811 0.04572 0.02296 0.03116 0.01379 0.00738 0.01273 0.004219 0.003859 0.001155 0.001208 0.000846 0.0005908 0.001365
0.003009 0.01774 0.1409 0.2914 0.04977 0.1073 0.01995 0.127 0.03205 0.0161 0.02185 0.009666 0.005175 0.008923 0.002958 0.002706 0.0008097 0.0008469 0.0005932 0.001371
0.002006 0.03378 0.04976 0.1175 0.2043 0.0349 0.07523 0.01399 0.08902 0.02247 0.01129 0.01532 0.006777 0.003628 0.006257 0.002074 0.001897 0.0005677 0.0005938 0.001377
0.008752 0.02253 0.09479 0.0415 0.08238 0.1432 0.02447 0.05275 0.009806 0.06242 0.01576 0.007914 0.01074 0.004752 0.002544 0.004387 0.001454 0.00133 0.0003981 0.001382
0.002454 0.09827 0.06321 0.07904 0.0291 0.05776 0.1004 0.01716 0.03698 0.006875 0.04376 0.01105 0.005549 0.007531 0.003332 0.001784 0.003076 0.00102 0.0009327 0.001248
0.009011 0.02756 0.2757 0.05271 0.05542 0.0204 0.0405 0.07042 0.01203 0.02593 0.004821 0.03068 0.007746 0.003891 0.00528 0.002336 0.001251 0.002157 0.0007148 0.001529
0.00792 0.1012 0.07733 0.2299 0.03696 0.03886 0.0143 0.0284 0.04937 0.008434 0.01818 0.00338 0.02151 0.005431 0.002728 0.003702 0.001638 0.0008768 0.001512 0.001573
0.01636 0.08893 0.2839 0.06448 0.1612 0.02591 0.02725 0.01003 0.01991 0.03462 0.005913 0.01275 0.00237 0.01508 0.003808 0.001913 0.002596 0.001148 0.0006148 0.002163
0.005252 0.1837 0.2495 0.2367 0.04521 0.113 0.01817 0.0191 0.007032 0.01396 0.02427 0.004146 0.008938 0.001662 0.01058 0.00267 0.001341 0.00182 0.0008052 0.001948
0.006238 0.05897 0.5153 0.2081 0.166 0.0317 0.07925 0.01274 0.01339 0.00493 0.009788 0.01702 0.002907 0.006267 0.001165 0.007415 0.001872 0.0009402 0.001276 0.00193
0.004871 0.07004 0.1655 0.4297 0.1459 0.1164 0.02223 0.05557 0.008931 0.009391 0.003457 0.006863 0.01193 0.002038 0.004394 0.0008168 0.005199 0.001313 0.0006592 0.002248
0.005715 0.0547 0.1965 0.138 0.3013 0.1023 0.0816 0.01558 0.03896 0.006262 0.006584 0.002424 0.004812 0.008366 0.001429 0.003081 0.0005727 0.003645 0.0009203 0.002038
0.00492 0.06417 0.1535 0.1639 0.09674 0.2113 0.07172 0.05721 0.01093 0.02732 0.004391 0.004617 0.001699 0.003374 0.005866 0.001002 0.00216 0.0004016 0.002556 0.002075
0.005447 0.05524 0.18 0.128 0.1149 0.06783 0.1481 0.05029 0.04012 0.007661 0.01915 0.003079 0.003237 0.001191 0.002365 0.004113 0.0007025 0.001515 0.0002816 0.003247
0.002758 0.06116 0.155 0.1501 0.08974 0.08057 0.04756 0.1039 0.03526 0.02813 0.005371 0.01343 0.002158 0.00227 0.0008354 0.001658 0.002884 0.0004926 0.001062 0.002474
0.02334 0.03096 0.1716 0.1293 0.1053 0.06292 0.05649 0.03334 0.07282 0.02472 0.01972 0.003766 0.009416 0.001513 0.001591 0.0005857 0.001163 0.002022 0.0003454 0.002479
0.003923 0.262 0.08689 0.1431 0.09063 0.07381 0.04411 0.03961 0.02338 0.05106 0.01733 0.01383 0.002641 0.006602 0.001061 0.001116 0.0004107 0.0008153 0.001418 0.00198
0.00336 0.04405 0.7353 0.07245 0.1003 0.06354 0.05175 0.03093 0.02777 0.01639 0.0358 0.01215 0.009695 0.001851 0.004629 0.000744 0.0007823 0.0002879 0.0005717 0.002382
0.009474 0.03773 0.1236 0.6131 0.0508 0.07035 0.04455 0.03628 0.02169 0.01947 0.01149 0.0251 0.008521 0.006797 0.001298 0.003245 0.0005216 0.0005485 0.0002019 0.002071
0.002163 0.1064 0.1059 0.1031 0.4299 0.03562 0.04932 0.03124 0.02544 0.01521 0.01365 0.008058 0.0176 0.005975 0.004766 0.0009102 0.002275 0.0003657 0.0003846 0.001594
0.002884 0.02429 0.2985 0.08827 0.07226 0.3014 0.02497 0.03458 0.0219 0.01784 0.01066 0.009572 0.00565 0.01234 0.004189 0.003342 0.0006382 0.001595 0.0002564 0.001387
0.002319 0.03238 0.06814 0.2489 0.06189 0.05067 0.2113 0.01751 0.02425 0.01536 0.01251 0.007475 0.006712 0.003962 0.008651 0.002937 0.002343 0.0004474 0.001119 0.001152
0.007809 0.02604 0.09087 0.05682 0.1745 0.0434 0.03552 0.1482 0.01228 0.017 0.01077 0.008769 0.005241 0.004706 0.002778 0.006066 0.002059 0.001643 0.0003137 0.001592
0.2928 4.798 3.935 4.064 2.137 6.564 1.632 1.336 5.573 0.4617 0.6394 0.4049 0.3298 0.1971 0.177 0.1045 0.2281 0.07745 0.06178 0.07168
0.1092 4.199 16.75 3.989 3.449 1.814 5.57 1.385 1.134 4.729 0.3918 0.5426 0.3436 0.2799 0.1673 0.1502 0.08865 0.1936 0.06572 0.1133
0.07673 0.6954 6.555 7.569 1.506 1.302 0.6848 2.103 0.523 0.4281 1.786 0.148 0.2049 0.1298 0.1057 0.06316 0.05671 0.03347 0.0731 0.06759
0.3084 1.264 2.803 7.715 7.466 1.486 1.285 0.6755 2.075 0.5158 0.4223 1.761 0.1459 0.2021 0.128 0.1042 0.0623 0.05594 0.03302 0.1388
0.3518 3.159 3.166 2.037 4.692 4.54 0.9037 0.7812 0.4108 1.262 0.3137 0.2568 1.071 0.08875 0.1229 0.07784 0.06339 0.03789 0.03402 0.1045
0.169 5.274 11.52 3.353 1.806 4.158 4.024 0.8009 0.6924 0.3641 1.118 0.278 0.2276 0.9494 0.07866 0.1089 0.06899 0.05618 0.03358 0.1227
0.4947 1.601 12.17 7.676 1.867 1.005 2.315 2.24 0.4459 0.3855 0.2027 0.6225 0.1548 0.1267 0.5286 0.04379 0.06064 0.03841 0.03128 0.08703
0.239 4.723 3.737 8.239 4.346 1.057 0.5692 1.311 1.269 0.2525 0.2183 0.1148 0.3525 0.08765 0.07175 0.2993 0.0248 0.03434 0.02175 0.06699
0.209 3.333 16.06 3.692 6.814 3.595 0.8741 0.4708 1.084 1.049 0.2088 0.1805 0.09492 0.2915 0.07249 0.05934 0.2475 0.02051 0.0284 0.07339
0.2981 2.415 9.372 13.06 2.51 4.633 2.444 0.5943 0.3201 0.7371 0.7134 0.142 0.1227 0.06454 0.1982 0.04929 0.04035 0.1683 0.01394 0.06921
0.2408 3.068 6.054 6.792 7.912 1.521 2.807 1.481 0.3601 0.1939 0.4466 0.4322 0.08602 0.07437 0.0391 0.1201 0.02986 0.02445 0.102 0.05038
0.5781 2.954 9.156 5.23 4.908 5.717 1.099 2.028 1.07 0.2602 0.1401 0.3227 0.3123 0.06215 0.05373 0.02825 0.08677 0.02158 0.01766 0.1101
1.053 7.054 8.746 7.826 3.737 3.506 4.084 0.7851 1.449 0.7644 0.1859 0.1001 0.2305 0.2231 0.0444 0.03839 0.02018 0.06199 0.01541 0.09126
0.6133 10.51 17.1 6.112 4.568 2.181 2.047 2.384 0.4583 0.8458 0.4462 0.1085 0.05844 0.1346 0.1302 0.02592 0.02241 0.01178 0.03619 0.06227
0.1636 7.107 29.59 13.92 4.158 3.108 1.484 1.392 1.622 0.3118 0.5754 0.3035 0.07381 0.03975 0.09155 0.0886 0.01763 0.01524 0.008016 0.06698
0.5323 1.98 20.87 25.07 9.853 2.944 2.2 1.051 0.9859 1.148 0.2207 0.4074 0.2149 0.05227 0.02815 0.06482 0.06273 0.01249 0.01079 0.0531
0.2829 5.694 5.139 15.6 15.65 6.152 1.838 1.374 0.656 0.6155 0.717 0.1378 0.2544 0.1342 0.03263 0.01757 0.04047 0.03917 0.007795 0.03989
0.4187 2.977 14.56 3.789 9.608 9.643 3.79 1.132 0.8464 0.4041 0.3792 0.4417 0.08491 0.1567 0.08267 0.0201 0.01083 0.02493 0.02413 0.02938
1.15 4.886 8.435 11.91 2.591 6.571 6.595 2.592 0.7744 0.5788 0.2764 0.2593 0.3021 0.05807 0.1072 0.05654 0.01375 0.007404 0.01705 0.03659
0.1989 10.75 11.13 5.546 6.544 1.424 3.61 3.624 1.424 0.4255 0.318 0.1519 0.1425 0.166 0.03191 0.05889 0.03107 0.007554 0.004068 0.02948
0.2683 2.127 28.07 8.421 3.511 4.142 0.9012 2.285 2.294 0.9015 0.2693 0.2013 0.09613 0.0902 0.1051 0.0202 0.03727 0.01966 0.004782 0.02123
0.2455 2.252 4.377 16.78 4.211 1.756 2.072 0.4507 1.143 1.147 0.4508 0.1347 0.1007 0.04808 0.04511 0.05255 0.0101 0.01864 0.009834 0.01301
0.1518 2.902 6.53 3.705 11.9 2.986 1.245 1.469 0.3196 0.8103 0.8133 0.3196 0.0955 0.07138 0.03409 0.03198 0.03726 0.007161 0.01322 0.0162
0.2339 2.667 12.41 8.127 3.861 12.4 3.112 1.298 1.531 0.3331 0.8446 0.8478 0.3332 0.09955 0.07441 0.03553 0.03334 0.03883 0.007464 0.03066
0.2482 1.739 4.846 6.512 3.564 1.694 5.438 1.365 0.5691 0.6715 0.1461 0.3704 0.3718 0.1461 0.04366 0.03263 0.01558 0.01462 0.01703 0.01672
0.2508 2.293 3.948 3.208 3.61 1.976 0.9389 3.015 0.7567 0.3155 0.3722 0.08099 0.2054 0.2061 0.08101 0.0242 0.01809 0.008639 0.008106 0.01871
0.6149 4.956 11.04 5.545 3.775 4.249 2.325 1.105 3.548 0.8906 0.3713 0.4381 0.09531 0.2417 0.2426 0.09533 0.02848 0.02129 0.01017 0.03156
0.2091 4.583 9.035 5.819 2.442 1.663 1.871 1.024 0.4866 1.563 0.3922 0.1635 0.1929 0.04198 0.1064 0.1068 0.04199 0.01255 0.009377 0.01838
0.03547 2.452 13.17 7.565 4.081 1.712 1.166 1.312 0.7181 0.3412 1.096 0.275 0.1147 0.1353 0.02943 0.07464 0.07492 0.02944 0.008797 0.01946
0.2406 0.4808 8.116 12.68 6.101 3.291 1.381 0.9403 1.058 0.5791 0.2752 0.8837 0.2218 0.09247 0.1091 0.02374 0.06019 0.06041 0.02374 0.02279
0.5971 2.696 1.314 6.431 8.406 4.044 2.181 0.9153 0.6232 0.7014 0.3839 0.1824 0.5857 0.147 0.06129 0.07231 0.01573 0.0399 0.04004 0.03084
0.08726 5.855 6.462 0.9134 3.739 4.887 2.351 1.268 0.5321 0.3623 0.4078 0.2232 0.106 0.3405 0.08547 0.03563 0.04204 0.009147 0.02319 0.04121
0.184 0.7764 12.79 4.106 0.4858 1.988 2.599 1.25 0.6744 0.283 0.1927 0.2169 0.1187 0.0564 0.1811 0.04545 0.01895 0.02236 0.004865 0.03425
0.1003 3.522 3.618 17.36 4.671 0.5527 2.262 2.957 1.422 0.7672 0.322 0.2192 0.2467 0.135 0.06416 0.206 0.05171 0.02156 0.02544 0.0445
0.5328 0.8455 7.246 2.149 8.618 2.319 0.2744 1.123 1.468 0.7061 0.3809 0.1598 0.1088 0.1225 0.06703 0.03185 0.1023 0.02567 0.0107 0.03472
0.181 5.556 2.157 5.374 1.334 5.349 1.439 0.1703 0.6969 0.911 0.4382 0.2364 0.0992 0.06754 0.07601 0.0416 0.01977 0.06348 0.01593 0.02819
0.9453 2.696 20.15 2.274 4.742 1.177 4.72 1.27 0.1503 0.615 0.804 0.3867 0.2086 0.08754 0.0596 0.06708 0.03671 0.01744 0.05602 0.03894
0.2055 10.71 7.423 16.03 1.512 3.153 0.7827 3.138 0.8445 0.09991 0.4089 0.5346 0.2571 0.1387 0.05821 0.03963 0.0446 0.02441 0.0116 0.06314
0.2869 2.354 29.8 5.963 10.76 1.015 2.117 0.5255 2.107 0.5669 0.06708 0.2745 0.3589 0.1726 0.09311 0.03908 0.02661 0.02994 0.01639 0.05017
0.5068 2.97 5.926 21.65 3.62 6.534 0.6164 1.285 0.319 1.279 0.3442 0.04073 0.1667 0.2179 0.1048 0.05653 0.02373 0.01615 0.01818 0.04041
0.2448 5.442 7.766 4.48 13.69 2.288 4.13 0.3896 0.8124 0.2017 0.8086 0.2176 0.02574 0.1054 0.1377 0.06625 0.03573 0.015 0.01021 0.03703
0.164 2.08 11.32 4.678 2.257 6.895 1.153 2.081 0.1963 0.4093 0.1016 0.4073 0.1096 0.01297 0.05308 0.06938 0.03337 0.018 0.007555 0.0238
0.4921 1.877 5.833 9.243 3.2 1.544 4.716 0.7885 1.423 0.1342 0.2799 0.06949 0.2786 0.07497 0.00887 0.0363 0.04745 0.02283 0.01231 0.02145
0.3934 7.172 6.669 6.028 7.997 2.768 1.335 4.08 0.6821 1.231 0.1161 0.2422 0.06011 0.241 0.06485 0.007673 0.03141 0.04105 0.01975 0.02921
0.3522 4.31 19.13 5.146 3.889 5.159 1.786 0.8617 2.632 0.4401 0.7944 0.07493 0.1563 0.03879 0.1555 0.04185 0.004951 0.02026 0.02649 0.03159
0.3212 3.653 10.9 14.01 3.151 2.381 3.159 1.094 0.5276 1.612 0.2695 0.4864 0.04588 0.09567 0.02375 0.09522 0.02562 0.003031 0.01241 0.03556
0.2488 2.861 7.968 6.901 7.419 1.669 1.261 1.673 0.5792 0.2794 0.8537 0.1427 0.2576 0.0243 0.05067 0.01258 0.05043 0.01357 0.001606 0.0254
0.3236 2.369 6.693 5.435 3.942 4.238 0.9533 0.7204 0.9558 0.3309 0.1596 0.4877 0.08153 0.1472 0.01388 0.02894 0.007185 0.02881 0.007752 0.01543
0.1851 5.84 10.43 8.599 5.851 4.244 4.562 1.026 0.7756 1.029 0.3562 0.1718 0.525 0.08777 0.1584 0.01494 0.03116 0.007735 0.03101 0.02496
0.6245 2.363 18.1 9.343 6.44 4.382 3.178 3.417 0.7687 0.5809 0.7706 0.2668 0.1287 0.3932 0.06573 0.1187 0.01119 0.02334 0.005793 0.04192
0.1771 7.177 6.581 14.51 6.26 4.315 2.936 2.129 2.289 0.515 0.3892 0.5163 0.1787 0.08622 0.2634 0.04404 0.07949 0.007498 0.01564 0.03197
0.8773 1.763 17.34 4.579 8.436 3.638 2.508 1.706 1.238 1.331 0.2993 0.2262 0.3001 0.1039 0.05011 0.1531 0.0256 0.0462 0.004358 0.02767
0.1527 6.787 3.335 9.493 2.095 3.859 1.664 1.147 0.7807 0.5662 0.6087 0.1369 0.1035 0.1373 0.04753 0.02293 0.07004 0.01171 0.02114 0.01465
0.7322 1.446 15.79 2.262 5.392 1.19 2.192 0.9454 0.6517 0.4434 0.3216 0.3457 0.07778 0.05878 0.07797 0.02699 0.01302 0.03978 0.006651 0.02033
0.3428 8.753 4.246 13.55 1.627 3.877 0.8557 1.576 0.6798 0.4686 0.3189 0.2313 0.2486 0.05593 0.04227 0.05607 0.01941 0.009364 0.02861 0.0194
0.3066 4.799 29.99 4.245 11.35 1.362 3.247 0.7165 1.32 0.5693 0.3924 0.267 0.1937 0.2082 0.04683 0.03539 0.04695 0.01625 0.007841 0.0402
0.1577 4.224 16.11 29.22 3.461 9.253 1.111 2.648 0.5843 1.076 0.4642 0.32 0.2177 0.1579 0.1698 0.03819 0.02886 0.03829 0.01325 0.03918
0.2607 2.019 13.12 14.44 21.91 2.595 6.936 0.8327 1.985 0.438 0.8068 0.348 0.2399 0.1632 0.1184 0.1273 0.02863 0.02163 0.0287 0.0393
0.8425 1.873 3.542 6.637 6.105 9.259 1.097 2.932 0.3519 0.8389 0.1851 0.341 0.1471 0.1014 0.06898 0.05004 0.05379 0.0121 0.009144 0.02874
0.2588 9.258 5.043 2.777 4.357 4.007 6.078 0.7199 1.925 0.231 0.5507 0.1215 0.2239 0.09655 0.06655 0.04529 0.03285 0.03531 0.007943 0.02487
