Originally  
101 
A 
2	100	
1	1	NA	NA	
1	20	
1 472.7 189.1 243.1 108.1 40.52 94.55 54.03 54.03 0 40.52 27.01 0 13.51 13.51 0 0 0 0 0 0
1 239.5 494 269.4 164.7 119.8 59.88 29.94 14.97 29.94 44.91 14.97 0 0 0 14.97 0 0 0 0 0
1 881.3 472.9 343.9 172 64.48 85.98 42.99 42.99 21.49 0 0 21.49 0 0 0 0 0 0 0 0
1 371.4 565.9 176.9 159.2 106.1 141.5 159.2 17.69 17.69 35.37 0 0 0 0 0 17.69 0 0 0 0
1 1024 476.1 380.9 166.6 71.41 23.8 47.61 0 47.61 23.8 23.8 23.8 47.61 0 0 23.8 0 0 0 0
1 322.8 537.9 123 276.7 61.48 46.11 61.48 15.37 46.11 15.37 30.74 0 0 0 0 0 0 0 0 0
1 700.7 331.9 387.3 202.8 110.6 18.44 18.44 0 18.44 36.88 0 0 18.44 0 0 0 0 0 0 0
1 868.8 315.9 236.9 315.9 59.23 118.5 19.74 0 19.74 0 0 0 0 0 19.74 0 0 0 0 0
1 482.4 522.6 221.1 140.7 301.5 100.5 80.41 60.3 40.2 0 0 20.1 0 0 20.1 0 0 0 0 20.1
1 757.4 513.9 486.9 351.6 162.3 297.5 27.05 0 0 54.1 0 54.1 0 0 0 0 0 0 0 0
1 1802 379.4 253 442.7 31.62 0 94.86 63.24 0 31.62 31.62 0 0 0 0 0 0 0 0 31.62
1 26.21 1337 235.9 235.9 288.4 131.1 78.64 157.3 78.64 0 0 52.43 0 0 0 0 0 0 0 0
1 721.7 77.33 902.2 335.1 77.33 206.2 103.1 25.78 51.55 25.78 25.78 25.78 0 0 0 0 0 0 0 0
1 330.7 763.1 127.2 686.8 203.5 127.2 152.6 50.87 50.87 0 25.44 0 25.44 0 0 0 0 0 0 0
1 915 239.6 435.7 65.36 326.8 87.14 43.57 21.79 0 0 0 0 0 21.79 0 0 0 0 21.79 0
1 348 494.6 201.5 293.1 36.64 238.1 73.27 18.32 0 54.95 18.32 18.32 0 36.64 0 0 0 0 0 0
1 207.5 207.5 429.9 44.47 207.5 29.65 148.2 29.65 29.65 29.65 29.65 14.82 44.47 0 14.82 0 14.82 0 0 0
1 348.2 146.6 201.6 403.1 91.62 219.9 73.3 201.6 91.62 0 36.65 18.32 0 0 0 0 0 0 0 0
1 242 256.3 42.71 199.3 313.2 28.47 42.71 42.71 156.6 28.47 42.71 0 0 0 28.47 0 0 0 0 0
1 468.9 91.94 73.55 18.39 36.78 101.1 0 0 9.194 36.78 9.194 27.58 9.194 0 9.194 18.39 0 0 0 9.194
1 184.7 310.6 41.97 109.1 8.394 33.58 41.97 8.394 33.58 8.394 33.58 0 0 8.394 16.79 0 0 0 0 0
1 481.9 117.5 293.9 35.26 35.26 23.51 35.26 82.28 11.75 35.26 0 11.75 0 0 11.75 0 0 0 0 0
1 708.8 574.7 134.1 249 38.31 76.62 0 19.16 76.62 0 0 0 19.16 0 0 19.16 0 0 0 0
1 1176 699.7 363.9 83.97 251.9 0 27.99 27.99 55.98 27.99 27.99 27.99 0 27.99 0 0 0 0 0 0
1 451.9 734.3 225.9 282.4 37.66 37.66 18.83 18.83 0 56.49 0 0 0 0 18.83 0 0 0 0 0
1 492.4 553.9 923.2 338.5 369.3 0 184.6 30.77 30.77 30.77 30.77 0 0 61.55 0 0 0 30.77 0 0
1 383.6 366.9 200.1 316.9 166.8 100.1 16.68 16.68 16.68 16.68 0 33.35 16.68 0 0 0 16.68 0 0 0
1 509.5 370.6 347.4 347.4 301.1 139 185.3 0 46.32 0 0 0 0 0 23.16 0 23.16 23.16 0 0
1 387.6 436 436 363.4 266.5 193.8 145.3 72.67 0 24.22 24.22 24.22 0 24.22 0 0 0 24.22 0 0
1 496.4 393 310.3 186.2 206.9 82.74 227.5 103.4 41.37 0 20.69 0 0 0 0 0 0 0 0 0
1 237 440.2 237 203.1 84.64 135.4 16.93 135.4 101.6 33.86 0 16.93 0 16.93 0 16.93 16.93 0 0 0
1 1575 218 193.8 96.9 72.67 0 48.45 72.67 72.67 48.45 24.22 0 0 0 0 0 0 0 0 0
1 393.4 1630 140.5 196.7 84.3 0 140.5 140.5 28.1 28.1 0 28.1 0 0 0 0 0 0 0 0
1 278.4 227.8 1291 75.94 126.6 126.6 151.9 0 25.31 25.31 101.2 50.62 50.62 0 0 0 0 0 0 0
1 795.4 385.7 120.5 771.3 24.1 96.42 48.21 48.21 24.1 24.1 0 48.21 0 24.1 0 0 0 0 0 0
1 202.7 545.8 46.78 62.38 483.4 46.78 77.97 31.19 15.59 15.59 0 0 15.59 15.59 0 0 0 0 0 0
1 211.8 75.65 484.2 75.65 90.78 408.5 30.26 75.65 0 15.13 0 15.13 15.13 0 15.13 0 0 0 0 0
1 249.8 97.15 83.27 277.6 111 69.39 374.7 13.88 41.63 13.88 0 13.88 0 0 41.63 0 0 0 0 0
1 662.2 231.8 115.9 33.11 198.7 66.22 66.22 231.8 16.56 0 0 16.56 0 0 0 0 16.56 0 0 0
1 596.9 467.8 64.53 96.79 48.4 145.2 16.13 32.26 112.9 16.13 0 0 0 0 0 0 0 0 16.13 0
1 247.8 514.7 552.9 76.26 133.5 38.13 95.32 38.13 57.19 133.5 19.06 0 0 0 0 0 0 0 0 0
1 144.5 63.23 225.8 225.8 81.3 36.13 27.1 45.17 0 0 45.17 0 0 0 0 0 0 0 0 9.033
1 283.9 70.98 35.49 133.1 133.1 35.49 62.11 8.873 26.62 8.873 8.873 62.11 0 8.873 0 8.873 0 0 0 0
1 606.1 380.6 84.57 28.19 155 84.57 14.1 0 14.1 0 14.1 0 14.1 0 0 0 0 0 0 14.1
1 189 581.5 290.7 43.61 14.54 116.3 101.8 14.54 0 14.54 58.15 14.54 0 14.54 0 0 0 0 0 0
1 639.4 139 208.5 250.2 0 13.9 41.7 41.7 0 13.9 0 27.8 13.9 0 0 0 0 0 0 0
1 324.7 527.7 54.12 189.4 67.65 40.59 40.59 40.59 0 27.06 13.53 0 13.53 0 0 13.53 0 0 0 0
1 472.6 315 409.6 94.51 141.8 31.5 15.75 15.75 31.5 15.75 0 15.75 0 15.75 0 0 0 0 0 0
1 406.6 220.7 174.3 185.9 81.32 58.09 0 11.62 0 11.62 11.62 0 0 0 0 0 0 0 0 0
1 289.5 201.8 131.6 52.64 96.51 26.32 35.09 35.09 8.773 0 0 0 0 0 0 0 0 0 0 0
1 771.6 273.3 192.9 112.5 96.45 64.3 32.15 16.08 16.08 0 0 16.08 0 16.08 0 0 0 0 0 0
1 1657 524.6 138.1 165.7 27.61 27.61 138.1 27.61 27.61 0 0 0 0 0 0 27.61 0 0 0 0
1 810.5 623.5 311.7 145.5 62.35 41.57 41.57 41.57 0 0 0 0 0 0 0 0 0 0 0 0
1 260.6 469 555.9 260.6 69.49 69.49 0 17.37 17.37 0 0 0 0 0 0 0 0 0 17.37 0
1 626.5 148.4 428.7 230.8 115.4 0 32.97 32.97 0 16.49 0 16.49 0 0 0 0 0 0 0 0
1 341.4 341.4 122.9 95.6 314.1 68.29 0 27.31 0 13.66 13.66 0 0 0 13.66 0 0 0 0 13.66
1 622.9 195.8 427.1 88.98 142.4 88.98 88.98 88.98 17.8 0 0 0 0 0 17.8 0 0 0 0 0
1 1818 227.2 312.5 142 28.41 198.8 113.6 0 0 0 0 0 0 0 0 0 0 0 0 0
1 269.1 757 252.3 84.11 84.11 0 33.64 117.7 50.46 0 16.82 0 0 0 0 16.82 0 0 0 0
1 456.4 373.4 767.6 103.7 124.5 186.7 0 20.75 41.49 0 0 0 0 0 0 0 0 0 0 0
1 500.3 276 138 534.8 138 69.01 17.25 17.25 0 34.5 0 0 0 0 0 0 0 0 0 0
1 201 358.9 186.6 114.9 358.9 114.9 28.71 71.79 0 0 0 0 0 0 0 0 0 0 0 0
1 333 333 246.1 159.3 101.4 144.8 43.44 28.96 14.48 14.48 0 14.48 0 14.48 0 0 0 0 0 0
1 492.3 90.68 194.3 38.86 142.5 25.91 129.5 25.91 64.77 51.82 0 12.95 12.95 0 0 12.95 0 0 0 0
1 559.1 463.2 143.8 111.8 127.8 47.92 0 127.8 0 0 15.97 0 0 0 0 0 0 0 0 0
1 821.9 318.7 151 67.1 33.55 100.6 33.55 0 83.87 33.55 0 0 0 0 33.55 0 0 0 0 0
1 241.1 624 255.3 99.28 42.55 14.18 56.73 42.55 0 28.37 14.18 0 0 0 0 0 0 0 0 0
1 58.33 268.3 384.9 233.3 93.32 58.33 11.67 23.33 23.33 0 11.67 0 0 0 0 0 0 0 0 0
1 261.8 32.73 130.9 163.6 90 16.36 32.73 16.36 24.54 16.36 16.36 8.181 0 8.181 0 0 0 0 0 0
1 873.2 207.2 74 118.4 103.6 44.4 0 0 14.8 0 14.8 0 14.8 14.8 0 0 0 0 0 0
1 130.4 675.8 71.14 0 82.99 94.85 35.57 35.57 23.71 0 0 0 11.86 23.71 0 0 0 0 0 0
1 298.6 74.65 584.7 99.53 0 62.21 62.21 49.77 12.44 0 0 0 0 0 0 0 0 0 0 0
1 119.8 337.6 98.02 348.5 87.13 10.89 10.89 54.46 0 10.89 0 0 10.89 0 0 0 0 0 0 0
1 708.8 97.77 134.4 36.66 85.55 36.66 12.22 36.66 24.44 12.22 0 12.22 12.22 0 0 0 0 12.22 0 0
1 255.9 827.9 60.21 180.6 15.05 75.27 30.11 0 0 15.05 30.11 0 0 15.05 0 0 0 0 0 0
1 1263 180.4 260.6 20.05 100.2 20.05 60.15 40.1 0 60.15 0 0 0 0 0 0 0 0 0 0
1 383.6 1038 248.2 270.7 22.56 90.25 22.56 112.8 22.56 0 22.56 22.56 0 0 0 0 0 0 0 0
1 347.8 231.8 772.8 135.2 289.8 0 57.96 19.32 38.64 0 0 0 38.64 0 0 0 0 0 0 0
1 813 258.7 73.91 406.5 110.9 166.3 0 0 0 0 0 0 18.48 0 0 0 0 0 0 0
1 391.2 421.3 135.4 75.23 285.9 45.14 105.3 0 30.09 0 0 15.05 0 0 0 0 0 0 0 0
1 264.7 125.4 376.2 111.5 83.59 222.9 55.73 97.52 13.93 0 13.93 13.93 0 0 0 13.93 0 0 0 0
1 1162 207.5 145.3 249 62.26 62.26 124.5 41.51 0 0 0 0 20.75 0 0 0 0 0 0 0
1 607.2 685.5 215.5 117.5 97.93 58.76 58.76 58.76 0 39.17 0 19.59 0 0 0 0 0 0 0 0
1 648.1 362.2 495.6 95.31 114.4 114.4 19.06 0 38.13 0 0 0 0 0 19.06 0 0 0 0 0
1 514.5 300.1 157.2 243 14.29 57.17 42.87 0 28.58 28.58 14.29 14.29 0 14.29 0 0 0 0 0 0
1 423.4 306.6 160.6 160.6 175.2 29.2 87.59 43.8 14.6 29.2 14.6 0 14.6 0 0 0 0 0 0 0
1 1093 273.2 387 136.6 136.6 182.1 22.76 22.76 0 0 0 22.76 0 0 0 0 0 0 0 0
1 223.5 544.7 181.6 139.7 111.7 41.9 111.7 0 13.97 13.97 0 0 13.97 0 0 0 0 0 0 0
1 1087 135.9 384.9 294.4 90.57 67.93 45.29 113.2 22.64 0 0 0 0 22.64 0 0 0 0 0 0
1 262.8 541 123.7 201 92.75 123.7 77.29 30.92 30.92 15.46 0 0 0 15.46 30.92 0 0 0 0 0
1 795.6 165.8 314.9 66.3 149.2 33.15 49.73 49.73 16.58 16.58 0 0 0 0 0 0 0 0 0 0
1 298.2 789.3 122.8 228 140.3 87.69 35.08 17.54 17.54 17.54 0 0 0 0 0 0 0 0 0 0
1 1301 141.9 733.1 47.3 118.2 0 23.65 0 0 0 0 0 0 0 0 0 0 0 0 0
1 624.5 858.7 182.1 390.3 78.06 182.1 78.06 156.1 0 26.02 0 26.02 0 0 0 0 0 0 0 0
1 541.1 405.8 856.7 90.18 248 45.09 45.09 0 0 0 0 0 0 22.55 0 0 0 0 0 0
1 260.7 521.4 441.2 501.3 80.21 80.21 0 60.16 20.05 20.05 20.05 0 0 0 0 0 0 0 0 0
1 203.5 108.5 244.2 176.4 393.5 27.14 94.97 13.57 54.27 0 13.57 13.57 0 13.57 0 0 0 0 0 0
1 1435 134.5 201.8 112.1 156.9 112.1 0 89.67 0 0 0 0 0 0 0 0 0 0 0 0
1 417.6 1730 208.8 59.66 59.66 149.1 238.6 29.83 29.83 0 29.83 29.83 0 0 0 0 0 0 0 0
