Originally  
101 
A 
42	100	
1	1	NA	NA	
1	20	
1 0.02163 0.1658 0.2163 0.0649 0.05769 0.05048 0.04327 0.03605 0.01442 0.02163 0.007211 0.01442 0 0 0 0 0.007211 0 0 0
1 0.01827 0.1644 0.7126 0.402 0.1096 0.1279 0.1096 0.03654 0.05481 0 0 0.05481 0.01827 0.01827 0 0 0 0 0 0
1 0.0374 0.1745 0.3241 0.2867 0.1621 0.0374 0.1247 0.08726 0 0.01247 0 0 0 0 0 0 0 0 0 0
1 0.05185 0.28 0.2178 0.2178 0.1348 0.03111 0.04148 0.02074 0.01037 0.01037 0 0.01037 0.01037 0 0 0 0 0 0 0
1 0.02282 0.2853 0.3994 0.1598 0.07988 0.1141 0.02282 0.01141 0.01141 0.01141 0 0 0.02282 0 0 0 0 0 0 0
1 0.04132 0.1343 0.3409 0.3305 0.08264 0.04132 0.02066 0 0 0.01033 0 0.01033 0.02066 0 0 0 0 0 0 0
1 0.06292 0.2412 0.1993 0.2622 0.1993 0.04195 0 0.03146 0.01049 0 0 0 0 0 0 0 0 0 0 0
1 0.02563 0.3076 0.2905 0.05981 0.05127 0.05981 0.03418 0.008544 0.008544 0.008544 0 0 0 0 0 0 0 0 0 0
1 0 0.122 0.6656 0.2108 0.02219 0.05547 0.01109 0 0 0.01109 0 0 0 0 0 0.01109 0 0 0 0
1 0.0138 0.1656 0.3313 0.5935 0.1794 0.0276 0.0276 0.04141 0 0 0 0 0 0 0 0 0 0 0 0
1 0.01331 0.1731 0.3727 0.3328 0.2662 0.09319 0 0.01331 0.02662 0.01331 0.01331 0 0 0 0.01331 0 0 0 0 0
1 0.04684 0.1952 0.1874 0.1015 0.06246 0.1171 0.04684 0 0.02342 0 0 0 0 0 0 0 0 0 0 0
1 0.05085 0.1017 0.1961 0.1671 0.03632 0.02906 0.09443 0.01453 0.01453 0.01453 0 0 0 0.007264 0 0 0 0 0 0
1 0.0566 0.1455 0.1779 0.2345 0.09703 0.03234 0.008086 0.03234 0.01617 0.008086 0 0 0 0 0 0 0 0 0 0
1 0.02814 0.1618 0.2743 0.06331 0.1055 0.0211 0.0211 0.01407 0.007034 0 0 0.007034 0 0 0 0 0 0 0 0
1 0.00867 0.1474 0.3468 0.1907 0.0867 0.05202 0.02601 0 0 0.00867 0 0 0 0 0 0 0 0 0 0
1 0 0.1438 0.4313 0.2464 0.1232 0.0308 0.04107 0.01027 0 0 0 0 0 0 0 0 0 0 0 0
1 0.0179 0.1074 0.2775 0.2327 0.1343 0.0537 0.0358 0 0.0179 0.00895 0 0.00895 0 0 0 0 0 0 0 0
1 0.009226 0.1568 0.3783 0.1199 0.1292 0.08303 0.0369 0.009226 0 0 0 0 0 0 0 0 0 0 0 0
1 0.07066 0.1678 0.2032 0.2032 0.04416 0.09716 0.053 0.0265 0 0.008833 0.008833 0 0 0 0 0 0 0 0 0
1 0.01866 0.3359 0.2519 0.1026 0.04666 0.06532 0.04666 0.02799 0 0 0.01866 0.009331 0 0 0.009331 0 0 0 0 0
1 0.1342 0.1463 0.5122 0.1951 0.09757 0.06098 0.0122 0.02439 0 0.0122 0 0.0122 0.0122 0 0 0 0 0 0 0
1 0.03749 0.3 0.3125 0.3874 0.08749 0.0125 0.06249 0 0.025 0.0125 0.0125 0 0 0 0 0 0 0 0 0
1 0.01563 0.2189 0.6723 0.1876 0.2345 0.07817 0.07817 0.01563 0.03127 0.03127 0 0 0 0 0 0 0 0 0 0
1 0.06648 0.1884 0.2548 0.3878 0.08864 0.08864 0.01108 0.01108 0.01108 0 0 0 0 0 0 0 0 0 0 0
1 0.03407 0.2044 0.4315 0.1703 0.1363 0.1022 0.04542 0.01136 0 0 0 0 0 0 0 0 0 0 0 0
1 0.04547 0.1705 0.3865 0.2273 0.07956 0.1932 0.02273 0 0 0.01137 0 0 0 0 0 0 0 0 0 0
1 0.02404 0.1683 0.2765 0.3366 0.1683 0.03606 0.1322 0 0.04809 0.01202 0 0 0 0 0 0 0 0 0 0
1 0.026 0.2427 0.286 0.1387 0.1127 0.026 0 0.01733 0.008666 0 0 0.008666 0 0 0 0 0 0 0 0
1 0.02336 0.2025 0.3193 0.1012 0.03894 0.05452 0.007788 0.01558 0.01558 0 0 0 0 0 0 0 0 0 0 0
1 0.03967 0.2182 0.2975 0.2182 0.06942 0.04958 0.04958 0.009917 0 0.01983 0 0.009917 0 0 0.009917 0 0 0 0 0
1 0.02003 0.2003 0.3606 0.2103 0.1502 0.04006 0 0 0 0 0.02003 0 0 0 0 0 0 0 0 0
1 0.007606 0.1065 0.2358 0.2206 0.1065 0.05324 0.02282 0.007606 0 0 0 0 0 0 0 0 0 0 0 0
1 0.1161 0.2089 0.3018 0.2089 0.1045 0.1277 0.09285 0 0 0 0 0 0 0 0 0 0 0 0 0
1 0.08361 0.1765 0.2787 0.1579 0.1115 0.04645 0.02787 0.02787 0.00929 0 0 0 0 0 0 0.00929 0 0 0 0
1 0.04018 0.308 0.5223 0.1473 0.1339 0.08036 0.08036 0 0.01339 0 0.01339 0 0 0 0 0 0 0 0 0
1 0.04615 0.1385 0.3615 0.1462 0.05384 0.007692 0.01538 0 0 0 0 0 0 0 0 0 0 0 0 0
1 0.02147 0.1288 0.229 0.1789 0.07872 0.05725 0.007157 0 0 0.01431 0 0 0 0 0 0 0 0 0 0
1 0.0144 0.18 0.2088 0.1512 0.07919 0.03599 0.0288 0.0144 0.007199 0 0 0 0 0 0 0 0 0 0 0
1 0.04442 0.2887 0.2998 0.1999 0.1555 0.04442 0.05552 0 0.0111 0.0111 0 0 0 0 0 0 0 0 0 0
1 0.04571 0.2743 0.5333 0.32 0.1371 0.1676 0.04571 0 0 0 0 0 0 0 0 0 0 0 0 0
1 0.009324 0.1772 0.345 0.1119 0.1492 0.05594 0.04662 0.02797 0.009324 0 0 0 0 0 0 0 0 0 0 0
1 0 0.2004 0.2875 0.2004 0.07841 0.02614 0.03485 0.01742 0.008712 0.008712 0 0.008712 0 0 0 0 0 0 0 0
1 0.01035 0.176 0.2589 0.2071 0.1346 0.1139 0.07248 0.02071 0.01035 0.03106 0 0 0 0 0 0 0 0 0 0
1 0.04295 0.1288 0.3865 0.1181 0.2147 0.04295 0.06442 0.04295 0.01074 0 0 0.01074 0 0 0 0.01074 0 0 0 0
1 0.04188 0.363 0.2932 0.2652 0.1954 0.1675 0.05584 0.01396 0 0 0 0 0 0 0 0 0 0 0 0
1 0.0155 0.1627 0.248 0.155 0.08525 0.031 0.02325 0.03875 0.00775 0 0.00775 0 0 0 0 0 0 0 0 0
1 0.0809 0.2427 0.3005 0.2427 0.1156 0.104 0.02311 0.02311 0.01156 0 0 0 0.01156 0 0 0 0 0 0 0
1 0.02144 0.2681 0.3431 0.2359 0.1072 0.03217 0.01072 0.02144 0.01072 0 0 0.02144 0 0 0 0 0 0 0 0
1 0.0344 0.2064 0.2924 0.08599 0.1118 0.0516 0.043 0.008599 0.0172 0 0 0.008599 0 0 0 0 0 0 0 0
1 0.01801 0.1081 0.3333 0.2432 0.07206 0.05404 0.01801 0.009007 0.009007 0.01801 0 0.01801 0 0 0 0 0 0 0 0
1 0.009206 0.1473 0.2578 0.2302 0.1289 0.06444 0.04603 0.02762 0 0.009206 0 0 0 0 0 0 0 0 0 0
1 0.03804 0.1522 0.1978 0.1522 0.06847 0.06086 0.02282 0.04565 0.007608 0.007608 0.007608 0 0 0 0 0 0 0 0 0
1 0.02531 0.1899 0.2468 0.06329 0.03797 0.01899 0.03164 0.006329 0.006329 0 0.006329 0 0 0 0 0 0 0 0 0
1 0 0.2436 0.4987 0.1392 0.06959 0.03479 0.08118 0.05799 0.0116 0.0116 0 0 0 0 0.0116 0 0 0 0 0
1 0.02339 0.09942 0.2222 0.1638 0.04094 0.02339 0.0117 0 0 0 0 0 0 0 0 0 0 0 0 0
1 0.02163 0.119 0.3461 0.3028 0.1622 0.03245 0.05408 0.02163 0 0.02163 0 0 0 0 0 0 0 0 0 0
1 0.04351 0.1088 0.2103 0.1305 0.116 0.029 0.03626 0.02175 0.0145 0 0.007251 0 0.007251 0 0 0 0 0 0 0
1 0.03883 0.1165 0.2563 0.1864 0.06989 0.0466 0.0233 0.01553 0 0.01553 0.007766 0 0 0 0 0 0 0 0 0
