 landings-at-age - landings.n (units : NA )
1	2	
42	100	
1	20	
1 
0.004413 0.04624 0.1433 0.1224 0.08231 0.05904 0.04428 0.0297 0.02175 0.01459 0.009727 0.00686 0.00501 0.003474 0.002247 0.001518 0.001103 0.0007353 0.0005292 0.001139
0.004159 0.04955 0.1298 0.1195 0.08583 0.05771 0.04139 0.03104 0.02082 0.01525 0.01023 0.00682 0.00481 0.003513 0.002436 0.001575 0.001065 0.0007735 0.0005156 0.00117
0.06234 0.7338 2.175 1.691 1.309 0.9404 0.6323 0.4535 0.3401 0.2281 0.1671 0.1121 0.07472 0.0527 0.03848 0.02669 0.01726 0.01166 0.008474 0.01846
0.1206 1.351 3.934 3.441 2.246 1.739 1.249 0.8401 0.6025 0.4519 0.3031 0.222 0.1489 0.09928 0.07001 0.05113 0.03546 0.02293 0.0155 0.03579
0.1752 1.999 5.51 4.705 3.451 2.253 1.745 1.253 0.8427 0.6044 0.4533 0.3041 0.2227 0.1494 0.09958 0.07023 0.05129 0.03556 0.023 0.05145
0.2308 2.592 7.232 5.811 4.157 3.049 1.991 1.541 1.107 0.7444 0.5339 0.4004 0.2686 0.1967 0.132 0.08797 0.06204 0.04531 0.03142 0.06577
0.2994 3.204 8.744 7.07 4.753 3.4 2.494 1.628 1.26 0.9055 0.6089 0.4367 0.3275 0.2197 0.1609 0.1079 0.07195 0.05074 0.03706 0.07949
0.3382 3.988 10.31 8.106 5.476 3.681 2.633 1.932 1.261 0.9763 0.7014 0.4716 0.3382 0.2537 0.1702 0.1246 0.0836 0.05573 0.0393 0.09027
0.3935 4.376 12.39 9.175 6.019 4.066 2.733 1.955 1.434 0.9363 0.7249 0.5208 0.3502 0.2512 0.1884 0.1263 0.09252 0.06207 0.04138 0.09621
0.4664 4.982 13.23 10.66 6.578 4.315 2.915 1.96 1.402 1.028 0.6714 0.5198 0.3734 0.2511 0.1801 0.1351 0.09059 0.06634 0.04451 0.09866
0.4984 5.804 14.72 11.06 7.418 4.577 3.002 2.028 1.364 0.9753 0.7154 0.4671 0.3616 0.2598 0.1747 0.1253 0.09396 0.06303 0.04615 0.0996
0.5988 6.118 16.82 11.99 7.488 5.023 3.099 2.033 1.374 0.9234 0.6605 0.4845 0.3163 0.2449 0.1759 0.1183 0.08484 0.06363 0.04268 0.0987
0.6381 7.266 17.43 13.39 7.924 4.948 3.319 2.048 1.343 0.9075 0.6101 0.4364 0.3201 0.209 0.1618 0.1162 0.07815 0.05605 0.04204 0.09341
0.7131 7.669 20.38 13.57 8.643 5.117 3.195 2.143 1.322 0.8674 0.586 0.394 0.2818 0.2067 0.135 0.1045 0.07506 0.05047 0.0362 0.08747
0.8137 8.497 21.2 15.55 8.576 5.462 3.234 2.019 1.354 0.8356 0.5482 0.3703 0.249 0.1781 0.1306 0.08528 0.06603 0.04743 0.03189 0.07815
0.8842 9.624 23.18 15.87 9.627 5.309 3.381 2.002 1.25 0.8385 0.5173 0.3394 0.2293 0.1541 0.1102 0.08087 0.0528 0.04087 0.02936 0.06813
0.908 10.39 25.94 17.04 9.632 5.843 3.222 2.052 1.215 0.7586 0.5089 0.314 0.206 0.1392 0.09354 0.06691 0.04908 0.03204 0.02481 0.05917
0.8991 10.61 27.67 18.72 10.14 5.735 3.479 1.919 1.222 0.7235 0.4517 0.303 0.187 0.1226 0.08286 0.0557 0.03984 0.02922 0.01908 0.05001
0.9637 10.45 27.94 19.64 10.94 5.929 3.352 2.033 1.121 0.7142 0.4228 0.264 0.1771 0.1093 0.07168 0.04843 0.03256 0.02329 0.01708 0.04038
0.9917 11.14 27.22 19.49 11.27 6.281 3.403 1.924 1.167 0.6437 0.4099 0.2427 0.1515 0.1017 0.06271 0.04114 0.02779 0.01869 0.01337 0.03298
1.043 11.41 28.73 18.68 10.99 6.354 3.542 1.919 1.085 0.658 0.3629 0.2311 0.1368 0.08544 0.05731 0.03536 0.0232 0.01567 0.01054 0.02613
0.9401 11.37 27.84 18.56 9.9 5.824 3.367 1.877 1.017 0.5749 0.3487 0.1923 0.1225 0.07252 0.04528 0.03037 0.01874 0.01229 0.008305 0.01943
0.8762 10.25 27.74 17.98 9.835 5.247 3.086 1.784 0.9946 0.5389 0.3047 0.1848 0.1019 0.06491 0.03843 0.02399 0.0161 0.009931 0.006515 0.0147
0.797 9.553 25.01 17.92 9.53 5.212 2.78 1.636 0.9457 0.5271 0.2856 0.1615 0.09793 0.05401 0.0344 0.02037 0.01272 0.00853 0.005263 0.01124
0.7319 8.689 23.31 16.15 9.496 5.05 2.762 1.473 0.8668 0.5011 0.2793 0.1513 0.08556 0.0519 0.02862 0.01823 0.01079 0.006738 0.00452 0.008747
0.7069 7.98 21.2 15.06 8.56 5.032 2.676 1.464 0.7808 0.4593 0.2656 0.148 0.0802 0.04534 0.0275 0.01517 0.009661 0.005719 0.003571 0.007031
0.6848 7.706 19.47 13.69 7.978 4.536 2.667 1.418 0.7757 0.4138 0.2434 0.1407 0.07844 0.0425 0.02403 0.01458 0.008038 0.00512 0.003031 0.005618
0.6545 7.466 18.8 12.58 7.257 4.228 2.404 1.413 0.7516 0.4111 0.2193 0.129 0.07458 0.04157 0.02252 0.01273 0.007724 0.00426 0.002713 0.004584
0.6371 7.135 18.22 12.15 6.664 3.846 2.241 1.274 0.7489 0.3983 0.2178 0.1162 0.06836 0.03952 0.02203 0.01194 0.006748 0.004093 0.002258 0.003867
0.5634 6.946 17.41 11.77 6.436 3.532 2.038 1.187 0.6751 0.3969 0.2111 0.1154 0.06158 0.03623 0.02095 0.01167 0.006325 0.003576 0.002169 0.003246
0.5266 6.142 16.95 11.24 6.235 3.411 1.872 1.08 0.6292 0.3577 0.2103 0.1119 0.06118 0.03264 0.0192 0.0111 0.006187 0.003352 0.001895 0.00287
0.5129 5.741 14.99 10.95 5.959 3.304 1.808 0.9918 0.5723 0.3335 0.1896 0.1115 0.05928 0.03242 0.01729 0.01017 0.005882 0.003279 0.001776 0.002525
0.5022 5.592 14.01 9.68 5.801 3.158 1.751 0.9579 0.5256 0.3033 0.1767 0.1005 0.05907 0.03141 0.01718 0.009165 0.005392 0.003117 0.001737 0.002279
0.4704 5.474 13.64 9.048 5.13 3.074 1.674 0.9279 0.5076 0.2785 0.1607 0.09365 0.05324 0.0313 0.01665 0.009105 0.004857 0.002857 0.001652 0.002129
0.4394 5.128 13.36 8.812 4.795 2.719 1.629 0.8869 0.4918 0.269 0.1476 0.08518 0.04963 0.02822 0.01659 0.008822 0.004825 0.002574 0.001514 0.002004
0.408 4.791 12.51 8.628 4.67 2.541 1.441 0.8634 0.47 0.2606 0.1426 0.07823 0.04514 0.0263 0.01495 0.008791 0.004675 0.002557 0.001364 0.001864
0.364 4.448 11.69 8.081 4.572 2.475 1.347 0.7635 0.4575 0.2491 0.1381 0.07555 0.04145 0.02392 0.01394 0.007924 0.004659 0.002478 0.001355 0.001711
0.3592 3.969 10.85 7.55 4.283 2.423 1.311 0.7136 0.4046 0.2425 0.132 0.07319 0.04004 0.02197 0.01268 0.007386 0.004199 0.002469 0.001313 0.001625
0.3478 3.916 9.683 7.01 4.001 2.27 1.284 0.695 0.3782 0.2144 0.1285 0.06994 0.03878 0.02122 0.01164 0.006718 0.003914 0.002225 0.001308 0.001557
0.3152 3.792 9.556 6.255 3.715 2.12 1.203 0.6805 0.3683 0.2004 0.1136 0.06809 0.03707 0.02055 0.01124 0.00617 0.00356 0.002074 0.001179 0.001518
0.2968 3.355 9.049 6.04 3.244 1.927 1.1 0.6237 0.3529 0.191 0.1039 0.05892 0.03531 0.01922 0.01066 0.005831 0.003199 0.001846 0.001076 0.001399
0.266 3.159 8.028 5.752 3.152 1.693 1.005 0.5738 0.3255 0.1841 0.09967 0.05423 0.03075 0.01843 0.01003 0.005562 0.003043 0.00167 0.0009634 0.001291
0.2532 2.831 7.58 5.132 3.02 1.655 0.8887 0.5279 0.3013 0.1709 0.09669 0.05233 0.02848 0.01614 0.009676 0.005267 0.00292 0.001598 0.0008767 0.001184
0.2429 2.695 6.812 4.872 2.711 1.596 0.8744 0.4695 0.2789 0.1592 0.09029 0.05108 0.02765 0.01504 0.00853 0.005112 0.002783 0.001543 0.0008441 0.001089
0.2518 2.586 6.502 4.402 2.59 1.441 0.8482 0.4648 0.2496 0.1483 0.08462 0.048 0.02715 0.0147 0.007998 0.004534 0.002717 0.001479 0.0008202 0.001027
0.2477 2.681 6.255 4.225 2.355 1.385 0.7708 0.4536 0.2486 0.1335 0.07929 0.04526 0.02567 0.01452 0.007861 0.004277 0.002425 0.001453 0.0007911 0.0009882
0.2367 2.636 6.501 4.087 2.273 1.267 0.7453 0.4148 0.2441 0.1338 0.07183 0.04267 0.02435 0.01381 0.007814 0.00423 0.002302 0.001305 0.000782 0.0009574
0.2283 2.519 6.409 4.27 2.212 1.231 0.6858 0.4034 0.2245 0.1321 0.07241 0.03888 0.0231 0.01318 0.007477 0.00423 0.00229 0.001246 0.0007064 0.0009416
0.2275 2.429 6.14 4.233 2.325 1.205 0.6701 0.3734 0.2197 0.1223 0.07195 0.03943 0.02117 0.01258 0.007178 0.004071 0.002303 0.001247 0.0006784 0.0008974
0.233 2.419 5.934 4.076 2.319 1.274 0.6599 0.3671 0.2046 0.1203 0.06697 0.03941 0.0216 0.0116 0.006889 0.003932 0.00223 0.001262 0.000683 0.0008632
0.2308 2.477 5.924 3.96 2.246 1.277 0.7018 0.3636 0.2022 0.1127 0.0663 0.0369 0.02171 0.0119 0.00639 0.003795 0.002166 0.001229 0.0006952 0.0008519
0.204 2.453 6.08 3.974 2.194 1.245 0.7079 0.3889 0.2015 0.1121 0.06245 0.03674 0.02045 0.01203 0.006594 0.003541 0.002103 0.0012 0.0006809 0.0008573
0.1966 2.167 6.034 4.099 2.215 1.223 0.6936 0.3945 0.2167 0.1123 0.06245 0.0348 0.02047 0.01139 0.006705 0.003675 0.001973 0.001172 0.000669 0.0008572
0.2145 2.087 5.343 4.088 2.297 1.241 0.6854 0.3887 0.2211 0.1214 0.06292 0.035 0.0195 0.01147 0.006385 0.003758 0.002059 0.001106 0.0006568 0.0008553
0.2005 2.276 5.156 3.638 2.304 1.294 0.6994 0.3862 0.219 0.1246 0.06844 0.03545 0.01972 0.01099 0.006465 0.003598 0.002117 0.00116 0.0006231 0.0008521
0.1879 2.126 5.633 3.528 2.061 1.305 0.7334 0.3962 0.2188 0.1241 0.07057 0.03877 0.02009 0.01117 0.006227 0.003663 0.002038 0.0012 0.0006574 0.0008358
0.1954 1.99 5.271 3.872 2.009 1.174 0.7433 0.4177 0.2257 0.1246 0.07067 0.04019 0.02208 0.01144 0.006363 0.003546 0.002086 0.001161 0.0006832 0.0008504
0.1995 2.068 4.942 3.639 2.216 1.15 0.6719 0.4255 0.2391 0.1292 0.07133 0.04045 0.02301 0.01264 0.006549 0.003643 0.00203 0.001194 0.0006646 0.0008779
0.2129 2.109 5.144 3.428 2.094 1.275 0.6616 0.3866 0.2448 0.1375 0.07431 0.04104 0.02327 0.01324 0.007272 0.003767 0.002096 0.001168 0.000687 0.0008874
