Originally  
101 
A 
42	100	
1	1	0	0	
1	20	
1 0.03699 0.148 0.4439 0.3884 0.3144 0.1295 0.09248 0.111 0.05549 0.03699 0.0185 0 0.0185 0 0.0185 0.03699 0 0 0 0
1 0.06728 0.3813 0.5607 0.3588 0.314 0.1794 0.1121 0.08971 0 0.06728 0 0.06728 0 0.04485 0 0 0 0 0 0
1 0.03621 0.09053 0.4708 0.3621 0.2535 0.163 0.163 0.03621 0.07242 0.05432 0.03621 0.01811 0 0 0.01811 0 0.01811 0 0 0.01811
1 0.03952 0.2767 0.5929 0.3162 0.09881 0.2174 0.1976 0.07905 0.07905 0.03952 0 0 0 0.01976 0 0 0 0 0 0.01976
1 0.05857 0.1757 0.2577 0.2226 0.1523 0.09372 0.04686 0.07029 0.04686 0.03514 0 0 0 0.01171 0 0 0 0 0 0
1 0.02787 0.1812 0.2509 0.1812 0.3066 0.05575 0.1254 0.06969 0.09756 0.02787 0.01394 0.01394 0.01394 0.01394 0 0.01394 0 0 0 0
1 0.04183 0.2092 0.3765 0.2789 0.1394 0.1116 0.05578 0.05578 0.01394 0.05578 0.02789 0.01394 0.01394 0 0 0 0 0 0 0
1 0.03449 0.2759 0.4138 0.3104 0.1724 0.1552 0 0.05173 0.05173 0.06897 0.06897 0.03449 0.01724 0.03449 0.01724 0.01724 0 0 0 0
1 0 0.2339 0.3509 0.4177 0.1671 0.1337 0.08355 0.08355 0.08355 0.03342 0 0.05013 0.01671 0 0.01671 0 0 0 0 0
1 0.01362 0.2179 0.395 0.2452 0.1498 0.09535 0.09535 0.08173 0 0.01362 0.02724 0.01362 0 0 0 0.01362 0 0 0 0
1 0.02806 0.1309 0.2245 0.187 0.1309 0.1029 0.04676 0.02806 0.009352 0.009352 0.0187 0 0 0.0187 0 0 0 0 0 0
1 0.03263 0.1958 0.4405 0.4242 0.1632 0.06527 0.1142 0.0979 0.03263 0.03263 0 0.01632 0 0 0 0 0 0 0 0.01632
1 0 0.1504 0.3828 0.2871 0.2187 0.04101 0.0957 0.06836 0.04101 0.02734 0.01367 0.01367 0.01367 0 0 0.01367 0 0 0 0
1 0.03527 0.1646 0.3057 0.2939 0.1058 0.08229 0.08229 0.02351 0.02351 0.02351 0.01176 0 0.02351 0 0 0 0 0 0 0
1 0.03774 0.1227 0.2831 0.1982 0.1227 0.06605 0.02831 0.02831 0.02831 0 0.009436 0.009436 0.009436 0 0 0 0 0 0 0
1 0.03186 0.1513 0.215 0.1434 0.1274 0.04778 0.03186 0 0.01593 0.01593 0 0 0 0 0 0.007964 0 0 0.007964 0
1 0.04927 0.2463 0.2833 0.2094 0.1108 0.1355 0.08621 0.04927 0.01232 0.03695 0.01232 0 0 0 0 0 0 0 0 0
1 0.01296 0.2462 0.4017 0.2592 0.1555 0.1166 0.09071 0.01296 0 0 0 0 0 0 0 0 0 0 0 0
1 0.06574 0.263 0.3287 0.2761 0.1578 0.05259 0.06574 0.05259 0.01315 0.01315 0 0 0 0 0.01315 0 0 0 0 0.01315
1 0.0175 0.2188 0.2363 0.1663 0.1138 0.08751 0 0.0175 0 0 0.0175 0 0 0 0 0 0 0 0 0
1 0.05611 0.2525 0.3367 0.3507 0.1403 0.0982 0.01403 0.05611 0.02806 0.05611 0 0 0.01403 0 0 0 0 0 0 0
1 0.02213 0.2102 0.3873 0.2213 0.1107 0.05533 0.0332 0.0332 0 0.02213 0.01107 0 0 0 0 0 0 0 0 0
1 0.02477 0.1569 0.3137 0.1734 0.0743 0.02477 0.02477 0.008256 0 0 0.008256 0.01651 0 0 0 0 0 0 0 0
1 0.02008 0.1506 0.2711 0.2511 0.1406 0.08034 0.03013 0.03013 0.01004 0.02008 0 0 0 0 0 0 0 0 0 0
1 0.008394 0.1511 0.2602 0.1763 0.1007 0.08394 0.03358 0.01679 0 0.008394 0 0 0 0 0 0 0 0 0 0
1 0.01963 0.09162 0.2094 0.1505 0.09162 0.04581 0.01309 0.01963 0.006544 0.006544 0 0 0 0 0 0 0 0 0 0
1 0.0246 0.1046 0.1907 0.1476 0.07996 0.03075 0.0123 0 0.0123 0.0123 0 0 0 0 0 0 0 0 0 0
1 0.02625 0.1575 0.2165 0.1116 0.07874 0.02625 0.01312 0.006562 0.006562 0.006562 0 0 0.006562 0 0 0 0 0 0 0
1 0.02016 0.1478 0.1949 0.1209 0.06047 0.06047 0.02688 0.02688 0 0.006719 0.006719 0 0 0 0 0 0 0 0 0
1 0.01728 0.1268 0.2017 0.09794 0.05761 0.02305 0.01728 0.02305 0.005761 0 0 0.005761 0 0 0 0 0 0 0 0
1 0.004518 0.09036 0.1491 0.08584 0.05873 0.02259 0.02259 0.004518 0.009036 0 0 0 0.004518 0 0 0 0 0 0 0
1 0.005101 0.102 0.1122 0.102 0.06631 0.07142 0.0153 0.0102 0.0102 0 0.0102 0.005101 0 0 0 0 0 0 0 0
1 0.02688 0.121 0.1613 0.2016 0.05376 0.04032 0.05376 0 0.006721 0.006721 0 0 0 0 0 0 0 0 0 0
1 0.004102 0.04922 0.1641 0.06973 0.04512 0.04102 0.01641 0.008203 0.008203 0.004102 0 0 0 0 0 0 0 0 0 0
1 0.006669 0.05668 0.1 0.09336 0.04001 0.01334 0.01 0.003334 0.003334 0.003334 0 0.003334 0 0 0 0 0 0 0 0
1 0.0112 0.05226 0.1195 0.07466 0.05973 0.01493 0.02613 0.003733 0.0112 0 0 0 0 0 0 0 0 0 0 0
1 0.01696 0.07631 0.1696 0.07631 0.0424 0.01272 0.02544 0.00424 0 0 0 0 0 0 0 0 0 0 0 0
1 0.004955 0.06442 0.1635 0.114 0.07433 0.02478 0.00991 0.01982 0.01487 0.004955 0 0 0 0 0 0 0 0 0 0
1 0.01706 0.03413 0.1365 0.07508 0.03754 0.01024 0.02389 0.003413 0 0.003413 0 0 0 0 0 0 0 0 0 0
1 0.003694 0.03878 0.06648 0.03694 0.02401 0.007387 0.003694 0 0 0.001847 0 0.001847 0 0 0 0 0 0 0 0
1 0.01257 0.07227 0.09426 0.03142 0.04399 0.02828 0.009426 0.006284 0.01257 0 0 0.003142 0 0 0 0 0 0 0 0
1 0.01283 0.07701 0.08984 0.07059 0.02246 0.02567 0.003209 0.01283 0 0.003209 0 0.003209 0 0 0 0 0 0 0 0
1 0.005762 0.05474 0.08931 0.0605 0.03457 0.008643 0.0144 0.002881 0.01152 0.005762 0 0 0 0 0 0 0 0 0 0
1 0.01532 0.07353 0.07966 0.05515 0.03983 0.01838 0.009191 0 0.009191 0 0 0.006128 0 0 0 0 0 0 0 0
1 0.01099 0.03296 0.0769 0.06866 0.03021 0.0357 0.005493 0 0 0.005493 0.005493 0 0.002746 0 0 0 0 0 0 0
1 0 0.06384 0.04737 0.03913 0.02471 0.01442 0.01442 0 0.002059 0 0 0 0 0 0 0 0 0 0 0
1 0.003028 0.07267 0.08478 0.06964 0.03936 0.009083 0.01514 0.003028 0.003028 0.003028 0 0 0 0 0 0 0 0 0 0
1 0.009674 0.06127 0.09674 0.08706 0.02902 0.01935 0.009674 0.003225 0.003225 0 0.003225 0 0 0 0 0 0 0 0 0
1 0.009714 0.068 0.1069 0.06476 0.03238 0.02267 0.009714 0.006476 0.003238 0 0 0 0 0 0 0 0 0 0 0
1 0.007722 0.02934 0.05097 0.0278 0.01236 0.01081 0.007722 0 0.003089 0.004633 0 0 0 0 0 0 0 0 0 0
1 0.002753 0.04956 0.07709 0.05506 0.04956 0.01927 0.01652 0 0.002753 0 0.002753 0 0 0 0 0 0 0 0 0
1 0.01052 0.05261 0.08155 0.0684 0.01841 0.002631 0.005261 0.007892 0.007892 0 0.002631 0 0 0 0 0 0.002631 0.002631 0 0
1 0.002739 0.06026 0.08765 0.06026 0.03013 0.0137 0.008217 0 0.005478 0.005478 0 0 0 0 0 0 0 0 0 0
1 0.01483 0.05934 0.1076 0.07788 0.0445 0.02225 0.007417 0.01483 0.01113 0.01113 0 0 0 0 0 0 0 0 0 0
1 0.01039 0.05888 0.08659 0.09005 0.04156 0.02771 0.01385 0.006927 0.003463 0.006927 0 0 0 0 0 0 0 0 0 0
1 0.005159 0.03354 0.07997 0.05159 0.03612 0.02064 0.005159 0.0129 0.01032 0.00258 0 0 0 0 0 0 0 0 0 0
1 0.005993 0.06293 0.0929 0.06593 0.02397 0.01498 0.01199 0.01498 0.005993 0 0 0 0 0 0 0 0 0 0 0
1 0.01933 0.09664 0.09664 0.08504 0.01933 0.02706 0.01546 0.007731 0.003866 0.01546 0 0 0 0 0 0 0 0 0 0
1 0.009988 0.03995 0.0799 0.08323 0.05327 0.03662 0.009988 0.01332 0 0.003329 0 0.003329 0 0 0 0 0 0 0 0
