Originally  
101 
A 
2	100	
1	1	NA	NA	
1	20	
1 342.4 329.7 177.5 139.5 88.76 50.72 50.72 0 25.36 12.68 25.36 0 12.68 0 0 0 0 0 0 12.68
1 215.9 388.7 129.6 230.3 144 100.8 43.19 71.98 28.79 43.19 28.79 0 0 14.4 0 0 0 0 0 0
1 232.5 155 243.6 66.43 210.4 77.5 22.14 33.22 0 11.07 11.07 22.14 11.07 11.07 0 0 0 0 0 0
1 264.9 201.3 148.3 169.5 31.79 31.79 21.19 74.17 42.38 42.38 0 10.6 0 10.6 0 0 0 0 10.6 0
1 292.5 181.6 131.1 40.35 131.1 60.52 20.17 50.44 10.09 10.09 30.26 10.09 10.09 0 10.09 10.09 0 0 10.09 0
1 285.7 142.9 76.19 85.72 76.19 76.19 57.14 38.1 9.524 19.05 28.57 9.524 28.57 0 0 9.524 9.524 0 0 0
1 197.2 139.7 123.3 98.6 65.73 32.87 82.17 32.87 16.43 8.217 8.217 16.43 0 0 0 0 0 0 0 0
1 204.6 147.3 122.8 90.02 49.1 24.55 73.65 32.73 16.37 24.55 16.37 8.183 0 0 0 0 0 0 0 8.183
1 407.6 182.3 225.2 32.18 75.08 32.18 32.18 10.73 21.45 32.18 0 10.73 0 0 0 0 10.73 0 0 0
1 313.4 257.4 111.9 100.7 111.9 55.96 22.38 44.77 33.58 22.38 0 33.58 0 0 0 0 0 0 0 11.19
1 450.5 280 194.8 109.6 60.88 36.53 36.53 12.18 24.35 0 0 0 0 0 0 12.18 0 0 0 0
1 382.8 202.7 259 78.82 90.07 56.3 22.52 11.26 0 11.26 0 0 0 0 11.26 0 0 0 0 0
1 452.1 301.4 351.7 201 117.2 50.24 33.49 83.73 16.75 16.75 16.75 0 0 0 0 16.75 0 0 16.75 0
1 400.3 173.1 194.8 119 64.92 64.92 10.82 10.82 10.82 10.82 10.82 0 0 10.82 0 0 0 0 0 0
1 475.5 326.1 258.1 54.35 108.7 67.93 40.76 0 0 13.59 0 0 13.59 0 0 0 0 0 0 0
1 699.3 341.1 238.8 102.3 51.17 119.4 17.06 51.17 17.06 17.06 17.06 0 0 17.06 0 0 0 17.06 0 0
1 448.4 238.2 252.2 140.1 112.1 70.07 56.05 14.01 28.03 28.03 0 0 0 14.01 0 0 0 0 0 0
1 246.1 170.4 198.8 104.1 75.72 37.86 9.465 37.86 18.93 18.93 18.93 0 9.465 0 0 0 0 0 0 0
1 348.9 116.3 267.5 174.5 81.41 69.78 34.89 34.89 23.26 11.63 0 0 0 0 0 0 0 0 0 0
1 371.5 238.8 291.9 172.5 79.6 53.07 53.07 26.53 13.27 0 0 0 13.27 0 0 0 0 0 13.27 0
1 450.3 290.5 188.9 174.3 116.2 101.7 29.05 14.53 43.58 29.05 0 0 0 0 0 0 0 0 0 14.53
1 313.3 352.5 274.1 104.4 104.4 26.11 52.22 13.05 39.16 13.05 13.05 0 0 0 0 0 0 0 0 0
1 411.9 329.5 313.1 181.2 115.3 98.86 98.86 16.48 0 0 16.48 32.95 0 16.48 0 0 0 0 16.48 0
1 410.4 256.5 166.7 153.9 153.9 64.13 38.48 12.83 25.65 0 0 0 0 0 0 0 0 0 0 0
1 492.5 305.7 203.8 271.7 67.93 135.9 33.96 50.95 33.96 33.96 33.96 33.96 0 0 0 0 0 0 0 0
1 522.2 391.7 212.2 146.9 81.6 114.2 0 48.96 16.32 48.96 32.64 0 16.32 0 0 0 0 0 0 0
1 396.7 281.5 153.6 140.8 63.98 89.58 51.19 63.98 25.59 0 0 12.8 0 0 0 0 0 0 0 0
1 574.4 492.4 389.8 246.2 20.52 82.06 123.1 0 41.03 0 20.52 20.52 20.52 0 0 0 20.52 0 0 0
1 280 181.2 98.84 90.6 24.71 32.95 32.95 24.71 0 16.47 8.237 8.237 0 0 8.237 0 8.237 8.237 0 0
1 603.6 447.8 214.2 311.5 77.88 77.88 97.35 38.94 0 38.94 19.47 0 0 0 19.47 0 0 0 0 0
1 422.2 307.1 140.7 102.4 63.97 89.56 38.38 12.79 38.38 25.59 25.59 0 0 0 0 0 12.79 0 0 0
1 397.9 368.5 280 117.9 73.69 58.95 29.48 14.74 44.22 0 14.74 0 14.74 14.74 14.74 14.74 0 0 0 14.74
1 437.8 340.5 162.1 162.1 243.2 113.5 48.64 32.43 0 0 32.43 16.21 0 0 16.21 16.21 0 0 0 0
1 387.1 360.4 173.5 160.2 53.39 80.08 40.04 40.04 40.04 0 0 0 0 0 0 0 0 0 0 0
1 486.6 373.1 210.9 194.6 146 81.1 16.22 32.44 16.22 48.66 16.22 0 0 0 0 0 0 0 0 0
1 421.2 306.3 153.2 153.2 89.35 38.29 63.82 12.76 12.76 12.76 0 0 0 12.76 0 0 0 0 0 0
1 617.9 235.4 161.8 161.8 103 73.56 44.13 44.13 29.42 0 0 0 0 0 0 0 0 0 0 0
1 458 384.7 238.1 256.5 91.59 164.9 91.59 54.95 18.32 54.95 18.32 0 0 0 0 0 0 0 0 0
1 414.7 348.4 265.4 199.1 149.3 49.77 116.1 49.77 33.18 0 0 0 33.18 0 0 0 0 0 0 0
1 409.6 247.9 140.1 97.02 43.12 43.12 75.46 10.78 0 0 0 10.78 0 0 0 0 0 0 0 0
1 542.7 250.5 139.2 153.1 125.2 27.83 41.75 69.58 0 0 13.92 13.92 13.92 0 0 0 0 0 0 0
1 462.9 247.6 107.6 75.35 32.29 43.06 21.53 43.06 0 21.53 10.76 10.76 0 0 0 0 0 0 0 0
1 392.3 272.4 207 87.17 32.69 54.48 10.9 10.9 10.9 0 10.9 0 0 0 0 0 0 0 0 0
1 518.1 340.5 355.3 103.6 44.41 14.8 59.22 14.8 29.61 0 0 0 0 0 0 0 0 0 0 0
1 520.3 378.4 346.9 126.1 63.07 47.3 47.3 15.77 15.77 15.77 0 0 0 0 0 0 0 0 0 0
1 555.8 476.4 416.9 277.9 119.1 79.4 0 59.55 0 0 0 0 0 0 0 0 0 0 0 0
1 551.1 393.7 362.2 110.2 94.48 31.49 15.75 0 0 0 15.75 0 0 0 0 0 0 0 0 0
1 753.2 521.5 270.4 193.1 38.63 57.94 19.31 38.63 19.31 0 19.31 0 0 0 0 0 0 0 0 0
1 734.8 536.2 317.7 178.7 99.3 39.72 59.58 0 19.86 0 0 0 0 0 0 0 0 0 0 0
1 489.1 448.4 217.4 67.93 13.59 27.17 54.35 27.17 0 13.59 0 0 0 0 0 0 0 0 0 0
1 443.9 292 140.2 151.8 46.72 35.04 11.68 35.04 11.68 0 0 0 0 0 0 0 0 0 0 0
1 446.3 255 242.3 102 102 63.75 38.25 12.75 12.75 0 0 0 0 0 0 0 0 0 0 0
1 701 324.9 205.2 239.4 102.6 85.49 17.1 17.1 17.1 0 0 0 0 0 0 0 0 0 0 0
1 494.7 289.6 181 132.7 48.26 36.2 12.07 12.07 0 0 0 0 0 0 0 0 0 0 0 0
1 686.8 383.3 255.6 95.83 47.92 95.83 15.97 0 15.97 0 0 0 0 0 0 0 0 0 0 0
1 504.3 536.8 227.7 195.2 48.8 48.8 48.8 0 16.27 0 0 0 0 0 0 0 0 0 0 0
1 387.1 359.4 193.5 138.2 165.9 69.12 13.82 13.82 27.65 13.82 0 0 0 0 0 0 0 0 0 0
1 319 306.8 319 122.7 49.08 36.81 49.08 0 0 12.27 12.27 0 0 0 0 0 0 0 0 0
1 451.6 220.3 286.4 66.09 22.03 33.05 22.03 0 0 0 0 0 0 0 0 0 0 0 0 0
1 342.5 161.7 190.3 142.7 47.57 38.06 9.514 9.514 0 9.514 0 0 0 0 0 0 0 0 0 0
1 488.6 296.1 340.5 148.1 59.22 118.4 29.61 0 0 0 0 0 0 0 0 0 0 0 0 0
1 330.6 296.4 228 136.8 68.39 34.2 22.8 11.4 11.4 0 0 0 0 0 0 0 0 0 0 0
1 339.3 205.4 178.6 80.36 26.79 8.929 17.86 0 26.79 0 8.929 0 0 0 0 0 0 0 0 0
1 668.1 428.3 274.1 119.9 34.26 119.9 51.39 0 17.13 0 0 0 0 0 0 0 0 0 0 0
1 349.5 289.6 149.8 99.87 59.92 9.987 29.96 9.987 0 0 0 0 0 0 0 0 0 0 0 0
1 308.5 246.8 141 88.14 52.88 17.63 8.814 17.63 0 0 0 0 0 0 0 0 0 0 0 0
1 437.8 195.9 207.4 115.2 80.65 46.09 46.09 0 0 11.52 0 11.52 0 0 0 0 0 0 0 0
1 295.4 228.7 181 152.5 19.06 28.59 47.64 0 0 0 0 0 0 0 0 0 0 0 0 0
1 342.2 321.5 93.34 103.7 93.34 41.48 41.48 0 0 0 0 0 0 0 0 0 0 0 0 0
1 241.4 212.2 146.3 58.53 51.21 21.95 0 0 0 0 0 0 0 0 0 0 0 0 0 0
1 413.1 334.9 145.1 111.6 66.98 44.65 0 0 0 0 0 0 0 0 0 0 0 0 0 0
1 209 238.8 119.4 67.17 44.78 22.39 14.93 0 0 0 7.463 7.463 7.463 0 0 7.463 0 0 0 0
1 310.2 162.8 108.6 62.03 85.29 23.26 15.51 7.754 0 0 0 0 0 0 0 0 0 0 0 0
1 373.8 242.5 181.9 70.72 30.31 30.31 30.31 40.41 0 10.1 0 0 0 0 0 0 0 0 0 0
1 204.5 192.5 84.22 72.19 24.06 12.03 12.03 0 0 0 0 0 0 0 0 0 0 0 0 0
1 257.9 248.7 184.2 101.3 18.42 46.05 36.84 9.211 18.42 0 0 0 0 0 0 0 0 0 0 0
1 205.5 149.5 105.9 74.74 37.37 37.37 0 6.228 6.228 0 0 0 0 0 0 0 0 0 0 0
1 262.1 124.5 104.8 58.97 45.87 26.21 6.552 13.1 0 6.552 0 6.552 0 0 0 0 0 0 0 0
1 251.6 132.1 75.49 62.91 44.04 37.75 18.87 6.291 0 0 0 0 0 0 0 0 0 0 0 0
1 313.6 168.9 176.9 40.21 48.25 40.21 8.042 8.042 0 0 0 0 0 0 0 0 0 0 0 0
1 260.7 207 115 76.67 30.67 53.67 0 15.33 7.667 0 0 0 0 0 0 0 0 0 0 0
1 230 135.3 115 108.2 60.87 20.29 0 6.764 0 0 0 0 0 0 0 0 0 0 0 0
1 283.3 191.2 99.16 63.74 28.33 14.17 7.083 7.083 7.083 7.083 0 0 0 0 0 0 0 0 0 0
1 242.7 144.5 34.68 80.91 28.9 17.34 23.12 0 0 0 5.78 0 0 0 0 0 0 0 0 0
1 141.4 90.64 47.13 43.51 29 0 0 3.626 7.251 0 0 0 0 0 0 0 0 0 0 0
1 196.1 134.2 61.93 46.45 20.64 25.8 20.64 5.161 0 0 5.161 0 0 0 0 0 0 0 0 0
1 181.8 220.8 168.8 38.96 6.493 19.48 0 12.99 0 0 0 0 0 0 0 0 0 0 0 0
1 168.4 162.6 104.5 52.27 58.08 11.62 17.42 5.808 0 0 0 0 0 0 0 0 0 0 0 0
1 200.6 144.9 105.9 55.73 27.87 5.573 5.573 5.573 5.573 0 0 0 0 0 0 0 0 0 0 0
1 243.2 152 109.5 48.65 18.24 18.24 6.081 0 12.16 0 0 0 0 0 0 0 0 0 0 0
1 207.9 144.4 69.3 57.75 46.2 5.775 17.32 28.87 0 0 0 0 0 0 0 0 0 0 0 0
1 133.8 143.3 66.89 86 28.67 0 9.555 0 4.778 4.778 0 0 0 0 0 0 0 0 0 0
1 195.4 103.8 116 91.59 67.17 12.21 18.32 0 0 0 0 6.106 0 0 0 0 0 0 0 0
1 129.2 133.8 96.89 41.52 13.84 27.68 9.228 4.614 0 0 0 0 4.614 0 0 0 0 0 0 0
1 216.1 116.3 66.48 88.64 38.78 22.16 5.54 0 0 0 0 0 0 0 0 0 0 0 0 0
1 160.7 113.4 89.79 61.44 28.35 14.18 4.726 0 0 0 0 0 0 0 0 0 0 0 0 0
1 160.1 104.1 80.05 24.02 12.01 4.003 12.01 4.003 0 0 0 0 0 0 0 0 0 0 0 0
1 217.3 98.76 79 34.56 29.63 19.75 0 0 0 9.876 0 4.938 0 0 0 0 0 0 0 0
1 201.6 137.9 58.35 58.35 21.22 26.52 15.91 5.304 5.304 0 0 0 0 0 0 0 0 0 0 0
