Originally  
101 
A 
42	100	
1	1	NA	NA	
1	20	
1 0.162 0.432 0.648 0.36 0.108 0 0.018 0.036 0.018 0 0 0 0.018 0 0 0 0 0 0 0
1 0.03702 0.6109 0.3887 0.4072 0.1851 0.09255 0.05553 0 0 0.01851 0.01851 0 0.01851 0.01851 0 0 0 0 0 0
1 0.05115 0.2557 0.7843 0.2387 0.2046 0.1193 0.01705 0 0.01705 0 0 0.01705 0 0 0 0 0 0 0 0
1 0.04577 0.1831 0.7323 0.7781 0.2517 0.1373 0.04577 0.02288 0.02288 0 0 0.06865 0 0 0 0 0 0 0 0
1 0.01072 0.06434 0.2359 0.2788 0.3217 0.07506 0.04289 0.02145 0.02145 0 0 0 0 0 0 0 0 0 0 0
1 0 0.2265 0.4078 0.2718 0.2718 0.1812 0.06041 0.04531 0.0151 0 0 0 0 0.0151 0 0 0 0 0 0.0151
1 0.01934 0.1257 0.2902 0.1838 0.08705 0.1257 0.1257 0 0 0 0 0 0.009672 0 0 0 0 0 0 0
1 0.007256 0.1379 0.1379 0.1596 0.08707 0.02177 0.07981 0.07256 0 0.01451 0 0.007256 0 0 0 0 0 0 0 0
1 0.04688 0.2032 0.1328 0.1406 0.1016 0.007813 0.03125 0.05469 0.03907 0 0.007813 0.01563 0 0 0 0 0 0 0 0
1 0.02406 0.3249 0.5053 0.08422 0.1083 0.06016 0.0361 0.01203 0 0.0361 0 0 0 0.01203 0 0 0 0 0 0
1 0.06632 0.1658 0.3979 0.2653 0.05526 0.04421 0.08842 0 0.01105 0 0 0 0.01105 0 0 0 0 0 0 0
1 0.04141 0.1553 0.3727 0.2484 0.1035 0.04141 0.0207 0.0207 0.0207 0 0.01035 0 0 0 0 0 0 0 0 0
1 0.05952 0.4167 0.3274 0.2976 0.2232 0.119 0 0 0.02976 0 0.01488 0 0 0 0 0 0 0 0 0
1 0.01632 0.08159 0.3427 0.1469 0.1469 0.05711 0.008159 0 0 0 0 0.008159 0 0.008159 0 0 0 0 0 0
1 0.01625 0.04875 0.1869 0.2519 0.09749 0.09749 0.09749 0.01625 0 0 0 0 0 0 0 0 0 0 0 0
1 0.06363 0.06363 0.1034 0.175 0.175 0.07158 0.08749 0.03977 0.007954 0 0 0 0.007954 0 0 0 0 0 0 0
1 0.02758 0.1765 0.1158 0.05515 0.06618 0.08273 0.01103 0.005515 0.01103 0 0 0 0 0 0 0 0 0 0 0
1 0.007548 0.07548 0.1661 0.03774 0.01887 0.03019 0.02642 0.003774 0 0.007548 0.003774 0 0 0 0 0 0 0 0 0
1 0.01779 0.09786 0.2313 0.3381 0.07117 0.03559 0.04448 0.03559 0.008896 0 0 0.008896 0 0 0 0 0 0 0 0
1 0.005858 0.1464 0.1289 0.08201 0.1523 0.02343 0.01172 0.005858 0.01757 0 0 0.005858 0.005858 0 0 0 0 0 0 0
1 0.0101 0.04543 0.2423 0.09591 0.03029 0.03534 0.0101 0.005048 0.0101 0.01514 0.005048 0 0 0 0 0 0 0 0 0
1 0.02723 0.04991 0.07714 0.2133 0.04538 0.01815 0.01361 0 0.004538 0 0 0 0 0.004538 0 0 0 0 0 0
1 0.01836 0.1882 0.05049 0.06886 0.06886 0.02295 0.01377 0.01836 0.00459 0 0.00459 0 0 0 0 0 0 0 0 0
1 0 0.07348 0.2204 0.01225 0.02857 0.0449 0.004082 0.008164 0.01225 0.004082 0 0 0 0 0 0 0 0 0 0
1 0.01366 0.0501 0.1275 0.1594 0.01366 0.02277 0.03644 0.01366 0.01366 0.004555 0 0 0 0 0 0 0 0 0 0
1 0.01397 0.09314 0.09314 0.135 0.1164 0.004657 0 0.009314 0 0 0 0 0 0 0 0 0 0 0 0
1 0.0105 0.0168 0.0819 0.0189 0.0357 0.0273 0.0021 0 0.0084 0.0042 0.0042 0 0 0 0 0 0 0 0 0
1 0.01912 0.06884 0.1415 0.07649 0.02295 0.0306 0.0153 0.003825 0.003825 0 0 0 0 0 0 0 0 0 0 0
1 0.01953 0.03068 0.1032 0.04184 0.03626 0.008368 0.02789 0.008368 0 0 0.002789 0 0 0 0 0 0 0 0 0
1 0.02113 0.04226 0.06867 0.05811 0.0317 0.01585 0.002641 0.01057 0.007924 0 0 0.002641 0 0.002641 0 0 0 0 0 0
1 0 0.1146 0.09101 0.07079 0.01685 0.02697 0.01011 0 0 0.006742 0 0 0 0 0 0 0 0 0 0
1 0.006146 0.04916 0.1536 0.03995 0.03073 0.003073 0.01229 0.003073 0 0.006146 0 0.003073 0 0 0 0 0 0 0 0
1 0 0.08417 0.0808 0.1044 0.03367 0.0101 0.01683 0 0.003367 0 0 0 0 0 0 0.003367 0 0 0 0
1 0.01411 0.01764 0.1129 0.07762 0.0882 0.02117 0.007056 0.007056 0 0 0.003528 0 0 0 0 0.003528 0 0 0 0
1 0.01158 0.03087 0.03473 0.05789 0.01737 0.02315 0.007718 0.007718 0.00193 0 0 0 0 0 0 0 0 0 0 0
1 0.01471 0.07111 0.08582 0.02697 0.01471 0.004904 0.01226 0.007356 0 0.007356 0 0 0 0 0 0 0 0 0 0
1 0.005087 0.06613 0.08902 0.04578 0.002543 0.03561 0.005087 0.005087 0 0 0 0 0 0 0 0 0 0 0 0
1 0.009525 0.01905 0.1333 0.07302 0.0381 0.009525 0.0127 0.009525 0.009525 0 0.003175 0 0 0 0 0 0 0 0 0
1 0.01188 0.05226 0.03801 0.07127 0.02851 0.02138 0.002376 0.004751 0 0.004751 0 0.002376 0 0 0 0 0 0 0 0
1 0.01233 0.05674 0.08634 0.01974 0.0296 0.02467 0.01233 0.002467 0 0 0 0 0.002467 0 0 0 0 0 0 0
1 0 0.05367 0.1174 0.06374 0.02684 0.03355 0.01677 0.01006 0 0.003355 0.006709 0 0 0.003355 0 0 0 0 0 0
1 0.00994 0.01988 0.05467 0.1019 0.02982 0.00497 0.00994 0.01491 0 0 0 0.002485 0 0 0 0 0 0 0 0
1 0.009454 0.03593 0.02269 0.04349 0.03215 0.03025 0.001891 0.003782 0.007564 0.001891 0 0 0 0 0 0 0 0 0 0
1 0.001684 0.04211 0.06401 0.008422 0.01684 0.0219 0.008422 0.001684 0.001684 0.001684 0 0 0 0 0 0 0 0 0 0
1 0.008614 0.01148 0.05312 0.03445 0.001436 0.01579 0.01005 0.005742 0 0.001436 0 0.001436 0 0 0 0 0 0 0 0
1 0.01278 0.04474 0.03409 0.05965 0.03196 0 0.01917 0.006391 0 0.00213 0.00213 0 0 0 0 0 0 0 0 0
1 0.003594 0.04672 0.04313 0.02156 0.03953 0.01078 0.001797 0.005391 0.001797 0.003594 0 0 0.001797 0 0 0 0 0 0 0
1 0.004603 0.01381 0.07365 0.02302 0.007672 0.01381 0.009206 0 0.001534 0.006138 0 0 0 0 0 0 0 0 0 0
1 0.002874 0.03018 0.02874 0.04024 0.0115 0.01293 0.007186 0.005749 0.001437 0.001437 0 0.001437 0 0 0 0 0 0 0 0
1 0.003422 0.008555 0.02053 0.01027 0.02652 0.008555 0.002567 0.003422 0.0008555 0.0008555 0 0 0 0 0 0 0 0 0 0
1 0.006196 0.03594 0.01859 0.02974 0.009913 0.01115 0.004957 0.003718 0 0 0 0.002478 0 0 0 0 0 0.001239 0 0
1 0 0.03342 0.06405 0.0181 0.008354 0.004177 0.004177 0.002785 0 0.002785 0.001392 0 0 0 0 0 0 0 0 0
1 0.004577 0.009153 0.05797 0.05187 0.01526 0.006102 0.001526 0 0 0 0.003051 0.001526 0 0 0 0.001526 0 0 0 0
1 0 0.008544 0.02136 0.02136 0.02307 0.005127 0.002563 0.002563 0.0008544 0 0 0 0 0 0 0 0 0 0 0
1 0.004907 0.01276 0.02453 0.01668 0.02061 0.008832 0.002944 0.001963 0.0009814 0.002944 0 0.0009814 0 0 0 0 0 0 0 0
1 0.003886 0.0161 0.009437 0.006106 0.003886 0.007772 0.004441 0.00111 0.00111 0.0005551 0.0005551 0.0005551 0 0 0 0 0 0 0 0
1 0.0009708 0.01068 0.01796 0.005825 0.002912 0.002427 0.004368 0.001456 0.001456 0 0 0.0004854 0 0 0 0 0 0 0 0
1 0.004551 0.02276 0.04324 0.02503 0.004551 0.002276 0.009102 0.001138 0.001138 0 0 0 0 0 0 0 0 0 0 0
1 0.002395 0.01756 0.02076 0.02076 0.008781 0.003991 0.0007983 0.001597 0.001597 0.001597 0 0 0 0 0 0 0 0 0 0
