 landings-at-age - landings.n (units : NA )
1	2	
42	100	
1	20	
1 
3.245 17.04 49.48 38.21 16.11 5.352 4.829 1.247 9.94 3.328 0.71 1.455 1.562 0.5554 0.8107 0.2884 0.4423 0.1154 0.06494 0.2312
2.219 39.62 46.76 36.36 23.1 9.742 3.236 2.92 0.7539 6.011 2.012 0.4294 0.8796 0.9448 0.3358 0.4902 0.1744 0.2674 0.06976 0.179
1.083 21.92 88.35 27.68 17.67 11.22 4.733 1.572 1.419 0.3663 2.92 0.9776 0.2086 0.4273 0.459 0.1632 0.2382 0.08472 0.1299 0.1209
0.7359 11.56 53.1 57.37 14.79 9.437 5.997 2.528 0.8399 0.7579 0.1957 1.56 0.5223 0.1114 0.2283 0.2452 0.08716 0.1272 0.04526 0.134
1.025 8.359 29.73 36.65 32.59 8.4 5.361 3.407 1.436 0.4771 0.4306 0.1112 0.8863 0.2967 0.0633 0.1297 0.1393 0.04952 0.07228 0.1018
0.6649 11.17 20.59 19.6 19.87 17.67 4.554 2.907 1.847 0.7787 0.2587 0.2334 0.06027 0.4805 0.1609 0.03432 0.07031 0.07552 0.02685 0.0944
0.5672 7.572 28.67 14.14 11.07 11.22 9.981 2.573 1.642 1.043 0.4399 0.1461 0.1319 0.03404 0.2714 0.09086 0.01939 0.03972 0.04266 0.06848
1.173 5.644 17.08 17.27 6.999 5.478 5.554 4.939 1.273 0.8125 0.5163 0.2177 0.07231 0.06525 0.01685 0.1343 0.04496 0.009594 0.01965 0.055
1.281 14.71 15.92 12.94 10.77 4.365 3.417 3.464 3.081 0.794 0.5067 0.322 0.1358 0.0451 0.0407 0.01051 0.08377 0.02804 0.005983 0.04656
1.12 13.37 34.53 9.919 6.617 5.507 2.232 1.747 1.771 1.575 0.406 0.2591 0.1646 0.06942 0.02306 0.02081 0.005372 0.04283 0.01434 0.02687
0.8521 12.63 33.9 23.32 5.503 3.671 3.055 1.238 0.9693 0.9827 0.8739 0.2252 0.1438 0.09134 0.03851 0.01279 0.01155 0.002981 0.02376 0.02286
1.181 8.872 29.63 21.13 11.93 2.816 1.879 1.564 0.6337 0.496 0.5029 0.4472 0.1153 0.07357 0.04675 0.01971 0.006548 0.005909 0.001525 0.02386
0.6982 12.47 21.18 18.9 11.08 6.255 1.476 0.9848 0.8196 0.3322 0.26 0.2636 0.2345 0.06043 0.03857 0.02451 0.01033 0.003432 0.003097 0.01331
0.2605 7.86 31.7 14.42 10.59 6.204 3.503 0.8269 0.5516 0.4591 0.1861 0.1456 0.1476 0.1313 0.03384 0.0216 0.01372 0.005787 0.001922 0.009189
0.414 2.912 19.79 21.32 7.972 5.851 3.429 1.936 0.4571 0.3049 0.2537 0.1028 0.0805 0.08161 0.07258 0.01871 0.01194 0.007586 0.003199 0.006141
0.8852 4.195 6.68 12.11 10.72 4.009 2.942 1.724 0.9736 0.2298 0.1533 0.1276 0.05171 0.04048 0.04103 0.03649 0.009406 0.006003 0.003814 0.004696
0.6279 10.89 11.61 4.954 7.394 6.542 2.447 1.796 1.052 0.5943 0.1403 0.09357 0.07788 0.03156 0.02471 0.02505 0.02228 0.005741 0.003664 0.005195
0.4598 6.283 24.59 6.957 2.437 3.637 3.218 1.204 0.8833 0.5177 0.2923 0.069 0.04603 0.03831 0.01553 0.01215 0.01232 0.01096 0.002824 0.004358
0.8306 4.959 15.34 16.08 3.741 1.31 1.955 1.73 0.6471 0.4749 0.2783 0.1572 0.0371 0.02474 0.02059 0.008347 0.006534 0.006624 0.005891 0.003861
0.2983 10.03 13.46 11.14 9.607 2.235 0.7829 1.169 1.034 0.3867 0.2838 0.1663 0.09392 0.02217 0.01479 0.01231 0.004988 0.003904 0.003958 0.005828
0.1631 3.228 24.34 8.658 5.882 5.071 1.18 0.4133 0.6169 0.5458 0.2041 0.1498 0.0878 0.04958 0.0117 0.007806 0.006497 0.002633 0.002061 0.005166
0.7906 1.803 7.996 15.99 4.671 3.173 2.736 0.6366 0.223 0.3328 0.2945 0.1101 0.08082 0.04737 0.02675 0.006314 0.004211 0.003505 0.001421 0.003899
0.4435 7.826 4.027 4.74 7.78 2.272 1.544 1.331 0.3097 0.1085 0.1619 0.1432 0.05357 0.03932 0.02304 0.01301 0.003071 0.002049 0.001705 0.002588
0.241 4.988 19.88 2.738 2.651 4.352 1.271 0.8633 0.7444 0.1732 0.06067 0.09054 0.08011 0.02996 0.02199 0.01289 0.007277 0.001718 0.001146 0.002401
0.3018 2.61 12.2 12.98 1.47 1.423 2.336 0.6821 0.4634 0.3995 0.09296 0.03256 0.0486 0.043 0.01608 0.0118 0.006917 0.003906 0.000922 0.001904
0.2491 3.332 6.502 8.119 7.103 0.8044 0.7788 1.278 0.3733 0.2536 0.2187 0.05088 0.01782 0.0266 0.02353 0.008801 0.006459 0.003786 0.002138 0.001547
0.2689 2.559 7.756 4.045 4.152 3.633 0.4114 0.3983 0.6537 0.1909 0.1297 0.1118 0.02602 0.009114 0.0136 0.01204 0.004501 0.003303 0.001936 0.001884
0.2893 3.297 7.061 5.741 2.465 2.53 2.213 0.2506 0.2427 0.3983 0.1163 0.07903 0.06814 0.01585 0.005553 0.008288 0.007333 0.002743 0.002013 0.002328
0.3182 2.989 7.675 4.367 2.914 1.251 1.284 1.124 0.1273 0.1232 0.2022 0.05906 0.04012 0.03459 0.008049 0.002819 0.004208 0.003723 0.001392 0.002204
0.5319 3.23 6.883 4.726 2.21 1.475 0.6334 0.6501 0.5688 0.06441 0.06236 0.1024 0.02989 0.02031 0.01751 0.004074 0.001427 0.00213 0.001885 0.00182
0.2435 6.238 8.566 4.908 2.775 1.298 0.8662 0.3719 0.3817 0.334 0.03782 0.03662 0.0601 0.01755 0.01192 0.01028 0.002392 0.0008379 0.001251 0.002175
0.3655 2.632 15.24 5.592 2.634 1.489 0.6965 0.4649 0.1996 0.2049 0.1792 0.0203 0.01965 0.03226 0.00942 0.006399 0.005518 0.001284 0.0004497 0.001839
0.1505 4.198 6.807 10.53 3.178 1.497 0.8463 0.3958 0.2642 0.1134 0.1164 0.1019 0.01154 0.01117 0.01833 0.005353 0.003637 0.003136 0.0007296 0.0013
0.3471 1.574 9.904 4.276 5.433 1.64 0.7725 0.4367 0.2042 0.1363 0.05853 0.06007 0.05256 0.005952 0.005763 0.009458 0.002762 0.001877 0.001618 0.001048
0.4074 3.612 3.713 6.251 2.219 2.819 0.8508 0.4008 0.2266 0.106 0.07073 0.03037 0.03117 0.02727 0.003088 0.00299 0.004908 0.001433 0.0009737 0.001383
0.3751 4.55 9.141 2.524 3.497 1.241 1.577 0.4761 0.2243 0.1268 0.0593 0.03958 0.01699 0.01744 0.01526 0.001728 0.001673 0.002746 0.000802 0.001319
0.1468 4.479 12.22 6.574 1.493 2.069 0.7346 0.9334 0.2817 0.1327 0.07502 0.03509 0.02342 0.01005 0.01032 0.009029 0.001022 0.0009899 0.001625 0.001255
0.2689 1.469 10.12 7.346 3.244 0.737 1.021 0.3625 0.4606 0.139 0.06549 0.03702 0.01732 0.01156 0.004962 0.005093 0.004456 0.0005046 0.0004886 0.001421
0.3342 3.06 3.774 6.969 4.161 1.838 0.4175 0.5785 0.2053 0.2609 0.07874 0.03709 0.02097 0.009808 0.006546 0.002811 0.002885 0.002524 0.0002858 0.001082
0.2034 3.894 8.002 2.632 3.994 2.385 1.053 0.2393 0.3315 0.1177 0.1495 0.04513 0.02126 0.01202 0.005621 0.003752 0.001611 0.001653 0.001447 0.0007838
0.06115 2.003 8.659 4.724 1.275 1.935 1.155 0.5102 0.1159 0.1606 0.05701 0.07244 0.02186 0.0103 0.005822 0.002723 0.001817 0.0007803 0.0008009 0.00108
0.2053 0.6913 5.114 5.924 2.659 0.7175 1.089 0.6502 0.2871 0.06523 0.09039 0.03208 0.04077 0.0123 0.005796 0.003277 0.001533 0.001023 0.0004392 0.001059
0.2225 2.203 1.676 3.313 3.155 1.416 0.3821 0.58 0.3463 0.1529 0.03474 0.04814 0.01709 0.02171 0.006553 0.003087 0.001745 0.0008162 0.0005447 0.0007978
0.1178 2.49 5.564 1.133 1.841 1.753 0.7869 0.2124 0.3223 0.1924 0.08499 0.01931 0.02675 0.009496 0.01207 0.003642 0.001715 0.0009698 0.0004536 0.0007461
0.1385 1.205 5.776 3.449 0.577 0.9381 0.8932 0.4009 0.1082 0.1642 0.09804 0.04329 0.009836 0.01363 0.004838 0.006147 0.001855 0.0008739 0.0004941 0.0006112
0.2203 1.556 3.069 3.952 1.943 0.3251 0.5284 0.5031 0.2258 0.06094 0.0925 0.05523 0.02439 0.005541 0.007677 0.002725 0.003463 0.001045 0.0004923 0.0006226
0.07448 2.553 4.067 2.148 2.275 1.119 0.1871 0.3042 0.2897 0.13 0.03508 0.05325 0.03179 0.01404 0.00319 0.00442 0.001569 0.001994 0.0006017 0.0006419
0.1152 0.829 6.388 2.709 1.175 1.245 0.6121 0.1024 0.1665 0.1585 0.07114 0.0192 0.02914 0.0174 0.007683 0.001746 0.002419 0.0008585 0.001091 0.0006805
0.07945 1.271 2.052 4.202 1.463 0.6349 0.6726 0.3306 0.05532 0.08993 0.08563 0.03843 0.01037 0.01574 0.009398 0.004151 0.0009429 0.001307 0.0004638 0.0009569
0.1765 0.7761 2.808 1.206 2.028 0.706 0.3063 0.3245 0.1595 0.02669 0.04339 0.04131 0.01854 0.005004 0.007595 0.004535 0.002003 0.000455 0.0006304 0.0006855
0.1367 2.168 2.145 2.081 0.7357 1.237 0.4306 0.1868 0.1979 0.0973 0.01628 0.02647 0.0252 0.01131 0.003052 0.004633 0.002766 0.001221 0.0002775 0.0008026
0.06669 1.45 5.169 1.357 1.081 0.3822 0.6424 0.2237 0.09706 0.1028 0.05055 0.008457 0.01375 0.01309 0.005875 0.001585 0.002406 0.001437 0.0006345 0.0005611
0.0502 0.739 3.609 3.424 0.7384 0.588 0.2079 0.3495 0.1217 0.05281 0.05595 0.0275 0.004601 0.00748 0.007122 0.003196 0.0008626 0.001309 0.0007817 0.0006505
0.03642 0.5053 1.681 2.184 1.701 0.3669 0.2922 0.1033 0.1736 0.06046 0.02624 0.0278 0.01366 0.002286 0.003716 0.003538 0.001588 0.0004286 0.0006505 0.0007116
0.08219 0.3951 1.242 1.107 1.184 0.9223 0.1989 0.1584 0.05601 0.09415 0.03278 0.01422 0.01507 0.007408 0.001239 0.002015 0.001918 0.000861 0.0002324 0.0007385
0.1041 0.9453 1.026 0.8645 0.6345 0.6783 0.5283 0.1139 0.09074 0.03209 0.05393 0.01878 0.008149 0.008633 0.004244 0.00071 0.001154 0.001099 0.0004933 0.0005562
0.06568 1.169 2.389 0.6915 0.4789 0.3514 0.3758 0.2927 0.06312 0.05027 0.01777 0.02988 0.0104 0.004514 0.004782 0.002351 0.0003933 0.0006394 0.0006088 0.0005813
0.0691 0.6781 2.724 1.483 0.3525 0.2442 0.1792 0.1916 0.1492 0.03218 0.02563 0.009062 0.01523 0.005304 0.002301 0.002438 0.001199 0.0002005 0.000326 0.0006068
0.05498 0.8234 1.815 1.949 0.8724 0.2074 0.1437 0.1054 0.1127 0.08779 0.01893 0.01508 0.005332 0.008962 0.003121 0.001354 0.001435 0.0007051 0.000118 0.0005488
