Originally  
101 
A 
42	100	
1	1	NA	NA	
1	20	
1 0.07716 0.3086 0.6687 0.3858 0.5144 0.1543 0.2057 0.02572 0.05144 0 0.05144 0.1029 0.02572 0 0 0 0 0 0 0
1 0.02061 0.4534 0.3916 0.4328 0.1443 0.2885 0.103 0.103 0.04122 0.04122 0.04122 0 0 0 0 0 0 0 0 0
1 0.06955 0.3478 0.6028 0.4869 0.1623 0.1391 0.1623 0.1855 0.1159 0.02318 0 0.02318 0 0 0 0 0 0 0 0
1 0 0.2533 0.7368 0.3454 0.3454 0.1842 0.0921 0.0921 0.06907 0.1381 0.02302 0 0 0 0 0 0.02302 0 0 0
1 0.02299 0.09196 0.5288 0.5518 0.2529 0.1379 0.2759 0.1379 0.06897 0.06897 0.04598 0.06897 0 0 0.04598 0 0 0 0 0
1 0.09834 0.177 0.2164 0.3934 0.413 0.118 0.1573 0.09834 0.03934 0.09834 0.07867 0.01967 0.01967 0.03934 0 0 0 0 0 0
1 0 0.2717 0.2038 0.1087 0.2445 0.1494 0.1494 0.08151 0.06793 0.01359 0.02717 0.02717 0 0 0 0 0.01359 0 0 0
1 0 0.1603 0.8815 0.1402 0.1603 0.2003 0.2404 0.0601 0.02003 0.08014 0 0.04007 0.02003 0 0 0 0 0 0 0
1 0.06776 0.1694 0.3388 0.5591 0.1016 0.1016 0.08471 0.1016 0.01694 0.03388 0.06776 0.01694 0 0 0 0 0.01694 0.01694 0 0
1 0 0.1933 0.4349 0.1611 0.3544 0.145 0.08054 0.08054 0.06444 0.03222 0.01611 0 0.01611 0 0.03222 0 0 0 0 0
1 0.06048 0.1512 0.4082 0.3024 0.1512 0.1966 0.04536 0.03024 0.04536 0.06048 0.04536 0 0 0.01512 0 0 0 0 0 0
1 0.01132 0.1246 0.1812 0.2605 0.1925 0.1132 0.1246 0.02265 0.01132 0.01132 0.03397 0.01132 0 0.02265 0 0 0.01132 0 0 0
1 0.02889 0.1541 0.2022 0.2022 0.1252 0.06741 0.02889 0.08668 0.02889 0 0.01926 0 0 0 0 0.009631 0 0 0 0.009631
1 0.09094 0.3031 0.5002 0.1213 0.1364 0.06063 0.07579 0.01516 0.197 0 0 0.01516 0 0 0 0 0 0 0 0
1 0.0545 0.1962 0.3815 0.2289 0.0763 0.0545 0.0545 0.0218 0 0.0109 0 0 0.0109 0 0 0 0 0 0 0
1 0 0.2093 0.2339 0.3816 0.1846 0.03693 0.08617 0.01231 0.02462 0 0.03693 0.01231 0 0 0.01231 0 0 0 0 0
1 0.02448 0.09792 0.5508 0.1836 0.1469 0.1224 0.02448 0.01224 0.01224 0.02448 0.01224 0.01224 0 0 0 0 0 0 0 0
1 0.03482 0.1393 0.3018 0.3598 0.1045 0.1045 0.04643 0.04643 0 0.01161 0 0 0 0 0 0 0 0.01161 0 0
1 0.02495 0.1996 0.4366 0.1746 0.1871 0.06237 0.06237 0.03742 0.01247 0.02495 0.01247 0 0 0 0.01247 0 0 0 0 0
1 0.01703 0.2214 0.1873 0.1873 0.07662 0.1022 0.03405 0.008514 0.01703 0 0 0 0 0 0 0 0 0 0 0
1 0.007862 0.1966 0.2437 0.1494 0.0629 0.05504 0.04717 0.01572 0 0 0.007862 0 0 0 0 0 0 0 0 0
1 0.009634 0.1349 0.3468 0.2216 0.07708 0.08671 0.009634 0.04817 0.009634 0 0 0 0.009634 0 0 0 0.009634 0 0 0
1 0.02823 0.1553 0.2047 0.1623 0.0988 0.02117 0.007057 0.01411 0.007057 0 0.007057 0 0 0 0 0 0 0 0 0
1 0.01528 0.1986 0.2216 0.1146 0.08404 0.06112 0.0382 0.00764 0.00764 0.00764 0.00764 0 0 0 0 0 0 0 0 0
1 0.01431 0.08585 0.3577 0.1431 0.04293 0.04293 0 0.02146 0 0 0 0.007155 0 0 0 0 0 0 0 0
1 0.03109 0.1321 0.2487 0.2021 0.09327 0.01554 0.03109 0.02332 0 0 0 0 0 0 0 0 0 0 0 0
1 0.01841 0.2945 0.2301 0.1104 0.1289 0.06443 0.01841 0.01841 0.01841 0 0 0 0.01841 0 0 0 0 0 0 0
1 0.04512 0.1692 0.4173 0.2143 0.07895 0.09023 0.04512 0.02256 0.03384 0 0 0 0 0 0 0.01128 0 0 0 0
1 0.05167 0.0976 0.1263 0.1722 0.06315 0.0287 0.005741 0.01722 0.005741 0 0.005741 0 0 0 0 0 0 0 0 0
1 0.03238 0.1814 0.1943 0.09715 0.07772 0.03886 0.01943 0.006477 0 0 0 0 0 0 0 0 0 0 0 0
1 0.04128 0.1582 0.2064 0.1582 0.06192 0.05504 0 0 0 0 0 0.00688 0 0 0 0 0 0 0 0
1 0.009547 0.2673 0.2673 0.1814 0.09547 0.05728 0.02864 0.01909 0.009547 0.01909 0 0 0 0 0 0 0 0 0 0
1 0.07505 0.2402 0.6304 0.2552 0.1951 0.06004 0 0.03002 0.01501 0 0 0 0 0 0 0 0 0 0 0
1 0.04307 0.2498 0.1723 0.267 0.05169 0.05169 0.01723 0 0.008614 0 0 0 0 0 0 0 0 0 0 0
1 0.03839 0.2559 0.5631 0.1536 0.1024 0.05119 0.07678 0.0128 0.02559 0 0 0 0 0 0 0 0 0 0 0
1 0.03336 0.2558 0.3447 0.2669 0.07784 0.03336 0.08896 0.01112 0 0 0 0 0 0 0 0 0 0 0 0
1 0.02436 0.1137 0.2273 0.276 0.08119 0.03248 0.03248 0 0.008119 0.01624 0 0 0 0 0 0 0 0 0 0
1 0.02958 0.1479 0.2761 0.2366 0.1282 0.1085 0.01972 0 0.01972 0 0 0 0.00986 0 0 0 0 0.00986 0 0
1 0.007673 0.07673 0.3376 0.1304 0.09208 0.08441 0.02302 0.007673 0.007673 0 0 0 0 0 0 0 0 0 0 0
1 0.06466 0.2694 0.3017 0.1724 0.1617 0 0.04311 0.06466 0 0 0 0 0 0 0 0 0 0 0 0
1 0.008227 0.1563 0.2797 0.1152 0.09872 0.05759 0.03291 0.05759 0.008227 0 0 0 0.008227 0 0 0 0 0 0 0
1 0.007206 0.1657 0.1946 0.173 0.05045 0.07206 0.02883 0.01441 0.007206 0.007206 0 0 0 0 0 0 0 0 0 0
1 0.03222 0.145 0.2578 0.1692 0.07251 0.04834 0.05639 0.008056 0.01611 0 0 0 0 0 0 0 0 0 0 0
1 0 0.198 0.2324 0.2238 0.08607 0.05164 0.04303 0.01721 0 0 0 0.008607 0 0 0 0 0 0 0 0
1 0.02317 0.1467 0.2239 0.1699 0.08494 0.0695 0.03861 0.007722 0.007722 0 0 0 0 0 0 0 0 0 0 0
1 0.00765 0.1224 0.2601 0.2066 0.08415 0.0153 0.02295 0.0306 0 0.00765 0.00765 0 0 0 0 0 0 0 0 0
1 0.0196 0.0588 0.1699 0.2025 0.09147 0.05227 0.01307 0.006534 0.02613 0.006534 0 0 0 0.006534 0 0 0 0 0 0
1 0.01497 0.09355 0.08981 0.0711 0.0262 0.03742 0.01497 0.01123 0.003742 0.007484 0 0.003742 0 0 0 0 0 0 0 0
1 0.02771 0.1316 0.2563 0.06928 0.09699 0.0485 0.03464 0.01386 0.01386 0 0 0 0 0 0 0 0 0 0 0
1 0.02595 0.1427 0.1362 0.24 0.03893 0.01298 0.03244 0.01946 0 0 0 0 0 0 0 0 0 0 0 0
1 0.02482 0.273 0.422 0.273 0.1738 0.02482 0 0.01241 0.01241 0.01241 0.01241 0 0 0 0 0 0 0 0 0
1 0.04842 0.184 0.2421 0.2711 0.1065 0.07747 0.009683 0 0 0.01937 0 0 0 0 0 0 0 0 0.009683 0
1 0.01696 0.1103 0.3138 0.1866 0.1442 0.02544 0.03392 0 0.008481 0 0 0 0 0 0 0 0.008481 0 0 0
1 0.0132 0.03301 0.2113 0.1848 0.132 0.05942 0.006602 0 0.006602 0 0.006602 0.006602 0 0 0 0 0 0 0 0
1 0.04626 0.1203 0.222 0.2128 0.1573 0.111 0.03701 0.009252 0.009252 0 0 0 0 0 0 0 0 0 0 0
1 0.03106 0.1009 0.2019 0.132 0.1242 0.09318 0.03106 0.0233 0.0233 0.007765 0 0 0.007765 0 0 0 0 0 0 0
1 0.03716 0.2137 0.1951 0.1393 0.1393 0.1022 0.06503 0.02787 0 0 0.00929 0 0 0 0 0 0 0 0 0
1 0.04472 0.1565 0.2459 0.1118 0.05217 0.02236 0.05962 0.02236 0.01491 0 0 0.01491 0 0 0 0 0 0 0 0
1 0 0.2087 0.4069 0.1565 0.1669 0.0626 0 0.02087 0.01043 0 0 0 0.01043 0 0 0 0 0 0 0
