Originally  
101 
A 
2	100	
1	1	NA	NA	
1	20	
1 349.1 267.6 162.9 93.09 81.46 69.82 58.18 11.64 11.64 11.64 23.27 0 11.64 11.64 0 0 0 0 0 0
1 554.7 335.7 175.2 102.2 102.2 72.99 43.79 0 43.79 0 14.6 14.6 0 0 0 0 0 0 0 0
1 314.2 302.6 151.3 139.7 104.7 46.55 34.91 23.28 0 34.91 11.64 0 0 0 0 0 0 0 0 0
1 407.6 360.6 344.9 141.1 31.36 125.4 47.03 47.03 31.36 15.68 0 0 0 0 15.68 0 0 0 0 0
1 291.5 180.4 208.2 347 69.4 83.28 55.52 13.88 27.76 27.76 13.88 13.88 27.76 0 0 13.88 0 13.88 0 0
1 441.9 327.9 156.8 142.5 99.78 171.1 14.25 14.25 0 0 42.76 0 0 0 0 14.25 0 0 0 0
1 514.2 249.3 171.4 187 62.33 171.4 46.75 15.58 62.33 31.17 15.58 0 15.58 15.58 0 0 0 0 0 0
1 412.3 296.3 193.3 64.42 64.42 64.42 90.19 51.54 12.88 25.77 0 0 0 0 12.88 0 0 0 0 0
1 426.7 261.5 220.2 82.59 55.06 96.35 96.35 55.06 27.53 0 0 27.53 0 0 13.76 0 0 0 0 13.76
1 351.2 190.7 130.5 110.4 70.24 20.07 40.14 10.03 40.14 20.07 0 0 20.07 0 0 0 0 0 0 0
1 385.6 115.7 144.6 77.12 106 67.48 38.56 19.28 0 0 0 0 0 0 9.639 0 0 0 0 0
1 724.1 416.3 235.3 126.7 90.51 54.31 54.31 0 0 0 108.6 0 0 0 0 0 0 0 0 0
1 399.4 432.6 299.5 116.5 149.8 49.92 49.92 33.28 66.56 16.64 16.64 16.64 16.64 0 0 0 0 0 0 0
1 354.7 201 260.1 130.1 35.47 47.29 23.65 23.65 35.47 0 0 11.82 11.82 11.82 0 0 23.65 0 11.82 0
1 387.9 282.1 129.3 105.8 105.8 23.51 70.52 23.51 11.75 23.51 0 0 11.75 0 0 0 0 0 0 0
1 556.5 484.7 161.6 125.7 197.5 89.76 17.95 17.95 17.95 35.9 17.95 35.9 0 17.95 0 0 17.95 0 0 0
1 329.8 261.1 316 123.7 68.7 41.22 96.18 27.48 41.22 13.74 27.48 13.74 0 0 13.74 0 0 0 0 0
1 421.4 161.1 210.7 173.5 99.14 49.57 49.57 24.79 12.39 12.39 0 0 12.39 0 0 12.39 0 0 0 0
1 235.8 348.5 61.5 164 71.75 51.25 41 30.75 10.25 10.25 0 0 0 0 0 0 0 0 0 0
1 645.2 151 219.6 13.73 82.36 96.09 68.64 27.45 13.73 13.73 13.73 0 0 0 13.73 0 13.73 0 0 0
1 490.5 490.5 210.2 192.7 122.6 70.07 70.07 35.03 35.03 17.52 17.52 0 0 0 0 0 0 0 0 0
1 860.4 495.4 312.9 208.6 234.7 52.15 130.4 130.4 52.15 26.07 26.07 0 0 78.22 0 0 0 0 0 0
1 203.9 305.9 203.9 203.9 76.47 76.47 38.24 25.49 12.75 76.47 12.75 12.75 12.75 0 0 12.75 0 0 0 0
1 205.1 320.4 346 179.4 89.71 51.27 0 12.82 51.27 12.82 0 0 0 0 0 12.82 0 0 0 0
1 460.2 123.5 134.7 134.7 78.58 78.58 33.68 22.45 33.68 0 11.23 11.23 0 0 0 0 0 0 0 0
1 317 365.7 121.9 121.9 97.53 48.76 97.53 0 0 12.19 12.19 0 0 24.38 0 0 0 0 0 0
1 297.8 132.4 209.6 44.12 55.15 121.3 110.3 33.09 22.06 33.09 33.09 0 0 11.03 0 0 0 0 0 0
1 575.6 416.8 337.4 198.5 39.7 39.7 99.24 119.1 0 19.85 79.39 19.85 19.85 0 0 0 0 0 0 19.85
1 444.2 240.1 108 96.04 48.02 48.02 36.02 84.04 24.01 48.02 0 0 12.01 0 12.01 0 0 0 0 0
1 301 243.6 344 129 129 114.7 28.66 57.33 14.33 28.66 43 0 0 0 0 0 0 0 0 0
1 329.5 124.7 53.44 115.8 44.53 80.16 44.53 17.81 8.906 35.62 8.906 8.906 0 0 0 0 8.906 0 8.906 0
1 364.1 231.7 110.3 187.6 66.21 44.14 11.03 44.14 0 33.1 0 0 0 11.03 0 0 0 0 0 0
1 393.4 288.5 118 131.1 144.3 118 26.23 13.11 39.34 26.23 0 0 0 13.11 0 0 0 0 0 0
1 695 463.3 182 66.19 49.64 115.8 66.19 0 16.55 0 0 0 0 0 0 0 0 0 0 0
1 468.7 387.9 307.1 194 129.3 32.33 48.49 48.49 0 0 0 0 0 0 0 0 0 0 0 0
1 259.7 355.4 341.7 109.3 109.3 82.01 13.67 41 0 27.34 0 0 0 13.67 0 0 13.67 0 0 0
1 300.8 269.7 124.5 114.1 62.23 62.23 41.49 20.74 0 20.74 0 10.37 0 0 0 10.37 0 0 0 0
1 438.8 254.1 138.6 92.39 92.39 80.84 23.1 11.55 0 0 11.55 0 0 0 0 11.55 0 0 0 0
1 691.6 480.3 153.7 153.7 153.7 115.3 19.21 57.64 38.42 19.21 0 19.21 0 0 0 0 0 19.21 0 0
1 314.4 328.1 314.4 109.4 82.01 123 41.01 0 27.34 0 13.67 13.67 0 0 0 0 0 0 0 0
1 409.1 338.6 239.8 141.1 84.65 28.22 84.65 42.32 14.11 0 0 0 14.11 14.11 0 0 0 0 0 0
1 447.8 447.8 172.2 223.9 103.3 103.3 34.45 68.9 17.22 34.45 17.22 0 0 51.67 0 0 0 0 0 0
1 775.8 269.8 236.1 151.8 101.2 33.73 50.59 16.86 16.86 0 33.73 0 0 0 0 0 0 0 0 0
1 381 640.8 225.2 173.2 86.6 103.9 51.96 17.32 0 17.32 17.32 0 0 0 0 17.32 0 0 0 0
1 228.7 310.4 490.1 147 245.1 49.01 81.69 32.67 0 16.34 0 16.34 0 0 0 0 0 0 16.34 0
1 573.3 304.5 250.8 304.5 89.57 71.66 35.83 53.74 17.91 17.91 17.91 17.91 17.91 0 0 0 0 0 17.91 0
1 769.2 525.3 131.3 112.6 150.1 93.8 18.76 37.52 0 37.52 0 0 0 0 0 0 0 0 0 0
1 274 261.5 174.3 124.5 137 87.17 49.81 62.26 37.36 12.45 12.45 12.45 0 0 0 0 0 0 0 0
1 552.8 305 419.4 305 76.25 57.19 133.4 0 38.12 0 0 19.06 0 0 0 0 0 0 0 0
1 297.8 322.6 211 148.9 62.04 37.23 62.04 12.41 24.82 49.64 12.41 0 0 0 0 0 0 0 0 0
1 768 274.3 237.7 219.4 146.3 73.14 0 36.57 36.57 0 0 18.29 18.29 0 0 0 0 0 0 0
1 384 331 211.8 132.4 79.44 52.96 13.24 66.2 13.24 13.24 0 0 0 26.48 0 0 0 0 0 0
1 173.6 254.6 312.5 162 92.59 23.15 69.44 34.72 11.57 11.57 11.57 0 0 0 0 0 0 0 0 0
1 266.9 117.5 245.6 213.6 64.07 42.71 32.03 10.68 10.68 10.68 21.36 10.68 10.68 0 0 0 10.68 0 0 0
1 509.7 183.5 40.78 132.5 91.75 20.39 10.19 30.58 0 0 0 0 0 0 0 0 0 0 0 0
1 240.6 346.5 96.25 67.37 115.5 38.5 28.87 0 0 9.625 9.625 0 9.625 0 0 0 0 0 0 0
1 426.1 218.5 218.5 76.47 54.62 43.7 21.85 0 0 10.92 0 21.85 0 0 0 0 0 0 0 0
1 209.1 173.1 86.53 122.6 57.69 14.42 28.84 0 21.63 0 0 0 0 0 0 0 7.211 0 0 0
1 466.4 222.1 177.7 144.4 0 44.42 0 11.1 22.21 11.1 11.1 0 0 0 0 0 0 0 0 0
1 227.7 509.5 97.57 108.4 32.52 32.52 43.36 0 10.84 10.84 0 10.84 0 0 0 0 0 0 0 0
1 619.3 193.5 206.4 129 90.32 12.9 25.8 0 12.9 0 0 0 0 0 0 0 0 0 0 0
1 226.4 315 226.4 118.1 49.23 29.54 0 9.845 0 9.845 0 0 0 0 0 0 0 0 0 0
1 210 147 189 56 49 14 7 21 0 0 0 7 0 0 0 0 0 0 0 0
1 431.8 215.9 103.3 112.6 18.77 28.16 9.387 18.77 0 0 0 0 0 0 0 0 0 0 0 0
1 227.4 207.9 97.44 38.98 32.48 19.49 12.99 0 12.99 0 0 0 0 0 0 0 0 0 0 0
1 946.5 267.9 375 89.29 0 53.57 35.72 17.86 0 0 0 0 0 0 0 0 0 0 0 0
1 211.6 394.4 125 153.9 28.86 9.619 19.24 0 9.619 9.619 0 0 0 0 0 0 0 0 0 0
1 274.5 189.3 284 66.26 85.19 28.4 0 9.466 9.466 0 0 0 0 0 0 0 0 0 0 0
1 506.6 190 202.6 215.3 75.99 50.66 12.66 0 0 0 0 0 0 0 0 12.66 0 0 0 0
1 293.2 311.6 82.47 45.82 119.1 18.33 36.65 9.163 0 0 0 0 0 0 0 0 0 0 0 0
1 485.2 184.4 184.4 29.11 29.11 29.11 9.704 19.41 0 0 0 0 0 0 0 0 0 0 0 0
1 181.8 281 173.6 74.38 57.85 8.264 24.79 8.264 16.53 0 0 0 0 0 0 0 0 0 0 0
1 374.3 165.1 385.3 99.08 33.03 11.01 0 22.02 11.01 0 0 0 0 0 0 0 0 0 0 0
1 363.2 248.5 105.1 162.5 28.67 19.12 9.558 0 19.12 0 0 0 0 0 0 0 0 0 0 0
1 244.7 268.4 110.5 31.57 55.26 55.26 7.894 15.79 0 0 0 0 0 0 0 0 0 0 0 0
1 155.4 73.39 94.98 38.85 21.59 17.27 12.95 8.634 4.317 4.317 0 0 0 0 0 0 0 0 0 0
1 745.2 120.2 156.3 72.12 72.12 12.02 12.02 12.02 0 0 0 0 0 0 0 0 0 0 0 0
1 478.2 370.6 107.6 119.5 35.86 23.91 47.82 11.95 0 0 0 0 0 0 0 0 0 0 0 0
1 146.4 168.4 307.5 65.89 14.64 7.321 21.96 0 0 0 0 0 0 0 0 0 0 0 0 0
1 283.6 77.34 109.6 103.1 38.67 19.34 0 6.445 0 0 0 0 0 0 6.445 0 0 0 0 0
1 215.3 277.8 69.44 83.33 34.72 6.944 6.944 0 0 0 0 0 0 0 0 0 0 0 0 0
1 107.5 126.2 116.8 46.74 28.04 28.04 0 4.674 0 4.674 0 0 4.674 0 0 0 0 0 0 0
1 248.3 106.4 59.11 70.93 29.55 35.47 23.64 5.911 5.911 0 5.911 0 0 0 0 0 0 0 0 0
1 242.9 126.7 63.36 42.24 26.4 15.84 5.28 5.28 0 0 0 0 0 0 0 0 0 0 0 0
1 415.3 143.8 79.87 39.94 31.95 47.92 7.987 23.96 7.987 0 0 0 0 0 0 0 0 0 0 0
1 455.9 179.1 97.69 24.42 40.71 0 8.141 0 0 8.141 0 0 0 0 0 0 0 0 0 0
1 608 538.5 364.8 86.85 52.11 17.37 34.74 0 17.37 0 0 0 0 17.37 0 0 0 0 0 0
1 229.7 122.5 245 99.55 15.31 7.657 7.657 15.31 7.657 0 0 7.657 0 0 0 0 7.657 0 0 0
1 592.5 206.7 248 192.9 55.11 55.11 13.78 13.78 0 0 0 0 0 0 0 0 0 0 0 0
1 164.5 164.5 107.6 63.28 82.26 25.31 12.66 12.66 0 0 0 0 0 0 0 0 0 0 0 0
1 220.6 149.2 142.7 51.9 19.46 45.41 19.46 0 0 0 0 0 0 0 0 0 0 0 0 0
1 367 183.5 113.6 87.38 52.43 17.48 26.21 8.738 8.738 0 0 0 8.738 0 0 0 0 0 0 0
1 299.3 167 97.44 48.72 55.68 6.96 6.96 13.92 0 0 0 0 0 0 0 0 0 0 0 0
1 397.9 287.4 165.8 110.5 55.27 33.16 33.16 11.05 11.05 0 0 0 0 0 0 0 0 0 0 0
1 252.8 193.8 143.2 58.98 84.26 50.56 33.71 0 0 16.85 8.426 0 0 0 0 0 0 0 0 0
1 375.1 202.8 212.9 101.4 10.14 50.69 0 40.56 0 0 20.28 0 0 0 0 0 0 0 0 0
1 121.6 163.7 42.1 88.88 37.42 9.356 4.678 0 0 0 0 0 0 0 0 0 0 0 0 0
1 371 191.1 213.6 179.9 78.69 22.48 44.97 11.24 0 11.24 0 0 0 0 0 0 0 0 0 0
1 214.2 157.1 92.81 135.6 42.84 21.42 28.56 0 7.139 7.139 0 0 7.139 0 0 0 0 0 0 0
