Originally  
101 
A 
2	100	
1	1	NA	NA	
1	20	
1 298.1 284.6 203.3 216.8 81.3 81.3 67.75 40.65 27.1 0 27.1 13.55 13.55 0 0 0 0 0 0 0
1 450 286.4 204.5 109.1 109.1 95.45 27.27 27.27 27.27 0 0 0 13.64 0 13.64 0 0 0 0 0
1 196.2 453.7 134.9 122.6 73.58 73.58 36.79 36.79 12.26 61.32 0 0 0 0 0 0 12.26 12.26 0 0
1 238.5 333.9 190.8 83.47 107.3 47.7 47.7 35.77 11.92 11.92 23.85 0 23.85 0 11.92 11.92 0 0 0 11.92
1 669.9 292 223.3 206.1 85.88 137.4 34.35 0 17.18 17.18 0 0 0 17.18 0 17.18 0 0 0 0
1 988.7 441.7 105.2 189.3 126.2 63.11 21.04 21.04 84.14 21.04 42.07 0 0 0 0 0 0 0 0 0
1 159.2 374.5 131.1 56.17 84.26 56.17 46.81 18.72 9.362 0 0 0 0 0 0 0 0 0 0 0
1 199.8 74.93 308.1 66.61 49.96 33.3 41.63 16.65 8.326 16.65 0 8.326 0 0 0 0 0 0 0 8.326
1 67.93 142.7 88.31 197 61.14 33.97 20.38 33.97 6.793 13.59 6.793 0 6.793 0 0 0 0 0 0 0
1 313.9 54.12 173.2 97.42 151.5 119.1 43.3 32.47 32.47 32.47 10.82 0 10.82 10.82 0 0 0 0 0 0
1 416.5 236 83.3 208.2 41.65 194.4 97.18 41.65 27.77 27.77 0 0 0 0 0 13.88 0 0 0 0
1 418.8 236.2 128.9 0 107.4 53.69 85.9 10.74 21.48 0 0 10.74 0 0 0 0 0 0 0 0
1 368.2 245.5 133 81.82 10.23 61.37 10.23 30.68 10.23 20.46 20.46 10.23 0 20.46 0 0 0 0 0 0
1 191.2 264 191.2 63.73 72.83 9.104 54.62 9.104 45.52 0 9.104 0 0 0 0 0 0 0 0 0
1 1043 240.8 180.6 220.7 60.19 60.19 40.13 0 20.06 20.06 40.13 0 0 20.06 0 0 0 20.06 0 40.13
1 1332 558.7 64.46 42.98 21.49 64.46 0 0 42.98 0 21.49 0 0 0 0 0 0 0 0 0
1 424.5 1728 636.7 60.64 90.95 0 30.32 60.64 0 0 0 0 0 0 0 0 0 0 0 0
1 181.2 221.4 825.4 442.9 40.26 120.8 80.52 40.26 20.13 0 0 0 0 0 0 0 40.26 0 0 0
1 451.5 216.7 198.7 523.8 270.9 36.12 18.06 54.18 0 36.12 0 0 0 0 0 0 0 0 0 0
1 1306 464.4 261.2 116.1 464.4 203.2 0 0 0 87.07 0 0 0 0 0 0 0 0 0 0
1 146.3 475.4 158.5 60.95 0 256 48.76 12.19 12.19 0 36.57 0 0 0 0 0 0 0 0 12.19
1 120.5 55.64 315.3 64.91 46.36 64.91 139.1 55.64 18.55 27.82 0 9.273 0 0 0 0 0 0 0 9.273
1 253.1 159.8 93.23 452.8 173.1 26.64 39.96 66.59 53.27 0 0 13.32 0 0 0 0 0 0 0 0
1 415.6 243.6 114.6 85.98 243.6 85.98 28.66 14.33 100.3 85.98 0 14.33 0 0 0 0 0 0 0 0
1 1113 123.7 88.33 53 70.67 88.33 106 17.67 17.67 35.33 35.33 0 0 0 0 17.67 0 0 0 0
1 493.4 942 157 157 22.43 0 201.9 112.1 22.43 67.29 44.86 0 0 0 0 0 0 0 0 22.43
1 856.6 242.1 353.8 93.11 55.87 37.24 18.62 74.49 37.24 18.62 18.62 18.62 0 0 0 18.62 0 0 0 18.62
1 399.4 551.6 228.2 418.4 76.08 57.06 0 38.04 57.06 57.06 19.02 0 0 0 0 0 0 0 0 0
1 944.9 315 377.9 252 62.99 41.99 21 0 21 41.99 0 0 0 0 0 0 21 0 0 0
1 504.9 427.2 233 310.7 77.67 252.4 58.25 0 0 0 38.84 19.42 0 0 19.42 0 0 0 0 0
1 222.4 317.7 540.2 111.2 127.1 79.44 111.2 63.55 0 0 0 15.89 0 0 0 0 0 0 0 0
1 582.7 83.24 366.3 283 83.24 66.59 83.24 66.59 0 0 0 0 16.65 0 0 0 33.3 0 0 0
1 1354 423.1 141 253.8 197.4 56.41 56.41 28.2 169.2 56.41 0 28.2 28.2 28.2 0 0 0 0 0 0
1 123.8 712 216.7 30.96 61.91 201.2 61.91 30.96 0 30.96 15.48 46.44 0 0 0 15.48 0 0 0 0
1 204.8 0 505.9 168.6 0 72.28 84.32 48.18 84.32 0 36.14 0 0 0 0 0 0 0 0 0
1 215.1 215.1 63.26 468.1 139.2 0 75.91 75.91 0 0 12.65 0 0 0 0 0 0 0 0 0
1 569.2 312.2 202 91.81 330.5 128.5 36.72 55.09 36.72 36.72 36.72 0 0 0 0 0 0 0 0 0
1 752.5 232.9 89.58 143.3 53.75 268.7 71.66 17.92 35.83 89.58 0 17.92 0 0 0 0 0 0 0 17.92
1 482.7 380.3 190.1 102.4 0 0 160.9 29.25 0 14.63 14.63 14.63 14.63 14.63 0 29.25 0 0 0 14.63
1 563.4 466.3 427.4 155.4 58.28 58.28 0 97.14 38.86 19.43 19.43 0 0 0 19.43 0 0 19.43 0 0
1 1303 516.2 221.2 98.32 172.1 0 24.58 0 49.16 24.58 0 24.58 24.58 0 0 0 0 0 0 0
1 880.3 937.1 312.4 312.4 113.6 85.19 28.4 56.79 0 113.6 0 0 0 0 0 0 0 0 0 0
1 377 927.9 811.9 174 203 116 116 0 29 0 86.99 0 0 29 0 0 0 29 0 0
1 308.3 308.3 423.9 462.5 134.9 115.6 96.35 19.27 19.27 0 0 38.54 0 0 0 0 0 0 0 0
1 576.4 298.9 149.4 405.6 256.2 128.1 85.39 128.1 0 21.35 21.35 0 0 21.35 0 21.35 0 21.35 0 0
1 293.2 348.2 256.6 110 183.3 293.2 73.3 128.3 73.3 18.33 0 0 0 36.65 0 0 0 0 0 18.33
1 219.4 125.3 219.4 125.3 104.5 62.67 73.12 31.34 31.34 10.45 31.34 0 10.45 0 0 0 0 0 0 0
1 400.2 157.6 133.4 121.3 24.25 60.63 109.1 109.1 24.25 36.38 24.25 0 0 0 0 0 0 0 0 12.13
1 504.4 336.3 60.05 72.06 60.05 12.01 24.02 60.05 24.02 12.01 12.01 12.01 0 0 0 0 0 0 0 12.01
1 343.5 291.4 135.3 52.04 20.82 41.63 41.63 31.22 10.41 10.41 0 31.22 0 31.22 0 0 0 0 0 0
1 383.4 410.8 95.86 191.7 82.17 41.08 82.17 13.69 27.39 27.39 13.69 0 0 0 0 0 0 0 0 0
1 711.1 355.6 355.6 118.5 67.72 0 16.93 0 0 0 33.86 0 0 33.86 0 0 0 0 0 0
1 451.3 541.5 165.5 150.4 135.4 30.08 0 0 0 0 15.04 0 0 15.04 0 0 0 0 0 0
1 173.4 371.5 334.4 86.69 136.2 49.54 49.54 0 0 0 0 0 0 0 24.77 0 0 0 0 12.38
1 231.3 57.82 163.8 318 57.82 48.18 38.55 19.27 9.637 9.637 0 0 0 0 0 0 0 0 0 9.637
1 623.9 225.7 66.37 199.1 132.7 26.55 13.27 26.55 13.27 0 0 0 0 0 0 0 0 0 0 0
1 229.2 362.9 95.51 57.31 95.51 47.76 9.551 38.2 19.1 0 0 0 0 0 0 0 0 0 0 0
1 356.8 267.6 228 29.73 19.82 39.64 29.73 9.911 9.911 0 0 0 0 0 0 0 0 0 0 0
1 799.4 290.7 174.4 101.7 14.54 14.54 14.54 29.07 0 0 0 14.54 0 0 0 0 0 0 0 0
1 259.2 435.5 155.5 82.94 51.84 10.37 0 10.37 31.1 0 0 0 0 0 0 0 0 0 0 0
1 97.08 223.3 427.1 116.5 38.83 48.54 0 9.708 0 9.708 0 0 0 0 0 0 0 0 0 0
1 409.2 56.44 42.33 127 56.44 7.055 0 0 0 7.055 0 0 0 0 0 0 0 0 0 0
1 399.8 345.8 75.65 118.9 97.26 10.81 21.61 0 0 0 0 0 0 0 0 0 10.81 0 0 0
1 281.2 217.7 263.1 45.36 27.22 45.36 9.072 0 9.072 0 0 0 9.072 0 0 0 0 0 0 0
1 501.5 133.7 222.9 144.9 22.29 11.14 44.58 0 33.43 0 0 0 0 0 0 0 0 0 0 0
1 429 380 159.3 122.6 98.05 12.26 12.26 0 0 0 12.26 0 0 0 0 0 0 0 0 0
1 294.1 139.7 125 58.83 66.18 22.06 0 14.71 14.71 0 0 0 0 0 0 0 0 0 0 0
1 312.5 195.3 125 78.14 23.44 15.63 31.25 0 0 0 0 0 0 0 0 0 0 0 0 0
1 517.9 232.5 190.3 42.28 31.71 10.57 10.57 21.14 0 0 0 0 0 0 0 0 0 0 0 0
1 870.1 246.5 217.5 29 58.01 14.5 0 14.5 0 0 0 0 0 0 0 0 0 0 0 0
1 323.4 552.5 323.4 53.91 40.43 40.43 13.48 0 0 0 0 0 0 0 0 0 0 0 0 0
1 960.8 207.2 546.3 94.19 18.84 37.68 0 18.84 0 0 0 0 0 0 0 0 0 0 0 0
1 273.3 455.5 117.1 351.4 65.07 13.01 13.01 0 13.01 0 0 0 0 0 0 0 0 0 0 0
1 501.2 221.1 353.8 176.9 147.4 29.48 0 14.74 14.74 14.74 0 0 0 0 0 0 0 0 0 0
1 680.6 340.3 85.08 156 56.72 85.08 0 0 0 0 0 0 0 14.18 0 0 0 0 0 0
1 660.5 528.4 377.5 113.2 132.1 18.87 18.87 0 18.87 18.87 0 0 0 0 0 0 0 0 0 0
1 170.9 655.3 341.9 114 28.49 56.98 14.25 28.49 0 0 14.25 0 0 0 0 0 0 0 0 0
1 752.5 301 559 387 64.5 21.5 21.5 21.5 21.5 0 0 0 0 0 0 0 0 0 0 0
1 644 322 147.6 147.6 40.25 13.42 0 13.42 0 0 13.42 0 0 0 0 0 0 0 0 0
1 375.1 329.7 227.4 68.21 56.84 56.84 11.37 0 11.37 0 0 0 0 0 0 0 0 0 0 0
1 101.1 244.3 252.8 143.2 33.7 25.28 33.7 8.425 0 0 0 0 0 0 0 0 0 0 0 0
1 375.3 43.31 64.96 137.1 72.18 7.218 14.44 7.218 0 0 0 0 0 0 0 0 0 0 0 0
1 565.1 259.9 79.11 90.41 90.41 22.6 0 0 11.3 11.3 0 0 0 0 0 0 0 0 0 0
1 238.6 362.7 210 47.72 19.09 47.72 9.545 9.545 9.545 0 0 0 0 0 0 0 0 0 0 0
1 413.3 206.6 236.2 88.56 19.68 9.84 0 0 0 9.84 0 0 0 0 0 0 0 0 0 0
1 493.5 282 117.5 211.5 58.75 0 0 0 0 0 11.75 0 0 0 0 0 0 0 0 0
1 155.6 329.5 164.8 119 73.22 54.92 9.153 9.153 0 0 0 0 0 0 0 0 0 0 0 0
1 420.7 232.1 449.7 188.6 58.02 43.52 14.51 0 0 29.01 0 14.51 0 0 0 0 0 0 0 0
1 331.1 364.2 110.4 187.6 55.18 33.11 11.04 0 0 0 11.04 0 0 0 0 0 0 0 0 0
1 710.1 202.9 164.9 76.09 76.09 12.68 12.68 0 0 0 0 12.68 0 0 0 0 0 0 0 0
1 361.7 258.4 112 51.67 17.22 34.45 8.612 8.612 0 8.612 0 0 0 0 0 0 0 0 0 0
1 213.2 397.4 203.6 38.77 19.39 9.693 48.47 9.693 0 19.39 0 0 0 0 0 0 9.693 0 0 0
1 276.4 142.6 276.4 89.15 35.66 53.49 0 8.915 0 0 0 8.915 0 0 0 0 0 0 0 0
1 225.8 161.3 161.3 121 96.78 0 24.19 0 16.13 0 0 0 0 0 0 0 0 0 0 0
1 291.2 82.31 69.64 50.65 44.32 37.99 25.32 12.66 6.331 12.66 0 0 0 0 0 0 0 0 0 0
1 519.9 327.7 79.11 56.51 67.81 33.9 11.3 22.6 11.3 0 0 0 0 0 0 0 0 0 0 0
1 436.2 359.8 119.9 65.42 21.81 10.9 0 32.71 10.9 21.81 0 0 0 0 0 10.9 0 0 0 0
1 352.1 171.5 180.6 72.22 45.14 27.08 18.06 9.028 0 0 18.06 0 9.028 0 0 0 0 0 0 0
1 304.5 304.5 210 126 73.51 10.5 0 0 10.5 0 0 0 0 0 0 0 0 0 0 10.5
