 landings-at-age - landings.n (units : NA )
1	2	
42	100	
1	20	
1 
1.41 15.4 36.24 25.42 17.18 10.87 7.909 5.286 3.767 2.705 1.855 1.296 0.9615 0.6603 0.4395 0.3113 0.234 0.1583 0.1123 0.2243
1.825 17.21 42.27 26.63 15.37 10.39 6.572 4.783 3.196 2.278 1.636 1.121 0.7834 0.5814 0.3992 0.2657 0.1882 0.1415 0.09574 0.2036
1.547 18.03 38.38 25.02 12.94 7.466 5.048 3.193 2.324 1.553 1.107 0.7948 0.5448 0.3806 0.2825 0.194 0.1291 0.09144 0.06873 0.1454
1.419 16.53 43.67 24.93 13.37 6.912 3.989 2.697 1.706 1.241 0.8295 0.5912 0.4246 0.2911 0.2033 0.1509 0.1036 0.06897 0.04885 0.1144
1.282 16.12 42.48 30.14 14.16 7.595 3.926 2.266 1.532 0.9689 0.7052 0.4713 0.3359 0.2412 0.1653 0.1155 0.08573 0.05887 0.03918 0.09274
1.221 13.97 39.72 28.01 16.34 7.678 4.118 2.129 1.229 0.8306 0.5253 0.3823 0.2555 0.1821 0.1308 0.08965 0.06263 0.04648 0.03192 0.07153
1.263 13.91 35.85 27.28 15.82 9.231 4.337 2.326 1.202 0.6939 0.4692 0.2967 0.216 0.1443 0.1029 0.07387 0.05064 0.03538 0.02625 0.05843
1.118 12.57 31.38 21.59 13.5 7.829 4.568 2.146 1.151 0.595 0.3434 0.2322 0.1468 0.1069 0.07142 0.0509 0.03655 0.02506 0.01751 0.04191
1.266 14.01 35.46 23.77 13.47 8.42 4.883 2.849 1.338 0.7178 0.3711 0.2142 0.1448 0.09158 0.06665 0.04454 0.03174 0.0228 0.01563 0.03705
1.259 13.21 32.89 22.09 12.15 6.887 4.305 2.497 1.457 0.6844 0.367 0.1898 0.1095 0.07404 0.04683 0.03408 0.02278 0.01623 0.01166 0.02694
1.338 14.2 33.49 22.21 12.26 6.743 3.821 2.389 1.385 0.8083 0.3797 0.2036 0.1053 0.06076 0.04108 0.02598 0.01891 0.01264 0.009006 0.02141
1.25 13.93 33.32 20.88 11.37 6.272 3.451 1.955 1.222 0.7089 0.4136 0.1943 0.1042 0.05388 0.03109 0.02102 0.0133 0.009677 0.006467 0.01557
1.155 13.2 33.26 21.25 10.94 5.959 3.288 1.809 1.025 0.6408 0.3716 0.2168 0.1019 0.05463 0.02824 0.0163 0.01102 0.00697 0.005073 0.01155
1.155 13 33.56 22.64 11.9 6.129 3.337 1.842 1.013 0.5741 0.3589 0.2081 0.1214 0.05705 0.0306 0.01582 0.009129 0.006172 0.003904 0.009311
1.218 12.91 32.73 22.57 12.52 6.578 3.388 1.845 1.018 0.56 0.3173 0.1984 0.115 0.06713 0.03153 0.01691 0.008744 0.005046 0.003412 0.007304
1.075 12.34 29.62 20.03 11.35 6.293 3.307 1.703 0.9275 0.5118 0.2816 0.1596 0.09974 0.05784 0.03375 0.01586 0.008504 0.004396 0.002537 0.005388
1.163 13.23 34.14 21.97 12.23 6.926 3.841 2.019 1.04 0.5661 0.3124 0.1719 0.09739 0.06088 0.03531 0.0206 0.009678 0.005191 0.002684 0.004838
1.047 11.64 29.86 20.46 10.81 6.015 3.407 1.89 0.993 0.5114 0.2785 0.1537 0.08454 0.04791 0.02995 0.01737 0.01013 0.004761 0.002553 0.0037
1.079 11.29 28.41 19.52 11 5.81 3.234 1.831 1.016 0.5339 0.275 0.1497 0.08262 0.04545 0.02576 0.0161 0.009337 0.005448 0.002559 0.003362
1.143 13.03 30.65 20.63 11.66 6.574 3.472 1.932 1.094 0.6071 0.319 0.1643 0.08947 0.04937 0.02716 0.01539 0.009621 0.00558 0.003256 0.003538
1.064 12.37 31.62 19.72 10.89 6.158 3.471 1.833 1.02 0.5778 0.3205 0.1684 0.08674 0.04723 0.02606 0.01434 0.008125 0.005079 0.002946 0.003587
0.9883 11.76 30.64 20.78 10.64 5.876 3.322 1.872 0.9888 0.5503 0.3117 0.1729 0.09086 0.0468 0.02548 0.01406 0.007736 0.004383 0.00274 0.003524
0.8962 9.783 26.27 18.16 10.11 5.175 2.858 1.616 0.9108 0.481 0.2677 0.1516 0.0841 0.0442 0.02276 0.0124 0.00684 0.003763 0.002132 0.003047
0.9211 10.08 24.85 17.86 10.16 5.653 2.894 1.599 0.9038 0.5094 0.269 0.1497 0.0848 0.04704 0.02472 0.01273 0.006933 0.003826 0.002105 0.002897
0.9146 9.975 24.65 16.22 9.588 5.453 3.034 1.553 0.8581 0.4851 0.2734 0.1444 0.08036 0.04552 0.02525 0.01327 0.006833 0.003721 0.002053 0.002685
0.8771 10.1 24.85 16.41 8.879 5.248 2.984 1.661 0.8502 0.4696 0.2655 0.1496 0.07902 0.04398 0.02491 0.01382 0.007262 0.00374 0.002036 0.002593
0.777 9.01 23.5 15.46 8.391 4.541 2.684 1.526 0.8493 0.4348 0.2402 0.1358 0.07653 0.04041 0.02249 0.01274 0.007067 0.003714 0.001913 0.002368
0.9052 9.528 24.86 17.4 9.419 5.112 2.767 1.635 0.93 0.5175 0.2649 0.1463 0.08273 0.04663 0.02462 0.01371 0.007763 0.004306 0.002263 0.002608
0.8588 9.354 22.18 15.38 8.832 4.782 2.596 1.405 0.8302 0.4721 0.2627 0.1345 0.0743 0.042 0.02367 0.0125 0.006958 0.003941 0.002186 0.002473
0.8238 8.718 21.54 13.66 7.783 4.47 2.421 1.314 0.711 0.4202 0.239 0.133 0.06808 0.03761 0.02126 0.01198 0.006328 0.003522 0.001995 0.002358
0.9204 9.662 23.12 15.36 8.019 4.57 2.625 1.421 0.7714 0.4175 0.2467 0.1403 0.07808 0.03998 0.02208 0.01248 0.007036 0.003716 0.002068 0.002556
0.8772 9.95 23.6 15.09 8.243 4.303 2.453 1.409 0.7627 0.414 0.2241 0.1324 0.07531 0.04191 0.02145 0.01185 0.0067 0.003776 0.001994 0.002482
0.8811 10.07 25.73 16.31 8.579 4.684 2.446 1.394 0.8006 0.4335 0.2353 0.1273 0.07525 0.0428 0.02382 0.01219 0.006735 0.003807 0.002146 0.002544
0.8517 9.217 23.77 16.16 8.415 4.426 2.417 1.262 0.7192 0.4131 0.2237 0.1214 0.0657 0.03883 0.02208 0.01229 0.006291 0.003475 0.001965 0.00242
0.8513 8.863 21.74 15 8.387 4.366 2.297 1.254 0.6548 0.3732 0.2143 0.1161 0.06299 0.03409 0.02015 0.01146 0.006376 0.003264 0.001803 0.002275
0.8719 9.506 22.43 14.78 8.393 4.693 2.443 1.285 0.7017 0.3664 0.2088 0.1199 0.06494 0.03525 0.01908 0.01127 0.006411 0.003568 0.001826 0.002282
0.9039 10.41 25.54 16.13 8.744 4.966 2.777 1.446 0.7604 0.4152 0.2168 0.1235 0.07096 0.03842 0.02085 0.01129 0.00667 0.003794 0.002111 0.002431
0.8336 9.043 23.53 15.35 7.961 4.316 2.451 1.37 0.7134 0.3753 0.2049 0.107 0.06097 0.03502 0.01896 0.01029 0.00557 0.003292 0.001872 0.002242
0.9498 9.485 23.23 16.2 8.695 4.509 2.444 1.388 0.7762 0.4041 0.2125 0.1161 0.0606 0.03454 0.01984 0.01074 0.00583 0.003155 0.001865 0.00233
1.004 11.07 24.8 16.2 9.283 4.983 2.584 1.401 0.7956 0.4448 0.2316 0.1218 0.06652 0.03473 0.01979 0.01137 0.006156 0.003341 0.001808 0.002404
0.8939 9.89 24.61 14.64 7.848 4.497 2.414 1.252 0.6786 0.3854 0.2155 0.1122 0.05901 0.03222 0.01682 0.009589 0.005507 0.002982 0.001619 0.002041
0.7945 10.1 25.25 16.83 8.241 4.417 2.531 1.359 0.7045 0.3819 0.2169 0.1213 0.06314 0.03321 0.01814 0.009469 0.005396 0.003099 0.001678 0.002059
0.8425 8.525 24.5 16.36 8.965 4.389 2.352 1.348 0.7235 0.3752 0.2034 0.1155 0.06459 0.03363 0.01769 0.009659 0.005043 0.002874 0.001651 0.001991
0.9126 9.43 21.53 16.56 9.093 4.982 2.439 1.307 0.7491 0.4021 0.2085 0.113 0.0642 0.0359 0.01869 0.00983 0.005368 0.002803 0.001597 0.002024
0.8592 9.339 21.87 13.35 8.435 4.632 2.538 1.243 0.666 0.3816 0.2048 0.1062 0.05759 0.03271 0.01829 0.009521 0.005008 0.002735 0.001428 0.001845
0.8962 9.657 23.78 14.97 7.519 4.752 2.609 1.43 0.7 0.3752 0.215 0.1154 0.05984 0.03244 0.01842 0.0103 0.005363 0.002821 0.00154 0.001843
0.9412 10.39 25.23 16.64 8.616 4.329 2.736 1.502 0.8231 0.403 0.216 0.1238 0.06644 0.03445 0.01868 0.01061 0.005931 0.003088 0.001624 0.001948
0.9082 10.48 25.99 16.81 9.107 4.715 2.369 1.497 0.822 0.4504 0.2205 0.1182 0.06772 0.03635 0.01885 0.01022 0.005804 0.003245 0.00169 0.001955
0.9474 10.02 25.94 17.09 9.08 4.92 2.547 1.28 0.8086 0.4441 0.2433 0.1191 0.06385 0.03658 0.01964 0.01018 0.005521 0.003136 0.001753 0.001969
0.8495 9.254 22.14 15.24 8.248 4.381 2.374 1.229 0.6174 0.3902 0.2143 0.1174 0.05748 0.03081 0.01765 0.009476 0.004914 0.002664 0.001513 0.001796
0.9501 10.43 25.57 16.4 9.297 5.031 2.672 1.448 0.7495 0.3766 0.238 0.1307 0.07161 0.03506 0.01879 0.01077 0.005779 0.002997 0.001625 0.002018
0.9759 10.08 24.88 16.18 8.522 4.83 2.613 1.388 0.7521 0.3893 0.1956 0.1236 0.06789 0.0372 0.01821 0.009761 0.005593 0.003002 0.001557 0.001892
1.029 10.81 25.1 16.48 8.805 4.637 2.628 1.422 0.7552 0.4092 0.2118 0.1064 0.06726 0.03694 0.02024 0.009908 0.005311 0.003043 0.001633 0.001877
0.957 10.36 24.59 15.18 8.188 4.374 2.304 1.306 0.7064 0.3752 0.2033 0.1052 0.05288 0.03342 0.01835 0.01006 0.004923 0.002638 0.001512 0.001744
0.9084 10.38 25.46 16.21 8.233 4.439 2.372 1.249 0.7078 0.383 0.2034 0.1102 0.05706 0.02867 0.01812 0.009949 0.005452 0.002669 0.00143 0.001765
0.9543 10.45 26.96 17.73 9.285 4.716 2.543 1.359 0.7155 0.4055 0.2194 0.1165 0.06315 0.03269 0.01642 0.01038 0.0057 0.003123 0.001529 0.001831
1.064 10.72 26.4 18.17 9.819 5.143 2.613 1.409 0.7526 0.3963 0.2246 0.1215 0.06455 0.03498 0.01811 0.009098 0.005749 0.003157 0.00173 0.001861
0.9761 10.99 24.98 16.39 9.264 5.006 2.622 1.332 0.7182 0.3837 0.2021 0.1145 0.06197 0.03291 0.01783 0.009232 0.004638 0.002931 0.00161 0.001831
1.11 11.63 29.41 17.87 9.642 5.45 2.945 1.543 0.7837 0.4226 0.2258 0.1189 0.06738 0.03646 0.01936 0.01049 0.005432 0.002729 0.001725 0.002024
