Originally  
101 
A 
42	100	
1	1	NA	NA	
1	20	
1 0.02068 0.2274 0.6203 0.3515 0.2688 0.2895 0.08271 0.06203 0.04135 0.04135 0.04135 0 0 0 0 0 0.02068 0 0 0
1 0.06904 0.3625 0.6904 0.1899 0.0863 0.1553 0.06904 0.03452 0.05178 0 0.01726 0 0 0 0 0 0 0 0 0
1 0.08097 0.2834 0.3779 0.3509 0.08097 0.06747 0.05398 0.02699 0 0 0 0.01349 0 0 0 0.01349 0 0 0 0
1 0.01991 0.2788 0.6373 0.5974 0.1792 0.1195 0.01991 0.01991 0.05974 0.01991 0.03983 0 0 0 0 0 0 0 0 0
1 0 0.185 0.5719 0.4709 0.1682 0.1346 0.01682 0.05046 0.03364 0.01682 0.01682 0 0 0.01682 0 0 0 0 0 0
1 0.02314 0.2198 0.3471 0.1736 0.1851 0.05785 0.06942 0.04628 0.02314 0 0.01157 0 0 0 0 0 0 0 0 0
1 0.05612 0.202 0.3143 0.2357 0.1908 0.06735 0 0 0.02245 0 0.01122 0.02245 0 0 0 0 0 0 0 0
1 0.07603 0.1901 0.4815 0.1901 0.1394 0.0887 0.02534 0.01267 0.01267 0 0 0.02534 0 0.01267 0.01267 0 0 0 0 0
1 0.06493 0.2857 0.3766 0.2208 0.1688 0.05195 0.09091 0.02597 0 0 0.01299 0 0 0 0 0 0 0 0 0
1 0.0612 0.153 0.3468 0.2244 0.1224 0.0102 0.051 0.0306 0.0204 0 0 0 0 0 0 0 0 0 0 0
1 0.04389 0.2633 0.2524 0.2633 0.07681 0.04389 0.08778 0.04389 0 0.01097 0.01097 0 0 0 0 0 0 0 0 0
1 0.02702 0.2567 0.5269 0.1351 0.1486 0.1216 0.06755 0.01351 0.02702 0.02702 0 0 0 0 0 0 0 0 0 0
1 0.02403 0.2163 0.4927 0.2644 0.09613 0.0721 0 0.02403 0.01202 0 0 0 0 0 0 0 0 0 0 0
1 0.04219 0.1688 0.5204 0.3657 0.1125 0.1125 0.02813 0.02813 0 0 0.01406 0 0.01406 0 0 0 0 0 0 0
1 0.03205 0.2885 0.5609 0.2724 0.2083 0.09615 0.0641 0.03205 0.01603 0.01603 0.01603 0 0 0 0 0 0 0 0 0
1 0.03856 0.2442 0.3213 0.3856 0.1414 0.07711 0.0257 0.0257 0.01285 0.01285 0 0 0 0 0 0 0 0 0 0
1 0.04776 0.2675 0.2961 0.1528 0.08597 0.04776 0.03821 0 0 0.009553 0.009553 0 0 0 0 0 0 0 0 0
1 0.03174 0.1428 0.2857 0.1825 0.03968 0.05555 0.02381 0.03174 0 0 0 0 0 0 0 0 0 0 0 0
1 0.0542 0.1174 0.271 0.2258 0.1355 0.03613 0.03613 0.009033 0.009033 0 0 0.009033 0 0 0 0 0 0 0 0
1 0.05588 0.1397 0.2887 0.2142 0.09314 0.02794 0.03725 0.05588 0.009314 0.009314 0 0 0 0 0 0 0 0 0 0
1 0.04637 0.1577 0.2968 0.1855 0.1206 0.06492 0.01855 0.01855 0 0.009275 0.009275 0 0 0 0 0 0 0 0 0
1 0.01902 0.1141 0.3518 0.2282 0.1046 0.05705 0.01902 0.04754 0.009509 0 0 0 0 0 0 0 0 0 0 0
1 0.06512 0.08683 0.2098 0.1664 0.07959 0.05789 0.02894 0.02171 0.007236 0 0 0 0 0 0 0 0 0 0 0
1 0.04686 0.154 0.2209 0.1272 0.08702 0 0.02008 0.006694 0 0 0.006694 0 0 0 0 0 0 0 0 0
1 0.01068 0.2671 0.2671 0.203 0.1282 0.08548 0.08548 0.02137 0 0 0 0 0 0 0 0 0 0 0 0
1 0.03724 0.1713 0.2309 0.1341 0.05214 0.04469 0.03724 0.0149 0.0149 0 0 0 0 0 0.007448 0 0 0 0 0
1 0.02211 0.08107 0.3022 0.1474 0.09581 0.02948 0.02211 0 0.00737 0.02211 0.00737 0 0 0 0 0 0 0 0 0
1 0.03529 0.1059 0.2647 0.15 0.15 0.05293 0.06176 0.05293 0.008822 0 0 0 0 0 0 0 0 0 0 0
1 0.01763 0.1851 0.3789 0.09694 0.06169 0.04406 0.04406 0.01763 0.02644 0.008813 0 0 0 0 0 0 0 0 0 0
1 0.03453 0.1381 0.3039 0.08287 0.04143 0.04143 0.02762 0.01381 0 0 0.006906 0 0 0 0 0 0 0 0 0
1 0.01477 0.1551 0.229 0.1699 0.08124 0.0517 0.01477 0.007386 0.007386 0 0 0 0 0 0.007386 0 0 0 0 0
1 0.01664 0.1748 0.2829 0.1831 0.08322 0.02496 0.01664 0.02496 0.008322 0.008322 0.008322 0 0 0 0 0 0 0 0 0
1 0.03111 0.1244 0.2722 0.1944 0.07777 0.04666 0.02333 0 0.007777 0 0 0 0 0 0 0 0 0 0 0
1 0.05936 0.1866 0.2374 0.1696 0.1018 0.0424 0.00848 0.02544 0 0.00848 0.00848 0 0 0 0 0 0 0 0 0
1 0.02292 0.275 0.3209 0.2063 0.09167 0.149 0.04584 0.01146 0.01146 0.01146 0 0 0 0 0 0 0 0 0 0
1 0.03748 0.1874 0.3186 0.1405 0.1218 0.03748 0.03748 0.03748 0.00937 0.00937 0 0 0 0 0 0 0 0 0 0
1 0.01595 0.1276 0.2472 0.1834 0.1116 0.0319 0.04785 0.007975 0.007975 0.01595 0 0 0 0 0 0 0 0 0 0
1 0.01598 0.1438 0.2716 0.1678 0.07988 0.05592 0.01598 0.02396 0.01598 0.007988 0 0 0 0 0 0 0 0 0 0
1 0.02767 0.1245 0.2214 0.1315 0.1315 0.02076 0.006919 0.02076 0.006919 0 0 0 0 0 0 0 0 0 0 0
1 0 0.1581 0.2634 0.1806 0.07527 0.05269 0.007527 0 0.007527 0 0.007527 0 0 0 0 0 0 0 0 0
1 0.006569 0.1577 0.1839 0.1379 0.0854 0.03941 0.02628 0.01314 0.006569 0 0 0 0 0 0 0 0 0 0 0
1 0.01065 0.1598 0.4581 0.1811 0.07457 0.06392 0.03196 0.05327 0.02131 0.01065 0 0 0 0 0 0 0 0 0 0
1 0.02386 0.1272 0.2704 0.1193 0.1113 0.02386 0.04772 0.04772 0.02386 0 0 0 0 0 0 0 0 0 0 0
1 0.01784 0.1784 0.339 0.1695 0.09813 0.03569 0.01784 0.01784 0.01784 0 0 0 0 0 0 0 0 0 0 0
1 0.02903 0.1524 0.2686 0.1234 0.06533 0.03629 0.05081 0 0 0 0 0 0 0 0 0 0 0 0 0
1 0.01687 0.1602 0.3542 0.1687 0.06746 0.0506 0.01687 0 0.008433 0 0 0 0 0 0 0 0 0 0 0
1 0.04884 0.1465 0.2023 0.1465 0.04186 0.03488 0.04186 0 0.006977 0.01395 0.006977 0 0 0 0 0.006977 0 0 0 0
1 0.006946 0.1459 0.2362 0.125 0.1042 0.02084 0.02778 0.01389 0.006946 0 0 0 0 0.006946 0 0 0 0 0 0
1 0.021 0.1785 0.3361 0.273 0.1155 0.08401 0.021 0.0105 0 0.0105 0 0 0 0 0 0 0 0 0 0
1 0.01553 0.1087 0.2795 0.1242 0.132 0.03106 0.05435 0.02329 0 0.007764 0 0 0 0 0 0 0 0 0 0
1 0.007315 0.1829 0.1756 0.1682 0.05852 0.05852 0.05852 0 0 0 0.01463 0 0.007315 0 0 0 0 0 0 0
1 0.03139 0.1046 0.1935 0.08893 0.03662 0.03139 0.005231 0.02092 0 0.01046 0 0 0 0 0 0 0 0 0 0
1 0.03204 0.1816 0.3418 0.235 0.1495 0.04272 0.04272 0.02136 0.01068 0 0.01068 0 0 0 0 0 0 0 0 0
1 0.05476 0.1164 0.2533 0.1506 0.05476 0.02054 0.01369 0.01369 0.006845 0 0 0 0 0 0 0 0 0 0 0
1 0.01051 0.2523 0.3574 0.1682 0.1156 0.07359 0.04205 0.02103 0.01051 0 0 0 0 0 0 0 0 0 0 0
1 0.02668 0.1779 0.3024 0.1779 0.08893 0.04447 0.04447 0.008893 0 0.008893 0.008893 0 0 0 0 0 0 0 0 0
1 0.008706 0.148 0.296 0.2089 0.09577 0.05224 0.05224 0.008706 0 0 0 0 0 0 0 0 0 0 0 0
1 0.01 0.27 0.26 0.13 0.18 0.05 0.07 0.01 0.01 0 0.01 0 0 0 0 0 0 0 0 0
1 0.01908 0.1813 0.353 0.105 0.1527 0.08588 0.04771 0 0.009542 0 0 0 0 0 0 0 0 0 0 0
