Originally  
101 
A 
2	100	
1	1	NA	NA	
1	20	
1 445.2 368.4 214.9 184.2 92.1 61.4 76.75 30.7 15.35 15.35 0 0 15.35 0 0 0 0 0 0 15.35
1 505.3 348.5 261.3 261.3 209.1 52.27 34.85 0 52.27 17.42 0 0 0 0 0 0 0 0 0 0
1 383 499.5 299.7 149.9 83.26 49.95 149.9 16.65 16.65 0 0 16.65 0 0 0 0 0 0 0 0
1 220.2 201.1 249 67.03 47.88 57.46 19.15 19.15 38.3 9.576 19.15 0 0 9.576 0 0 0 0 0 0
1 282.3 169.4 146.8 271 56.47 45.17 45.17 56.47 0 0 11.29 33.88 0 0 11.29 0 0 0 0 0
1 463.1 262.4 169.8 185.3 200.7 61.75 46.31 30.88 30.88 61.75 0 15.44 0 0 0 0 0 0 0 15.44
1 304.8 197.7 74.14 49.43 74.14 32.95 16.48 24.71 32.95 0 8.238 0 0 0 0 0 0 0 0 8.238
1 445.4 267.2 222.7 193 74.24 44.54 74.24 14.85 14.85 59.39 44.54 0 0 14.85 0 0 0 0 14.85 0
1 387.1 240.6 94.17 73.24 83.7 20.93 20.93 62.78 0 20.93 20.93 0 10.46 0 0 0 0 0 0 10.46
1 242.5 233.8 138.6 60.62 51.96 34.64 17.32 25.98 8.66 25.98 8.66 8.66 0 0 0 0 0 0 0 8.66
1 425.3 172.4 229.9 137.9 114.9 34.48 11.49 11.49 0 0 0 0 0 11.49 0 0 0 0 0 0
1 393.5 170.2 85.08 127.6 106.3 63.81 31.9 21.27 0 10.63 10.63 0 10.63 0 21.27 10.63 0 0 0 0
1 387.8 279.2 232.7 186.2 139.6 124.1 46.54 77.56 15.51 0 31.03 0 0 0 15.51 0 0 15.51 0 0
1 499.7 209.5 241.8 209.5 64.47 96.71 64.47 16.12 32.24 64.47 0 16.12 48.35 16.12 0 0 0 0 0 32.24
1 443 316.4 126.6 151.9 113.9 50.62 0 25.31 12.66 12.66 12.66 0 0 0 0 0 0 0 0 0
1 586.6 364.6 221.9 95.12 95.12 63.41 47.56 47.56 31.71 0 0 0 0 0 15.85 15.85 0 0 0 0
1 189.7 433.6 352.3 94.85 67.75 67.75 94.85 27.1 13.55 13.55 0 0 0 0 0 0 0 0 0 0
1 363 212.8 250.4 162.7 87.63 50.07 25.04 50.07 37.55 0 0 0 0 0 0 0 0 0 0 12.52
1 211.2 335.4 136.6 161.5 173.9 62.1 0 62.1 12.42 24.84 12.42 24.84 12.42 0 12.42 0 0 0 0 0
1 552.4 148.2 148.2 67.36 107.8 80.84 80.84 26.95 67.36 40.42 13.47 0 0 0 0 0 13.47 0 0 0
1 294.6 196.4 116.1 98.21 35.71 53.57 53.57 17.86 8.929 8.929 0 0 0 8.929 0 0 0 0 0 0
1 406.9 346.6 256.2 180.9 45.21 60.28 45.21 60.28 45.21 15.07 15.07 30.14 0 0 0 0 0 0 0 0
1 309.1 284.4 222.6 173.1 49.46 86.56 24.73 24.73 24.73 12.37 0 24.73 0 0 0 0 0 0 0 0
1 388.7 236 333.2 166.6 69.41 13.88 13.88 27.76 55.53 13.88 27.76 0 0 13.88 0 27.76 0 0 0 0
1 468.4 156.1 130.1 208.2 117.1 117.1 52.05 13.01 0 13.01 0 13.01 0 0 13.01 0 0 0 0 0
1 303.1 206.1 84.87 133.4 194 60.62 84.87 48.5 36.37 12.12 0 36.37 0 12.12 0 0 0 0 0 0
1 281.6 259 202.7 112.6 67.58 67.58 67.58 33.79 0 22.53 0 0 0 0 11.26 0 0 0 0 0
1 828.2 220.8 312.9 110.4 92.02 55.21 110.4 0 0 0 55.21 0 55.21 0 0 0 0 0 0 0
1 333.1 233.2 111 111 99.92 44.41 55.51 11.1 55.51 22.2 0 22.2 0 0 11.1 0 0 0 0 0
1 268.2 209.9 186.6 69.97 116.6 128.3 46.65 23.32 34.99 34.99 0 0 11.66 11.66 11.66 0 0 0 11.66 0
1 381 324.6 183.5 197.6 127 70.56 28.22 14.11 14.11 14.11 14.11 0 0 0 14.11 0 0 14.11 0 14.11
1 289.7 301.8 108.6 108.6 169 24.14 48.28 48.28 12.07 0 12.07 12.07 24.14 12.07 0 12.07 0 0 12.07 12.07
1 330 182.1 204.8 159.3 79.65 79.65 0 22.76 56.89 11.38 0 11.38 0 0 0 0 0 0 0 0
1 590.9 461.6 313.9 129.3 110.8 110.8 18.47 36.93 55.4 0 0 0 0 18.47 0 0 0 0 0 0
1 474.2 254.4 127.2 57.82 57.82 46.26 46.26 11.56 34.69 0 34.69 0 0 0 0 0 0 11.56 0 0
1 557 360.4 278.5 131 81.91 81.91 49.14 49.14 0 16.38 0 16.38 0 16.38 0 0 0 0 0 0
1 331.1 217.3 155.2 155.2 20.69 31.04 31.04 20.69 20.69 10.35 10.35 0 0 0 0 10.35 0 10.35 0 10.35
1 536.4 195.1 211.3 276.3 162.6 48.77 32.51 48.77 16.26 0 16.26 32.51 16.26 16.26 0 0 16.26 0 0 0
1 514.5 709.7 141.9 88.71 141.9 88.71 0 35.49 0 0 35.49 0 17.74 0 0 0 0 0 0 0
1 363.3 324.4 272.5 155.7 38.93 25.95 64.88 0 0 38.93 0 0 0 12.98 0 0 0 0 0 0
1 297.6 184.7 236 133.4 41.05 30.79 82.09 10.26 10.26 0 0 0 0 0 0 0 0 0 0 0
1 316.8 316.8 201.6 100.8 230.4 71.99 57.59 71.99 28.8 28.8 0 14.4 0 0 0 0 0 0 0 0
1 969.1 209 247 95.01 152 57 38 19 38 19 19 0 0 0 0 19 0 19 0 0
1 465.2 394.7 126.9 98.68 112.8 84.58 70.49 14.1 14.1 0 0 0 0 14.1 14.1 0 0 0 0 0
1 265.4 343.4 468.3 93.66 140.5 93.66 62.44 15.61 15.61 31.22 31.22 0 0 0 0 0 0 0 0 0
1 758.1 234.7 216.6 216.6 90.25 126.4 54.15 18.05 18.05 36.1 18.05 18.05 0 0 0 0 0 0 0 0
1 754.4 535.4 389.4 267.7 219 73 73 24.33 24.33 0 0 24.33 0 0 0 0 0 24.33 0 24.33
1 362.8 234.1 210.6 93.62 58.51 105.3 23.41 23.41 23.41 23.41 0 0 0 0 0 11.7 0 0 0 0
1 316.6 330.4 261.5 179 41.3 110.1 41.3 0 27.53 13.77 27.53 0 13.77 0 0 13.77 0 0 0 0
1 261.8 261.8 174.5 185.4 43.63 54.53 43.63 32.72 21.81 10.91 0 0 0 0 0 0 0 0 0 0
1 526.5 250.1 171.1 65.81 39.49 105.3 13.16 52.65 39.49 0 13.16 13.16 0 0 0 13.16 13.16 0 0 0
1 564.4 259.3 244.1 91.52 152.5 76.27 91.52 15.25 15.25 0 0 0 15.25 0 0 0 0 0 0 0
1 260.6 430.1 273.7 169.4 78.19 26.06 13.03 26.06 0 0 0 13.03 0 13.03 0 0 0 0 0 0
1 295.9 208.2 164.4 164.4 87.66 43.83 76.7 10.96 21.92 0 10.96 10.96 0 0 0 0 0 0 0 0
1 708.4 253 168.7 151.8 185.5 101.2 50.6 33.73 16.87 16.87 0 0 0 0 0 0 0 0 0 0
1 195.5 293.3 105.9 73.31 57.02 32.58 8.146 32.58 8.146 0 8.146 0 0 0 0 0 0 0 0 0
1 289 211.9 269.7 57.8 38.53 28.9 19.27 9.633 28.9 0 9.633 0 0 0 0 0 0 0 0 0
1 238.6 265.2 106.1 123.7 35.35 17.68 35.35 8.838 17.68 17.68 8.838 8.838 0 0 0 0 0 0 0 0
1 573.6 280.4 178.5 76.48 102 12.75 0 38.24 0 0 12.75 0 0 0 0 0 0 0 0 0
1 295.3 313.8 129.2 73.83 46.14 18.46 27.69 9.228 9.228 0 0 0 0 0 0 0 0 0 0 0
1 601.5 451.2 384.3 83.55 50.13 50.13 50.13 0 0 0 0 0 0 0 0 0 0 0 0 0
1 272.8 436.4 120 120 76.38 21.82 21.82 10.91 10.91 0 0 0 0 0 0 0 0 0 0 0
1 384.8 160.3 256.6 74.83 106.9 21.38 21.38 10.69 21.38 0 0 0 0 10.69 0 0 0 0 0 0
1 491.8 290.6 122.9 78.24 55.88 78.24 0 0 0 0 0 0 0 0 0 0 0 0 0 0
1 528.5 331.9 196.7 49.16 36.87 36.87 36.87 0 0 0 12.29 0 0 0 0 0 0 0 0 0
1 762.8 398 248.8 149.3 16.58 33.17 0 16.58 33.17 0 0 0 0 0 0 0 0 0 0 0
1 341.9 654 223 104 74.32 0 44.59 14.86 14.86 14.86 0 0 0 0 0 0 0 0 0 0
1 364.7 255.3 352.6 145.9 36.47 36.47 24.32 0 0 0 0 0 0 0 0 0 0 0 0 0
1 297.7 225.5 207.5 126.3 45.11 0 0 0 0 0 0 0 0 0 0 0 0 0 0 0
1 483.1 422.7 302 135.9 45.29 105.7 0 15.1 0 0 0 0 0 0 0 0 0 0 0 0
1 947.6 346.2 255.1 72.89 72.89 54.67 54.67 18.22 0 0 0 0 0 0 0 0 0 0 0 0
1 209.4 366.5 157.1 78.54 17.45 17.45 0 8.726 0 8.726 0 8.726 0 0 0 0 0 0 0 0
1 333.3 152.4 238.1 85.7 85.7 19.04 19.04 0 19.04 0 0 0 0 0 0 0 0 0 0 0
1 264.6 198.4 132.3 179.5 66.14 75.59 0 0 28.35 0 0 0 0 0 0 0 0 0 0 0
1 219.1 280.4 157.7 43.82 78.87 70.11 17.53 8.764 0 0 0 0 0 0 0 0 0 0 0 0
1 340.1 194.4 194.4 116.6 38.87 29.15 19.44 9.718 0 0 29.15 0 0 0 0 0 0 0 0 0
1 647.8 275.9 108 47.98 35.99 23.99 0 0 12 23.99 12 12 0 0 0 0 0 0 0 0
1 720.5 544.4 128.1 80.06 32.02 0 16.01 32.02 32.02 16.01 0 0 0 0 0 0 0 0 0 0
1 184.2 309.7 175.8 66.97 25.11 50.23 8.371 0 8.371 8.371 0 0 0 0 0 0 0 0 0 0
1 801.1 184.9 200.3 184.9 61.63 61.63 15.41 30.81 0 0 0 0 0 0 0 0 0 0 0 0
1 216 274.1 91.37 99.67 132.9 8.306 0 8.306 0 0 0 0 0 0 0 0 0 0 0 0
1 297.1 285.6 251.4 91.4 114.3 68.55 11.43 11.43 11.43 0 0 0 0 0 0 0 0 0 0 0
1 302.4 171.6 130.8 114.4 24.52 32.69 40.86 0 0 0 0 0 0 0 0 0 0 0 0 0
1 338.8 151.6 151.6 107 80.25 35.67 8.916 17.83 0 0 0 0 0 0 0 0 0 0 0 0
1 682.1 240.7 187.2 66.87 53.5 53.5 0 26.75 0 13.37 0 0 13.37 0 0 0 0 0 0 0
1 896.2 216.8 159 72.28 0 57.82 14.46 14.46 0 0 14.46 0 0 0 0 0 0 0 0 0
1 338.6 410.4 123.1 112.9 20.52 0 10.26 0 0 10.26 0 0 0 0 0 0 0 0 0 0
1 237.4 299.8 412.3 187.4 62.47 37.48 12.49 0 0 0 0 0 0 0 0 0 0 0 0 0
1 495.5 247.8 173.4 185.8 74.33 24.78 12.39 24.78 0 0 0 0 0 0 0 0 0 0 0 0
1 290.9 743.4 210.1 161.6 113.1 80.81 0 16.16 0 0 0 0 0 0 0 0 0 0 0 0
1 472.4 204.3 204.3 76.61 127.7 140.4 12.77 0 25.54 12.77 0 0 0 0 0 0 0 0 0 0
1 311.9 247.4 150.6 107.5 64.53 107.5 43.02 0 10.75 0 0 10.75 10.75 10.75 0 0 0 0 0 0
1 382.1 136.4 109.2 72.77 81.87 54.58 36.39 9.096 18.19 9.096 0 0 0 0 0 0 0 0 0 0
1 466.3 222.5 74.18 84.77 52.98 95.37 42.39 0 10.6 0 0 10.6 0 0 0 0 0 0 0 0
1 415.9 392.8 138.6 104 46.21 0 34.66 0 11.55 11.55 0 0 0 0 0 0 0 0 0 0
1 420.5 161.7 215.6 150.9 53.91 10.78 10.78 10.78 0 21.56 10.78 10.78 0 0 0 0 0 0 0 0
1 262.2 410.3 136.8 182.4 91.19 34.2 11.4 0 0 0 0 11.4 0 0 0 0 0 0 0 0
1 390.1 136.5 204.8 117 29.26 39.01 48.77 0 0 0 9.753 0 0 0 0 0 0 0 0 0
1 178.2 159.1 108.2 89.1 31.82 0 19.09 25.46 0 6.364 12.73 6.364 0 0 0 0 0 0 0 0
