 landings-at-age - landings.n (units : NA )
1	2	
42	100	
1	20	
1 
0.004301 0.05338 0.15 0.1362 0.09644 0.06946 0.04897 0.03438 0.02347 0.01553 0.0109 0.007749 0.005692 0.004589 0.003074 0.002136 0.001412 0.001002 0.0007626 0.001879
0.004512 0.04829 0.1498 0.1251 0.09549 0.06762 0.0487 0.03434 0.02411 0.01646 0.01089 0.00764 0.005433 0.003991 0.003218 0.002156 0.001497 0.0009901 0.0007026 0.001852
0.07229 0.796 2.12 1.951 1.37 1.046 0.7408 0.5336 0.3762 0.2641 0.1803 0.1193 0.0837 0.05953 0.04373 0.03525 0.02362 0.01641 0.01085 0.02799
0.1292 1.567 4.268 3.354 2.593 1.82 1.39 0.9843 0.7089 0.4998 0.3509 0.2395 0.1585 0.1112 0.07909 0.0581 0.04684 0.03138 0.0218 0.0516
0.2018 2.142 6.39 5.104 3.364 2.601 1.826 1.394 0.9873 0.7111 0.5013 0.352 0.2403 0.159 0.1116 0.07934 0.05827 0.04698 0.03147 0.07362
0.2761 2.986 7.749 6.739 4.509 2.972 2.298 1.613 1.232 0.8722 0.6282 0.4429 0.311 0.2123 0.1404 0.09855 0.07008 0.05148 0.0415 0.09284
0.3379 3.833 10.07 7.576 5.511 3.688 2.431 1.879 1.319 1.007 0.7134 0.5138 0.3622 0.2543 0.1736 0.1148 0.0806 0.05732 0.0421 0.1099
0.4272 4.501 12.34 9.338 5.868 4.269 2.857 1.883 1.456 1.022 0.7803 0.5525 0.398 0.2806 0.197 0.1345 0.08896 0.06243 0.0444 0.1177
0.4917 5.527 13.99 10.98 6.934 4.357 3.17 2.121 1.398 1.081 0.7588 0.5794 0.4103 0.2955 0.2083 0.1463 0.09984 0.06605 0.04635 0.1204
0.5967 6.225 16.71 12.04 7.87 4.972 3.124 2.273 1.521 1.002 0.7749 0.544 0.4154 0.2942 0.2119 0.1494 0.1049 0.07159 0.04736 0.1195
0.6326 7.426 18.39 13.97 8.373 5.475 3.459 2.173 1.581 1.058 0.6973 0.5391 0.3785 0.289 0.2047 0.1474 0.1039 0.07296 0.0498 0.1161
0.6879 7.766 21.52 14.98 9.457 5.67 3.708 2.342 1.472 1.071 0.7165 0.4722 0.3651 0.2563 0.1957 0.1386 0.09982 0.07037 0.04941 0.1124
0.7194 8.348 22.12 17.12 9.901 6.249 3.746 2.45 1.548 0.9724 0.7075 0.4734 0.312 0.2412 0.1693 0.1293 0.09157 0.06595 0.0465 0.1069
0.802 8.645 23.41 17.22 11.06 6.393 4.035 2.419 1.582 0.9993 0.6279 0.4568 0.3057 0.2015 0.1558 0.1094 0.0835 0.05913 0.04259 0.09905
0.8596 9.557 23.9 17.87 10.89 6.988 4.04 2.55 1.529 0.9997 0.6315 0.3968 0.2887 0.1932 0.1273 0.09843 0.06911 0.05277 0.03737 0.08951
0.9027 10.17 26.08 17.89 11.06 6.739 4.326 2.501 1.579 0.9464 0.6189 0.3909 0.2457 0.1787 0.1196 0.07882 0.06094 0.04278 0.03267 0.07854
1.024 10.61 27.4 19.16 10.86 6.713 4.09 2.626 1.518 0.9581 0.5744 0.3756 0.2373 0.1491 0.1085 0.07259 0.04784 0.03699 0.02597 0.0675
1.188 11.97 28.25 19.78 11.41 6.466 3.997 2.435 1.563 0.9039 0.5705 0.342 0.2237 0.1413 0.08878 0.06459 0.04322 0.02849 0.02202 0.05565
1.096 13.8 31.52 20.05 11.56 6.669 3.779 2.336 1.423 0.9138 0.5283 0.3334 0.1999 0.1307 0.08258 0.05189 0.03775 0.02526 0.01665 0.0454
1.216 12.66 35.96 21.99 11.51 6.636 3.828 2.169 1.341 0.8169 0.5245 0.3032 0.1914 0.1147 0.07503 0.0474 0.02978 0.02167 0.0145 0.03561
1.169 13.99 32.66 24.68 12.4 6.488 3.742 2.158 1.223 0.756 0.4606 0.2957 0.171 0.1079 0.0647 0.0423 0.02672 0.01679 0.01222 0.02826
1.176 12.75 34.13 21.1 13.08 6.57 3.438 1.983 1.144 0.6481 0.4006 0.2441 0.1567 0.0906 0.05718 0.03428 0.02242 0.01416 0.008899 0.02145
1.216 12.82 31.1 22.05 11.18 6.931 3.482 1.822 1.051 0.6061 0.3435 0.2123 0.1294 0.08305 0.04801 0.0303 0.01817 0.01188 0.007505 0.01608
1.174 13.25 31.27 20.09 11.68 5.925 3.673 1.845 0.9655 0.5568 0.3212 0.182 0.1125 0.06855 0.04401 0.02544 0.01606 0.009629 0.006296 0.0125
1.119 12.8 32.33 20.2 10.65 6.192 3.14 1.946 0.9778 0.5117 0.2951 0.1702 0.09646 0.05963 0.03633 0.02332 0.01348 0.008511 0.005103 0.009961
0.9976 12.2 31.23 20.89 10.7 5.642 3.281 1.664 1.031 0.5182 0.2712 0.1564 0.0902 0.05112 0.0316 0.01925 0.01236 0.007146 0.00451 0.007983
0.9864 10.88 29.76 20.17 11.07 5.673 2.99 1.739 0.8818 0.5466 0.2746 0.1437 0.08287 0.0478 0.02709 0.01675 0.0102 0.00655 0.003787 0.006621
0.9736 10.75 26.54 19.22 10.69 5.865 3.006 1.585 0.9215 0.4673 0.2897 0.1455 0.07615 0.04392 0.02533 0.01436 0.008874 0.005407 0.003471 0.005515
0.942 10.61 26.24 17.14 10.19 5.665 3.108 1.593 0.8397 0.4883 0.2477 0.1535 0.07712 0.04036 0.02327 0.01342 0.007607 0.004703 0.002865 0.004762
0.9358 10.27 25.9 16.95 9.083 5.398 3.002 1.647 0.8443 0.445 0.2588 0.1312 0.08135 0.04087 0.02139 0.01233 0.007114 0.004032 0.002492 0.004042
1.047 10.2 25.06 16.73 8.982 4.814 2.86 1.591 0.8729 0.4474 0.2358 0.1371 0.06955 0.04311 0.02166 0.01133 0.006536 0.00377 0.002136 0.003463
0.9811 11.42 24.89 16.18 8.865 4.76 2.551 1.516 0.8432 0.4626 0.2371 0.125 0.07268 0.03686 0.02285 0.01148 0.006006 0.003464 0.001998 0.002967
0.8898 10.7 27.85 16.08 8.577 4.698 2.522 1.352 0.8033 0.4468 0.2451 0.1257 0.06623 0.03852 0.01953 0.01211 0.006082 0.003183 0.001836 0.002631
0.9419 9.701 26.1 17.99 8.521 4.545 2.49 1.337 0.7164 0.4257 0.2368 0.1299 0.06659 0.0351 0.02041 0.01035 0.006416 0.003223 0.001687 0.002367
0.9406 10.27 23.67 16.86 9.534 4.516 2.409 1.319 0.7084 0.3796 0.2256 0.1255 0.06885 0.03529 0.0186 0.01082 0.005485 0.0034 0.001708 0.002148
0.9677 10.25 25.06 15.29 8.933 5.052 2.393 1.276 0.6992 0.3754 0.2012 0.1196 0.0665 0.03648 0.0187 0.009856 0.005732 0.002907 0.001802 0.002044
0.9416 10.55 25.02 16.18 8.102 4.734 2.677 1.268 0.6765 0.3705 0.1989 0.1066 0.06336 0.03524 0.01933 0.00991 0.005223 0.003038 0.00154 0.002038
0.9645 10.27 25.74 16.16 8.576 4.294 2.509 1.419 0.672 0.3585 0.1963 0.1054 0.0565 0.03357 0.01868 0.01025 0.005252 0.002768 0.00161 0.001896
0.9275 10.51 25.05 16.63 8.564 4.545 2.275 1.329 0.7519 0.3561 0.19 0.1041 0.05587 0.02994 0.01779 0.009897 0.00543 0.002783 0.001467 0.001858
0.9137 10.11 25.66 16.18 8.811 4.539 2.409 1.206 0.7045 0.3985 0.1887 0.1007 0.05514 0.02961 0.01587 0.009429 0.005245 0.002878 0.001475 0.001762
0.937 9.724 24.13 16.22 8.39 4.569 2.354 1.249 0.6253 0.3653 0.2066 0.09787 0.05221 0.0286 0.01535 0.008229 0.00489 0.00272 0.001492 0.001679
0.9057 9.973 23.27 15.34 8.462 4.378 2.384 1.228 0.6518 0.3263 0.1906 0.1078 0.05107 0.02724 0.01492 0.008012 0.004294 0.002552 0.001419 0.001655
0.9868 9.641 23.93 14.87 8.054 4.443 2.299 1.252 0.6449 0.3422 0.1713 0.1001 0.05662 0.02682 0.0143 0.007835 0.004207 0.002255 0.00134 0.001614
0.8508 10.5 23.2 15.38 7.859 4.255 2.347 1.215 0.6614 0.3407 0.1808 0.09052 0.05289 0.02991 0.01417 0.007558 0.00414 0.002223 0.001191 0.001561
0.8405 9.056 25.34 14.99 8.176 4.178 2.262 1.248 0.6456 0.3516 0.1811 0.09612 0.04812 0.02811 0.0159 0.007532 0.004018 0.002201 0.001182 0.001463
0.7865 8.946 21.91 16.47 8.018 4.373 2.234 1.21 0.6674 0.3453 0.1881 0.09687 0.05141 0.02574 0.01504 0.008505 0.004028 0.002149 0.001177 0.001414
0.7576 8.371 21.69 14.31 8.861 4.314 2.353 1.202 0.651 0.3591 0.1858 0.1012 0.05212 0.02766 0.01385 0.008091 0.004576 0.002167 0.001156 0.001394
0.7716 8.062 20.35 14.25 7.748 4.797 2.335 1.274 0.6508 0.3524 0.1944 0.1006 0.05477 0.02821 0.01497 0.007496 0.00438 0.002477 0.001173 0.001381
0.7846 8.209 19.65 13.44 7.76 4.219 2.612 1.272 0.6936 0.3544 0.1919 0.1059 0.05477 0.02983 0.01536 0.008153 0.004082 0.002385 0.001349 0.001391
0.7066 8.346 20.06 13.04 7.362 4.251 2.311 1.431 0.6966 0.3799 0.1941 0.1051 0.05798 0.03 0.01634 0.008416 0.004466 0.002236 0.001306 0.001501
0.6999 7.513 20.44 13.38 7.187 4.056 2.342 1.273 0.7883 0.3838 0.2093 0.1069 0.05791 0.03195 0.01653 0.009001 0.004637 0.002461 0.001232 0.001547
0.6699 7.439 18.44 13.71 7.417 3.983 2.248 1.298 0.7055 0.4368 0.2127 0.116 0.05926 0.03209 0.0177 0.009159 0.004988 0.002569 0.001364 0.00154
0.6699 7.117 18.3 12.43 7.64 4.133 2.219 1.253 0.7232 0.3932 0.2434 0.1185 0.06464 0.03303 0.01788 0.009865 0.005104 0.00278 0.001432 0.001618
0.6391 7.113 17.54 12.4 6.968 4.282 2.316 1.244 0.702 0.4053 0.2203 0.1364 0.06642 0.03623 0.01851 0.01002 0.005529 0.00286 0.001558 0.001709
0.6107 6.782 17.57 11.95 6.987 3.926 2.413 1.305 0.7009 0.3955 0.2284 0.1242 0.07687 0.03743 0.02041 0.01043 0.005647 0.003115 0.001612 0.001841
0.5653 6.475 16.78 12.02 6.768 3.958 2.224 1.367 0.7395 0.3971 0.2241 0.1294 0.07034 0.04355 0.0212 0.01156 0.005908 0.003199 0.001765 0.001956
0.5125 5.988 16.05 11.54 6.846 3.854 2.254 1.267 0.7785 0.4211 0.2261 0.1276 0.07369 0.04006 0.0248 0.01208 0.006586 0.003365 0.001822 0.002119
0.4553 5.424 14.87 11.08 6.604 3.919 2.206 1.29 0.7252 0.4456 0.2411 0.1294 0.07306 0.04218 0.02293 0.0142 0.006913 0.00377 0.001926 0.002256
0.4371 4.813 13.49 10.31 6.377 3.799 2.254 1.269 0.7424 0.4172 0.2564 0.1387 0.07447 0.04203 0.02427 0.01319 0.008168 0.003977 0.002169 0.002406
