Originally  
101 
A 
42	100	
1	1	NA	NA	
1	20	
1 0.01907 0.248 0.4768 0.3052 0.2861 0.1335 0.1526 0.1335 0.05722 0.03815 0.03815 0 0.01907 0 0 0 0 0 0 0
1 0.02037 0.1629 0.2851 0.4481 0.2851 0.2648 0.2037 0.1833 0.02037 0.0611 0.02037 0.02037 0.02037 0 0.02037 0 0 0 0 0.02037
1 0.06568 0.2408 0.5036 0.4598 0.2408 0.1314 0.1095 0.197 0.1314 0.02189 0.02189 0 0.02189 0 0 0.02189 0 0 0.02189 0
1 0.0355 0.2663 0.4971 0.213 0.3018 0.1065 0.08876 0.08876 0.07101 0 0.01775 0.0355 0 0.01775 0.01775 0 0 0.01775 0 0
1 0.02129 0.2129 0.5748 0.4258 0.3193 0.08515 0.1064 0.1916 0.08515 0.02129 0 0.02129 0.02129 0.02129 0 0 0 0 0 0.02129
1 0.02167 0.3684 0.4551 0.3251 0.3901 0.1084 0.1084 0.06501 0.04334 0.06501 0.08668 0.06501 0.02167 0.04334 0 0 0 0 0 0
1 0.03908 0.3127 0.3713 0.2931 0.2931 0.1759 0.09771 0.1368 0.09771 0.03908 0.01954 0.01954 0.05863 0 0 0 0 0 0 0
1 0.01367 0.246 0.2733 0.3006 0.1367 0.09566 0.041 0.1093 0.041 0.02733 0.041 0.01367 0.01367 0 0.01367 0 0 0 0 0
1 0.08033 0.3749 0.5623 0.2945 0.4016 0.1874 0.2945 0.1071 0.08033 0.02678 0.1071 0.02678 0.05355 0.02678 0.02678 0.02678 0 0 0 0
1 0.03561 0.1068 0.3679 0.2374 0.1306 0.09495 0.09495 0.03561 0.03561 0 0.01187 0.01187 0.01187 0.01187 0 0 0 0 0 0
1 0.06759 0.2704 0.5745 0.2028 0.1521 0.1521 0.08449 0.1014 0.0169 0.0169 0.0169 0 0 0 0 0 0 0.0169 0 0.0169
1 0.04361 0.2072 0.3271 0.1963 0.08723 0.03271 0.06542 0.07632 0.0109 0.02181 0 0.02181 0 0 0 0 0 0 0 0
1 0.01323 0.2117 0.2911 0.2646 0.172 0.1455 0.06616 0.05292 0.01323 0.01323 0.03969 0.01323 0 0 0.01323 0 0 0.01323 0 0
1 0.03339 0.3172 0.5009 0.3172 0.2337 0.08348 0.08348 0.03339 0.03339 0 0.0167 0 0.0167 0 0 0 0 0 0 0
1 0.01079 0.1942 0.3021 0.2374 0.1618 0.08631 0.03237 0.02158 0 0.01079 0.01079 0.01079 0 0 0 0 0 0 0 0
1 0.05966 0.2506 0.2864 0.2744 0.09546 0.09546 0.05966 0.04773 0.01193 0.01193 0 0 0 0 0 0 0 0 0 0
1 0.03302 0.2202 0.3633 0.1651 0.1651 0.03302 0.03302 0.03302 0.02202 0 0.01101 0.01101 0 0 0 0.01101 0 0 0 0
1 0.02242 0.1906 0.2466 0.2578 0.1009 0.1121 0.08968 0.04484 0 0.02242 0.03363 0 0 0 0 0 0 0 0 0
1 0.07555 0.3274 0.4155 0.2267 0.1133 0.03778 0.02518 0.01259 0.01259 0 0 0.01259 0 0 0 0 0 0 0 0
1 0.02746 0.2608 0.5079 0.1647 0.2059 0.08237 0.06864 0.01373 0.01373 0.01373 0 0 0 0 0.01373 0 0 0 0 0
1 0.02968 0.2523 0.4898 0.3859 0.1929 0.07421 0.02968 0.01484 0 0.01484 0 0 0 0 0 0 0 0 0 0
1 0.03122 0.2081 0.3122 0.2081 0.09366 0.07285 0.04163 0.05204 0 0.01041 0 0 0 0.01041 0 0 0 0 0 0
1 0.07642 0.2598 0.4279 0.3362 0.1528 0.1223 0.04585 0.04585 0 0.03057 0.01528 0 0 0.01528 0 0 0 0 0 0
1 0.04302 0.2258 0.3226 0.1828 0.08604 0.1291 0.04302 0.02151 0.01075 0 0.01075 0 0 0 0 0 0 0 0 0
1 0.02913 0.1651 0.301 0.1942 0.09711 0.1262 0.01942 0 0.01942 0.009711 0.009711 0 0 0 0 0 0 0 0 0
1 0.01772 0.1861 0.3544 0.1063 0.07975 0.07975 0.02658 0.01772 0.01772 0 0 0 0 0 0 0 0 0 0 0
1 0.03822 0.1816 0.2867 0.1911 0.1624 0.02867 0.01911 0.02867 0 0.01911 0 0 0 0 0 0 0 0 0 0
1 0.008356 0.08356 0.3342 0.1922 0.1003 0.05849 0.01671 0.01671 0 0.008356 0.008356 0 0 0 0.008356 0 0 0 0 0
1 0.02867 0.1529 0.3154 0.2103 0.1051 0.04779 0.04779 0.009558 0.01912 0.009558 0.009558 0 0 0 0 0 0 0 0 0
1 0.04629 0.1574 0.287 0.2222 0.1111 0.04629 0.02778 0.02778 0 0 0 0 0 0 0 0 0 0 0 0
1 0.009 0.162 0.27 0.198 0.108 0.072 0.009 0.045 0.018 0.009 0 0 0 0 0 0 0 0 0 0
1 0.01808 0.1326 0.1808 0.1145 0.04822 0.05425 0.02411 0.01205 0.006027 0 0.01205 0 0 0 0 0 0 0 0 0
1 0.02627 0.1419 0.1471 0.07882 0.06831 0.03678 0.01051 0.01051 0.005255 0 0 0 0 0 0 0 0 0 0 0
1 0 0.1921 0.2445 0.2271 0.09606 0.06113 0.03493 0 0.008733 0.008733 0 0 0 0 0 0 0 0 0 0
1 0.04026 0.2818 0.2919 0.2315 0.07045 0.03019 0.03019 0.02013 0 0 0.01006 0 0 0 0 0 0 0 0 0
1 0.01998 0.1699 0.4197 0.1399 0.1199 0.07993 0.009992 0.009992 0.01998 0.009992 0 0 0 0 0 0 0 0 0 0
1 0.06875 0.2292 0.2979 0.3094 0.06875 0.06875 0.04584 0.03438 0.02292 0 0 0 0 0 0 0 0 0 0 0
1 0 0.2295 0.3002 0.2207 0.07063 0.02649 0.008829 0 0.008829 0.008829 0.008829 0 0 0 0 0 0 0 0 0
1 0.03463 0.1905 0.329 0.1385 0.1125 0.03463 0.01731 0.008657 0 0 0 0 0 0 0 0 0 0 0 0
1 0.01576 0.2285 0.3151 0.1103 0.06302 0.007878 0.007878 0.01576 0.01576 0.007878 0 0 0 0 0 0 0 0 0 0
1 0.04705 0.1412 0.3482 0.1882 0.1223 0.05646 0.02823 0.00941 0 0 0 0 0 0 0 0 0 0 0 0
1 0 0.1141 0.2568 0.1427 0.07847 0.03567 0.02853 0.02853 0.01427 0.007134 0.007134 0 0 0 0 0 0 0 0 0
1 0.03526 0.238 0.2556 0.1587 0.1146 0.04407 0.01763 0.008815 0.008815 0 0 0 0 0 0 0 0 0 0 0
1 0.02448 0.1958 0.3182 0.1387 0.05711 0.05711 0.008159 0.008159 0 0 0 0 0.008159 0 0 0 0 0 0 0
1 0.02134 0.121 0.2348 0.1281 0.1281 0.02134 0.02134 0.02134 0.007115 0 0 0.007115 0 0 0 0 0 0 0 0
1 0.03449 0.1466 0.2242 0.1983 0.1207 0.05173 0.03449 0.03449 0 0.008622 0 0.008622 0 0 0 0 0 0 0 0
1 0.03527 0.1499 0.2557 0.2116 0.097 0.05291 0.04409 0.01764 0.01764 0 0 0 0 0 0 0 0 0 0 0
1 0.03299 0.165 0.4509 0.2419 0.07698 0.05499 0.04399 0.03299 0 0 0 0 0 0 0 0 0 0 0 0
1 0.06372 0.2124 0.3505 0.1699 0.1168 0.06372 0.02124 0.03186 0 0.02124 0 0 0.01062 0 0 0 0 0 0 0
1 0.03559 0.169 0.1957 0.2046 0.1512 0.008897 0.04448 0.05338 0.01779 0 0 0.008897 0 0 0 0 0 0 0 0
1 0.02472 0.1071 0.2719 0.1813 0.1154 0.05768 0.0412 0 0.01648 0 0 0.00824 0 0 0 0 0 0 0 0
1 0.04652 0.1768 0.2233 0.1768 0.1582 0.06513 0.03722 0 0.01861 0 0.02791 0 0 0 0 0 0 0 0 0
1 0.009553 0.1911 0.2388 0.2293 0.1433 0.03821 0.04777 0.02866 0.009553 0.009553 0 0.009553 0 0 0 0 0 0 0 0
1 0.01657 0.1409 0.2071 0.232 0.08286 0.09943 0.02486 0.008286 0.008286 0.008286 0 0 0 0 0 0 0 0 0 0
1 0.04634 0.2201 0.3707 0.2433 0.139 0.05793 0.03476 0.03476 0 0.01159 0 0 0 0 0 0 0 0 0 0
1 0.007296 0.1313 0.2116 0.1094 0.1094 0.07296 0.05107 0.01459 0.01459 0 0 0.007296 0 0 0 0 0 0 0 0
1 0.01855 0.1484 0.3338 0.1855 0.1113 0.08345 0.009273 0.01855 0 0.009273 0 0 0 0 0.009273 0 0 0 0 0
1 0.03256 0.1221 0.2198 0.2117 0.07327 0.06513 0.02442 0.0407 0.008141 0.008141 0 0 0.008141 0 0 0 0 0 0 0
1 0.007322 0.1464 0.2489 0.1391 0.05125 0.07322 0.02197 0.02929 0 0.007322 0 0.007322 0 0 0 0 0 0 0 0
