 landings-at-age - landings.n (units : NA )
1	2	
42	100	
1	20	
1 
1.348 17.89 42.05 13.97 30.31 36.3 6.935 9.872 3.838 3.636 1.159 1.171 1.189 0.2622 0.2316 0.3412 0.1012 0.2143 0.04945 0.2387
0.9485 16.46 49.1 30.9 8.447 18.33 21.95 4.193 5.969 2.321 2.199 0.7007 0.7079 0.7193 0.1586 0.14 0.2063 0.06118 0.1296 0.1742
0.4268 9.369 36.7 29.06 15.01 4.104 8.904 10.66 2.037 2.9 1.127 1.068 0.3404 0.3439 0.3494 0.07703 0.06803 0.1002 0.02972 0.1476
0.5823 4.558 22.69 23.83 15.53 8.02 2.192 4.757 5.696 1.088 1.549 0.6023 0.5707 0.1819 0.1837 0.1867 0.04115 0.03635 0.05355 0.09474
1.794 6.614 11.72 15.66 13.54 8.821 4.556 1.245 2.702 3.236 0.6183 0.8801 0.3422 0.3242 0.1033 0.1044 0.106 0.02338 0.02065 0.08424
1.271 19.54 16.29 7.725 8.492 7.34 4.782 2.47 0.6752 1.465 1.755 0.3352 0.4772 0.1855 0.1758 0.05602 0.05659 0.0575 0.01268 0.05687
3.362 14.48 50.17 11.19 4.364 4.797 4.146 2.701 1.395 0.3814 0.8275 0.991 0.1893 0.2695 0.1048 0.09928 0.03164 0.03196 0.03248 0.03928
1.183 33.45 32.67 30.22 5.538 2.159 2.374 2.052 1.337 0.6905 0.1887 0.4095 0.4904 0.0937 0.1334 0.05185 0.04913 0.01566 0.01582 0.03551
1.072 14.84 94.37 24.74 18.85 3.454 1.347 1.48 1.28 0.8337 0.4306 0.1177 0.2554 0.3059 0.05844 0.08319 0.03234 0.03064 0.009765 0.03201
0.5515 11.18 34.82 58.79 12.65 9.636 1.766 0.6886 0.7569 0.6543 0.4263 0.2202 0.06019 0.1306 0.1564 0.02988 0.04254 0.01654 0.01567 0.02136
1.185 6.224 28.35 23.51 32.62 7.019 5.346 0.9798 0.3821 0.42 0.363 0.2365 0.1222 0.03339 0.07246 0.08677 0.01658 0.0236 0.009175 0.02055
0.5407 12.34 14.6 17.67 12.03 16.69 3.592 2.736 0.5014 0.1955 0.2149 0.1858 0.121 0.06252 0.01709 0.03708 0.04441 0.008484 0.01208 0.01521
0.7853 5.709 29.46 9.31 9.265 6.308 8.751 1.883 1.434 0.2629 0.1025 0.1127 0.09739 0.06345 0.03277 0.008959 0.01944 0.02328 0.004448 0.0143
1.046 8.84 14.51 20.06 5.214 5.189 3.533 4.901 1.055 0.8033 0.1472 0.05741 0.0631 0.05454 0.03554 0.01836 0.005018 0.01089 0.01304 0.0105
2.064 11.7 22.26 9.759 11.09 2.882 2.868 1.953 2.709 0.5829 0.444 0.08137 0.03173 0.03488 0.03015 0.01964 0.01015 0.002773 0.006018 0.01301
1.449 20.91 26.83 13.62 4.907 5.574 1.449 1.442 0.9819 1.362 0.2931 0.2233 0.04092 0.01595 0.01754 0.01516 0.009877 0.005102 0.001395 0.009568
3.132 17.84 57.87 19.9 8.316 2.995 3.403 0.8846 0.8802 0.5994 0.8314 0.1789 0.1363 0.02497 0.009739 0.0107 0.009253 0.006029 0.003114 0.006692
1.698 31.34 40.26 34.68 9.788 4.091 1.473 1.674 0.4351 0.433 0.2948 0.409 0.088 0.06703 0.01228 0.00479 0.005266 0.004552 0.002965 0.004823
0.8078 18.31 76.51 26.32 18.65 5.262 2.199 0.7921 0.8998 0.2339 0.2328 0.1585 0.2199 0.04731 0.03604 0.006605 0.002575 0.002831 0.002447 0.004188
2.046 9.757 49.71 55.57 15.73 11.14 3.145 1.314 0.4733 0.5377 0.1398 0.1391 0.09472 0.1314 0.02827 0.02154 0.003947 0.001539 0.001692 0.003965
0.7448 22.14 23.67 31.98 29.34 8.303 5.882 1.66 0.6938 0.2499 0.2839 0.0738 0.07343 0.05 0.06936 0.01493 0.01137 0.002084 0.0008125 0.002986
1.641 8.235 54.84 15.56 17.25 15.83 4.479 3.174 0.8956 0.3743 0.1348 0.1531 0.03981 0.03962 0.02698 0.03742 0.008052 0.006133 0.001124 0.002049
0.3016 16.25 18.39 32.51 7.567 8.391 7.699 2.179 1.544 0.4357 0.1821 0.06558 0.07449 0.01937 0.01927 0.01312 0.0182 0.003917 0.002984 0.001544
0.7335 3.392 41.26 12.51 18.18 4.232 4.693 4.306 1.219 0.8634 0.2437 0.1018 0.03668 0.04166 0.01083 0.01078 0.007339 0.01018 0.002191 0.002532
0.5059 7.943 8.294 26.94 6.713 9.759 2.272 2.519 2.311 0.6541 0.4634 0.1308 0.05466 0.01969 0.02236 0.005814 0.005785 0.003939 0.005464 0.002535
3.025 5.585 19.79 5.521 14.75 3.674 5.341 1.243 1.379 1.265 0.358 0.2536 0.07158 0.02991 0.01077 0.01224 0.003182 0.003166 0.002156 0.004378
0.4511 31.07 13 12.31 2.824 7.541 1.879 2.732 0.6358 0.7051 0.6469 0.1831 0.1297 0.03661 0.0153 0.00551 0.006259 0.001627 0.001619 0.003342
1.243 5.532 85.75 9.622 7.501 1.72 4.595 1.145 1.664 0.3874 0.4296 0.3942 0.1115 0.07903 0.0223 0.009321 0.003357 0.003814 0.0009915 0.003023
2.059 12.85 12.88 53.03 4.885 3.808 0.8735 2.333 0.5812 0.845 0.1967 0.2181 0.2001 0.05663 0.04012 0.01132 0.004733 0.001705 0.001936 0.002038
0.3369 20.9 29.58 7.929 26.84 2.473 1.928 0.4421 1.181 0.2942 0.4277 0.09956 0.1104 0.1013 0.02867 0.02031 0.005732 0.002395 0.0008628 0.002012
1.407 3.951 55.43 21.09 4.656 15.76 1.452 1.132 0.2596 0.6933 0.1727 0.2511 0.05846 0.06482 0.05948 0.01683 0.01193 0.003366 0.001407 0.001688
0.7673 15.22 9.652 36.19 11.32 2.499 8.459 0.7792 0.6074 0.1393 0.3721 0.09271 0.1348 0.03137 0.03479 0.03192 0.009033 0.0064 0.001806 0.001661
0.4936 8.813 39.34 6.67 20.56 6.434 1.42 4.807 0.4428 0.3452 0.07918 0.2115 0.05269 0.0766 0.01783 0.01977 0.01814 0.005134 0.003637 0.00197
1.691 5.163 20.79 24.72 3.442 10.61 3.32 0.7327 2.481 0.2285 0.1781 0.04085 0.1091 0.02719 0.03952 0.0092 0.0102 0.00936 0.002649 0.002893
0.3463 17.6 12.18 13.12 12.82 1.786 5.506 1.722 0.3802 1.287 0.1186 0.09242 0.0212 0.05662 0.01411 0.02051 0.004773 0.005293 0.004857 0.002876
0.4228 3.867 44.53 8.279 7.343 7.176 0.9992 3.081 0.9638 0.2127 0.7202 0.06634 0.05171 0.01186 0.03168 0.007893 0.01147 0.002671 0.002962 0.004327
2.009 5.048 10.39 32.02 4.899 4.345 4.246 0.5912 1.823 0.5703 0.1259 0.4261 0.03925 0.0306 0.007018 0.01874 0.00467 0.006789 0.00158 0.004313
1.498 20.1 11.41 6.244 15.8 2.418 2.144 2.095 0.2918 0.8996 0.2814 0.06212 0.2103 0.01937 0.0151 0.003464 0.009251 0.002305 0.003351 0.002908
2.088 17.05 51.63 7.854 3.536 8.952 1.369 1.214 1.187 0.1653 0.5095 0.1594 0.03518 0.1191 0.01097 0.008553 0.001962 0.00524 0.001305 0.003545
1.46 24.32 44.58 36 4.501 2.027 5.13 0.7848 0.696 0.6802 0.09472 0.292 0.09136 0.02016 0.06827 0.006288 0.004902 0.001124 0.003003 0.00278
1.618 14.38 54.08 26.31 17.44 2.181 0.9819 2.485 0.3802 0.3372 0.3295 0.04588 0.1415 0.04426 0.009768 0.03307 0.003046 0.002375 0.0005447 0.002801
0.9541 18.29 36.72 37 14.81 9.816 1.227 0.5526 1.399 0.214 0.1898 0.1855 0.02582 0.07962 0.02491 0.005497 0.01861 0.001714 0.001336 0.001883
0.666 10.24 44.34 23.79 19.7 7.887 5.228 0.6536 0.2943 0.7449 0.1139 0.1011 0.09877 0.01375 0.0424 0.01327 0.002928 0.009912 0.0009131 0.001715
2.242 7.454 25.86 29.97 13.22 10.95 4.383 2.905 0.3632 0.1636 0.414 0.06333 0.05616 0.05489 0.007643 0.02356 0.007372 0.001627 0.005509 0.00146
1.813 22.94 17.29 16.03 15.27 6.735 5.579 2.233 1.48 0.185 0.08332 0.2109 0.03226 0.02861 0.02796 0.003894 0.012 0.003756 0.0008289 0.00355
3.352 20.37 58.43 11.83 9.029 8.6 3.794 3.143 1.258 0.8337 0.1042 0.04694 0.1188 0.01817 0.01612 0.01575 0.002193 0.006763 0.002116 0.002467
1.814 38.85 53.24 40.89 6.811 5.198 4.951 2.184 1.809 0.7242 0.48 0.06001 0.02702 0.0684 0.01046 0.009279 0.009069 0.001263 0.003893 0.002638
1.849 20.19 97.18 35.46 22.37 3.727 2.844 2.709 1.195 0.99 0.3963 0.2627 0.03284 0.01479 0.03743 0.005725 0.005078 0.004963 0.000691 0.003574
1.194 20.39 49.97 63.93 19.16 12.09 2.013 1.537 1.463 0.6457 0.5348 0.2141 0.1419 0.01774 0.007988 0.02022 0.003093 0.002743 0.002681 0.002304
0.9956 11.66 45.06 29.37 30.85 9.243 5.832 0.9714 0.7414 0.7061 0.3115 0.258 0.1033 0.06846 0.00856 0.003854 0.009756 0.001492 0.001324 0.002405
1.225 12.23 32.23 33.39 17.91 18.81 5.638 3.557 0.5925 0.4522 0.4307 0.19 0.1574 0.063 0.04176 0.005221 0.002351 0.00595 0.0009102 0.002274
1.59 13 29.16 20.4 17.35 9.306 9.773 2.929 1.848 0.3078 0.2349 0.2237 0.0987 0.08176 0.03273 0.02169 0.002712 0.001221 0.003091 0.001654
1.943 17.62 32.36 19.31 11.1 9.438 5.063 5.318 1.593 1.005 0.1675 0.1278 0.1217 0.0537 0.04448 0.0178 0.0118 0.001476 0.0006644 0.002582
2.948 19.55 40.07 19.58 9.596 5.514 4.689 2.516 2.642 0.7916 0.4995 0.0832 0.0635 0.06048 0.02668 0.0221 0.008846 0.005863 0.0007331 0.001613
1.011 31.98 48.06 26.41 10.61 5.202 2.99 2.542 1.364 1.432 0.4292 0.2708 0.04511 0.03443 0.03279 0.01447 0.01198 0.004796 0.003179 0.001272
0.7378 11.63 83.04 33.46 15.13 6.081 2.98 1.713 1.456 0.7813 0.8206 0.2459 0.1551 0.02584 0.01972 0.01878 0.008287 0.006864 0.002748 0.00255
1.45 8.286 29.4 55.97 18.53 8.379 3.368 1.651 0.9487 0.8067 0.4328 0.4545 0.1362 0.08593 0.01431 0.01092 0.01041 0.004591 0.003802 0.002934
1.458 14.97 19.32 18.25 28.54 9.449 4.272 1.717 0.8417 0.4837 0.4113 0.2207 0.2317 0.06944 0.04381 0.007298 0.00557 0.005305 0.00234 0.003435
2.356 17.37 40.07 13.82 10.74 16.79 5.559 2.514 1.01 0.4952 0.2846 0.242 0.1298 0.1363 0.04086 0.02578 0.004294 0.003277 0.003121 0.003398
