Originally  
101 
A 
2	100	
1	1	NA	NA	
1	20	
1 386.3 324.5 200.9 154.5 61.81 108.2 92.71 92.71 30.9 30.9 30.9 0 0 15.45 0 0 0 15.45 0 0
1 533.8 365.2 182.6 126.4 42.14 42.14 0 0 28.09 14.05 28.09 14.05 14.05 0 14.05 0 0 0 0 0
1 491.5 419.2 144.5 159 57.82 86.73 0 43.36 14.45 0 28.91 0 0 0 0 0 0 0 0 0
1 246.3 246.3 337.1 142.6 116.7 103.7 25.93 51.86 0 0 12.97 0 0 0 0 12.97 0 0 0 0
1 440.7 289.6 88.14 138.5 100.7 88.14 0 50.37 37.77 12.59 0 12.59 0 0 0 0 0 0 0 0
1 794.5 365 214.7 322.1 150.3 85.89 64.42 42.95 42.95 0 42.95 21.47 0 0 0 0 0 0 0 0
1 290.3 387 235 138.2 96.75 96.75 41.47 27.64 0 41.47 27.64 0 0 0 0 0 0 0 0 0
1 505.7 373.8 549.7 197.9 153.9 87.95 153.9 21.99 65.96 0 21.99 43.98 0 21.99 0 0 0 0 0 0
1 586.6 321.7 113.5 283.9 132.5 170.3 37.85 18.92 75.7 37.85 37.85 18.92 18.92 0 0 0 18.92 0 0 18.92
1 312.1 252.7 237.8 133.8 178.4 89.19 74.32 74.32 59.46 29.73 14.86 14.86 14.86 0 0 0 0 0 0 0
1 618.3 168.6 168.6 84.31 84.31 126.5 28.1 28.1 14.05 42.15 42.15 0 0 0 0 0 0 0 0 0
1 387.5 521.6 104.3 89.43 104.3 59.62 74.52 44.71 29.81 0 14.9 29.81 0 0 0 0 14.9 14.9 0 0
1 450.3 212.6 262.6 62.54 100.1 75.04 25.01 12.51 37.52 0 0 0 0 0 0 0 0 0 0 12.51
1 402.2 251.4 87.99 201.1 62.85 75.42 37.71 12.57 75.42 25.14 0 0 12.57 0 0 0 0 0 12.57 0
1 909.8 431 502.8 119.7 215.5 47.89 23.94 71.83 0 0 0 23.94 0 23.94 23.94 0 0 0 0 0
1 513.6 375.3 375.3 276.6 98.78 98.78 19.76 59.27 59.27 19.76 19.76 0 0 39.51 0 19.76 0 0 0 0
1 405.5 354.8 304.1 185.8 185.8 101.4 84.48 33.79 0 0 0 0 16.9 0 0 0 0 0 16.9 0
1 350.2 367.8 192.6 297.7 157.6 157.6 52.54 17.51 52.54 70.05 17.51 0 17.51 0 0 0 0 0 0 0
1 756.1 189 135 67.51 94.52 40.51 27 0 13.5 0 13.5 13.5 0 0 0 0 0 0 0 0
1 298.6 447.8 149.3 209 134.3 89.57 44.78 44.78 14.93 0 29.86 0 14.93 0 0 14.93 0 0 0 0
1 259.2 289.7 503.1 167.7 91.47 30.49 91.47 45.73 0 15.24 15.24 0 0 0 0 0 0 15.24 0 0
1 516.2 172.1 309.7 378.6 120.5 51.62 103.2 51.62 0 0 0 0 0 0 0 0 17.21 0 0 0
1 740.9 181.1 82.32 148.2 181.1 49.39 82.32 32.93 65.85 16.46 32.93 16.46 0 0 0 0 0 0 0 16.46
1 638.8 336.2 134.5 117.7 184.9 117.7 50.43 0 16.81 33.62 16.81 33.62 0 0 0 0 0 0 0 0
1 357.6 404.2 357.6 93.29 31.1 108.8 108.8 62.19 0 0 15.55 0 0 0 0 0 0 0 0 15.55
1 189.3 168.2 273.4 157.7 84.12 31.54 31.54 21.03 21.03 10.51 21.03 10.51 10.51 0 10.51 0 10.51 0 0 0
1 388.6 209.3 194.3 269.1 179.4 59.79 14.95 74.74 14.95 14.95 14.95 29.89 14.95 0 0 0 14.95 0 0 0
1 279.7 209.8 186.5 104.9 139.9 128.2 58.28 11.66 11.66 11.66 11.66 0 0 11.66 0 0 0 0 0 0
1 336.8 239 119.5 86.91 97.77 54.32 65.18 10.86 21.73 0 21.73 10.86 0 21.73 0 0 0 0 0 0
1 902.8 370.4 370.4 138.9 138.9 69.45 115.7 46.3 23.15 23.15 0 69.45 23.15 0 0 0 0 0 23.15 0
1 498.6 342.8 249.3 140.2 62.32 93.48 46.74 46.74 31.16 0 15.58 0 15.58 0 0 0 0 0 15.58 0
1 236.1 216.4 127.9 127.9 78.69 19.67 49.18 29.51 29.51 39.35 9.837 0 9.837 9.837 0 0 0 0 0 0
1 400.4 178 122.3 155.7 77.86 33.37 22.24 33.37 11.12 11.12 0 0 0 22.24 33.37 11.12 0 0 0 0
1 330.9 291.2 158.8 145.6 105.9 79.41 79.41 0 13.23 13.23 39.7 26.47 13.23 0 0 0 0 0 0 26.47
1 732.9 195.5 211.7 81.44 130.3 146.6 48.86 32.58 0 0 0 32.58 16.29 0 0 0 0 0 0 0
1 525.1 509.2 95.47 159.1 111.4 63.65 31.82 15.91 63.65 0 0 15.91 0 0 0 0 0 0 0 0
1 417.8 300.3 208.9 117.5 65.28 39.17 78.34 13.06 26.11 13.06 0 0 13.06 0 0 0 0 0 13.06 0
1 258.3 358.8 301.4 287 71.76 71.76 57.4 0 0 0 14.35 14.35 0 0 0 0 0 0 0 0
1 492.5 110.8 283.2 110.8 123.1 24.62 24.62 36.94 0 24.62 0 0 0 0 0 0 0 0 0 0
1 567 298.4 149.2 149.2 164.1 59.68 14.92 29.84 29.84 0 29.84 0 0 0 0 0 0 0 0 0
1 536.2 373.7 195 81.24 130 146.2 64.99 16.25 32.5 16.25 0 0 0 0 0 16.25 0 16.25 0 0
1 718.5 403.1 210.3 140.2 70.1 87.62 17.52 17.52 0 70.1 0 0 0 0 0 0 0 0 0 17.52
1 619.3 597.9 256.2 277.6 213.5 64.06 42.71 42.71 0 0 0 21.35 0 0 0 0 0 0 0 0
1 181.1 428.1 428.1 131.7 247 49.4 0 65.86 49.4 16.47 0 0 16.47 32.93 0 0 0 0 0 0
1 213.5 142.3 233.8 183 81.33 81.33 20.33 10.17 10.17 10.17 0 20.33 0 10.17 0 0 0 0 0 0
1 762 132.5 132.5 165.6 198.8 66.26 66.26 33.13 33.13 33.13 16.56 16.56 0 0 0 0 0 0 0 0
1 140.1 549.6 107.8 43.1 118.5 75.43 0 10.78 10.78 10.78 10.78 0 0 0 0 0 0 0 0 0
1 335.1 219.1 386.6 64.43 38.66 51.55 64.43 38.66 25.77 25.77 0 25.77 0 0 12.89 0 0 0 0 0
1 285.8 204.1 81.65 183.7 102.1 10.21 51.03 51.03 10.21 10.21 20.41 10.21 0 0 0 0 0 0 0 0
1 205 186.4 167.8 74.56 158.4 46.6 9.32 27.96 27.96 9.32 9.32 9.32 0 0 0 0 0 0 0 0
1 221.7 136.4 187.6 110.9 17.06 136.4 8.528 8.528 0 0 8.528 17.06 0 0 0 0 0 0 0 0
1 369.5 136.1 136.1 68.07 116.7 29.17 48.62 9.725 19.45 19.45 0 0 9.725 9.725 0 0 0 0 0 0
1 487.5 390 153.2 69.64 97.49 69.64 55.71 41.78 0 13.93 13.93 0 0 0 0 0 0 0 0 0
1 257.4 306.9 188.1 89.09 59.39 39.6 9.899 0 19.8 0 9.899 9.899 0 0 0 0 0 0 0 0
1 521.8 113.4 226.9 158.8 34.03 22.69 22.69 0 11.34 11.34 0 0 0 0 11.34 0 0 0 0 0
1 277.2 473.6 161.7 92.41 80.86 23.1 11.55 11.55 11.55 0 11.55 0 0 0 0 0 0 0 0 0
1 286.4 262.6 298.4 59.67 131.3 71.61 35.8 11.93 11.93 0 11.93 11.93 0 0 0 0 0 0 0 0
1 335.7 230.8 94.41 241.3 20.98 52.45 52.45 0 0 10.49 10.49 0 0 0 0 0 0 0 0 0
1 364.5 187.7 165.7 88.35 165.7 44.18 44.18 11.04 11.04 0 22.09 0 0 0 0 0 0 0 0 0
1 474 408.7 212.5 261.5 49.04 147.1 16.35 16.35 49.04 0 0 0 0 0 0 0 0 0 0 0
1 206.4 278.6 216.7 134.1 61.91 41.27 51.59 10.32 20.64 0 0 0 0 0 0 0 10.32 0 0 0
1 492.9 226.5 213.1 199.8 79.93 13.32 39.96 53.29 13.32 0 0 0 0 0 0 0 0 0 0 0
1 517.5 470.5 188.2 109.8 62.73 62.73 62.73 15.68 47.05 0 0 0 0 0 0 0 0 15.68 0 15.68
1 289.5 186.1 237.8 82.71 20.68 82.71 41.35 31.01 20.68 20.68 0 10.34 0 10.34 0 0 0 0 0 0
1 372.4 209.5 244.4 93.11 34.92 69.83 34.92 34.92 11.64 11.64 0 0 11.64 11.64 0 11.64 11.64 0 0 0
1 538 249.3 144.3 131.2 52.49 26.24 78.73 13.12 13.12 13.12 26.24 13.12 0 13.12 0 0 0 0 0 0
1 277.5 323.8 173.5 127.2 104.1 69.38 0 23.13 23.13 11.56 23.13 0 0 0 0 0 0 0 0 0
1 451 158.5 304.7 134.1 48.75 24.38 36.57 12.19 12.19 24.38 0 0 0 0 0 12.19 0 0 0 0
1 706.9 344.8 189.7 137.9 68.97 68.97 68.97 17.24 0 34.48 17.24 0 34.48 0 0 17.24 0 17.24 0 0
1 786.4 633.5 284 65.53 196.6 87.38 65.53 43.69 21.84 0 0 0 0 0 0 0 0 0 0 0
1 802.2 592.1 210.1 133.7 38.2 76.4 19.1 19.1 0 19.1 0 0 0 0 0 0 0 0 0 0
1 317.7 469.7 276.3 152 27.63 0 82.89 27.63 0 13.81 13.81 0 0 0 0 0 0 0 0 0
1 892.9 343.4 457.9 274.7 114.5 91.58 0 45.79 22.9 0 22.9 0 0 0 0 22.9 0 0 0 0
1 530.2 618.6 106 176.7 123.7 106 53.02 0 35.35 0 0 0 0 0 0 0 17.67 0 0 0
1 467.5 370.8 403 161.2 129 64.49 0 0 0 0 0 16.12 0 0 0 0 0 0 0 0
1 399.4 347.3 260.5 277.8 52.09 121.6 52.09 86.82 17.36 52.09 17.36 17.36 0 17.36 0 0 17.36 0 0 0
1 491.7 418.9 218.6 291.4 200.3 54.64 109.3 18.21 0 0 0 0 0 18.21 0 0 0 0 0 0
1 326.2 250.9 138 263.5 75.27 100.4 12.55 62.73 25.09 0 0 0 0 0 0 0 0 0 0 0
1 396.1 242.8 153.3 217.2 63.89 115 38.33 0 12.78 12.78 0 12.78 0 12.78 0 0 0 0 0 0
1 507.2 380.4 158.5 95.11 63.41 79.26 190.2 31.7 47.55 15.85 0 0 0 0 0 15.85 0 0 0 0
1 278.8 315.1 230.3 84.84 36.36 96.96 72.72 36.36 48.48 0 0 0 0 12.12 0 0 0 0 0 0
1 395.2 186.6 98.8 120.8 76.85 109.8 10.98 43.91 21.96 21.96 0 10.98 0 0 0 0 0 0 0 0
1 415.4 237.4 189.9 189.9 35.6 11.87 23.74 35.6 23.74 0 0 0 23.74 0 0 0 0 0 0 0
1 429 478.5 247.5 148.5 115.5 99 0 33 0 0 33 33 16.5 0 16.5 0 0 0 0 0
1 413.6 293.5 200.1 133.4 80.05 0 93.4 40.03 26.68 0 13.34 0 13.34 13.34 13.34 0 0 0 0 0
1 141.6 166.5 224.8 108.3 83.27 74.94 8.327 0 0 8.327 0 8.327 0 8.327 0 0 0 0 0 0
1 444.7 168.3 156.3 168.3 144.2 24.04 36.06 24.04 12.02 12.02 12.02 0 0 0 0 0 0 0 0 0
1 536.5 357.7 227.6 162.6 130.1 32.52 32.52 65.04 0 48.78 0 16.26 16.26 0 0 0 0 0 0 0
1 570.5 278.6 225.6 53.07 66.34 66.34 13.27 26.54 0 0 0 0 0 13.27 0 0 0 0 13.27 0
1 451.3 270.8 191.8 78.98 22.57 45.13 22.57 33.85 0 0 11.28 0 0 0 0 0 0 0 0 0
1 560.4 420.3 126.1 84.06 98.08 42.03 14.01 28.02 0 14.01 14.01 0 0 0 0 0 0 0 0 0
1 572.8 434.5 454.3 237 59.25 19.75 19.75 59.25 79 0 0 39.5 0 0 0 0 0 0 0 0
1 240 229.6 177.4 208.7 52.18 73.05 41.74 0 20.87 0 0 0 0 0 0 0 0 0 0 0
1 130.9 91.05 125.2 79.67 68.29 22.76 17.07 11.38 0 11.38 0 5.691 0 0 5.691 0 0 0 0 0
1 293.4 124.5 106.7 88.92 97.81 71.14 35.57 8.892 17.78 0 17.78 0 8.892 0 0 0 8.892 0 0 8.892
1 436.6 179.1 111.9 100.7 100.7 22.39 100.7 22.39 11.19 11.19 0 0 0 11.19 11.19 0 0 0 0 0
1 439.3 358.4 104 69.36 46.24 34.68 23.12 46.24 23.12 0 11.56 0 0 0 0 0 0 0 0 0
1 479.6 399.7 303.8 95.93 47.96 79.94 95.93 47.96 15.99 31.98 0 0 0 0 0 0 0 0 0 0
1 306.1 408.1 349.8 189.5 102 29.15 43.73 0 29.15 0 0 0 0 0 0 0 0 0 0 0
