Originally  
101 
A 
42	100	
1	1	NA	NA	
1	20	
1 0 0.3113 0.467 0.467 0.3736 0.2179 0.8717 0.2802 0 0 0 0.03113 0.06226 0 0 0 0 0 0.03113 0
1 0.1415 0.2359 0.5897 0.3066 0.1887 0.09435 0.1415 0.3774 0.1415 0.02359 0.02359 0 0.07076 0 0 0.02359 0 0 0 0
1 0.05184 0.6998 0.5184 0.2592 0.2592 0.1037 0.1037 0.05184 0.4147 0.07776 0 0 0.02592 0.02592 0 0 0 0 0 0
1 0 0.2028 0.5615 0.2184 0.1716 0.1092 0.07799 0.0312 0.0312 0.09359 0.0156 0.0156 0 0 0.0156 0 0 0 0 0.0156
1 0.05604 0.2522 0.6445 0.7846 0.3643 0.08407 0.1962 0.02802 0.02802 0.05604 0.1401 0.05604 0 0 0 0 0.02802 0.05604 0 0.02802
1 0.0227 0.2951 0.454 0.3632 0.4767 0.2951 0.09081 0.06811 0.0227 0 0.0227 0.1135 0.0227 0.0227 0 0 0 0 0 0
1 0.0192 0.2496 0.5761 0.288 0.192 0.288 0.1152 0.0192 0.0192 0.0192 0.0192 0.0192 0.09601 0 0 0 0 0 0 0
1 0.09239 0.1663 0.1848 0.4989 0.09239 0.2217 0.2957 0.2033 0.03696 0 0 0 0.01848 0.01848 0.01848 0 0 0 0 0
1 0.04311 0.08622 0.2479 0.08622 0.2586 0.07544 0.1078 0.1078 0.03233 0 0.01078 0 0.01078 0 0.01078 0 0 0 0 0
1 0.109 0.3406 0.2043 0.218 0.06811 0.1498 0.06811 0.06811 0.04087 0.01362 0.01362 0.04087 0 0.02725 0 0 0 0 0 0
1 0.0396 0.5148 0.7524 0.2178 0.0594 0.0792 0.1782 0 0.0594 0.0396 0.0396 0 0 0 0 0 0 0 0 0
1 0 0.08984 2.695 0.8535 0.1797 0.08984 0.08984 0.1797 0.1348 0.04492 0 0.08984 0.04492 0 0 0 0 0 0 0
1 0 0.1265 0.3543 1.316 0.329 0.07592 0.05062 0.07592 0.1012 0.05062 0 0.02531 0 0 0.02531 0 0 0 0 0
1 0 0.09149 0.1982 0.183 0.5947 0.2135 0.0305 0.06099 0.04574 0.04574 0.0305 0 0 0.01525 0 0 0 0 0 0.01525
1 0.03296 0.1318 0.3296 0.1813 0.2142 0.4614 0.1813 0 0 0.03296 0.03296 0 0 0.01648 0 0 0 0.01648 0 0.01648
1 0.06123 0.5919 0.2245 0.2449 0.2041 0.1633 0.4286 0.102 0 0 0 0.02041 0 0 0 0 0 0 0 0
1 0.01276 0.2296 0.4848 0.1276 0.1148 0.05103 0.02552 0.1403 0.06379 0 0 0 0.01276 0 0 0 0 0 0 0.01276
1 0.1021 0.04086 0.5107 0.715 0.1226 0.1226 0.143 0.02043 0.1634 0.04086 0 0.02043 0 0.02043 0 0.02043 0 0 0 0
1 0.01219 0.1829 0.1219 0.1463 0.4024 0.06097 0.07317 0.03658 0.03658 0.09755 0.03658 0 0 0 0 0 0.01219 0 0 0
1 0.05202 0.2774 0.4162 0.0867 0.2948 0.2428 0.1214 0.03468 0.05202 0.01734 0.0867 0.01734 0.01734 0 0 0.01734 0 0 0 0
1 0.03417 0.4442 0.5126 0.188 0.06835 0.08543 0.1538 0.01709 0.03417 0.01709 0 0.08543 0.06835 0 0 0 0 0 0 0
1 0.02952 0.0738 0.6051 0.3247 0.1181 0.02952 0.1476 0.0738 0.02952 0 0.01476 0 0.02952 0 0 0 0 0 0 0
1 0.09622 0.2085 0.1924 0.4811 0.2886 0.1123 0.01604 0.03207 0.09622 0 0 0.01604 0 0.01604 0.01604 0 0 0.01604 0 0.01604
1 0.04479 0.739 0.3583 0.06718 0.5374 0.2463 0.06718 0.06718 0.06718 0.04479 0 0 0 0 0 0 0 0 0 0
1 0.03031 0.2273 0.682 0.197 0.06063 0.1516 0.07578 0.04547 0 0.01516 0.01516 0.01516 0 0 0 0 0 0 0 0
1 0.08151 0.1141 0.4238 0.4075 0.2445 0.0326 0.08151 0.09781 0.0163 0.0163 0.0326 0.0326 0 0.0489 0 0 0 0 0 0
1 0 0.5152 0.3369 0.3369 0.4161 0.03963 0.03963 0.1783 0.03963 0.01982 0 0.01982 0.01982 0.01982 0 0 0 0 0 0
1 0 0.2724 0.7752 0.3562 0.06286 0.3143 0.0419 0.02095 0.06286 0.1048 0.0419 0 0 0.0419 0 0 0 0 0 0
1 0.04809 0.03848 0.1154 0.4136 0.08657 0.07695 0.08657 0 0 0.02886 0.009619 0.009619 0.01924 0.01924 0.009619 0 0 0 0 0
1 0.08803 0.4226 0.1585 0.2113 0.4226 0.08803 0.1232 0.1232 0 0.01761 0.1056 0 0 0 0 0 0 0 0 0
1 0.1127 0.3944 0.695 0.09392 0.07513 0.2066 0.1315 0.01878 0.03757 0.01878 0 0.07513 0 0 0 0 0 0 0 0.01878
1 0.06107 0.3053 0.5699 0.6107 0.06107 0.1628 0.1832 0.02036 0.02036 0.02036 0 0 0.02036 0 0 0 0 0 0 0
1 0.0978 0.1304 1.728 0.7172 0.3586 0.0652 0.0326 0.0652 0 0.0326 0 0 0.0326 0 0 0 0 0 0 0
1 0 0.4224 0.1408 0.8246 0.362 0.1408 0 0 0.06034 0 0.04023 0 0 0 0.02011 0 0 0 0 0
1 0.04105 0.1026 0.7595 0.2053 0.5542 0.08211 0.1232 0.02053 0.04105 0.06158 0 0.02053 0.02053 0 0 0.02053 0 0 0 0
1 0.09254 0.3085 0.2468 1.296 0.06169 0.6478 0.2468 0.09254 0.03085 0 0 0 0.03085 0.03085 0 0 0 0 0 0
1 0.01844 0.2765 0.4609 0.1291 0.5346 0.05531 0.2028 0.07374 0.09218 0 0 0 0 0 0 0 0 0 0 0
1 0.0153 0.06119 0.4742 0.3366 0.06119 0.2448 0.04589 0.1836 0.04589 0 0 0.0153 0.0306 0 0 0 0 0 0.0153 0
1 0.01492 0.08954 0.1492 0.4925 0.2089 0.04477 0.2239 0.01492 0.1045 0.04477 0.07462 0 0 0.02985 0 0 0 0 0 0
1 0.03352 0.1676 0.1452 0.1564 0.2123 0.06704 0.05586 0.08938 0.01117 0.1006 0.03352 0.04469 0 0 0 0 0 0 0 0
1 0.02764 0.5665 0.2349 0.08291 0.05527 0.1796 0.04145 0.01382 0.08291 0.02764 0.01382 0.01382 0 0.02764 0 0 0 0.01382 0 0
1 0.1368 0.3282 1.258 0.4377 0.05471 0.05471 0.3282 0.02735 0 0.08206 0 0.02735 0 0 0 0 0 0 0 0
1 0.1156 0.7166 0.3236 0.8553 0.1156 0.02312 0.04623 0.06935 0.04623 0 0 0 0 0 0 0 0 0 0 0
1 0.0322 0.4831 1.481 0.2254 0.5475 0.1288 0 0.0322 0.09661 0.06441 0.0322 0.0322 0 0.06441 0 0 0 0 0 0
1 0.09322 0.4971 0.7146 1.243 0.1554 0.2796 0.03107 0 0 0.06214 0 0 0 0 0.03107 0 0 0 0 0
1 0.04006 0.1602 1.041 1.082 1.082 0.04006 0.3205 0.1202 0 0.04006 0 0.04006 0 0.04006 0 0 0 0 0 0
1 0.03328 0.1664 0.6988 0.8985 0.599 0.4326 0.1997 0.2329 0.03328 0.03328 0 0 0 0 0 0 0 0 0 0
1 0 0.1426 0.2218 0.2535 0.3486 0.1584 0.3327 0.03169 0.01584 0 0.01584 0.01584 0.04753 0 0 0 0 0 0 0
1 0.09436 0.151 0.2076 0.1887 0.3208 0.3586 0.2453 0.2076 0.01887 0.05661 0 0.03774 0 0 0 0 0 0 0 0
1 0.1368 0.9345 0.2963 0.2051 0.09117 0.1823 0.1368 0.09117 0.1596 0 0.04559 0 0 0 0 0 0 0 0 0
1 0.03282 0.6237 1.477 0.2298 0.06565 0.06565 0.2298 0.1969 0.09847 0.2626 0 0 0 0 0 0 0 0 0 0
1 0 0.4018 0.8839 0.991 0.08035 0.02678 0.02678 0.08035 0.08035 0.02678 0.02678 0.02678 0.02678 0 0 0 0 0 0 0
1 0.08537 0.1423 0.5407 0.7684 0.8537 0.08537 0.1423 0 0.02846 0.05692 0.05692 0.05692 0.02846 0 0 0 0 0 0 0
1 0.01952 0.1562 0.2929 0.41 0.4686 0.371 0.01952 0.01952 0 0.05857 0.05857 0.03905 0.01952 0 0 0 0 0 0 0.01952
1 0.02024 0.1619 0.6883 0.1619 0.3036 0.3644 0.1822 0.04049 0 0.04049 0.02024 0 0 0.04049 0 0 0 0 0 0
1 0.09602 0.5041 0.24 0.6241 0.216 0.192 0.24 0.144 0.04801 0 0 0.04801 0 0 0 0 0.04801 0 0 0
1 0.04439 0.5992 0.6214 0.1332 0.1775 0.1332 0.1997 0.1332 0.111 0.04439 0 0 0.02219 0 0 0 0 0 0 0
1 0 0.3499 1.021 0.9622 0.1458 0.08747 0.02916 0.05832 0.2041 0.05832 0 0 0 0 0 0 0 0 0 0
1 0.03625 0.05437 0.4712 0.7431 0.2719 0.09062 0.03625 0 0.03625 0.05437 0.01812 0 0 0 0 0 0 0 0 0
