 landings-at-age - landings.n (units : NA )
1	2	
42	100	
1	20	
1 
0.003781 0.03323 0.09982 0.1089 0.05766 0.05589 0.2006 0.04288 0.01198 0.007137 0.006163 0.005463 0.003258 0.001585 0.002785 0.001404 0.0004755 0.0003089 0.001853 0.001916
0.006174 0.04245 0.09325 0.08323 0.07637 0.04043 0.03918 0.1407 0.03007 0.008398 0.005004 0.004321 0.003831 0.002284 0.001111 0.001953 0.0009844 0.0003334 0.0002166 0.002642
0.06979 1.089 1.863 1.215 0.9119 0.8367 0.4429 0.4293 1.541 0.3294 0.092 0.05483 0.04735 0.04197 0.02503 0.01217 0.0214 0.01078 0.003653 0.03132
0.09678 1.513 5.84 2.948 1.614 1.212 1.112 0.5885 0.5704 2.048 0.4377 0.1222 0.07284 0.06291 0.05576 0.03325 0.01618 0.02843 0.01433 0.04647
0.2668 1.605 6.169 6.984 2.957 1.619 1.215 1.115 0.5903 0.5722 2.054 0.439 0.1226 0.07307 0.0631 0.05593 0.03336 0.01622 0.02852 0.06098
0.1515 3.948 5.805 6.506 6.17 2.612 1.431 1.074 0.9851 0.5215 0.5054 1.814 0.3878 0.1083 0.06455 0.05574 0.04941 0.02947 0.01433 0.07906
0.219 2.104 13.32 5.675 5.321 5.046 2.137 1.17 0.8781 0.8057 0.4265 0.4134 1.484 0.3172 0.08859 0.05279 0.04559 0.04041 0.0241 0.07639
0.2301 2.917 6.77 12.35 4.396 4.121 3.909 1.655 0.9063 0.6801 0.6241 0.3304 0.3202 1.149 0.2457 0.06862 0.04089 0.03531 0.0313 0.07783
0.7873 2.977 9.064 6.024 9.169 3.264 3.06 2.902 1.229 0.6729 0.505 0.4634 0.2453 0.2378 0.8535 0.1824 0.05095 0.03036 0.02622 0.08103
1.877 9.967 9 7.798 4.319 6.574 2.34 2.194 2.081 0.8811 0.4825 0.3621 0.3323 0.1759 0.1705 0.6119 0.1308 0.03653 0.02177 0.0769
0.3929 23.36 29.45 7.522 5.425 3.005 4.574 1.628 1.527 1.448 0.613 0.3357 0.2519 0.2312 0.1224 0.1186 0.4257 0.091 0.02542 0.06865
0.4312 4.823 67.69 23.99 5.094 3.674 2.035 3.097 1.103 1.034 0.9804 0.4151 0.2273 0.1706 0.1565 0.08286 0.08031 0.2883 0.06163 0.0637
0.4732 5.232 13.74 53.87 15.85 3.366 2.427 1.345 2.046 0.7285 0.683 0.6478 0.2743 0.1502 0.1127 0.1034 0.05475 0.05306 0.1905 0.08281
0.392 5.687 14.67 10.7 34.79 10.24 2.173 1.567 0.8682 1.321 0.4704 0.4411 0.4183 0.1771 0.09699 0.07279 0.06679 0.03535 0.03427 0.1765
1.448 4.671 15.72 11.2 6.76 21.98 6.469 1.373 0.9906 0.5487 0.8351 0.2973 0.2787 0.2643 0.1119 0.06129 0.046 0.04221 0.02234 0.1332
0.8155 17.13 12.75 11.77 6.932 4.185 13.61 4.005 0.8503 0.6132 0.3397 0.517 0.184 0.1725 0.1636 0.06929 0.03794 0.02848 0.02613 0.09628
0.2838 9.583 46.16 9.366 7.143 4.207 2.54 8.26 2.431 0.5161 0.3722 0.2062 0.3138 0.1117 0.1047 0.09932 0.04205 0.02303 0.01728 0.07429
0.6601 3.314 25.53 33.33 5.577 4.253 2.505 1.512 4.918 1.447 0.3073 0.2216 0.1228 0.1868 0.06651 0.06236 0.05914 0.02504 0.01371 0.05453
1.381 7.669 8.73 18.11 19.48 3.26 2.486 1.464 0.8839 2.875 0.8459 0.1796 0.1295 0.07175 0.1092 0.03887 0.03645 0.03457 0.01463 0.03989
1.721 15.96 19.99 6.091 10.39 11.18 1.871 1.427 0.8404 0.5073 1.65 0.4855 0.1031 0.07434 0.04118 0.06267 0.02231 0.02092 0.01984 0.03129
0.4111 19.81 41.17 13.72 3.434 5.861 6.303 1.055 0.8045 0.4738 0.2861 0.9302 0.2738 0.05812 0.04192 0.02322 0.03534 0.01258 0.01179 0.02883
0.5072 4.482 48.33 26.59 7.269 1.82 3.106 3.34 0.559 0.4263 0.2511 0.1516 0.493 0.1451 0.0308 0.02221 0.0123 0.01873 0.006667 0.02153
1.684 5.529 10.94 31.22 14.09 3.852 0.9645 1.646 1.77 0.2962 0.2259 0.1331 0.08034 0.2612 0.07688 0.01632 0.01177 0.006521 0.009924 0.01494
0.8535 18.36 13.49 7.064 16.54 7.468 2.041 0.5111 0.8723 0.9381 0.157 0.1197 0.07052 0.04257 0.1384 0.04074 0.00865 0.006239 0.003456 0.01318
0.5997 9.304 44.81 8.714 3.743 8.767 3.958 1.082 0.2709 0.4623 0.4971 0.08319 0.06345 0.03737 0.02256 0.07337 0.02159 0.004584 0.003306 0.008815
1.573 6.538 22.7 28.94 4.618 1.984 4.646 2.097 0.5733 0.1435 0.245 0.2634 0.04409 0.03363 0.0198 0.01196 0.03888 0.01144 0.002429 0.006423
0.4306 17.15 15.95 14.66 15.34 2.447 1.051 2.462 1.111 0.3038 0.07607 0.1298 0.1396 0.02336 0.01782 0.0105 0.006336 0.0206 0.006064 0.004691
0.3146 4.695 41.84 10.3 7.771 8.128 1.297 0.5571 1.305 0.589 0.161 0.04031 0.06879 0.07399 0.01238 0.009443 0.005562 0.003358 0.01092 0.0057
1.46 3.43 11.45 27.03 5.46 4.118 4.307 0.6873 0.2952 0.6914 0.3121 0.08532 0.02136 0.03646 0.03921 0.006562 0.005004 0.002947 0.001779 0.008807
1.567 15.92 8.369 7.399 14.32 2.894 2.182 2.283 0.3642 0.1565 0.3664 0.1654 0.04521 0.01132 0.01932 0.02078 0.003477 0.002652 0.001562 0.00561
2.8 17.08 38.84 5.406 3.921 7.59 1.533 1.157 1.21 0.193 0.08291 0.1942 0.08766 0.02396 0.005999 0.01024 0.01101 0.001843 0.001405 0.003801
0.4725 30.52 41.68 25.09 2.865 2.078 4.022 0.8126 0.6129 0.641 0.1023 0.04394 0.1029 0.04645 0.0127 0.003179 0.005426 0.005835 0.0009765 0.002759
1.928 5.151 74.48 26.92 13.29 1.518 1.101 2.132 0.4306 0.3248 0.3397 0.05421 0.02328 0.05453 0.02462 0.006729 0.001685 0.002875 0.003092 0.00198
0.4762 21.01 12.57 48.11 14.27 7.045 0.8045 0.5835 1.13 0.2282 0.1721 0.18 0.02873 0.01234 0.0289 0.01305 0.003566 0.0008929 0.001524 0.002688
1.185 5.191 51.27 8.119 25.49 7.56 3.734 0.4263 0.3092 0.5986 0.1209 0.09121 0.0954 0.01522 0.006539 0.01531 0.006914 0.00189 0.0004732 0.002232
1.786 12.91 12.67 33.12 4.302 13.51 4.006 1.979 0.2259 0.1639 0.3172 0.06409 0.04834 0.05056 0.008067 0.003465 0.008116 0.003664 0.001001 0.001434
0.4833 19.47 31.51 8.182 17.55 2.28 7.16 2.123 1.049 0.1197 0.08684 0.1681 0.03396 0.02562 0.02679 0.004275 0.001836 0.004301 0.001942 0.00129
0.3685 5.269 47.51 20.35 4.336 9.301 1.208 3.794 1.125 0.5556 0.06345 0.04602 0.08909 0.018 0.01357 0.0142 0.002266 0.0009732 0.002279 0.001713
0.6766 4.017 12.86 30.69 10.79 2.298 4.929 0.6403 2.011 0.5963 0.2945 0.03362 0.02439 0.04721 0.009538 0.007194 0.007524 0.001201 0.0005157 0.002116
2.299 7.376 9.802 8.303 16.26 5.716 1.218 2.612 0.3393 1.066 0.316 0.156 0.01782 0.01292 0.02502 0.005055 0.003812 0.003987 0.0006363 0.001394
0.8345 24.47 17.6 6.196 4.306 8.433 2.964 0.6314 1.355 0.176 0.5526 0.1639 0.08092 0.009241 0.006703 0.01297 0.002621 0.001977 0.002068 0.001053
2.69 8.883 58.56 11.19 3.233 2.247 4.401 1.547 0.3295 0.7068 0.09182 0.2883 0.08551 0.04223 0.004822 0.003498 0.00677 0.001368 0.001032 0.001629
1.475 28.63 21.31 37.43 5.875 1.698 1.18 2.311 0.8122 0.173 0.3711 0.04821 0.1514 0.0449 0.02217 0.002532 0.001837 0.003555 0.0007183 0.001397
1.688 15.7 68.9 13.7 19.78 3.104 0.8969 0.6233 1.221 0.4291 0.09141 0.1961 0.02547 0.07999 0.02372 0.01171 0.001338 0.0009703 0.001878 0.001117
1.027 17.97 37.88 44.53 7.283 10.51 1.65 0.4768 0.3314 0.649 0.2281 0.04859 0.1042 0.01354 0.04252 0.01261 0.006227 0.0007111 0.0005158 0.001592
0.4659 10.93 43.47 24.62 23.82 3.895 5.623 0.8825 0.255 0.1772 0.3471 0.122 0.02599 0.05575 0.007242 0.02274 0.006744 0.003331 0.0003803 0.001128
0.5757 4.958 26.51 28.4 13.25 12.81 2.096 3.026 0.4748 0.1372 0.09536 0.1868 0.06564 0.01398 0.03 0.003897 0.01224 0.003629 0.001792 0.0008114
0.6088 6.126 12.05 17.42 15.37 7.171 6.937 1.135 1.638 0.257 0.07427 0.05162 0.1011 0.03553 0.00757 0.01624 0.002109 0.006624 0.001964 0.001409
3.2 6.477 14.93 7.961 9.484 8.372 3.905 3.777 0.6178 0.8918 0.14 0.04044 0.02811 0.05505 0.01935 0.004122 0.008842 0.001149 0.003607 0.001837
2.288 34.03 15.82 9.913 4.361 5.195 4.586 2.139 2.069 0.3384 0.4885 0.07667 0.02215 0.0154 0.03015 0.0106 0.002258 0.004843 0.0006292 0.002982
1.103 24.33 83.34 10.56 5.462 2.403 2.862 2.527 1.178 1.14 0.1864 0.2691 0.04224 0.01221 0.008483 0.01661 0.00584 0.001244 0.002669 0.00199
0.5503 11.72 59.71 55.91 5.852 3.026 1.331 1.586 1.4 0.653 0.6317 0.1033 0.1491 0.02341 0.006763 0.004701 0.009206 0.003236 0.0006893 0.002581
1.185 5.846 28.84 40.26 31.16 3.261 1.687 0.742 0.8839 0.7803 0.3639 0.352 0.05758 0.08312 0.01304 0.003769 0.00262 0.00513 0.001803 0.001823
0.5856 12.58 14.41 19.54 22.56 17.46 1.828 0.9452 0.4158 0.4953 0.4373 0.2039 0.1973 0.03227 0.04658 0.00731 0.002112 0.001468 0.002875 0.002032
1.872 6.213 31.07 9.812 11.01 12.71 9.839 1.03 0.5326 0.2343 0.2791 0.2464 0.1149 0.1112 0.01818 0.02625 0.004119 0.00119 0.0008272 0.002765
2.26 19.85 15.38 21.26 5.559 6.239 7.202 5.574 0.5834 0.3017 0.1327 0.1581 0.1396 0.06511 0.06298 0.0103 0.01487 0.002334 0.0006743 0.002035
0.889 23.94 49.21 10.57 12.11 3.166 3.553 4.102 3.174 0.3323 0.1718 0.0756 0.09006 0.0795 0.03708 0.03587 0.005866 0.008469 0.001329 0.001543
0.269 9.407 59.46 33.98 6.05 6.93 1.812 2.034 2.348 1.817 0.1902 0.09837 0.04328 0.05155 0.04551 0.02123 0.02053 0.003358 0.004848 0.001644
0.614 2.844 23.4 41.24 19.55 3.481 3.987 1.043 1.17 1.351 1.045 0.1094 0.05659 0.0249 0.02966 0.02618 0.01221 0.01181 0.001932 0.003735
