 landings-at-age - landings.n (units : NA )
1	2	
2	100	
1	20	
1 
0.02659 0.2984 0.8352 0.6934 0.4839 0.3377 0.2357 0.1644 0.1148 0.08008 0.05589 0.039 0.02722 0.01899 0.01325 0.009249 0.006454 0.004504 0.003143 0.007259
0.00802 0.05216 0.1462 0.1214 0.08475 0.05914 0.04127 0.0288 0.0201 0.01403 0.009787 0.00683 0.004766 0.003326 0.002321 0.00162 0.00113 0.0007888 0.0005504 0.001271
0.005717 0.09006 0.1464 0.1219 0.08515 0.05942 0.04147 0.02894 0.02019 0.01409 0.009834 0.006862 0.004789 0.003342 0.002332 0.001627 0.001136 0.0007925 0.000553 0.001277
0.005507 0.0642 0.2527 0.122 0.08549 0.0597 0.04166 0.02907 0.02029 0.01416 0.00988 0.006895 0.004811 0.003358 0.002343 0.001635 0.001141 0.0007963 0.0005557 0.001283
0.006174 0.06183 0.1801 0.2107 0.08557 0.05994 0.04186 0.02921 0.02038 0.01423 0.009927 0.006927 0.004834 0.003374 0.002354 0.001643 0.001146 8e-04 0.0005583 0.001289
0.008966 0.06932 0.1735 0.1502 0.1477 0.06 0.04203 0.02935 0.02048 0.01429 0.009974 0.00696 0.004857 0.00339 0.002365 0.001651 0.001152 0.0008038 0.0005609 0.001295
0.004516 0.1007 0.1945 0.1447 0.1053 0.1036 0.04207 0.02947 0.02058 0.01436 0.01002 0.006993 0.00488 0.003406 0.002377 0.001658 0.001157 0.0008076 0.0005636 0.001302
0.004771 0.05071 0.2825 0.1622 0.1014 0.07384 0.07263 0.0295 0.02066 0.01443 0.01007 0.007026 0.004903 0.003422 0.002388 0.001666 0.001163 0.0008114 0.0005663 0.001308
0.006 0.05357 0.1423 0.2355 0.1137 0.07113 0.05177 0.05092 0.02068 0.01449 0.01012 0.00706 0.004926 0.003438 0.002399 0.001674 0.001168 0.0008153 0.0005689 0.001314
0.003099 0.06737 0.1503 0.1187 0.1652 0.07974 0.04987 0.0363 0.03571 0.0145 0.01016 0.007093 0.00495 0.003454 0.00241 0.001682 0.001174 0.0008191 0.0005716 0.00132
0.007914 0.0348 0.189 0.1253 0.0832 0.1158 0.05591 0.03497 0.02545 0.02503 0.01017 0.007121 0.004973 0.003471 0.002422 0.00169 0.001179 0.000823 0.0005743 0.001326
0.00378 0.08886 0.09764 0.1576 0.08789 0.05833 0.08119 0.0392 0.02452 0.01785 0.01755 0.007128 0.004993 0.003487 0.002433 0.001698 0.001185 0.0008269 0.0005771 0.001333
0.006806 0.04244 0.2494 0.08142 0.1105 0.06162 0.0409 0.05693 0.02748 0.01719 0.01251 0.01231 0.004998 0.003501 0.002445 0.001706 0.001191 0.0008308 0.0005798 0.001339
0.005237 0.07642 0.1191 0.2079 0.05709 0.07749 0.04321 0.02868 0.03991 0.01927 0.01205 0.008773 0.008629 0.003504 0.002455 0.001714 0.001196 0.0008348 0.0005825 0.001345
0.006988 0.0588 0.2144 0.09931 0.1458 0.04003 0.05433 0.03029 0.02011 0.02798 0.01351 0.00845 0.006151 0.00605 0.002457 0.001721 0.001202 0.0008387 0.0005853 0.001352
0.00415 0.07846 0.165 0.1788 0.06963 0.1022 0.02806 0.03809 0.02124 0.0141 0.01962 0.009473 0.005925 0.004313 0.004242 0.001723 0.001207 0.0008427 0.0005881 0.001358
0.004063 0.0466 0.2202 0.1376 0.1254 0.04882 0.07167 0.01968 0.02671 0.01489 0.009884 0.01376 0.006642 0.004154 0.003024 0.002974 0.001208 0.000846 0.0005908 0.001365
0.004328 0.04562 0.1307 0.1836 0.09646 0.08791 0.03423 0.05025 0.0138 0.01873 0.01044 0.00693 0.009646 0.004657 0.002913 0.00212 0.002085 0.0008469 0.0005932 0.001371
0.01042 0.04859 0.128 0.109 0.1287 0.06764 0.06164 0.024 0.03523 0.009674 0.01313 0.007321 0.004859 0.006763 0.003265 0.002042 0.001487 0.001462 0.0005938 0.001377
0.005141 0.117 0.1364 0.1067 0.07644 0.09025 0.04742 0.04322 0.01683 0.0247 0.006783 0.009206 0.005133 0.003407 0.004742 0.002289 0.001432 0.001042 0.001025 0.001382
0.002916 0.05772 0.3283 0.1137 0.07484 0.0536 0.06328 0.03325 0.0303 0.0118 0.01732 0.004756 0.006455 0.003599 0.002389 0.003325 0.001605 0.001004 0.0007308 0.001688
0.004159 0.03275 0.162 0.2737 0.07972 0.05248 0.03758 0.04437 0.02331 0.02125 0.008273 0.01214 0.003334 0.004526 0.002523 0.001675 0.002331 0.001125 0.0007039 0.001696
0.00714 0.0467 0.09189 0.1351 0.1919 0.0559 0.03679 0.02635 0.03111 0.01635 0.0149 0.0058 0.008515 0.002338 0.003173 0.001769 0.001174 0.001634 0.0007891 0.001682
0.007129 0.08017 0.131 0.07662 0.0947 0.1346 0.03919 0.0258 0.01847 0.02181 0.01146 0.01044 0.004067 0.00597 0.001639 0.002225 0.001241 0.0008234 0.001146 0.001733
0.003653 0.08005 0.225 0.1093 0.05372 0.0664 0.09435 0.02748 0.01809 0.01295 0.01529 0.008036 0.007323 0.002851 0.004186 0.001149 0.00156 0.0008698 0.0005773 0.002019
0.004323 0.04101 0.2246 0.1876 0.07662 0.03767 0.04655 0.06616 0.01927 0.01268 0.009082 0.01072 0.005634 0.005134 0.001999 0.002935 0.0008058 0.001094 0.0006098 0.00182
0.003657 0.04854 0.1151 0.1873 0.1315 0.05372 0.02641 0.03264 0.04638 0.01351 0.008892 0.006368 0.007518 0.00395 0.0036 0.001402 0.002058 0.000565 0.0007669 0.001704
0.004671 0.04107 0.1362 0.09597 0.1313 0.09222 0.03766 0.01852 0.02289 0.03252 0.009472 0.006234 0.004465 0.005271 0.00277 0.002524 0.0009829 0.001443 0.0003961 0.001732
0.004702 0.05244 0.1152 0.1136 0.06729 0.09208 0.06466 0.02641 0.01298 0.01605 0.0228 0.006641 0.004371 0.00313 0.003696 0.001942 0.00177 0.0006891 0.001012 0.001492
0.005456 0.05279 0.1472 0.09609 0.07963 0.04718 0.06456 0.04534 0.01852 0.009103 0.01125 0.01599 0.004656 0.003065 0.002195 0.002591 0.001362 0.001241 0.0004832 0.001756
0.004494 0.06126 0.1481 0.1227 0.06737 0.05583 0.03308 0.04527 0.03179 0.01298 0.006383 0.007888 0.01121 0.003265 0.002149 0.001539 0.001817 0.0009547 0.00087 0.00157
0.003704 0.05046 0.1719 0.1235 0.08603 0.04724 0.03914 0.02319 0.03174 0.02229 0.009103 0.004475 0.005531 0.00786 0.002289 0.001507 0.001079 0.001274 0.0006694 0.001711
0.005273 0.04159 0.1416 0.1433 0.08661 0.06032 0.03312 0.02745 0.01626 0.02225 0.01563 0.006382 0.003138 0.003878 0.005511 0.001605 0.001056 0.0007565 0.0008932 0.001669
0.003227 0.0592 0.1167 0.1181 0.1005 0.06073 0.04229 0.02322 0.01924 0.0114 0.0156 0.01096 0.004475 0.0022 0.002719 0.003864 0.001125 0.0007407 0.0005304 0.001796
0.007467 0.03623 0.1661 0.09731 0.08278 0.07046 0.04258 0.02965 0.01628 0.01349 0.007994 0.01094 0.007682 0.003137 0.001543 0.001906 0.002709 0.000789 0.0005193 0.001631
0.00538 0.08385 0.1017 0.1385 0.06823 0.05804 0.04941 0.02985 0.02079 0.01142 0.00946 0.005605 0.00767 0.005386 0.0022 0.001082 0.001337 0.001899 0.0005532 0.001508
0.006141 0.06041 0.2353 0.08477 0.09712 0.04784 0.0407 0.03464 0.02093 0.01458 0.008004 0.006633 0.00393 0.005378 0.003776 0.001542 0.0007583 0.0009372 0.001332 0.001445
0.003155 0.06895 0.1695 0.1962 0.05944 0.0681 0.03354 0.02853 0.02429 0.01468 0.01022 0.005612 0.004651 0.002755 0.003771 0.002648 0.001081 0.0005317 0.0006571 0.001947
0.005382 0.03543 0.1935 0.1414 0.1376 0.04167 0.04775 0.02352 0.02001 0.01703 0.01029 0.007167 0.003935 0.003261 0.001932 0.002644 0.001856 0.0007582 0.0003728 0.001826
0.006362 0.06043 0.09941 0.1613 0.09911 0.09644 0.02922 0.03348 0.01649 0.01403 0.01194 0.007215 0.005025 0.002759 0.002286 0.001355 0.001854 0.001302 0.0005316 0.001542
0.006171 0.07143 0.1696 0.08289 0.1131 0.06949 0.06762 0.02049 0.02347 0.01156 0.009835 0.008372 0.005058 0.003523 0.001934 0.001603 0.0009498 0.0013 0.0009127 0.001454
8.032e-08 7.932e-07 2.295e-06 1.619e-06 6.655e-07 9.082e-07 5.579e-07 5.429e-07 1.645e-07 1.885e-07 9.282e-08 7.896e-08 6.721e-08 4.061e-08 2.829e-08 1.553e-08 1.287e-08 7.625e-09 1.043e-08 1.9e-08
0.09129 1.164 2.86 2.458 1.458 0.5993 0.8178 0.5024 0.4889 0.1481 0.1697 0.08358 0.0711 0.06052 0.03657 0.02547 0.01398 0.01159 0.006866 0.0265
0.07032 2.044 6.447 4.678 3.376 2.002 0.8231 1.123 0.6901 0.6715 0.2034 0.2331 0.1148 0.09766 0.08313 0.05023 0.03499 0.01921 0.01592 0.04583
0.1171 1.179 8.431 7.802 4.748 3.426 2.033 0.8355 1.14 0.7004 0.6816 0.2065 0.2366 0.1165 0.09913 0.08438 0.05099 0.03551 0.0195 0.06268
0.5493 1.743 4.29 8.947 6.936 4.221 3.046 1.807 0.7428 1.014 0.6227 0.606 0.1836 0.2103 0.1036 0.08813 0.07502 0.04533 0.03157 0.07306
0.2258 7.652 5.902 4.211 7.348 5.696 3.467 2.502 1.484 0.61 0.8325 0.5114 0.4976 0.1508 0.1727 0.08508 0.07238 0.06161 0.03723 0.08593
0.3846 3.014 24.69 5.487 3.271 5.708 4.425 2.693 1.943 1.153 0.4739 0.6467 0.3973 0.3866 0.1171 0.1342 0.06609 0.05623 0.04786 0.09567
0.4226 4.984 9.386 22.02 4.083 2.435 4.248 3.293 2.004 1.446 0.8579 0.3527 0.4813 0.2957 0.2877 0.08716 0.09986 0.04919 0.04184 0.1068
0.3485 5.357 15.09 8.089 15.81 2.933 1.749 3.051 2.366 1.44 1.039 0.6163 0.2533 0.3457 0.2124 0.2067 0.06261 0.07173 0.03533 0.1068
0.3698 4.341 15.85 12.63 5.636 11.02 2.044 1.218 2.126 1.648 1.003 0.7238 0.4294 0.1765 0.2409 0.148 0.144 0.04362 0.04998 0.09902
0.6885 4.543 12.59 12.93 8.564 3.822 7.471 1.386 0.8262 1.442 1.118 0.6801 0.4908 0.2911 0.1197 0.1633 0.1003 0.09763 0.02958 0.101
0.8121 8.36 12.95 10.03 8.549 5.664 2.528 4.941 0.9165 0.5464 0.9534 0.7391 0.4498 0.3246 0.1926 0.07916 0.108 0.06636 0.06457 0.08639
0.5078 9.765 23.46 10.09 6.483 5.526 3.661 1.634 3.194 0.5923 0.3532 0.6162 0.4777 0.2907 0.2098 0.1245 0.05116 0.06982 0.04289 0.09757
1.224 6.055 27.01 17.92 6.384 4.1 3.495 2.315 1.033 2.02 0.3746 0.2234 0.3897 0.3021 0.1839 0.1327 0.07871 0.03236 0.04415 0.08883
0.6754 14.49 16.53 20.23 11.1 3.955 2.54 2.165 1.434 0.64 1.251 0.2321 0.1384 0.2414 0.1872 0.1139 0.0822 0.04876 0.02004 0.08238
0.8368 7.939 39.06 12.15 12.29 6.741 2.402 1.543 1.315 0.8711 0.3887 0.7599 0.1409 0.08403 0.1466 0.1137 0.06917 0.04992 0.02961 0.0622
0.817 9.777 21.15 28.21 7.24 7.32 4.015 1.431 0.9189 0.7832 0.5189 0.2315 0.4527 0.08395 0.05006 0.08734 0.06771 0.04121 0.02974 0.0547
1.085 9.494 25.76 15.02 16.49 4.233 4.28 2.348 0.8365 0.5373 0.4579 0.3034 0.1354 0.2647 0.04909 0.02927 0.05107 0.03959 0.02409 0.04937
1.02 12.54 24.75 17.98 8.621 9.47 2.43 2.457 1.348 0.4802 0.3085 0.2629 0.1742 0.07773 0.152 0.02818 0.0168 0.02932 0.02273 0.04218
0.6851 11.74 32.36 16.99 10.14 4.862 5.341 1.371 1.386 0.7602 0.2708 0.174 0.1483 0.09824 0.04384 0.0857 0.01589 0.009477 0.01654 0.03661
0.9934 7.469 28.66 20.9 9.003 5.373 2.576 2.83 0.7263 0.7344 0.4029 0.1435 0.09219 0.07857 0.05206 0.02323 0.04542 0.008423 0.005022 0.02816
0.9787 10.83 18.22 18.51 11.08 4.771 2.847 1.365 1.5 0.3849 0.3892 0.2135 0.07606 0.04886 0.04164 0.02759 0.01231 0.02407 0.004464 0.01759
0.6727 10.67 26.43 11.77 9.809 5.87 2.528 1.509 0.7236 0.7948 0.204 0.2062 0.1131 0.04031 0.02589 0.02207 0.01462 0.006524 0.01275 0.01169
0.7928 7.334 26.03 17.07 6.238 5.198 3.111 1.34 0.7997 0.3834 0.4212 0.1081 0.1093 0.05996 0.02136 0.01372 0.01169 0.007748 0.003457 0.01295
1.276 8.643 17.89 16.82 9.045 3.306 2.755 1.648 0.71 0.4238 0.2032 0.2232 0.05728 0.05792 0.03177 0.01132 0.007271 0.006197 0.004106 0.008696
0.6592 13.91 21.09 11.56 8.911 4.793 1.752 1.46 0.8736 0.3763 0.2246 0.1077 0.1183 0.03036 0.03069 0.01684 0.005999 0.003853 0.003284 0.006784
0.8488 7.187 33.94 13.62 6.125 4.723 2.54 0.9284 0.7736 0.463 0.1994 0.119 0.05707 0.06269 0.01609 0.01627 0.008923 0.003179 0.002042 0.005336
1.137 9.254 17.54 21.92 7.218 3.246 2.503 1.346 0.492 0.41 0.2453 0.1057 0.06307 0.03024 0.03322 0.008525 0.00862 0.004729 0.001685 0.00391
1.19 12.39 22.58 11.33 11.62 3.825 1.72 1.326 0.7134 0.2607 0.2173 0.13 0.056 0.03342 0.01603 0.01761 0.004518 0.004568 0.002506 0.002965
1.359 12.98 30.24 14.58 6.003 6.157 2.027 0.9116 0.7028 0.3781 0.1382 0.1151 0.0689 0.02968 0.01771 0.008493 0.00933 0.002394 0.002421 0.002899
0.6914 14.82 31.66 19.53 7.729 3.181 3.263 1.074 0.4831 0.3725 0.2003 0.07322 0.06101 0.03651 0.01573 0.009386 0.004501 0.004944 0.001269 0.002819
1.63 7.537 36.16 20.45 10.35 4.096 1.686 1.729 0.5693 0.256 0.1974 0.1062 0.0388 0.03233 0.01935 0.008334 0.004974 0.002385 0.00262 0.002166
1.578 17.77 18.39 23.36 10.84 5.486 2.17 0.8933 0.9163 0.3017 0.1357 0.1046 0.05626 0.02056 0.01713 0.01025 0.004417 0.002636 0.001264 0.002537
1.083 17.2 43.35 11.88 12.38 5.743 2.907 1.15 0.4734 0.4856 0.1599 0.0719 0.05543 0.02982 0.0109 0.00908 0.005434 0.002341 0.001397 0.002014
1.049 11.8 41.98 28 6.295 6.559 3.044 1.541 0.6096 0.2509 0.2573 0.08472 0.0381 0.02938 0.0158 0.005775 0.004812 0.00288 0.00124 0.001808
1.031 11.44 28.8 27.11 14.84 3.336 3.476 1.613 0.8164 0.323 0.1329 0.1364 0.0449 0.02019 0.01557 0.008374 0.00306 0.00255 0.001526 0.001615
0.7656 11.24 27.92 18.6 14.37 7.863 1.768 1.842 0.8548 0.4327 0.1712 0.07046 0.07227 0.02379 0.0107 0.00825 0.004438 0.001622 0.001351 0.001665
0.9661 8.346 27.42 18.03 9.858 7.615 4.167 0.9368 0.9762 0.453 0.2293 0.09072 0.03734 0.0383 0.01261 0.00567 0.004372 0.002352 0.0008595 0.001598
0.7612 10.53 20.36 17.71 9.556 5.224 4.035 2.208 0.4965 0.5173 0.24 0.1215 0.04807 0.01979 0.0203 0.006682 0.003005 0.002317 0.001246 0.001303
0.7745 8.101 25.14 12.87 9.184 4.955 2.709 2.093 1.145 0.2575 0.2683 0.1245 0.06301 0.02493 0.01026 0.01052 0.003465 0.001558 0.001201 0.001322
0.8367 8.244 19.39 15.98 6.717 4.792 2.586 1.414 1.092 0.5976 0.1343 0.14 0.06496 0.03288 0.01301 0.005354 0.005492 0.001808 0.0008132 0.001317
0.9083 8.906 19.78 12.39 8.389 3.527 2.516 1.358 0.7423 0.5734 0.3138 0.07054 0.07351 0.03411 0.01726 0.006831 0.002812 0.002884 0.0009495 0.001118
0.7972 9.669 21.43 12.71 6.547 4.432 1.863 1.329 0.7174 0.3922 0.3029 0.1658 0.03727 0.03884 0.01802 0.009122 0.003609 0.001485 0.001524 0.001093
0.6164 8.486 23.33 13.85 6.759 3.48 2.356 0.9905 0.7067 0.3813 0.2085 0.161 0.08812 0.01981 0.02064 0.009579 0.004849 0.001919 0.0007896 0.001391
0.3697 6.561 20.53 15.16 7.407 3.615 1.861 1.26 0.5298 0.378 0.2039 0.1115 0.08613 0.04713 0.0106 0.01104 0.005123 0.002593 0.001026 0.001166
0.8064 3.934 15.91 13.41 8.156 3.986 1.945 1.002 0.678 0.285 0.2034 0.1097 0.06 0.04634 0.02536 0.005702 0.005941 0.002757 0.001395 0.00118
0.6612 8.581 9.565 10.45 7.26 4.415 2.158 1.053 0.5422 0.367 0.1543 0.1101 0.0594 0.03248 0.02509 0.01373 0.003086 0.003216 0.001492 0.001394
0.748 7.035 20.91 6.317 5.691 3.953 2.404 1.175 0.5733 0.2952 0.1999 0.08402 0.05995 0.03235 0.01769 0.01366 0.007475 0.001681 0.001751 0.001572
0.9268 7.956 17.19 13.89 3.46 3.117 2.165 1.317 0.6435 0.314 0.1617 0.1095 0.04602 0.03284 0.01772 0.009687 0.007483 0.004095 0.0009206 0.00182
0.7179 9.855 19.48 11.47 7.65 1.906 1.718 1.193 0.7256 0.3546 0.173 0.0891 0.06032 0.02536 0.01809 0.009762 0.005337 0.004123 0.002256 0.00151
0.5878 7.631 24.19 13.07 6.356 4.239 1.056 0.9518 0.6611 0.4021 0.1965 0.09588 0.04937 0.03342 0.01405 0.01003 0.00541 0.002958 0.002284 0.002087
0.4011 6.244 18.77 16.31 7.284 3.542 2.362 0.5887 0.5304 0.3684 0.2241 0.1095 0.05343 0.02751 0.01863 0.007831 0.005587 0.003015 0.001648 0.002436
0.3623 4.258 15.39 12.72 9.139 4.082 1.985 1.324 0.3299 0.2972 0.2065 0.1256 0.06136 0.02994 0.01542 0.01044 0.004388 0.003131 0.001689 0.002289
0.461 3.844 10.52 10.48 7.167 5.15 2.3 1.119 0.746 0.1859 0.1675 0.1163 0.07076 0.03458 0.01687 0.008689 0.005882 0.002473 0.001764 0.002242
0.6824 4.888 9.514 7.197 5.938 4.06 2.918 1.303 0.6337 0.4226 0.1053 0.09489 0.06591 0.04009 0.01959 0.009559 0.004922 0.003332 0.001401 0.00227
0.716 7.229 12.12 6.54 4.099 3.382 2.312 1.662 0.7421 0.3609 0.2407 0.05998 0.05404 0.03754 0.02283 0.01116 0.005444 0.002803 0.001898 0.00209
0.6575 7.577 17.95 8.367 3.744 2.346 1.936 1.324 0.9512 0.4248 0.2066 0.1378 0.03434 0.03094 0.02149 0.01307 0.006386 0.003116 0.001605 0.002283
0.4704 6.95 18.85 12.45 4.814 2.154 1.35 1.114 0.7615 0.5472 0.2444 0.1189 0.07927 0.01975 0.0178 0.01236 0.007518 0.003674 0.001793 0.002237
