Originally  
101 
A 
2	100	
1	1	NA	NA	
1	20	
1 266.1 266.1 228.1 114 126.7 139.4 25.34 38.02 12.67 0 25.34 12.67 0 12.67 0 0 0 0 0 0
1 784.7 156.9 331.3 69.75 87.19 104.6 69.75 69.75 0 17.44 0 17.44 0 0 17.44 0 17.44 0 0 0
1 530 494.7 229.7 141.3 88.33 88.33 88.33 0 17.67 17.67 17.67 0 17.67 35.33 0 0 0 0 0 0
1 644.2 477.9 415.6 103.9 187 62.34 41.56 0 20.78 62.34 0 41.56 20.78 0 0 0 0 0 0 0
1 398.1 244 179.8 192.6 64.21 38.53 38.53 51.37 25.69 25.69 25.69 0 0 0 0 0 0 0 0 0
1 812.2 417.7 301.7 278.5 278.5 69.61 46.41 0 0 23.2 0 23.2 23.2 23.2 0 0 23.2 0 0 0
1 404.7 515.1 312.7 110.4 202.4 55.19 110.4 18.4 0 36.79 36.79 18.4 0 0 18.4 0 0 0 0 0
1 644.8 293.1 449.4 234.5 97.7 58.62 58.62 58.62 39.08 0 0 0 0 0 0 0 0 0 19.54 0
1 534.3 275.8 155.1 379.2 120.6 51.7 34.47 51.7 51.7 0 34.47 34.47 0 0 0 0 0 0 0 0
1 272.9 417.4 208.7 176.6 192.6 160.5 96.32 32.11 16.05 16.05 16.05 0 0 0 0 0 0 0 0 0
1 766.2 294.7 353.6 176.8 58.94 117.9 78.59 39.29 39.29 39.29 0 0 0 0 0 0 0 0 0 0
1 293.2 375.3 70.36 105.5 93.82 23.45 58.64 23.45 46.91 23.45 46.91 11.73 0 0 0 0 0 0 0 0
1 573.2 336 395.3 98.82 177.9 158.1 59.29 118.6 0 19.76 0 0 39.53 0 0 0 0 0 0 0
1 635.6 512.6 225.5 307.6 61.51 102.5 61.51 20.5 0 41.01 61.51 0 0 0 0 20.5 0 0 0 0
1 560.6 336.3 288.3 80.08 112.1 64.07 32.03 48.05 0 0 64.07 0 0 16.02 0 0 0 0 0 0
1 342.7 482.9 249.2 109 93.46 93.46 31.15 77.88 46.73 0 15.58 0 15.58 0 0 0 0 0 0 0
1 313.7 254 373.5 74.7 209.2 119.5 59.76 14.94 14.94 0 14.94 14.94 14.94 14.94 0 0 0 0 0 0
1 368.2 280.6 263 263 140.3 122.7 87.67 105.2 35.07 17.53 17.53 0 0 17.53 0 0 17.53 0 0 17.53
1 1222 214.4 171.5 107.2 193 64.33 21.44 21.44 64.33 0 0 21.44 0 0 0 0 42.89 0 0 0
1 355.5 660.2 220.1 101.6 118.5 67.72 67.72 50.79 0 16.93 0 16.93 0 16.93 0 0 0 0 0 0
1 108.7 366.7 366.7 176.6 67.92 67.92 81.5 27.17 27.17 40.75 0 13.58 0 0 0 0 0 13.58 0 0
1 218.4 218.4 276.6 276.6 145.6 72.79 43.67 101.9 29.12 14.56 43.67 0 0 0 14.56 0 0 0 0 0
1 433.2 196.9 131.3 144.4 196.9 13.13 26.26 26.26 91.9 13.13 26.26 0 0 0 13.13 0 0 0 0 0
1 517.5 479.2 172.5 210.8 153.3 153.3 76.67 76.67 19.17 38.33 19.17 0 0 0 0 0 0 0 0 0
1 602.1 624.3 423.7 267.6 0 66.89 156.1 0 0 22.3 22.3 22.3 0 0 0 0 22.3 0 0 0
1 350.4 238.3 294.3 168.2 140.1 14.01 70.07 84.09 28.03 0 0 0 0 14.01 0 0 0 0 0 0
1 525.1 253.5 217.3 217.3 235.4 72.43 54.32 18.11 90.54 54.32 0 18.11 36.22 0 18.11 0 0 0 0 0
1 576.8 349.6 209.7 262.2 174.8 69.91 34.96 0 17.48 34.96 17.48 0 0 0 0 0 0 0 0 0
1 265.9 192.5 165 64.18 45.84 45.84 36.67 18.34 27.5 9.168 27.5 9.168 0 0 9.168 0 0 0 0 0
1 516.3 316.4 249.8 183.2 149.9 33.31 49.96 83.27 33.31 0 0 0 0 16.65 0 16.65 16.65 0 0 0
1 390.6 420.6 225.3 240.3 75.11 15.02 15.02 45.06 0 30.04 0 15.02 0 0 0 15.02 0 0 0 15.02
1 289.1 289.1 231.3 127.2 115.6 0 23.13 23.13 23.13 34.69 0 0 0 0 0 0 0 0 0 0
1 540.3 197.7 145 118.6 92.25 39.53 39.53 13.18 52.71 13.18 13.18 13.18 13.18 13.18 13.18 0 0 0 0 0
1 346.1 333.3 192.3 102.6 115.4 38.46 64.09 12.82 0 12.82 25.64 38.46 0 0 0 0 0 0 0 0
1 648.2 210.7 275.5 113.4 64.82 129.6 64.82 64.82 0 16.21 16.21 0 0 0 0 16.21 0 0 0 0
1 381.3 463 136.2 54.47 122.5 54.47 54.47 27.23 0 13.62 27.23 0 0 13.62 13.62 0 0 0 0 0
1 516.4 366.5 366.5 99.95 99.95 49.98 49.98 49.98 16.66 0 33.32 0 0 16.66 0 0 0 0 0 0
1 387.5 387.5 325.5 201.5 46.5 93 46.5 31 0 15.5 0 0 0 0 15.5 0 0 0 0 0
1 488.3 236.3 362.3 189 126 15.75 31.5 0 15.75 31.5 31.5 15.75 0 15.75 0 15.75 0 0 0 0
1 662.6 227.2 227.2 189.3 132.5 246.1 18.93 37.86 18.93 0 37.86 18.93 18.93 18.93 18.93 0 0 18.93 0 0
1 455.8 390.7 358.2 32.56 130.2 65.12 130.2 16.28 32.56 16.28 0 0 0 0 0 0 0 0 0 0
1 650.2 270.9 307.1 216.7 72.25 144.5 72.25 0 18.06 18.06 18.06 0 18.06 0 0 0 0 0 0 0
1 345.9 446.8 173 129.7 100.9 28.83 43.24 43.24 72.07 0 14.41 28.83 0 0 14.41 0 0 0 0 0
1 210.2 381.1 184 184 118.3 52.56 26.28 65.7 13.14 39.42 13.14 26.28 0 0 0 0 0 0 0 0
1 262.5 79.9 194.1 228.3 114.1 102.7 57.07 11.41 22.83 11.41 34.24 0 0 11.41 11.41 0 0 0 0 0
1 1154 377.3 155.4 155.4 133.2 111 44.39 44.39 22.2 22.2 0 0 0 0 0 0 0 0 0 0
1 258 515.9 33.65 67.3 112.2 67.3 56.08 0 11.22 0 0 0 0 0 0 0 0 0 0 0
1 339.4 113.1 339.4 79.2 45.25 79.2 33.94 67.88 0 0 0 11.31 0 22.63 0 0 0 0 0 0
1 344.4 233.7 209.1 196.8 73.79 49.19 86.09 36.9 0 0 0 0 0 0 0 0 0 0 0 0
1 318.7 187.4 140.6 84.35 56.23 28.12 9.372 37.49 37.49 9.372 0 0 9.372 0 0 0 0 0 9.372 9.372
1 358.3 313.5 238.9 253.8 14.93 149.3 14.93 29.86 29.86 14.93 29.86 0 29.86 0 0 14.93 0 0 0 0
1 462.2 237.3 112.4 137.4 74.95 49.96 99.93 24.98 12.49 12.49 12.49 0 12.49 0 0 0 0 0 0 0
1 605.1 296.4 135.8 61.74 74.09 24.7 0 24.7 0 12.35 0 0 0 0 0 0 0 0 0 0
1 286.3 443.7 314.9 143.1 42.94 57.25 57.25 14.31 42.94 0 0 28.63 0 0 0 0 0 0 0 0
1 560.4 166.9 190.8 95.39 71.54 23.85 35.77 23.85 0 0 11.92 0 0 0 11.92 0 0 0 0 0
1 359.4 436.4 115.5 115.5 89.85 51.34 38.51 0 38.51 25.67 12.84 0 0 0 0 0 0 0 0 0
1 374.9 245.6 426.6 51.71 51.71 103.4 12.93 12.93 12.93 0 0 0 0 0 0 0 0 0 0 0
1 285.2 171.1 152.1 171.1 38.03 57.04 38.03 0 19.01 9.507 0 0 0 9.507 0 0 0 0 0 0
1 295.2 185.5 185.5 67.47 59.03 25.3 8.433 0 8.433 8.433 0 0 0 0 0 0 0 0 0 0
1 389.4 328 102.5 102.5 10.25 40.99 10.25 30.75 0 0 0 0 10.25 0 0 0 0 0 0 0
1 240 232.5 172.5 37.5 37.5 7.5 15 0 7.5 0 0 0 0 0 0 0 0 0 0 0
1 460.4 285.8 333.4 190.5 142.9 111.1 31.75 15.88 0 0 0 15.88 0 0 0 0 0 0 0 0
1 413.2 211.6 201.6 80.62 40.31 20.16 20.16 0 10.08 0 10.08 0 0 0 0 0 0 0 0 0
1 183.4 287 191.4 55.81 23.92 39.87 0 7.973 7.973 0 0 0 0 0 0 0 0 0 0 0
1 204.4 62.45 153.3 68.13 11.35 28.39 22.71 11.35 5.677 0 0 0 0 0 0 0 0 0 0 0
1 334.1 132.3 97.46 69.61 48.73 0 13.92 0 0 0 0 0 0 0 0 0 0 0 0 0
1 229.2 258.7 96.1 66.53 44.36 14.79 14.79 14.79 0 0 0 0 0 0 0 0 0 0 0 0
1 318.9 216.1 267.5 82.31 41.15 41.15 41.15 0 0 20.58 0 0 0 0 0 0 0 0 0 0
1 339.9 173.6 65.08 101.2 14.46 21.69 0 7.231 0 0 0 0 0 0 0 0 0 0 0 0
1 455.4 266.6 222.2 77.76 66.65 22.22 0 0 0 0 0 0 0 0 0 0 0 0 0 0
1 288.4 180.2 115.3 57.67 43.26 14.42 21.63 0 0 0 0 0 0 0 0 0 0 0 0 0
1 172.5 244.3 136.5 129.3 21.56 0 7.186 7.186 0 0 0 0 0 0 0 0 0 0 0 0
1 549.2 156.9 235.4 67.25 78.46 11.21 0 22.42 0 0 0 0 0 0 0 0 0 0 0 0
1 537.6 396.8 102.4 153.6 25.6 38.4 12.8 0 12.8 0 0 0 0 0 0 0 0 0 0 0
1 285.7 248.8 221.2 36.86 73.72 36.86 9.215 0 0 9.215 0 0 0 0 0 0 0 0 0 0
1 264.8 213.6 196.5 93.98 25.63 34.17 17.09 8.543 0 0 0 0 0 0 0 0 0 0 0 0
1 342.6 166.7 203.7 120.4 37.03 46.29 9.258 0 0 0 0 0 0 0 0 0 0 0 0 0
1 219.7 245 194.3 59.14 101.4 8.448 8.448 8.448 0 0 0 0 0 0 0 0 0 0 0 0
1 384.7 112.2 176.3 32.06 32.06 32.06 24.04 0 8.015 0 0 0 0 0 0 0 0 0 0 0
1 231.7 192 92.69 79.45 19.86 26.48 13.24 6.621 0 0 0 0 0 0 0 0 0 0 0 0
1 308.4 179.1 228.8 109.4 59.69 39.79 19.9 19.9 9.949 0 19.9 0 0 0 0 0 0 0 0 0
1 315 161.6 105 88.85 72.7 24.23 8.078 16.16 8.078 0 8.078 0 0 0 0 0 0 0 0 0
1 254.9 145.7 84.98 54.63 24.28 12.14 12.14 12.14 6.07 0 0 0 0 0 0 0 0 0 0 0
1 270.7 246.8 119.4 63.69 39.8 23.88 7.961 7.961 15.92 0 0 0 0 0 0 0 0 0 0 0
1 256.6 225.5 186.6 46.65 15.55 23.32 15.55 7.775 0 0 0 0 0 0 0 0 0 0 0 0
1 120.4 166.3 103.2 80.28 45.88 34.41 5.735 5.735 5.735 5.735 0 0 0 0 0 0 0 0 0 0
1 336.8 103.1 75.6 103.1 20.62 34.36 6.873 0 0 0 0 6.873 0 0 0 0 0 0 0 0
1 313 153 97.37 55.64 27.82 20.86 20.86 6.955 0 0 0 0 0 0 0 0 0 0 0 0
1 259.3 149.1 149.1 25.93 38.9 12.97 0 12.97 0 0 0 0 0 0 0 0 0 0 0 0
1 498.3 321.1 66.44 144 33.22 33.22 11.07 0 0 0 0 0 0 0 0 0 0 0 0 0
1 221.1 258 110.6 58.97 66.34 14.74 7.371 0 0 0 0 0 0 0 0 0 0 0 0 0
1 294.8 147.4 154.8 103.2 22.11 0 14.74 0 0 0 0 0 0 0 0 0 0 0 0 0
1 182.9 168.8 112.5 84.4 84.4 35.16 21.1 0 7.033 7.033 0 0 0 0 0 0 0 0 0 0
1 141.7 85.01 80.29 51.95 70.84 4.723 4.723 23.61 0 0 4.723 0 0 0 4.723 0 0 0 0 0
1 250.9 132.4 69.69 118.5 48.79 34.85 20.91 20.91 0 0 0 0 0 0 0 0 0 0 0 0
1 287.9 115.2 134.4 31.99 19.2 19.2 12.8 19.2 0 0 0 0 0 0 0 0 0 0 0 0
1 274.7 149.9 112.4 24.98 24.98 6.244 12.49 12.49 6.244 0 0 0 0 0 0 0 0 0 0 0
1 236.3 244.4 179.2 81.47 32.59 16.29 16.29 8.147 0 0 0 0 0 0 0 0 0 0 0 0
1 276.9 251 190.4 51.93 34.62 0 25.96 0 17.31 8.654 8.654 0 0 0 0 0 0 0 0 0
