Originally  
101 
A 
42	100	
1	1	NA	NA	
1	20	
1 0.01206 0.2171 0.4462 0.1809 0.08443 0.1085 0.04824 0.02412 0.01206 0.03618 0.01206 0.01206 0 0 0.01206 0 0 0 0 0
1 0.01122 0.1796 0.3816 0.2469 0.1122 0.05612 0.06734 0.01122 0.01122 0.03367 0 0 0 0 0 0 0.01122 0 0 0
1 0.03006 0.1403 0.3407 0.2304 0.1102 0.02004 0.0501 0.04008 0 0.02004 0 0 0.01002 0 0.01002 0 0 0 0 0
1 0.05142 0.3085 0.2057 0.2365 0.07198 0.08226 0.01028 0.01028 0 0.01028 0 0.02057 0.01028 0 0 0 0 0 0 0.01028
1 0 0.2982 0.4532 0.1431 0.09542 0.09542 0.04771 0.01193 0.02385 0.01193 0.01193 0 0 0 0 0 0 0 0 0
1 0.02954 0.1083 0.4431 0.2363 0.08861 0.03938 0.009846 0 0.009846 0.009846 0 0 0 0 0 0.009846 0 0 0 0
1 0.09651 0.2359 0.1501 0.2037 0.193 0.06434 0.04289 0.04289 0.01072 0.01072 0 0.02145 0 0 0 0 0 0 0 0
1 0.04887 0.3665 0.4276 0.08552 0.09773 0.08552 0.02443 0 0.06108 0.01222 0 0 0 0 0 0 0.01222 0 0 0
1 0.02966 0.1483 0.8899 0.267 0.02966 0.02966 0.0445 0.01483 0.01483 0 0 0.01483 0 0 0 0 0 0 0 0
1 0.01315 0.1052 0.3025 0.6182 0.1447 0.03946 0.03946 0.02631 0 0.01315 0.01315 0 0 0 0 0 0 0 0 0
1 0.05619 0.3512 0.295 0.3371 0.2809 0.07023 0 0.01405 0 0 0 0 0 0 0 0 0 0 0 0
1 0.0167 0.2004 0.2254 0.1085 0.1085 0.1252 0.0334 0 0.008349 0.008349 0 0 0 0 0 0 0 0 0 0
1 0.03455 0.1267 0.5067 0.1612 0.09214 0.04607 0.1612 0 0 0.02303 0 0 0 0 0 0 0 0 0 0
1 0.03092 0.2886 0.2474 0.2577 0.134 0.02061 0 0.04123 0.01031 0 0 0 0 0 0 0 0 0 0 0
1 0.06438 0.4121 0.4121 0.1159 0.1545 0.01288 0.07726 0.01288 0 0.02575 0 0 0 0 0 0 0 0 0 0
1 0.1007 0.2461 0.3804 0.2126 0.05594 0.07832 0.01119 0.01119 0 0.02238 0 0 0 0 0 0 0 0 0 0
1 0.01234 0.2221 0.4071 0.2961 0.1234 0.06168 0.03701 0.03701 0.01234 0.02467 0 0 0 0 0 0 0 0 0 0
1 0.04142 0.2761 0.2761 0.4004 0.2209 0.04142 0.04142 0.05522 0.01381 0.01381 0 0 0 0 0 0 0 0 0 0
1 0.02711 0.2033 0.4202 0.2982 0.1898 0.09489 0.06778 0.01356 0.01356 0.01356 0 0.01356 0 0 0 0 0 0 0 0
1 0.0424 0.2438 0.212 0.2438 0.106 0.1272 0.053 0.0212 0 0 0 0 0.0106 0 0 0 0 0 0 0
1 0.08961 0.3584 0.4225 0.08961 0.1408 0.06401 0.05121 0.06401 0 0 0 0 0 0 0 0 0 0 0 0
1 0.06349 0.1905 0.4445 0.1799 0.08466 0.03175 0.01058 0.02116 0.01058 0.01058 0 0.01058 0 0 0 0 0 0 0 0
1 0.01456 0.3786 0.3641 0.3495 0.1893 0.05825 0 0.05825 0.02913 0 0.01456 0 0 0 0 0 0 0 0 0
1 0.03319 0.3983 0.5642 0.2821 0.2489 0.01659 0.03319 0.03319 0 0 0.03319 0.01659 0 0 0 0 0 0 0 0
1 0.05257 0.2497 0.3943 0.276 0.184 0.1183 0.02629 0.01314 0 0 0 0 0 0 0 0 0 0 0 0
1 0.05205 0.3253 0.3123 0.2342 0.2473 0.03904 0.05205 0.02603 0 0.01301 0 0 0 0 0 0 0 0 0 0
1 0.04334 0.1589 0.5346 0.419 0.13 0.1011 0.04334 0.01445 0 0 0 0 0 0 0 0 0 0 0 0
1 0.06057 0.1454 0.315 0.2907 0.1575 0.109 0.0848 0 0.03634 0.01211 0 0 0 0 0 0 0 0 0 0
1 0.05076 0.3214 0.5752 0.2876 0.203 0.06767 0.1184 0.01692 0.03384 0 0.01692 0 0 0 0 0 0 0 0 0
1 0.08946 0.2386 0.4622 0.3131 0.1044 0.1044 0.08946 0.07455 0 0 0.01491 0 0 0 0 0 0 0 0 0
1 0.03826 0.3061 0.4209 0.2678 0.1148 0.03826 0.03826 0.03826 0.01275 0 0 0 0 0 0 0 0 0 0 0
1 0.01527 0.2902 0.5804 0.3207 0.168 0.03055 0.03055 0.06109 0 0.01527 0 0.01527 0 0 0 0 0 0 0 0
1 0.01976 0.1778 0.2667 0.1976 0.1482 0.06915 0.01976 0.02964 0.04939 0 0 0.009879 0 0 0 0 0 0 0 0
1 0.05069 0.1318 0.294 0.2534 0.1014 0.1115 0.04055 0.03041 0 0 0 0 0 0 0 0 0 0 0 0
1 0.05703 0.1996 0.2566 0.1996 0.1426 0.04753 0.03802 0.009505 0 0 0 0 0 0 0 0 0 0 0 0
1 0.02208 0.2318 0.4195 0.1214 0.09936 0.1104 0.07728 0.01104 0.01104 0 0 0 0 0 0 0 0 0 0 0
1 0.02372 0.1779 0.4863 0.1898 0.08303 0.07117 0.02372 0.03558 0.02372 0.03558 0.02372 0 0.01186 0 0 0 0 0 0 0
1 0.1039 0.2672 0.4751 0.3118 0.1485 0.05938 0.04454 0.02969 0.01485 0.01485 0.01485 0 0 0 0 0 0 0 0 0
1 0.07924 0.3962 0.3645 0.4279 0.1902 0.06339 0.04754 0 0 0 0 0 0 0 0.01585 0 0 0 0 0
1 0.0449 0.3891 0.4041 0.2694 0.2245 0.1048 0.01497 0.01497 0.01497 0.01497 0 0 0 0 0 0 0 0 0 0
1 0.04515 0.2559 0.4967 0.4666 0.0903 0.04515 0.0602 0.0301 0 0.01505 0 0 0 0 0 0 0 0 0 0
1 0.02785 0.1949 0.4456 0.4456 0.1114 0.04177 0.0557 0.02785 0 0.01392 0.01392 0.01392 0 0 0 0 0 0 0 0
1 0.04325 0.1838 0.3784 0.1406 0.1406 0.0865 0.06487 0.03244 0.01081 0 0 0 0 0 0 0 0 0 0 0
1 0.05599 0.112 0.3079 0.2053 0.1213 0.07465 0.01866 0.009331 0.01866 0 0.009331 0 0 0 0 0 0 0 0 0
1 0.02085 0.2085 0.2711 0.2294 0.1668 0.05214 0.06256 0.01043 0.01043 0.01043 0 0 0 0 0 0 0 0 0 0
1 0.04768 0.1717 0.2575 0.2193 0.1049 0.05722 0.06675 0.009536 0.009536 0 0.009536 0 0 0 0 0 0 0 0 0
1 0.01149 0.2527 0.3216 0.2068 0.2297 0.06892 0.01149 0.02297 0 0.01149 0 0 0 0.01149 0 0 0 0 0 0
1 0.009367 0.1592 0.3841 0.1499 0.103 0.01873 0.0562 0.0281 0.01873 0.009367 0 0 0 0 0 0 0 0 0 0
1 0.04523 0.2171 0.2261 0.2442 0.05428 0.05428 0.03618 0.01809 0.009046 0 0 0 0 0 0 0 0 0 0 0
1 0.008209 0.1478 0.2955 0.1396 0.1149 0.07388 0.02463 0.01642 0 0 0 0 0 0 0 0 0 0 0 0
1 0.03046 0.1827 0.2538 0.2741 0.1218 0.06091 0.04061 0.01015 0.0203 0 0.01015 0.01015 0 0 0 0 0 0 0 0
1 0.02065 0.1962 0.4234 0.1549 0.1239 0.02065 0.05164 0.02065 0 0 0.01033 0.01033 0 0 0 0 0 0 0 0
1 0.04257 0.2661 0.2235 0.2874 0.1384 0.05322 0.03193 0 0.01064 0 0 0 0 0 0 0 0.01064 0 0 0
1 0.06836 0.2905 0.6836 0.2905 0.188 0.06836 0.03418 0.05127 0.01709 0 0 0 0.01709 0 0 0 0 0 0 0
1 0.01917 0.23 0.4026 0.09585 0.1054 0.02876 0.04793 0.02876 0 0 0 0 0 0 0 0 0 0 0 0
1 0.04162 0.1873 0.3226 0.1873 0.1041 0.1041 0.05203 0.01041 0.01041 0.01041 0 0 0.01041 0 0 0 0 0 0 0
1 0.01717 0.1803 0.2232 0.2833 0.08586 0.03434 0.01717 0.008586 0.008586 0 0 0 0 0 0 0 0 0 0 0
1 0.03517 0.211 0.2638 0.1055 0.1583 0.06155 0.02638 0.008793 0.008793 0 0 0 0 0 0 0 0 0 0 0
1 0.03667 0.176 0.2567 0.1247 0.05868 0.02934 0.01467 0.02934 0 0 0.007335 0 0 0 0 0 0 0 0 0
