Originally  
101 
A 
2	100	
1	1	NA	NA	
1	20	
1 553.2 410.5 285.5 142.8 71.38 89.23 53.54 53.54 35.69 0 17.85 17.85 17.85 17.85 17.85 0 0 0 0 0
1 449.2 326.7 149.7 204.2 81.68 40.84 40.84 40.84 27.23 0 0 0 0 0 0 0 0 0 0 0
1 453.3 294 98.01 110.3 98.01 36.76 36.76 36.76 0 24.5 12.25 12.25 0 12.25 0 0 0 0 0 0
1 415.5 315.2 257.9 114.6 71.64 85.96 42.98 57.31 28.65 14.33 0 0 14.33 14.33 0 0 0 0 0 0
1 557.4 353 260.1 223 148.6 92.9 55.74 37.16 55.74 0 18.58 37.16 18.58 0 0 0 0 0 0 0
1 514.3 250.9 125.4 138 75.27 87.81 50.18 0 12.54 0 0 0 0 0 0 0 0 0 0 0
1 898.5 655.7 315.7 145.7 218.6 48.57 24.29 72.86 0 24.29 0 0 24.29 0 0 0 0 0 0 0
1 587.8 376.8 120.6 105.5 120.6 60.29 60.29 45.21 15.07 0 0 0 0 0 15.07 0 0 0 0 0
1 391.3 318.8 246.3 144.9 101.4 115.9 14.49 57.96 14.49 14.49 0 0 0 0 14.49 0 0 0 14.49 0
1 487 470.7 259.7 129.9 113.6 32.46 81.16 16.23 32.46 0 0 0 0 0 0 0 0 0 0 0
1 500.4 396.8 224.3 207.1 103.5 86.27 51.76 34.51 51.76 17.25 51.76 0 0 0 0 0 0 0 0 0
1 500.4 355.2 145.3 145.3 80.72 145.3 96.86 32.29 48.43 32.29 0 16.14 16.14 0 0 0 0 0 0 0
1 313.5 354.4 231.7 190.8 95.4 54.52 54.52 27.26 13.63 0 0 0 0 0 27.26 0 0 0 0 0
1 702 341 300.9 220.6 120.3 160.5 20.06 40.12 80.23 0 20.06 0 0 0 0 0 0 0 0 0
1 458.3 441.3 135.8 135.8 169.7 152.8 33.95 16.97 50.92 33.95 33.95 16.97 16.97 0 0 0 0 0 0 0
1 412 223.6 176.6 117.7 105.9 47.08 11.77 35.31 0 11.77 11.77 11.77 11.77 0 0 0 0 0 0 0
1 489.1 320.4 354.2 101.2 118.1 67.46 118.1 16.87 33.73 33.73 16.87 0 0 0 16.87 0 0 0 0 0
1 548 315.5 315.5 166.1 99.64 66.42 66.42 16.61 16.61 33.21 0 0 0 0 0 16.61 0 0 0 0
1 453.3 382.5 255 99.17 56.67 85 28.33 14.17 14.17 0 14.17 14.17 0 0 0 0 0 0 0 0
1 573.5 404.8 236.1 118.1 101.2 16.87 67.47 33.74 50.6 50.6 16.87 16.87 0 0 0 0 0 0 0 0
1 723.6 504.3 328.9 219.3 153.5 109.6 21.93 65.78 21.93 0 0 0 0 0 21.93 0 21.93 0 0 0
1 644.3 684.5 201.3 100.7 120.8 40.27 100.7 40.27 0 60.4 0 0 0 0 0 0 0 20.13 0 0
1 877.7 376.2 229.9 104.5 209 125.4 41.8 41.8 20.9 20.9 20.9 20.9 0 0 0 0 0 0 0 0
1 467.9 342 270 252 180 144 53.99 0 36 0 18 18 0 0 18 0 0 0 0 0
1 372.4 372.4 279.3 170.7 108.6 93.1 15.52 46.55 15.52 15.52 15.52 0 31.03 0 15.52 0 0 0 0 0
1 443.5 246.4 230 279.3 82.14 49.28 32.85 115 65.71 16.43 0 32.85 0 0 0 16.43 32.85 0 0 0
1 682.7 303.4 360.3 94.82 151.7 75.86 37.93 18.96 37.93 75.86 18.96 0 0 18.96 18.96 0 0 0 0 0
1 483.2 399.9 166.6 183.3 116.6 116.6 33.33 49.99 0 33.33 16.66 33.33 0 0 0 33.33 0 0 0 0
1 411.6 265.5 172.6 159.3 92.94 39.83 53.11 79.66 26.55 26.55 0 0 0 0 0 0 0 0 0 0
1 454.4 324.6 162.3 243.5 146.1 32.46 64.92 16.23 48.69 32.46 48.69 0 16.23 0 0 0 0 16.23 16.23 0
1 420.9 174.2 188.7 159.7 174.2 101.6 72.57 101.6 29.03 14.51 14.51 0 0 0 0 0 0 0 0 0
1 504.6 504.6 383.5 262.4 60.55 60.55 80.74 40.37 20.18 20.18 40.37 0 20.18 0 20.18 0 0 0 0 0
1 471.1 452.9 126.8 199.3 217.4 144.9 90.59 18.12 54.35 36.24 0 0 0 0 0 0 0 0 0 0
1 285.7 311.6 207.8 103.9 155.8 64.92 90.89 38.95 12.98 0 0 12.98 0 12.98 0 0 0 0 0 0
1 406.1 301.3 196.5 78.61 65.51 39.3 39.3 78.61 39.3 26.2 13.1 13.1 0 13.1 0 0 0 0 0 0
1 534.1 391.7 302.7 178 89.02 106.8 35.61 71.22 17.8 17.8 0 0 0 0 0 0 17.8 0 0 17.8
1 786.5 351.9 310.5 248.4 82.79 41.39 41.39 41.39 62.09 20.7 0 41.39 0 0 20.7 0 0 0 0 20.7
1 379.7 393.8 168.8 84.38 182.8 70.32 28.13 42.19 42.19 0 0 0 0 0 14.06 0 0 0 0 0
1 480.8 394.9 240.4 154.5 85.86 103 34.34 51.51 51.51 17.17 51.51 17.17 0 17.17 0 0 0 17.17 0 0
1 296.6 307.2 116.5 84.74 95.34 31.78 10.59 10.59 52.96 31.78 0 0 10.59 0 0 10.59 0 0 0 0
1 305 406.6 174.3 87.14 130.7 58.09 87.14 58.09 72.61 14.52 0 14.52 0 0 14.52 14.52 14.52 0 0 0
1 376.3 332.8 275 130.2 144.7 57.89 43.41 43.41 0 14.47 0 0 0 0 0 28.94 0 0 0 0
1 477.9 286.7 127.4 111.5 191.2 111.5 79.65 31.86 31.86 15.93 47.79 0 47.79 31.86 0 0 0 0 0 0
1 674.9 444 159.8 159.8 35.52 71.04 35.52 17.76 17.76 35.52 35.52 17.76 35.52 0 0 0 17.76 17.76 0 0
1 376.9 237.3 237.3 125.6 153.5 97.71 27.92 83.75 13.96 13.96 0 0 0 13.96 0 0 0 13.96 0 0
1 363.6 209.4 176.3 99.17 88.15 66.12 33.06 0 0 33.06 22.04 0 0 11.02 0 0 0 0 0 0
1 289.3 226 117.5 45.21 54.25 45.21 9.042 36.17 18.08 18.08 18.08 9.042 9.042 9.042 0 0 0 0 0 0
1 640.7 427.1 246.4 147.8 65.71 32.85 0 49.28 32.85 0 0 0 0 0 0 0 0 0 0 0
1 568.8 291.7 116.7 175 72.93 72.93 14.59 14.59 43.76 29.17 14.59 0 29.17 0 14.59 0 0 0 0 0
1 412.4 274.9 250 87.48 74.99 37.49 74.99 12.5 12.5 0 0 12.5 0 0 0 0 0 0 0 0
1 414.8 167.9 158 88.89 49.38 29.63 29.63 19.75 9.876 0 0 0 0 9.876 0 0 0 0 9.876 0
1 499.6 317.9 257.4 166.5 90.83 60.55 30.28 45.42 15.14 15.14 0 0 0 0 15.14 0 0 0 0 0
1 331.3 297 125.7 159.9 57.11 57.11 45.69 0 34.27 0 22.85 11.42 0 0 0 0 0 0 0 0
1 298.1 266.1 170.3 127.7 85.16 21.29 31.94 31.94 0 21.29 10.65 0 0 0 0 0 0 0 0 0
1 285.7 285.7 183.7 51.02 71.43 20.41 51.02 10.2 20.41 20.41 10.2 0 0 0 0 0 0 0 10.2 0
1 590 482.7 250.3 178.8 71.51 71.51 53.63 35.76 0 17.88 17.88 0 0 0 0 0 17.88 0 0 0
1 480.4 265.5 278.1 88.49 113.8 12.64 0 12.64 0 12.64 0 0 0 0 0 0 0 0 0 0
1 323.2 336.1 245.6 181 77.56 64.64 12.93 12.93 25.85 12.93 0 0 0 0 0 0 0 0 0 0
1 292.6 432.5 343.5 89.05 89.05 12.72 12.72 0 0 0 0 0 0 0 0 0 0 0 0 0
1 308.7 197.2 205.8 51.45 25.72 42.87 17.15 8.575 0 0 0 0 0 0 0 0 0 0 0 0
1 357.6 204.4 275.9 102.2 20.44 30.65 20.44 0 10.22 0 0 0 0 0 0 0 0 0 0 0
1 281.1 195.9 136.3 51.1 93.69 42.59 17.03 8.517 17.03 0 0 0 8.517 0 0 0 0 0 0 0
1 299.6 229.7 269.6 59.92 69.9 19.97 9.986 19.97 0 0 9.986 0 9.986 0 0 0 0 0 0 0
1 330.7 243.6 121.8 69.61 26.11 34.81 17.4 8.702 0 17.4 0 0 0 0 0 0 0 0 0 0
1 314.5 197.7 143.8 98.83 53.91 17.97 26.95 8.984 8.984 0 17.97 0 8.984 0 0 0 0 0 0 0
1 302.1 158.3 86.33 86.33 43.16 35.97 7.194 0 0 0 0 0 0 0 0 0 0 0 0 0
1 146 123.2 54.76 41.07 18.25 36.51 9.127 13.69 4.563 4.563 0 0 0 4.563 0 0 0 0 0 0
1 148.2 105.2 66.92 76.48 47.8 14.34 9.56 0 4.78 0 0 4.78 0 0 0 0 0 0 0 0
1 139.4 58.37 45.4 6.486 25.94 6.486 19.46 6.486 3.243 0 0 6.486 0 0 3.243 3.243 0 0 0 0
1 141.7 72.85 84.99 40.47 16.19 24.28 4.047 8.095 0 4.047 4.047 0 0 0 4.047 0 0 0 0 0
1 155.1 97.48 93.05 39.88 13.29 13.29 8.861 4.431 4.431 13.29 0 0 0 0 0 0 0 0 0 0
1 82.91 69.54 45.47 37.44 10.7 2.674 5.349 8.023 0 0 2.674 0 2.674 0 0 0 0 0 0 0
1 84.15 87.05 52.23 23.21 26.12 8.705 5.804 0 0 2.902 0 0 0 0 0 0 0 0 0 0
1 81.6 44.51 42.03 34.62 14.84 7.418 14.84 4.945 0 0 2.473 0 0 0 0 0 0 0 0 0
1 81.43 55.99 45.81 20.36 22.9 7.634 12.72 2.545 5.09 0 0 0 0 0 0 0 0 0 0 0
1 64.14 61.57 61.57 20.52 20.52 10.26 7.697 7.697 2.566 0 0 0 0 0 0 0 0 0 0 0
1 56.34 46.95 45.07 20.66 7.512 7.512 0 1.878 0 0 0 1.878 0 0 0 0 0 0 0 0
1 60.41 50.66 40.92 9.743 7.794 11.69 7.794 1.949 1.949 1.949 0 0 0 0 0 0 0 0 0 0
1 36.69 39.88 33.5 22.33 9.57 9.57 1.595 1.595 3.19 1.595 0 0 0 0 0 0 0 0 0 0
1 57.23 41.97 36.25 24.8 13.35 7.631 7.631 0 0 1.908 0 0 0 0 0 0 0 0 0 0
1 36.22 22.64 21.51 11.32 10.19 6.792 0 2.264 0 0 1.132 0 0 0 0 1.132 0 0 0 0
1 30.86 25.72 22.63 9.259 5.144 4.115 2.058 0 2.058 0 0 0 0 0 1.029 0 0 0 0 0
1 43.43 24.82 17.37 17.37 12.41 2.482 0 2.482 2.482 0 1.241 0 0 0 0 0 0 0 0 0
1 33.39 25.3 14.17 14.17 7.083 4.047 2.024 0 0 0 0 0 0 0 1.012 0 0 0 0 0
1 37.46 23.84 21.57 7.946 12.49 6.811 2.27 1.135 0 0 0 0 0 0 0 0 0 0 0 0
1 27.96 26.89 20.43 9.68 8.604 3.227 5.378 2.151 1.076 2.151 0 0 0 0 0 0 0 0 0 0
1 17.37 9.473 9.999 3.684 6.842 1.579 1.579 0 0.5263 1.053 0.5263 0 0 0 0 0 0 0 0 0
1 36.97 20.74 9.919 5.41 5.41 6.312 2.705 1.803 0.9017 0 0 0 0 0 0 0 0 0 0 0
1 23.29 4.658 7.246 5.176 4.658 2.07 1.553 0.5176 1.553 0.5176 0 0 0.5176 0 0 0 0 0 0 0
1 21.91 13.62 7.105 5.329 2.96 3.552 1.184 1.184 0.5921 0.5921 0 0 0.5921 0.5921 0 0 0 0 0 0
1 23.71 11.57 6.939 5.205 4.626 1.735 3.47 0.5783 0 0 0 0 0 0 0 0 0 0 0 0
1 16.11 15.54 5.755 10.36 5.755 1.726 1.151 0 0.5755 0 0.5755 0 0 0 0 0 0 0 0 0
1 19.85 9.923 7.939 5.458 3.969 0.4962 0 0 0.9923 0.4962 0.4962 0 0 0 0 0 0 0 0 0
1 14.67 9.495 8.632 5.61 1.726 0.4316 2.158 0.4316 0 0 0 0 0 0 0 0 0 0 0 0
1 23.19 9.661 16.1 5.797 1.288 1.932 3.22 1.932 1.288 0 0 0 0 0 0 0 0 0 0 0
1 14.33 9.679 5.033 2.323 4.259 1.162 1.162 0 0 0.7744 0 0 0 0 0 0 0 0 0 0
1 9.829 6.439 4.745 5.084 1.695 2.711 1.695 0 0.3389 0.3389 0.6778 0.3389 0 0 0 0 0 0 0 0
1 8.43 6.484 6.16 2.594 3.566 1.621 0.9727 0.3242 0.6484 0.9727 0.3242 0 0 0 0.3242 0 0 0 0 0
1 6.635 7.127 3.44 3.44 1.72 0.983 0.4915 0 0.7372 0 0 0 0 0 0 0 0 0 0 0
