Originally  
101 
A 
2	100	
1	1	NA	NA	
1	20	
1 443.9 291.3 180.3 152.6 69.36 55.49 83.24 13.87 41.62 0 27.75 0 13.87 0 0 13.87 0 0 0 0
1 1384 267 242.8 169.9 97.11 169.9 24.28 0 24.28 24.28 0 0 24.28 0 0 0 0 0 0 0
1 498.1 823 259.9 173.3 64.98 43.32 108.3 108.3 0 43.32 0 0 21.66 0 0 21.66 0 0 0 0
1 340.6 519.8 430.2 179.2 107.5 89.62 53.77 35.85 17.92 0 17.92 0 0 0 0 0 0 0 0 0
1 128.5 53.54 246.3 310.5 128.5 32.12 74.96 32.12 21.42 32.12 0 0 0 0 10.71 0 0 0 0 0
1 1243 95.62 95.62 114.7 210.4 57.37 57.37 38.25 0 0 0 0 0 0 0 0 0 0 0 0
1 363.6 480.9 46.92 70.38 58.65 58.65 35.19 23.46 11.73 11.73 0 11.73 0 0 0 0 0 0 0 0
1 737.2 341.6 323.6 35.96 53.94 71.92 161.8 0 53.94 0 0 17.98 0 0 0 0 0 0 0 0
1 1048 465.9 209.7 326.1 0 46.59 23.3 93.18 23.3 69.89 23.3 0 0 0 0 0 0 0 0 0
1 825.4 500.2 400.2 100 375.2 50.02 25.01 75.04 25.01 0 50.02 25.01 0 25.01 25.01 0 0 0 0 0
1 1307 581 203.3 435.7 29.05 174.3 0 0 58.1 58.1 0 29.05 0 0 0 0 29.05 0 0 0
1 447.6 431.6 223.8 175.8 159.8 31.97 63.94 0 0 15.98 31.97 0 15.98 0 0 0 0 0 0 0
1 424.2 689.3 424.2 318.1 477.2 132.6 0 106 26.51 0 0 0 26.51 0 26.51 0 0 0 0 0
1 623.2 220 293.3 238.3 220 91.65 73.32 36.66 36.66 0 0 0 0 0 0 0 0 0 0 0
1 392.5 343.4 81.77 196.2 245.3 81.77 98.12 81.77 32.71 65.41 0 0 16.35 0 0 0 0 0 0 0
1 487.3 211.2 194.9 130 64.98 178.7 130 64.98 16.24 0 48.73 16.24 16.24 16.24 48.73 0 0 0 0 0
1 185.1 234.5 160.4 246.8 49.36 86.38 74.04 24.68 74.04 12.34 37.02 24.68 0 0 0 12.34 0 12.34 0 0
1 322.5 148.8 198.4 124 99.22 37.21 111.6 86.82 12.4 12.4 49.61 24.8 12.4 0 0 0 0 0 0 0
1 725.2 249.3 249.3 249.3 136 294.6 0 45.32 158.6 67.98 45.32 0 22.66 0 0 0 0 0 22.66 0
1 143 508.6 206.6 95.36 206.6 127.2 95.36 15.89 15.89 95.36 63.58 0 15.89 0 0 0 0 0 0 0
1 541.8 145.4 290.7 92.5 39.64 52.86 13.21 66.07 13.21 13.21 26.43 26.43 0 0 0 0 0 0 0 0
1 422.6 462.2 105.7 158.5 66.03 13.21 13.21 0 39.62 0 0 26.41 13.21 0 0 0 0 0 0 0
1 632.1 285.9 195.6 15.05 135.4 30.1 45.15 15.05 15.05 15.05 30.1 30.1 30.1 15.05 0 15.05 0 0 0 0
1 1477 400.5 175.2 175.2 25.03 125.2 25.03 0 25.03 0 25.03 50.07 0 0 0 0 0 0 0 0
1 107.2 512.4 226.4 131.1 83.41 0 47.66 23.83 11.92 11.92 0 11.92 0 0 11.92 0 0 0 0 11.92
1 931.2 129.3 801.9 388 51.73 25.87 25.87 25.87 25.87 25.87 25.87 0 0 25.87 25.87 25.87 51.73 0 0 0
1 508.3 586.5 78.2 410.6 176 39.1 39.1 0 39.1 0 0 39.1 0 0 0 0 19.55 0 19.55 0
1 874.5 270.7 520.5 0 249.9 124.9 0 0 20.82 0 0 0 20.82 0 0 0 0 0 0 0
1 386.4 509.3 175.6 210.7 0 263.4 158.1 17.56 0 0 35.12 0 0 0 0 0 0 0 0 0
1 393.1 187.2 673.9 112.3 168.5 18.72 149.8 37.44 56.16 37.44 0 18.72 0 0 0 0 18.72 0 0 0
1 262.3 209.9 262.3 249.2 78.7 91.81 0 65.58 13.12 13.12 13.12 0 0 26.23 13.12 13.12 0 0 0 0
1 589 147.3 245.4 147.3 163.6 130.9 65.45 49.08 81.81 0 0 0 0 0 0 0 0 0 0 16.36
1 552.9 379.1 78.98 205.3 47.39 110.6 31.59 47.39 15.8 15.8 47.39 0 15.8 0 15.8 0 0 0 0 15.8
1 728.1 268.3 325.7 38.32 210.8 57.48 76.64 76.64 38.32 0 38.32 19.16 19.16 0 0 19.16 0 0 0 0
1 566.3 544.5 370.3 283.1 43.56 108.9 43.56 108.9 0 21.78 0 65.34 21.78 0 0 0 0 0 0 0
1 789.6 301.9 394.8 325.1 232.2 92.89 0 46.45 0 46.45 46.45 0 23.22 0 0 23.22 0 0 0 0
1 449.1 323.3 377.2 197.6 251.5 107.8 0 17.96 17.96 35.92 17.96 0 0 0 0 0 0 0 0 0
1 291.9 219 364.9 102.2 58.39 146 116.8 0 14.6 14.6 58.39 14.6 14.6 0 29.19 0 0 0 0 14.6
1 823.9 484.7 315 290.8 218.1 48.47 72.7 48.47 24.23 0 24.23 24.23 0 0 24.23 0 0 0 0 24.23
1 263.5 275.4 179.6 71.85 167.7 71.85 83.83 23.95 47.9 0 0 0 11.98 0 0 0 0 0 0 0
1 580.3 180.6 167.7 103.2 51.59 51.59 12.9 38.69 25.79 25.79 12.9 0 0 0 12.9 0 0 12.9 0 12.9
1 917.8 497.1 133.8 114.7 57.36 38.24 95.6 19.12 19.12 0 0 0 0 0 0 0 0 19.12 0 0
1 842.6 589.8 358.1 168.5 21.07 42.13 42.13 21.07 0 0 21.07 0 0 0 0 0 0 0 0 0
1 122.5 379.9 416.7 147.1 85.78 36.76 24.51 0 0 12.25 0 0 0 0 0 0 0 0 0 0
1 255.6 330.7 390.9 330.7 105.2 45.1 0 0 15.03 15.03 0 0 0 0 0 0 15.03 0 0 0
1 133 101.7 133 125.2 172.2 54.78 7.826 31.3 23.48 0 0 0 0 0 0 0 0 0 0 0
1 383.8 89.27 89.27 35.71 71.41 116 62.49 26.78 8.927 0 0 0 0 8.927 0 0 0 0 0 0
1 1355 365.6 43.01 129 21.5 107.5 43.01 64.51 0 0 21.5 0 0 0 0 0 0 0 0 0
1 212.2 985.1 166.7 30.31 30.31 45.47 15.16 15.16 15.16 0 0 0 0 0 0 0 0 0 0 0
1 684.4 70.2 772.2 175.5 17.55 17.55 0 0 0 0 0 17.55 0 0 0 0 0 0 0 0
1 1026 676 23.31 419.6 139.9 0 23.31 23.31 0 0 0 0 0 0 0 0 0 0 0 0
1 187.1 1144 353.5 83.17 270.3 20.79 20.79 0 0 0 0 0 0 0 0 0 0 0 0 0
1 247.6 264.2 627.4 264.2 66.04 115.6 49.53 16.51 0 0 0 0 0 0 0 0 0 0 0 0
1 164 154.9 109.4 255.2 145.8 9.113 72.9 0 0 0 0 0 0 0 0 0 0 0 0 0
1 293.2 60.14 52.62 82.7 150.4 60.14 15.04 30.07 7.518 0 0 0 0 0 0 0 0 0 0 0
1 779.3 454.6 81.18 97.41 16.24 113.6 32.47 16.24 32.47 0 0 0 0 0 0 0 0 0 0 0
1 254.3 414.5 179 18.84 18.84 0 56.52 0 0 0 0 0 0 0 0 0 0 0 0 0
1 437.5 218.7 411.8 90.07 12.87 38.6 12.87 38.6 0 0 25.74 0 0 0 0 0 0 0 0 0
1 281.8 310.9 165.2 136 38.86 9.716 0 9.716 19.43 0 0 0 0 0 0 0 0 0 0 0
1 363.8 310.3 224.7 64.21 64.21 32.1 0 0 10.7 0 0 0 0 0 0 0 0 0 0 0
1 2043 368.9 56.76 85.14 85.14 113.5 85.14 0 0 0 0 0 0 0 0 0 0 0 0 0
1 299.9 1350 235.7 128.5 64.27 21.42 42.85 0 0 0 0 0 0 0 0 0 0 0 0 0
1 760.6 178 339.8 80.91 97.09 97.09 16.18 32.36 16.18 0 0 0 0 0 0 0 0 0 0 0
1 102.7 429.5 28.01 298.8 37.35 0 0 9.337 28.01 0 0 0 0 0 0 0 0 0 0 0
1 140.4 109.2 351 39 93.61 23.4 15.6 7.8 0 0 0 0 0 0 0 0 0 0 0 0
1 978.4 124.2 31.06 264 62.12 62.12 15.53 0 0 15.53 0 0 0 0 0 0 0 0 0 0
1 380.5 487.5 47.56 23.78 130.8 47.56 23.78 47.56 0 0 0 0 0 0 0 0 0 0 0 0
1 412.9 350.3 325.3 37.53 0 62.55 12.51 50.04 0 0 0 0 0 0 0 0 0 0 0 0
1 685.7 288 150.9 178.3 54.86 13.71 0 0 0 0 0 0 0 0 0 0 0 0 0 0
1 553.1 425.5 113.5 113.5 113.5 42.55 0 14.18 0 28.36 14.18 0 0 0 0 0 0 0 0 0
1 509.1 492.6 295.6 164.2 65.69 98.53 16.42 0 0 0 0 0 0 0 0 0 0 0 0 0
1 237 311.8 374.2 212.1 12.47 49.89 49.89 0 0 0 0 0 0 0 0 0 0 0 0 0
1 215.3 100.9 100.9 161.5 53.83 13.46 13.46 13.46 0 0 0 0 0 0 0 0 0 0 0 0
1 348.2 226.3 113.2 78.35 69.64 17.41 0 17.41 0 0 0 0 0 0 0 0 0 0 0 0
1 304.4 176.3 176.3 40.06 32.05 16.02 32.05 24.03 0 0 0 0 0 0 0 0 0 0 0 0
1 383.3 346.2 197.8 173.1 0 24.73 61.82 37.09 0 0 12.36 0 0 0 0 0 0 0 0 0
1 535.1 196.6 174.7 109.2 32.76 21.84 0 0 21.84 0 0 0 0 0 0 0 0 0 0 0
1 361.5 602.5 160.7 80.34 66.95 13.39 26.78 0 13.39 0 0 13.39 0 0 0 0 0 0 0 0
1 192.8 162 223.7 69.43 69.43 15.43 30.86 7.714 0 0 0 0 0 0 0 0 0 0 0 0
1 723.1 202.5 159.1 245.9 57.85 57.85 0 0 0 0 0 0 0 0 0 0 0 0 0 0
1 718.3 366.2 126.8 84.51 70.43 28.17 14.09 0 0 0 0 0 0 0 0 0 0 0 0 0
1 576.7 607.9 233.8 31.17 31.17 46.76 0 15.59 15.59 0 0 0 0 0 0 0 0 0 0 0
1 668 310.7 310.7 124.3 31.07 46.6 46.6 0 15.53 0 0 0 0 0 0 0 0 0 0 0
1 149.9 531.6 299.9 231.7 81.78 40.89 13.63 0 0 0 0 0 0 13.63 0 0 0 0 0 0
1 394.3 80.66 206.1 107.5 53.77 26.89 8.962 8.962 0 8.962 0 0 0 0 0 0 0 0 0 0
1 439.4 189.8 49.94 219.7 79.9 9.987 0 9.987 0 0 0 0 0 0 0 0 0 0 0 0
1 677 415.5 246.2 30.77 107.7 30.77 0 15.39 0 0 15.39 0 0 0 0 0 0 0 0 0
1 168.6 565.9 240.8 96.32 36.12 60.2 12.04 24.08 0 0 0 0 0 0 0 0 0 0 0 0
1 437.7 94.64 414.1 70.98 118.3 0 11.83 11.83 23.66 0 0 0 0 0 0 0 0 0 0 0
1 362.3 429.4 93.94 308.6 80.52 13.42 0 53.68 0 0 0 0 0 0 0 0 0 0 0 0
1 491.2 194.2 171.4 68.54 137.1 45.7 22.85 0 0 11.42 0 0 0 0 0 0 0 0 0 0
1 264.8 359.3 66.19 132.4 18.91 94.56 9.456 0 0 0 0 0 0 0 0 0 0 0 0 0
1 314.5 259 175.8 37 101.8 9.25 18.5 0 9.25 0 0 0 0 0 0 0 0 0 0 0
1 811 270.3 254.4 174.9 15.9 0 31.8 0 15.9 15.9 0 0 0 0 0 0 0 0 0 0
1 171.5 525.1 160.7 96.45 75.01 0 32.15 0 0 0 0 10.72 0 0 0 0 0 0 0 0
1 321.9 165.8 282.9 68.28 78.04 29.26 9.754 9.754 0 0 0 0 0 0 0 9.754 0 0 0 0
1 309.3 169.6 249.4 179.6 19.95 39.9 0 19.95 9.976 0 0 0 0 0 0 0 0 0 0 0
1 397.5 230.1 188.3 83.68 94.14 10.46 10.46 20.92 10.46 0 0 0 0 0 0 0 0 0 0 0
1 77.19 257.3 109.4 45.03 32.16 64.33 32.16 12.87 6.433 0 0 0 6.433 0 0 0 0 0 0 0
