Originally  
101 
A 
2	100	
1	1	NA	NA	
1	20	
1 441 220.5 233.5 155.6 51.88 25.94 51.88 25.94 0 38.91 12.97 12.97 12.97 0 12.97 0 0 0 0 0
1 657.8 281.9 313.2 62.64 93.97 78.31 0 15.66 31.32 15.66 0 0 0 15.66 0 0 0 0 0 0
1 488 354.9 133.1 103.5 44.37 103.5 73.95 44.37 44.37 29.58 14.79 0 14.79 0 14.79 0 0 0 14.79 0
1 370.3 207.4 311.1 133.3 148.1 148.1 29.62 59.25 29.62 14.81 14.81 14.81 0 0 0 0 0 0 0 0
1 415.8 311.9 118.8 297 118.8 44.55 44.55 44.55 44.55 44.55 0 0 0 0 0 0 0 0 0 0
1 397.8 101.8 111 64.76 101.8 46.26 37 37 18.5 9.251 0 0 0 0 0 0 0 0 0 0
1 349.5 289.2 144.6 192.8 60.25 0 48.2 24.1 24.1 12.05 12.05 24.1 12.05 0 12.05 0 0 0 0 0
1 431.2 315.1 232.2 99.5 232.2 82.92 99.5 99.5 49.75 0 0 0 0 0 0 0 16.58 0 0 0
1 339.6 314.5 163.5 113.2 138.4 62.89 50.31 50.31 12.58 12.58 0 0 0 0 0 0 0 0 0 0
1 272 228.4 174 141.4 108.8 43.51 32.63 21.76 43.51 10.88 0 0 0 0 0 0 0 10.88 0 0
1 322.8 166 147.6 36.89 73.78 46.11 55.34 36.89 9.223 0 0 9.223 0 9.223 9.223 0 0 0 0 0
1 413 533.4 275.3 189.3 68.83 51.62 68.83 51.62 51.62 0 17.21 0 0 0 0 0 0 0 0 0
1 139.9 189.9 209.9 129.9 99.95 69.97 49.98 9.995 9.995 19.99 9.995 19.99 9.995 0 19.99 0 0 0 0 9.995
1 430.1 117.3 156.4 260.7 52.13 130.3 65.16 52.13 13.03 0 0 13.03 0 0 0 13.03 0 0 0 0
1 342.8 217.1 68.55 171.4 79.98 57.13 45.7 68.55 11.43 34.28 0 22.85 0 0 11.43 11.43 0 0 0 0
1 590 232.9 279.5 124.2 46.58 124.2 46.58 46.58 15.53 15.53 0 0 0 0 0 0 15.53 0 0 15.53
1 408.6 300.4 144.2 60.08 36.05 48.07 36.05 48.07 36.05 12.02 24.03 24.03 12.02 12.02 0 0 0 0 0 0
1 414.5 464.3 182.4 182.4 232.1 16.58 33.16 49.75 0 16.58 16.58 16.58 0 0 0 0 0 0 0 33.16
1 352.4 224.3 96.11 117.5 64.07 64.07 0 21.36 74.75 0 10.68 10.68 0 21.36 0 0 0 0 0 10.68
1 444.9 267 178 163.1 192.8 29.66 118.7 0 0 59.33 0 14.83 0 14.83 0 0 0 0 0 0
1 385.8 135.6 135.6 146 52.14 72.99 41.71 20.85 10.43 10.43 10.43 0 20.85 0 0 0 0 0 0 0
1 491.2 401.9 178.6 104.2 119.1 59.54 44.65 29.77 14.88 0 0 14.88 0 14.88 0 0 14.88 0 0 0
1 415.3 196.1 219.2 57.68 57.68 103.8 34.61 11.54 23.07 23.07 0 0 11.54 0 0 0 0 0 0 0
1 796.9 113.8 162.6 178.9 81.32 113.8 32.53 32.53 48.79 0 32.53 16.26 0 0 0 0 0 0 0 16.26
1 313.2 507.1 164.1 238.6 104.4 14.92 74.58 29.83 0 29.83 0 0 14.92 0 0 0 0 0 0 0
1 678 220.4 305.1 118.7 152.6 67.8 50.85 0 50.85 16.95 0 16.95 16.95 0 0 0 0 0 0 0
1 292.7 292.7 250.9 223 69.7 41.82 111.5 13.94 13.94 0 13.94 27.88 0 0 0 13.94 0 0 27.88 0
1 269.6 115.5 123.2 30.81 84.72 23.1 38.51 30.81 0 7.702 7.702 0 0 15.4 15.4 0 0 0 0 7.702
1 445.6 247.5 123.8 136.1 99.01 99.01 12.38 12.38 24.75 12.38 12.38 0 12.38 0 0 0 0 0 0 0
1 374.4 312 171.6 140.4 202.8 78 78 62.4 46.8 15.6 15.6 15.6 15.6 15.6 0 15.6 0 0 0 0
1 693.5 96.76 209.7 209.7 96.76 129 64.51 48.38 0 32.25 16.13 0 16.13 0 0 0 0 0 0 0
1 467.4 368.3 226.6 141.6 70.82 56.65 42.49 28.33 0 0 14.16 0 0 0 0 0 0 0 0 0
1 141.6 273.7 207.6 103.8 113.2 37.75 9.437 18.87 9.437 0 9.437 9.437 0 9.437 0 0 0 0 0 0
1 260.9 146.1 271.4 146.1 104.4 20.87 31.31 10.44 10.44 31.31 10.44 0 0 0 0 0 0 0 0 0
1 232.9 232.9 169.4 148.2 105.9 21.17 31.76 31.76 21.17 10.59 10.59 21.17 10.59 0 10.59 0 0 0 0 0
1 228.6 266.7 177.8 127 152.4 127 76.21 12.7 0 25.4 50.81 0 12.7 12.7 0 0 0 0 0 0
1 191.5 122.6 107.2 99.58 76.6 68.94 15.32 15.32 15.32 30.64 0 15.32 0 0 7.66 0 0 0 0 0
1 343.4 271.9 186 114.5 186 85.85 100.2 42.93 28.62 14.31 0 14.31 0 14.31 14.31 14.31 0 0 0 0
1 608.6 260.8 313 139.1 86.95 86.95 17.39 17.39 52.17 69.56 34.78 17.39 0 17.39 0 17.39 0 0 0 0
1 570 255 180 225 75 89.99 75 0 0 0 15 15 0 0 0 0 0 0 0 0
1 308.2 490.4 182.1 112.1 112.1 98.07 28.02 0 56.04 14.01 0 0 0 0 0 0 0 0 0 0
1 452.4 181 142.2 219.8 77.56 51.71 38.78 12.93 25.85 38.78 12.93 25.85 12.93 0 0 0 0 0 0 0
1 576.8 192.3 141 166.6 89.72 25.63 25.63 12.82 38.45 12.82 0 0 0 0 0 0 0 0 0 0
1 458.8 285.2 74.4 99.2 136.4 37.2 12.4 62 0 12.4 0 24.8 0 12.4 0 0 24.8 0 0 0
1 136.7 262.8 315.4 84.1 94.61 42.05 31.54 42.05 10.51 10.51 10.51 10.51 0 0 0 0 0 0 0 0
1 632.2 120.4 210.7 105.4 90.31 105.4 90.31 30.1 30.1 15.05 0 15.05 45.16 0 0 15.05 0 0 0 0
1 1180 614.5 122.9 294.9 122.9 24.58 49.16 0 24.58 0 24.58 0 0 0 0 0 0 0 0 0
1 226.8 355 187.3 29.58 49.3 49.3 19.72 19.72 19.72 0 0 9.861 0 0 0 9.861 0 0 0 9.861
1 232.8 232.8 275.2 137.6 42.33 63.5 42.33 0 10.58 10.58 0 0 0 0 0 10.58 0 0 0 0
1 494.1 192.8 120.5 156.7 108.5 48.21 24.1 24.1 12.05 0 12.05 0 0 0 0 12.05 0 0 0 0
1 595 155.2 181.1 90.54 116.4 64.67 0 12.93 12.93 12.93 12.93 12.93 12.93 0 0 0 0 12.93 0 0
1 355.4 258.5 183.1 96.93 21.54 64.62 32.31 10.77 21.54 21.54 0 0 10.77 0 0 0 0 0 0 0
1 262.9 92.01 144.6 46 13.14 19.72 46 19.72 0 6.572 0 0 0 0 6.572 0 0 0 0 0
1 622.8 347.6 130.3 188.3 28.97 43.45 0 28.97 28.97 14.48 0 14.48 0 0 0 0 0 0 0 0
1 570.1 344.7 265.2 53.03 39.78 13.26 0 13.26 13.26 13.26 0 0 0 0 0 0 0 0 0 0
1 317.6 228.3 277.9 99.26 39.7 9.926 0 9.926 0 9.926 0 0 0 0 0 0 0 0 0 0
1 306.3 224.6 204.2 132.7 71.48 10.21 40.85 10.21 0 0 0 0 0 0 10.21 0 0 10.21 0 0
1 431.4 296.6 175.3 134.8 134.8 67.41 26.96 26.96 40.44 13.48 0 0 0 0 0 0 0 0 0 0
1 398.3 362 253.4 108.6 48.27 36.2 0 0 0 0 0 0 0 0 0 0 0 0 0 0
1 618.9 270.8 206.3 64.47 51.58 12.89 25.79 12.89 12.89 0 0 0 0 12.89 0 0 0 0 0 0
1 332.8 454.8 155.3 22.19 22.19 33.28 55.47 11.09 11.09 0 0 0 0 11.09 0 0 0 0 0 0
1 852.9 295.2 278.8 147.6 16.4 16.4 0 0 32.8 0 0 0 0 0 0 0 0 0 0 0
1 253.5 451.9 165.3 143.3 44.08 33.06 11.02 0 0 0 0 0 0 0 0 0 0 0 0 0
1 323.6 239.7 419.4 95.87 23.97 23.97 23.97 23.97 23.97 0 0 0 0 0 0 0 0 0 0 0
1 452.2 310.9 240.2 169.6 70.66 113.1 14.13 14.13 0 0 0 0 28.26 0 0 0 0 0 0 0
1 199.2 199.2 109.9 103 41.21 13.74 20.61 0 0 0 0 0 0 0 0 0 0 0 0 0
1 410.3 130.1 250.2 110.1 50.04 30.02 0 20.01 0 0 0 0 0 0 0 0 0 0 0 0
1 341.9 231.3 120.7 150.8 60.34 30.17 50.28 20.11 0 0 0 0 0 0 0 0 0 0 0 0
1 301.8 311.8 191.1 60.36 80.48 30.18 10.06 10.06 10.06 0 0 0 0 0 0 0 0 0 0 0
1 442.8 221.4 141.7 35.42 26.57 8.856 0 0 8.856 0 0 0 0 0 0 0 0 0 0 0
1 343.6 297.8 217.6 126 103.1 11.45 0 22.91 22.91 0 0 0 0 0 0 0 0 0 0 0
1 297.7 231.6 308.7 143.3 66.16 11.03 22.05 0 11.03 11.03 0 0 0 0 0 0 0 0 0 0
1 235.8 138.7 110.9 124.8 41.6 13.87 13.87 0 6.934 0 0 0 0 6.934 0 0 0 0 0 0
1 317.7 143.7 143.7 52.95 22.69 30.26 22.69 15.13 7.564 0 0 0 0 0 0 0 0 0 0 0
1 377.6 257.9 119.7 46.05 36.84 55.26 9.211 9.211 0 9.211 0 0 0 0 0 0 0 0 0 0
1 437.4 270.7 187.4 72.89 41.65 20.83 0 0 10.41 0 0 0 0 0 0 0 0 0 0 0
1 311.5 281.4 201 80.39 90.44 10.05 20.1 10.05 0 0 0 0 0 0 0 0 0 0 0 0
1 337.9 107.8 151 64.7 21.57 21.57 7.188 0 7.188 0 0 0 0 0 0 0 0 0 0 0
1 308.7 291.1 61.74 70.56 88.2 35.28 17.64 0 8.82 0 0 0 0 0 0 0 0 0 0 0
1 303 291.7 246.9 112.2 56.1 33.66 56.1 22.44 0 0 0 0 0 0 0 0 0 0 0 0
1 302 323.6 194.1 161.8 86.28 10.79 0 0 0 0 0 0 0 0 0 0 0 0 0 0
1 245.4 185.9 104.1 126.4 44.61 14.87 7.435 7.435 0 0 7.435 0 0 0 0 0 0 0 0 0
1 234.9 159.1 181.8 60.61 53.03 30.3 22.73 7.576 0 7.576 0 0 0 0 0 0 0 0 0 0
1 224.5 277.9 299.3 139 42.76 53.45 21.38 0 10.69 0 0 0 0 0 0 0 0 0 0 0
1 326.1 201.4 163 143.9 47.95 47.95 19.18 9.59 0 0 0 0 0 0 0 0 0 0 0 0
1 280.4 140.2 123.7 132 74.23 49.48 16.49 8.247 0 0 0 0 0 0 0 0 0 0 0 0
1 197.1 238.9 89.58 29.86 17.92 5.972 11.94 5.972 0 0 0 0 0 0 0 0 0 0 0 0
1 422.9 173 173 105.7 48.05 19.22 19.22 0 0 0 0 0 0 0 0 0 0 0 0 0
1 323.2 279.6 69.89 87.36 52.42 26.21 26.21 0 8.736 0 0 0 0 0 0 0 0 0 0 0
1 213 220.1 142 42.6 56.8 21.3 7.1 7.1 0 0 0 0 0 0 0 0 0 0 0 0
1 280.7 168.4 112.3 56.13 28.07 21.05 14.03 0 14.03 0 0 0 7.017 0 0 0 0 0 0 0
1 229.5 130.2 105.4 55.82 43.41 31.01 0 24.81 0 0 0 0 0 0 0 0 0 0 0 0
1 484.5 216.5 134 72.16 51.54 30.93 20.62 0 10.31 10.31 0 0 0 0 0 0 0 0 0 0
1 379.2 163.6 81.78 66.91 22.3 22.3 7.435 0 0 0 0 0 0 0 0 0 0 0 0 0
1 248.1 312.4 147 119.4 36.75 18.37 27.56 9.187 0 0 0 0 0 0 0 0 0 0 0 0
1 213.9 197.5 222.2 57.6 41.14 24.69 16.46 16.46 16.46 8.229 0 8.229 0 0 0 0 0 0 0 0
1 266.2 190.2 68.46 106.5 45.64 30.43 38.03 15.21 0 0 0 0 0 0 0 0 0 0 0 0
1 313.4 179.1 116.4 107.4 125.4 8.954 26.86 8.954 8.954 0 0 0 0 0 0 0 0 0 0 0
1 368.1 343.6 122.7 184.1 61.36 61.36 24.54 24.54 24.54 12.27 0 0 0 0 0 0 0 0 0 0
