Originally  
101 
A 
2	100	
1	1	NA	NA	
1	20	
1 442.4 308.3 214.5 134.1 67.03 26.81 13.41 26.81 26.81 40.22 13.41 13.41 0 0 13.41 0 0 0 0 0
1 529.3 347.8 257.1 181.5 90.73 45.37 15.12 0 30.24 0 15.12 0 0 0 0 0 0 0 0 0
1 302.6 217.9 193.7 145.3 108.9 36.31 60.52 60.52 24.21 0 24.21 12.1 12.1 0 0 0 0 0 0 12.1
1 435.2 237.4 145.1 131.9 92.31 105.5 26.37 13.19 79.12 13.19 26.37 0 0 13.19 0 0 0 0 0 0
1 282.1 162.4 111.1 85.5 59.85 51.3 68.4 0 25.65 0 0 8.55 0 0 0 0 0 0 0 0
1 365.9 104.6 146.4 135.9 52.28 52.28 83.64 31.37 20.91 31.37 10.46 0 0 10.46 0 0 0 0 0 0
1 367.3 281.6 183.6 159.2 36.73 73.45 24.48 24.48 12.24 12.24 36.73 12.24 0 0 0 0 0 0 0 0
1 304.4 236.7 135.3 90.18 56.36 90.18 56.36 33.82 45.09 11.27 22.55 33.82 0 0 0 11.27 0 0 0 0
1 305.9 271.9 203.9 102 90.64 67.98 33.99 33.99 11.33 0 11.33 0 0 0 0 0 0 0 0 0
1 455.8 262.4 234.8 55.24 193.3 27.62 41.43 27.62 0 13.81 27.62 41.43 0 0 0 0 0 0 0 0
1 249.8 261.2 204.4 204.4 45.42 68.13 45.42 0 11.36 0 11.36 11.36 0 11.36 0 0 0 0 0 11.36
1 456.4 286.9 104.3 117.4 130.4 52.16 13.04 52.16 26.08 13.04 0 26.08 13.04 13.04 0 0 0 0 0 0
1 436.6 256.8 141.3 115.6 115.6 102.7 25.68 25.68 25.68 12.84 0 0 12.84 0 0 0 0 0 12.84 0
1 356.8 229.4 229.4 165.7 76.47 50.98 63.72 38.23 25.49 25.49 0 12.74 0 0 0 0 0 0 0 0
1 351.4 257.7 175.7 140.6 46.86 46.86 58.57 23.43 0 35.14 11.71 11.71 11.71 0 0 0 0 0 0 0
1 311.9 415.9 252.5 104 104 74.27 89.12 29.71 29.71 14.85 14.85 14.85 0 14.85 14.85 0 0 0 0 0
1 485.8 303.6 151.8 75.91 106.3 151.8 91.09 45.54 45.54 30.36 0 0 30.36 0 0 0 0 0 0 0
1 260.5 114.9 122.6 76.61 76.61 30.64 15.32 15.32 15.32 7.661 15.32 15.32 0 0 0 0 0 0 0 0
1 204.8 222.6 133.6 97.94 44.52 71.23 44.52 17.81 17.81 17.81 0 0 0 17.81 0 0 0 0 0 0
1 337.3 253 147.6 115.9 63.24 31.62 31.62 10.54 31.62 0 21.08 0 0 10.54 0 0 0 0 0 0
1 335.2 212.3 156.4 178.8 67.05 44.7 0 55.87 11.17 44.7 0 11.17 0 0 0 0 0 0 0 0
1 318.9 219.2 169.4 49.82 59.78 69.75 39.86 19.93 9.964 39.86 0 0 0 0 0 0 0 0 0 0
1 331.4 221 143.6 110.5 66.29 22.1 66.29 44.19 44.19 33.14 0 11.05 0 0 0 0 0 0 0 11.05
1 382.2 238.9 155.3 131.4 131.4 11.94 23.89 47.77 11.94 11.94 11.94 0 23.89 0 0 11.94 0 0 0 0
1 252.9 175.1 204.3 136.2 77.83 9.729 19.46 0 29.19 0 38.92 0 19.46 9.729 0 0 0 0 0 0
1 253.5 300.4 140.8 65.72 65.72 9.388 28.17 9.388 46.94 0 9.388 0 0 9.388 0 0 0 0 0 0
1 264.5 190.1 90.93 49.6 90.93 57.86 8.266 33.07 8.266 8.266 0 16.53 0 0 0 0 0 0 0 8.266
1 289.7 202.8 135.2 57.94 77.25 28.97 38.63 77.25 28.97 28.97 0 0 0 0 0 0 0 0 0 0
1 263.9 299.9 179.9 155.9 83.96 23.99 23.99 47.98 23.99 35.98 23.99 11.99 11.99 0 0 0 11.99 0 0 0
1 635.3 367.8 167.2 83.59 133.7 100.3 66.87 16.72 16.72 16.72 0 50.15 0 0 0 0 16.72 0 0 0
1 413.2 286.9 172.2 68.87 45.91 57.39 22.96 34.43 11.48 11.48 0 0 0 0 11.48 0 11.48 0 0 0
1 309.2 321.1 226 71.36 59.47 59.47 11.89 35.68 47.58 11.89 23.79 0 0 0 0 11.89 0 0 0 0
1 383.6 315.1 260.3 287.7 54.8 13.7 27.4 0 13.7 0 0 0 0 0 0 0 13.7 0 0 0
1 282.2 188.1 171 59.85 76.95 17.1 8.55 17.1 17.1 0 0 8.55 0 0 0 0 0 0 8.55 0
1 389.1 311.3 116.7 142.7 116.7 64.85 25.94 38.91 25.94 12.97 25.94 12.97 12.97 0 0 0 0 0 0 0
1 359.6 232 139.2 150.8 81.19 92.79 58 34.8 0 11.6 0 0 0 0 0 0 0 0 0 0
1 439.2 225.9 150.6 200.8 87.85 25.1 50.2 0 25.1 12.55 25.1 0 0 0 0 12.55 0 0 0 0
1 340 315.7 145.7 133.6 85 60.71 36.43 48.57 0 36.43 0 0 0 12.14 0 0 0 0 0 0
1 235.4 156.9 186.4 98.09 107.9 68.66 49.05 9.809 39.24 19.62 9.809 0 0 0 0 0 0 0 0 0
1 484.3 410.9 117.4 146.7 117.4 44.02 44.02 14.67 14.67 14.67 14.67 29.35 0 0 14.67 0 0 0 0 0
1 361.8 260 135.7 124.4 67.83 45.22 22.61 22.61 22.61 22.61 11.31 0 0 33.92 0 0 0 0 0 0
1 202.5 174.5 146.6 69.81 20.94 13.96 34.91 6.981 0 6.981 6.981 6.981 6.981 0 0 0 0 0 0 0
1 263.1 271.3 115.1 106.9 24.66 8.221 8.221 8.221 8.221 0 8.221 0 0 0 0 0 0 0 0 0
1 319.6 213.1 129.4 53.27 15.22 7.609 0 15.22 0 0 0 0 7.609 0 0 0 0 0 0 0
1 276.4 191.9 122.8 99.79 30.71 7.677 7.677 15.35 0 0 7.677 0 7.677 0 0 0 0 0 0 0
1 441.9 235.7 98.2 88.38 39.28 39.28 19.64 9.82 0 0 0 9.82 0 0 0 0 0 0 0 0
1 219.6 226.5 102.9 61.77 13.73 13.73 20.59 20.59 0 0 6.863 0 0 0 0 0 0 0 0 0
1 299.7 224.8 224.8 46.83 56.2 46.83 9.366 28.1 0 0 0 0 0 0 0 0 0 0 0 0
1 330.1 330.1 202.3 117.1 31.95 42.6 10.65 0 0 0 0 0 0 0 0 0 0 0 0 0
1 256.6 171.1 142.6 64.15 7.128 35.64 14.26 14.26 7.128 0 0 0 0 0 0 0 0 0 0 0
1 308.4 241 115.7 134.9 77.11 28.92 38.56 9.639 9.639 0 0 0 0 0 0 0 0 0 0 0
1 267.6 137.4 144.7 101.3 28.93 7.233 21.7 7.233 7.233 0 0 0 0 0 0 0 0 0 0 0
1 406.6 256.8 214 74.9 42.8 42.8 10.7 21.4 0 0 0 0 0 0 0 0 0 0 0 0
1 359 160.6 207.9 47.24 94.48 37.79 18.9 9.448 0 9.448 0 0 0 0 0 0 0 0 0 0
1 166.8 161.6 109.4 46.91 15.64 0 10.42 0 5.212 0 5.212 0 0 0 0 0 0 0 0 0
1 359.7 314.7 213.6 67.44 78.68 33.72 56.2 0 0 0 0 0 0 0 0 0 0 0 0 0
1 333.1 240.6 175.8 74.03 46.27 27.76 18.51 0 0 9.253 0 0 0 0 0 0 0 0 0 0
1 398.6 255.5 214.6 61.32 40.88 30.66 20.44 0 0 0 0 0 0 0 0 0 0 0 0 0
1 294 139.6 183.7 80.84 22.05 7.349 7.349 0 0 0 0 0 0 0 0 0 0 0 0 0
1 277 168.9 94.6 81.08 13.51 20.27 6.757 6.757 0 0 6.757 0 0 0 0 0 0 0 0 0
1 353.3 235.5 270.9 106 58.88 70.66 23.55 0 35.33 0 0 0 11.78 0 0 0 11.78 0 0 0
1 272.7 177.3 102.3 61.37 20.46 13.64 20.46 6.819 0 6.819 0 0 0 0 0 0 0 0 0 0
1 337.5 268 218.4 89.34 29.78 9.926 39.71 0 0 0 0 0 0 0 0 0 0 0 0 0
1 413.5 438.6 150.4 75.18 87.71 62.65 12.53 0 12.53 0 0 0 0 0 0 0 0 0 0 0
1 406.2 219.6 197.6 120.8 54.89 43.91 43.91 0 10.98 0 0 0 0 0 0 0 0 0 0 0
1 313.3 323.4 131.4 90.96 60.64 50.54 20.21 20.21 0 0 0 0 0 0 0 0 0 0 0 0
1 394.6 266.9 278.5 104.4 46.42 23.21 11.61 11.61 23.21 0 0 0 0 0 0 0 0 0 0 0
1 317.7 275.3 180 116.5 52.95 42.36 21.18 0 21.18 10.59 10.59 0 0 0 10.59 0 0 0 0 0
1 386.5 156.2 115.1 74 49.33 0 16.44 8.222 8.222 0 8.222 0 0 0 0 0 0 0 0 0
1 341.2 271 190.7 120.4 30.11 20.07 0 30.11 0 0 0 0 0 0 0 0 0 0 0 0
1 260.6 236.9 126.3 47.38 63.17 7.897 31.59 0 0 0 7.897 7.897 0 0 0 0 0 0 0 0
1 350.4 186.4 89.45 37.27 37.27 22.36 14.91 7.454 0 0 0 0 0 0 0 0 0 0 0 0
1 315.5 222.7 129.9 111.4 74.24 18.56 18.56 9.28 9.28 18.56 0 0 0 0 0 0 0 0 0 0
1 402.1 172.3 220.2 67.01 57.44 28.72 9.573 0 0 0 0 0 0 0 0 0 0 0 0 0
1 480.7 324.8 181.9 194.9 90.95 12.99 12.99 0 0 0 0 0 0 0 0 0 0 0 0 0
1 652.2 334.1 381.8 111.4 63.63 15.91 31.82 0 0 0 0 0 0 0 0 0 0 0 0 0
1 431.4 332.8 172.6 172.6 36.98 61.63 12.33 0 12.33 0 0 0 0 0 0 0 0 0 0 0
1 640.5 384.3 320.3 176.2 16.01 16.01 16.01 32.03 0 0 0 0 0 0 0 0 0 0 0 0
1 456.5 502.1 273.9 152.2 91.3 45.65 0 0 0 0 0 0 0 0 0 0 0 0 0 0
1 444.7 404.2 229.1 134.7 26.95 80.85 13.47 13.47 0 0 0 0 0 0 0 0 0 0 0 0
1 308.2 178.4 105.4 56.77 89.21 24.33 24.33 16.22 0 8.11 0 0 0 0 0 0 0 0 0 0
1 234 263.3 224.3 107.3 39 39 9.75 29.25 0 9.75 9.75 0 0 0 9.75 0 0 0 0 0
1 330.9 232.5 134.1 71.54 62.6 44.71 8.943 8.943 0 0 0 0 0 0 0 0 0 0 0 0
1 361.7 284.2 348.8 116.3 90.42 25.83 12.92 51.67 0 0 0 0 0 0 0 0 0 0 0 0
1 382.2 330.6 113.6 82.65 51.65 51.65 20.66 0 0 0 0 0 0 0 0 0 0 0 0 0
1 330.2 280.1 190.1 80.04 30.01 40.02 30.01 0 20.01 0 0 0 0 0 0 0 0 0 0 0
1 465.8 365.1 239.2 100.7 50.36 25.18 12.59 0 0 0 0 0 0 0 0 0 0 0 0 0
1 224.5 274.4 141.3 99.77 49.89 24.94 0 8.315 0 0 8.315 0 0 0 0 0 0 0 0 0
1 363.5 195.7 177.1 74.57 65.24 27.96 18.64 9.321 0 0 0 0 0 0 0 0 0 0 0 0
1 682.8 357.7 276.4 113.8 97.55 65.03 16.26 0 16.26 0 0 0 0 0 0 0 0 0 0 0
1 450 387.5 187.5 150 37.5 25 0 0 0 0 0 12.5 0 0 0 0 0 0 0 0
1 375.6 246.8 225.3 128.8 21.46 42.92 10.73 10.73 10.73 0 0 0 0 0 0 0 0 0 0 0
1 310.4 237.4 127.8 100.4 45.65 36.52 27.39 18.26 0 0 0 0 9.13 0 0 0 0 0 0 0
1 318.4 247.6 141.5 97.27 26.53 26.53 17.69 8.843 0 0 0 0 0 0 0 0 0 0 0 0
1 475.4 254.3 210.1 77.4 66.34 11.06 11.06 0 0 0 0 0 0 0 0 0 0 0 0 0
1 391.3 264.1 127.2 88.05 48.91 48.91 0 9.783 0 0 0 0 0 0 0 0 0 0 0 0
1 321.7 171.6 92.94 64.34 28.6 7.149 7.149 21.45 0 0 0 0 0 0 0 0 0 0 0 0
1 362.7 421.1 234 46.79 35.1 11.7 35.1 11.7 0 0 11.7 0 0 0 0 0 0 0 0 0
1 390 480 270 180 75 60 30 0 0 0 0 15 0 0 0 0 0 0 0 0
