 landings-at-age - landings.n (units : NA )
1	2	
2	100	
1	20	
1 
0.02659 0.2984 0.8352 0.6934 0.4839 0.3377 0.2357 0.1644 0.1148 0.08008 0.05589 0.039 0.02722 0.01899 0.01325 0.009249 0.006454 0.004504 0.003143 0.007259
0.004287 0.05216 0.1462 0.1214 0.08475 0.05914 0.04127 0.0288 0.0201 0.01403 0.009787 0.00683 0.004766 0.003326 0.002321 0.00162 0.00113 0.0007888 0.0005504 0.001271
0.004301 0.04813 0.1464 0.1219 0.08515 0.05942 0.04147 0.02894 0.02019 0.01409 0.009834 0.006862 0.004789 0.003342 0.002332 0.001627 0.001136 0.0007925 0.000553 0.001277
0.003829 0.04829 0.1351 0.122 0.08549 0.0597 0.04166 0.02907 0.02029 0.01416 0.00988 0.006895 0.004811 0.003358 0.002343 0.001635 0.001141 0.0007963 0.0005557 0.001283
0.003563 0.04299 0.1355 0.1126 0.08557 0.05994 0.04186 0.02921 0.02038 0.01423 0.009927 0.006927 0.004834 0.003374 0.002354 0.001643 0.001146 8e-04 0.0005583 0.001289
0.003788 0.04001 0.1206 0.113 0.07896 0.06 0.04203 0.02935 0.02048 0.01429 0.009974 0.00696 0.004857 0.00339 0.002365 0.001651 0.001152 0.0008038 0.0005609 0.001295
0.004083 0.04253 0.1123 0.1006 0.07922 0.05536 0.04207 0.02947 0.02058 0.01436 0.01002 0.006993 0.00488 0.003406 0.002377 0.001658 0.001157 0.0008076 0.0005636 0.001302
0.004176 0.04584 0.1193 0.09361 0.07053 0.05555 0.03882 0.0295 0.02066 0.01443 0.01007 0.007026 0.004903 0.003422 0.002388 0.001666 0.001163 0.0008114 0.0005663 0.001308
0.004039 0.04689 0.1286 0.09951 0.06563 0.04945 0.03895 0.02722 0.02068 0.01449 0.01012 0.00706 0.004926 0.003438 0.002399 0.001674 0.001168 0.0008153 0.0005689 0.001314
0.003973 0.04535 0.1316 0.1073 0.06977 0.04602 0.03467 0.02731 0.01908 0.0145 0.01016 0.007093 0.00495 0.003454 0.00241 0.001682 0.001174 0.0008191 0.0005716 0.00132
0.003936 0.04461 0.1273 0.1097 0.07521 0.04892 0.03227 0.02431 0.01915 0.01338 0.01017 0.007121 0.004973 0.003471 0.002422 0.00169 0.001179 0.000823 0.0005743 0.001326
0.004124 0.04419 0.1252 0.1061 0.07693 0.05273 0.0343 0.02262 0.01705 0.01342 0.009381 0.007128 0.004993 0.003487 0.002433 0.001698 0.001185 0.0008269 0.0005771 0.001333
0.004042 0.04631 0.124 0.1044 0.0744 0.05394 0.03697 0.02405 0.01586 0.01195 0.009412 0.006578 0.004998 0.003501 0.002445 0.001706 0.001191 0.0008308 0.0005798 0.001339
0.004022 0.04538 0.1299 0.1034 0.07318 0.05217 0.03782 0.02592 0.01686 0.01112 0.00838 0.006599 0.004612 0.003504 0.002455 0.001714 0.001196 0.0008348 0.0005825 0.001345
0.003836 0.04516 0.1273 0.1083 0.0725 0.05131 0.03658 0.02652 0.01818 0.01182 0.007798 0.005875 0.004627 0.003234 0.002457 0.001721 0.001202 0.0008387 0.0005853 0.001352
0.003864 0.04308 0.1267 0.1062 0.07597 0.05083 0.03598 0.02565 0.01859 0.01274 0.00829 0.005467 0.004119 0.003244 0.002267 0.001723 0.001207 0.0008427 0.0005881 0.001358
0.003725 0.04339 0.1209 0.1057 0.07445 0.05326 0.03564 0.02523 0.01798 0.01304 0.008936 0.005812 0.003833 0.002888 0.002275 0.00159 0.001208 0.000846 0.0005908 0.001365
0.003441 0.04182 0.1217 0.1008 0.0741 0.0522 0.03735 0.02499 0.01769 0.01261 0.00914 0.006265 0.004075 0.002688 0.002025 0.001595 0.001115 0.0008469 0.0005932 0.001371
0.003537 0.03864 0.1173 0.1015 0.07067 0.05195 0.0366 0.02619 0.01752 0.0124 0.00884 0.006408 0.004393 0.002857 0.001884 0.00142 0.001118 0.0007815 0.0005938 0.001377
0.003478 0.03972 0.1084 0.09785 0.07118 0.04955 0.03643 0.02566 0.01836 0.01229 0.008695 0.006198 0.004493 0.00308 0.002003 0.001321 0.0009955 0.000784 0.0005479 0.001382
0.003429 0.03905 0.1114 0.0904 0.06861 0.04991 0.03474 0.02554 0.01799 0.01287 0.008614 0.006096 0.004346 0.00315 0.002159 0.001405 0.0009264 0.000698 0.0005497 0.001353
0.003544 0.0385 0.1096 0.09293 0.06339 0.04811 0.03499 0.02436 0.01791 0.01262 0.009026 0.006039 0.004274 0.003047 0.002209 0.001514 0.0009849 0.0006495 0.0004894 0.001334
0.003525 0.03979 0.108 0.09137 0.06516 0.04444 0.03373 0.02453 0.01708 0.01256 0.008846 0.006328 0.004234 0.002997 0.002136 0.001549 0.001062 0.0006905 0.0004554 0.001279
0.003533 0.03958 0.1117 0.09009 0.06406 0.04569 0.03116 0.02365 0.0172 0.01198 0.008803 0.006202 0.004437 0.002969 0.002101 0.001498 0.001086 0.0007443 0.0004842 0.001216
0.003632 0.03967 0.1111 0.09311 0.06317 0.04492 0.03203 0.02185 0.01658 0.01206 0.008396 0.006172 0.004349 0.003111 0.002082 0.001473 0.00105 0.0007613 0.0005219 0.001192
0.00341 0.04079 0.1113 0.09262 0.06528 0.04429 0.03149 0.02246 0.01532 0.01163 0.008457 0.005887 0.004328 0.003049 0.002181 0.00146 0.001033 0.0007363 0.0005338 0.001202
0.003256 0.03829 0.1144 0.09283 0.06494 0.04577 0.03105 0.02208 0.01575 0.01074 0.008151 0.005929 0.004128 0.003034 0.002138 0.001529 0.001023 0.0007243 0.0005163 0.001217
0.003267 0.03656 0.1074 0.09543 0.06509 0.04553 0.03209 0.02177 0.01548 0.01104 0.007531 0.005715 0.004157 0.002894 0.002127 0.001499 0.001072 0.0007175 0.0005078 0.001215
0.003096 0.03668 0.1026 0.08958 0.06691 0.04564 0.03193 0.0225 0.01527 0.01086 0.007741 0.00528 0.004007 0.002915 0.002029 0.001492 0.001051 0.0007518 0.0005031 0.001208
0.003685 0.03476 0.1029 0.08556 0.06281 0.04692 0.032 0.02238 0.01578 0.0107 0.007611 0.005428 0.003702 0.00281 0.002044 0.001423 0.001046 0.0007368 0.0005271 0.0012
0.003952 0.04138 0.09755 0.08583 0.05999 0.04404 0.03289 0.02243 0.01569 0.01106 0.007505 0.005337 0.003806 0.002596 0.00197 0.001433 0.0009975 0.0007333 0.0005166 0.001211
0.003825 0.04438 0.1161 0.08134 0.06018 0.04206 0.03088 0.02306 0.01573 0.011 0.007756 0.005262 0.003742 0.002668 0.00182 0.001381 0.001005 0.0006994 0.0005141 0.001211
0.003897 0.04294 0.1245 0.09682 0.05703 0.0422 0.02949 0.02165 0.01617 0.01103 0.007715 0.005438 0.003689 0.002623 0.001871 0.001276 0.0009684 0.0007044 0.0004904 0.00121
0.003914 0.04375 0.1205 0.1038 0.06788 0.03999 0.02959 0.02068 0.01518 0.01134 0.007733 0.00541 0.003813 0.002587 0.001839 0.001312 0.0008947 0.000679 0.0004939 0.001192
0.003598 0.04395 0.1228 0.1005 0.0728 0.0476 0.02804 0.02074 0.0145 0.01064 0.00795 0.005422 0.003793 0.002673 0.001814 0.00129 0.0009197 0.0006273 0.0004761 0.001182
0.00356 0.0404 0.1233 0.1024 0.07045 0.05104 0.03337 0.01966 0.01454 0.01016 0.007462 0.005574 0.003801 0.002659 0.001874 0.001272 0.0009043 0.0006448 0.0004398 0.001163
0.003544 0.03997 0.1134 0.1028 0.07178 0.0494 0.03579 0.0234 0.01378 0.0102 0.007127 0.005232 0.003908 0.002665 0.001865 0.001314 0.0008916 0.000634 0.0004521 0.001124
0.003488 0.03979 0.1122 0.09454 0.0721 0.05033 0.03464 0.02509 0.01641 0.009664 0.00715 0.004997 0.003669 0.00274 0.001869 0.001307 0.0009215 0.0006252 0.0004445 0.001105
0.003805 0.03916 0.1117 0.09353 0.06629 0.05055 0.03529 0.02428 0.01759 0.0115 0.006776 0.005013 0.003504 0.002572 0.001921 0.00131 0.0009166 0.0006461 0.0004383 0.001086
1.053 11.01 26.23 21.81 15.36 10.89 8.304 5.796 3.989 2.89 1.889 1.113 0.8235 0.5755 0.4225 0.3156 0.2152 0.1506 0.1061 0.2504
0.9695 10.83 25.62 16.29 11.13 7.838 5.555 4.236 2.957 2.035 1.474 0.9639 0.5678 0.4201 0.2936 0.2155 0.161 0.1098 0.07681 0.1819
1.051 11.84 29.73 18.82 9.849 6.729 4.739 3.359 2.562 1.788 1.231 0.8915 0.5829 0.3433 0.254 0.1775 0.1303 0.09735 0.0664 0.1564
0.9474 10.38 26.4 17.6 9.145 4.785 3.269 2.303 1.632 1.245 0.8687 0.5978 0.4331 0.2832 0.1668 0.1234 0.08625 0.06332 0.0473 0.1083
0.9132 10.12 25.13 17.14 9.402 4.886 2.556 1.746 1.23 0.8718 0.6649 0.4641 0.3194 0.2314 0.1513 0.08911 0.06593 0.04608 0.03383 0.08311
0.9339 10.37 26.01 17.35 9.739 5.341 2.775 1.452 0.9921 0.6988 0.4952 0.3777 0.2636 0.1814 0.1314 0.08594 0.05062 0.03746 0.02618 0.06643
1 10.17 25.55 17.15 9.405 5.28 2.896 1.505 0.7874 0.5379 0.3789 0.2685 0.2048 0.1429 0.09837 0.07127 0.04659 0.02745 0.02031 0.05021
1.014 11.39 26.12 17.55 9.687 5.312 2.982 1.636 0.85 0.4447 0.3038 0.214 0.1517 0.1157 0.08074 0.05556 0.04026 0.02632 0.0155 0.03983
0.9376 10.09 25.7 15.73 8.685 4.794 2.629 1.476 0.8095 0.4206 0.2201 0.1503 0.1059 0.07505 0.05724 0.03995 0.0275 0.01992 0.01302 0.02738
1.032 11.75 28.46 19.46 9.812 5.417 2.99 1.64 0.9205 0.5049 0.2623 0.1373 0.09377 0.06605 0.04681 0.0357 0.02492 0.01715 0.01242 0.0252
0.9329 10.77 27.59 17.73 9.952 5.017 2.77 1.529 0.8383 0.4707 0.2581 0.1341 0.07018 0.04795 0.03377 0.02393 0.01825 0.01274 0.008769 0.01924
0.9077 10.53 27.3 18.63 9.839 5.521 2.784 1.537 0.8482 0.4651 0.2611 0.1432 0.07442 0.03894 0.0266 0.01874 0.01328 0.01013 0.007069 0.01554
0.9937 9.452 24.69 17.02 9.535 5.035 2.826 1.425 0.7864 0.4341 0.238 0.1336 0.0733 0.03809 0.01993 0.01361 0.009589 0.006796 0.005183 0.01157
0.9403 10.49 22.57 15.75 8.92 4.998 2.639 1.481 0.7468 0.4122 0.2275 0.1248 0.07005 0.03842 0.01997 0.01045 0.007136 0.005027 0.003562 0.008783
0.9246 10.58 26.68 15.37 8.82 4.996 2.799 1.478 0.8296 0.4183 0.2309 0.1274 0.06989 0.03924 0.02152 0.01118 0.005851 0.003997 0.002815 0.006914
0.8994 10.34 26.66 17.94 8.493 4.875 2.761 1.547 0.8171 0.4586 0.2312 0.1276 0.07044 0.03863 0.02169 0.01189 0.006181 0.003234 0.002209 0.005378
0.8737 9.114 23.71 16.31 9.019 4.27 2.451 1.388 0.778 0.4108 0.2306 0.1162 0.06417 0.03542 0.01942 0.0109 0.005981 0.003108 0.001626 0.003815
0.9547 10.75 25.22 17.59 9.958 5.505 2.607 1.496 0.8475 0.4749 0.2508 0.1407 0.07095 0.03917 0.02162 0.01186 0.006656 0.003651 0.001897 0.003321
0.9057 9.553 24.27 15.11 8.65 4.898 2.708 1.282 0.736 0.4169 0.2336 0.1234 0.06923 0.0349 0.01927 0.01063 0.005832 0.003274 0.001796 0.002567
0.9303 9.768 23.32 15.87 8.126 4.651 2.633 1.456 0.6893 0.3957 0.2241 0.1256 0.06632 0.03722 0.01876 0.01036 0.005717 0.003135 0.00176 0.002345
1.004 11.24 26.51 16.94 9.482 4.856 2.779 1.574 0.87 0.4119 0.2364 0.1339 0.07505 0.03963 0.02224 0.01121 0.00619 0.003417 0.001874 0.002453
0.9674 10.87 27.26 17.05 8.943 5.006 2.564 1.467 0.8307 0.4593 0.2175 0.1248 0.0707 0.03962 0.02092 0.01174 0.005919 0.003268 0.001804 0.002284
1.025 10.7 26.92 17.91 9.201 4.825 2.7 1.383 0.7915 0.4482 0.2478 0.1173 0.06734 0.03814 0.02137 0.01129 0.006334 0.003193 0.001763 0.002205
0.9268 10.14 23.89 15.96 8.714 4.476 2.347 1.314 0.6727 0.385 0.218 0.1205 0.05707 0.03276 0.01855 0.0104 0.00549 0.003081 0.001553 0.00193
0.9439 10.43 25.76 16.24 8.924 4.874 2.503 1.313 0.7347 0.3763 0.2153 0.1219 0.06741 0.03192 0.01832 0.01038 0.005815 0.003071 0.001723 0.001949
0.9359 10.22 25.49 16.82 8.719 4.79 2.616 1.344 0.7045 0.3943 0.202 0.1156 0.06544 0.03618 0.01713 0.009833 0.00557 0.003121 0.001648 0.001971
0.9214 10.33 25.46 16.97 9.205 4.772 2.622 1.432 0.7353 0.3856 0.2158 0.1105 0.06326 0.03582 0.0198 0.009376 0.005382 0.003049 0.001708 0.001981
0.8109 9.464 24.05 15.84 8.677 4.708 2.44 1.341 0.7322 0.3761 0.1972 0.1104 0.05653 0.03235 0.01832 0.01013 0.004795 0.002752 0.001559 0.001887
0.9393 9.943 26.12 17.8 9.652 5.287 2.868 1.487 0.8169 0.4461 0.2291 0.1202 0.06725 0.03444 0.01971 0.01116 0.00617 0.002922 0.001677 0.002099
0.8855 9.706 23.15 16.15 9.037 4.9 2.684 1.456 0.7549 0.4147 0.2265 0.1163 0.061 0.03414 0.01749 0.01001 0.005667 0.003133 0.001483 0.001917
0.825 8.989 22.35 14.25 8.176 4.574 2.48 1.359 0.7371 0.3821 0.2099 0.1146 0.05888 0.03088 0.01728 0.008851 0.005065 0.002868 0.001586 0.001721
0.8978 9.675 23.84 15.94 8.369 4.801 2.686 1.456 0.7978 0.4328 0.2244 0.1233 0.06732 0.03457 0.01813 0.01015 0.005197 0.002974 0.001684 0.001942
0.9985 9.706 23.63 15.56 8.553 4.491 2.576 1.441 0.7816 0.4281 0.2323 0.1204 0.06615 0.03613 0.01855 0.00973 0.005446 0.002789 0.001596 0.001946
1.089 11.47 25.1 16.33 8.845 4.861 2.552 1.464 0.8192 0.4442 0.2433 0.132 0.06843 0.0376 0.02053 0.01054 0.00553 0.003095 0.001585 0.002013
1.068 11.39 27.06 15.77 8.427 4.564 2.508 1.317 0.7555 0.4227 0.2292 0.1255 0.06811 0.03531 0.0194 0.01059 0.005441 0.002853 0.001597 0.001857
1.052 11.11 26.86 17.07 8.181 4.372 2.368 1.301 0.6834 0.392 0.2193 0.1189 0.06514 0.03534 0.01832 0.01007 0.005497 0.002823 0.00148 0.001792
1.164 11.75 28.12 18.26 9.554 4.578 2.447 1.325 0.7281 0.3824 0.2193 0.1227 0.06654 0.03645 0.01977 0.01025 0.005632 0.003076 0.00158 0.001831
1.42 13.89 31.55 20.22 10.8 5.653 2.709 1.448 0.784 0.4308 0.2262 0.1298 0.07261 0.03937 0.02157 0.0117 0.006066 0.003332 0.00182 0.002018
1.236 14.21 31.4 18.97 9.981 5.331 2.79 1.337 0.7144 0.3869 0.2126 0.1117 0.06405 0.03583 0.01943 0.01064 0.005774 0.002994 0.001645 0.001894
1.294 14.06 36.5 21.62 10.74 5.653 3.02 1.58 0.7571 0.4046 0.2192 0.1204 0.06324 0.03628 0.0203 0.01101 0.006029 0.003271 0.001696 0.002004
1.397 15.07 36.77 25.45 12.39 6.157 3.24 1.731 0.9057 0.4339 0.2319 0.1256 0.06902 0.03625 0.02079 0.01163 0.006308 0.003455 0.001875 0.002121
1.321 13.76 33.51 21.71 12.33 6.001 2.983 1.57 0.8384 0.4387 0.2102 0.1123 0.06085 0.03344 0.01756 0.01007 0.005635 0.003056 0.001674 0.001935
1.279 14.94 35.14 22.93 12.22 6.939 3.378 1.679 0.8834 0.4718 0.2469 0.1183 0.06323 0.03424 0.01882 0.009882 0.005669 0.003171 0.00172 0.002031
1.195 13.72 36.22 22.76 12.21 6.506 3.695 1.799 0.894 0.4705 0.2513 0.1315 0.063 0.03367 0.01824 0.01002 0.005263 0.003019 0.001689 0.001998
1.354 13.38 34.66 24.48 12.65 6.785 3.616 2.054 0.9997 0.4968 0.2615 0.1397 0.07308 0.03501 0.01871 0.01014 0.00557 0.002925 0.001678 0.002049
1.222 13.85 31.02 21.48 12.47 6.445 3.457 1.842 1.046 0.5093 0.2531 0.1332 0.07114 0.03723 0.01784 0.009534 0.005163 0.002837 0.00149 0.001899
1.196 13.74 35.28 21.23 12.1 7.024 3.631 1.947 1.038 0.5894 0.2869 0.1426 0.07503 0.04008 0.02097 0.01005 0.005371 0.002909 0.001598 0.001909
1.225 13.86 35.9 24.69 12.22 6.967 4.044 2.09 1.121 0.5974 0.3393 0.1652 0.08208 0.0432 0.02307 0.01207 0.005785 0.003092 0.001675 0.002019
1.111 13.63 34.67 23.91 13.51 6.687 3.812 2.213 1.144 0.6135 0.3269 0.1857 0.09038 0.04492 0.02364 0.01263 0.006607 0.003166 0.001692 0.002021
1.093 12.26 33.75 22.81 12.92 7.299 3.613 2.059 1.195 0.6179 0.3314 0.1766 0.1003 0.04882 0.02426 0.01277 0.00682 0.003569 0.00171 0.002006
0.9927 10.67 27.08 19.84 11 6.232 3.522 1.743 0.9937 0.5768 0.2981 0.1599 0.08521 0.04839 0.02356 0.01171 0.006161 0.003291 0.001722 0.001793
1.083 12.19 29.5 20.07 12.1 6.712 3.801 2.148 1.063 0.6061 0.3518 0.1818 0.09752 0.05197 0.02952 0.01437 0.007141 0.003758 0.002007 0.002144
1.067 11.5 29.07 18.67 10.42 6.286 3.486 1.975 1.116 0.5523 0.3148 0.1827 0.09446 0.05066 0.027 0.01533 0.007464 0.003709 0.001952 0.002156
1.131 11.82 28.62 19.26 10.16 5.672 3.42 1.897 1.074 0.6071 0.3005 0.1713 0.09943 0.05139 0.02756 0.01469 0.008343 0.004061 0.002018 0.002235
1.044 11.38 26.88 17.32 9.567 5.046 2.818 1.699 0.9424 0.5337 0.3016 0.1493 0.0851 0.0494 0.02553 0.01369 0.007298 0.004145 0.002018 0.002113
1.018 11.32 27.97 17.71 9.388 5.187 2.736 1.528 0.9212 0.511 0.2894 0.1635 0.08094 0.04614 0.02678 0.01384 0.007425 0.003957 0.002247 0.00224
1.126 11.71 29.41 19.47 10.15 5.378 2.972 1.567 0.8752 0.5277 0.2927 0.1658 0.09368 0.04637 0.02643 0.01534 0.007931 0.004253 0.002267 0.00257
1.262 12.64 29.6 19.82 10.79 5.621 2.979 1.646 0.8681 0.4848 0.2923 0.1621 0.09183 0.05189 0.02568 0.01464 0.008499 0.004393 0.002356 0.002679
1.209 13.03 29.47 18.37 10.1 5.5 2.866 1.519 0.8392 0.4426 0.2472 0.149 0.08267 0.04682 0.02646 0.01309 0.007465 0.004333 0.00224 0.002567
1.295 14.41 34.88 21.08 10.81 5.945 3.236 1.686 0.8937 0.4938 0.2604 0.1454 0.08769 0.04864 0.02755 0.01557 0.007704 0.004392 0.00255 0.002828
