 landings-at-age - landings.n (units : NA )
1	2	
42	100	
1	20	
1 
0.4394 4.953 12.77 10.35 7.242 4.575 3.323 2.216 1.57 1.118 0.7607 0.527 0.3854 0.2599 0.1698 0.1182 0.0876 0.05858 0.04114 0.08159
0.2601 2.797 7.73 5.769 3.909 2.735 1.727 1.255 0.8369 0.5929 0.4221 0.2873 0.199 0.1455 0.09814 0.06411 0.04463 0.03308 0.02212 0.04635
0.3492 4.285 11.27 9.098 5.69 3.855 2.697 1.704 1.238 0.8255 0.5848 0.4164 0.2833 0.1963 0.1436 0.0968 0.06323 0.04402 0.03263 0.06753
0.3046 3.577 10.73 8.193 5.533 3.46 2.345 1.64 1.036 0.7528 0.502 0.3556 0.2532 0.1723 0.1194 0.0873 0.05887 0.03845 0.02677 0.06091
0.3637 4.567 13.05 11.36 7.261 4.904 3.067 2.078 1.454 0.9184 0.6672 0.4449 0.3152 0.2244 0.1527 0.1058 0.07737 0.05218 0.03408 0.07771
0.2985 3.446 10.54 8.691 6.326 4.043 2.73 1.708 1.157 0.8094 0.5113 0.3715 0.2477 0.1755 0.1249 0.08503 0.0589 0.04308 0.02905 0.06224
0.2547 2.85 8.043 7.134 4.921 3.582 2.289 1.546 0.9669 0.6551 0.4583 0.2895 0.2103 0.1403 0.09937 0.07075 0.04814 0.03335 0.02439 0.05169
0.3125 3.552 9.691 7.947 5.9 4.07 2.962 1.893 1.279 0.7996 0.5418 0.379 0.2394 0.174 0.116 0.08218 0.05851 0.03982 0.02758 0.06292
0.325 3.612 9.987 7.881 5.403 4.012 2.767 2.014 1.287 0.8693 0.5437 0.3684 0.2577 0.1628 0.1183 0.07887 0.05588 0.03978 0.02707 0.06154
0.3174 3.345 9.055 7.238 4.775 3.274 2.431 1.677 1.22 0.7799 0.5267 0.3294 0.2232 0.1561 0.09864 0.07166 0.04779 0.03385 0.0241 0.05369
0.3693 3.894 9.983 7.823 5.23 3.45 2.365 1.756 1.211 0.8818 0.5635 0.3806 0.238 0.1613 0.1128 0.07127 0.05178 0.03453 0.02446 0.05621
0.4054 4.506 11.53 8.532 5.589 3.736 2.465 1.69 1.255 0.8655 0.63 0.4026 0.2719 0.17 0.1152 0.0806 0.05092 0.03699 0.02467 0.05763
0.3545 4.044 10.92 8.054 4.981 3.263 2.181 1.439 0.9864 0.7324 0.5052 0.3677 0.235 0.1587 0.09926 0.06725 0.04705 0.02972 0.02159 0.04804
0.3606 4.107 11.39 8.89 5.479 3.388 2.219 1.484 0.9788 0.671 0.4983 0.3437 0.2502 0.1599 0.108 0.06752 0.04575 0.03201 0.02022 0.04737
0.4019 4.365 12.06 9.649 6.294 3.88 2.399 1.572 1.051 0.693 0.4752 0.3528 0.2434 0.1771 0.1132 0.07645 0.04781 0.03239 0.02266 0.04786
0.3673 4.299 11.33 9.013 6.024 3.93 2.422 1.498 0.9812 0.6559 0.4327 0.2966 0.2203 0.1519 0.1106 0.07067 0.04773 0.02985 0.02022 0.04403
0.3343 3.864 10.99 8.352 5.552 3.711 2.421 1.492 0.9228 0.6045 0.4041 0.2666 0.1828 0.1357 0.09361 0.06813 0.04354 0.0294 0.01839 0.03959
0.3452 3.901 10.95 8.992 5.712 3.797 2.538 1.656 1.021 0.6311 0.4134 0.2764 0.1823 0.125 0.09281 0.06402 0.0466 0.02978 0.02011 0.03965
0.3066 3.228 8.886 7.2 4.941 3.138 2.087 1.395 0.9098 0.5608 0.3468 0.2271 0.1519 0.1002 0.06868 0.05099 0.03518 0.0256 0.01636 0.03284
0.2822 3.279 8.426 6.724 4.558 3.127 1.987 1.321 0.8828 0.5759 0.355 0.2195 0.1438 0.09612 0.06341 0.04347 0.03228 0.02227 0.01621 0.03114
0.2002 2.368 6.747 5.037 3.363 2.279 1.564 0.9935 0.6605 0.4415 0.288 0.1775 0.1098 0.0719 0.04807 0.03171 0.02174 0.01614 0.01113 0.02368
0.1981 2.366 6.867 5.71 3.571 2.384 1.616 1.109 0.7044 0.4683 0.313 0.2042 0.1259 0.07783 0.05098 0.03408 0.02248 0.01541 0.01145 0.02468
0.3173 3.481 10.12 8.546 5.952 3.722 2.485 1.685 1.156 0.7342 0.4881 0.3263 0.2128 0.1312 0.08113 0.05314 0.03553 0.02343 0.01607 0.03766
0.2134 2.358 6.324 5.31 3.748 2.611 1.632 1.09 0.7388 0.507 0.322 0.2141 0.1431 0.09335 0.05754 0.03558 0.02331 0.01558 0.01028 0.02356
0.1776 1.972 5.355 4.186 2.944 2.078 1.447 0.905 0.6043 0.4096 0.281 0.1785 0.1187 0.07933 0.05175 0.0319 0.01972 0.01292 0.008638 0.01876
0.3038 3.508 9.494 7.521 4.927 3.465 2.445 1.703 1.065 0.7112 0.482 0.3308 0.2101 0.1397 0.09336 0.0609 0.03754 0.02321 0.01521 0.03224
0.1948 2.264 6.395 5.004 3.312 2.17 1.526 1.077 0.7501 0.4691 0.3132 0.2123 0.1457 0.09253 0.06152 0.04112 0.02682 0.01653 0.01022 0.0209
0.2153 2.285 6.504 5.355 3.508 2.323 1.522 1.07 0.7552 0.526 0.3289 0.2196 0.1489 0.1021 0.06488 0.04314 0.02883 0.01881 0.01159 0.02182
0.2634 2.918 7.563 6.265 4.318 2.829 1.873 1.227 0.8629 0.609 0.4242 0.2653 0.1771 0.12 0.08237 0.05232 0.03479 0.02325 0.01517 0.02695
0.2797 2.952 7.977 5.993 4.152 2.862 1.875 1.241 0.8133 0.5719 0.4037 0.2811 0.1758 0.1174 0.07957 0.0546 0.03468 0.02306 0.01541 0.02791
0.2602 2.742 7.076 5.544 3.484 2.414 1.664 1.09 0.7218 0.4728 0.3325 0.2347 0.1634 0.1022 0.06825 0.04626 0.03174 0.02016 0.0134 0.02519
0.2005 2.315 5.988 4.496 2.949 1.853 1.284 0.885 0.5799 0.3839 0.2515 0.1768 0.1248 0.08693 0.05436 0.0363 0.0246 0.01688 0.01072 0.02053
0.3311 3.836 10.79 8.131 5.115 3.354 2.108 1.461 1.007 0.6597 0.4367 0.2861 0.2012 0.142 0.0989 0.06184 0.04129 0.02799 0.01921 0.03555
0.2528 2.792 7.893 6.41 4.036 2.539 1.665 1.046 0.7251 0.4998 0.3275 0.2168 0.142 0.09987 0.07049 0.04909 0.0307 0.0205 0.01389 0.02718
0.2482 2.636 7.124 5.853 3.978 2.505 1.576 1.033 0.6495 0.45 0.3102 0.2032 0.1345 0.08814 0.06198 0.04375 0.03047 0.01905 0.01272 0.02549
0.3306 3.696 9.562 7.51 5.166 3.511 2.211 1.391 0.9121 0.5732 0.3971 0.2737 0.1794 0.1187 0.07778 0.0547 0.03861 0.02689 0.01681 0.03372
0.3171 3.747 10.18 7.606 4.994 3.435 2.334 1.47 0.9247 0.6064 0.3811 0.2641 0.182 0.1193 0.07895 0.05172 0.03637 0.02567 0.01788 0.0336
0.3295 3.633 10.42 8.176 5.106 3.352 2.306 1.567 0.9868 0.6208 0.4071 0.2558 0.1773 0.1222 0.08006 0.053 0.03472 0.02442 0.01723 0.03456
0.3378 3.411 9.145 7.574 4.964 3.1 2.035 1.4 0.9515 0.5991 0.3769 0.2472 0.1553 0.1076 0.07419 0.04861 0.03218 0.02108 0.01482 0.03145
0.3194 3.627 8.918 6.914 4.787 3.138 1.959 1.286 0.8849 0.6014 0.3787 0.2382 0.1562 0.09818 0.06803 0.04689 0.03072 0.02034 0.01332 0.02925
0.241 2.714 7.542 5.373 3.483 2.412 1.581 0.9872 0.6481 0.4458 0.303 0.1908 0.12 0.07871 0.04946 0.03427 0.02362 0.01548 0.01025 0.02145
0.2153 2.759 7.612 6.161 3.675 2.382 1.65 1.081 0.6752 0.4433 0.3049 0.2072 0.1305 0.08209 0.05384 0.03383 0.02344 0.01616 0.01059 0.02168
0.3003 3.138 9.804 7.865 5.33 3.179 2.061 1.427 0.9353 0.5841 0.3835 0.2638 0.1793 0.1129 0.07101 0.04657 0.02927 0.02028 0.01398 0.02791
0.3079 3.289 8.37 7.565 5.075 3.439 2.051 1.33 0.9207 0.6035 0.3769 0.2474 0.1702 0.1157 0.07284 0.04582 0.03005 0.01888 0.01308 0.02703
0.2857 3.193 8.319 6.128 4.632 3.107 2.106 1.256 0.8143 0.5638 0.3695 0.2308 0.1515 0.1042 0.07082 0.0446 0.02805 0.0184 0.01156 0.02456
0.2337 2.545 6.966 5.267 3.246 2.453 1.646 1.115 0.6652 0.4312 0.2986 0.1957 0.1222 0.08024 0.05519 0.03751 0.02362 0.01486 0.009745 0.01913
0.1979 2.225 5.954 4.752 3.009 1.854 1.401 0.9401 0.637 0.38 0.2463 0.1706 0.1118 0.06982 0.04584 0.03153 0.02143 0.01349 0.008488 0.0165
0.3021 3.572 9.799 7.65 5.115 3.239 1.996 1.509 1.012 0.6858 0.4091 0.2652 0.1836 0.1203 0.07516 0.04935 0.03394 0.02307 0.01453 0.0269
0.3575 3.858 11.07 8.778 5.729 3.831 2.426 1.495 1.13 0.758 0.5136 0.3064 0.1986 0.1375 0.09014 0.05629 0.03696 0.02542 0.01728 0.03102
0.3713 4.108 10.74 8.877 5.881 3.838 2.567 1.625 1.002 0.757 0.5078 0.3441 0.2053 0.1331 0.09213 0.06039 0.03771 0.02476 0.01703 0.03236
0.3302 3.695 9.928 7.474 5.16 3.418 2.231 1.492 0.9446 0.5821 0.44 0.2952 0.2 0.1193 0.07734 0.05355 0.0351 0.02192 0.01439 0.02871
0.2401 2.555 6.992 5.434 3.42 2.36 1.564 1.021 0.6825 0.4321 0.2663 0.2013 0.135 0.0915 0.05458 0.03538 0.0245 0.01606 0.01003 0.01972
0.2135 2.273 5.943 4.743 3.086 1.942 1.341 0.8882 0.5797 0.3877 0.2455 0.1513 0.1143 0.07669 0.05197 0.031 0.0201 0.01391 0.00912 0.01689
0.2315 2.553 6.676 5.1 3.411 2.219 1.397 0.9641 0.6387 0.4169 0.2788 0.1765 0.1088 0.08222 0.05515 0.03737 0.02229 0.01445 0.01001 0.01871
0.2786 3.241 8.747 6.673 4.271 2.856 1.858 1.17 0.8073 0.5348 0.3491 0.2334 0.1478 0.09108 0.06885 0.04618 0.03129 0.01867 0.0121 0.02404
0.3383 3.84 10.88 8.523 5.441 3.483 2.329 1.515 0.9537 0.6583 0.4361 0.2847 0.1904 0.1205 0.07427 0.05614 0.03766 0.02552 0.01522 0.02948
0.4126 4.332 11.92 9.753 6.389 4.079 2.611 1.746 1.136 0.7149 0.4935 0.3269 0.2134 0.1427 0.09035 0.05568 0.04208 0.02823 0.01913 0.03351
0.2547 2.964 7.601 6.033 4.123 2.7 1.724 1.103 0.7379 0.4802 0.3022 0.2086 0.1382 0.09019 0.06031 0.03819 0.02353 0.01779 0.01193 0.02225
0.2605 2.799 7.981 5.959 3.96 2.706 1.773 1.132 0.7244 0.4844 0.3152 0.1984 0.1369 0.09071 0.05921 0.03959 0.02507 0.01545 0.01168 0.02244
