Originally  
101 
A 
2	100	
1	1	NA	NA	
1	20	
1 681 378.3 397.2 132.4 37.83 56.75 37.83 37.83 18.92 37.83 18.92 18.92 0 18.92 0 0 0 0 0 18.92
1 659.3 256.4 201.5 274.7 128.2 18.32 18.32 73.26 73.26 73.26 0 36.63 0 0 0 18.32 0 0 0 0
1 429.8 316 126.4 101.1 75.85 63.2 25.28 12.64 63.2 0 25.28 12.64 0 0 0 12.64 0 0 0 0
1 691.1 345.5 345.5 230.4 153.6 38.39 38.39 0 38.39 0 19.2 0 0 0 19.2 0 0 0 0 0
1 703.7 380.4 228.2 133.1 76.08 57.06 114.1 19.02 19.02 76.08 19.02 38.04 0 19.02 19.02 0 0 0 0 0
1 804.4 402.2 296.4 127 148.2 148.2 84.67 21.17 21.17 0 21.17 42.34 0 0 0 0 0 0 0 0
1 576.6 365.2 249.9 192.2 57.66 153.8 153.8 38.44 96.1 19.22 0 19.22 0 0 0 0 0 0 0 0
1 534.3 405.3 368.5 129 92.12 129 36.85 36.85 36.85 36.85 0 0 0 0 0 18.42 18.42 0 0 0
1 402.9 294.4 325.4 139.4 77.47 92.97 77.47 77.47 15.49 15.49 15.49 0 0 0 15.49 0 0 0 0 0
1 618.9 293.2 276.9 97.72 81.43 97.72 0 32.57 32.57 48.86 16.29 16.29 0 16.29 0 0 0 0 0 0
1 321 246.1 181.9 128.4 85.61 10.7 10.7 10.7 21.4 21.4 0 10.7 0 0 10.7 10.7 0 0 0 0
1 453.8 349.1 209.5 192 174.6 87.28 122.2 52.37 52.37 34.91 17.46 0 0 0 0 0 0 0 0 0
1 440.8 335 335 194 88.16 123.4 70.53 70.53 35.26 0 52.9 0 0 0 0 17.63 0 0 0 0
1 526.1 140.3 403.3 210.4 157.8 140.3 17.54 87.68 17.54 17.54 35.07 0 0 0 0 0 0 0 0 0
1 405.8 260.8 275.3 130.4 86.95 86.95 57.96 43.47 43.47 43.47 14.49 0 0 0 0 0 0 0 0 0
1 539.5 366.1 366.1 96.34 212 134.9 96.34 57.81 0 19.27 19.27 0 0 0 19.27 0 0 0 0 0
1 514.8 377.5 171.6 171.6 137.3 137.3 85.8 34.32 17.16 0 17.16 0 0 17.16 0 0 17.16 17.16 0 0
1 581.7 368.4 155.1 213.3 271.5 96.96 19.39 96.96 19.39 38.78 19.39 19.39 19.39 0 19.39 0 0 0 0 0
1 527 414 301.1 131.7 150.6 131.7 37.64 56.46 18.82 18.82 18.82 0 0 18.82 18.82 18.82 0 18.82 0 0
1 463.3 374.2 302.9 196 124.7 89.1 17.82 53.46 35.64 35.64 17.82 35.64 17.82 0 0 0 0 0 17.82 0
1 676.2 348.3 266.4 266.4 122.9 143.4 61.47 81.96 20.49 0 40.98 20.49 0 0 0 0 0 0 0 0
1 1310 786 336.9 524 262 112.3 112.3 74.86 74.86 37.43 0 37.43 0 0 0 37.43 0 0 0 37.43
1 548.2 316.3 337.3 147.6 253 189.8 84.33 42.17 63.25 42.17 21.08 0 42.17 21.08 0 0 0 0 0 0
1 715.6 453.2 381.6 333.9 238.5 71.56 47.7 0 71.56 23.85 0 47.7 0 0 0 0 0 0 0 0
1 625.8 260.7 312.9 121.7 191.2 34.76 69.53 69.53 17.38 34.76 0 0 0 0 0 0 0 0 0 0
1 428.7 447.3 298.2 223.7 167.7 93.19 55.92 37.28 18.64 37.28 18.64 37.28 0 0 0 0 0 0 0 0
1 468.5 351.4 175.7 73.2 73.2 102.5 87.84 29.28 29.28 14.64 14.64 0 14.64 0 14.64 0 0 0 14.64 0
1 603.9 541.4 333.2 208.2 104.1 83.29 83.29 20.82 41.64 41.64 0 0 0 0 20.82 0 0 0 0 0
1 421.2 285.8 180.5 195.6 135.4 90.25 15.04 75.21 0 15.04 30.08 15.04 15.04 0 15.04 15.04 0 0 0 0
1 403.3 338.7 338.7 193.6 64.52 48.39 32.26 48.39 48.39 32.26 0 32.26 32.26 0 0 0 0 0 0 0
1 455.7 401 382.8 237 91.14 72.91 72.91 18.23 0 54.69 0 18.23 18.23 0 0 0 0 0 0 0
1 633.4 494.8 296.9 138.6 158.3 79.17 59.38 59.38 0 19.79 19.79 0 0 0 0 19.79 0 0 0 0
1 353.4 353.4 190.3 122.3 54.37 67.96 54.37 27.19 40.78 27.19 13.59 27.19 13.59 0 0 0 13.59 0 0 0
1 259 453.3 178.1 178.1 145.7 129.5 64.76 64.76 32.38 32.38 16.19 16.19 32.38 0 0 0 0 0 0 16.19
1 692.2 440.5 293.6 125.8 167.8 41.95 20.97 125.8 20.97 62.92 41.95 20.97 0 0 20.97 20.97 0 0 0 0
1 365.1 229.9 256.9 94.65 135.2 54.09 94.65 40.57 27.04 13.52 13.52 13.52 0 0 0 0 0 0 0 13.52
1 689.2 363.7 268 172.3 114.9 114.9 57.43 38.29 19.14 19.14 38.29 0 19.14 0 0 0 0 0 0 0
1 502.2 502.2 297.6 204.6 55.81 111.6 74.41 37.2 18.6 18.6 0 0 0 0 18.6 18.6 0 0 0 0
1 627.9 313.9 255.1 294.3 176.6 98.11 98.11 39.24 39.24 0 0 19.62 0 0 0 0 0 0 0 0
1 302.6 355.3 144.7 144.7 144.7 39.47 78.95 13.16 13.16 13.16 13.16 0 13.16 0 0 13.16 0 13.16 0 13.16
1 350 303.3 210 105 23.33 35 46.66 35 23.33 0 0 0 11.67 0 0 0 0 0 0 23.33
1 430.4 368.9 230.6 138.3 138.3 61.49 46.12 15.37 30.74 15.37 30.74 0 0 30.74 0 0 0 0 0 0
1 583.8 291.9 139 83.4 83.4 111.2 0 27.8 13.9 27.8 0 27.8 0 0 0 0 0 0 0 0
1 555.4 271.3 193.8 103.3 77.5 12.92 38.75 12.92 0 12.92 0 0 0 12.92 0 0 0 0 0 0
1 597.1 426.5 221.8 204.7 34.12 68.24 17.06 34.12 51.18 0 0 17.06 17.06 0 0 0 0 0 0 17.06
1 500.6 409.6 273.1 151.7 106.2 45.51 15.17 15.17 0 0 0 0 0 0 0 0 0 0 0 0
1 472.2 290.6 205.8 96.85 36.32 48.43 24.21 36.32 0 0 0 0 0 0 0 0 0 0 0 0
1 278.9 231.1 111.6 55.78 63.74 7.968 15.94 7.968 15.94 0 0 0 0 0 7.968 0 0 0 0 0
1 298.1 250 201.9 67.32 57.7 38.47 38.47 9.617 0 0 0 0 0 0 0 0 0 0 0 0
1 347.3 246.7 164.5 45.69 27.42 45.69 0 0 18.28 9.139 0 0 0 0 0 9.139 0 0 0 0
1 265.9 257.4 120.1 68.63 51.47 60.05 25.74 8.579 0 0 0 0 0 0 0 0 0 0 0 0
1 256.4 218.4 170.9 170.9 75.97 37.98 9.496 9.496 0 0 0 0 0 0 0 0 0 0 0 0
1 129.7 112.4 86.5 51.9 21.62 8.65 8.65 8.65 0 4.325 0 0 0 0 0 0 0 0 0 0
1 206.9 153.5 140.2 40.05 86.78 20.03 13.35 6.676 0 0 0 0 0 0 0 0 0 0 0 0
1 280.9 151.2 108 79.22 57.62 7.202 14.4 7.202 0 7.202 0 7.202 0 0 0 0 0 0 0 0
1 232.6 136.2 85.11 51.07 34.04 0 5.674 0 5.674 0 0 11.35 5.674 0 0 0 0 0 0 0
1 199.5 145.1 133 60.45 12.09 30.22 6.045 12.09 0 6.045 0 0 0 0 0 0 0 0 0 0
1 319.9 102.1 143 54.46 13.61 13.61 13.61 0 20.42 0 0 0 0 0 0 0 0 0 0 0
1 156.5 156.5 66.41 37.95 28.46 9.487 9.487 0 4.743 4.743 0 0 0 0 0 0 0 0 0 0
1 142.8 163.9 137.5 42.31 31.73 5.289 0 5.289 0 0 0 0 0 0 0 0 0 0 0 0
1 184.8 184.8 67.77 49.29 61.61 12.32 12.32 18.48 18.48 6.161 0 0 0 0 0 0 0 0 0 0
1 165.7 148.6 131.4 40 40 22.86 11.43 0 5.714 0 5.714 0 0 0 0 0 0 0 0 0
1 164 101.3 86.82 43.41 33.76 24.12 14.47 9.646 0 4.823 0 0 0 0 0 0 0 0 0 0
1 164.5 114.2 100.5 36.55 27.41 9.137 0 4.569 0 0 0 0 0 0 0 0 0 0 0 0
1 123 110.7 69.71 57.41 12.3 12.3 4.101 8.201 4.101 4.101 4.101 0 0 0 0 0 0 0 0 0
1 78.22 45.63 49.98 13.04 13.04 13.04 0 2.173 0 0 2.173 0 0 0 0 0 0 0 0 0
1 64.98 46.78 64.98 20.79 38.99 18.19 2.599 0 2.599 0 0 0 0 0 0 0 0 0 0 0
1 92.49 54.99 42.5 22.5 9.999 15 0 7.499 0 2.5 2.5 0 0 0 0 0 0 0 0 0
1 62.35 51.96 57.15 28.58 15.59 12.99 12.99 7.794 2.598 5.196 2.598 0 0 0 0 0 0 0 0 0
1 68.26 78.01 41.44 14.63 17.06 4.875 7.313 0 9.751 2.438 0 0 0 0 0 0 0 0 0 0
1 68.32 51.83 37.69 32.98 18.85 9.423 7.067 7.067 0 2.356 0 0 0 0 0 0 0 0 0 0
1 65.65 46.34 21.24 15.45 23.17 7.723 7.723 0 1.931 3.862 0 0 0 0 0 0 0 0 0 0
1 56.03 56.03 38.1 15.69 22.41 17.93 8.965 4.482 2.241 0 0 2.241 0 0 0 0 0 0 0 0
1 61.24 42.87 30.62 32.66 20.41 4.083 2.041 6.124 4.083 0 0 0 0 0 0 0 0 0 0 0
1 56.54 36.67 27.51 10.7 7.64 6.112 3.056 4.584 0 0 0 0 0 0 0 0 0 0 0 0
1 53.3 38.07 21.32 13.71 4.568 7.614 6.091 4.568 1.523 1.523 0 0 0 0 0 0 0 0 0 0
1 42.97 30.88 14.77 16.11 13.43 5.371 2.685 2.685 2.685 1.343 0 1.343 0 0 0 0 0 0 0 0
1 31.91 27.51 19.81 13.2 5.502 5.502 2.201 1.1 2.201 1.1 0 0 0 0 0 0 0 0 0 0
1 39.53 23.26 19.77 22.09 6.977 1.163 0 2.326 1.163 0 0 0 0 0 0 0 0 0 0 0
1 24.37 17.4 13.92 13.05 11.31 1.74 2.611 0 0.8702 1.74 0 0 0 0 0 0 0 0 0 0
1 34.38 20.22 17.19 10.11 9.101 5.056 1.011 1.011 0 2.022 0 1.011 0 0 0 0 0 0 0 0
1 18.27 15.75 13.23 5.041 6.301 1.89 0 1.26 0 0.6301 0.6301 0 0 0 0 0 0 0 0 0
1 24.41 20.47 12.6 8.661 3.937 3.149 2.362 0 1.575 0.7873 0 0 0.7873 0 0 0 0 0 0 0
1 10.5 12.18 7.142 4.621 2.521 2.101 0.4201 0.4201 0.4201 0.8402 0 0.4201 0 0.4201 0 0 0 0 0 0
1 16.78 21.75 9.32 4.35 2.485 3.728 0 3.107 0.6214 0 0 0 0 0 0 0 0 0 0 0
1 13.15 10.23 7.794 7.307 5.358 2.923 0 0.9743 0.4871 0.4871 0 0 0 0 0 0 0 0 0 0
1 18.38 8.222 6.287 2.902 5.32 1.451 1.935 1.451 0.4837 1.451 0.4837 0 0 0 0 0 0 0 0 0
1 16.34 8.681 13.28 2.553 5.106 2.553 2.043 0.5106 0 0 0 0 0 0 0 0 0 0 0 0
1 20.32 13.55 5.731 5.21 2.605 0.521 1.042 1.042 0.521 1.042 0.521 0 0 0 0 0 0 0 0 0
1 14.62 11.7 8.285 5.848 2.437 2.924 1.949 0 0.4874 0 0 0 0.4874 0 0 0 0 0 0 0
1 12.76 7.131 9.383 2.627 2.252 1.501 0.3753 0.3753 0.7507 0.3753 0 0 0 0 0 0 0 0 0 0
1 10.98 6.272 5.331 3.45 0.6272 1.254 1.882 0.6272 0.6272 0.3136 0 0 0 0 0 0 0 0 0 0
1 11.11 6.788 4.628 3.394 1.543 2.16 0.6171 0.3086 0 0 0 0 0.3086 0 0 0 0 0 0 0
1 7.132 8.843 6.561 1.997 1.426 0.8558 0.2853 0.8558 0.2853 0 0 0.2853 0 0 0 0 0 0 0 0
1 8.544 8.239 3.967 3.357 2.746 1.526 1.526 0.6103 0 0 0 0 0 0 0 0 0 0 0 0
1 6.355 5.296 4.025 0.8474 1.695 1.271 0.8474 0.2118 0 0.4237 0.2118 0 0 0 0 0 0 0 0 0
1 9.278 6.379 4.349 2.899 1.45 1.45 1.45 0.5799 0.5799 0 0 0.2899 0 0.2899 0 0 0 0 0 0
1 3.51 4.05 2.565 1.62 0.675 0.27 0.405 0 0.27 0.135 0 0 0 0 0 0 0 0 0 0
1 3.237 4.45 1.888 1.888 1.753 0.1349 0.1349 0 0 0 0 0 0 0 0 0 0 0 0 0
