 landings-at-age - landings.n (units : NA )
1	2	
2	100	
1	20	
1 
0.02659 0.2984 0.8352 0.6934 0.4839 0.3377 0.2357 0.1644 0.1148 0.08008 0.05589 0.039 0.02722 0.01899 0.01325 0.009249 0.006454 0.004504 0.003143 0.007259
0.00661 0.05216 0.1462 0.1214 0.08475 0.05914 0.04127 0.0288 0.0201 0.01403 0.009787 0.00683 0.004766 0.003326 0.002321 0.00162 0.00113 0.0007888 0.0005504 0.001271
0.003632 0.07422 0.1464 0.1219 0.08515 0.05942 0.04147 0.02894 0.02019 0.01409 0.009834 0.006862 0.004789 0.003342 0.002332 0.001627 0.001136 0.0007925 0.000553 0.001277
0.003044 0.04078 0.2083 0.122 0.08549 0.0597 0.04166 0.02907 0.02029 0.01416 0.00988 0.006895 0.004811 0.003358 0.002343 0.001635 0.001141 0.0007963 0.0005557 0.001283
0.004815 0.03418 0.1144 0.1737 0.08557 0.05994 0.04186 0.02921 0.02038 0.01423 0.009927 0.006927 0.004834 0.003374 0.002354 0.001643 0.001146 8e-04 0.0005583 0.001289
0.008341 0.05406 0.0959 0.09541 0.1218 0.06 0.04203 0.02935 0.02048 0.01429 0.009974 0.00696 0.004857 0.00339 0.002365 0.001651 0.001152 0.0008038 0.0005609 0.001295
0.002204 0.09366 0.1517 0.07997 0.0669 0.08537 0.04207 0.02947 0.02058 0.01436 0.01002 0.006993 0.00488 0.003406 0.002377 0.001658 0.001157 0.0008076 0.0005636 0.001302
0.003556 0.02475 0.2628 0.1265 0.05607 0.0469 0.05986 0.0295 0.02066 0.01443 0.01007 0.007026 0.004903 0.003422 0.002388 0.001666 0.001163 0.0008114 0.0005663 0.001308
0.0007772 0.03993 0.06944 0.2191 0.08869 0.03931 0.03289 0.04197 0.02068 0.01449 0.01012 0.00706 0.004926 0.003438 0.002399 0.001674 0.001168 0.0008153 0.0005689 0.001314
0.003511 0.008727 0.112 0.05791 0.1537 0.06219 0.02756 0.02306 0.02943 0.0145 0.01016 0.007093 0.00495 0.003454 0.00241 0.001682 0.001174 0.0008191 0.0005716 0.00132
0.003658 0.03942 0.02449 0.09343 0.0406 0.1077 0.0436 0.01933 0.01617 0.02063 0.01017 0.007121 0.004973 0.003471 0.002422 0.00169 0.001179 0.000823 0.0005743 0.001326
0.003674 0.04107 0.1106 0.02042 0.06551 0.02847 0.07554 0.03057 0.01355 0.01134 0.01447 0.007128 0.004993 0.003487 0.002433 0.001698 0.001185 0.0008269 0.0005771 0.001333
0.004627 0.04126 0.1152 0.09223 0.01432 0.04593 0.01996 0.05296 0.02143 0.009501 0.007948 0.01014 0.004998 0.003501 0.002445 0.001706 0.001191 0.0008308 0.0005798 0.001339
0.002221 0.05196 0.1158 0.0961 0.06467 0.01004 0.0322 0.01399 0.03713 0.01503 0.006661 0.005573 0.007112 0.003504 0.002455 0.001714 0.001196 0.0008348 0.0005825 0.001345
0.008997 0.02494 0.1458 0.09654 0.06738 0.04534 0.007038 0.02258 0.009812 0.02604 0.01054 0.00467 0.003907 0.004986 0.002457 0.001721 0.001202 0.0008387 0.0005853 0.001352
0.01911 0.101 0.06998 0.1216 0.06769 0.04724 0.03179 0.004935 0.01583 0.00688 0.01826 0.007388 0.003275 0.002739 0.003496 0.001723 0.001207 0.0008427 0.0005881 0.001358
0.00332 0.2145 0.2835 0.05836 0.08524 0.04746 0.03312 0.02229 0.00346 0.0111 0.004824 0.0128 0.00518 0.002296 0.001921 0.002451 0.001208 0.000846 0.0005908 0.001365
0.003054 0.03727 0.602 0.2364 0.04092 0.05976 0.03327 0.02322 0.01563 0.002426 0.007783 0.003382 0.008974 0.003632 0.00161 0.001347 0.001719 0.0008469 0.0005932 0.001371
0.005623 0.0343 0.1046 0.502 0.1657 0.02869 0.0419 0.02333 0.01628 0.01096 0.001701 0.005457 0.002371 0.006292 0.002547 0.001129 0.0009443 0.001205 0.0005938 0.001377
0.009928 0.06314 0.09623 0.08722 0.352 0.1162 0.02011 0.02938 0.01636 0.01142 0.007683 0.001193 0.003826 0.001663 0.004412 0.001786 0.0007914 0.0006621 0.0008449 0.001382
0.001879 0.1115 0.1772 0.08024 0.06115 0.2468 0.08148 0.0141 0.0206 0.01147 0.008005 0.005387 0.0008362 0.002683 0.001166 0.003093 0.001252 0.0005549 0.0004642 0.001561
0.002019 0.0211 0.3128 0.1477 0.05626 0.04288 0.173 0.05713 0.009889 0.01444 0.008042 0.005613 0.003777 0.0005863 0.001881 0.0008173 0.002169 0.0008778 0.0003891 0.00142
0.00298 0.02267 0.05921 0.2608 0.1036 0.03945 0.03006 0.1213 0.04006 0.006933 0.01013 0.005638 0.003935 0.002648 0.0004111 0.001319 0.0005731 0.001521 0.0006154 0.001269
0.003713 0.03347 0.06361 0.04937 0.1829 0.07263 0.02766 0.02108 0.08506 0.02808 0.004861 0.0071 0.003953 0.002759 0.001857 0.0002882 0.0009246 0.0004018 0.001066 0.001321
0.009979 0.04169 0.0939 0.05304 0.03462 0.1282 0.05092 0.01939 0.01478 0.05964 0.01969 0.003408 0.004978 0.002772 0.001935 0.001302 0.0002021 0.0006483 0.0002817 0.001674
0.004562 0.112 0.117 0.0783 0.03719 0.02427 0.08991 0.0357 0.0136 0.01036 0.04182 0.01381 0.00239 0.00349 0.001943 0.001356 0.0009128 0.0001417 0.0004545 0.001371
0.008992 0.05123 0.3144 0.09754 0.0549 0.02608 0.01702 0.06304 0.02503 0.009534 0.007265 0.02932 0.00968 0.001676 0.002447 0.001363 0.000951 0.00064 9.935e-05 0.00128
0.004319 0.101 0.1437 0.2622 0.06839 0.03849 0.01828 0.01193 0.0442 0.01755 0.006684 0.005094 0.02056 0.006787 0.001175 0.001716 0.0009554 0.0006668 0.0004487 0.0009671
0.008519 0.0485 0.2833 0.1199 0.1838 0.04795 0.02699 0.01282 0.008366 0.03099 0.01231 0.004687 0.003572 0.01441 0.004759 0.0008237 0.001203 0.0006699 0.0004675 0.0009927
0.005561 0.09566 0.1361 0.2362 0.08404 0.1289 0.03362 0.01892 0.008988 0.005866 0.02173 0.008629 0.003286 0.002504 0.01011 0.003337 0.0005775 0.0008435 0.0004697 0.001024
0.001903 0.06244 0.2684 0.1135 0.1656 0.05893 0.09036 0.02357 0.01327 0.006302 0.004113 0.01523 0.00605 0.002304 0.001756 0.007086 0.002339 0.0004049 0.0005914 0.001047
0.006254 0.02137 0.1752 0.2238 0.07956 0.1161 0.04132 0.06336 0.01653 0.009303 0.004419 0.002884 0.01068 0.004242 0.001615 0.001231 0.004968 0.00164 0.0002839 0.001149
0.0131 0.07023 0.05997 0.1461 0.1569 0.05578 0.08143 0.02897 0.04442 0.01159 0.006523 0.003098 0.002022 0.007489 0.002974 0.001133 0.0008631 0.003483 0.00115 0.001005
0.001152 0.1471 0.1971 0.05 0.1024 0.11 0.03911 0.05709 0.02031 0.03115 0.008125 0.004573 0.002172 0.001418 0.005251 0.002085 0.0007942 0.0006052 0.002442 0.001511
0.003129 0.01293 0.4127 0.1643 0.03506 0.07183 0.07715 0.02742 0.04003 0.01424 0.02184 0.005697 0.003207 0.001523 0.000994 0.003682 0.001462 0.0005568 0.0004243 0.002772
0.002431 0.03513 0.03629 0.3442 0.1152 0.02458 0.05036 0.05409 0.01923 0.02807 0.009985 0.01531 0.003994 0.002248 0.001068 0.0006969 0.002581 0.001025 0.0003904 0.002241
0.005131 0.02729 0.09857 0.03026 0.2413 0.08078 0.01724 0.03531 0.03793 0.01348 0.01968 0.007001 0.01074 0.002801 0.001576 0.0007487 0.0004886 0.00181 0.0007188 0.001845
0.008182 0.05761 0.07659 0.0822 0.02122 0.1692 0.05664 0.01208 0.02476 0.02659 0.009453 0.0138 0.004909 0.007527 0.001964 0.001105 0.000525 0.0003426 0.001269 0.001797
0.007351 0.09187 0.1616 0.06386 0.05763 0.01488 0.1186 0.03971 0.008473 0.01736 0.01864 0.006628 0.009674 0.003442 0.005278 0.001377 0.0007749 0.0003681 0.0002402 0.00215
0.006275 0.08254 0.2578 0.1348 0.04478 0.04041 0.01043 0.08317 0.02784 0.005941 0.01217 0.01307 0.004647 0.006783 0.002413 0.0037 0.0009653 0.0005433 0.0002581 0.001676
0.01307 0.07046 0.2316 0.215 0.09451 0.0314 0.02833 0.007314 0.05832 0.01952 0.004165 0.008533 0.009166 0.003258 0.004756 0.001692 0.002595 0.0006768 0.000381 0.001356
9.142e-08 1.68e-06 2.264e-06 2.211e-06 1.726e-06 7.588e-07 2.521e-07 2.275e-07 5.872e-08 4.682e-07 1.567e-07 3.344e-08 6.851e-08 7.359e-08 2.616e-08 3.818e-08 1.358e-08 2.083e-08 5.434e-09 1.395e-08
0.06376 1.324 6.058 2.424 1.991 1.554 0.6833 0.227 0.2048 0.05288 0.4216 0.1411 0.03011 0.06169 0.06626 0.02355 0.03438 0.01223 0.01876 0.01745
0.08878 1.428 7.338 9.907 3.33 2.735 2.134 0.9385 0.3118 0.2813 0.07263 0.5791 0.1939 0.04136 0.08474 0.09101 0.03235 0.04722 0.0168 0.04973
0.1785 1.489 5.888 8.879 10.06 3.38 2.776 2.167 0.9526 0.3165 0.2856 0.07372 0.5878 0.1968 0.04198 0.08601 0.09238 0.03284 0.04793 0.06753
0.1549 2.656 5.417 6.249 7.894 8.94 3.005 2.468 1.926 0.8469 0.2813 0.2539 0.06554 0.5226 0.1749 0.03733 0.07647 0.08213 0.0292 0.1027
0.1584 2.158 8.995 5.317 5.132 6.483 7.342 2.468 2.027 1.582 0.6955 0.2311 0.2085 0.05383 0.4292 0.1437 0.03065 0.0628 0.06745 0.1083
0.4324 2.115 6.962 8.362 4.131 3.987 5.036 5.704 1.917 1.575 1.229 0.5403 0.1795 0.162 0.04181 0.3334 0.1116 0.02381 0.04879 0.1365
0.5331 5.604 6.585 6.209 6.223 3.074 2.967 3.748 4.245 1.427 1.172 0.9145 0.4021 0.1336 0.1205 0.03112 0.2481 0.08306 0.01772 0.1379
0.6536 6.757 16.97 5.676 4.46 4.47 2.208 2.131 2.692 3.049 1.025 0.8418 0.6569 0.2888 0.09595 0.08659 0.02235 0.1782 0.05966 0.1118
0.6628 8.143 19.99 14.2 3.954 3.107 3.115 1.538 1.485 1.876 2.124 0.714 0.5865 0.4577 0.2012 0.06685 0.06033 0.01557 0.1242 0.1195
1.136 8.143 23.62 16.3 9.63 2.681 2.107 2.112 1.043 1.007 1.272 1.44 0.4841 0.3977 0.3103 0.1365 0.04533 0.0409 0.01056 0.1652
0.7305 13.8 23.21 18.82 10.78 6.369 1.773 1.393 1.397 0.6899 0.6659 0.8412 0.9527 0.3202 0.263 0.2053 0.09025 0.02998 0.02705 0.1162
0.2791 8.784 38.71 18.09 12.16 6.97 4.117 1.146 0.9007 0.9028 0.4459 0.4304 0.5437 0.6158 0.207 0.17 0.1327 0.05833 0.01938 0.09262
0.477 3.327 24.3 29.57 11.44 7.691 4.408 2.604 0.7249 0.5696 0.571 0.282 0.2722 0.3439 0.3894 0.1309 0.1075 0.0839 0.03689 0.07083
1.199 5.645 9.083 18.2 18.32 7.088 4.764 2.731 1.613 0.4491 0.3529 0.3537 0.1747 0.1686 0.213 0.2413 0.08108 0.0666 0.05198 0.06673
0.8452 14.1 15.22 6.678 11.05 11.12 4.305 2.893 1.658 0.9794 0.2727 0.2143 0.2148 0.1061 0.1024 0.1294 0.1465 0.04924 0.04045 0.07209
0.8474 9.876 37.57 10.99 3.978 6.584 6.626 2.564 1.724 0.9879 0.5835 0.1625 0.1277 0.128 0.0632 0.061 0.07706 0.08728 0.02933 0.06704
1.735 9.848 26.02 26.66 6.427 2.326 3.85 3.874 1.499 1.008 0.5776 0.3412 0.09499 0.07464 0.07481 0.03695 0.03567 0.04506 0.05103 0.05635
0.5601 20.06 25.67 18.16 15.31 3.69 1.335 2.21 2.224 0.8608 0.5786 0.3316 0.1959 0.05453 0.04285 0.04295 0.02122 0.02048 0.02587 0.06165
0.3074 6.446 51.74 17.62 10.24 8.633 2.081 0.7532 1.247 1.254 0.4855 0.3263 0.187 0.1105 0.03076 0.02417 0.02422 0.01197 0.01155 0.04936
1.47 3.351 15.73 33.42 9.338 5.427 4.575 1.103 0.3991 0.6606 0.6648 0.2573 0.1729 0.09911 0.05854 0.0163 0.01281 0.01284 0.006341 0.03228
0.934 16.02 8.176 10.16 17.71 4.949 2.876 2.425 0.5844 0.2115 0.3501 0.3523 0.1363 0.09164 0.05252 0.03102 0.008637 0.006787 0.006803 0.02047
0.5019 10.18 39.1 5.281 5.384 9.386 2.622 1.524 1.285 0.3097 0.1121 0.1855 0.1867 0.07225 0.04856 0.02783 0.01644 0.004577 0.003597 0.01445
0.6183 5.471 24.84 25.25 2.799 2.853 4.974 1.39 0.8077 0.6809 0.1641 0.0594 0.09831 0.09893 0.03829 0.02574 0.01475 0.008712 0.002426 0.009564
0.4918 6.741 13.35 16.05 13.38 1.483 1.512 2.636 0.7365 0.428 0.3608 0.08697 0.03148 0.0521 0.05243 0.02029 0.01364 0.007817 0.004617 0.006354
0.5536 5.362 16.45 8.623 8.504 7.092 0.7859 0.8012 1.397 0.3903 0.2268 0.1912 0.04609 0.01668 0.02761 0.02778 0.01075 0.007228 0.004142 0.005814
0.5241 6.036 13.08 10.62 4.569 4.507 3.758 0.4165 0.4246 0.7403 0.2068 0.1202 0.1013 0.02443 0.00884 0.01463 0.01472 0.005698 0.00383 0.005276
0.5973 5.713 14.73 8.45 5.63 2.422 2.388 1.992 0.2207 0.225 0.3923 0.1096 0.0637 0.0537 0.01294 0.004685 0.007754 0.007803 0.00302 0.004826
1.082 6.512 13.94 9.512 4.478 2.984 1.283 1.266 1.056 0.117 0.1192 0.2079 0.05809 0.03376 0.02846 0.00686 0.002483 0.004109 0.004135 0.004158
0.4556 11.8 15.89 9.004 5.041 2.373 1.581 0.68 0.6707 0.5594 0.06199 0.06319 0.1102 0.03078 0.01789 0.01508 0.003635 0.001316 0.002178 0.004395
0.671 4.967 28.79 10.26 4.772 2.671 1.258 0.8379 0.3604 0.3554 0.2964 0.03285 0.03349 0.05838 0.01631 0.009481 0.007992 0.001926 0.0006972 0.003483
0.2594 7.315 12.12 18.59 5.439 2.529 1.416 0.6665 0.444 0.191 0.1884 0.1571 0.01741 0.01775 0.03094 0.008645 0.005024 0.004235 0.001021 0.002215
0.6212 2.828 17.85 7.828 9.853 2.882 1.34 0.7502 0.3532 0.2353 0.1012 0.09982 0.08325 0.009225 0.009404 0.0164 0.004581 0.002663 0.002245 0.001715
0.7672 6.773 6.9 11.53 4.148 5.222 1.527 0.7101 0.3976 0.1872 0.1247 0.05363 0.0529 0.04412 0.004889 0.004984 0.008689 0.002428 0.001411 0.002098
0.6802 8.364 16.53 4.457 6.109 2.198 2.767 0.8094 0.3763 0.2107 0.09919 0.06608 0.02842 0.02803 0.02338 0.002591 0.002641 0.004605 0.001287 0.00186
0.236 7.416 20.41 10.67 2.362 3.238 1.165 1.466 0.429 0.1994 0.1117 0.05256 0.03502 0.01506 0.01486 0.01239 0.001373 0.0014 0.00244 0.001667
0.4642 2.573 18.09 13.18 5.656 1.252 1.716 0.6174 0.7771 0.2273 0.1057 0.05917 0.02786 0.01856 0.007982 0.007873 0.006566 0.0007276 0.0007417 0.002177
0.5591 5.061 6.279 11.69 6.985 2.998 0.6633 0.9092 0.3272 0.4118 0.1205 0.05601 0.03136 0.01476 0.009835 0.00423 0.004172 0.003479 0.0003856 0.001547
0.3139 6.095 12.35 4.055 6.194 3.702 1.589 0.3515 0.4818 0.1734 0.2182 0.06384 0.02968 0.01662 0.007823 0.005212 0.002242 0.002211 0.001844 0.001024
0.1011 3.341 14.55 7.805 2.103 3.212 1.92 0.8238 0.1823 0.2499 0.08991 0.1132 0.03311 0.01539 0.008617 0.004057 0.002703 0.001163 0.001147 0.001487
0.3199 1.076 7.996 9.246 4.073 1.097 1.676 1.002 0.4299 0.09512 0.1304 0.04692 0.05906 0.01728 0.008032 0.004497 0.002117 0.00141 0.0006066 0.001374
0.3391 3.405 2.582 5.111 4.855 2.139 0.5762 0.8801 0.526 0.2257 0.04995 0.06846 0.02464 0.03101 0.009071 0.004217 0.002361 0.001112 0.0007406 0.00104
0.1704 3.609 8.193 1.66 2.7 2.565 1.13 0.3044 0.465 0.2779 0.1193 0.02639 0.03617 0.01302 0.01638 0.004793 0.002228 0.001247 0.0005873 0.0009409
0.2083 1.814 8.707 5.295 0.8822 1.435 1.363 0.6006 0.1618 0.2472 0.1477 0.06339 0.01403 0.01923 0.006919 0.008709 0.002548 0.001184 0.0006631 0.0008123
0.3167 2.217 4.387 5.658 2.832 0.4718 0.7677 0.7292 0.3212 0.08656 0.1322 0.07901 0.0339 0.007503 0.01028 0.0037 0.004658 0.001363 0.0006335 0.0007891
0.09796 3.371 5.375 2.866 3.045 1.524 0.2539 0.4131 0.3924 0.1729 0.04657 0.07113 0.04251 0.01824 0.004037 0.005534 0.001991 0.002506 0.0007332 0.0007655
0.1458 1.042 8.194 3.531 1.551 1.648 0.8249 0.1374 0.2236 0.2124 0.09357 0.02521 0.0385 0.02301 0.009875 0.002185 0.002995 0.001078 0.001357 0.0008112
0.0994 1.551 2.541 5.412 1.923 0.8448 0.8975 0.4492 0.07484 0.1218 0.1157 0.05095 0.01373 0.02097 0.01253 0.005377 0.00119 0.001631 0.0005869 0.001181
0.2484 1.057 3.79 1.687 2.964 1.053 0.4628 0.4916 0.246 0.04099 0.0667 0.06335 0.02791 0.00752 0.01148 0.006864 0.002946 0.0006518 0.0008935 0.0009682
0.1723 2.641 2.589 2.529 0.9293 1.633 0.5803 0.255 0.2708 0.1356 0.02259 0.03675 0.0349 0.01538 0.004143 0.006328 0.003782 0.001623 0.0003591 0.001026
0.08518 1.832 6.483 1.737 1.402 0.515 0.905 0.3216 0.1413 0.1501 0.07512 0.01252 0.02036 0.01934 0.008521 0.002296 0.003506 0.002096 0.0008993 0.0007674
0.06393 0.905 4.506 4.371 0.9679 0.7811 0.287 0.5044 0.1792 0.07874 0.08364 0.04186 0.006975 0.01135 0.01078 0.004748 0.001279 0.001954 0.001168 0.0009288
0.05048 0.6788 2.231 3.053 2.449 0.5424 0.4377 0.1608 0.2826 0.1004 0.04412 0.04687 0.02346 0.003909 0.006359 0.006041 0.002661 0.000717 0.001095 0.001175
0.1161 0.5356 1.677 1.519 1.72 1.38 0.3056 0.2466 0.09063 0.1593 0.05659 0.02486 0.02641 0.01322 0.002202 0.003584 0.003404 0.0015 0.000404 0.001279
0.1401 1.231 1.326 1.147 0.8606 0.9746 0.7819 0.1732 0.1397 0.05134 0.09023 0.03206 0.01409 0.01496 0.007489 0.001248 0.00203 0.001928 0.0008495 0.0009536
0.08682 1.485 3.053 0.9111 0.6534 0.4901 0.5551 0.4453 0.09861 0.07958 0.02924 0.05139 0.01826 0.008022 0.008522 0.004265 0.0007106 0.001156 0.001098 0.001027
0.09921 0.9188 3.687 2.108 0.5216 0.374 0.2806 0.3177 0.2549 0.05645 0.04556 0.01674 0.02942 0.01045 0.004592 0.004878 0.002442 0.0004068 0.0006619 0.001217
0.07362 1.049 2.285 2.557 1.213 0.3001 0.2152 0.1614 0.1828 0.1467 0.03248 0.02621 0.00963 0.01692 0.006013 0.002642 0.002806 0.001405 0.000234 0.001081
