Originally  
101 
A 
2	100	
1	1	NA	NA	
1	20	
1 525.2 277.2 175.1 87.54 102.1 145.9 14.59 14.59 58.36 29.18 14.59 14.59 0 0 0 0 0 0 0 0
1 670.8 447.2 223.6 203.3 101.6 162.6 60.99 81.31 0 60.99 0 0 0 0 20.33 0 0 0 0 0
1 271.2 428.3 271.2 128.5 114.2 114.2 28.55 28.55 14.28 14.28 0 0 0 14.28 0 0 0 0 0 0
1 301.5 201 314 100.5 125.6 50.25 87.93 12.56 25.12 12.56 12.56 0 0 12.56 0 0 0 0 0 0
1 478 239 98.4 224.9 98.4 70.29 70.29 0 14.06 42.17 14.06 14.06 14.06 0 0 14.06 14.06 0 0 0
1 928.8 380 63.33 147.8 295.5 84.44 84.44 42.22 42.22 0 0 0 21.11 0 0 0 21.11 0 0 0
1 174.4 576.9 187.8 93.92 40.25 120.8 53.67 26.83 40.25 0 0 0 0 13.42 0 0 0 0 13.42 0
1 294.6 117.8 318.1 153.2 82.48 47.13 47.13 35.35 35.35 0 0 23.57 0 11.78 0 0 11.78 0 0 0
1 57.77 187.8 79.44 180.5 57.77 50.55 36.11 21.66 7.221 21.66 0 0 7.221 0 7.221 0 0 0 7.221 0
1 245.4 26.29 140.2 70.11 184 61.35 8.764 26.29 70.11 0 17.53 8.764 8.764 0 8.764 0 0 0 0 0
1 392.2 274.6 52.3 130.7 52.3 196.1 117.7 13.07 0 39.22 0 13.07 26.15 0 0 0 0 0 0 0
1 510 278.2 170 30.91 123.6 123.6 92.73 92.73 46.37 30.91 0 0 0 15.46 15.46 0 0 0 0 15.46
1 275.2 206.4 147.4 137.6 9.83 29.49 19.66 58.98 58.98 19.66 0 9.83 0 0 0 0 0 0 0 9.83
1 215.6 371.4 227.6 191.7 23.96 23.96 35.94 23.96 23.96 11.98 11.98 23.96 11.98 0 0 0 0 0 0 0
1 775.5 121.7 152.1 167.3 76.03 30.41 60.83 45.62 15.21 30.41 0 0 15.21 15.21 0 15.21 0 0 0 0
1 1609 283.9 70.98 236.6 70.98 47.32 23.66 23.66 0 0 0 0 0 0 0 0 0 0 0 0
1 245.8 1002 434.8 56.71 18.9 37.81 37.81 18.9 0 18.9 18.9 0 0 0 0 0 0 0 0 0
1 231.2 231.2 770.8 404.7 115.6 38.54 57.81 19.27 19.27 0 0 19.27 19.27 0 0 0 0 0 0 0
1 613.6 306.8 230.1 894.9 255.7 25.57 153.4 25.57 25.57 25.57 0 0 0 0 0 0 0 0 0 0
1 1183 550 192.5 192.5 357.5 137.5 27.5 82.5 27.5 0 0 0 0 0 0 0 0 0 0 0
1 185.6 657.9 202.4 135 50.61 337.4 67.48 16.87 0 16.87 0 16.87 0 0 0 0 0 0 0 0
1 257.6 85.85 400.7 228.9 85.85 42.93 100.2 128.8 14.31 28.62 0 28.62 28.62 0 0 0 0 0 0 0
1 203.5 58.14 48.45 368.2 116.3 9.69 19.38 67.83 38.76 9.69 0 0 0 0 0 0 19.38 0 9.69 0
1 420.9 285.1 81.46 40.73 122.2 149.3 54.31 27.15 81.46 54.31 27.15 13.58 0 0 0 0 0 0 0 0
1 1148 374.9 187.4 117.1 23.43 234.3 117.1 0 0 117.1 23.43 0 0 0 0 0 0 0 0 0
1 808.5 808.5 269.5 147 24.5 24.5 171.5 0 49 0 122.5 24.5 0 0 0 0 0 0 0 0
1 990.1 337.5 540.1 22.5 45.01 22.5 22.5 112.5 90.01 22.5 0 22.5 0 0 0 0 22.5 0 0 0
1 602.3 774.3 150.6 344.2 172.1 21.51 21.51 0 0 0 0 0 43.02 21.51 0 0 0 0 0 0
1 469.2 194.2 485.4 113.3 194.2 48.54 16.18 0 0 0 16.18 0 16.18 16.18 32.36 0 16.18 0 0 0
1 646.4 677.2 492.5 554 123.1 246.2 30.78 30.78 30.78 0 123.1 61.56 30.78 0 30.78 0 0 0 0 0
1 133.6 376.5 230.8 109.3 121.5 97.17 60.73 72.88 0 0 0 12.15 0 0 0 0 0 0 0 0
1 497.9 87.87 175.7 249 117.2 175.7 43.93 58.58 14.64 0 0 0 29.29 0 0 0 0 0 0 14.64
1 1060 140 120 180 200 0 160 0 40.01 20 40.01 0 0 20 20 0 0 0 0 0
1 86.28 949.1 258.8 51.77 103.5 120.8 0 69.03 0 34.51 17.26 0 0 17.26 0 17.26 0 0 0 0
1 291.2 41.6 568.6 166.4 0 69.34 83.21 27.74 69.34 27.74 41.6 0 0 0 0 0 0 0 0 0
1 407.2 179.2 114 390.9 244.3 0 114 97.72 0 32.57 32.57 16.29 0 0 0 0 0 0 0 0
1 423.2 183.4 197.5 70.53 211.6 197.5 28.21 0 28.21 0 56.42 0 14.11 0 0 0 0 0 0 0
1 475.6 292.7 164.6 128.1 73.18 420.8 54.88 0 54.88 91.47 18.29 0 18.29 36.59 0 0 0 0 0 0
1 423.9 309.4 126 45.83 34.37 11.46 114.6 45.83 0 22.92 0 0 0 0 11.46 0 0 0 0 0
1 448.7 483.3 379.7 120.8 69.04 17.26 51.78 69.04 34.52 0 17.26 0 0 17.26 0 0 0 0 0 17.26
1 1251 494.6 320 407.3 87.28 29.09 145.5 58.18 87.28 29.09 0 0 0 0 0 0 0 0 0 0
1 554.7 832.1 392.9 208 115.6 46.23 23.11 46.23 0 23.11 0 0 0 0 0 0 0 46.23 23.11 0
1 324 462.9 740.7 138.9 185.2 185.2 138.9 46.29 46.29 0 23.15 0 0 0 0 0 23.15 0 0 0
1 319.7 259.8 439.6 419.6 99.91 119.9 179.8 59.95 39.96 0 0 39.96 0 0 0 0 19.98 0 0 0
1 321.3 160.6 248.3 248.3 248.3 29.21 87.62 73.02 29.21 0 14.6 0 0 0 0 0 0 0 0 0
1 311.7 262.5 114.9 196.9 114.9 377.4 65.63 98.45 49.22 16.41 16.41 0 0 16.41 0 0 0 0 0 0
1 122.5 160.2 160.2 131.9 65.97 84.82 75.39 56.54 9.424 28.27 28.27 0 0 0 0 0 0 9.424 0 9.424
1 422.7 140.9 140.9 140.9 76.86 76.86 76.86 115.3 38.43 25.62 25.62 0 0 0 0 0 0 0 0 0
1 464.5 242.8 84.46 42.23 63.34 42.23 10.56 31.67 21.11 21.11 21.11 10.56 0 0 0 0 0 0 0 0
1 524.3 314.6 157.3 65.54 104.9 13.11 0 52.43 39.32 39.32 0 0 0 0 0 0 0 0 0 0
1 502.9 367 190.3 163.1 0 13.59 40.78 13.59 13.59 13.59 27.18 13.59 0 0 0 0 0 0 0 0
1 850.8 340.3 102.1 170.2 85.08 34.03 34.03 0 0 17.02 0 34.03 0 0 0 17.02 0 0 0 17.02
1 551.4 796.5 204.2 204.2 102.1 61.27 40.85 20.42 20.42 0 0 0 0 20.42 0 0 0 0 0 20.42
1 179.7 282.3 449.1 166.8 89.83 77 25.67 0 0 0 12.83 0 0 0 0 0 0 0 0 0
1 218.7 75.72 185.1 168.3 42.06 33.65 67.3 25.24 8.413 8.413 0 0 0 0 8.413 0 0 0 0 0
1 582.8 116.6 128.2 116.6 128.2 34.97 23.31 34.97 0 0 0 0 0 0 0 0 0 0 0 0
1 484.6 360.6 101.4 56.34 90.15 11.27 0 0 0 22.54 0 0 0 0 0 0 0 0 0 0
1 321.3 275.4 220.3 27.54 9.18 18.36 27.54 0 0 9.18 0 9.18 0 0 0 0 0 0 0 0
1 544.3 136.1 115.1 157 31.4 0 10.47 20.93 20.93 0 10.47 0 0 0 0 0 0 0 0 0
1 218.5 399 85.49 47.5 85.49 66.5 0 19 9.499 0 19 0 0 0 0 0 0 0 0 0
1 130.8 107.8 346.4 76.97 38.48 38.48 15.39 0 7.697 7.697 0 0 0 0 0 0 0 0 0 0
1 439.5 48.83 83.71 83.71 0 13.95 13.95 0 0 13.95 0 0 0 0 0 0 0 0 0 0
1 262.5 305 21.28 21.28 49.66 28.38 0 7.094 7.094 0 0 7.094 0 0 0 0 0 0 0 0
1 153.9 181.8 251.8 13.99 27.98 27.98 20.98 13.99 0 0 6.994 0 0 0 0 0 0 0 0 0
1 148.2 154.7 128.9 122.4 12.89 25.78 32.22 12.89 6.444 0 0 0 0 0 0 0 0 0 0 0
1 174.7 155.2 77.62 142.3 77.62 0 0 0 0 6.469 0 12.94 0 0 0 0 0 0 0 0
1 224.7 126 65.76 32.88 43.84 38.36 5.48 0 5.48 0 0 5.48 0 0 0 0 0 0 0 0
1 229.9 104.5 67.93 47.03 20.9 31.35 10.45 5.226 0 0 0 0 0 0 0 0 5.226 0 0 0
1 166.3 130.3 67.4 31.45 35.95 13.48 4.494 0 0 0 0 0 0 0 0 0 0 0 0 0
1 336.5 90.13 66.1 54.08 24.04 0 18.03 0 6.009 0 0 6.009 0 0 0 0 0 0 0 0
1 164.6 243.9 97.57 67.08 18.29 12.2 0 0 0 6.098 0 0 0 0 0 0 0 0 0 0
1 256.4 111.8 177.5 39.45 19.72 19.72 13.15 6.575 13.15 0 0 0 0 0 0 0 0 0 0 0
1 117.6 166.6 78.4 63.7 24.5 14.7 19.6 0 4.9 0 0 0 0 0 0 0 0 0 0 0
1 198.7 72.71 92.1 29.08 48.47 19.39 14.54 0 9.695 0 0 0 0 0 0 0 0 0 0 0
1 238.7 143.2 26.52 84.88 5.305 21.22 5.305 5.305 0 0 0 0 0 0 0 0 0 0 0 0
1 198.8 279.8 110.5 44.18 44.18 22.09 22.09 14.73 0 0 0 0 0 0 0 0 0 0 0 0
1 84.91 117.9 136.8 56.6 18.87 28.3 4.717 9.434 4.717 0 4.717 0 0 4.717 0 0 0 0 0 0
1 185.5 64.92 88.11 74.2 23.19 4.637 4.637 4.637 9.275 0 4.637 0 0 0 0 0 0 0 0 0
1 208.5 121.2 29.09 53.33 53.33 19.39 0 0 0 0 0 0 0 0 0 0 0 0 0 0
1 82.99 53.35 50.39 23.71 44.46 32.61 5.928 0 0 0 2.964 0 0 0 0 0 0 0 0 0
1 43.12 68.48 71.01 35.51 7.609 7.609 7.609 5.072 0 2.536 0 5.072 0 0 0 0 0 0 0 0
1 86.55 32.46 64.91 40.57 24.34 0 10.82 5.409 2.705 0 2.705 0 0 0 0 0 0 0 0 0
1 104.5 73.64 7.126 23.75 16.63 7.126 2.375 2.375 0 0 0 0 0 0 0 0 0 0 0 0
1 67.23 80.16 59.47 7.757 20.69 12.93 5.172 0 0 0 2.586 0 2.586 0 0 0 0 0 0 0
1 82.88 44.8 51.52 15.68 4.48 6.72 11.2 2.24 2.24 2.24 0 0 0 0 0 0 0 0 0 0
1 108.5 42.88 37.84 27.75 15.14 5.045 0 7.568 0 0 5.045 2.523 0 0 0 0 0 0 0 0
1 23.55 87.46 23.55 6.728 11.77 10.09 0 3.364 1.682 0 0 0 0 0 0 0 0 0 0 0
1 59.68 34.98 63.79 24.69 10.29 8.232 4.116 0 0 0 0 0 0 0 0 0 0 0 0 0
1 34.9 41.54 21.6 44.87 11.63 6.647 3.323 0 0 0 0 0 0 0 1.662 0 0 0 0 0
1 109.1 45.66 35.52 20.3 30.44 12.68 0 0 0 0 0 0 0 0 0 0 0 0 0 0
1 56.59 61.59 16.65 8.323 4.994 8.323 3.329 0 3.329 1.665 0 1.665 0 0 0 0 0 0 0 0
1 37.15 38.7 47.99 10.84 7.74 4.644 3.096 1.548 1.548 1.548 0 0 0 0 0 0 0 0 0 0
1 35.17 30.15 33.5 46.89 8.374 5.024 1.675 5.024 1.675 0 0 0 0 0 0 0 0 0 0 0
1 44.99 20.17 23.27 29.48 26.38 4.655 4.655 0 0 0 0 0 1.552 0 0 0 0 0 0 0
1 50.72 16.51 14.15 5.898 12.97 14.15 0 2.359 0 1.18 0 0 0 0 0 0 0 0 0 0
1 65.81 27.32 12.42 2.483 2.483 8.692 1.242 2.483 0 0 1.242 0 0 0 0 0 0 0 0 0
1 47.63 55.84 32.85 8.212 4.927 0 6.57 1.642 0 1.642 0 3.285 0 0 1.642 0 0 0 0 0
1 32.71 23.79 23.79 9.913 1.983 1.983 1.983 1.983 0.9913 0 0 0 0 0 0 0 0 0 0 0
1 53.88 48.98 24.49 19.59 11.43 0 3.265 0 1.633 0 0 0 0 0 0 0 0 0 0 0
