 landings-at-age - landings.n (units : NA )
1	2	
2	100	
1	20	
1 
0.02659 0.2984 0.8352 0.6934 0.4839 0.3377 0.2357 0.1644 0.1148 0.08008 0.05589 0.039 0.02722 0.01899 0.01325 0.009249 0.006454 0.004504 0.003143 0.007259
0.004099 0.05216 0.1462 0.1214 0.08475 0.05914 0.04127 0.0288 0.0201 0.01403 0.009787 0.00683 0.004766 0.003326 0.002321 0.00162 0.00113 0.0007888 0.0005504 0.001271
0.004293 0.04603 0.1464 0.1219 0.08515 0.05942 0.04147 0.02894 0.02019 0.01409 0.009834 0.006862 0.004789 0.003342 0.002332 0.001627 0.001136 0.0007925 0.000553 0.001277
0.004216 0.04821 0.1291 0.122 0.08549 0.0597 0.04166 0.02907 0.02029 0.01416 0.00988 0.006895 0.004811 0.003358 0.002343 0.001635 0.001141 0.0007963 0.0005557 0.001283
0.00406 0.04734 0.1353 0.1077 0.08557 0.05994 0.04186 0.02921 0.02038 0.01423 0.009927 0.006927 0.004834 0.003374 0.002354 0.001643 0.001146 8e-04 0.0005583 0.001289
0.003801 0.04558 0.1328 0.1128 0.07551 0.06 0.04203 0.02935 0.02048 0.01429 0.009974 0.00696 0.004857 0.00339 0.002365 0.001651 0.001152 0.0008038 0.0005609 0.001295
0.003559 0.04267 0.1279 0.1108 0.07908 0.05294 0.04207 0.02947 0.02058 0.01436 0.01002 0.006993 0.00488 0.003406 0.002377 0.001658 0.001157 0.0008076 0.0005636 0.001302
0.003429 0.03997 0.1197 0.1067 0.07766 0.05545 0.03712 0.0295 0.02066 0.01443 0.01007 0.007026 0.004903 0.003422 0.002388 0.001666 0.001163 0.0008114 0.0005663 0.001308
0.003565 0.0385 0.1121 0.09985 0.07478 0.05445 0.03888 0.02603 0.02068 0.01449 0.01012 0.00706 0.004926 0.003438 0.002399 0.001674 0.001168 0.0008153 0.0005689 0.001314
0.003398 0.04003 0.108 0.09352 0.07001 0.05243 0.03818 0.02726 0.01825 0.0145 0.01016 0.007093 0.00495 0.003454 0.00241 0.001682 0.001174 0.0008191 0.0005716 0.00132
0.003673 0.03816 0.1123 0.09008 0.06557 0.04909 0.03676 0.02677 0.01911 0.01279 0.01017 0.007121 0.004973 0.003471 0.002422 0.00169 0.001179 0.000823 0.0005743 0.001326
0.003998 0.04124 0.1071 0.09367 0.06316 0.04597 0.03442 0.02578 0.01877 0.0134 0.008971 0.007128 0.004993 0.003487 0.002433 0.001698 0.001185 0.0008269 0.0005771 0.001333
0.004285 0.04489 0.1157 0.08928 0.06567 0.04428 0.03223 0.02413 0.01807 0.01316 0.009396 0.00629 0.004998 0.003501 0.002445 0.001706 0.001191 0.0008308 0.0005798 0.001339
0.003824 0.04812 0.126 0.0965 0.0626 0.04605 0.03105 0.0226 0.01692 0.01267 0.009227 0.006588 0.00441 0.003504 0.002455 0.001714 0.001196 0.0008348 0.0005825 0.001345
0.003839 0.04294 0.135 0.105 0.06766 0.04389 0.03229 0.02177 0.01585 0.01186 0.008885 0.006469 0.004619 0.003092 0.002457 0.001721 0.001202 0.0008387 0.0005853 0.001352
0.003431 0.04311 0.1205 0.1126 0.07365 0.04744 0.03077 0.02264 0.01526 0.01111 0.008318 0.006229 0.004536 0.003239 0.002168 0.001723 0.001207 0.0008427 0.0005881 0.001358
0.003417 0.03852 0.121 0.1005 0.07894 0.05164 0.03326 0.02158 0.01587 0.0107 0.00779 0.005832 0.004368 0.00318 0.002271 0.00152 0.001208 0.000846 0.0005908 0.001365
0.003765 0.03837 0.1081 0.1009 0.07045 0.05535 0.03621 0.02332 0.01513 0.01113 0.007504 0.005462 0.004089 0.003062 0.00223 0.001592 0.001066 0.0008469 0.0005932 0.001371
0.003823 0.04228 0.1077 0.09013 0.07072 0.04939 0.03881 0.02539 0.01635 0.01061 0.007803 0.005261 0.00383 0.002867 0.002147 0.001563 0.001116 0.0007473 0.0005938 0.001377
0.003714 0.04293 0.1186 0.08978 0.06319 0.04959 0.03463 0.02721 0.0178 0.01146 0.007437 0.005471 0.003689 0.002685 0.00201 0.001505 0.001096 0.0007827 0.000524 0.001382
0.003599 0.0417 0.1204 0.09892 0.06295 0.04431 0.03477 0.02428 0.01908 0.01248 0.008038 0.005214 0.003836 0.002586 0.001883 0.001409 0.001056 0.0007686 0.0005488 0.001336
0.003911 0.04041 0.117 0.1004 0.06936 0.04414 0.03107 0.02438 0.01703 0.01338 0.00875 0.005636 0.003656 0.002689 0.001813 0.00132 0.0009882 0.0007401 0.0005389 0.001322
0.004089 0.04392 0.1134 0.09757 0.07042 0.04863 0.03095 0.02178 0.01709 0.01194 0.009378 0.006135 0.003952 0.002563 0.001886 0.001271 0.0009255 0.0006928 0.0005189 0.001305
0.003984 0.04592 0.1232 0.09455 0.06841 0.04938 0.0341 0.0217 0.01527 0.01198 0.00837 0.006575 0.004302 0.002771 0.001797 0.001322 0.0008915 0.0006489 0.0004858 0.001278
0.00419 0.04473 0.1288 0.1028 0.0663 0.04796 0.03462 0.02391 0.01521 0.01071 0.008402 0.005868 0.00461 0.003016 0.001943 0.00126 0.000927 0.000625 0.000455 0.001237
0.004044 0.04705 0.1255 0.1074 0.07205 0.04648 0.03363 0.02427 0.01676 0.01067 0.007508 0.005891 0.004115 0.003233 0.002115 0.001362 0.0008836 0.00065 0.0004382 0.001186
0.004196 0.0454 0.132 0.1047 0.07533 0.05052 0.03259 0.02358 0.01702 0.01175 0.007479 0.005264 0.004131 0.002885 0.002266 0.001483 0.000955 0.0006195 0.0004557 0.001139
0.004548 0.04711 0.1274 0.1101 0.07338 0.05282 0.03542 0.02285 0.01653 0.01193 0.00824 0.005244 0.003691 0.002896 0.002023 0.001589 0.00104 0.0006696 0.0004344 0.001118
0.004599 0.05107 0.1322 0.1062 0.07719 0.05145 0.03703 0.02483 0.01602 0.01159 0.008367 0.005778 0.003677 0.002588 0.002031 0.001418 0.001114 0.0007289 0.0004695 0.001089
0.004415 0.05164 0.1433 0.1102 0.07449 0.05412 0.03607 0.02596 0.01741 0.01123 0.008127 0.005866 0.004051 0.002578 0.001814 0.001424 0.0009944 0.0007812 0.0005111 0.001092
0.00439 0.04958 0.1449 0.1195 0.07729 0.05223 0.03795 0.02529 0.0182 0.01221 0.007876 0.005698 0.004113 0.00284 0.001807 0.001272 0.0009983 0.0006972 0.0005477 0.001124
0.004617 0.04929 0.1391 0.1208 0.08378 0.05419 0.03662 0.02661 0.01773 0.01276 0.00856 0.005522 0.003995 0.002884 0.001991 0.001267 0.000892 0.0006999 0.0004888 0.001172
0.004825 0.05184 0.1383 0.116 0.08472 0.05874 0.038 0.02567 0.01866 0.01243 0.008949 0.006002 0.003872 0.002801 0.002022 0.001396 0.0008885 0.0006254 0.0004907 0.001165
0.00462 0.05418 0.1455 0.1153 0.08133 0.0594 0.04119 0.02664 0.018 0.01308 0.008718 0.006275 0.004208 0.002715 0.001964 0.001418 0.000979 0.000623 0.0004385 0.001161
0.004829 0.05187 0.152 0.1213 0.08086 0.05703 0.04165 0.02888 0.01868 0.01262 0.009171 0.006113 0.0044 0.00295 0.001903 0.001377 0.000994 0.0006864 0.0004368 0.001121
0.004515 0.05422 0.1456 0.1268 0.08505 0.0567 0.03998 0.0292 0.02025 0.0131 0.00885 0.00643 0.004286 0.003085 0.002069 0.001335 0.0009656 0.0006969 0.0004813 0.001092
0.004413 0.05069 0.1521 0.1214 0.08888 0.05963 0.03975 0.02803 0.02047 0.0142 0.009183 0.006205 0.004508 0.003005 0.002163 0.00145 0.0009358 0.000677 0.0004887 0.001103
0.004602 0.04955 0.1422 0.1269 0.0851 0.06232 0.04181 0.02787 0.01966 0.01435 0.009954 0.006439 0.004351 0.003161 0.002107 0.001516 0.001017 0.0006561 0.0004747 0.001116
0.004492 0.05167 0.139 0.1186 0.08895 0.05967 0.0437 0.02931 0.01954 0.01378 0.01006 0.006979 0.004514 0.00305 0.002216 0.001477 0.001063 0.000713 0.00046 0.001115
0.004068 0.05043 0.145 0.1159 0.08316 0.06237 0.04184 0.03064 0.02055 0.0137 0.009663 0.007057 0.004893 0.003165 0.002139 0.001554 0.001036 0.0007455 0.0004999 0.001105
0.004358 0.04567 0.1415 0.1209 0.0813 0.05831 0.04373 0.02933 0.02148 0.01441 0.009607 0.006775 0.004948 0.003431 0.002219 0.0015 0.00109 0.0007262 0.0005227 0.001125
4.702e-08 5.601e-07 1.467e-06 1.351e-06 9.707e-07 6.527e-07 4.681e-07 3.511e-07 2.355e-07 1.725e-07 1.157e-07 7.713e-08 5.44e-08 3.972e-08 2.755e-08 1.782e-08 1.204e-08 8.748e-09 5.831e-09 1.323e-08
0.05786 0.6812 2.02 1.571 1.217 0.8741 0.5877 0.4215 0.3161 0.2121 0.1553 0.1042 0.06946 0.04898 0.03577 0.0248 0.01604 0.01084 0.007877 0.01716
0.1156 1.296 3.774 3.303 2.158 1.671 1.201 0.8073 0.579 0.4342 0.2913 0.2133 0.1431 0.0954 0.06728 0.04913 0.03407 0.02204 0.01489 0.03439
0.1698 1.938 5.344 4.567 3.353 2.191 1.696 1.219 0.8194 0.5877 0.4408 0.2957 0.2165 0.1453 0.09684 0.06829 0.04987 0.03458 0.02237 0.05003
0.2249 2.526 7.052 5.671 4.06 2.981 1.948 1.508 1.083 0.7285 0.5225 0.3919 0.2629 0.1925 0.1291 0.08609 0.06071 0.04434 0.03075 0.06436
0.2928 3.133 8.555 6.922 4.657 3.334 2.448 1.6 1.239 0.8898 0.5983 0.4291 0.3218 0.2159 0.1581 0.1061 0.0707 0.04986 0.03641 0.07811
0.3315 3.909 10.11 7.953 5.377 3.618 2.59 1.902 1.243 0.9622 0.6912 0.4648 0.3333 0.25 0.1677 0.1228 0.08239 0.05492 0.03873 0.08896
0.3863 4.296 12.17 9.016 5.919 4.002 2.693 1.928 1.415 0.9247 0.7161 0.5144 0.3459 0.2481 0.186 0.1248 0.09139 0.06131 0.04087 0.09503
0.4584 4.897 13.01 10.49 6.476 4.252 2.875 1.934 1.385 1.017 0.6643 0.5144 0.3695 0.2485 0.1782 0.1336 0.08965 0.06565 0.04404 0.09762
0.4903 5.71 14.49 10.89 7.308 4.512 2.962 2.003 1.348 0.9648 0.7083 0.4628 0.3584 0.2575 0.1731 0.1242 0.09311 0.06246 0.04574 0.0987
0.5895 6.024 16.56 11.82 7.382 4.955 3.059 2.008 1.358 0.9137 0.6542 0.4803 0.3138 0.243 0.1746 0.1174 0.08418 0.06313 0.04235 0.09794
0.6286 7.159 17.17 13.2 7.816 4.883 3.278 2.024 1.328 0.8982 0.6043 0.4327 0.3177 0.2076 0.1607 0.1155 0.07763 0.05568 0.04176 0.09279
0.7028 7.558 20.09 13.38 8.528 5.052 3.156 2.118 1.308 0.8586 0.5805 0.3906 0.2796 0.2053 0.1341 0.1039 0.07462 0.05018 0.03599 0.08696
0.8023 8.379 20.91 15.34 8.465 5.394 3.195 1.996 1.34 0.8271 0.543 0.3671 0.247 0.1769 0.1298 0.08484 0.0657 0.0472 0.03173 0.07776
0.91 9.494 22.87 15.66 9.504 5.244 3.341 1.979 1.236 0.83 0.5124 0.3364 0.2274 0.153 0.1096 0.08044 0.05256 0.0407 0.02924 0.06783
0.9927 10.7 25.6 16.82 9.511 5.771 3.184 2.029 1.202 0.7509 0.504 0.3112 0.2043 0.1381 0.09293 0.06653 0.04885 0.03192 0.02471 0.05895
1.041 11.6 28.5 18.49 10.02 5.666 3.438 1.897 1.209 0.716 0.4473 0.3003 0.1854 0.1217 0.08228 0.05536 0.03964 0.0291 0.01901 0.04984
1.171 12.1 30.56 20.23 10.81 5.858 3.313 2.01 1.109 0.7068 0.4186 0.2615 0.1756 0.1084 0.07115 0.04811 0.03237 0.02317 0.01701 0.04026
1.255 13.53 31.55 21.33 11.61 6.206 3.363 1.902 1.154 0.6368 0.4058 0.2403 0.1502 0.1008 0.06223 0.04085 0.02762 0.01858 0.01331 0.03288
1.386 14.44 34.92 21.66 12.03 6.55 3.5 1.897 1.073 0.6509 0.3591 0.2288 0.1355 0.08468 0.05684 0.03509 0.02304 0.01558 0.01048 0.02605
1.333 15.11 35.24 22.55 11.48 6.375 3.471 1.855 1.005 0.5684 0.3449 0.1903 0.1213 0.07183 0.04488 0.03012 0.0186 0.01221 0.008255 0.01936
1.334 14.54 36.86 22.76 11.95 6.082 3.378 1.84 0.9829 0.5327 0.3012 0.1828 0.1009 0.06427 0.03807 0.02378 0.01596 0.009856 0.00647 0.01463
1.283 14.54 35.47 23.81 12.06 6.334 3.223 1.79 0.9748 0.5209 0.2823 0.1596 0.09687 0.05345 0.03406 0.02017 0.0126 0.00846 0.005223 0.01118
1.232 13.99 35.49 22.91 12.62 6.393 3.356 1.708 0.9487 0.5166 0.276 0.1496 0.0846 0.05134 0.02832 0.01805 0.01069 0.006679 0.004483 0.008695
1.246 13.43 34.14 22.92 12.14 6.687 3.388 1.779 0.9051 0.5027 0.2738 0.1463 0.07927 0.04483 0.0272 0.01501 0.009565 0.005665 0.003539 0.006984
1.278 13.58 32.76 22.05 12.15 6.434 3.544 1.795 0.9426 0.4797 0.2664 0.1451 0.07752 0.04201 0.02376 0.01442 0.007955 0.005069 0.003002 0.005577
1.304 13.93 33.14 21.16 11.69 6.437 3.41 1.878 0.9514 0.4995 0.2542 0.1412 0.07688 0.04108 0.02226 0.01259 0.00764 0.004215 0.002686 0.004546
1.364 14.21 33.98 21.4 11.21 6.193 3.411 1.807 0.9952 0.5042 0.2647 0.1347 0.07482 0.04074 0.02177 0.0118 0.006672 0.004049 0.002234 0.003833
1.293 14.87 34.68 21.95 11.34 5.943 3.282 1.808 0.9575 0.5274 0.2672 0.1403 0.07138 0.03965 0.02159 0.01154 0.006252 0.003536 0.002146 0.003215
1.283 14.1 36.29 22.4 11.63 6.011 3.149 1.739 0.9581 0.5074 0.2795 0.1416 0.07434 0.03783 0.02101 0.01144 0.006114 0.003313 0.001874 0.002841
1.317 13.99 34.4 23.44 11.87 6.165 3.186 1.669 0.9216 0.5077 0.2689 0.1481 0.07504 0.0394 0.02005 0.01114 0.006064 0.00324 0.001756 0.002499
1.353 14.36 34.14 22.22 12.42 6.29 3.267 1.688 0.8845 0.4884 0.2691 0.1425 0.07849 0.03977 0.02088 0.01062 0.005901 0.003213 0.001717 0.002255
1.34 14.75 35.05 22.05 11.78 6.584 3.333 1.731 0.8946 0.4687 0.2588 0.1426 0.07552 0.04159 0.02107 0.01106 0.00563 0.003127 0.001703 0.002105
1.336 14.61 36 22.64 11.68 6.24 3.489 1.767 0.9175 0.4741 0.2484 0.1372 0.07556 0.04002 0.02204 0.01117 0.005863 0.002984 0.001657 0.002018
1.319 14.57 35.64 23.25 12 6.192 3.307 1.849 0.9361 0.4862 0.2512 0.1316 0.07269 0.04004 0.02121 0.01168 0.005918 0.003107 0.001581 0.001948
1.238 14.38 35.54 23.02 12.32 6.357 3.281 1.752 0.9798 0.4961 0.2577 0.1331 0.06976 0.03852 0.02122 0.01124 0.00619 0.003136 0.001647 0.00187
1.283 13.5 35.08 22.96 12.2 6.53 3.369 1.739 0.9287 0.5192 0.2629 0.1365 0.07056 0.03697 0.02041 0.01125 0.005956 0.003281 0.001662 0.001864
1.31 13.99 32.94 22.66 12.17 6.465 3.46 1.785 0.9215 0.4921 0.2752 0.1393 0.07236 0.03739 0.01959 0.01082 0.005959 0.003156 0.001739 0.001868
1.259 14.28 34.13 21.28 12.01 6.447 3.426 1.834 0.9461 0.4884 0.2608 0.1458 0.07383 0.03835 0.01982 0.01038 0.005733 0.003158 0.001673 0.001911
1.27 13.4 34.08 21.57 11.03 6.227 3.343 1.777 0.9509 0.4906 0.2533 0.1352 0.07562 0.03829 0.01989 0.01028 0.005384 0.002973 0.001638 0.001859
1.216 13.51 32.07 21.66 11.26 5.758 3.249 1.745 0.9271 0.4962 0.256 0.1322 0.07058 0.03946 0.01998 0.01038 0.005362 0.002809 0.001551 0.001825
1.216 12.94 32.43 20.5 11.37 5.91 3.023 1.706 0.9161 0.4868 0.2606 0.1344 0.06939 0.03706 0.02072 0.01049 0.005449 0.002816 0.001475 0.001773
1.221 12.95 31.14 20.84 10.83 6.009 3.123 1.597 0.9014 0.484 0.2572 0.1377 0.07102 0.03666 0.01958 0.01095 0.005543 0.002879 0.001488 0.001716
1.321 13 31.23 20.13 11.08 5.758 3.194 1.66 0.8491 0.4792 0.2573 0.1367 0.07318 0.03776 0.01949 0.01041 0.005819 0.002946 0.00153 0.001703
1.352 14.06 31.44 20.3 10.77 5.926 3.08 1.708 0.8877 0.4541 0.2563 0.1376 0.07312 0.03914 0.02019 0.01042 0.005566 0.003112 0.001576 0.001729
1.339 14.39 34.09 20.54 10.92 5.793 3.189 1.657 0.9192 0.4777 0.2443 0.1379 0.07404 0.03934 0.02106 0.01087 0.005608 0.002995 0.001675 0.001778
1.32 14.25 34.99 22.4 11.12 5.912 3.136 1.726 0.897 0.4976 0.2586 0.1323 0.07464 0.04008 0.0213 0.0114 0.005882 0.003036 0.001621 0.001869
1.315 14.04 34.72 23.11 12.2 6.054 3.219 1.707 0.9399 0.4884 0.271 0.1408 0.07202 0.04065 0.02182 0.0116 0.006208 0.003203 0.001653 0.001901
1.322 13.99 34.31 23.05 12.66 6.68 3.316 1.763 0.9353 0.5149 0.2675 0.1484 0.07713 0.03945 0.02226 0.01195 0.006353 0.0034 0.001754 0.001947
1.28 14.05 34.25 22.9 12.7 6.974 3.681 1.827 0.9716 0.5153 0.2837 0.1474 0.08177 0.04249 0.02174 0.01227 0.006587 0.0035 0.001873 0.002039
1.108 13.61 34.49 22.98 12.69 7.038 3.864 2.04 1.012 0.5384 0.2855 0.1572 0.08168 0.04531 0.02355 0.01204 0.006797 0.00365 0.001939 0.002168
1.039 11.77 33.47 23.26 12.8 7.071 3.922 2.154 1.137 0.5642 0.3 0.1591 0.0876 0.04552 0.02525 0.01312 0.006712 0.003788 0.002034 0.002289
1.092 11.04 29 22.68 13.03 7.176 3.963 2.198 1.207 0.637 0.3162 0.1681 0.08918 0.04909 0.02551 0.01415 0.007354 0.003762 0.002123 0.002423
0.9758 11.58 27.26 19.75 12.78 7.344 4.044 2.233 1.239 0.68 0.3589 0.1782 0.09475 0.05025 0.02766 0.01437 0.007974 0.004144 0.00212 0.002561
0.8862 10.35 28.67 18.65 11.19 7.24 4.161 2.291 1.265 0.7017 0.3853 0.2033 0.1009 0.05368 0.02847 0.01567 0.008144 0.004518 0.002348 0.002652
0.9041 9.388 25.65 19.7 10.62 6.372 4.123 2.37 1.305 0.7204 0.3996 0.2194 0.1158 0.05749 0.03057 0.01621 0.008925 0.004638 0.002573 0.002847
0.8911 9.568 23.31 17.71 11.28 6.08 3.648 2.36 1.356 0.7468 0.4124 0.2288 0.1256 0.06629 0.03291 0.0175 0.009282 0.005109 0.002655 0.003103
0.9104 9.419 23.8 16.17 10.19 6.489 3.498 2.099 1.358 0.7803 0.4297 0.2373 0.1316 0.07226 0.03814 0.01893 0.01007 0.00534 0.002939 0.003313
