Originally  
101 
A 
2	100	
1	1	NA	NA	
1	20	
1 558.9 378.1 147.9 180.8 131.5 82.19 49.32 65.75 16.44 0 32.88 0 0 0 0 0 0 0 0 0
1 244.1 472 260.4 211.6 130.2 48.82 65.1 81.37 32.55 0 16.27 16.27 0 16.27 16.27 16.27 0 0 0 0
1 756 235.2 184.8 235.2 50.4 67.2 50.4 0 33.6 33.6 16.8 16.8 0 0 0 0 0 0 0 0
1 755.5 666.6 222.2 88.88 222.2 155.5 0 0 22.22 0 22.22 22.22 22.22 0 22.22 0 0 0 0 0
1 905.3 379 294.7 84.21 189.5 84.21 105.3 42.11 21.05 0 0 0 0 0 0 0 0 0 0 0
1 504.9 834.2 395.1 175.6 43.9 65.86 0 65.86 21.95 21.95 21.95 21.95 0 0 0 0 21.95 0 0 0
1 460.5 257.9 571 184.2 165.8 18.42 55.26 18.42 18.42 0 36.84 18.42 36.84 0 0 0 0 0 0 0
1 809.8 436 186.9 456.8 62.29 62.29 20.76 0 0 0 0 0 0 20.76 20.76 0 0 0 0 0
1 426.8 576.1 320.1 170.7 320.1 42.68 106.7 64.01 0 21.34 21.34 0 0 0 21.34 0 0 21.34 21.34 0
1 726.5 286.2 506.3 176.1 132.1 220.1 44.03 0 22.01 66.04 0 22.01 0 0 0 0 0 0 0 0
1 1786 283.5 198.5 226.8 85.06 85.06 113.4 56.71 0 0 0 0 0 0 0 0 0 0 0 0
1 151 1691 603.8 120.8 241.5 30.19 30.19 0 120.8 0 0 0 0 0 0 0 0 0 0 30.19
1 1045 152.9 815.3 101.9 203.8 50.96 25.48 50.96 76.44 0 0 25.48 0 0 0 0 0 0 0 0
1 211.8 656.5 84.7 720 148.2 84.7 84.7 63.53 0 0 21.18 21.18 0 0 21.18 0 0 0 0 0
1 1896 113.7 872.1 75.83 492.9 113.7 0 75.83 0 37.92 37.92 37.92 0 0 37.92 0 0 0 0 0
1 354.6 634.6 168 224 37.33 317.3 74.66 18.66 0 0 18.66 0 18.66 0 0 0 0 0 0 0
1 124 232.6 480.6 108.5 93.03 0 372.1 46.51 46.51 0 15.5 0 15.5 0 0 0 0 0 0 15.5
1 469.3 134.1 201.1 435.8 16.76 83.8 0 117.3 100.6 16.76 16.76 16.76 16.76 0 16.76 0 16.76 16.76 0 0
1 103.9 160.6 47.23 179.5 188.9 28.34 47.23 28.34 85.01 18.89 18.89 28.34 0 0 9.446 0 0 0 0 0
1 726.2 54.81 178.1 27.4 137 95.92 13.7 68.51 13.7 41.11 0 0 13.7 0 0 0 0 0 0 0
1 188.5 502.7 87.97 100.5 25.13 50.27 150.8 12.57 12.57 0 75.4 12.57 0 0 25.13 0 12.57 0 0 0
1 664.7 192 221.6 147.7 44.31 0 14.77 118.2 0 0 0 14.77 14.77 0 0 14.77 14.77 0 0 14.77
1 1103 431.7 119.9 431.7 95.94 0 23.98 23.98 71.95 0 47.97 23.98 23.98 0 0 0 0 0 0 0
1 2059 561.5 598.9 149.7 187.2 0 0 37.43 37.43 112.3 0 0 0 0 0 0 0 0 0 0
1 735.7 1618 441.4 551.8 73.57 110.4 0 36.78 0 0 36.78 0 73.57 0 0 0 0 0 0 0
1 867.6 340.9 774.7 402.8 309.9 92.96 61.97 30.99 30.99 0 92.96 30.99 0 0 0 61.97 0 0 0 0
1 571.1 380.7 214.2 713.9 95.19 190.4 23.8 119 0 0 23.8 0 0 23.8 23.8 0 0 0 0 0
1 628.8 314.4 251.5 83.84 356.3 188.6 104.8 20.96 104.8 20.96 0 0 0 20.96 0 0 0 0 0 0
1 476.3 384.7 164.9 201.5 109.9 219.8 73.27 91.59 18.32 36.64 18.32 36.64 0 0 0 0 0 0 0 0
1 387.5 264.2 211.4 176.1 211.4 105.7 211.4 88.07 88.07 0 17.61 0 0 0 0 0 0 0 0 0
1 354.8 417.4 250.4 229.6 104.3 229.6 104.3 187.8 62.61 20.87 41.74 41.74 0 0 0 0 20.87 20.87 0 0
1 2211 195.1 227.6 97.53 195.1 32.51 130 65.02 32.51 0 0 0 0 0 0 0 32.51 0 0 32.51
1 390.3 1509 156.1 26.02 156.1 78.06 52.04 78.06 26.02 78.06 0 0 0 0 0 26.02 0 0 26.02 0
1 353.1 220.7 1015 66.21 176.6 44.14 132.4 66.21 22.07 44.14 0 22.07 44.14 0 0 0 0 0 0 0
1 1175 167.8 251.7 811.2 27.97 111.9 111.9 55.94 0 27.97 27.97 0 0 27.97 0 0 0 0 0 0
1 199.9 699.7 79.96 219.9 499.8 59.97 39.98 79.96 19.99 19.99 59.97 0 0 19.99 0 0 0 0 0 0
1 217.4 163.1 507.3 144.9 72.47 434.8 18.12 108.7 54.36 36.24 0 18.12 18.12 18.12 0 0 0 0 0 0
1 290.1 174 130.5 420.6 101.5 116 159.5 0 14.5 14.5 14.5 0 0 14.5 0 0 0 0 0 0
1 725.8 127 163.3 127 235.9 36.29 54.44 290.3 18.15 18.15 0 0 0 18.15 0 0 0 0 0 0
1 444.7 656.4 190.6 84.7 42.35 190.6 63.52 42.35 296.4 42.35 0 21.17 0 0 21.17 0 0 21.17 0 0
1 75.3 414.2 288.7 75.3 87.86 25.1 75.3 12.55 25.1 100.4 0 12.55 12.55 25.1 12.55 0 12.55 0 0 0
1 218.9 109.4 279.7 279.7 72.96 24.32 12.16 97.27 12.16 36.48 60.8 0 0 0 12.16 0 0 0 0 0
1 617 112.2 70.12 224.4 140.2 28.05 70.12 56.09 14.02 28.05 0 14.02 0 0 14.02 0 0 14.02 0 0
1 631.2 284.6 86.63 12.38 86.63 61.88 0 12.38 0 24.75 0 24.75 12.38 0 0 0 0 0 0 0
1 350.9 494.4 319 47.85 15.95 143.5 47.85 31.9 0 0 79.75 0 0 63.8 0 0 0 0 0 0
1 865.4 236 393.4 177 39.34 0 59 118 0 19.67 0 0 0 0 39.34 0 19.67 0 0 0
1 421.7 583.9 81.1 308.2 97.32 0 32.44 16.22 32.44 0 16.22 0 32.44 0 0 0 0 0 0 0
1 219 276.6 368.8 34.57 126.8 23.05 11.52 11.52 23.05 46.1 11.52 0 0 0 0 0 0 0 0 0
1 413.9 264.9 347.6 165.5 66.22 165.5 33.11 49.66 16.55 16.55 49.66 16.55 0 0 16.55 0 0 33.11 0 0
1 428.4 364.9 190.4 174.5 222.1 31.73 63.46 47.6 0 0 47.6 15.87 0 0 0 0 0 0 0 0
1 669.6 223.2 209.2 97.65 69.75 55.8 0 41.85 0 13.95 13.95 0 0 0 0 0 0 0 0 0
1 1249 350.7 197.3 197.3 43.84 65.76 43.84 0 0 21.92 0 0 0 0 0 21.92 0 0 0 0
1 871.5 1012 449.8 112.4 112.4 56.22 84.33 84.33 0 0 28.11 0 0 0 0 0 0 0 0 0
1 193 750.7 664.9 278.8 64.35 85.8 42.9 21.45 21.45 0 21.45 0 0 0 0 0 0 0 0 0
1 598.2 90.64 507.6 290 126.9 36.26 90.64 18.13 18.13 0 0 0 0 0 0 0 18.13 0 18.13 0
1 354 472 50.57 185.4 354 219.1 0 50.57 0 0 0 0 0 0 0 0 0 0 0 0
1 727.4 294.9 373.5 98.3 78.64 255.6 58.98 19.66 39.32 0 0 0 0 0 0 0 0 0 0 19.66
1 1190 396.6 125.2 187.8 20.87 0 83.49 41.74 20.87 0 0 0 20.87 0 0 0 0 0 0 0
1 377.5 1085 377.5 70.78 212.4 47.19 47.19 47.19 94.38 0 0 0 0 0 0 0 0 0 0 0
1 323.4 231 615.9 107.8 92.39 61.59 15.4 30.8 30.8 15.4 0 0 0 0 15.4 0 0 0 0 0
1 568.3 268.3 126.3 299.9 173.6 15.78 78.92 0 15.78 15.78 0 0 0 15.78 0 0 0 0 0 0
1 349.9 299.9 249.9 183.3 383.2 99.98 49.99 16.66 16.66 16.66 0 0 0 0 0 0 0 0 0 0
1 265.2 344.8 238.7 92.83 39.79 212.2 13.26 26.52 53.05 0 0 26.52 13.26 0 0 0 0 0 0 0
1 509.7 223 159.3 238.9 95.57 47.79 159.3 95.57 15.93 15.93 0 15.93 15.93 0 0 0 0 0 0 0
1 638.8 344 131 163.8 98.28 98.28 0 81.9 49.14 0 16.38 16.38 0 0 0 0 0 0 0 0
1 718.1 341.1 269.3 125.7 107.7 35.91 89.77 35.91 35.91 17.95 17.95 0 0 0 0 0 0 0 0 0
1 355.9 385.5 281.7 103.8 148.3 29.66 29.66 44.48 0 44.48 29.66 0 14.83 0 14.83 0 0 0 0 0
1 81.14 336.2 324.6 127.5 139.1 46.37 11.59 11.59 23.18 11.59 34.78 0 0 0 0 11.59 0 0 0 0
1 301.7 36.2 217.2 265.5 144.8 120.7 36.2 12.07 24.13 0 0 24.13 12.07 0 12.07 0 0 0 0 0
1 822 227.4 69.96 122.4 157.4 122.4 122.4 34.98 0 17.49 0 0 17.49 17.49 0 17.49 0 0 0 0
1 208 880.2 144 16 32.01 192 48.01 48.01 16 16 0 0 0 0 0 0 0 0 0 0
1 520.9 84.02 604.9 117.6 33.61 67.22 117.6 67.22 50.41 0 16.8 0 0 0 0 0 0 0 0 0
1 128.6 222 93.49 350.6 116.9 11.69 70.12 35.06 93.49 0 11.69 11.69 11.69 0 0 11.69 0 0 0 0
1 669.3 49.58 210.7 12.39 123.9 99.16 12.39 0 24.79 12.39 12.39 0 12.39 0 0 0 0 0 0 0
1 208.6 417.3 54.9 120.8 21.96 175.7 32.94 0 32.94 21.96 10.98 0 0 0 0 0 0 0 0 0
1 1466 260.1 378.3 0 70.94 0 94.58 47.29 0 47.29 0 0 0 0 0 0 0 0 0 0
1 348.4 1679 380.1 411.8 31.68 126.7 0 95.03 0 0 0 63.35 0 31.68 0 0 0 0 0 0
1 410.6 152.1 577.9 121.7 152.1 15.21 15.21 0 60.83 15.21 0 0 0 0 0 0 0 0 0 0
1 585.9 269.2 95 364.2 47.5 126.7 0 63.34 0 31.67 0 0 0 0 0 0 0 0 0 0
1 409.3 545.7 187.6 85.26 272.8 51.16 119.4 0 0 17.05 17.05 0 0 0 0 0 0 0 0 0
1 214 309.1 202.1 130.8 47.55 190.2 0 59.44 23.78 0 0 0 0 0 0 11.89 0 0 0 0
1 604.1 130.3 142.1 165.8 23.69 11.84 47.38 35.53 23.69 0 0 0 0 0 0 0 0 0 0 0
1 564.8 564.8 136.9 102.7 222.5 34.23 17.11 34.23 17.11 0 17.11 0 0 0 0 0 0 0 0 0
1 478.7 402.1 555.3 57.44 76.59 134 38.29 38.29 57.44 0 38.29 0 0 0 38.29 0 0 0 0 0
1 520.7 520.7 340.5 360.5 60.08 0 100.1 20.03 20.03 20.03 0 40.05 0 0 0 0 0 0 0 0
1 483.4 338.4 257.8 128.9 209.5 48.34 16.11 64.45 0 0 48.34 0 0 0 0 0 16.11 0 0 0
1 769.4 262.7 225.2 319 112.6 75.07 37.53 37.53 18.77 18.77 0 0 0 0 0 0 0 0 0 0
1 360.8 459.1 262.4 164 131.2 65.59 81.99 65.59 16.4 16.4 0 0 16.4 0 0 0 0 0 0 0
1 556.1 107.6 556.1 179.4 143.5 71.76 71.76 53.82 0 17.94 17.94 0 0 17.94 0 0 0 0 0 0
1 176.3 440.7 161.6 293.8 161.6 102.8 73.44 14.69 29.38 0 14.69 0 0 0 0 0 0 0 0 0
1 1495 45.99 367.9 91.98 115 45.99 23 0 23 68.99 0 0 23 0 0 0 0 0 0 0
1 367.6 1365 183.8 341.3 26.26 157.5 105 0 26.26 26.26 0 26.26 0 0 0 0 0 0 0 0
1 1672 115.3 490 0 259.4 0 173 0 28.83 28.83 57.65 28.83 28.83 0 0 0 0 0 0 0
1 851.9 1897 38.72 619.5 77.44 154.9 0 154.9 0 77.44 0 0 0 0 0 0 0 0 0 0
1 527.8 809.3 1091 211.1 563 105.6 70.38 105.6 0 35.19 0 0 0 0 0 0 0 0 0 0
1 231.6 505.3 336.9 547.4 21.06 189.5 21.06 147.4 0 63.17 0 21.06 0 0 0 0 0 21.06 0 0
1 274.1 222.7 274.1 222.7 428.3 85.66 119.9 0 51.4 34.26 0 0 0 0 0 0 0 0 0 0
1 2125 196.1 98.07 196.1 196.1 359.6 0 32.69 0 32.69 0 32.69 0 0 0 0 0 0 0 0
1 492.8 1478 191.7 82.14 109.5 54.76 164.3 27.38 82.14 0 27.38 0 0 0 27.38 0 0 0 0 0
