 landings-at-age - landings.n (units : NA )
1	2	
2	100	
1	20	
1 
0.02659 0.2984 0.8352 0.6934 0.4839 0.3377 0.2357 0.1644 0.1148 0.08008 0.05589 0.039 0.02722 0.01899 0.01325 0.009249 0.006454 0.004504 0.003143 0.007259
0.003269 0.05216 0.1462 0.1214 0.08475 0.05914 0.04127 0.0288 0.0201 0.01403 0.009787 0.00683 0.004766 0.003326 0.002321 0.00162 0.00113 0.0007888 0.0005504 0.001271
0.00766 0.0367 0.1464 0.1219 0.08515 0.05942 0.04147 0.02894 0.02019 0.01409 0.009834 0.006862 0.004789 0.003342 0.002332 0.001627 0.001136 0.0007925 0.000553 0.001277
0.005874 0.08601 0.103 0.122 0.08549 0.0597 0.04166 0.02907 0.02029 0.01416 0.00988 0.006895 0.004811 0.003358 0.002343 0.001635 0.001141 0.0007963 0.0005557 0.001283
0.01243 0.06596 0.2413 0.08588 0.08557 0.05994 0.04186 0.02921 0.02038 0.01423 0.009927 0.006927 0.004834 0.003374 0.002354 0.001643 0.001146 8e-04 0.0005583 0.001289
0.005045 0.1396 0.1851 0.2012 0.06021 0.06 0.04203 0.02935 0.02048 0.01429 0.009974 0.00696 0.004857 0.00339 0.002365 0.001651 0.001152 0.0008038 0.0005609 0.001295
0.006632 0.05664 0.3916 0.1543 0.1411 0.04222 0.04207 0.02947 0.02058 0.01436 0.01002 0.006993 0.00488 0.003406 0.002377 0.001658 0.001157 0.0008076 0.0005636 0.001302
0.01062 0.07447 0.1589 0.3266 0.1082 0.09893 0.0296 0.0295 0.02066 0.01443 0.01007 0.007026 0.004903 0.003422 0.002388 0.001666 0.001163 0.0008114 0.0005663 0.001308
0.005568 0.1192 0.209 0.1325 0.229 0.07587 0.06936 0.02076 0.02068 0.01449 0.01012 0.00706 0.004926 0.003438 0.002399 0.001674 0.001168 0.0008153 0.0005689 0.001314
0.007861 0.06252 0.3345 0.1742 0.09293 0.1605 0.0532 0.04863 0.01455 0.0145 0.01016 0.007093 0.00495 0.003454 0.00241 0.001682 0.001174 0.0008191 0.0005716 0.00132
0.02188 0.08826 0.1754 0.2789 0.1222 0.06516 0.1126 0.0373 0.0341 0.0102 0.01017 0.007121 0.004973 0.003471 0.002422 0.00169 0.001179 0.000823 0.0005743 0.001326
0.002424 0.2457 0.2477 0.1463 0.1956 0.08566 0.04568 0.07892 0.02615 0.02391 0.007154 0.007128 0.004993 0.003487 0.002433 0.001698 0.001185 0.0008269 0.0005771 0.001333
0.009182 0.02722 0.6895 0.2065 0.1026 0.1371 0.06006 0.03203 0.05534 0.01834 0.01676 0.005016 0.004998 0.003501 0.002445 0.001706 0.001191 0.0008308 0.0005798 0.001339
0.002991 0.1031 0.07638 0.575 0.1448 0.07192 0.09614 0.04211 0.02246 0.0388 0.01286 0.01175 0.003517 0.003504 0.002455 0.001714 0.001196 0.0008348 0.0005825 0.001345
0.01242 0.03359 0.2893 0.06369 0.4031 0.1015 0.05042 0.06741 0.02953 0.01575 0.0272 0.009014 0.008241 0.002466 0.002457 0.001721 0.001202 0.0008387 0.0005853 0.001352
0.005047 0.1395 0.09424 0.2412 0.04466 0.2826 0.07118 0.03535 0.04726 0.0207 0.01104 0.01907 0.00632 0.005778 0.001729 0.001723 0.001207 0.0008427 0.0005881 0.001358
0.001779 0.05667 0.3915 0.07859 0.1691 0.03131 0.1982 0.04991 0.02479 0.03314 0.01451 0.007741 0.01337 0.004431 0.004051 0.001212 0.001208 0.000846 0.0005908 0.001365
0.003377 0.01997 0.159 0.3264 0.0551 0.1186 0.02195 0.139 0.03499 0.01738 0.02323 0.01018 0.005427 0.009376 0.003107 0.00284 0.0008499 0.0008469 0.0005932 0.001371
0.002248 0.03792 0.05604 0.1326 0.2289 0.03863 0.08315 0.01539 0.09742 0.02454 0.01219 0.01629 0.007136 0.003805 0.006574 0.002178 0.001992 0.0005959 0.0005938 0.001377
0.009801 0.02524 0.1064 0.04673 0.09297 0.1605 0.02709 0.0583 0.01079 0.06831 0.0172 0.008544 0.01142 0.005003 0.002668 0.004609 0.001527 0.001396 0.0004178 0.001382
0.002727 0.11 0.07082 0.08873 0.03277 0.06518 0.1125 0.01899 0.04088 0.007567 0.04789 0.01206 0.005991 0.008009 0.003508 0.001871 0.003232 0.001071 0.0009791 0.001262
0.009896 0.03062 0.3088 0.05905 0.06221 0.02297 0.0457 0.07889 0.01332 0.02866 0.005306 0.03358 0.008457 0.0042 0.005615 0.002459 0.001312 0.002266 0.0007508 0.001571
0.008588 0.1111 0.08593 0.2575 0.0414 0.04362 0.01611 0.03205 0.05531 0.009337 0.0201 0.00372 0.02354 0.00593 0.002945 0.003937 0.001724 0.0009197 0.001589 0.001628
0.01765 0.09643 0.3118 0.07166 0.1805 0.02903 0.03058 0.01129 0.02247 0.03878 0.006546 0.01409 0.002608 0.01651 0.004158 0.002065 0.00276 0.001209 0.0006448 0.002256
0.005667 0.1982 0.2706 0.26 0.05024 0.1266 0.02035 0.02144 0.007919 0.01575 0.02719 0.00459 0.009879 0.001829 0.01157 0.002915 0.001448 0.001935 0.0008477 0.002034
0.006742 0.06363 0.5562 0.2256 0.1823 0.03523 0.08875 0.01427 0.01504 0.005552 0.01105 0.01907 0.003218 0.006926 0.001282 0.008115 0.002044 0.001015 0.001357 0.00202
0.005319 0.0757 0.1786 0.4638 0.1582 0.1278 0.0247 0.06223 0.01001 0.01054 0.003893 0.007744 0.01337 0.002256 0.004856 0.000899 0.00569 0.001433 0.0007117 0.002368
0.006335 0.05972 0.2124 0.1489 0.3252 0.1109 0.08961 0.01732 0.04363 0.007016 0.007392 0.00273 0.00543 0.009373 0.001582 0.003405 0.0006304 0.00399 0.001005 0.002159
0.005507 0.07114 0.1676 0.1771 0.1044 0.228 0.07777 0.06283 0.01214 0.03059 0.004919 0.005183 0.001914 0.003807 0.006571 0.001109 0.002387 0.000442 0.002797 0.002218
0.006096 0.06184 0.1996 0.1397 0.1242 0.0732 0.1599 0.05453 0.04405 0.008513 0.02145 0.003449 0.003634 0.001342 0.002669 0.004608 0.0007778 0.001674 0.0003099 0.003517
0.003078 0.06845 0.1735 0.1664 0.09797 0.08708 0.05132 0.1121 0.03823 0.03089 0.005969 0.01504 0.002418 0.002548 0.0009408 0.001872 0.003231 0.0005453 0.001174 0.002683
0.02595 0.03457 0.1921 0.1447 0.1167 0.06869 0.06105 0.03598 0.07858 0.02681 0.02166 0.004185 0.01054 0.001696 0.001786 0.0006596 0.001312 0.002265 0.0003823 0.002704
0.004346 0.2914 0.09699 0.1601 0.1015 0.08183 0.04816 0.04281 0.02523 0.0551 0.01879 0.01518 0.002934 0.007393 0.001189 0.001252 0.0004625 0.0009201 0.001588 0.002164
0.003706 0.0488 0.8177 0.08088 0.1123 0.07113 0.05737 0.03377 0.03001 0.01769 0.03863 0.01318 0.01065 0.002057 0.005184 0.0008335 0.0008782 0.0003243 0.0006451 0.002631
0.0104 0.04162 0.1369 0.6819 0.05671 0.07873 0.04987 0.04023 0.02368 0.02104 0.0124 0.02709 0.00924 0.007465 0.001443 0.003635 0.0005844 0.0006157 0.0002274 0.002297
0.002405 0.1168 0.1168 0.1142 0.4781 0.03976 0.0552 0.03497 0.0282 0.0166 0.01475 0.008696 0.01899 0.006478 0.005234 0.001011 0.002548 0.0004098 0.0004317 0.00177
0.003247 0.02701 0.3278 0.09738 0.08005 0.3352 0.02788 0.0387 0.02452 0.01977 0.01164 0.01035 0.006097 0.01332 0.004542 0.00367 0.0007092 0.001787 0.0002873 0.001544
0.002603 0.03646 0.07578 0.2733 0.06827 0.05613 0.235 0.01955 0.02714 0.01719 0.01387 0.008161 0.007253 0.004275 0.009336 0.003185 0.002573 0.0004972 0.001253 0.001284
0.008745 0.02923 0.1023 0.06319 0.1916 0.04787 0.03935 0.1648 0.0137 0.01903 0.01205 0.009721 0.005722 0.005086 0.002997 0.006546 0.002233 0.001804 0.0003486 0.001778
0.3268 5.373 4.417 4.576 2.376 7.208 1.8 1.48 6.198 0.5154 0.7156 0.4533 0.3656 0.2152 0.1913 0.1127 0.2462 0.08398 0.06785 0.08
0.1207 4.687 18.76 4.478 3.883 2.017 6.116 1.528 1.256 5.259 0.4374 0.6072 0.3847 0.3103 0.1826 0.1623 0.09566 0.2089 0.07126 0.1255
0.08333 0.7684 7.316 8.477 1.691 1.466 0.7615 2.31 0.5769 0.4743 1.986 0.1652 0.2293 0.1453 0.1172 0.06896 0.06129 0.03612 0.07889 0.07429
0.3305 1.373 3.097 8.611 8.361 1.668 1.446 0.7511 2.278 0.569 0.4678 1.959 0.1629 0.2262 0.1433 0.1156 0.06802 0.06045 0.03563 0.1511
0.376 3.386 3.438 2.251 5.237 5.085 1.014 0.8795 0.4568 1.385 0.3461 0.2845 1.191 0.09907 0.1375 0.08713 0.07028 0.04137 0.03676 0.1136
0.1782 5.637 12.35 3.641 1.995 4.641 4.507 0.899 0.7795 0.4049 1.228 0.3067 0.2521 1.056 0.08781 0.1219 0.07722 0.06228 0.03666 0.1332
0.5102 1.688 13.01 8.227 2.027 1.111 2.584 2.509 0.5005 0.434 0.2254 0.6836 0.1708 0.1404 0.5878 0.04889 0.06787 0.043 0.03468 0.09458
0.2423 4.871 3.941 8.806 4.659 1.148 0.629 1.463 1.421 0.2834 0.2457 0.1276 0.3871 0.09669 0.07949 0.3329 0.02768 0.03843 0.02434 0.07319
0.2122 3.38 16.56 3.893 7.283 3.853 0.9492 0.5202 1.21 1.175 0.2344 0.2032 0.1056 0.3201 0.07996 0.06574 0.2753 0.02289 0.03178 0.08067
0.3025 2.453 9.502 13.47 2.647 4.952 2.62 0.6454 0.3537 0.8228 0.7989 0.1594 0.1382 0.07177 0.2177 0.05437 0.0447 0.1872 0.01557 0.07646
0.2446 3.113 6.149 6.886 8.159 1.604 3 1.587 0.391 0.2143 0.4985 0.484 0.09656 0.08372 0.04348 0.1319 0.03294 0.02708 0.1134 0.05575
0.5906 3.001 9.291 5.313 4.976 5.895 1.159 2.168 1.147 0.2825 0.1548 0.3602 0.3497 0.06977 0.06049 0.03142 0.09529 0.0238 0.01957 0.1222
1.069 7.207 8.883 7.941 3.795 3.555 4.212 0.8279 1.549 0.8193 0.2019 0.1106 0.2573 0.2499 0.04984 0.04322 0.02245 0.06808 0.017 0.1013
0.6166 10.67 17.47 6.207 4.636 2.216 2.075 2.459 0.4833 0.9041 0.4783 0.1178 0.06457 0.1502 0.1459 0.0291 0.02523 0.0131 0.03974 0.06906
0.1633 7.145 30.05 14.22 4.222 3.154 1.507 1.412 1.673 0.3288 0.615 0.3254 0.08016 0.04393 0.1022 0.09922 0.01979 0.01716 0.008914 0.07401
0.5371 1.977 20.98 25.45 10.07 2.99 2.233 1.067 0.9996 1.184 0.2328 0.4355 0.2304 0.05676 0.0311 0.07236 0.07025 0.01402 0.01215 0.05872
0.295 5.746 5.129 15.68 15.89 6.285 1.867 1.394 0.6663 0.624 0.7394 0.1453 0.2719 0.1438 0.03544 0.01942 0.04517 0.04386 0.00875 0.04425
0.4462 3.105 14.69 3.782 9.659 9.79 3.872 1.15 0.8589 0.4105 0.3845 0.4555 0.08954 0.1675 0.08861 0.02183 0.01196 0.02783 0.02702 0.03265
1.225 5.207 8.797 12.02 2.587 6.606 6.696 2.648 0.7865 0.5874 0.2807 0.2629 0.3115 0.06124 0.1146 0.0606 0.01493 0.008182 0.01903 0.04081
0.2102 11.45 11.86 5.785 6.603 1.421 3.63 3.679 1.455 0.4321 0.3227 0.1543 0.1445 0.1712 0.03365 0.06294 0.0333 0.008204 0.004495 0.03288
0.2817 2.248 29.89 8.976 3.662 4.18 0.8996 2.298 2.329 0.921 0.2735 0.2043 0.09764 0.09145 0.1083 0.0213 0.03984 0.02108 0.005193 0.02366
0.257 2.364 4.625 17.87 4.489 1.831 2.09 0.4499 1.149 1.165 0.4606 0.1368 0.1022 0.04883 0.04573 0.05418 0.01065 0.01992 0.01054 0.01443
0.1618 3.036 6.856 3.915 12.67 3.183 1.298 1.482 0.319 0.8147 0.8258 0.3266 0.09699 0.07244 0.03462 0.03243 0.03842 0.007552 0.01413 0.0177
0.2526 2.843 12.98 8.533 4.081 13.2 3.317 1.353 1.545 0.3325 0.8492 0.8607 0.3404 0.1011 0.07551 0.03609 0.0338 0.04004 0.007872 0.03318
0.2664 1.877 5.166 6.815 3.742 1.79 5.791 1.455 0.5935 0.6775 0.1458 0.3724 0.3775 0.1493 0.04434 0.03312 0.01583 0.01482 0.01756 0.018
0.267 2.462 4.263 3.42 3.778 2.075 0.9921 3.21 0.8066 0.329 0.3756 0.08084 0.2065 0.2093 0.08277 0.02458 0.01836 0.008774 0.008218 0.01972
0.6491 5.276 11.86 5.988 4.025 4.446 2.442 1.168 3.778 0.9492 0.3872 0.442 0.09514 0.243 0.2463 0.09741 0.02893 0.02161 0.01033 0.03288
0.2181 4.838 9.617 6.248 2.637 1.773 1.958 1.075 0.5142 1.664 0.4181 0.1705 0.1947 0.0419 0.107 0.1085 0.0429 0.01274 0.009516 0.01903
0.03656 2.557 13.9 8.052 4.381 1.849 1.243 1.373 0.754 0.3606 1.167 0.2931 0.1196 0.1365 0.02938 0.07504 0.07606 0.03008 0.008934 0.02001
0.2485 0.4957 8.465 13.39 6.493 3.533 1.491 1.002 1.107 0.6081 0.2908 0.941 0.2364 0.09644 0.1101 0.02369 0.06051 0.06134 0.02426 0.02334
0.6234 2.785 1.355 6.707 8.873 4.304 2.342 0.9884 0.6644 0.734 0.403 0.1927 0.6237 0.1567 0.06392 0.07297 0.0157 0.04011 0.04065 0.03155
0.09145 6.112 6.675 0.9417 3.899 5.159 2.502 1.361 0.5746 0.3863 0.4267 0.2343 0.1121 0.3626 0.09109 0.03716 0.04242 0.00913 0.02332 0.04198
0.1902 0.8137 13.35 4.241 0.5008 2.074 2.744 1.331 0.7241 0.3056 0.2054 0.2269 0.1246 0.0596 0.1928 0.04845 0.01976 0.02256 0.004856 0.03473
0.1019 3.639 3.791 18.12 4.825 0.5698 2.359 3.121 1.514 0.8238 0.3477 0.2337 0.2582 0.1418 0.0678 0.2194 0.05512 0.02248 0.02567 0.04503
0.5461 0.8589 7.487 2.252 8.997 2.395 0.2828 1.171 1.549 0.7515 0.4089 0.1726 0.116 0.1282 0.07038 0.03366 0.1089 0.02736 0.01116 0.0351
0.1858 5.695 2.192 5.553 1.398 5.584 1.487 0.1755 0.7269 0.9617 0.4664 0.2538 0.1071 0.07201 0.07954 0.04368 0.02089 0.06759 0.01698 0.02871
0.9594 2.767 20.66 2.311 4.9 1.234 4.928 1.312 0.1549 0.6415 0.8487 0.4116 0.224 0.09453 0.06354 0.0702 0.03855 0.01843 0.05965 0.04032
0.2058 10.87 7.621 16.43 1.536 3.258 0.8203 3.276 0.8723 0.103 0.4265 0.5643 0.2737 0.1489 0.06285 0.04225 0.04667 0.02563 0.01226 0.06647
0.2879 2.358 30.25 6.121 11.03 1.031 2.187 0.5507 2.2 0.5856 0.06915 0.2863 0.3788 0.1837 0.09998 0.0422 0.02836 0.03133 0.01721 0.05285
0.5148 2.98 5.936 21.98 3.717 6.698 0.6262 1.328 0.3344 1.336 0.3555 0.04198 0.1738 0.23 0.1116 0.0607 0.02562 0.01722 0.01902 0.04254
0.2534 5.528 7.792 4.488 13.89 2.349 4.234 0.3958 0.8394 0.2113 0.8441 0.2247 0.02654 0.1099 0.1454 0.07051 0.03837 0.01619 0.01089 0.03891
0.172 2.153 11.49 4.694 2.261 6.998 1.183 2.133 0.1994 0.4229 0.1065 0.4253 0.1132 0.01337 0.05536 0.07324 0.03552 0.01933 0.008158 0.02509
0.5123 1.969 6.039 9.389 3.211 1.546 4.786 0.8094 1.459 0.1364 0.2892 0.07282 0.2909 0.07743 0.009144 0.03786 0.05009 0.0243 0.01322 0.02274
0.4098 7.466 6.995 6.24 8.123 2.778 1.338 4.141 0.7003 1.262 0.118 0.2502 0.063 0.2516 0.06699 0.007911 0.03276 0.04334 0.02102 0.03111
0.3669 4.489 19.91 5.398 4.026 5.241 1.792 0.8631 2.672 0.4518 0.8143 0.07613 0.1614 0.04065 0.1624 0.04322 0.005104 0.02113 0.02796 0.03363
0.3313 3.805 11.35 14.58 3.305 2.465 3.209 1.097 0.5285 1.636 0.2766 0.4986 0.04661 0.09885 0.02489 0.09941 0.02646 0.003125 0.01294 0.03771
0.2576 2.951 8.3 7.187 7.723 1.75 1.306 1.7 0.5812 0.2799 0.8664 0.1465 0.2641 0.02469 0.05235 0.01318 0.05265 0.01402 0.001655 0.02683
0.3388 2.453 6.905 5.662 4.106 4.412 0.9999 0.7459 0.9709 0.332 0.1599 0.4949 0.0837 0.1508 0.0141 0.02991 0.00753 0.03008 0.008007 0.01627
0.1944 6.114 10.8 8.871 6.095 4.42 4.749 1.076 0.8029 1.045 0.3574 0.1721 0.5328 0.0901 0.1624 0.01518 0.0322 0.008106 0.03238 0.02614
0.6563 2.482 18.95 9.675 6.644 4.565 3.31 3.557 0.8062 0.6014 0.7828 0.2677 0.1289 0.3991 0.06748 0.1216 0.01137 0.02411 0.006071 0.04382
0.1854 7.542 6.912 15.2 6.482 4.451 3.058 2.218 2.383 0.5401 0.4029 0.5244 0.1793 0.08637 0.2673 0.04521 0.08148 0.007618 0.01616 0.03343
0.9182 1.845 18.23 4.81 8.832 3.768 2.587 1.778 1.289 1.385 0.3139 0.2342 0.3048 0.1042 0.0502 0.1554 0.02628 0.04736 0.004428 0.02882
0.1592 7.103 3.492 9.976 2.2 4.04 1.724 1.184 0.8132 0.5897 0.6337 0.1436 0.1071 0.1395 0.04769 0.02297 0.07109 0.01202 0.02167 0.01521
0.7613 1.507 16.53 2.368 5.666 1.25 2.295 0.979 0.6722 0.4619 0.335 0.3599 0.08158 0.06085 0.07921 0.02709 0.01304 0.04038 0.006828 0.02095
0.3568 9.1 4.426 14.18 1.703 4.074 0.8987 1.65 0.704 0.4834 0.3322 0.2409 0.2588 0.05866 0.04376 0.05696 0.01948 0.00938 0.02904 0.01997
0.3224 4.995 31.18 4.424 11.88 1.426 3.412 0.7525 1.382 0.5895 0.4048 0.2781 0.2017 0.2167 0.04912 0.03664 0.04769 0.01631 0.007855 0.04104
0.1678 4.442 16.77 30.38 3.607 9.684 1.163 2.782 0.6137 1.127 0.4807 0.3301 0.2268 0.1645 0.1767 0.04006 0.02988 0.03889 0.0133 0.03987
0.2814 2.148 13.79 15.03 22.78 2.704 7.259 0.8718 2.086 0.46 0.8447 0.3603 0.2474 0.17 0.1233 0.1325 0.03003 0.0224 0.02915 0.03986
0.922 2.022 3.77 6.98 6.354 9.627 1.143 3.068 0.3685 0.8815 0.1944 0.357 0.1523 0.1046 0.07186 0.05211 0.056 0.01269 0.009467 0.02917
0.2825 10.13 5.444 2.955 4.582 4.171 6.319 0.7503 2.014 0.2419 0.5787 0.1276 0.2344 0.09998 0.06866 0.04717 0.03421 0.03676 0.008331 0.02536
