 landings-at-age - landings.n (units : NA )
1	2	
42	100	
1	20	
1 
0.004355 0.05404 0.1518 0.1379 0.09765 0.07033 0.04958 0.03481 0.02376 0.01572 0.01103 0.007846 0.005763 0.004646 0.003113 0.002162 0.00143 0.001015 0.0007722 0.001902
0.004569 0.0489 0.1516 0.1266 0.09668 0.06846 0.04931 0.03476 0.02441 0.01666 0.01102 0.007735 0.005501 0.004041 0.003258 0.002183 0.001516 0.001002 0.0007114 0.001875
0.07319 0.8059 2.146 1.976 1.387 1.059 0.7501 0.5402 0.3809 0.2674 0.1825 0.1208 0.08475 0.06027 0.04427 0.03569 0.02391 0.01661 0.01098 0.02834
0.1308 1.587 4.321 3.396 2.625 1.843 1.407 0.9966 0.7178 0.5061 0.3553 0.2425 0.1604 0.1126 0.08008 0.05882 0.04742 0.03177 0.02207 0.05224
0.2043 2.169 6.47 5.168 3.406 2.633 1.849 1.412 0.9997 0.72 0.5076 0.3564 0.2433 0.1609 0.1129 0.08033 0.059 0.04757 0.03187 0.07454
0.2796 3.023 7.846 6.823 4.566 3.009 2.326 1.633 1.247 0.8831 0.636 0.4484 0.3148 0.2149 0.1422 0.09978 0.07096 0.05212 0.04202 0.094
0.3422 3.881 10.2 7.67 5.58 3.734 2.461 1.903 1.336 1.02 0.7223 0.5202 0.3668 0.2575 0.1758 0.1163 0.08161 0.05804 0.04263 0.1113
0.4325 4.558 12.49 9.455 5.941 4.322 2.892 1.906 1.474 1.035 0.7901 0.5594 0.4029 0.2841 0.1995 0.1361 0.09007 0.06321 0.04495 0.1192
0.4979 5.596 14.16 11.11 7.02 4.411 3.209 2.148 1.415 1.094 0.7682 0.5866 0.4154 0.2992 0.2109 0.1481 0.1011 0.06688 0.04693 0.1219
0.6041 6.303 16.92 12.19 7.969 5.034 3.163 2.301 1.54 1.015 0.7846 0.5508 0.4206 0.2978 0.2145 0.1512 0.1062 0.07248 0.04795 0.121
0.6405 7.519 18.62 14.14 8.478 5.544 3.502 2.201 1.601 1.071 0.7061 0.5458 0.3832 0.2926 0.2072 0.1492 0.1052 0.07388 0.05043 0.1176
0.6965 7.863 21.79 15.17 9.576 5.741 3.754 2.371 1.49 1.084 0.7255 0.4781 0.3696 0.2595 0.1982 0.1403 0.1011 0.07125 0.05003 0.1138
0.7284 8.453 22.39 17.34 10.02 6.327 3.793 2.48 1.567 0.9846 0.7163 0.4793 0.3159 0.2442 0.1715 0.1309 0.09271 0.06678 0.04708 0.1082
0.812 8.753 23.7 17.44 11.2 6.473 4.086 2.449 1.602 1.012 0.6358 0.4626 0.3095 0.204 0.1577 0.1107 0.08455 0.05987 0.04312 0.1003
0.8704 9.677 24.2 18.09 11.02 7.076 4.091 2.582 1.548 1.012 0.6394 0.4018 0.2923 0.1956 0.1289 0.09966 0.06997 0.05343 0.03783 0.09063
0.914 10.3 26.4 18.12 11.2 6.823 4.38 2.532 1.598 0.9583 0.6266 0.3958 0.2487 0.181 0.1211 0.07981 0.0617 0.04332 0.03308 0.07953
1.037 10.74 27.75 19.4 10.99 6.797 4.141 2.659 1.537 0.9701 0.5816 0.3803 0.2402 0.151 0.1098 0.07349 0.04844 0.03745 0.02629 0.06834
1.203 12.11 28.61 20.03 11.55 6.547 4.047 2.466 1.583 0.9152 0.5776 0.3463 0.2265 0.1431 0.08989 0.0654 0.04376 0.02884 0.0223 0.05635
1.051 13.97 31.91 20.3 11.71 6.752 3.826 2.365 1.441 0.9252 0.5349 0.3376 0.2024 0.1324 0.08361 0.05254 0.03822 0.02558 0.01686 0.04597
1.087 12.15 36.41 22.26 11.65 6.719 3.876 2.196 1.358 0.8272 0.531 0.307 0.1938 0.1162 0.07597 0.04799 0.03015 0.02194 0.01468 0.03606
0.9847 12.51 31.33 24.99 12.55 6.569 3.788 2.185 1.238 0.7655 0.4664 0.2994 0.1731 0.1093 0.0655 0.04283 0.02706 0.017 0.01237 0.02861
0.9504 10.74 30.53 20.24 13.24 6.652 3.481 2.008 1.158 0.6562 0.4057 0.2472 0.1587 0.09174 0.0579 0.03471 0.0227 0.01434 0.00901 0.02172
0.9277 10.36 26.19 19.72 10.73 7.017 3.525 1.845 1.064 0.6137 0.3478 0.215 0.131 0.08409 0.04861 0.03068 0.0184 0.01203 0.007599 0.01628
0.834 10.11 25.28 16.92 10.45 5.684 3.719 1.868 0.9776 0.5638 0.3252 0.1843 0.1139 0.06941 0.04456 0.02576 0.01626 0.009749 0.006375 0.01266
0.7343 9.092 24.68 16.33 8.966 5.537 3.012 1.971 0.99 0.5181 0.2988 0.1723 0.09766 0.06037 0.03678 0.02361 0.01365 0.008617 0.005166 0.01009
0.6034 8.005 22.18 15.94 8.654 4.751 2.934 1.596 1.044 0.5247 0.2745 0.1583 0.09133 0.05176 0.03199 0.01949 0.01251 0.007235 0.004566 0.008083
0.5562 6.578 19.53 14.33 8.447 4.586 2.518 1.555 0.8459 0.5534 0.278 0.1455 0.08391 0.0484 0.02743 0.01695 0.01033 0.006632 0.003834 0.006703
0.5123 6.064 16.05 12.62 7.593 4.476 2.43 1.334 0.8241 0.4483 0.2933 0.1473 0.0771 0.04447 0.02565 0.01453 0.008985 0.005474 0.003515 0.005584
0.4566 5.585 14.8 10.37 6.686 4.024 2.372 1.288 0.7071 0.4367 0.2376 0.1554 0.07808 0.04086 0.02356 0.01359 0.007703 0.004762 0.002901 0.004822
0.4092 4.977 13.63 9.557 5.494 3.543 2.132 1.257 0.6825 0.3747 0.2314 0.1259 0.08237 0.04138 0.02165 0.01249 0.007203 0.004082 0.002523 0.004093
0.4087 4.461 12.14 8.802 5.065 2.911 1.878 1.13 0.6662 0.3617 0.1986 0.1226 0.06671 0.04365 0.02193 0.01147 0.006618 0.003817 0.002163 0.003506
0.3434 4.455 10.88 7.844 4.665 2.684 1.543 0.995 0.5989 0.353 0.1917 0.1052 0.06499 0.03535 0.02313 0.01162 0.006081 0.003507 0.002023 0.003004
0.28 3.744 10.87 7.03 4.157 2.472 1.422 0.8176 0.5273 0.3174 0.1871 0.1016 0.05577 0.03444 0.01874 0.01226 0.006158 0.003223 0.001859 0.002664
0.2666 3.053 9.136 7.022 3.726 2.203 1.31 0.7537 0.4333 0.2794 0.1682 0.09914 0.05383 0.02956 0.01825 0.009929 0.006496 0.003264 0.001708 0.002397
0.2424 2.906 7.449 5.901 3.721 1.974 1.167 0.6942 0.3994 0.2296 0.1481 0.08913 0.05254 0.02853 0.01566 0.009673 0.005262 0.003443 0.00173 0.002175
0.2271 2.642 7.091 4.812 3.127 1.972 1.046 0.6187 0.3679 0.2117 0.1217 0.07848 0.04723 0.02784 0.01512 0.0083 0.005126 0.002788 0.001824 0.002069
0.1971 2.476 6.447 4.58 2.55 1.657 1.045 0.5545 0.3279 0.195 0.1122 0.06449 0.04159 0.02503 0.01476 0.008011 0.004399 0.002716 0.001478 0.002063
0.1792 2.148 6.041 4.164 2.427 1.351 0.8782 0.5538 0.2938 0.1737 0.1033 0.05945 0.03417 0.02204 0.01326 0.007819 0.004245 0.002331 0.00144 0.001877
0.1544 1.954 5.242 3.902 2.207 1.286 0.7161 0.4654 0.2935 0.1557 0.09207 0.05475 0.0315 0.01811 0.01168 0.00703 0.004144 0.00225 0.001235 0.001757
0.1374 1.683 4.767 3.386 2.068 1.169 0.6817 0.3795 0.2466 0.1555 0.08252 0.04879 0.02902 0.01669 0.009597 0.006189 0.003725 0.002196 0.001192 0.001586
0.1273 1.462 4.018 3.013 1.756 1.072 0.6064 0.3535 0.1968 0.1279 0.08065 0.04279 0.0253 0.01505 0.008657 0.004977 0.00321 0.001932 0.001139 0.001441
0.1109 1.355 3.5 2.554 1.572 0.9162 0.5595 0.3165 0.1845 0.1027 0.06674 0.04209 0.02233 0.0132 0.007852 0.004518 0.002597 0.001675 0.001008 0.001346
0.109 1.18 3.252 2.237 1.341 0.8255 0.4811 0.2938 0.1662 0.09686 0.05392 0.03504 0.0221 0.01172 0.006933 0.004123 0.002372 0.001364 0.0008795 0.001236
0.08487 1.16 2.839 2.09 1.182 0.7085 0.4361 0.2542 0.1552 0.08779 0.05117 0.02849 0.01851 0.01168 0.006195 0.003663 0.002178 0.001253 0.0007205 0.001118
0.07656 0.9034 2.799 1.835 1.111 0.6282 0.3766 0.2318 0.1351 0.08251 0.04667 0.0272 0.01514 0.009842 0.006206 0.003293 0.001947 0.001158 0.0006662 0.0009772
0.06613 0.8149 2.185 1.819 0.9814 0.5942 0.336 0.2014 0.124 0.07226 0.04413 0.02496 0.01455 0.008099 0.005264 0.003319 0.001761 0.001041 0.0006193 0.000879
0.05966 0.7038 1.976 1.428 0.9787 0.5281 0.3197 0.1808 0.1084 0.06672 0.03888 0.02375 0.01343 0.007828 0.004358 0.002832 0.001786 0.0009477 0.0005604 0.0008062
0.05678 0.6348 1.711 1.298 0.7728 0.5298 0.2859 0.1731 0.09787 0.05867 0.03612 0.02105 0.01285 0.00727 0.004238 0.002359 0.001533 0.0009668 0.000513 0.0007397
0.05334 0.604 1.547 1.13 0.7069 0.4208 0.2885 0.1557 0.09425 0.05329 0.03195 0.01967 0.01146 0.006999 0.003959 0.002308 0.001285 0.0008349 0.0005265 0.0006822
0.0444 0.5674 1.476 1.027 0.619 0.3872 0.2305 0.158 0.08526 0.05163 0.02919 0.0175 0.01077 0.006278 0.003834 0.002168 0.001264 0.0007037 0.0004573 0.000662
0.04079 0.4721 1.389 0.9849 0.566 0.3411 0.2133 0.127 0.08707 0.04698 0.02844 0.01608 0.009641 0.005935 0.003459 0.002112 0.001195 0.0006964 0.0003877 0.0006167
0.03671 0.4336 1.159 0.932 0.5458 0.3136 0.189 0.1182 0.07038 0.04825 0.02603 0.01576 0.008912 0.005342 0.003289 0.001917 0.001171 0.000662 0.0003859 0.0005566
0.03506 0.39 1.066 0.7813 0.5194 0.3041 0.1748 0.1053 0.06588 0.03922 0.02689 0.01451 0.008784 0.004967 0.002977 0.001833 0.001068 0.0006523 0.0003689 0.0005252
0.0319 0.3722 0.9615 0.7226 0.4379 0.2911 0.1704 0.09795 0.05902 0.03692 0.02198 0.01507 0.00813 0.004922 0.002783 0.001668 0.001027 0.0005986 0.0003656 0.0005011
0.02893 0.3384 0.9194 0.6547 0.4072 0.2467 0.164 0.09604 0.05519 0.03326 0.0208 0.01239 0.008491 0.004581 0.002774 0.001568 0.0009402 0.0005788 0.0003373 0.0004884
0.02552 0.3067 0.8376 0.629 0.3709 0.2307 0.1398 0.09292 0.05441 0.03127 0.01884 0.01179 0.007017 0.00481 0.002595 0.001571 0.0008886 0.0005326 0.0003279 0.0004678
0.02224 0.2703 0.7604 0.5757 0.3583 0.2112 0.1314 0.07961 0.05292 0.03099 0.01781 0.01073 0.006712 0.003996 0.002739 0.001478 0.000895 0.000506 0.0003034 0.0004532
0.01914 0.2353 0.6713 0.5251 0.3296 0.2051 0.1209 0.07521 0.04557 0.03029 0.01774 0.01019 0.006143 0.003842 0.002288 0.001568 0.0008461 0.0005123 0.0002897 0.0004331
0.01784 0.2024 0.5853 0.4655 0.3021 0.1896 0.118 0.06956 0.04327 0.02622 0.01743 0.01021 0.005864 0.003534 0.002211 0.001316 0.0009022 0.0004868 0.0002947 0.0004158
