 landings-at-age - landings.n (units : NA )
1	2	
2	100	
1	20	
1 
0.02659 0.2984 0.8352 0.6934 0.4839 0.3377 0.2357 0.1644 0.1148 0.08008 0.05589 0.039 0.02722 0.01899 0.01325 0.009249 0.006454 0.004504 0.003143 0.007259
0.002567 0.05216 0.1462 0.1214 0.08475 0.05914 0.04127 0.0288 0.0201 0.01403 0.009787 0.00683 0.004766 0.003326 0.002321 0.00162 0.00113 0.0007888 0.0005504 0.001271
0.004838 0.02882 0.1464 0.1219 0.08515 0.05942 0.04147 0.02894 0.02019 0.01409 0.009834 0.006862 0.004789 0.003342 0.002332 0.001627 0.001136 0.0007925 0.000553 0.001277
0.002316 0.05432 0.08087 0.122 0.08549 0.0597 0.04166 0.02907 0.02029 0.01416 0.00988 0.006895 0.004811 0.003358 0.002343 0.001635 0.001141 0.0007963 0.0005557 0.001283
0.007738 0.026 0.1524 0.06744 0.08557 0.05994 0.04186 0.02921 0.02038 0.01423 0.009927 0.006927 0.004834 0.003374 0.002354 0.001643 0.001146 8e-04 0.0005583 0.001289
0.005643 0.08688 0.07296 0.1271 0.04728 0.06 0.04203 0.02935 0.02048 0.01429 0.009974 0.00696 0.004857 0.00339 0.002365 0.001651 0.001152 0.0008038 0.0005609 0.001295
0.004586 0.06336 0.2438 0.06084 0.08912 0.03315 0.04207 0.02947 0.02058 0.01436 0.01002 0.006993 0.00488 0.003406 0.002377 0.001658 0.001157 0.0008076 0.0005636 0.001302
0.006173 0.05149 0.1778 0.2033 0.04266 0.06249 0.02324 0.0295 0.02066 0.01443 0.01007 0.007026 0.004903 0.003422 0.002388 0.001666 0.001163 0.0008114 0.0005663 0.001308
0.006057 0.06931 0.1445 0.1482 0.1425 0.02991 0.04381 0.0163 0.02068 0.01449 0.01012 0.00706 0.004926 0.003438 0.002399 0.001674 0.001168 0.0008153 0.0005689 0.001314
0.002446 0.06801 0.1945 0.1205 0.1039 0.09994 0.02097 0.03072 0.01143 0.0145 0.01016 0.007093 0.00495 0.003454 0.00241 0.001682 0.001174 0.0008191 0.0005716 0.00132
0.004174 0.02746 0.1908 0.1622 0.08448 0.07288 0.07007 0.0147 0.02154 0.008012 0.01017 0.007121 0.004973 0.003471 0.002422 0.00169 0.001179 0.000823 0.0005743 0.001326
0.006038 0.04686 0.07706 0.1591 0.1137 0.05923 0.0511 0.04913 0.01031 0.0151 0.005618 0.007128 0.004993 0.003487 0.002433 0.001698 0.001185 0.0008269 0.0005771 0.001333
0.009099 0.06779 0.1315 0.06426 0.1116 0.07973 0.04153 0.03583 0.03445 0.007228 0.01059 0.003939 0.004998 0.003501 0.002445 0.001706 0.001191 0.0008308 0.0005798 0.001339
0.002184 0.1022 0.1902 0.1097 0.04505 0.07824 0.0559 0.02912 0.02512 0.02415 0.005068 0.007424 0.002762 0.003504 0.002455 0.001714 0.001196 0.0008348 0.0005825 0.001345
0.002736 0.02452 0.2867 0.1586 0.07688 0.03159 0.05485 0.03919 0.02042 0.01761 0.01693 0.003553 0.005205 0.001936 0.002457 0.001721 0.001202 0.0008387 0.0005853 0.001352
0.003622 0.03072 0.0688 0.2391 0.1112 0.05391 0.02215 0.03846 0.02748 0.01431 0.01235 0.01187 0.002491 0.003649 0.001358 0.001723 0.001207 0.0008427 0.0005881 0.001358
0.001931 0.04067 0.0862 0.05737 0.1676 0.07798 0.0378 0.01553 0.02697 0.01927 0.01004 0.008658 0.008325 0.001747 0.002559 0.0009519 0.001208 0.000846 0.0005908 0.001365
0.002075 0.02169 0.1141 0.07188 0.04022 0.1175 0.05468 0.0265 0.01089 0.01891 0.01351 0.007037 0.006071 0.005837 0.001225 0.001794 0.0006674 0.0008469 0.0005932 0.001371
0.01053 0.02329 0.06085 0.09517 0.0504 0.0282 0.0824 0.03834 0.01858 0.007634 0.01326 0.009472 0.004934 0.004256 0.004092 0.0008588 0.001258 0.0004679 0.0005938 0.001377
0.004695 0.1183 0.06536 0.05074 0.06673 0.03534 0.01977 0.05777 0.02688 0.01303 0.005353 0.009295 0.006641 0.00346 0.002984 0.002869 0.0006021 0.000882 0.0003281 0.001382
0.002442 0.05272 0.3319 0.05451 0.03558 0.04678 0.02478 0.01386 0.04051 0.01885 0.009134 0.003753 0.006517 0.004656 0.002426 0.002092 0.002012 0.0004222 0.0006184 0.001199
0.00551 0.02742 0.1479 0.2767 0.03822 0.02494 0.0328 0.01737 0.009721 0.0284 0.01321 0.006404 0.002631 0.004569 0.003265 0.001701 0.001467 0.001411 0.000296 0.001274
0.00227 0.06187 0.07694 0.1234 0.194 0.0268 0.01749 0.023 0.01218 0.006816 0.01991 0.009265 0.00449 0.001845 0.003204 0.002289 0.001192 0.001029 0.000989 0.001101
0.006897 0.02549 0.1736 0.06416 0.08649 0.136 0.01879 0.01226 0.01613 0.00854 0.004779 0.01396 0.006496 0.003148 0.001294 0.002246 0.001605 0.0008361 0.0007212 0.001465
0.002283 0.07744 0.07151 0.1448 0.04498 0.06064 0.09539 0.01317 0.008598 0.01131 0.005988 0.003351 0.009789 0.004555 0.002207 0.000907 0.001575 0.001125 0.0005862 0.001533
0.005398 0.02563 0.2173 0.05963 0.1015 0.03154 0.04252 0.06688 0.009236 0.006028 0.007927 0.004198 0.002349 0.006864 0.003193 0.001548 0.0006359 0.001104 0.000789 0.001486
0.002569 0.06061 0.07192 0.1812 0.04181 0.07117 0.02211 0.02981 0.04689 0.006476 0.004227 0.005558 0.002944 0.001647 0.004813 0.002239 0.001085 0.0004459 0.0007743 0.001595
0.002039 0.02884 0.1701 0.05997 0.1271 0.02932 0.0499 0.01551 0.0209 0.03288 0.00454 0.002964 0.003897 0.002064 0.001155 0.003374 0.00157 0.0007609 0.0003126 0.001661
0.006486 0.0229 0.08093 0.1418 0.04205 0.08908 0.02055 0.03499 0.01087 0.01466 0.02305 0.003183 0.002078 0.002732 0.001447 0.0008098 0.002366 0.001101 0.0005335 0.001384
0.004475 0.07282 0.06425 0.06749 0.09944 0.02948 0.06246 0.01441 0.02453 0.007622 0.01028 0.01616 0.002232 0.001457 0.001916 0.001015 0.0005678 0.001659 0.0007718 0.001344
0.003106 0.05025 0.2043 0.05357 0.04732 0.06972 0.02067 0.04379 0.0101 0.0172 0.005344 0.007205 0.01133 0.001565 0.001022 0.001343 0.0007114 0.0003981 0.001163 0.001484
0.006834 0.03488 0.141 0.1704 0.03756 0.03318 0.04888 0.01449 0.0307 0.007085 0.01206 0.003747 0.005052 0.007946 0.001097 0.0007162 0.0009418 0.0004988 0.0002791 0.001856
0.005057 0.07674 0.09787 0.1176 0.1195 0.02634 0.02326 0.03427 0.01016 0.02153 0.004967 0.008455 0.002627 0.003542 0.005571 0.0007694 0.0005022 0.0006604 0.0003497 0.001497
0.009121 0.05678 0.2153 0.08161 0.08244 0.08377 0.01847 0.01631 0.02403 0.007125 0.01509 0.003483 0.005928 0.001842 0.002483 0.003906 0.0005394 0.0003521 0.000463 0.001295
0.004493 0.1024 0.1593 0.1796 0.05722 0.0578 0.05873 0.01295 0.01144 0.01685 0.004995 0.01058 0.002442 0.004157 0.001292 0.001741 0.002739 0.0003782 0.0002469 0.001232
0.01649 0.05044 0.2874 0.1329 0.1259 0.04012 0.04053 0.04118 0.009078 0.008018 0.01181 0.003503 0.007421 0.001712 0.002914 0.0009056 0.001221 0.00192 0.0002652 0.001037
0.009653 0.1851 0.1415 0.2396 0.09316 0.08827 0.02813 0.02842 0.02887 0.006365 0.005622 0.008283 0.002456 0.005203 0.0012 0.002043 0.0006349 0.000856 0.001346 0.0009131
0.002991 0.1084 0.5194 0.118 0.168 0.06532 0.06189 0.01972 0.01992 0.02024 0.004463 0.003942 0.005808 0.001722 0.003648 0.0008417 0.001433 0.0004452 0.0006001 0.001584
0.006247 0.03359 0.3041 0.4331 0.08276 0.1178 0.0458 0.04339 0.01383 0.01397 0.01419 0.003129 0.002764 0.004072 0.001207 0.002558 0.0005902 0.001005 0.0003121 0.001532
1.74 18.07 22.5 59.41 71.15 13.59 19.35 7.523 7.128 2.271 2.295 2.332 0.514 0.454 0.6689 0.1983 0.4201 0.09694 0.165 0.3029
1.348 17.89 42.05 13.97 30.31 36.3 6.935 9.872 3.838 3.636 1.159 1.171 1.189 0.2622 0.2316 0.3412 0.1012 0.2143 0.04945 0.2387
0.9485 16.46 49.1 30.9 8.447 18.33 21.95 4.193 5.969 2.321 2.199 0.7007 0.7079 0.7193 0.1586 0.14 0.2063 0.06118 0.1296 0.1742
0.4268 9.369 36.7 29.06 15.01 4.104 8.904 10.66 2.037 2.9 1.127 1.068 0.3404 0.3439 0.3494 0.07703 0.06803 0.1002 0.02972 0.1476
0.5823 4.558 22.69 23.83 15.53 8.02 2.192 4.757 5.696 1.088 1.549 0.6023 0.5707 0.1819 0.1837 0.1867 0.04115 0.03635 0.05355 0.09474
1.794 6.614 11.72 15.66 13.54 8.821 4.556 1.245 2.702 3.236 0.6183 0.8801 0.3422 0.3242 0.1033 0.1044 0.106 0.02338 0.02065 0.08424
1.271 19.54 16.29 7.725 8.492 7.34 4.782 2.47 0.6752 1.465 1.755 0.3352 0.4772 0.1855 0.1758 0.05602 0.05659 0.0575 0.01268 0.05687
3.362 14.48 50.17 11.19 4.364 4.797 4.146 2.701 1.395 0.3814 0.8275 0.991 0.1893 0.2695 0.1048 0.09928 0.03164 0.03196 0.03248 0.03928
1.183 33.45 32.67 30.22 5.538 2.159 2.374 2.052 1.337 0.6905 0.1887 0.4095 0.4904 0.0937 0.1334 0.05185 0.04913 0.01566 0.01582 0.03551
1.072 14.84 94.37 24.74 18.85 3.454 1.347 1.48 1.28 0.8337 0.4306 0.1177 0.2554 0.3059 0.05844 0.08319 0.03234 0.03064 0.009765 0.03201
0.5515 11.18 34.82 58.79 12.65 9.636 1.766 0.6886 0.7569 0.6543 0.4263 0.2202 0.06019 0.1306 0.1564 0.02988 0.04254 0.01654 0.01567 0.02136
1.185 6.224 28.35 23.51 32.62 7.019 5.346 0.9798 0.3821 0.42 0.363 0.2365 0.1222 0.03339 0.07246 0.08677 0.01658 0.0236 0.009175 0.02055
0.5407 12.34 14.6 17.67 12.03 16.69 3.592 2.736 0.5014 0.1955 0.2149 0.1858 0.121 0.06252 0.01709 0.03708 0.04441 0.008484 0.01208 0.01521
0.7853 5.709 29.46 9.31 9.265 6.308 8.751 1.883 1.434 0.2629 0.1025 0.1127 0.09739 0.06345 0.03277 0.008959 0.01944 0.02328 0.004448 0.0143
1.046 8.84 14.51 20.06 5.214 5.189 3.533 4.901 1.055 0.8033 0.1472 0.05741 0.0631 0.05454 0.03554 0.01836 0.005018 0.01089 0.01304 0.0105
2.064 11.7 22.26 9.759 11.09 2.882 2.868 1.953 2.709 0.5829 0.444 0.08137 0.03173 0.03488 0.03015 0.01964 0.01015 0.002773 0.006018 0.01301
1.449 20.91 26.83 13.62 4.907 5.574 1.449 1.442 0.9819 1.362 0.2931 0.2233 0.04092 0.01595 0.01754 0.01516 0.009877 0.005102 0.001395 0.009568
3.132 17.84 57.87 19.9 8.316 2.995 3.403 0.8846 0.8802 0.5994 0.8314 0.1789 0.1363 0.02497 0.009739 0.0107 0.009253 0.006029 0.003114 0.006692
1.698 31.34 40.26 34.68 9.788 4.091 1.473 1.674 0.4351 0.433 0.2948 0.409 0.088 0.06703 0.01228 0.00479 0.005266 0.004552 0.002965 0.004823
0.8078 18.31 76.51 26.32 18.65 5.262 2.199 0.7921 0.8998 0.2339 0.2328 0.1585 0.2199 0.04731 0.03604 0.006605 0.002575 0.002831 0.002447 0.004188
2.046 9.757 49.71 55.57 15.73 11.14 3.145 1.314 0.4733 0.5377 0.1398 0.1391 0.09472 0.1314 0.02827 0.02154 0.003947 0.001539 0.001692 0.003965
0.7448 22.14 23.67 31.98 29.34 8.303 5.882 1.66 0.6938 0.2499 0.2839 0.0738 0.07343 0.05 0.06936 0.01493 0.01137 0.002084 0.0008125 0.002986
1.641 8.235 54.84 15.56 17.25 15.83 4.479 3.174 0.8956 0.3743 0.1348 0.1531 0.03981 0.03962 0.02698 0.03742 0.008052 0.006133 0.001124 0.002049
0.3016 16.25 18.39 32.51 7.567 8.391 7.699 2.179 1.544 0.4357 0.1821 0.06558 0.07449 0.01937 0.01927 0.01312 0.0182 0.003917 0.002984 0.001544
0.7335 3.392 41.26 12.51 18.18 4.232 4.693 4.306 1.219 0.8634 0.2437 0.1018 0.03668 0.04166 0.01083 0.01078 0.007339 0.01018 0.002191 0.002532
0.5059 7.943 8.294 26.94 6.713 9.759 2.272 2.519 2.311 0.6541 0.4634 0.1308 0.05466 0.01969 0.02236 0.005814 0.005785 0.003939 0.005464 0.002535
3.025 5.585 19.79 5.521 14.75 3.674 5.341 1.243 1.379 1.265 0.358 0.2536 0.07158 0.02991 0.01077 0.01224 0.003182 0.003166 0.002156 0.004378
0.4511 31.07 13 12.31 2.824 7.541 1.879 2.732 0.6358 0.7051 0.6469 0.1831 0.1297 0.03661 0.0153 0.00551 0.006259 0.001627 0.001619 0.003342
1.243 5.532 85.75 9.622 7.501 1.72 4.595 1.145 1.664 0.3874 0.4296 0.3942 0.1115 0.07903 0.0223 0.009321 0.003357 0.003814 0.0009915 0.003023
2.059 12.85 12.88 53.03 4.885 3.808 0.8735 2.333 0.5812 0.845 0.1967 0.2181 0.2001 0.05663 0.04012 0.01132 0.004733 0.001705 0.001936 0.002038
0.3369 20.9 29.58 7.929 26.84 2.473 1.928 0.4421 1.181 0.2942 0.4277 0.09956 0.1104 0.1013 0.02867 0.02031 0.005732 0.002395 0.0008628 0.002012
1.407 3.951 55.43 21.09 4.656 15.76 1.452 1.132 0.2596 0.6933 0.1727 0.2511 0.05846 0.06482 0.05948 0.01683 0.01193 0.003366 0.001407 0.001688
0.7673 15.22 9.652 36.19 11.32 2.499 8.459 0.7792 0.6074 0.1393 0.3721 0.09271 0.1348 0.03137 0.03479 0.03192 0.009033 0.0064 0.001806 0.001661
0.4936 8.813 39.34 6.67 20.56 6.434 1.42 4.807 0.4428 0.3452 0.07918 0.2115 0.05269 0.0766 0.01783 0.01977 0.01814 0.005134 0.003637 0.00197
1.691 5.163 20.79 24.72 3.442 10.61 3.32 0.7327 2.481 0.2285 0.1781 0.04085 0.1091 0.02719 0.03952 0.0092 0.0102 0.00936 0.002649 0.002893
0.3463 17.6 12.18 13.12 12.82 1.786 5.506 1.722 0.3802 1.287 0.1186 0.09242 0.0212 0.05662 0.01411 0.02051 0.004773 0.005293 0.004857 0.002876
0.4228 3.867 44.53 8.279 7.343 7.176 0.9992 3.081 0.9638 0.2127 0.7202 0.06634 0.05171 0.01186 0.03168 0.007893 0.01147 0.002671 0.002962 0.004327
2.009 5.048 10.39 32.02 4.899 4.345 4.246 0.5912 1.823 0.5703 0.1259 0.4261 0.03925 0.0306 0.007018 0.01874 0.00467 0.006789 0.00158 0.004313
1.498 20.1 11.41 6.244 15.8 2.418 2.144 2.095 0.2918 0.8996 0.2814 0.06212 0.2103 0.01937 0.0151 0.003464 0.009251 0.002305 0.003351 0.002908
2.088 17.05 51.63 7.854 3.536 8.952 1.369 1.214 1.187 0.1653 0.5095 0.1594 0.03518 0.1191 0.01097 0.008553 0.001962 0.00524 0.001305 0.003545
1.46 24.32 44.58 36 4.501 2.027 5.13 0.7848 0.696 0.6802 0.09472 0.292 0.09136 0.02016 0.06827 0.006288 0.004902 0.001124 0.003003 0.00278
1.618 14.38 54.08 26.31 17.44 2.181 0.9819 2.485 0.3802 0.3372 0.3295 0.04588 0.1415 0.04426 0.009768 0.03307 0.003046 0.002375 0.0005447 0.002801
0.9541 18.29 36.72 37 14.81 9.816 1.227 0.5526 1.399 0.214 0.1898 0.1855 0.02582 0.07962 0.02491 0.005497 0.01861 0.001714 0.001336 0.001883
0.666 10.24 44.34 23.79 19.7 7.887 5.228 0.6536 0.2943 0.7449 0.1139 0.1011 0.09877 0.01375 0.0424 0.01327 0.002928 0.009912 0.0009131 0.001715
2.242 7.454 25.86 29.97 13.22 10.95 4.383 2.905 0.3632 0.1636 0.414 0.06333 0.05616 0.05489 0.007643 0.02356 0.007372 0.001627 0.005509 0.00146
1.813 22.94 17.29 16.03 15.27 6.735 5.579 2.233 1.48 0.185 0.08332 0.2109 0.03226 0.02861 0.02796 0.003894 0.012 0.003756 0.0008289 0.00355
3.352 20.37 58.43 11.83 9.029 8.6 3.794 3.143 1.258 0.8337 0.1042 0.04694 0.1188 0.01817 0.01612 0.01575 0.002193 0.006763 0.002116 0.002467
1.814 38.85 53.24 40.89 6.811 5.198 4.951 2.184 1.809 0.7242 0.48 0.06001 0.02702 0.0684 0.01046 0.009279 0.009069 0.001263 0.003893 0.002638
1.849 20.19 97.18 35.46 22.37 3.727 2.844 2.709 1.195 0.99 0.3963 0.2627 0.03284 0.01479 0.03743 0.005725 0.005078 0.004963 0.000691 0.003574
1.194 20.39 49.97 63.93 19.16 12.09 2.013 1.537 1.463 0.6457 0.5348 0.2141 0.1419 0.01774 0.007988 0.02022 0.003093 0.002743 0.002681 0.002304
0.9956 11.66 45.06 29.37 30.85 9.243 5.832 0.9714 0.7414 0.7061 0.3115 0.258 0.1033 0.06846 0.00856 0.003854 0.009756 0.001492 0.001324 0.002405
1.225 12.23 32.23 33.39 17.91 18.81 5.638 3.557 0.5925 0.4522 0.4307 0.19 0.1574 0.063 0.04176 0.005221 0.002351 0.00595 0.0009102 0.002274
1.59 13 29.16 20.4 17.35 9.306 9.773 2.929 1.848 0.3078 0.2349 0.2237 0.0987 0.08176 0.03273 0.02169 0.002712 0.001221 0.003091 0.001654
1.943 17.62 32.36 19.31 11.1 9.438 5.063 5.318 1.593 1.005 0.1675 0.1278 0.1217 0.0537 0.04448 0.0178 0.0118 0.001476 0.0006644 0.002582
2.948 19.55 40.07 19.58 9.596 5.514 4.689 2.516 2.642 0.7916 0.4995 0.0832 0.0635 0.06048 0.02668 0.0221 0.008846 0.005863 0.0007331 0.001613
1.011 31.98 48.06 26.41 10.61 5.202 2.99 2.542 1.364 1.432 0.4292 0.2708 0.04511 0.03443 0.03279 0.01447 0.01198 0.004796 0.003179 0.001272
0.7378 11.63 83.04 33.46 15.13 6.081 2.98 1.713 1.456 0.7813 0.8206 0.2459 0.1551 0.02584 0.01972 0.01878 0.008287 0.006864 0.002748 0.00255
1.45 8.286 29.4 55.97 18.53 8.379 3.368 1.651 0.9487 0.8067 0.4328 0.4545 0.1362 0.08593 0.01431 0.01092 0.01041 0.004591 0.003802 0.002934
1.458 14.97 19.32 18.25 28.54 9.449 4.272 1.717 0.8417 0.4837 0.4113 0.2207 0.2317 0.06944 0.04381 0.007298 0.00557 0.005305 0.00234 0.003435
2.356 17.37 40.07 13.82 10.74 16.79 5.559 2.514 1.01 0.4952 0.2846 0.242 0.1298 0.1363 0.04086 0.02578 0.004294 0.003277 0.003121 0.003398
