Originally  
101 
A 
2	100	
1	1	NA	NA	
1	20	
1 336.5 278 336.5 131.7 58.52 102.4 58.52 29.26 14.63 43.89 14.63 0 14.63 0 14.63 14.63 0 14.63 0 0
1 355.3 423 152.3 253.8 186.1 101.5 101.5 33.84 16.92 50.76 0 16.92 0 0 0 0 0 0 0 0
1 382.2 254.8 216.6 114.7 63.7 76.44 50.96 38.22 0 0 38.22 25.48 0 0 0 0 0 12.74 0 0
1 273.9 313 91.31 156.5 117.4 65.22 117.4 26.09 39.13 65.22 26.09 0 0 13.04 0 0 0 0 0 0
1 1053 189.5 294.8 147.4 126.3 84.23 42.12 0 21.06 42.12 21.06 42.12 21.06 0 0 0 21.06 0 0 0
1 404.9 530.6 41.89 69.81 27.92 69.81 97.73 13.96 13.96 27.92 27.92 27.92 0 0 13.96 13.96 0 0 13.96 0
1 447.3 288.6 288.6 101 115.4 57.72 86.58 0 14.43 28.86 0 0 0 14.43 0 0 0 0 0 0
1 397.4 227.1 212.9 198.7 99.36 14.19 28.39 85.16 28.39 28.39 28.39 14.19 28.39 0 14.19 0 14.19 0 0 0
1 515.2 591.5 114.5 305.3 171.7 38.16 38.16 19.08 76.33 19.08 0 0 0 19.08 0 0 0 0 0 0
1 150.8 477.5 238.7 87.96 87.96 87.96 25.13 37.7 12.57 12.57 0 25.13 12.57 0 0 0 0 0 0 0
1 301.8 178.8 201.2 167.6 44.71 89.41 55.88 11.18 22.35 11.18 11.18 11.18 11.18 0 0 0 0 0 0 0
1 483.9 306.5 112.9 209.7 209.7 48.39 112.9 64.52 32.26 16.13 0 16.13 0 0 0 0 0 0 0 0
1 716.3 279.5 244.6 52.41 174.7 87.35 34.94 34.94 104.8 0 0 0 0 0 17.47 0 0 0 0 0
1 230 582.7 260.7 184 61.34 46.01 30.67 15.34 76.68 46.01 0 0 0 0 0 0 0 0 0 0
1 221.6 235.4 387.8 138.5 83.1 96.95 83.1 69.25 27.7 27.7 0 0 0 0 0 0 0 13.85 0 0
1 612.7 408.5 122.5 449.3 122.5 143 61.27 40.85 20.42 20.42 20.42 0 0 0 0 0 0 20.42 0 0
1 212.2 187.2 174.7 74.89 237.2 99.85 99.85 0 74.89 12.48 37.45 0 37.45 0 0 0 0 0 0 0
1 244.3 107.5 127 107.5 78.18 136.8 68.41 29.32 0 29.32 29.32 19.55 0 0 0 0 0 0 0 0
1 927.7 130.2 146.5 130.2 65.1 16.27 113.9 48.82 32.55 0 0 0 0 16.27 0 0 0 0 0 0
1 505.2 767.1 93.55 112.3 93.55 74.84 37.42 112.3 18.71 18.71 0 18.71 0 0 18.71 0 0 0 0 0
1 170.8 341.7 455.6 28.47 142.4 85.42 28.47 14.24 42.71 56.95 0 14.24 14.24 0 0 0 14.24 0 0 14.24
1 446.6 144.1 158.5 475.4 57.62 43.22 100.8 14.41 0 0 0 0 0 0 0 0 0 0 0 0
1 294.5 450.4 173.2 155.9 346.4 51.97 69.29 51.97 34.64 0 34.64 17.32 34.64 0 17.32 0 0 0 0 0
1 748.3 119.7 254.4 29.93 74.83 164.6 14.97 29.93 14.97 14.97 0 14.97 0 14.97 0 0 0 0 0 0
1 207.8 536.7 190.5 277 34.63 155.8 259.7 0 0 17.31 17.31 0 17.31 0 0 0 0 17.31 0 0
1 494.1 134.7 329.4 74.86 134.7 89.83 59.89 104.8 0 0 29.94 0 0 29.94 14.97 0 0 0 0 0
1 248.1 446.7 136.5 124.1 62.04 86.85 12.41 62.04 49.63 0 0 12.41 0 0 0 0 0 0 0 0
1 207.4 231.8 231.8 122 170.8 24.4 61 12.2 48.8 73.2 12.2 12.2 0 0 0 0 12.2 0 0 0
1 480.8 102.3 81.84 143.2 51.15 71.61 30.69 0 10.23 10.23 0 20.46 0 10.23 10.23 0 0 0 0 0
1 405.7 393.1 101.4 50.72 101.4 25.36 63.4 0 25.36 0 50.72 38.04 0 12.68 0 0 0 0 0 0
1 201.8 213 347.5 44.84 78.47 78.47 0 56.05 11.21 11.21 0 44.84 11.21 0 11.21 0 11.21 0 0 0
1 481.7 172 137.6 137.6 22.94 34.4 68.81 11.47 45.87 11.47 0 11.47 0 0 0 0 0 0 0 11.47
1 411.5 349.1 174.6 49.88 87.29 37.41 49.88 24.94 0 12.47 12.47 0 0 12.47 0 12.47 0 12.47 0 0
1 942.3 424 329.8 141.3 188.5 141.3 47.12 23.56 70.67 0 23.56 23.56 0 0 0 0 0 0 0 0
1 524 649.8 251.5 293.4 83.84 62.88 83.84 20.96 20.96 41.92 0 20.96 0 0 41.92 0 0 0 0 0
1 1655 236.4 354.6 206.8 206.8 147.7 0 59.09 29.55 29.55 0 0 0 0 29.55 0 0 0 0 0
1 690.6 1180 287.8 402.9 115.1 57.55 57.55 0 57.55 0 28.78 0 0 0 0 0 0 0 0 0
1 301.1 501.9 1079 100.4 301.1 75.28 100.4 25.09 0 0 0 0 0 25.09 0 0 0 0 0 0
1 651.3 275.5 576.1 651.3 175.3 75.15 50.1 25.05 0 0 25.05 0 0 0 0 0 0 0 0 0
1 604.1 559.3 67.12 447.5 335.6 22.37 67.12 22.37 44.75 22.37 0 0 22.37 0 0 0 22.37 0 0 0
1 455.2 354 168.6 84.29 236 185.4 16.86 50.57 33.72 33.72 16.86 50.57 0 0 0 0 0 0 0 0
1 551.3 505.4 436.5 252.7 45.94 206.7 137.8 45.94 68.91 0 22.97 0 0 22.97 0 0 0 0 0 0
1 158.5 317.1 317.1 281.8 176.2 35.23 123.3 211.4 88.08 0 17.62 17.62 0 0 0 0 0 17.62 0 0
1 253 92 69 253 115 149.5 34.5 69 57.5 34.5 11.5 11.5 0 0 0 0 0 0 0 0
1 592 134.5 40.36 174.9 148 53.82 53.82 13.45 40.36 80.73 13.45 0 0 0 0 0 0 0 0 0
1 470.1 404.9 78.36 65.3 78.36 26.12 65.3 0 13.06 52.24 26.12 0 13.06 13.06 0 0 0 0 0 0
1 1542 361.4 216.9 48.19 48.19 24.1 48.19 24.1 72.29 0 24.1 0 0 0 0 0 0 0 0 0
1 370.4 1254 427.4 313.4 142.5 114 0 56.99 85.48 0 0 0 56.99 0 0 0 0 28.49 0 0
1 386 386 675.4 173.7 193 0 19.3 19.3 57.89 19.3 0 0 0 0 0 0 0 0 0 0
1 305.6 305.6 203.7 334.7 116.4 116.4 14.55 14.55 0 14.55 0 14.55 14.55 0 0 0 0 0 0 0
1 308 86.62 144.4 154 154 57.74 9.624 0 19.25 9.624 0 0 0 0 9.624 9.624 0 0 0 0
1 234.1 323.2 100.3 100.3 78.02 178.3 33.44 33.44 0 0 0 11.15 11.15 0 0 11.15 0 0 0 0
1 265.4 189.6 161.2 56.88 66.36 47.4 104.3 37.92 9.479 0 0 0 9.479 0 0 0 0 0 0 0
1 413.5 296.9 116.6 63.62 53.02 31.81 31.81 31.81 0 10.6 10.6 0 0 0 0 0 0 0 0 0
1 657.8 186.2 148.9 74.46 99.28 12.41 12.41 0 24.82 0 0 0 0 0 0 24.82 0 0 0 0
1 549.7 342 195.4 48.86 48.86 12.21 0 0 0 12.21 0 12.21 0 0 0 0 0 0 0 0
1 1670 468.7 439.4 146.5 29.29 58.59 58.59 0 29.29 0 29.29 0 0 0 0 0 0 0 0 0
1 355.8 489.2 311.3 192.7 14.82 14.82 14.82 44.47 0 0 0 44.47 0 0 0 0 0 0 0 0
1 287.7 408.9 530 151.4 60.58 30.29 15.14 15.14 15.14 0 0 0 0 0 0 0 0 0 0 0
1 424.9 87.16 217.9 207 65.37 32.68 21.79 10.89 10.89 0 0 0 0 10.89 0 0 0 0 0 0
1 256.9 327 163.5 198.5 105.1 70.07 11.68 0 11.68 11.68 11.68 0 0 0 0 0 0 0 0 0
1 627.7 279 435.9 122.1 156.9 52.31 52.31 0 17.44 0 0 0 0 0 0 0 0 0 0 0
1 122.5 339.3 113.1 141.4 47.13 84.83 56.55 0 18.85 0 18.85 0 0 0 0 0 0 0 0 0
1 255.2 71.78 199.4 87.73 127.6 15.95 23.93 7.976 7.976 0 0 0 0 0 0 0 0 0 0 0
1 166.7 173.1 57.72 147.5 25.65 44.89 0 6.413 6.413 0 12.83 0 0 0 0 0 0 0 0 0
1 737.5 147.5 102.1 11.35 79.42 0 56.73 0 0 0 0 0 0 0 0 0 0 0 0 0
1 61.53 507.6 30.77 76.92 30.77 53.84 0 0 7.692 0 0 0 0 0 0 0 0 0 0 0
1 240.8 77.06 452.7 86.69 48.16 28.9 9.632 0 19.26 0 0 0 0 0 0 0 0 0 0 0
1 317.6 139.4 77.47 193.7 15.49 7.747 7.747 7.747 0 7.747 0 0 0 0 0 0 0 0 0 0
1 35.78 238.5 113.3 23.85 137.1 5.963 11.93 5.963 17.89 5.963 0 0 0 0 0 0 0 0 0 0
1 244.6 53.18 111.7 47.86 21.27 31.91 5.318 10.64 0 5.318 0 0 0 0 0 0 0 0 0 0
1 130.2 243.3 45.27 90.55 16.98 5.659 33.96 0 0 0 0 0 0 0 0 0 0 0 0 0
1 76.32 52.04 114.5 10.41 55.51 10.41 3.469 24.28 0 0 0 0 0 0 0 0 0 0 0 0
1 261 84.64 119.9 148.1 14.11 56.43 0 0 21.16 0 0 0 0 0 0 0 0 0 0 0
1 69.57 198.8 49.69 94.41 49.69 4.969 14.91 4.969 0 4.969 0 4.969 0 0 0 0 0 0 0 0
1 68.23 17.8 121.6 29.67 17.8 23.73 0 17.8 0 0 0 0 0 0 0 0 0 0 0 0
1 166.9 30.34 12.14 66.75 9.102 3.034 6.068 0 6.068 3.034 0 0 0 0 0 0 0 0 0 0
1 174.8 124.3 23.3 19.42 15.53 15.53 7.767 3.883 0 0 3.883 0 0 0 0 0 0 0 0 0
1 359.9 169.8 101.9 13.58 0 27.16 6.791 0 0 0 0 0 0 0 0 0 0 0 0 0
1 137.3 146.7 85.2 80.46 4.733 14.2 4.733 0 0 0 0 0 0 0 0 0 0 0 0 0
1 117.1 52.69 55.62 35.13 26.35 0 0 5.855 0 0 0 0 0 0 0 0 0 0 0 0
1 97.71 79.39 36.64 42.75 9.161 30.54 0 0 3.054 3.054 0 3.054 0 0 0 0 0 0 0 0
1 57.59 62.39 59.99 24 16.8 4.8 9.599 0 0 2.4 0 2.4 0 0 0 0 0 0 0 0
1 265.4 46.56 37.24 55.87 27.93 18.62 9.311 4.656 0 0 0 0 0 0 0 0 0 0 0 0
1 140.4 112.3 24.57 17.55 31.59 7.019 14.04 3.51 0 0 0 0 0 0 0 0 0 0 0 0
1 359.2 122 135.6 27.11 0 13.56 6.778 0 13.56 0 0 0 0 0 0 0 0 0 0 0
1 109.7 156.7 66.61 35.26 11.75 7.837 3.918 0 0 0 0 0 0 0 0 0 0 0 0 0
1 174.1 150.8 104.4 75.42 40.61 5.802 11.6 17.41 0 0 0 0 0 0 0 0 0 0 0 0
1 142.2 94.83 60.35 77.59 25.86 30.17 0 0 0 0 0 0 0 0 0 0 0 0 0 0
1 126.7 75.31 41.08 41.08 23.96 20.54 10.27 0 0 0 0 3.423 0 0 0 0 0 0 0 0
1 157 89.1 50.91 33.94 33.94 42.43 12.73 4.243 0 0 0 0 0 0 0 0 0 0 0 0
1 271.3 109.7 57.73 63.5 40.41 11.55 23.09 0 0 0 0 0 0 0 0 0 0 0 0 0
1 202.5 146.8 75.93 25.31 5.062 25.31 5.062 15.19 5.062 0 0 0 0 0 0 0 0 0 0 0
1 232.5 90.98 101.1 50.55 0 20.22 10.11 0 0 0 0 0 0 0 0 0 0 0 0 0
1 108.1 237.7 91.85 64.83 16.21 0 5.403 0 5.403 0 0 10.81 0 0 0 0 0 0 0 0
1 106.9 63.16 194.3 24.29 48.59 24.29 0 9.717 4.859 0 9.717 0 0 0 0 0 0 0 0 0
1 115.2 61.2 43.2 64.8 25.2 21.6 18 3.6 0 3.6 0 3.6 0 0 0 0 0 0 0 0
1 199.4 120.5 27.82 13.91 60.27 4.636 18.54 9.272 4.636 0 0 4.636 0 0 0 0 0 0 0 0
1 367.1 198.9 107.1 30.59 22.95 22.95 0 15.3 0 0 0 0 0 0 0 0 0 0 0 0
