 landings-at-age - landings.n (units : NA )
1	2	
2	100	
1	20	
1 
0.02659 0.2984 0.8352 0.6934 0.4839 0.3377 0.2357 0.1644 0.1148 0.08008 0.05589 0.039 0.02722 0.01899 0.01325 0.009249 0.006454 0.004504 0.003143 0.007259
0.004254 0.05216 0.1462 0.1214 0.08475 0.05914 0.04127 0.0288 0.0201 0.01403 0.009787 0.00683 0.004766 0.003326 0.002321 0.00162 0.00113 0.0007888 0.0005504 0.001271
0.004595 0.04776 0.1464 0.1219 0.08515 0.05942 0.04147 0.02894 0.02019 0.01409 0.009834 0.006862 0.004789 0.003342 0.002332 0.001627 0.001136 0.0007925 0.000553 0.001277
0.004311 0.05159 0.134 0.122 0.08549 0.0597 0.04166 0.02907 0.02029 0.01416 0.00988 0.006895 0.004811 0.003358 0.002343 0.001635 0.001141 0.0007963 0.0005557 0.001283
0.002418 0.0484 0.1448 0.1118 0.08557 0.05994 0.04186 0.02921 0.02038 0.01423 0.009927 0.006927 0.004834 0.003374 0.002354 0.001643 0.001146 8e-04 0.0005583 0.001289
0.003048 0.02715 0.1358 0.1207 0.07835 0.06 0.04203 0.02935 0.02048 0.01429 0.009974 0.00696 0.004857 0.00339 0.002365 0.001651 0.001152 0.0008038 0.0005609 0.001295
0.007992 0.03423 0.07619 0.1133 0.08464 0.05494 0.04207 0.02947 0.02058 0.01436 0.01002 0.006993 0.00488 0.003406 0.002377 0.001658 0.001157 0.0008076 0.0005636 0.001302
0.004387 0.08974 0.09605 0.06353 0.07941 0.05934 0.03852 0.0295 0.02066 0.01443 0.01007 0.007026 0.004903 0.003422 0.002388 0.001666 0.001163 0.0008114 0.0005663 0.001308
0.003603 0.04926 0.2518 0.08009 0.04454 0.05568 0.04161 0.02701 0.02068 0.01449 0.01012 0.00706 0.004926 0.003438 0.002399 0.001674 0.001168 0.0008153 0.0005689 0.001314
0.004221 0.04046 0.1382 0.21 0.05616 0.03123 0.03904 0.02917 0.01894 0.0145 0.01016 0.007093 0.00495 0.003454 0.00241 0.001682 0.001174 0.0008191 0.0005716 0.00132
0.006595 0.04739 0.1135 0.1153 0.1472 0.03937 0.0219 0.02737 0.02045 0.01328 0.01017 0.007121 0.004973 0.003471 0.002422 0.00169 0.001179 0.000823 0.0005743 0.001326
0.002916 0.07405 0.133 0.09467 0.08082 0.1032 0.02761 0.01535 0.01919 0.01434 0.009309 0.007128 0.004993 0.003487 0.002433 0.001698 0.001185 0.0008269 0.0005771 0.001333
0.00528 0.03274 0.2078 0.1109 0.06638 0.05667 0.07238 0.01936 0.01077 0.01346 0.01006 0.006527 0.004998 0.003501 0.002445 0.001706 0.001191 0.0008308 0.0005798 0.001339
0.004369 0.05929 0.09188 0.1733 0.07775 0.04654 0.03973 0.05075 0.01357 0.007548 0.009434 0.00705 0.004576 0.003504 0.002455 0.001714 0.001196 0.0008348 0.0005825 0.001345
0.003193 0.04906 0.1664 0.07661 0.1215 0.05452 0.03263 0.02786 0.03558 0.009515 0.005292 0.006615 0.004943 0.003209 0.002457 0.001721 0.001202 0.0008387 0.0005853 0.001352
0.002506 0.03585 0.1377 0.1387 0.05372 0.08517 0.03822 0.02288 0.01953 0.02495 0.006672 0.003711 0.004638 0.003466 0.00225 0.001723 0.001207 0.0008427 0.0005881 0.001358
0.004366 0.02814 0.1006 0.1148 0.09726 0.03766 0.05972 0.0268 0.01604 0.01369 0.01749 0.004678 0.002602 0.003252 0.00243 0.001577 0.001208 0.000846 0.0005908 0.001365
0.003342 0.04902 0.07896 0.08388 0.08049 0.0682 0.02641 0.04187 0.01879 0.01125 0.009602 0.01226 0.00328 0.001824 0.00228 0.001704 0.001106 0.0008469 0.0005932 0.001371
0.00418 0.03752 0.1375 0.06584 0.05881 0.05643 0.04782 0.01852 0.02936 0.01318 0.007886 0.006732 0.008599 0.0023 0.001279 0.001599 0.001195 0.0007754 0.0005938 0.001377
0.005266 0.04693 0.1053 0.1147 0.04617 0.04124 0.03957 0.03353 0.01298 0.02058 0.009238 0.005529 0.00472 0.006029 0.001612 0.0008967 0.001121 0.0008376 0.0005437 0.001382
0.004901 0.05913 0.1317 0.08779 0.08042 0.03237 0.02891 0.02774 0.02351 0.009102 0.01443 0.006477 0.003877 0.00331 0.004227 0.00113 0.0006287 0.0007859 0.0005873 0.00135
0.003252 0.05503 0.1659 0.1098 0.06156 0.05638 0.02269 0.02027 0.01945 0.01648 0.006382 0.01012 0.004541 0.002718 0.002321 0.002964 0.0007926 0.0004408 0.000551 0.001358
0.003336 0.03652 0.1544 0.1384 0.077 0.04316 0.03953 0.01591 0.01421 0.01364 0.01156 0.004475 0.007095 0.003184 0.001906 0.001627 0.002078 0.0005558 0.0003091 0.001339
0.00581 0.03745 0.1025 0.1288 0.09701 0.05399 0.03026 0.02772 0.01116 0.009966 0.009563 0.008102 0.003137 0.004975 0.002232 0.001336 0.001141 0.001457 0.0003897 0.001155
0.003115 0.06524 0.1051 0.08545 0.09027 0.06802 0.03785 0.02122 0.01943 0.007823 0.006987 0.006705 0.005681 0.0022 0.003488 0.001565 0.0009369 0.0007999 0.001022 0.001083
0.003754 0.03497 0.1831 0.08764 0.05991 0.06329 0.04769 0.02654 0.01488 0.01363 0.005485 0.004899 0.004701 0.003983 0.001542 0.002446 0.001097 0.0006569 0.0005608 0.001476
0.003842 0.04215 0.09813 0.1526 0.06145 0.04201 0.04438 0.03344 0.01861 0.01043 0.009554 0.003846 0.003435 0.003296 0.002793 0.001081 0.001715 0.0007695 0.0004606 0.001428
0.004999 0.04314 0.1183 0.08183 0.107 0.04308 0.02945 0.03112 0.02344 0.01305 0.007313 0.006699 0.002696 0.002408 0.002311 0.001958 0.0007582 0.001202 0.0005395 0.001324
0.004324 0.05613 0.1211 0.09863 0.05737 0.07504 0.03021 0.02065 0.02182 0.01644 0.009148 0.005128 0.004697 0.001891 0.001689 0.00162 0.001373 0.0005316 0.0008429 0.001307
0.00505 0.04855 0.1575 0.101 0.06915 0.04023 0.05262 0.02118 0.01448 0.0153 0.01153 0.006414 0.003595 0.003293 0.001326 0.001184 0.001136 0.0009626 0.0003727 0.001507
0.003353 0.0567 0.1362 0.1313 0.07078 0.04848 0.02821 0.03689 0.01485 0.01015 0.01073 0.008081 0.004497 0.002521 0.002309 0.0009294 0.0008301 0.0007966 0.0006749 0.001318
0.004275 0.03765 0.1591 0.1136 0.09209 0.04963 0.03399 0.01978 0.02587 0.01041 0.007118 0.00752 0.005666 0.003153 0.001767 0.001619 0.0006516 0.000582 0.0005585 0.001397
0.005058 0.048 0.1056 0.1327 0.07965 0.06457 0.0348 0.02384 0.01387 0.01814 0.0073 0.004991 0.005272 0.003973 0.002211 0.001239 0.001135 0.0004569 0.0004081 0.001371
0.004995 0.05679 0.1347 0.08808 0.09302 0.05585 0.04527 0.0244 0.01671 0.009722 0.01272 0.005118 0.003499 0.003697 0.002785 0.00155 0.0008689 0.0007959 0.0003203 0.001248
0.003456 0.05609 0.1593 0.1123 0.06176 0.06522 0.03916 0.03174 0.01711 0.01172 0.006816 0.008916 0.003589 0.002453 0.002592 0.001953 0.001087 0.0006092 0.000558 0.001099
0.002972 0.03881 0.1574 0.1329 0.07874 0.0433 0.04573 0.02746 0.02226 0.01199 0.008216 0.004779 0.006251 0.002516 0.00172 0.001817 0.001369 0.000762 0.0004271 0.001162
0.002415 0.03337 0.1089 0.1312 0.09317 0.05521 0.03036 0.03206 0.01925 0.0156 0.008409 0.00576 0.003351 0.004383 0.001764 0.001206 0.001274 0.0009601 0.0005343 0.001114
0.00552 0.02712 0.09362 0.09081 0.09202 0.06532 0.03871 0.02129 0.02248 0.0135 0.01094 0.005896 0.004039 0.002349 0.003073 0.001237 0.0008456 0.0008934 0.0006731 0.001156
0.004546 0.06198 0.0761 0.07807 0.06367 0.06452 0.0458 0.02714 0.01493 0.01576 0.009464 0.007671 0.004134 0.002832 0.001647 0.002155 0.0008673 0.0005929 0.0006264 0.001282
1.214 13.15 41.52 14.87 12.82 10.46 10.6 7.523 4.458 2.452 2.589 1.554 1.26 0.6791 0.4651 0.2706 0.3539 0.1425 0.09739 0.3135
0.952 12.49 30.6 25.78 7.585 6.542 5.336 5.407 3.838 2.274 1.251 1.321 0.793 0.6428 0.3464 0.2373 0.138 0.1806 0.07268 0.2096
1.433 11.63 34.27 22.49 15.59 4.586 3.956 3.226 3.269 2.321 1.375 0.7563 0.7987 0.4795 0.3887 0.2095 0.1435 0.08347 0.1092 0.1707
0.7888 14.15 25.92 20.29 10.92 7.573 2.228 1.922 1.567 1.588 1.127 0.6681 0.3674 0.388 0.233 0.1888 0.1018 0.06971 0.04055 0.136
0.9109 8.426 34.28 16.83 10.84 5.836 4.046 1.19 1.027 0.8374 0.8485 0.6023 0.3569 0.1963 0.2073 0.1245 0.1009 0.05437 0.03724 0.09431
0.9339 10.35 21.66 23.66 9.563 6.157 3.315 2.298 0.6762 0.5833 0.4757 0.482 0.3422 0.2028 0.1115 0.1178 0.0707 0.05731 0.03089 0.07474
0.906 10.17 25.49 14.28 12.83 5.185 3.338 1.798 1.246 0.3666 0.3162 0.2579 0.2613 0.1855 0.1099 0.06046 0.06384 0.03833 0.03107 0.05727
1.11 10.32 26.12 17.51 8.065 7.246 2.929 1.885 1.015 0.7038 0.2071 0.1786 0.1457 0.1476 0.1048 0.0621 0.03415 0.03606 0.02165 0.0499
1.318 11.05 23.28 15.73 8.663 3.991 3.586 1.449 0.933 0.5024 0.3483 0.1025 0.08839 0.07209 0.07305 0.05186 0.03073 0.0169 0.01785 0.03541
1.11 16.52 31.17 17.63 9.812 5.403 2.489 2.236 0.9039 0.5819 0.3134 0.2172 0.06391 0.05513 0.04496 0.04556 0.03234 0.01917 0.01054 0.03321
1.255 11.58 38.79 19.42 9.016 5.017 2.763 1.273 1.144 0.4622 0.2975 0.1602 0.1111 0.03268 0.02819 0.02299 0.0233 0.01654 0.0098 0.02237
1.494 14.17 29.35 26.19 10.77 5.002 2.784 1.533 0.7062 0.6344 0.2564 0.1651 0.0889 0.06163 0.01813 0.01564 0.01276 0.01293 0.009175 0.01785
1.795 15.56 33.23 18.3 13.4 5.514 2.56 1.425 0.7844 0.3614 0.3247 0.1312 0.08448 0.04549 0.03154 0.009279 0.008004 0.006528 0.006615 0.01383
1.221 18.95 37.14 21.19 9.592 7.026 2.89 1.342 0.7468 0.4112 0.1895 0.1702 0.06879 0.04429 0.02385 0.01653 0.004864 0.004196 0.003422 0.01072
1.105 13.75 48.18 25.29 11.87 5.372 3.935 1.619 0.7516 0.4183 0.2303 0.1061 0.09533 0.03853 0.0248 0.01336 0.00926 0.002724 0.00235 0.00792
1.506 12.35 34.62 32.39 13.98 6.561 2.969 2.175 0.8948 0.4154 0.2312 0.1273 0.05865 0.05269 0.0213 0.01371 0.007383 0.005118 0.001506 0.005676
1.724 15.26 28.33 21.19 16.29 7.029 3.299 1.493 1.094 0.4499 0.2089 0.1162 0.06401 0.02949 0.02649 0.01071 0.006894 0.003712 0.002573 0.003611
1.088 21.22 42.24 21.01 12.93 9.942 4.29 2.014 0.9113 0.6676 0.2746 0.1275 0.07095 0.03907 0.018 0.01617 0.006536 0.004208 0.002266 0.003775
1.336 10.89 47.89 25.32 10.34 6.362 4.89 2.11 0.9904 0.4483 0.3284 0.1351 0.06272 0.0349 0.01922 0.008854 0.007955 0.003215 0.00207 0.002972
0.8541 14.41 26.58 31.31 13.61 5.557 3.42 2.629 1.135 0.5325 0.241 0.1765 0.07263 0.03372 0.01876 0.01033 0.00476 0.004277 0.001729 0.00271
1.489 10.32 39.12 19.3 18.71 8.133 3.321 2.044 1.571 0.678 0.3182 0.144 0.1055 0.0434 0.02015 0.01121 0.006174 0.002845 0.002556 0.002653
0.8161 16.11 25.03 25.16 10.19 9.876 4.294 1.753 1.079 0.8294 0.3579 0.168 0.07603 0.05569 0.02291 0.01064 0.005919 0.00326 0.001502 0.00275
1.824 9.024 39.92 16.45 13.57 5.498 5.328 2.316 0.9457 0.5821 0.4475 0.1931 0.09062 0.04102 0.03005 0.01236 0.005739 0.003194 0.001758 0.002294
1.092 18.05 20.15 23.66 8 6.603 2.674 2.592 1.127 0.46 0.2832 0.2177 0.09393 0.04408 0.01995 0.01462 0.006013 0.002791 0.001553 0.001971
0.4863 12.28 45.85 13.7 13.24 4.475 3.693 1.496 1.45 0.6302 0.2573 0.1584 0.1217 0.05253 0.02466 0.01116 0.008175 0.003363 0.001561 0.001971
1.094 5.266 30.02 29.94 7.356 7.104 2.402 1.982 0.8028 0.7781 0.3383 0.1381 0.08501 0.06534 0.0282 0.01323 0.00599 0.004388 0.001805 0.001896
0.9898 12.08 13.12 19.99 16.39 4.026 3.888 1.314 1.085 0.4394 0.4258 0.1851 0.07558 0.04652 0.03576 0.01543 0.007243 0.003278 0.002401 0.002026
1.021 10.17 28.12 8.161 10.22 8.38 2.059 1.988 0.6722 0.5548 0.2247 0.2178 0.09468 0.03866 0.02379 0.01829 0.007892 0.003704 0.001677 0.002264
0.8546 12.52 28.06 20.81 4.973 6.228 5.106 1.254 1.212 0.4096 0.3381 0.1369 0.1327 0.05769 0.02355 0.0145 0.01114 0.004809 0.002257 0.002401
1.074 8.831 29.15 17.35 10.57 2.525 3.162 2.592 0.6369 0.6151 0.208 0.1716 0.06951 0.06737 0.02929 0.01196 0.00736 0.005658 0.002441 0.002365
0.5975 10.9 20.34 17.95 8.783 5.348 1.278 1.6 1.312 0.3224 0.3113 0.1053 0.08687 0.03518 0.0341 0.01482 0.006053 0.003726 0.002864 0.002433
1.203 7.007 28.9 14.5 10.54 5.157 3.14 0.7503 0.9397 0.7704 0.1893 0.1828 0.0618 0.05101 0.02066 0.02002 0.008704 0.003554 0.002188 0.00311
0.8224 13.01 17.12 18.87 7.782 5.656 2.768 1.685 0.4027 0.5043 0.4135 0.1016 0.09811 0.03317 0.02738 0.01109 0.01075 0.004671 0.001907 0.002843
1.662 9.445 33.63 11.83 10.72 4.423 3.215 1.573 0.9578 0.2288 0.2866 0.235 0.05773 0.05576 0.01885 0.01556 0.006301 0.006107 0.002655 0.0027
1.107 17.38 22.29 21.13 6.103 5.533 2.282 1.659 0.8116 0.4942 0.1181 0.1479 0.1212 0.02979 0.02877 0.009726 0.008028 0.003251 0.003151 0.002763
1.114 11.52 41 14.06 10.96 3.167 2.871 1.184 0.8606 0.4211 0.2564 0.06127 0.07673 0.06291 0.01546 0.01493 0.005047 0.004165 0.001687 0.003069
0.6486 12.44 29.16 27.87 7.87 6.134 1.772 1.606 0.6625 0.4815 0.2356 0.1435 0.03428 0.04294 0.0352 0.008648 0.008352 0.002824 0.002331 0.002661
0.9589 7.744 33.42 20.97 16.49 4.657 3.63 1.048 0.9505 0.392 0.2849 0.1394 0.08489 0.02028 0.0254 0.02083 0.005117 0.004942 0.001671 0.002953
0.8846 9.593 17.5 20.09 10.35 8.139 2.298 1.791 0.5174 0.4691 0.1935 0.1406 0.06881 0.0419 0.01001 0.01254 0.01028 0.002525 0.002439 0.002282
1.313 10.07 24.65 12.05 11.38 5.861 4.61 1.302 1.015 0.2931 0.2657 0.1096 0.07965 0.03897 0.02373 0.00567 0.007101 0.005822 0.00143 0.002674
1.057 15.3 26.32 17.19 6.906 6.522 3.359 2.642 0.746 0.5815 0.168 0.1523 0.0628 0.04565 0.02234 0.0136 0.00325 0.00407 0.003337 0.002352
1.595 10.41 34.02 15.54 8.326 3.345 3.16 1.627 1.28 0.3614 0.2817 0.08137 0.07377 0.03042 0.02211 0.01082 0.006589 0.001574 0.001972 0.002756
2.037 18.03 26.59 23.27 8.745 4.686 1.883 1.778 0.9158 0.7203 0.2034 0.1585 0.0458 0.04152 0.01712 0.01245 0.00609 0.003708 0.000886 0.002661
1.326 21.86 43.71 17.23 12.39 4.657 2.496 1.003 0.947 0.4878 0.3836 0.1083 0.08443 0.02439 0.02211 0.009119 0.006628 0.003243 0.001975 0.001889
0.7841 14.84 55.21 29.54 9.573 6.887 2.588 1.387 0.5573 0.5263 0.2711 0.2132 0.0602 0.04692 0.01355 0.01229 0.005068 0.003683 0.001802 0.002147
1.324 8.024 34.42 34.22 15.05 4.877 3.509 1.319 0.7065 0.2839 0.2681 0.1381 0.1086 0.03067 0.0239 0.006905 0.00626 0.002582 0.001877 0.002012
1.462 14.88 20.44 23.56 19.28 8.478 2.747 1.977 0.7428 0.398 0.1599 0.151 0.07779 0.06118 0.01728 0.01347 0.00389 0.003526 0.001454 0.002191
0.6852 16.95 38.89 14.3 13.56 11.1 4.881 1.582 1.138 0.4276 0.2291 0.09207 0.08695 0.04479 0.03522 0.009946 0.007752 0.002239 0.00203 0.002098
1.004 7.626 42.4 25.9 7.826 7.421 6.073 2.671 0.8655 0.6227 0.234 0.1254 0.05038 0.04758 0.02451 0.01927 0.005442 0.004242 0.001225 0.002259
1.102 11.07 18.88 27.89 13.99 4.227 4.009 3.281 1.443 0.4676 0.3364 0.1264 0.06774 0.02722 0.0257 0.01324 0.01041 0.00294 0.002292 0.001882
0.9297 10.77 24.47 11.1 13.46 6.752 2.04 1.934 1.583 0.6961 0.2256 0.1623 0.06099 0.03268 0.01313 0.0124 0.006388 0.005024 0.001419 0.002014
1.446 11.42 29.75 18.13 6.768 8.209 4.118 1.244 1.18 0.9655 0.4246 0.1376 0.09899 0.0372 0.01993 0.008009 0.007564 0.003896 0.003064 0.002094
0.7686 15.35 27.23 18.83 9.42 3.516 4.264 2.139 0.6462 0.6128 0.5015 0.2206 0.07148 0.05142 0.01932 0.01035 0.004161 0.003929 0.002024 0.002679
2.188 8.517 38.2 18.04 10.25 5.125 1.913 2.32 1.164 0.3516 0.3334 0.2729 0.12 0.03889 0.02798 0.01051 0.005634 0.002264 0.002138 0.002559
0.6502 22.03 19.37 23.12 8.96 5.09 2.546 0.9504 1.153 0.5783 0.1747 0.1657 0.1356 0.05962 0.01932 0.0139 0.005224 0.002799 0.001125 0.002334
1.183 7.053 54.13 12.76 12.53 4.858 2.76 1.381 0.5153 0.6249 0.3135 0.09471 0.08982 0.0735 0.03232 0.01048 0.007536 0.002832 0.001518 0.001875
1.439 13.61 18.32 37.69 7.312 7.18 2.783 1.581 0.7909 0.2952 0.358 0.1796 0.05426 0.05145 0.04211 0.01852 0.006001 0.004317 0.001622 0.001944
1.518 16.16 34.39 12.34 20.88 4.051 3.977 1.542 0.8758 0.4381 0.1635 0.1983 0.09949 0.03006 0.0285 0.02333 0.01026 0.003324 0.002392 0.001975
0.9963 15.67 37.67 21.35 6.294 10.64 2.065 2.028 0.786 0.4465 0.2234 0.08337 0.1011 0.05073 0.01532 0.01453 0.01189 0.00523 0.001695 0.002226
0.6931 11.87 41.95 26.95 12.56 3.703 6.262 1.215 1.193 0.4624 0.2627 0.1314 0.04905 0.05949 0.02984 0.009016 0.00855 0.006997 0.003077 0.002307
