Originally  
101 
A 
2	100	
1	1	NA	NA	
1	20	
1 519.8 365.8 192.5 308 173.3 115.5 77.01 38.5 19.25 57.76 57.76 0 0 0 0 0 0 0 0 0
1 530 358.5 249.4 109.1 140.3 15.59 46.76 15.59 15.59 15.59 15.59 31.17 0 0 0 0 0 15.59 0 0
1 255 244.4 127.5 148.8 116.9 31.88 31.88 53.13 10.63 0 10.63 10.63 0 0 10.63 10.63 0 0 0 0
1 314.8 209.9 198.2 116.6 116.6 93.28 46.64 0 23.32 23.32 0 0 0 11.66 0 0 11.66 0 0 0
1 222.1 230.6 102.5 59.8 51.25 34.17 34.17 42.71 25.63 0 34.17 0 8.542 0 8.542 0 0 0 0 0
1 300.7 154.9 173.1 45.56 18.22 82.01 54.67 45.56 9.112 0 18.22 0 0 0 0 0 0 9.112 0 0
1 333.9 281.7 83.47 93.91 31.3 83.47 41.74 20.87 0 41.74 10.43 10.43 0 0 0 0 10.43 0 0 0
1 488.6 305.4 213.8 106.9 229 76.35 45.81 15.27 0 15.27 0 0 0 0 15.27 0 0 15.27 0 0
1 577.4 266.5 207.3 74.03 118.4 44.42 29.61 44.42 44.42 14.81 29.61 0 29.61 0 0 0 0 0 0 0
1 379.6 298.2 149.1 244 67.78 108.4 27.11 0 27.11 27.11 0 13.56 13.56 0 0 0 0 0 0 0
1 329.7 294.4 141.3 153.1 58.88 47.1 23.55 70.65 0 23.55 23.55 0 11.78 0 0 0 0 0 0 0
1 353 353 163.9 100.9 63.04 50.43 63.04 12.61 25.21 12.61 12.61 12.61 12.61 0 12.61 0 0 0 0 12.61
1 261.9 184.3 164.9 87.3 106.7 58.2 29.1 19.4 9.7 29.1 0 0 9.7 9.7 0 0 0 0 0 0
1 301.4 233.4 97.24 126.4 38.9 58.34 48.62 9.724 19.45 19.45 9.724 0 9.724 0 0 0 0 0 0 0
1 297.1 198 90.02 90.02 63.01 54.01 45.01 9.002 36.01 0 18 0 0 0 0 0 0 0 0 0
1 442.1 227.8 160.8 160.8 93.79 80.39 40.19 40.19 40.19 0 0 13.4 13.4 13.4 13.4 0 0 0 0 0
1 332.8 279.1 150.3 139.5 21.47 42.94 10.73 32.2 32.2 10.73 0 0 0 0 10.73 0 0 0 0 10.73
1 344.9 199 238.8 145.9 172.5 53.07 53.07 53.07 26.53 13.27 13.27 13.27 0 0 0 0 0 0 0 0
1 262.3 166.1 139.9 122.4 78.69 17.49 26.23 17.49 8.744 8.744 0 8.744 8.744 0 0 0 8.744 0 0 0
1 229.6 183.7 137.8 101 64.29 36.74 27.55 18.37 9.185 18.37 36.74 27.55 9.185 9.185 0 0 0 0 0 9.185
1 266.2 191.3 99.83 74.87 74.87 24.96 41.6 33.28 8.319 0 8.319 0 0 0 0 0 0 0 0 8.319
1 222.9 187.3 124.8 133.8 44.59 44.59 17.83 17.83 35.67 0 17.83 26.75 0 0 8.917 0 0 0 0 8.917
1 497 233 279.6 139.8 170.9 46.6 62.13 15.53 62.13 0 0 15.53 0 15.53 0 0 0 0 0 15.53
1 269.1 229.2 199.3 89.7 49.83 39.87 19.93 29.9 29.9 0 9.966 19.93 0 9.966 0 0 0 0 0 0
1 495.7 309.8 201.4 201.4 108.4 108.4 15.49 46.47 0 30.98 15.49 0 15.49 0 0 0 0 0 0 0
1 348.1 235.5 174.1 92.15 40.96 51.2 30.72 30.72 0 0 10.24 0 10.24 0 0 0 0 0 0 0
1 410.2 205.1 243.6 102.6 153.8 12.82 12.82 64.1 12.82 25.64 25.64 0 0 0 12.82 0 0 0 0 0
1 283.9 119.6 82.2 89.67 67.25 22.42 29.89 0 7.472 22.42 14.94 0 0 0 0 0 7.472 0 0 0
1 156.7 156.7 85.48 64.11 92.6 35.61 56.98 21.37 21.37 7.123 0 7.123 7.123 0 0 0 0 0 0 0
1 226.3 165.4 121.9 121.9 52.22 52.22 34.82 60.93 8.704 8.704 8.704 0 0 0 8.704 0 0 0 0 0
1 302 158.9 79.47 87.42 15.89 71.53 15.89 15.89 23.84 7.947 15.89 0 0 0 0 0 0 0 0 0
1 287 215.3 125.6 80.72 44.85 35.88 35.88 26.91 26.91 17.94 0 0 0 0 0 0 0 0 0 0
1 418.1 370.3 167.3 35.84 95.57 35.84 47.79 0 0 0 11.95 0 0 11.95 0 0 0 0 0 0
1 374.8 202.6 91.17 141.8 111.4 10.13 50.65 10.13 0 10.13 0 0 0 10.13 0 0 0 0 0 0
1 247.5 227.7 198 108.9 69.3 29.7 9.9 49.5 9.9 9.9 0 0 9.9 0 9.9 0 9.9 0 0 0
1 387.9 285.2 171.1 136.9 22.82 34.22 34.22 22.82 22.82 11.41 0 11.41 0 0 0 0 0 0 0 0
1 295.2 124.3 93.21 77.68 46.61 62.14 46.61 7.768 15.54 0 0 0 0 0 0 7.768 0 0 0 0
1 189 181.2 63.02 94.52 78.77 31.51 23.63 31.51 39.38 0 15.75 0 15.75 15.75 0 0 0 0 0 7.877
1 257.5 358.2 134.3 134.3 33.58 67.17 33.58 44.78 0 11.19 0 11.19 11.19 0 11.19 0 0 0 11.19 0
1 361.2 273.6 186.1 87.56 54.72 43.78 54.72 0 0 10.94 0 10.94 0 0 0 10.94 0 0 0 0
1 297.8 264.7 143.4 66.17 99.26 66.17 33.09 88.23 11.03 0 0 33.09 0 0 0 0 0 0 0 0
1 382.3 186 103.3 82.66 72.33 31 72.33 51.66 0 10.33 31 10.33 0 0 0 0 0 0 0 0
1 302.3 213.4 80.01 133.3 62.23 35.56 0 8.89 8.89 8.89 8.89 8.89 8.89 8.89 0 0 0 0 0 0
1 414.3 362.5 155.4 90.63 51.79 38.84 12.95 38.84 38.84 25.89 0 12.95 25.89 12.95 12.95 0 0 0 0 0
1 279.5 269.8 106 115.6 38.55 28.91 48.18 28.91 9.637 9.637 0 9.637 9.637 9.637 0 0 0 0 0 0
1 350.2 218.9 186.1 65.67 65.67 43.78 54.72 10.94 10.94 32.83 10.94 10.94 0 0 0 21.89 0 0 10.94 0
1 474.1 376.5 265 97.62 41.84 69.73 13.95 13.95 0 13.95 13.95 0 13.95 0 0 0 0 0 0 0
1 360.5 184.9 120.2 110.9 64.7 46.21 9.243 18.49 0 0 0 0 9.243 0 0 0 0 0 0 0
1 534.3 381.6 139.9 89.04 38.16 50.88 25.44 0 12.72 0 0 0 0 0 0 0 0 0 0 0
1 312.2 145 267.6 167.3 78.06 66.91 33.45 22.3 22.3 0 0 0 0 0 0 0 0 0 0 0
1 480.5 302 205.9 68.65 68.65 137.3 68.65 13.73 13.73 0 13.73 0 0 0 0 0 0 0 0 0
1 618.4 317.1 222 174.4 111 47.57 47.57 0 31.71 15.86 0 0 0 0 0 0 0 0 0 0
1 470.4 333.8 227.6 212.4 75.87 60.7 30.35 45.52 30.35 15.17 15.17 0 0 0 0 0 0 0 0 0
1 471.7 207.1 92.04 126.5 46.02 69.03 23.01 23.01 11.5 46.02 23.01 0 0 0 11.5 0 0 0 0 0
1 541.2 402 216.5 139.2 108.2 46.39 15.46 15.46 46.39 15.46 0 0 0 0 0 0 0 0 0 0
1 443 312.7 260.6 130.3 65.15 26.06 0 0 0 0 26.06 39.09 0 0 0 0 0 0 0 0
1 674.5 345.1 141.2 188.2 62.75 62.75 47.06 15.69 15.69 0 0 15.69 0 0 0 0 0 0 0 0
1 401.9 189.8 145.1 78.15 111.6 100.5 44.66 11.16 11.16 0 11.16 0 0 0 0 0 11.16 0 0 0
1 280.9 240.8 160.5 90.29 110.4 20.06 40.13 30.1 20.06 0 10.03 0 0 0 0 0 0 0 0 0
1 394.5 284.9 142.5 87.68 65.76 21.92 21.92 21.92 21.92 21.92 0 10.96 0 0 0 0 0 0 0 0
1 389.2 237.8 248.6 32.43 43.24 54.05 21.62 43.24 0 10.81 0 0 0 0 0 0 0 0 0 0
1 394.8 165.5 254.7 165.5 76.4 63.67 63.67 0 38.2 0 38.2 0 12.73 0 0 0 0 0 0 0
1 320.4 320.4 154.7 132.6 44.2 44.2 55.25 0 0 11.05 11.05 0 0 0 0 0 0 11.05 0 0
1 346.5 265.7 196.4 92.4 104 23.1 34.65 23.1 11.55 34.65 0 0 11.55 0 0 0 0 0 0 11.55
1 725.3 471.4 163.2 253.8 72.53 36.26 36.26 36.26 0 0 18.13 0 0 0 0 0 0 0 0 0
1 436.9 339.8 275.1 226.5 145.6 80.91 32.36 48.55 0 0 16.18 0 0 16.18 0 0 0 0 0 0
1 313 225 195.6 68.47 48.91 48.91 19.56 9.781 39.12 0 9.781 0 0 0 0 0 0 0 0 0
1 305.5 292.7 292.7 101.8 127.3 89.09 12.73 25.45 25.45 0 0 0 0 0 0 0 0 0 0 0
1 436.4 243.9 256.7 154 77.01 51.34 25.67 12.83 12.83 0 0 12.83 0 0 0 0 0 0 0 0
1 421.5 250.6 125.3 68.35 79.74 102.5 22.78 22.78 22.78 11.39 0 0 0 11.39 0 0 0 0 0 0
1 358.9 263.2 119.6 119.6 95.7 71.77 59.81 23.92 23.92 23.92 0 0 23.92 11.96 0 0 0 0 0 0
1 437.2 361.9 256.3 135.7 75.39 75.39 30.16 45.23 15.08 15.08 45.23 0 15.08 0 0 0 0 0 0 0
1 494.9 402.1 232 123.7 77.33 77.33 30.93 30.93 30.93 30.93 0 0 15.47 0 0 0 0 0 0 0
1 297.2 272.5 198.2 148.6 161 61.92 24.77 24.77 24.77 0 24.77 0 0 0 0 0 0 0 0 0
1 405.7 435.7 270.5 195.3 45.08 90.15 30.05 0 30.05 0 0 0 0 0 0 0 0 0 0 0
1 342.6 318.1 183.5 61.18 110.1 36.71 61.18 12.24 48.94 36.71 0 0 0 12.24 0 0 0 0 0 0
1 749.4 532.5 197.2 236.7 78.89 98.61 39.44 19.72 0 0 19.72 0 0 0 0 0 0 0 0 0
1 757.6 454.5 303 173.2 259.7 43.29 64.93 21.64 43.29 21.64 0 0 21.64 0 0 0 0 0 0 0
1 707.4 279.2 409.5 242 74.46 37.23 37.23 0 55.85 18.62 0 0 0 0 0 0 0 0 0 0
1 602.2 430.1 240.9 154.9 120.4 68.82 34.41 51.62 0 17.21 0 0 0 0 0 0 0 0 0 0
1 514.2 372.3 390 177.3 124.1 53.19 88.65 17.73 17.73 0 17.73 0 0 0 0 0 0 0 0 0
1 421.1 505.3 353.7 117.9 67.37 33.68 84.21 50.53 0 33.68 16.84 0 0 0 0 0 0 0 0 0
1 538.3 292.2 292.2 123 61.52 123 76.9 30.76 0 0 0 0 0 0 0 0 0 0 0 0
1 577.6 335.4 298.1 316.8 130.4 93.16 74.53 18.63 0 18.63 0 0 0 0 0 0 0 0 0 0
1 734.7 497 259.3 216.1 237.7 129.6 21.61 21.61 0 21.61 0 0 21.61 0 0 0 0 0 0 0
1 619.4 379.6 319.7 179.8 299.7 79.93 79.93 0 19.98 0 19.98 0 0 0 0 0 0 0 0 0
1 752.1 357.3 319.7 206.8 131.6 18.8 18.8 18.8 37.61 0 18.8 0 0 0 0 0 0 0 0 0
1 336.1 693.3 294.1 336.1 147.1 63.02 63.02 42.02 42.02 21.01 21.01 0 42.02 0 0 0 0 0 0 0
1 593.9 341.9 233.9 162 144 126 71.98 18 35.99 35.99 18 0 0 18 0 0 0 0 0 0
1 523.5 245.4 212.7 327.2 49.07 98.15 81.79 49.07 16.36 0 16.36 16.36 0 0 0 0 0 0 0 0
1 719.8 370.8 196.3 261.7 239.9 130.9 87.25 65.43 21.81 43.62 21.81 0 21.81 0 0 0 0 0 0 0
1 625.9 447.1 424.7 178.8 156.5 111.8 111.8 67.06 44.71 22.35 0 22.35 0 0 0 22.35 0 0 0 0
1 420.4 350.4 252.3 112.1 56.06 70.07 28.03 42.04 42.04 14.01 14.01 0 0 0 0 0 0 0 0 0
1 572.4 250.4 196.8 286.2 161 161 89.43 17.89 35.77 0 17.89 0 0 0 0 0 0 0 0 0
1 429.1 281.6 174.3 120.7 134.1 26.82 26.82 67.05 53.64 13.41 0 13.41 0 0 0 0 0 0 0 0
1 784.6 495.6 268.4 247.8 61.95 144.5 20.65 0 20.65 20.65 0 0 0 0 0 0 0 0 0 0
1 540.4 318.7 166.3 124.7 96.99 27.71 27.71 0 27.71 13.86 13.86 13.86 0 0 0 13.86 0 0 0 0
1 410.1 374.4 320.9 249.6 124.8 89.15 53.49 71.32 71.32 0 0 0 0 0 0 17.83 0 0 0 0
1 604.5 413.6 190.9 127.3 31.82 95.45 31.82 15.91 31.82 31.82 0 15.91 0 0 0 0 0 0 0 0
