 landings-at-age - landings.n (units : NA )
1	2	
42	100	
1	20	
1 
0.4115 3.737 14.15 11.95 5.231 3.27 3.134 2.539 1.342 0.8539 0.5453 0.3571 0.2828 0.2458 0.1095 0.08369 0.07938 0.03501 0.02974 0.1041
0.1854 2.619 5.833 6.394 4.512 1.975 1.235 1.183 0.9586 0.5069 0.3225 0.2059 0.1348 0.1068 0.0928 0.04136 0.0316 0.02998 0.01322 0.05053
0.5407 3.055 10.56 6.866 6.307 4.451 1.948 1.218 1.167 0.9456 0.5 0.3181 0.2031 0.133 0.1053 0.09153 0.04079 0.03117 0.02957 0.06288
0.3194 5.539 7.651 7.673 4.175 3.836 2.707 1.185 0.7407 0.7098 0.575 0.3041 0.1934 0.1235 0.08089 0.06406 0.05567 0.02481 0.01896 0.05622
0.2844 4.788 20.2 8.101 6.801 3.7 3.4 2.399 1.05 0.6564 0.6291 0.5096 0.2695 0.1714 0.1095 0.07169 0.05677 0.04934 0.02199 0.06663
0.4734 2.694 11.05 13.46 4.51 3.786 2.06 1.893 1.336 0.5846 0.3655 0.3503 0.2837 0.15 0.09544 0.06095 0.03991 0.03161 0.02747 0.04934
0.3324 4.52 6.289 7.48 7.621 2.554 2.144 1.167 1.072 0.7563 0.331 0.2069 0.1983 0.1607 0.08496 0.05404 0.03451 0.0226 0.0179 0.04349
0.332 4.636 15.37 6.214 6.186 6.303 2.112 1.773 0.9648 0.8863 0.6255 0.2738 0.1711 0.164 0.1329 0.07027 0.0447 0.02854 0.01869 0.05077
0.3493 3.837 13.03 12.5 4.225 4.206 4.286 1.436 1.206 0.656 0.6026 0.4253 0.1861 0.1164 0.1115 0.09035 0.04778 0.03039 0.01941 0.04723
0.2875 3.595 9.62 9.447 7.572 2.56 2.548 2.596 0.8701 0.7304 0.3974 0.3651 0.2577 0.1128 0.0705 0.06757 0.05474 0.02895 0.01841 0.04037
0.4044 3.527 10.73 8.311 6.826 5.471 1.849 1.841 1.876 0.6287 0.5278 0.2872 0.2638 0.1862 0.08149 0.05094 0.04882 0.03955 0.02091 0.04247
0.4168 4.934 10.44 9.17 5.938 4.876 3.909 1.321 1.315 1.34 0.4492 0.3771 0.2052 0.1885 0.133 0.05822 0.03639 0.03488 0.02826 0.04529
0.1655 4.158 11.96 7.296 5.353 3.466 2.847 2.282 0.7713 0.7679 0.7824 0.2622 0.2201 0.1198 0.11 0.07764 0.03398 0.02124 0.02036 0.04293
0.2453 1.918 11.71 9.734 4.964 3.642 2.358 1.937 1.552 0.5247 0.5224 0.5323 0.1784 0.1497 0.08147 0.07485 0.05282 0.02312 0.01445 0.04306
0.4483 2.969 5.632 9.92 6.893 3.515 2.579 1.67 1.371 1.099 0.3715 0.3699 0.3769 0.1263 0.106 0.05769 0.053 0.0374 0.01637 0.04072
0.2562 4.795 7.704 4.209 6.194 4.303 2.194 1.61 1.042 0.8561 0.6862 0.232 0.2309 0.2353 0.07885 0.06619 0.03602 0.03309 0.02335 0.03564
0.2787 2.696 12.26 5.68 2.593 3.816 2.651 1.352 0.9918 0.6422 0.5274 0.4227 0.1429 0.1423 0.145 0.04858 0.04078 0.02219 0.02038 0.03634
0.2372 3.252 7.638 10.03 3.885 1.773 2.61 1.813 0.9245 0.6783 0.4392 0.3607 0.2891 0.09773 0.0973 0.09914 0.03322 0.02789 0.01517 0.0388
0.4133 2.218 7.408 5.023 5.511 2.135 0.9744 1.434 0.9962 0.508 0.3727 0.2413 0.1982 0.1589 0.0537 0.05346 0.05447 0.01825 0.01532 0.02966
0.2231 4.42 5.79 5.605 3.179 3.488 1.351 0.6168 0.9076 0.6306 0.3215 0.2359 0.1527 0.1254 0.1006 0.03399 0.03384 0.03448 0.01155 0.02847
0.2787 1.872 9.095 3.461 2.803 1.59 1.745 0.6757 0.3085 0.4539 0.3154 0.1608 0.118 0.07639 0.06274 0.05029 0.017 0.01692 0.01724 0.02002
0.1337 3.293 5.429 7.698 2.454 1.988 1.127 1.237 0.4791 0.2187 0.3218 0.2236 0.114 0.08365 0.05416 0.04448 0.03565 0.01205 0.012 0.02642
0.297 2.348 14.08 6.756 8.024 2.558 2.072 1.175 1.289 0.4994 0.228 0.3354 0.2331 0.1188 0.08719 0.05646 0.04637 0.03716 0.01256 0.04005
0.3145 2.207 4.266 7.392 2.963 3.519 1.122 0.9086 0.5154 0.5655 0.219 0.09998 0.1471 0.1022 0.05212 0.03824 0.02476 0.02033 0.0163 0.02307
0.2088 2.907 5.012 2.825 4.098 1.643 1.951 0.6219 0.5037 0.2857 0.3135 0.1214 0.05543 0.08156 0.05667 0.02889 0.0212 0.01373 0.01127 0.02183
0.6314 4.127 14 7.038 3.324 4.823 1.933 2.296 0.7319 0.5928 0.3362 0.3689 0.1429 0.06523 0.09598 0.06669 0.03401 0.02495 0.01615 0.03895
0.2008 4.706 7.522 7.376 3.1 1.464 2.124 0.8514 1.011 0.3223 0.2611 0.1481 0.1625 0.06294 0.02873 0.04227 0.02937 0.01498 0.01099 0.02427
0.196 2.354 13.52 6.298 5.172 2.174 1.027 1.489 0.597 0.709 0.226 0.1831 0.1038 0.1139 0.04413 0.02014 0.02964 0.0206 0.0105 0.02472
0.3366 2.658 7.793 13.02 5.079 4.171 1.753 0.8279 1.201 0.4815 0.5718 0.1823 0.1476 0.08374 0.09188 0.03559 0.01625 0.0239 0.01661 0.02841
0.2945 3.773 7.265 6.175 8.631 3.367 2.765 1.162 0.5487 0.7961 0.3191 0.379 0.1208 0.09786 0.0555 0.0609 0.02359 0.01077 0.01584 0.02984
0.3779 2.888 9.042 5.049 3.59 5.018 1.957 1.607 0.6755 0.319 0.4628 0.1855 0.2203 0.07024 0.05689 0.03227 0.03541 0.01371 0.00626 0.02656
0.1142 3.362 6.306 5.745 2.685 1.909 2.669 1.041 0.8548 0.3592 0.1697 0.2462 0.09867 0.1172 0.03736 0.03026 0.01716 0.01883 0.007293 0.01745
0.3344 2.185 15.67 8.562 6.536 3.055 2.172 3.036 1.184 0.9725 0.4087 0.193 0.28 0.1123 0.1333 0.0425 0.03442 0.01952 0.02142 0.02815
0.2479 2.82 4.495 9.308 4.25 3.245 1.517 1.078 1.507 0.5879 0.4827 0.2029 0.09582 0.139 0.05572 0.06618 0.0211 0.01709 0.009692 0.02461
0.1401 2.585 7.196 3.334 5.777 2.638 2.014 0.9412 0.6692 0.9354 0.3649 0.2996 0.1259 0.05947 0.08628 0.03458 0.04107 0.01309 0.01061 0.02129
0.2377 2.087 9.379 7.586 2.942 5.098 2.328 1.777 0.8306 0.5906 0.8255 0.322 0.2644 0.1111 0.05248 0.07614 0.03052 0.03625 0.01155 0.02815
0.5104 2.693 5.746 7.46 5.044 1.956 3.39 1.548 1.182 0.5523 0.3927 0.5489 0.2141 0.1758 0.07388 0.03489 0.05063 0.02029 0.0241 0.0264
0.3778 5.847 7.494 4.615 5.008 3.386 1.313 2.276 1.039 0.7933 0.3708 0.2636 0.3685 0.1437 0.118 0.0496 0.02343 0.03399 0.01362 0.0339
0.1591 3.912 14.72 5.445 2.802 3.041 2.056 0.7973 1.382 0.6309 0.4816 0.2251 0.1601 0.2237 0.08726 0.07166 0.03012 0.01422 0.02064 0.02885
0.3344 1.708 10.23 11.13 3.441 1.771 1.922 1.299 0.5039 0.8733 0.3988 0.3044 0.1423 0.1012 0.1414 0.05516 0.04529 0.01903 0.00899 0.03128
0.1613 2.841 3.551 6.161 5.606 1.734 0.8923 0.9683 0.6546 0.2539 0.44 0.2009 0.1534 0.07168 0.05097 0.07124 0.02779 0.02282 0.009589 0.02029
0.1307 1.847 7.969 2.901 4.214 3.835 1.186 0.6103 0.6623 0.4478 0.1736 0.3009 0.1374 0.1049 0.04903 0.03486 0.04873 0.01901 0.01561 0.02044
0.2481 1.904 6.563 8.234 2.51 3.646 3.317 1.026 0.528 0.573 0.3874 0.1502 0.2603 0.1189 0.09075 0.04242 0.03016 0.04215 0.01644 0.03118
0.2214 2.718 5.079 5.064 5.313 1.619 2.352 2.14 0.6619 0.3407 0.3697 0.2499 0.09693 0.168 0.0767 0.05855 0.02737 0.01946 0.0272 0.03073
0.3609 2.296 6.875 3.719 3.101 3.253 0.9915 1.44 1.311 0.4053 0.2086 0.2264 0.153 0.05935 0.1028 0.04696 0.03585 0.01676 0.01191 0.03547
0.3983 3.215 5.009 4.352 1.97 1.642 1.723 0.5251 0.7628 0.6941 0.2146 0.1105 0.1199 0.08105 0.03143 0.05447 0.02487 0.01899 0.008875 0.02509
0.2029 3.792 7.521 3.417 2.486 1.125 0.9381 0.9842 0.3 0.4358 0.3965 0.1226 0.06311 0.06848 0.0463 0.01796 0.03112 0.01421 0.01085 0.0194
0.2414 3.661 16.7 9.663 3.678 2.677 1.211 1.01 1.059 0.3229 0.4691 0.4269 0.132 0.06794 0.07372 0.04984 0.01933 0.0335 0.0153 0.03257
0.4518 3.083 11.35 14.96 7.237 2.755 2.005 0.9072 0.7564 0.7935 0.2419 0.3513 0.3197 0.09886 0.05088 0.05522 0.03733 0.01448 0.02509 0.03585
0.2264 5.193 8.584 9.1 10.02 4.849 1.846 1.343 0.6078 0.5067 0.5316 0.162 0.2354 0.2142 0.06623 0.03409 0.03699 0.02501 0.009699 0.04082
0.2586 2.253 12.55 5.973 5.289 5.824 2.818 1.073 0.7806 0.3533 0.2945 0.309 0.09418 0.1368 0.1245 0.0385 0.01981 0.0215 0.01454 0.02937
0.1715 2.001 4.264 6.868 2.733 2.42 2.665 1.289 0.4908 0.3571 0.1616 0.1347 0.1414 0.04309 0.06259 0.05695 0.01761 0.009064 0.009836 0.02008
0.2182 1.624 4.654 2.892 3.901 1.552 1.374 1.513 0.7323 0.2788 0.2028 0.0918 0.07653 0.08029 0.02447 0.03555 0.03235 0.01 0.005148 0.01699
0.1983 2.608 4.77 3.994 2.08 2.805 1.116 0.9883 1.088 0.5266 0.2005 0.1459 0.06601 0.05504 0.05774 0.0176 0.02556 0.02326 0.007193 0.01592
0.2108 2.776 8.938 4.768 3.345 1.741 2.349 0.9346 0.8276 0.9113 0.4409 0.1678 0.1221 0.05528 0.04608 0.04835 0.01474 0.02141 0.01948 0.01936
0.389 2.905 9.318 8.708 3.888 2.727 1.42 1.916 0.7622 0.6748 0.7431 0.3596 0.1369 0.0996 0.04508 0.03758 0.03942 0.01202 0.01746 0.03167
0.2248 4.981 9.019 8.355 6.528 2.914 2.045 1.064 1.436 0.5713 0.5059 0.5571 0.2695 0.1026 0.07466 0.03379 0.02817 0.02955 0.009007 0.03682
0.182 1.615 8.74 4.564 3.532 2.759 1.232 0.8642 0.4499 0.6069 0.2415 0.2138 0.2355 0.1139 0.04337 0.03156 0.01428 0.01191 0.01249 0.01937
0.136 2 4.349 6.852 2.996 2.318 1.811 0.8086 0.5673 0.2953 0.3984 0.1585 0.1404 0.1546 0.07479 0.02847 0.02072 0.009375 0.007816 0.02092
