Originally  
101 
A 
42	100	
1	1	NA	NA	
1	20	
1 0.06032 0.1407 0.6233 0.4222 0.1609 0.1206 0.1609 0.1206 0.06032 0.04021 0.04021 0.02011 0.04021 0 0 0 0 0 0 0
1 0.03015 0.1809 0.3166 0.407 0.2864 0.1055 0.07537 0.04522 0.03015 0.01507 0 0 0 0 0 0.01507 0 0 0 0
1 0.06048 0.1966 0.378 0.3024 0.1814 0.1966 0.06048 0.0756 0.01512 0.01512 0.01512 0.01512 0 0 0 0 0 0 0 0
1 0.01759 0.3165 0.4045 0.1759 0.1759 0.2638 0.1407 0.03517 0.03517 0.07034 0.01759 0.03517 0 0 0 0.01759 0.03517 0.01759 0 0
1 0.02311 0.1848 0.7163 0.3697 0.3466 0.2311 0.1617 0.1155 0.06932 0.02311 0.04621 0.02311 0 0 0 0 0 0 0 0
1 0.06048 0.2016 0.5847 0.5847 0.1411 0.04032 0.121 0.08064 0.1008 0.02016 0 0.04032 0.02016 0.02016 0 0 0 0 0 0
1 0.01952 0.2538 0.3514 0.4686 0.449 0.09762 0.1367 0.01952 0.09762 0.01952 0 0 0 0.01952 0.01952 0 0 0 0 0
1 0 0.3159 0.5924 0.2172 0.2567 0.2567 0.09873 0.1382 0.03949 0.03949 0.01975 0 0 0 0 0 0 0 0 0
1 0.0319 0.1754 0.319 0.4785 0.09569 0.1914 0.1276 0.0319 0.0319 0.0319 0.0319 0.01595 0.01595 0 0 0.01595 0 0 0 0
1 0.03804 0.2092 0.5136 0.3614 0.2853 0.0951 0.1522 0.03804 0.0951 0.03804 0.03804 0.01902 0 0.01902 0 0 0 0 0 0
1 0.01643 0.1972 0.3615 0.3944 0.1643 0.1972 0.0493 0.115 0.0986 0.03287 0 0 0.01643 0 0 0 0 0 0 0
1 0.02025 0.3037 0.4455 0.3645 0.2227 0.1822 0.1417 0.06075 0.1417 0.0405 0.0405 0 0 0.02025 0 0.02025 0 0 0 0.02025
1 0.02603 0.2343 0.5726 0.5987 0.3384 0.1301 0.3384 0.1301 0 0.1041 0.1041 0 0.02603 0 0 0 0 0 0 0
1 0.03757 0.1503 0.5636 0.4133 0.1691 0.1879 0.1503 0.07514 0.03757 0 0.03757 0.03757 0.01879 0 0 0 0 0 0 0
1 0.08697 0.08697 0.1739 0.3479 0.4 0.2261 0.1218 0.06957 0.1044 0.03479 0.01739 0 0.05218 0.01739 0 0 0 0 0 0
1 0.04779 0.4062 0.4779 0.2867 0.5018 0.1912 0.09558 0.1434 0.04779 0.07169 0.04779 0.0239 0 0 0 0.0239 0 0 0 0.0239
1 0.0356 0.178 0.7121 0.3382 0.1068 0.2314 0.07121 0.0178 0.0356 0.0356 0 0.0178 0 0 0 0 0 0 0 0
1 0.04557 0.1671 0.2583 0.4709 0.1367 0.07596 0.09115 0.1063 0.07596 0.03038 0.01519 0.03038 0 0 0 0 0 0 0 0.01519
1 0.0284 0.1704 0.4544 0.1846 0.2556 0.0852 0.0284 0.0852 0.0568 0.0284 0 0 0 0.0426 0 0 0 0 0 0
1 0.02918 0.321 0.2772 0.2481 0.1459 0.1897 0.1313 0.02918 0.04377 0.02918 0 0 0.01459 0 0 0 0 0 0 0
1 0.038 0.247 0.76 0.19 0.209 0.152 0.057 0.076 0.019 0.038 0.038 0.057 0.019 0 0 0 0 0 0 0
1 0.0453 0.6116 0.4304 0.6116 0.1133 0.0906 0.1133 0.1133 0 0 0.02265 0 0.02265 0.02265 0 0.0453 0.02265 0 0 0
1 0.05362 0.1072 0.4826 0.2324 0.4111 0.143 0.0715 0.08937 0.05362 0.05362 0.01787 0.01787 0.01787 0.03575 0 0 0 0 0 0
1 0.05824 0.2524 0.2912 0.5241 0.2718 0.3494 0.05824 0.05824 0 0.03883 0.01941 0.01941 0 0 0 0 0 0 0 0
1 0.07745 0.2169 0.3563 0.2323 0.3253 0.04647 0.1549 0.03098 0.03098 0.03098 0.03098 0 0 0 0 0.01549 0 0 0 0
1 0.1081 0.1441 0.5584 0.2702 0.3062 0.1261 0.09007 0.09007 0.01801 0.03603 0.05404 0 0 0 0 0 0 0 0 0
1 0.03517 0.3693 0.2638 0.4573 0.1759 0.1055 0.1583 0.1055 0.05276 0 0.01759 0.01759 0 0 0 0 0 0 0 0
1 0.02198 0.1758 0.9451 0.3517 0.3517 0.08792 0.04396 0.06594 0.02198 0.06594 0.02198 0.02198 0 0 0 0 0 0 0 0.02198
1 0.05815 0.2907 0.2907 0.6396 0.2326 0.3295 0.03876 0 0.03876 0.01938 0 0 0 0 0 0 0 0 0 0
1 0.03969 0.2514 0.172 0.2778 0.3043 0.09261 0.07938 0 0.01323 0.05292 0 0.02646 0 0 0 0 0 0 0 0.01323
1 0.06047 0.2217 0.7055 0.2419 0.1814 0.2822 0.06047 0.1209 0.04031 0.04031 0 0.04031 0.02016 0 0 0 0 0 0 0
1 0.03111 0.2955 0.451 0.2955 0.1244 0.1089 0.14 0.03111 0.03111 0.03111 0 0 0.01555 0 0 0 0 0 0 0
1 0.02958 0.1775 0.7987 0.5917 0.355 0.2071 0.2367 0.2958 0.08875 0.08875 0.02958 0 0.02958 0 0.02958 0 0 0 0 0
1 0.03109 0.1243 0.2176 0.4352 0.2176 0.2021 0.07771 0.03109 0.1243 0.03109 0.03109 0 0 0.01554 0 0.01554 0 0 0 0
1 0.03841 0.3649 0.2497 0.2497 0.3457 0.2497 0.1152 0.07682 0.03841 0.05762 0.01921 0.05762 0.03841 0.01921 0 0 0 0 0 0
1 0 0.1048 0.2996 0.3295 0.1498 0.2996 0.08987 0.05991 0.01498 0.02996 0.07489 0 0.02996 0.01498 0 0 0 0 0 0
1 0.05784 0.1273 0.2198 0.2429 0.1504 0.04628 0.05784 0.04628 0.08098 0.02314 0.05784 0.02314 0 0.01157 0.01157 0 0 0 0 0
1 0.05441 0.4534 0.4171 0.1995 0.2176 0.1995 0.03627 0.1269 0.03627 0.03627 0.01814 0 0.01814 0 0 0 0 0 0 0
1 0.02067 0.3308 0.7442 0.3101 0.08269 0.1447 0.1654 0.08269 0.08269 0.02067 0.04135 0.02067 0 0 0 0 0.02067 0 0 0
1 0.04986 0.08725 0.349 0.3241 0.1745 0.04986 0.06232 0.08725 0.03739 0 0 0.01246 0 0.01246 0 0 0 0 0 0
1 0.09484 0.3035 0.2656 0.5121 0.3035 0.1138 0.03794 0.07587 0.03794 0.05691 0.01897 0.01897 0 0 0.01897 0 0 0 0.01897 0.01897
1 0.03889 0.2528 0.5639 0.07778 0.4861 0.2139 0.1167 0.05834 0.01945 0.03889 0.01945 0.05834 0 0 0 0 0 0 0 0
1 0.02231 0.05577 0.29 0.2677 0.08923 0.145 0.1115 0.05577 0 0.05577 0.01115 0 0.01115 0 0 0 0 0 0 0
1 0.02487 0.1741 0.1865 0.199 0.2611 0.1119 0.03731 0.1244 0.06218 0.02487 0 0.01244 0.01244 0.01244 0 0 0 0 0 0
1 0.009515 0.1237 0.3045 0.1618 0.1047 0.1047 0.009515 0.03806 0.05709 0.01903 0 0.009515 0.009515 0 0 0 0 0 0 0
1 0.05632 0.3238 0.2816 0.3238 0.0704 0.1126 0.09856 0.04224 0.04224 0.04224 0 0 0 0 0.01408 0 0 0 0 0
1 0.04359 0.3269 0.2615 0.1744 0.1853 0.03269 0.0109 0.0218 0 0.0109 0 0.0109 0.0109 0 0 0 0 0 0 0
1 0.08898 0.3263 1.216 0.6822 0.2076 0.1186 0.02966 0.1483 0 0.02966 0.05932 0.02966 0.02966 0 0 0 0 0 0 0
1 0.01914 0.2488 0.3253 0.6124 0.3827 0.05741 0.1148 0.05741 0.03827 0.03827 0.01914 0 0 0 0 0 0 0 0 0
1 0.02912 0.466 0.3495 0.7864 0.699 0.3204 0.08737 0.02912 0.02912 0 0.02912 0.02912 0.02912 0.02912 0 0 0 0 0 0
1 0 0.1706 0.6184 0.3838 0.2346 0.3625 0.1493 0.1279 0.04265 0 0.04265 0 0 0 0 0 0 0 0 0
1 0.03414 0.1366 0.2219 0.5292 0.239 0.1878 0.1707 0.08535 0.01707 0.03414 0 0.01707 0 0.01707 0 0 0 0 0.01707 0
1 0 0.1296 0.311 0.2203 0.2333 0.07775 0.07775 0.1166 0.06479 0.02592 0.01296 0.01296 0.01296 0 0 0 0 0 0 0
1 0.03981 0.2123 0.2388 0.2123 0.07961 0.1725 0.07961 0.03981 0.1327 0.02654 0.02654 0.01327 0.02654 0.01327 0 0.01327 0 0 0 0
1 0.07986 0.1797 0.6389 0.3194 0.2396 0.07986 0.1996 0.01996 0.07986 0.07986 0.03993 0 0 0 0.01996 0 0 0 0 0.01996
1 0 0.1516 0.3446 0.317 0.1378 0.1378 0.1241 0.04135 0.02757 0.02757 0.02757 0.02757 0 0 0.01378 0 0 0 0 0
1 0 0.2302 0.352 0.2843 0.2166 0.09477 0.0677 0.04062 0.01354 0.01354 0 0.01354 0.02708 0 0 0 0 0 0 0
1 0.02828 0.1838 0.3394 0.3252 0.1555 0.1555 0.1273 0.01414 0 0.02828 0 0 0.04242 0.01414 0 0 0 0 0 0
1 0.02495 0.1746 0.2121 0.5614 0.0499 0.0998 0.03742 0.06237 0.01247 0 0.01247 0 0 0 0 0 0 0 0 0
