 landings-at-age - landings.n (units : NA )
1	2	
2	100	
1	20	
1 
0.02659 0.2984 0.8352 0.6934 0.4839 0.3377 0.2357 0.1644 0.1148 0.08008 0.05589 0.039 0.02722 0.01899 0.01325 0.009249 0.006454 0.004504 0.003143 0.007259
0.00298 0.05216 0.1462 0.1214 0.08475 0.05914 0.04127 0.0288 0.0201 0.01403 0.009787 0.00683 0.004766 0.003326 0.002321 0.00162 0.00113 0.0007888 0.0005504 0.001271
0.006981 0.03346 0.1464 0.1219 0.08515 0.05942 0.04147 0.02894 0.02019 0.01409 0.009834 0.006862 0.004789 0.003342 0.002332 0.001627 0.001136 0.0007925 0.000553 0.001277
0.005338 0.07838 0.09389 0.122 0.08549 0.0597 0.04166 0.02907 0.02029 0.01416 0.00988 0.006895 0.004811 0.003358 0.002343 0.001635 0.001141 0.0007963 0.0005557 0.001283
0.01128 0.05994 0.2199 0.07829 0.08557 0.05994 0.04186 0.02921 0.02038 0.01423 0.009927 0.006927 0.004834 0.003374 0.002354 0.001643 0.001146 8e-04 0.0005583 0.001289
0.004628 0.1266 0.1682 0.1834 0.05489 0.06 0.04203 0.02935 0.02048 0.01429 0.009974 0.00696 0.004857 0.00339 0.002365 0.001651 0.001152 0.0008038 0.0005609 0.001295
0.006026 0.05197 0.3553 0.1402 0.1286 0.03849 0.04207 0.02947 0.02058 0.01436 0.01002 0.006993 0.00488 0.003406 0.002377 0.001658 0.001157 0.0008076 0.0005636 0.001302
0.009251 0.06766 0.1458 0.2963 0.09833 0.09016 0.02699 0.0295 0.02066 0.01443 0.01007 0.007026 0.004903 0.003422 0.002388 0.001666 0.001163 0.0008114 0.0005663 0.001308
0.004445 0.1039 0.1899 0.1216 0.2078 0.06894 0.06322 0.01892 0.02068 0.01449 0.01012 0.00706 0.004926 0.003438 0.002399 0.001674 0.001168 0.0008153 0.0005689 0.001314
0.005743 0.04991 0.2915 0.1583 0.08525 0.1457 0.04834 0.04432 0.01327 0.0145 0.01016 0.007093 0.00495 0.003454 0.00241 0.001682 0.001174 0.0008191 0.0005716 0.00132
0.0157 0.06449 0.14 0.2431 0.111 0.05977 0.1021 0.03389 0.03108 0.009302 0.01017 0.007121 0.004973 0.003471 0.002422 0.00169 0.001179 0.000823 0.0005743 0.001326
0.001651 0.1763 0.1809 0.1168 0.1704 0.07783 0.04191 0.07161 0.02376 0.02179 0.006522 0.007128 0.004993 0.003487 0.002433 0.001698 0.001185 0.0008269 0.0005771 0.001333
0.006044 0.01853 0.4947 0.1509 0.08188 0.1195 0.05457 0.02939 0.05021 0.01666 0.01528 0.004573 0.004998 0.003501 0.002445 0.001706 0.001191 0.0008308 0.0005798 0.001339
0.001989 0.06786 0.05201 0.4125 0.1058 0.05741 0.08378 0.03826 0.0206 0.0352 0.01168 0.01071 0.003206 0.003504 0.002455 0.001714 0.001196 0.0008348 0.0005825 0.001345
0.007372 0.02234 0.1904 0.04337 0.2892 0.07418 0.04025 0.05874 0.02683 0.01445 0.02468 0.008191 0.007511 0.002248 0.002457 0.001721 0.001202 0.0008387 0.0005853 0.001352
0.002765 0.08278 0.06267 0.1588 0.03041 0.2028 0.05201 0.02822 0.04118 0.01881 0.01013 0.01731 0.005743 0.005266 0.001576 0.001723 0.001207 0.0008427 0.0005881 0.001358
0.001051 0.03104 0.2323 0.05226 0.1113 0.02132 0.1422 0.03647 0.01979 0.02888 0.01319 0.007102 0.01213 0.004027 0.003692 0.001105 0.001208 0.000846 0.0005908 0.001365
0.002176 0.0118 0.08711 0.1937 0.03664 0.07806 0.01495 0.09969 0.02557 0.01387 0.02025 0.009247 0.004979 0.008508 0.002823 0.002589 0.0007748 0.0008469 0.0005932 0.001371
0.001549 0.02443 0.03312 0.07264 0.1358 0.02569 0.05473 0.01048 0.0699 0.01793 0.009728 0.0142 0.006483 0.003491 0.005965 0.00198 0.001815 0.0005433 0.0005938 0.001377
0.00707 0.01739 0.06854 0.02762 0.05093 0.09522 0.01801 0.03838 0.007349 0.04901 0.01257 0.006821 0.009953 0.004546 0.002448 0.004182 0.001388 0.001273 0.0003809 0.001382
0.002181 0.07938 0.04879 0.05716 0.01936 0.03571 0.06676 0.01263 0.02691 0.005153 0.03436 0.008813 0.004782 0.006979 0.003187 0.001716 0.002932 0.0009732 0.0008923 0.001236
0.008702 0.02449 0.2227 0.04069 0.04007 0.01358 0.02504 0.04681 0.008855 0.01887 0.003613 0.02409 0.006179 0.003353 0.004893 0.002235 0.001203 0.002056 0.0006823 0.001492
0.008034 0.09771 0.06873 0.1857 0.02853 0.0281 0.00952 0.01755 0.03282 0.006209 0.01323 0.002533 0.01689 0.004332 0.002351 0.003431 0.001567 0.0008437 0.001442 0.001525
0.01675 0.09021 0.2742 0.05731 0.1302 0.02 0.0197 0.006675 0.01231 0.02301 0.004353 0.009274 0.001776 0.01184 0.003038 0.001648 0.002405 0.001099 0.0005916 0.00208
0.00535 0.188 0.2531 0.2286 0.04018 0.09131 0.01402 0.01381 0.00468 0.00863 0.01613 0.003052 0.006503 0.001245 0.008304 0.00213 0.001156 0.001687 0.0007702 0.001873
0.006238 0.06007 0.5276 0.2111 0.1603 0.02817 0.06402 0.009833 0.009685 0.003281 0.006051 0.01131 0.00214 0.004559 0.0008731 0.005822 0.001493 0.0008103 0.001183 0.001853
0.00452 0.07005 0.1686 0.44 0.148 0.1124 0.01975 0.04489 0.006895 0.006791 0.002301 0.004242 0.007932 0.001501 0.003197 0.0006121 0.004082 0.001047 0.0005682 0.002129
0.00444 0.05076 0.1965 0.1406 0.3085 0.1038 0.07881 0.01385 0.03147 0.004834 0.004761 0.001613 0.002975 0.005561 0.001052 0.002241 0.0004292 0.002862 0.0007341 0.001891
0.003185 0.04986 0.1424 0.1639 0.09855 0.2163 0.07275 0.05526 0.009711 0.02207 0.003389 0.003338 0.001131 0.002086 0.003899 0.0007377 0.001571 0.0003009 0.002007 0.00184
0.003439 0.03576 0.1399 0.1188 0.1149 0.0691 0.1516 0.05101 0.03874 0.006809 0.01547 0.002376 0.002341 0.000793 0.001462 0.002734 0.0005172 0.001102 0.000211 0.002697
0.001794 0.03862 0.1003 0.1167 0.08327 0.08057 0.04845 0.1063 0.03577 0.02716 0.004774 0.01085 0.001666 0.001641 0.000556 0.001025 0.001917 0.0003626 0.0007725 0.002039
0.01626 0.02014 0.1084 0.08368 0.08179 0.05838 0.05649 0.03397 0.07455 0.02508 0.01905 0.003347 0.007606 0.001168 0.001151 0.0003898 0.0007189 0.001344 0.0002543 0.001971
0.002979 0.1826 0.05651 0.09036 0.05867 0.05735 0.04093 0.03961 0.02382 0.05227 0.01758 0.01335 0.002347 0.005333 0.0008191 0.0008068 0.0002733 0.000504 0.0009424 0.001561
0.002787 0.03345 0.5123 0.04712 0.06336 0.04114 0.04021 0.0287 0.02777 0.0167 0.03665 0.01233 0.009363 0.001645 0.003739 0.0005743 0.0005657 0.0001916 0.0003534 0.001755
0.00846 0.03129 0.09385 0.4272 0.03304 0.04442 0.02884 0.02819 0.02012 0.01947 0.01171 0.0257 0.008644 0.006565 0.001154 0.002622 0.0004027 0.0003966 0.0001344 0.001478
0.001836 0.09499 0.08781 0.07826 0.2995 0.02317 0.03115 0.02022 0.01977 0.01411 0.01365 0.008209 0.01802 0.00606 0.004603 0.0008089 0.001838 0.0002823 0.0002781 0.001131
0.002225 0.02062 0.2665 0.07322 0.05487 0.21 0.01624 0.02184 0.01418 0.01386 0.009893 0.009572 0.005756 0.01263 0.004249 0.003227 0.0005672 0.001289 0.000198 0.0009877
0.001871 0.02498 0.05785 0.2223 0.05134 0.03847 0.1472 0.01139 0.01531 0.009942 0.009718 0.006936 0.006712 0.004036 0.008857 0.002979 0.002263 0.0003977 0.0009037 0.0008313
0.006386 0.02101 0.0701 0.04824 0.1558 0.036 0.02698 0.1032 0.007985 0.01074 0.006971 0.006813 0.004863 0.004706 0.00283 0.00621 0.002089 0.001586 0.0002788 0.001217
1.169 18.47 14.07 13.69 7.924 25.6 5.913 4.431 16.96 1.312 1.763 1.145 1.119 0.7988 0.773 0.4648 1.02 0.3431 0.2606 0.2456
0.35 12.02 42.98 8.738 6.986 4.043 13.06 3.017 2.261 8.651 0.6691 0.8997 0.5841 0.571 0.4075 0.3943 0.2371 0.5204 0.1751 0.2583
0.552 4.275 33 31.59 5.283 4.224 2.445 7.896 1.824 1.367 5.231 0.4046 0.544 0.3532 0.3453 0.2464 0.2385 0.1434 0.3147 0.262
1.352 5.453 9.531 19.53 15.35 2.567 2.052 1.188 3.836 0.8862 0.6641 2.541 0.1966 0.2643 0.1716 0.1677 0.1197 0.1158 0.06966 0.2802
1.574 14.44 13.21 6.19 10.44 8.198 1.371 1.096 0.6344 2.049 0.4734 0.3548 1.358 0.105 0.1412 0.09167 0.08961 0.06396 0.06189 0.1869
0.5385 17.89 37.13 9.115 3.516 5.928 4.657 0.779 0.6228 0.3604 1.164 0.2689 0.2015 0.7713 0.05966 0.08021 0.05208 0.0509 0.03634 0.1413
1.643 5.866 44.06 24.48 4.942 1.906 3.214 2.525 0.4224 0.3377 0.1954 0.6312 0.1458 0.1093 0.4182 0.03234 0.04349 0.02824 0.0276 0.09633
0.9435 18.71 15.06 30.26 13.83 2.792 1.077 1.815 1.426 0.2386 0.1907 0.1104 0.3565 0.08236 0.06172 0.2362 0.01827 0.02456 0.01595 0.07
0.6412 9.389 42.21 9.071 14.97 6.842 1.381 0.5329 0.8984 0.7058 0.1181 0.09439 0.05462 0.1764 0.04076 0.03054 0.1169 0.009041 0.01216 0.04253
1.011 8.039 26.49 31.97 5.658 9.34 4.267 0.8616 0.3323 0.5603 0.4402 0.07363 0.05887 0.03407 0.11 0.02542 0.01905 0.0729 0.005639 0.03411
0.8565 10.55 18.87 16.5 16.35 2.893 4.776 2.182 0.4405 0.1699 0.2865 0.2251 0.03765 0.0301 0.01742 0.05627 0.013 0.00974 0.03728 0.02032
1.936 9.665 26.74 12.74 9.155 9.07 1.605 2.65 1.211 0.2444 0.09428 0.159 0.1249 0.02089 0.0167 0.009664 0.03122 0.007212 0.005404 0.03196
2.917 20.16 22.67 16.67 6.521 4.685 4.642 0.8214 1.356 0.6195 0.1251 0.04825 0.08135 0.06391 0.01069 0.008547 0.004946 0.01598 0.003691 0.01912
1.743 30.8 48.15 14.46 8.736 3.418 2.456 2.433 0.4306 0.7108 0.3248 0.06557 0.02529 0.04264 0.0335 0.005604 0.00448 0.002593 0.008375 0.01196
0.455 19.62 78.31 32.78 8.097 4.893 1.915 1.376 1.363 0.2412 0.3981 0.1819 0.03672 0.01417 0.02388 0.01876 0.003139 0.002509 0.001452 0.01139
1.521 5.086 49.42 52.65 18.12 4.476 2.705 1.058 0.7603 0.7532 0.1333 0.22 0.1005 0.0203 0.00783 0.0132 0.01037 0.001735 0.001387 0.007097
0.8945 15.41 11.67 30.24 26.48 9.11 2.25 1.36 0.5321 0.3823 0.3787 0.06702 0.1106 0.05055 0.01021 0.003937 0.006638 0.005215 0.0008723 0.004266
1.659 11.01 42.64 8.653 18.46 16.16 5.561 1.374 0.8301 0.3248 0.2333 0.2312 0.04091 0.06753 0.03086 0.00623 0.002403 0.004052 0.003183 0.003136
3.89 16.6 24.85 25.56 4.256 9.081 7.949 2.735 0.6757 0.4083 0.1598 0.1148 0.1137 0.02012 0.03322 0.01518 0.003064 0.001182 0.001993 0.003109
0.7545 41.95 40.52 16.24 13.74 2.288 4.882 4.274 1.471 0.3633 0.2195 0.08589 0.06171 0.06114 0.01082 0.01786 0.00816 0.001648 0.0006356 0.002743
1.149 9.112 113.9 29.43 9.707 8.211 1.367 2.917 2.554 0.8788 0.2171 0.1312 0.05133 0.03688 0.03653 0.006465 0.01067 0.004876 0.0009845 0.002019
1.399 12.43 22.11 73.25 15.54 5.125 4.335 0.7219 1.54 1.348 0.4639 0.1146 0.06925 0.0271 0.01947 0.01929 0.003413 0.005634 0.002574 0.001586
0.9043 15.47 30.79 14.53 39.52 8.382 2.765 2.339 0.3895 0.8309 0.7273 0.2503 0.06182 0.03736 0.01462 0.0105 0.01041 0.001841 0.00304 0.002244
0.8138 8.951 34.55 18.25 7.067 19.22 4.077 1.345 1.138 0.1894 0.4042 0.3538 0.1217 0.03007 0.01817 0.007111 0.005109 0.005061 0.0008957 0.00257
1.284 9.154 22.73 23.49 10.21 3.953 10.75 2.28 0.7522 0.6363 0.106 0.2261 0.1979 0.06809 0.01682 0.01016 0.003977 0.002857 0.002831 0.001939
1.507 13.9 22.38 14.84 12.61 5.48 2.122 5.771 1.224 0.4037 0.3415 0.05687 0.1213 0.1062 0.03655 0.009028 0.005455 0.002135 0.001534 0.00256
2.019 16.64 34.62 14.9 8.124 6.902 2.999 1.161 3.158 0.6699 0.221 0.1869 0.03113 0.06641 0.05813 0.02 0.004941 0.002986 0.001168 0.00224
0.9115 20.74 38.73 21.54 7.619 4.155 3.53 1.534 0.5938 1.615 0.3426 0.113 0.09559 0.01592 0.03396 0.02973 0.01023 0.002527 0.001527 0.001743
0.1626 11.18 57.23 28.67 13.13 4.642 2.531 2.151 0.9345 0.3618 0.9842 0.2087 0.06885 0.05824 0.009699 0.02069 0.01811 0.006233 0.00154 0.001993
0.8945 1.68 26.02 35.39 14.55 6.664 2.357 1.285 1.092 0.4745 0.1837 0.4997 0.106 0.03496 0.02957 0.004924 0.01051 0.009196 0.003165 0.001793
2.154 9.079 3.868 16.02 17.91 7.367 3.373 1.193 0.6506 0.5527 0.2402 0.09298 0.2529 0.05364 0.01769 0.01497 0.002492 0.005318 0.004655 0.00251
0.3866 25.26 24.08 2.758 9.407 10.52 4.325 1.981 0.7005 0.382 0.3245 0.141 0.0546 0.1485 0.0315 0.01039 0.008788 0.001463 0.003122 0.004207
0.9356 4.179 61.7 15.72 1.48 5.048 5.645 2.321 1.063 0.3759 0.205 0.1742 0.07568 0.0293 0.0797 0.0169 0.005576 0.004716 0.0007854 0.003933
0.2863 10.75 10.81 42.64 8.934 0.8413 2.869 3.208 1.319 0.6041 0.2136 0.1165 0.09897 0.04301 0.01665 0.04529 0.009606 0.003169 0.00268 0.002682
2.088 2.995 25.35 6.789 22 4.61 0.4341 1.48 1.655 0.6807 0.3117 0.1102 0.06011 0.05107 0.02219 0.008592 0.02337 0.004957 0.001635 0.002767
0.7308 21.73 7.065 16 3.522 11.42 2.392 0.2252 0.7681 0.8589 0.3532 0.1617 0.0572 0.03119 0.0265 0.01151 0.004458 0.01213 0.002572 0.002284
2.737 8.16 54.98 4.802 8.953 1.971 6.388 1.338 0.126 0.4298 0.4806 0.1976 0.09049 0.032 0.01745 0.01483 0.006443 0.002494 0.006785 0.002717
0.598 32.68 21.92 39.54 2.842 5.297 1.166 3.78 0.7919 0.07457 0.2543 0.2844 0.1169 0.05354 0.01894 0.01033 0.008773 0.003812 0.001476 0.005622
0.7843 5.982 73.86 13.18 19.52 1.402 2.614 0.5755 1.865 0.3908 0.0368 0.1255 0.1403 0.05771 0.02642 0.009346 0.005096 0.00433 0.001881 0.003503
1.65 8.924 15.37 50.85 7.463 11.05 0.7943 1.481 0.326 1.057 0.2214 0.02084 0.07109 0.07949 0.03269 0.01497 0.005293 0.002887 0.002452 0.00305
0.9649 19.22 23.34 10.72 29.14 4.278 6.335 0.4552 0.8487 0.1868 0.6055 0.1269 0.01195 0.04074 0.04556 0.01873 0.008578 0.003034 0.001654 0.003154
0.7815 9.503 42.74 13.78 5.192 14.12 2.072 3.069 0.2205 0.4111 0.09051 0.2933 0.06146 0.005787 0.01974 0.02207 0.009075 0.004155 0.00147 0.002329
2.22 8.835 24.27 29.24 7.753 2.922 7.946 1.166 1.727 0.1241 0.2314 0.05094 0.1651 0.03459 0.003257 0.01111 0.01242 0.005107 0.002339 0.002138
1.328 23.82 21.42 15.72 15.57 4.129 1.556 4.232 0.6211 0.9198 0.0661 0.1232 0.02713 0.08792 0.01842 0.001735 0.005916 0.006615 0.00272 0.002384
1.234 14.86 60.16 14.48 8.737 8.654 2.295 0.8649 2.352 0.3452 0.5112 0.03673 0.06848 0.01508 0.04886 0.01024 0.000964 0.003288 0.003676 0.002837
1.093 12.63 34.47 37.29 7.375 4.451 4.409 1.169 0.4406 1.198 0.1758 0.2604 0.01871 0.03489 0.00768 0.02489 0.005215 0.0004911 0.001675 0.003318
1.145 12.29 32.16 23.59 21.01 4.155 2.507 2.484 0.6586 0.2482 0.6749 0.09906 0.1467 0.01054 0.01965 0.004327 0.01402 0.002938 0.0002767 0.002813
1.957 13.27 32.11 22.51 13.58 12.09 2.392 1.443 1.43 0.3791 0.1429 0.3885 0.05703 0.08446 0.006069 0.01131 0.002491 0.008073 0.001691 0.001779
0.7042 21.78 33.2 21.39 12.32 7.431 6.617 1.309 0.7899 0.7824 0.2075 0.07819 0.2126 0.03121 0.04622 0.003321 0.006192 0.001363 0.004418 0.001899
2.052 7.768 53.93 21.84 11.55 6.653 4.014 3.575 0.707 0.4267 0.4227 0.1121 0.04224 0.1149 0.01686 0.02497 0.001794 0.003345 0.0007363 0.003412
0.4935 20.04 17.16 31.7 10.54 5.575 3.21 1.937 1.725 0.3411 0.2059 0.2039 0.05408 0.02038 0.05542 0.008134 0.01205 0.0008656 0.001614 0.002002
3.134 6.062 55.39 12.72 19.33 6.428 3.4 1.958 1.181 1.052 0.2081 0.1256 0.1244 0.03298 0.01243 0.0338 0.004961 0.007347 0.000528 0.002205
0.7645 33.25 14.45 35.05 6.607 10.04 3.339 1.766 1.017 0.6137 0.5465 0.1081 0.06523 0.06461 0.01713 0.006457 0.01756 0.002577 0.003817 0.00142
4.37 8.472 82.77 9.574 19.07 3.595 5.464 1.817 0.961 0.5534 0.3339 0.2973 0.05881 0.03549 0.03515 0.009322 0.003513 0.009553 0.001402 0.002849
1.741 43.99 19.27 50.08 4.757 9.476 1.786 2.715 0.9027 0.4775 0.2749 0.1659 0.1477 0.02922 0.01763 0.01747 0.004631 0.001745 0.004746 0.002112
1.287 18.89 108.1 12.7 27.15 2.579 5.137 0.9683 1.472 0.4894 0.2589 0.1491 0.08994 0.08009 0.01584 0.00956 0.009469 0.002511 0.0009463 0.003718
0.5851 14.8 49.05 75.27 7.274 15.56 1.477 2.943 0.5547 0.8432 0.2804 0.1483 0.0854 0.05153 0.04588 0.009075 0.005477 0.005425 0.001438 0.002672
0.9114 6.571 37.4 33.06 41.69 4.029 8.617 0.8184 1.63 0.3073 0.4671 0.1553 0.08215 0.0473 0.02854 0.02542 0.005027 0.003034 0.003005 0.002277
4.402 9.41 15.32 23.21 16.86 21.26 2.054 4.393 0.4172 0.8312 0.1567 0.2381 0.07918 0.04188 0.02412 0.01455 0.01296 0.002563 0.001547 0.002693
1.489 52.45 25.19 10.96 13.66 9.917 12.51 1.209 2.585 0.2455 0.489 0.09217 0.1401 0.04659 0.02464 0.01419 0.008562 0.007624 0.001508 0.002495
