Originally  
101 
A 
2	100	
1	1	NA	NA	
1	20	
1 474.6 230.9 230.9 89.79 89.79 89.79 12.83 38.48 12.83 12.83 0 0 0 0 0 0 0 0 0 0
1 289.4 159.7 169.7 139.7 79.84 39.92 49.9 39.92 9.981 9.981 9.981 0 0 0 0 0 0 0 0 0
1 495.3 215.9 152.4 152.4 101.6 38.1 12.7 25.4 0 50.8 0 25.4 0 0 0 0 0 0 0 0
1 395.2 367 141.1 127 169.4 141.1 28.23 14.11 14.11 0 0 14.11 0 0 0 0 0 0 0 0
1 1113 428 385.2 21.4 64.2 42.8 21.4 21.4 0 21.4 21.4 0 0 0 0 0 0 0 0 0
1 383.3 1006 239.6 311.5 95.83 167.7 95.83 47.92 0 23.96 0 23.96 0 0 0 0 0 0 0 0
1 720.9 372.9 795.5 124.3 223.7 49.72 49.72 49.72 24.86 0 49.72 24.86 0 0 0 0 0 0 0 0
1 501.6 351.1 183.9 334.4 83.59 50.16 50.16 0 33.44 16.72 16.72 16.72 16.72 0 0 0 0 16.72 0 0
1 673.6 720 209 116.1 394.9 23.23 69.68 23.23 46.45 23.23 0 23.23 0 0 0 0 0 0 0 0
1 545.1 256.5 448.9 96.19 32.06 96.19 48.09 16.03 0 16.03 32.06 0 0 16.03 0 0 0 0 0 0
1 1659 320.1 349.2 261.9 116.4 29.1 87.3 29.1 0 29.1 0 0 0 0 0 0 29.1 0 0 0
1 194.8 974.1 303.1 129.9 238.1 43.29 43.29 151.5 21.65 0 21.65 21.65 0 21.65 0 0 0 0 0 0
1 414.9 66.38 630.6 82.98 166 149.4 16.6 0 99.58 0 16.6 0 16.6 0 0 0 0 0 0 0
1 154.8 270.9 38.7 503.1 77.4 25.8 90.3 64.5 0 12.9 25.8 12.9 12.9 0 0 0 0 0 0 0
1 638.8 119.8 259.5 99.81 539 79.85 0 59.89 59.89 0 59.89 19.96 19.96 19.96 0 0 0 0 0 19.96
1 183.6 484.1 250.4 250.4 33.39 300.5 50.08 16.69 66.78 16.69 0 0 0 16.69 0 0 0 0 0 0
1 64.13 85.51 331.4 53.45 160.3 21.38 203.1 32.07 21.38 32.07 21.38 21.38 21.38 0 0 0 0 0 0 0
1 264.8 145.6 158.9 238.3 66.2 105.9 0 185.3 13.24 13.24 26.48 92.67 13.24 0 0 0 0 0 0 0
1 88.88 170.4 22.22 103.7 125.9 22.22 59.25 14.81 74.07 14.81 14.81 7.407 0 0 0 0 0 7.407 0 14.81
1 701.8 73.33 73.33 20.95 52.38 52.38 10.48 10.48 0 31.43 10.48 0 0 0 10.48 0 0 0 0 0
1 355.7 565.9 97.01 210.2 32.34 97.01 16.17 48.51 32.34 0 48.51 32.34 16.17 0 16.17 32.34 16.17 0 0 0
1 884.9 168.5 484.6 84.27 42.14 63.2 42.14 147.5 0 63.2 0 84.27 0 0 21.07 0 0 0 0 21.07
1 448.2 448.2 79.09 171.4 0 52.73 0 0 13.18 26.36 26.36 13.18 39.54 0 0 0 0 0 0 0
1 1262 435.1 217.6 43.51 87.03 21.76 21.76 21.76 0 0 0 21.76 0 21.76 0 0 0 21.76 0 0
1 538.1 982.5 491.3 163.8 46.79 46.79 0 23.39 0 0 46.79 0 0 0 0 0 0 0 0 0
1 464.6 243.3 907 287.6 154.9 0 110.6 0 0 0 0 0 0 22.12 0 0 22.12 0 0 0
1 540 437.2 282.9 720 231.4 180 51.43 51.43 0 0 0 0 51.43 0 25.72 0 0 0 0 0
1 322.8 176.1 234.7 117.4 366.8 146.7 29.34 14.67 14.67 14.67 0 0 0 14.67 0 14.67 0 0 0 0
1 271.8 231.1 122.3 108.7 176.7 258.3 67.96 81.55 0 13.59 0 0 0 0 27.18 0 0 0 0 0
1 690.5 295.9 197.3 197.3 221.9 197.3 320.6 98.64 148 49.32 49.32 0 0 0 0 0 0 0 0 0
1 147.5 147.5 95.45 95.45 34.71 69.42 69.42 147.5 8.677 17.35 8.677 17.35 0 0 0 0 8.677 0 0 0
1 1260 77.52 96.9 155 58.14 77.52 96.9 0 58.14 19.38 0 0 0 0 0 0 0 19.38 0 19.38
1 370.7 1285 98.86 123.6 173 123.6 0 24.71 49.43 98.86 74.14 0 0 49.43 0 0 0 0 0 0
1 413.6 169.2 958.7 75.19 37.6 56.4 0 0 56.4 37.6 37.6 0 37.6 0 0 0 0 0 0 0
1 584.1 139.1 83.45 306 13.91 111.3 55.63 27.82 13.91 13.91 13.91 27.82 0 0 0 0 0 0 0 0
1 160.9 371.2 61.87 86.62 408.3 24.75 24.75 12.37 24.75 12.37 12.37 0 24.75 12.37 0 0 0 0 0 0
1 240.3 106.8 400.4 40.04 146.8 320.4 13.35 13.35 13.35 0 13.35 13.35 0 0 0 0 0 0 0 13.35
1 107 190.2 95.1 285.3 95.1 11.89 273.4 11.89 11.89 23.78 23.78 47.55 0 0 0 11.89 0 0 0 0
1 617.6 241 195.8 90.39 150.6 45.19 30.13 120.5 0 0 0 15.06 0 0 0 0 0 0 0 0
1 378.6 532.8 70.11 42.06 14.02 154.2 42.06 14.02 98.15 28.04 0 0 0 0 0 14.02 14.02 0 0 0
1 127.5 272 280.5 25.5 34 8.501 34 25.5 17 17 0 8.501 0 0 0 0 0 0 0 0
1 170.8 124.2 209.6 155.3 31.06 15.53 0 31.06 0 0 31.06 0 0 0 0 7.764 0 0 0 0
1 326.9 83.21 59.44 47.55 29.72 5.944 11.89 0 5.944 5.944 0 11.89 0 0 0 0 5.944 0 0 0
1 631.7 470.4 67.2 26.88 53.76 53.76 26.88 0 0 0 0 13.44 0 0 0 0 0 0 0 0
1 189.2 398.2 219 69.69 0 69.69 39.82 0 0 0 9.956 0 0 0 0 0 0 0 0 0
1 760.2 162.9 230.8 135.8 54.3 13.58 0 0 0 0 0 0 0 0 0 0 0 0 0 0
1 221.1 389.2 70.77 115 61.92 0 0 0 17.69 0 0 0 0 0 0 8.846 0 0 0 0
1 207.8 280 234.9 27.1 108.4 9.033 0 0 18.07 9.033 9.033 0 0 0 0 0 0 0 0 0
1 445.8 253 192.8 144.6 36.15 60.25 72.3 0 0 0 0 0 0 0 0 0 0 0 0 0
1 276.9 287.1 123.1 143.6 123.1 41.02 20.51 10.25 0 0 0 0 0 0 0 0 0 0 0 0
1 639.5 312.7 241.6 56.85 127.9 28.42 0 14.21 0 0 0 0 0 0 0 0 0 0 0 0
1 593.6 387.6 84.79 48.45 12.11 24.23 48.45 12.11 0 0 0 0 0 0 0 0 0 0 0 0
1 592.5 656.5 240.2 16.01 80.06 16.01 0 0 0 0 0 0 0 0 0 0 0 0 0 0
1 155.3 352 289.9 134.6 31.06 31.06 31.06 10.35 0 0 0 0 0 0 0 0 0 0 0 0
1 444.3 78.41 300.6 261.4 130.7 39.2 13.07 13.07 13.07 13.07 0 0 0 0 0 0 0 0 0 0
1 292.4 433.6 100.8 90.75 70.58 20.17 0 0 0 0 0 0 0 0 0 0 0 0 0 0
1 652.8 281.9 311.5 59.34 44.51 74.18 59.34 0 0 0 0 0 0 0 0 0 0 0 0 0
1 1332 399.6 288.6 111 44.4 0 22.2 0 0 0 22.2 0 0 0 0 0 0 0 0 0
1 215.2 760.2 243.9 57.38 100.4 14.34 28.69 14.34 0 0 0 0 0 0 0 0 0 0 0 0
1 296.9 125 812.6 78.13 140.6 62.5 0 31.25 0 15.63 0 0 0 0 0 0 0 0 0 0
1 537.7 319.7 101.7 348.8 58.13 14.53 43.6 0 0 29.06 0 0 0 0 0 0 0 0 0 0
1 126.8 426.4 218.9 92.19 230.5 11.52 11.52 34.57 0 0 0 0 0 0 0 0 0 0 0 0
1 358.3 194.5 204.7 133.1 0 71.66 20.47 20.47 10.24 0 0 10.24 0 0 0 0 0 0 0 0
1 521 253.8 173.7 187 80.15 26.72 66.79 26.72 0 0 0 0 0 0 0 0 0 0 0 0
1 624.5 196.6 104.1 92.51 92.51 0 11.56 34.69 0 0 0 0 0 0 0 0 0 0 0 0
1 779.2 405.9 194.8 113.6 16.23 32.47 16.23 16.23 32.47 16.23 0 0 0 0 0 0 0 0 0 0
1 209.1 388.3 209.1 69.7 29.87 39.83 19.91 9.957 9.957 0 0 0 9.957 0 0 0 0 0 0 0
1 53.76 215.1 276.5 107.5 46.08 23.04 15.36 0 0 15.36 15.36 0 0 0 0 0 0 0 0 0
1 276.9 26.79 187.6 196.5 107.2 62.52 17.86 8.931 0 0 0 0 0 0 0 0 0 8.931 0 0
1 803.7 263.5 13.18 92.23 105.4 13.18 26.35 0 0 0 0 0 0 0 0 0 0 0 0 0
1 138.3 531.8 191.5 21.27 85.1 63.82 21.27 0 0 10.64 0 0 0 0 0 0 0 0 0 0
1 264.7 42.69 350 76.84 17.07 34.15 42.69 8.537 17.07 0 0 0 0 0 0 0 0 0 0 0
1 140.3 258.4 66.44 191.9 29.53 14.76 14.76 14.76 7.382 0 0 0 0 0 0 0 0 0 0 0
1 665.2 63.35 116.1 31.67 147.8 10.56 0 10.56 10.56 0 0 0 0 0 0 0 0 0 0 0
1 201.7 637 53.08 53.08 21.23 74.31 10.62 0 0 10.62 0 0 0 0 0 0 0 0 0 0
1 862.8 203.9 345.1 94.12 31.37 0 31.37 0 0 0 0 0 0 0 0 0 0 0 0 0
1 193.8 749.4 116.3 206.7 0 25.84 0 0 0 0 0 0 0 0 0 0 0 0 0 0
1 224 152.3 376.4 53.77 62.73 8.962 8.962 0 8.962 0 0 0 0 0 0 0 0 0 0 0
1 610.9 211.9 62.34 211.9 62.34 49.87 0 0 0 24.93 12.47 0 0 0 0 0 0 0 0 0
1 294.5 461.3 98.16 49.08 39.26 29.45 0 0 0 0 9.816 0 0 0 0 0 0 0 0 0
1 341.3 230.6 193.7 46.12 9.225 73.8 18.45 9.225 0 0 0 0 0 0 0 0 0 0 0 0
1 1493 256.5 233.2 163.2 46.64 23.32 46.64 0 69.96 0 0 0 0 0 0 0 0 0 0 0
1 400.3 497.3 109.2 60.64 60.64 36.39 24.26 12.13 0 12.13 0 0 0 0 0 0 0 0 0 0
1 282.9 210.1 218.2 40.41 24.25 16.16 0 0 16.16 0 0 0 0 0 0 0 0 0 0 0
1 358.2 268.6 169.1 99.5 59.7 39.8 0 0 0 0 0 0 0 0 0 0 0 0 0 0
1 499.9 283.7 189.2 148.6 162.1 0 27.02 40.53 0 0 0 0 0 0 0 0 0 0 0 0
1 530.8 233.5 84.93 95.54 42.46 63.69 10.62 0 0 0 0 0 0 0 0 0 0 0 0 0
1 263.9 428.8 186.9 98.96 54.98 21.99 32.99 0 11 0 0 0 0 0 0 0 0 0 0 0
1 516.1 180.1 276.1 120 60.02 12 24.01 12 0 0 0 0 0 0 0 0 0 0 0 0
1 78.2 375.4 86.02 195.5 31.28 7.82 0 0 7.82 0 0 0 0 0 0 0 0 0 0 0
1 938.8 82.35 296.5 131.8 148.2 16.47 16.47 0 16.47 0 0 0 0 0 0 0 0 0 0 0
1 275.5 588.5 75.13 162.8 37.57 87.65 12.52 12.52 0 0 0 0 0 0 0 0 0 0 0 0
1 1142 152.3 399.7 19.03 152.3 0 0 19.03 0 0 0 19.03 0 0 0 0 0 0 0 0
1 847.9 985.4 68.75 366.7 0 0 0 22.92 0 0 0 0 0 0 0 0 0 0 0 0
1 312.1 354.6 610 0 127.7 0 0 0 0 0 0 14.19 0 0 0 0 0 0 0 0
1 189.5 260.6 272.5 367.2 11.85 35.54 0 11.85 11.85 11.85 0 0 0 11.85 0 0 0 0 0 0
1 326.7 101.4 214 135.2 247.8 33.79 67.59 0 0 0 0 0 0 0 0 0 0 0 0 0
1 2227 237.6 29.69 118.8 148.5 207.9 0 0 0 0 0 0 0 0 0 0 0 0 0 0
1 582.7 1015 131.6 0 93.98 18.8 37.59 0 0 0 0 0 0 0 0 0 0 0 0 0
