 landings-at-age - landings.n (units : NA )
1	2	
42	100	
1	20	
1 
0.004358 0.04567 0.1415 0.1209 0.0813 0.05831 0.04373 0.02933 0.02148 0.01441 0.009607 0.006775 0.004948 0.003431 0.002219 0.0015 0.00109 0.0007262 0.0005227 0.001125
0.004108 0.04893 0.1282 0.118 0.08477 0.057 0.04088 0.03066 0.02057 0.01506 0.0101 0.006736 0.00475 0.003469 0.002406 0.001556 0.001051 0.0007639 0.0005092 0.001155
0.06157 0.7247 2.148 1.67 1.293 0.9288 0.6245 0.4479 0.3359 0.2253 0.165 0.1107 0.0738 0.05204 0.03801 0.02636 0.01705 0.01152 0.008369 0.01824
0.1191 1.335 3.886 3.398 2.219 1.718 1.234 0.8297 0.5951 0.4463 0.2994 0.2192 0.1471 0.09805 0.06915 0.0505 0.03502 0.02265 0.0153 0.03535
0.173 1.975 5.442 4.647 3.409 2.226 1.723 1.238 0.8323 0.5969 0.4477 0.3003 0.2199 0.1475 0.09836 0.06936 0.05065 0.03513 0.02272 0.05081
0.228 2.56 7.143 5.739 4.105 3.011 1.966 1.522 1.093 0.7352 0.5273 0.3955 0.2653 0.1943 0.1303 0.08689 0.06127 0.04475 0.03103 0.06496
0.2957 3.164 8.636 6.983 4.694 3.358 2.463 1.608 1.245 0.8944 0.6013 0.4313 0.3235 0.217 0.1589 0.1066 0.07106 0.05012 0.0366 0.07851
0.334 3.939 10.18 8.006 5.409 3.636 2.601 1.908 1.245 0.9643 0.6927 0.4658 0.3341 0.2505 0.1681 0.1231 0.08256 0.05504 0.03882 0.08916
0.3887 4.322 12.24 9.061 5.944 4.016 2.7 1.931 1.416 0.9248 0.716 0.5144 0.3458 0.2481 0.186 0.1248 0.09138 0.06131 0.04087 0.09502
0.4606 4.921 13.07 10.53 6.497 4.262 2.879 1.936 1.385 1.016 0.6631 0.5134 0.3688 0.248 0.1779 0.1334 0.08948 0.06552 0.04396 0.09744
0.4923 5.733 14.54 10.92 7.326 4.52 2.965 2.003 1.347 0.9633 0.7066 0.4613 0.3571 0.2566 0.1725 0.1237 0.0928 0.06225 0.04558 0.09837
0.5914 6.043 16.61 11.85 7.396 4.961 3.061 2.008 1.357 0.912 0.6523 0.4785 0.3124 0.2419 0.1738 0.1168 0.08379 0.06284 0.04215 0.09748
0.6302 7.177 17.21 13.22 7.826 4.886 3.278 2.022 1.327 0.8963 0.6026 0.431 0.3161 0.2064 0.1598 0.1148 0.07719 0.05536 0.04152 0.09226
0.7043 7.574 20.13 13.4 8.537 5.054 3.155 2.117 1.306 0.8567 0.5788 0.3891 0.2783 0.2041 0.1333 0.1032 0.07413 0.04985 0.03575 0.08639
0.8036 8.392 20.94 15.36 8.47 5.395 3.194 1.994 1.338 0.8253 0.5414 0.3658 0.2459 0.1759 0.129 0.08423 0.06521 0.04685 0.0315 0.07719
0.9111 9.506 22.9 15.67 9.508 5.244 3.34 1.977 1.234 0.8281 0.5109 0.3352 0.2264 0.1522 0.1089 0.07987 0.05214 0.04037 0.029 0.06728
0.9936 10.71 25.62 16.83 9.513 5.771 3.183 2.027 1.2 0.7492 0.5026 0.3101 0.2034 0.1374 0.09239 0.06609 0.04847 0.03165 0.0245 0.05844
1.042 11.61 28.52 18.49 10.02 5.665 3.436 1.895 1.207 0.7145 0.4461 0.2993 0.1846 0.1211 0.08183 0.05501 0.03935 0.02886 0.01884 0.04939
1.171 12.11 30.57 20.23 10.81 5.856 3.311 2.008 1.108 0.7054 0.4176 0.2607 0.1749 0.1079 0.0708 0.04783 0.03215 0.023 0.01687 0.03988
1.255 13.54 31.55 21.33 11.61 6.204 3.361 1.9 1.153 0.6357 0.4049 0.2397 0.1497 0.1004 0.06194 0.04063 0.02745 0.01845 0.0132 0.03257
1.386 14.44 34.92 21.65 12.03 6.548 3.498 1.895 1.071 0.6499 0.3584 0.2283 0.1351 0.08438 0.05661 0.03492 0.02291 0.01548 0.01041 0.02581
1.333 15.11 35.24 22.55 11.48 6.373 3.47 1.854 1.004 0.5678 0.3444 0.19 0.121 0.07162 0.04472 0.03 0.01851 0.01214 0.008203 0.01919
1.334 14.54 36.86 22.76 11.95 6.081 3.377 1.839 0.9823 0.5322 0.3009 0.1825 0.1007 0.06411 0.03795 0.0237 0.0159 0.009808 0.006434 0.01452
1.283 14.54 35.47 23.81 12.06 6.333 3.223 1.79 0.9745 0.5206 0.282 0.1595 0.09672 0.05335 0.03398 0.02011 0.01256 0.008425 0.005198 0.0111
1.232 13.99 35.49 22.91 12.62 6.393 3.356 1.708 0.9485 0.5164 0.2759 0.1495 0.0845 0.05126 0.02827 0.018 0.01066 0.006655 0.004465 0.008639
1.246 13.43 34.14 22.92 12.14 6.687 3.388 1.779 0.905 0.5027 0.2737 0.1462 0.07921 0.04478 0.02716 0.01498 0.009542 0.005649 0.003527 0.006944
1.278 13.58 32.76 22.05 12.15 6.434 3.544 1.795 0.9426 0.4796 0.2664 0.145 0.07747 0.04198 0.02373 0.0144 0.007939 0.005056 0.002993 0.005549
1.304 13.93 33.14 21.16 11.69 6.437 3.41 1.878 0.9514 0.4995 0.2542 0.1412 0.07686 0.04106 0.02224 0.01258 0.007629 0.004207 0.00268 0.004527
1.364 14.21 33.98 21.4 11.21 6.193 3.411 1.807 0.9952 0.5042 0.2647 0.1347 0.07481 0.04073 0.02176 0.01179 0.006665 0.004043 0.00223 0.003819
1.293 14.87 34.68 21.95 11.34 5.943 3.282 1.808 0.9575 0.5274 0.2672 0.1403 0.07138 0.03964 0.02158 0.01153 0.006247 0.003532 0.002142 0.003206
1.283 14.1 36.29 22.4 11.63 6.011 3.149 1.739 0.9581 0.5074 0.2795 0.1416 0.07434 0.03783 0.02101 0.01144 0.00611 0.003311 0.001872 0.002834
1.317 13.99 34.4 23.44 11.87 6.165 3.186 1.669 0.9216 0.5077 0.2689 0.1481 0.07504 0.0394 0.02005 0.01113 0.006062 0.003238 0.001754 0.002494
1.353 14.36 34.14 22.22 12.42 6.29 3.267 1.688 0.8845 0.4884 0.2691 0.1425 0.07849 0.03977 0.02088 0.01062 0.0059 0.003212 0.001716 0.002251
1.34 14.75 35.05 22.05 11.78 6.584 3.333 1.731 0.8946 0.4687 0.2588 0.1426 0.07552 0.04159 0.02107 0.01106 0.00563 0.003127 0.001702 0.002102
1.336 14.61 36 22.64 11.68 6.24 3.489 1.767 0.9175 0.4741 0.2484 0.1372 0.07556 0.04002 0.02204 0.01117 0.005863 0.002983 0.001657 0.002016
1.319 14.57 35.64 23.25 12 6.192 3.307 1.849 0.9361 0.4862 0.2512 0.1316 0.07269 0.04004 0.02121 0.01168 0.005918 0.003107 0.001581 0.001947
1.238 14.38 35.54 23.02 12.32 6.357 3.281 1.752 0.9798 0.4961 0.2577 0.1331 0.06976 0.03852 0.02122 0.01124 0.00619 0.003136 0.001647 0.001869
1.283 13.5 35.08 22.96 12.2 6.53 3.369 1.739 0.9287 0.5192 0.2629 0.1365 0.07056 0.03697 0.02041 0.01125 0.005956 0.003281 0.001662 0.001863
1.31 13.99 32.94 22.66 12.17 6.465 3.46 1.785 0.9215 0.4921 0.2752 0.1393 0.07236 0.03739 0.01959 0.01082 0.005959 0.003156 0.001739 0.001868
1.259 14.28 34.13 21.28 12.01 6.447 3.426 1.834 0.9461 0.4884 0.2608 0.1458 0.07383 0.03835 0.01982 0.01038 0.005733 0.003158 0.001673 0.001911
1.27 13.4 34.08 21.57 11.03 6.227 3.343 1.777 0.9509 0.4906 0.2533 0.1352 0.07562 0.03829 0.01989 0.01028 0.005384 0.002973 0.001638 0.001859
1.216 13.51 32.07 21.66 11.26 5.758 3.249 1.745 0.9271 0.4962 0.256 0.1322 0.07058 0.03946 0.01998 0.01038 0.005362 0.002809 0.001551 0.001825
1.216 12.94 32.43 20.5 11.37 5.91 3.023 1.706 0.9161 0.4868 0.2606 0.1344 0.06939 0.03706 0.02072 0.01049 0.005449 0.002816 0.001475 0.001773
1.221 12.95 31.14 20.84 10.83 6.009 3.123 1.597 0.9014 0.484 0.2572 0.1377 0.07102 0.03666 0.01958 0.01095 0.005543 0.002879 0.001488 0.001716
1.321 13 31.23 20.13 11.08 5.758 3.194 1.66 0.8491 0.4792 0.2573 0.1367 0.07318 0.03776 0.01949 0.01041 0.005819 0.002946 0.00153 0.001703
1.352 14.06 31.44 20.3 10.77 5.926 3.08 1.708 0.8877 0.4541 0.2563 0.1376 0.07312 0.03914 0.02019 0.01042 0.005566 0.003112 0.001576 0.001729
1.339 14.39 34.09 20.54 10.92 5.793 3.189 1.657 0.9192 0.4777 0.2443 0.1379 0.07404 0.03934 0.02106 0.01087 0.005608 0.002995 0.001675 0.001778
1.32 14.25 34.99 22.4 11.12 5.912 3.136 1.726 0.897 0.4976 0.2586 0.1323 0.07464 0.04008 0.0213 0.0114 0.005882 0.003036 0.001621 0.001869
1.315 14.04 34.72 23.11 12.2 6.054 3.219 1.707 0.9399 0.4884 0.271 0.1408 0.07202 0.04065 0.02182 0.0116 0.006208 0.003203 0.001653 0.001901
1.322 13.99 34.31 23.05 12.66 6.68 3.316 1.763 0.9353 0.5149 0.2675 0.1484 0.07713 0.03945 0.02226 0.01195 0.006353 0.0034 0.001754 0.001947
1.28 14.05 34.25 22.9 12.7 6.974 3.681 1.827 0.9716 0.5153 0.2837 0.1474 0.08177 0.04249 0.02174 0.01227 0.006587 0.0035 0.001873 0.002039
1.108 13.61 34.49 22.98 12.69 7.038 3.864 2.04 1.012 0.5384 0.2855 0.1572 0.08168 0.04531 0.02355 0.01204 0.006797 0.00365 0.001939 0.002168
1.039 11.77 33.47 23.26 12.8 7.071 3.922 2.154 1.137 0.5642 0.3 0.1591 0.0876 0.04552 0.02525 0.01312 0.006712 0.003788 0.002034 0.002289
1.092 11.04 29 22.68 13.03 7.176 3.963 2.198 1.207 0.637 0.3162 0.1681 0.08918 0.04909 0.02551 0.01415 0.007354 0.003762 0.002123 0.002423
0.9758 11.58 27.26 19.75 12.78 7.344 4.044 2.233 1.239 0.68 0.3589 0.1782 0.09475 0.05025 0.02766 0.01437 0.007974 0.004144 0.00212 0.002561
0.8862 10.35 28.67 18.65 11.19 7.24 4.161 2.291 1.265 0.7017 0.3853 0.2033 0.1009 0.05368 0.02847 0.01567 0.008144 0.004518 0.002348 0.002652
0.9041 9.388 25.65 19.7 10.62 6.372 4.123 2.37 1.305 0.7204 0.3996 0.2194 0.1158 0.05749 0.03057 0.01621 0.008925 0.004638 0.002573 0.002847
0.8911 9.568 23.31 17.71 11.28 6.08 3.648 2.36 1.356 0.7468 0.4124 0.2288 0.1256 0.06629 0.03291 0.0175 0.009282 0.005109 0.002655 0.003103
0.9104 9.419 23.8 16.17 10.19 6.489 3.498 2.099 1.358 0.7803 0.4297 0.2373 0.1316 0.07226 0.03814 0.01893 0.01007 0.00534 0.002939 0.003313
