Originally  
101 
A 
2	100	
1	1	NA	NA	
1	20	
1 303.8 147 117.6 107.8 68.61 88.21 39.2 29.4 29.4 9.801 19.6 9.801 0 9.801 0 0 0 0 0 0
1 244.3 244.3 201.8 116.8 116.8 42.48 31.86 10.62 21.24 10.62 0 21.24 0 0 0 0 0 0 0 0
1 241.8 101.8 241.8 203.6 152.7 89.09 89.09 25.45 63.63 25.45 38.18 0 0 0 0 0 0 0 0 0
1 197.9 125 93.74 166.6 166.6 93.74 104.2 10.42 31.25 31.25 10.42 0 0 0 0 0 0 0 10.42 0
1 266.1 226.7 108.4 39.43 138 49.28 78.85 39.43 19.71 9.857 0 0 0 0 0 0 0 0 0 9.857
1 172.4 136.1 108.9 72.57 117.9 36.29 72.57 36.29 63.5 54.43 18.14 9.072 9.072 0 0 0 0 0 0 0
1 156.2 149.4 115.5 81.5 13.58 33.96 47.54 33.96 13.58 6.792 0 13.58 0 0 0 13.58 0 0 0 0
1 215.3 189.4 137.8 60.27 60.27 60.27 17.22 8.61 25.83 60.27 8.61 0 17.22 0 0 0 0 0 0 0
1 294.3 151.6 115.9 80.25 71.34 80.25 17.83 8.917 35.67 17.83 8.917 8.917 0 0 0 0 0 0 0 0
1 214.3 168.4 130.1 91.85 68.89 22.96 22.96 0 15.31 7.654 7.654 0 15.31 0 0 0 0 0 0 0
1 259.3 133.8 150.5 58.54 83.63 50.18 33.45 25.09 16.73 0 0 8.363 0 0 0 0 0 8.363 8.363 0
1 251.5 188.6 62.87 125.7 80.83 44.91 35.92 17.96 8.981 17.96 0 17.96 26.94 0 8.981 0 8.981 0 0 0
1 232.8 172.9 66.52 79.82 39.91 26.61 19.96 0 0 6.652 6.652 0 0 6.652 0 0 6.652 0 0 0
1 304.4 124.9 140.5 54.64 62.45 39.03 7.806 0 15.61 23.42 0 0 7.806 0 0 0 0 0 0 0
1 424.6 218 114.7 126.2 91.8 80.32 34.42 0 22.95 0 11.47 0 0 11.47 0 11.47 0 0 0 0
1 291.1 128.4 128.4 137 59.94 25.69 42.82 8.563 8.563 0 8.563 0 8.563 0 0 8.563 0 0 0 0
1 210.2 193.4 168.2 92.49 67.26 33.63 33.63 8.408 0 8.408 0 8.408 0 8.408 0 0 0 0 0 8.408
1 424.9 298.6 114.9 114.9 91.88 34.46 22.97 22.97 0 22.97 0 0 0 0 0 0 0 0 0 0
1 380.5 211.4 200.8 95.12 84.56 21.14 21.14 31.71 0 0 0 10.57 0 0 0 0 0 0 0 0
1 477.5 238.7 201 163.3 37.7 37.7 62.83 0 25.13 0 0 0 12.57 0 0 0 0 0 0 0
1 419 357.4 234.2 98.6 36.97 12.32 24.65 12.32 0 0 24.65 0 12.32 0 0 0 0 0 0 0
1 341.6 297.6 176.3 77.15 110.2 44.08 22.04 0 22.04 0 0 11.02 0 0 0 0 0 0 0 0
1 389.6 268.7 188.1 201.5 120.9 67.17 26.87 13.43 13.43 13.43 0 13.43 13.43 13.43 0 0 0 0 0 0
1 613 398.5 199.2 91.96 107.3 61.3 15.33 15.33 0 15.33 15.33 0 0 0 0 0 0 0 0 0
1 297.6 278.4 134.4 76.8 38.4 38.4 38.4 19.2 19.2 9.6 0 9.6 0 0 0 0 0 0 0 0
1 399.8 239.9 253.2 133.3 119.9 53.3 26.65 26.65 13.33 13.33 0 0 26.65 26.65 0 0 0 0 0 0
1 386.1 274 137 124.5 112.1 49.81 37.36 62.27 12.45 0 12.45 37.36 0 0 0 0 0 0 0 0
1 876.9 365.4 462.8 267.9 170.5 170.5 0 24.36 24.36 0 48.72 0 0 24.36 0 0 0 0 0 0
1 428.7 377.3 360.1 222.9 120 0 34.3 51.45 51.45 51.45 17.15 0 0 0 0 0 0 0 0 0
1 439.9 226.2 238.8 125.7 62.84 87.97 37.7 12.57 12.57 0 0 0 12.57 0 0 0 0 0 0 0
1 394.6 263 263 197.3 118.4 26.3 26.3 13.15 0 0 13.15 0 0 0 0 0 0 0 0 0
1 521.5 386.9 319.6 100.9 151.4 67.29 33.64 33.64 16.82 33.64 0 0 0 16.82 0 0 0 0 0 0
1 492.6 313.4 223.9 134.3 134.3 74.63 59.7 29.85 0 0 14.93 14.93 0 0 0 0 0 0 0 0
1 378.7 320.4 291.3 87.39 174.8 87.39 72.82 0 14.56 14.56 14.56 0 0 0 0 0 0 0 0 0
1 443.9 222 285.4 206.1 126.8 63.41 111 31.71 31.71 0 31.71 0 15.85 15.85 0 0 0 0 0 0
1 529.1 529.1 207.8 75.58 189 151.2 75.58 56.69 56.69 0 18.9 0 0 0 0 0 0 0 0 0
1 389.6 214.9 268.7 147.8 94.03 67.17 26.87 80.6 13.43 26.87 13.43 0 0 0 0 0 0 0 0 0
1 412.9 275.3 261.5 96.35 82.59 82.59 96.35 27.53 27.53 0 0 0 0 0 0 0 0 13.76 0 0
1 367.8 326.9 245.2 95.35 95.35 81.73 68.11 40.87 0 13.62 0 13.62 0 0 13.62 0 0 0 0 0
1 536.6 385.7 134.2 150.9 201.2 67.08 33.54 16.77 50.31 67.08 16.77 0 0 0 0 0 16.77 0 0 0
1 494.4 313.1 230.7 148.3 181.3 115.4 49.44 32.96 32.96 32.96 0 0 0 0 0 0 0 0 0 16.48
1 600.3 450.2 250.1 150.1 83.37 33.35 16.67 33.35 16.67 16.67 0 0 0 16.67 0 0 0 0 0 0
1 711.5 447.2 325.2 264.3 101.6 60.98 101.6 0 0 0 20.33 0 0 0 0 0 0 0 0 0
1 503.9 291.7 291.7 106.1 53.04 13.26 53.04 0 0 0 13.26 0 0 0 0 0 0 0 0 0
1 484.1 518.7 276.6 138.3 121 86.45 17.29 0 17.29 0 0 51.87 0 17.29 0 0 0 0 0 0
1 399.9 231.5 221 94.7 31.57 10.52 31.57 10.52 0 10.52 0 0 0 0 0 10.52 0 0 0 0
1 507.3 221.1 273.1 117.1 52.03 78.04 26.01 13.01 0 0 0 0 0 13.01 0 0 0 0 0 0
1 368.4 406.5 241.4 63.52 50.82 50.82 38.11 25.41 12.7 12.7 0 0 0 0 0 0 0 0 0 0
1 380.2 232.3 158.4 126.7 116.2 10.56 21.12 10.56 0 0 0 0 0 0 0 0 0 0 0 0
1 665.7 325.1 232.2 92.89 92.89 15.48 46.45 15.48 15.48 0 15.48 0 0 15.48 0 0 0 15.48 0 0
1 635.9 251.4 162.7 177.5 88.74 59.16 44.37 29.58 0 29.58 0 0 0 0 0 0 0 0 0 0
1 406.5 285.7 142.8 131.8 65.92 0 21.97 21.97 0 21.97 0 0 0 0 0 0 0 0 0 0
1 492.7 235.1 257.5 78.38 11.2 11.2 11.2 11.2 11.2 0 0 0 0 0 0 0 0 0 0 0
1 472.1 323 211.2 99.39 86.97 0 24.85 0 24.85 0 0 0 0 0 0 0 0 0 0 0
1 477.5 281.6 232.6 110.2 36.73 48.97 24.49 12.24 0 0 0 0 0 0 0 0 0 0 0 0
1 441.9 298.9 259.9 130 64.98 13 77.98 0 0 13 0 0 0 0 0 0 0 0 0 0
1 399.3 373.5 244.7 141.7 64.4 25.76 25.76 0 12.88 0 0 0 0 0 0 0 0 0 0 0
1 396.2 260.4 192.5 124.5 90.57 11.32 22.64 33.96 0 0 0 0 0 0 0 0 0 0 0 0
1 557.1 386.9 247.6 185.7 108.3 30.95 30.95 0 0 0 0 0 0 0 0 0 0 0 0 0
1 446.1 417.3 215.8 143.9 57.55 43.17 28.78 28.78 28.78 28.78 0 0 0 0 0 0 0 0 0 0
1 570.4 380.2 328.4 224.7 69.13 69.13 17.28 34.57 0 34.57 0 0 0 0 0 0 0 0 0 0
1 354.9 247.4 279.6 86.05 43.02 53.78 10.76 0 0 0 0 0 0 0 0 0 0 0 0 0
1 312.9 211.6 128.8 110.4 73.61 36.81 9.202 9.202 0 9.202 9.202 0 0 0 9.202 0 0 0 0 0
1 404.4 240.5 185.8 109.3 65.58 54.65 10.93 10.93 0 10.93 0 0 0 0 0 0 0 0 0 0
1 209.3 168.8 141.8 40.52 60.77 33.76 6.753 13.51 0 0 0 0 0 0 0 0 0 0 0 0
1 345.5 253.3 230.3 184.3 69.09 23.03 11.52 11.52 0 11.52 0 0 0 0 11.52 0 0 0 0 0
1 298.3 207.2 124.3 66.29 58 33.14 16.57 16.57 0 0 8.286 0 0 0 0 0 0 0 0 0
1 298.1 240.4 211.5 48.08 96.16 28.85 9.616 19.23 9.616 0 0 0 0 0 0 0 0 0 0 0
1 458.4 428.8 310.5 103.5 29.58 73.94 59.15 0 0 14.79 0 0 0 0 0 0 0 0 0 0
1 247.4 256 204.8 85.32 25.6 8.532 8.532 0 17.06 0 0 0 0 0 0 0 0 0 0 0
1 574.8 218.4 218.4 91.97 22.99 22.99 0 0 0 0 0 0 0 0 0 0 0 0 0 0
1 609.6 400.6 348.4 121.9 174.2 52.25 17.42 0 17.42 0 0 0 0 0 0 0 0 0 0 0
1 438.1 438.1 142.1 59.21 35.52 23.68 0 11.84 23.68 11.84 0 0 0 0 0 0 0 0 0 0
1 335 240.8 240.8 136.1 52.34 10.47 20.94 0 10.47 0 0 0 0 0 0 0 0 0 0 0
1 350.7 350.7 219.2 120.6 43.84 0 0 0 0 10.96 0 0 0 0 0 0 0 0 0 0
1 456.2 249.8 162.9 86.9 43.45 54.31 21.73 0 10.86 0 0 0 0 0 0 0 0 0 0 0
1 446.5 245.6 200.9 100.5 55.82 33.49 11.16 11.16 11.16 0 0 0 0 0 0 0 0 0 0 0
1 381.7 276.4 315.9 157.9 78.97 65.81 26.32 0 0 13.16 0 0 0 0 0 0 0 0 0 0
1 523.8 291 139.7 93.12 69.84 11.64 23.28 0 11.64 0 0 0 0 0 0 0 0 0 0 0
1 622.9 432.6 311.5 103.8 51.91 121.1 34.61 17.3 0 17.3 0 0 0 0 17.3 0 0 0 0 0
1 316.6 237.4 227.5 98.93 39.57 9.893 19.79 29.68 0 0 9.893 0 0 0 0 0 0 0 0 0
1 319.8 222.9 87.23 155.1 29.08 67.84 58.15 9.692 9.692 9.692 0 0 0 0 0 0 0 0 0 0
1 500 394.8 171.1 65.79 105.3 52.63 13.16 0 13.16 0 0 0 0 0 0 0 0 0 0 0
1 286.3 251.6 164.8 95.42 43.37 8.675 8.675 0 8.675 0 0 0 0 0 0 0 0 0 0 0
1 425.3 356.3 115 137.9 80.47 22.99 11.5 0 0 0 0 0 0 0 0 0 0 0 0 0
1 427.8 273.3 297.1 59.42 35.65 47.53 35.65 11.88 0 0 0 0 0 0 0 0 0 0 0 0
1 418.1 258.8 149.3 89.59 59.73 9.955 0 0 0 9.955 0 0 0 0 0 0 0 0 0 0
1 318.7 297.5 170 116.9 42.5 74.37 21.25 10.62 0 0 0 10.62 0 0 0 0 0 0 0 0
1 375.4 162.3 223.2 131.9 30.44 50.73 0 20.29 0 10.15 0 0 10.15 0 0 0 0 0 0 0
1 366.8 209.6 78.59 87.32 52.39 34.93 8.732 8.732 17.46 8.732 0 0 0 0 0 0 0 0 0 0
1 565.9 490.4 433.8 132 37.72 113.2 56.59 18.86 37.72 0 0 0 0 0 0 0 0 0 0 0
1 481 204.4 216.5 156.3 96.21 36.08 12.03 0 0 0 0 0 0 0 0 0 0 0 0 0
1 759.4 574.7 287.4 225.8 102.6 20.53 41.05 20.53 20.53 0 0 0 0 0 0 0 0 0 0 0
1 521.6 428 187.2 66.87 26.75 66.87 40.12 0 0 0 0 0 0 0 0 0 0 0 0 0
1 442.5 413 339.2 206.5 44.25 0 14.75 0 0 14.75 0 0 0 0 0 0 0 0 0 0
1 542.7 271.4 197.4 123.3 24.67 0 61.67 12.33 0 0 0 0 0 0 0 0 0 0 0 0
1 485.8 311.4 186.9 99.66 62.29 62.29 24.92 12.46 0 0 0 0 0 0 0 0 0 0 0 0
1 398 361.8 180.9 156.8 48.25 24.12 36.18 0 0 0 0 0 0 0 0 0 0 0 0 0
1 543.2 334.3 208.9 139.3 83.58 41.79 0 41.79 0 0 0 0 0 0 0 0 0 0 0 0
