Originally  
101 
A 
42	100	
1	1	NA	NA	
1	20	
1 0.04213 0.2738 0.5476 0.3581 0.337 0.1896 0.08425 0.1264 0.06319 0 0.04213 0 0 0 0 0 0.02106 0 0 0.02106
1 0.09912 0.2726 0.4956 0.2974 0.4708 0.2478 0.1239 0.1239 0.1735 0.1239 0 0 0.04956 0 0 0 0 0 0 0
1 0.07366 0.2946 0.6384 0.491 0.2455 0.221 0.09821 0.09821 0.0491 0.07366 0.1228 0.02455 0.02455 0 0 0 0 0 0 0
1 0.05039 0.3779 0.5291 0.6298 0.2771 0.126 0.2015 0.1008 0.07558 0.02519 0.05039 0 0.02519 0 0 0.02519 0 0 0 0.02519
1 0.02422 0.3148 0.6055 0.5328 0.3875 0.1453 0.1695 0.04844 0.09688 0.02422 0 0.02422 0 0 0 0 0 0.02422 0.02422 0
1 0.02155 0.2586 0.6466 0.431 0.2371 0.194 0.1724 0.1078 0.02155 0 0.0431 0.02155 0 0 0 0 0 0 0 0
1 0.0154 0.2464 0.3542 0.3388 0.1848 0.1694 0.06159 0.06159 0.0308 0.0308 0 0.0154 0 0 0 0.0308 0 0 0 0
1 0.05376 0.3584 0.2688 0.2867 0.2509 0.1254 0.1971 0.07168 0.05376 0.03584 0.05376 0 0.01792 0 0.01792 0 0 0 0 0
1 0.04819 0.257 0.2249 0.3534 0.2088 0.09638 0.1124 0.1285 0.06425 0.01606 0.03213 0.01606 0.03213 0 0.01606 0 0 0 0 0
1 0.0144 0.1872 0.3744 0.3024 0.07199 0.144 0.1584 0.0576 0.0432 0.0144 0.0144 0.0144 0 0 0.0432 0 0 0 0 0
1 0.06209 0.2639 0.326 0.326 0.1397 0.06209 0.1242 0.01552 0.09313 0.03104 0 0.01552 0.03104 0 0.04657 0.01552 0 0 0 0
1 0.01537 0.1845 0.3075 0.3382 0.246 0.1845 0.123 0.04612 0.03075 0.0615 0 0 0 0 0 0 0 0 0 0
1 0.02508 0.2633 0.2508 0.2382 0.1379 0.1254 0.08777 0.03761 0.02508 0.01254 0.01254 0.02508 0 0 0.01254 0 0 0 0 0
1 0.05086 0.1695 0.5086 0.373 0.1356 0.1187 0.1356 0.1356 0 0.03391 0 0 0 0 0 0.01695 0 0.01695 0 0
1 0.03328 0.1553 0.3328 0.2219 0.122 0.08875 0.02219 0.03328 0.06656 0.01109 0.02219 0 0 0 0 0 0 0 0 0
1 0.01855 0.2411 0.4823 0.4081 0.2597 0.1855 0.09274 0.05565 0.0371 0.0371 0.01855 0.01855 0 0 0 0 0 0 0 0
1 0.02186 0.2842 0.7214 0.3716 0.1312 0.3279 0.06558 0.04372 0.1093 0.04372 0 0.02186 0 0 0 0.02186 0.02186 0 0 0
1 0.03465 0.1559 0.5024 0.3119 0.2599 0.1906 0.104 0.0693 0.03465 0 0.01733 0.03465 0 0 0 0 0 0.01733 0 0
1 0.01651 0.1981 0.4787 0.2971 0.2146 0.1486 0.06603 0.08254 0.06603 0.03302 0.01651 0 0 0 0.03302 0 0 0 0 0
1 0.0254 0.2032 0.6351 0.5843 0.5081 0.1524 0.2032 0.05081 0.07621 0.07621 0 0 0 0 0 0.0254 0 0 0 0
1 0.01794 0.2333 0.4486 0.3409 0.2333 0.1436 0.07178 0.1256 0.1256 0.01794 0 0.01794 0 0 0 0.01794 0 0 0 0
1 0.04251 0.1913 0.4676 0.5101 0.5101 0.1063 0.06376 0.1063 0.02125 0.08501 0 0 0 0.02125 0 0 0 0 0 0
1 0.08071 0.1614 0.339 0.339 0.2421 0.2098 0.08071 0.08071 0.06457 0 0 0 0 0 0.01614 0 0 0 0 0
1 0.05029 0.1676 0.4191 0.285 0.2179 0.1509 0.1509 0.06705 0.05029 0.05029 0.05029 0 0.01676 0 0 0 0 0 0 0
1 0.04986 0.2493 0.2659 0.3656 0.2161 0.133 0.1496 0.06648 0.03324 0.04986 0.03324 0 0 0 0.01662 0 0.03324 0 0 0
1 0.08931 0.1191 0.3721 0.2084 0.2084 0.2233 0.08931 0.01489 0.04466 0.02977 0.01489 0.01489 0.02977 0 0 0.02977 0 0 0 0
1 0.1012 0.1855 0.3711 0.3036 0.3036 0.1855 0.0506 0.1181 0.01687 0.01687 0.01687 0.01687 0 0 0 0 0 0 0 0
1 0.0462 0.1155 0.3118 0.3118 0.127 0.0693 0.0462 0.0462 0.0231 0.01155 0.0231 0.01155 0 0 0 0.01155 0 0 0 0
1 0.06643 0.2657 0.5758 0.5758 0.2879 0.1107 0.1772 0.1107 0 0.02214 0 0 0 0.02214 0 0 0 0 0 0
1 0.02215 0.1772 0.2769 0.2437 0.1661 0.09969 0.04431 0.01108 0.01108 0.02215 0.02215 0 0 0 0 0 0 0.01108 0 0
1 0.02545 0.2163 0.3944 0.1781 0.06362 0.1272 0.14 0.06362 0.02545 0 0.02545 0 0 0 0.01272 0 0 0 0 0
1 0.04888 0.2607 0.3747 0.3584 0.1303 0.1303 0.09775 0.04888 0.06517 0 0.03258 0.04888 0 0 0.03258 0 0 0 0 0
1 0.01542 0.2776 0.4472 0.3084 0.2159 0.1696 0.04626 0 0 0.01542 0.03084 0.01542 0 0 0 0 0 0 0 0
1 0 0.2723 0.3812 0.472 0.2723 0.09076 0.1089 0.05446 0.01815 0.05446 0.01815 0.0363 0.0363 0 0 0 0 0 0 0
1 0.08474 0.2542 0.5508 0.4025 0.2119 0.2754 0.1271 0.1059 0.04237 0 0.02119 0.02119 0.02119 0 0 0 0 0 0 0
1 0.04416 0.2061 0.2797 0.3974 0.2208 0.1177 0.103 0.01472 0 0.02944 0 0.02944 0 0 0.02944 0 0 0 0 0
1 0.03451 0.1898 0.4832 0.2934 0.2416 0.1898 0.06903 0.1035 0.03451 0.03451 0.01726 0.01726 0.01726 0 0 0 0 0 0 0
1 0 0.2249 0.4076 0.2389 0.1546 0.09838 0.07027 0.09838 0.07027 0.01405 0 0.01405 0 0 0 0 0 0 0 0.01405
1 0.03188 0.1594 0.3826 0.4623 0.1594 0.07971 0.09565 0.07971 0.07971 0.03188 0.01594 0 0.01594 0 0 0 0 0 0 0
1 0 0.1977 0.4612 0.3789 0.2141 0.1483 0.09884 0.03295 0 0.06589 0 0.01647 0.01647 0.01647 0 0 0 0 0 0
1 0.01657 0.1657 0.58 0.3811 0.1326 0.1988 0.01657 0.08285 0.03314 0.01657 0 0.01657 0 0 0.01657 0 0 0 0 0
1 0.01866 0.2985 0.3918 0.3918 0.2239 0.2799 0.07463 0.07463 0.03732 0.03732 0.01866 0 0 0 0.01866 0 0 0 0 0
1 0.06802 0.1587 0.7255 0.4081 0.3174 0.06802 0.06802 0.1134 0.1587 0.06802 0.02267 0.04534 0.02267 0.02267 0 0 0 0 0 0
1 0 0.1676 0.4524 0.3351 0.3351 0.1341 0.03351 0.08378 0.01676 0.03351 0.03351 0.01676 0 0 0 0.01676 0 0 0.01676 0
1 0.06593 0.2472 0.4285 0.1978 0.2143 0.1319 0.04945 0.06593 0.03296 0.06593 0.01648 0.04945 0.04945 0 0.01648 0 0 0.01648 0 0
1 0.122 0.3253 0.488 0.4473 0.08133 0.08133 0.122 0.183 0.04067 0.08133 0.061 0 0 0 0 0 0 0 0 0
1 0.03329 0.3496 0.4828 0.3496 0.1998 0.1498 0.04994 0.01665 0 0.01665 0 0 0 0 0 0.01665 0 0 0 0
1 0.04217 0.1687 0.3233 0.2249 0.2249 0.1827 0.09839 0.02811 0.01406 0.05622 0 0 0 0 0.04217 0 0 0 0 0
1 0 0.2637 0.4922 0.4043 0.1933 0.1055 0.1406 0.03515 0.05273 0.01758 0.01758 0.03515 0 0 0 0 0 0 0 0
1 0.04237 0.233 0.6356 0.4661 0.2542 0.2119 0.1059 0.08474 0.02119 0 0.02119 0.02119 0.02119 0 0 0 0 0 0 0
1 0.03101 0.155 0.3566 0.248 0.217 0.248 0.1085 0.07751 0 0.0155 0.0155 0.0155 0.0155 0 0 0.0155 0 0 0.0155 0.0155
1 0 0.2899 0.5351 0.446 0.2899 0.1784 0.1561 0.1784 0.1115 0.0223 0 0.0223 0 0 0 0 0 0 0 0
1 0.01634 0.2451 0.4412 0.3268 0.1634 0.1307 0.1471 0.03268 0.04902 0.04902 0 0.01634 0 0.01634 0 0 0 0 0 0
1 0.06397 0.1919 0.3998 0.4478 0.1759 0.07996 0.06397 0.07996 0.04798 0.01599 0 0.01599 0.01599 0 0 0 0 0 0 0
1 0.01693 0.2878 0.4741 0.4063 0.1693 0.1016 0.1693 0.03386 0.03386 0 0 0 0 0 0 0 0 0 0 0
1 0 0.4856 0.6555 0.5341 0.2671 0.2428 0.1699 0.02428 0.02428 0 0.02428 0 0 0 0 0 0 0 0 0
1 0.03965 0.2776 0.6741 0.1983 0.4163 0.1388 0.03965 0.119 0.01983 0.01983 0 0.01983 0 0.01983 0 0 0 0 0 0
1 0.05565 0.2412 0.5565 0.2783 0.2597 0.1855 0.09276 0.01855 0.09276 0.0371 0 0 0.01855 0 0.01855 0 0 0 0 0
1 0.05576 0.3903 0.7249 0.3067 0.474 0.2231 0.1394 0.2231 0.1673 0.05576 0 0 0 0.02788 0 0 0 0 0 0
