Originally  
101 
A 
42	100	
1	1	NA	NA	
1	20	
1 0.08812 0.3525 0.6169 0.2644 0.3084 0.08812 0.1762 0.06609 0.04406 0.06609 0.06609 0.02203 0 0.02203 0 0 0.02203 0 0 0
1 0.03736 0.3362 0.5604 0.3923 0.1308 0.1308 0.07472 0.07472 0.03736 0.03736 0.01868 0.01868 0.01868 0 0 0 0 0 0 0
1 0.06883 0.4818 0.7571 0.4818 0.1377 0.04589 0.1147 0.04589 0.06883 0.02294 0 0 0 0.02294 0 0.02294 0.02294 0 0 0
1 0.01906 0.3239 0.686 0.3621 0.2477 0.1334 0 0.03811 0.01906 0.05717 0 0 0 0 0.01906 0 0 0 0 0
1 0.01323 0.09259 0.4762 0.2778 0.1587 0.1455 0.07936 0.01323 0.02645 0.01323 0 0 0.01323 0 0.01323 0 0 0 0 0
1 0.02431 0.06685 0.09116 0.158 0.1215 0.04254 0.05469 0.006077 0 0.01215 0.01823 0.006077 0 0.006077 0 0 0 0 0 0
1 0.01191 0.4167 0.2024 0.1786 0.09526 0.1072 0.05954 0.07144 0.02381 0.01191 0.01191 0 0 0 0 0 0 0 0 0
1 0.0269 0.1883 0.78 0.06724 0.08069 0.09413 0.04034 0.05379 0 0 0 0 0 0 0.01345 0 0 0 0 0
1 0.007752 0.08527 0.124 0.3876 0.06977 0.04651 0.007752 0.03101 0.007752 0 0.007752 0 0 0 0 0 0 0 0 0
1 0.0303 0.1616 0.3535 0.1616 0.2121 0.0303 0.0101 0.0202 0.0101 0.0101 0 0.0101 0 0 0 0 0 0 0 0
1 0.007942 0.07148 0.27 0.1827 0.03971 0.1747 0.02383 0 0.007942 0.007942 0 0 0 0 0.007942 0 0 0 0 0
1 0.04733 0.071 0.2603 0.1893 0.1341 0.02367 0.03155 0.007888 0 0.007888 0.007888 0 0 0 0 0 0.007888 0 0 0
1 0.0238 0.1131 0.1547 0.1071 0.06545 0.06545 0.0238 0.04165 0 0 0 0 0 0 0 0 0 0 0 0
1 0.02919 0.1849 0.3503 0.1654 0.0973 0.08757 0.02919 0 0.01946 0 0 0.00973 0 0 0 0 0 0 0 0
1 0.03407 0.1107 0.3236 0.2214 0.0511 0.008517 0.09368 0 0 0.008517 0 0 0 0 0 0 0 0 0 0
1 0.01837 0.2939 0.1929 0.1745 0.1286 0.04593 0.03674 0.009186 0.009186 0 0.009186 0 0 0 0 0 0 0 0 0
1 0.007587 0.1517 0.3187 0.1062 0.08346 0.05311 0.01517 0.01517 0.007587 0 0 0 0 0 0 0 0 0 0 0
1 0.01758 0.1465 0.2051 0.1348 0.0293 0.03516 0.01758 0 0 0 0 0 0 0 0 0 0 0 0 0
1 0.006483 0.1361 0.1621 0.1232 0.1361 0.04538 0.01945 0.006483 0.006483 0 0 0 0 0 0 0 0.006483 0 0 0
1 0.02436 0.1705 0.2924 0.1868 0.04873 0.05685 0 0.01624 0.01624 0 0 0 0 0 0 0 0 0 0 0
1 0 0.1945 0.2879 0.1479 0.07782 0.03891 0.03113 0 0 0 0 0 0 0 0 0 0 0 0 0
1 0.006991 0.09089 0.2866 0.09788 0.09788 0.04894 0.02097 0.02097 0.01398 0.006991 0.006991 0 0 0 0 0 0 0 0 0
1 0.01994 0.1346 0.09969 0.1097 0.09471 0.01495 0.009969 0.009969 0.004985 0 0 0 0 0 0 0 0 0 0 0
1 0.02636 0.1581 0.3251 0.123 0.123 0.07029 0.008786 0.03514 0.008786 0 0 0 0 0 0 0 0 0 0 0
1 0.01402 0.1121 0.2453 0.1822 0.07708 0.02102 0.02803 0.01402 0.007008 0 0 0 0 0 0 0 0 0 0 0
1 0.06603 0.1073 0.1898 0.2476 0.1321 0.03302 0.01651 0 0.008254 0.008254 0.008254 0.008254 0 0 0 0 0 0 0 0
1 0.00706 0.233 0.2118 0.1059 0.06354 0.04236 0.01412 0.00706 0.00706 0.00706 0.00706 0 0 0 0 0 0 0 0 0
1 0 0.2075 0.3168 0.3058 0.08738 0.1092 0.04369 0.01092 0 0.01092 0 0 0 0 0 0 0 0 0 0
1 0.08056 0.1611 0.2238 0.2596 0.08056 0.04476 0.02685 0.0179 0 0 0 0 0 0 0 0 0 0 0 0
1 0.02994 0.2296 0.2595 0.1397 0.1697 0.07984 0.01996 0.02994 0.02994 0.009981 0 0 0 0 0 0 0 0 0 0
1 0.04051 0.1157 0.1968 0.06945 0.07523 0.0463 0.02315 0.005787 0 0.005787 0 0 0 0 0 0 0 0 0 0
1 0.04518 0.1897 0.3614 0.1717 0.04518 0.04518 0.03614 0 0.009035 0 0 0 0 0 0 0 0 0 0 0
1 0.01544 0.09265 0.332 0.1621 0.04633 0.05405 0.03088 0.03088 0.007721 0 0 0 0 0 0 0 0 0 0 0
1 0.04947 0.2473 0.2226 0.1649 0.0742 0.03298 0.01649 0.008245 0 0.008245 0 0 0 0 0 0 0 0 0 0
1 0.04098 0.3961 0.5327 0.1093 0.09562 0.08196 0.08196 0 0.01366 0.01366 0 0 0 0 0 0 0 0 0 0
1 0.02291 0.2978 0.2864 0.2978 0.1145 0.04582 0.06873 0.01145 0 0 0 0 0 0 0 0 0 0 0 0
1 0.04946 0.1608 0.3215 0.3463 0.2226 0.06183 0.0371 0.0371 0 0 0 0 0 0 0 0 0 0 0 0
1 0.008367 0.1004 0.2761 0.1841 0.09203 0.1088 0.04183 0.01673 0.008367 0 0 0 0 0 0 0 0 0 0 0
1 0.01127 0.1127 0.4734 0.2254 0.05636 0.124 0.0789 0.02254 0.01127 0 0.01127 0 0 0 0 0 0 0 0 0
1 0.01702 0.1531 0.2297 0.2212 0.1191 0.02552 0.03403 0.04254 0 0.008508 0 0 0 0 0 0 0 0 0 0
1 0.02064 0.2787 0.3922 0.1135 0.1239 0.04128 0.03096 0.03096 0 0 0 0 0 0 0 0 0 0 0 0
1 0.01479 0.1479 0.2811 0.1183 0.03698 0.07396 0.02959 0.01479 0.01479 0.007396 0 0 0 0 0 0 0 0 0 0
1 0.02931 0.1026 0.2491 0.1905 0.07327 0.04396 0.007327 0.02198 0 0.01465 0 0 0 0 0 0 0 0 0 0
1 0.02851 0.2091 0.3422 0.1711 0.09505 0.03802 0.01901 0.02851 0.009505 0 0 0 0 0 0.009505 0 0 0 0 0
1 0.03177 0.1112 0.3098 0.2145 0.03177 0.04766 0.01589 0.01589 0 0 0 0.007943 0.007943 0 0 0 0 0 0 0
1 0.02191 0.1242 0.2191 0.1534 0.1096 0.05112 0.02191 0.007304 0.007304 0 0.01461 0 0 0 0 0 0 0 0 0
1 0.05647 0.06274 0.1819 0.1631 0.09411 0.03764 0.0251 0.006274 0 0 0 0 0 0 0 0 0 0 0 0
1 0.04029 0.2095 0.1209 0.1692 0.1128 0.08864 0.03223 0.008058 0.02417 0 0 0 0 0 0 0 0 0 0 0
1 0.05576 0.1394 0.4368 0.03717 0.1022 0.05576 0.05576 0.01859 0.009293 0.01859 0 0 0 0 0 0 0 0 0 0
1 0.03752 0.0938 0.2501 0.1501 0.04378 0.01251 0.01251 0.01251 0.006254 0 0.006254 0 0 0 0 0 0 0 0 0
1 0.01578 0.1656 0.284 0.1262 0.1262 0.03944 0.007888 0.007888 0 0.007888 0 0.007888 0 0 0 0 0 0 0 0
1 0.03856 0.1093 0.2763 0.08997 0.05141 0.03213 0.01285 0.01928 0.006427 0 0 0.006427 0 0 0 0 0 0 0 0
1 0.03459 0.147 0.1902 0.2853 0.147 0.02594 0.03459 0 0 0 0 0 0 0 0 0 0 0 0 0
1 0.01572 0.1258 0.2437 0.1179 0.1808 0.08647 0.007861 0.007861 0 0 0 0 0 0 0 0 0 0 0 0
1 0.01595 0.07975 0.1542 0.08507 0.07975 0.06912 0.0319 0.01063 0.005317 0 0 0 0 0 0 0 0 0 0 0
1 0.0512 0.1243 0.139 0.1536 0.1536 0.03657 0.02926 0.02926 0 0.007315 0 0 0.007315 0 0 0 0 0 0 0
1 0.00695 0.1876 0.2363 0.07645 0.06255 0.06255 0.0278 0.02085 0 0.00695 0 0.00695 0 0 0 0 0 0 0 0
1 0.04374 0.1437 0.2374 0.07498 0.03124 0.02499 0.03124 0.01874 0.0125 0.006248 0 0 0 0 0 0 0 0 0 0
1 0.0169 0.1436 0.3464 0.1521 0.06759 0.04225 0.02535 0.02535 0 0.008449 0 0.008449 0 0 0 0 0 0 0.008449 0
