 landings-at-age - landings.n (units : NA )
1	2	
2	100	
1	20	
1 
0.02659 0.2984 0.8352 0.6934 0.4839 0.3377 0.2357 0.1644 0.1148 0.08008 0.05589 0.039 0.02722 0.01899 0.01325 0.009249 0.006454 0.004504 0.003143 0.007259
0.006617 0.05216 0.1462 0.1214 0.08475 0.05914 0.04127 0.0288 0.0201 0.01403 0.009787 0.00683 0.004766 0.003326 0.002321 0.00162 0.00113 0.0007888 0.0005504 0.001271
0.003975 0.0743 0.1464 0.1219 0.08515 0.05942 0.04147 0.02894 0.02019 0.01409 0.009834 0.006862 0.004789 0.003342 0.002332 0.001627 0.001136 0.0007925 0.000553 0.001277
0.003136 0.04463 0.2085 0.122 0.08549 0.0597 0.04166 0.02907 0.02029 0.01416 0.00988 0.006895 0.004811 0.003358 0.002343 0.001635 0.001141 0.0007963 0.0005557 0.001283
0.003386 0.03521 0.1252 0.1739 0.08557 0.05994 0.04186 0.02921 0.02038 0.01423 0.009927 0.006927 0.004834 0.003374 0.002354 0.001643 0.001146 8e-04 0.0005583 0.001289
0.003659 0.03801 0.09881 0.1044 0.1219 0.06 0.04203 0.02935 0.02048 0.01429 0.009974 0.00696 0.004857 0.00339 0.002365 0.001651 0.001152 0.0008038 0.0005609 0.001295
0.003376 0.04108 0.1067 0.0824 0.07322 0.08547 0.04207 0.02947 0.02058 0.01436 0.01002 0.006993 0.00488 0.003406 0.002377 0.001658 0.001157 0.0008076 0.0005636 0.001302
0.003373 0.0379 0.1153 0.08895 0.05777 0.05134 0.05992 0.0295 0.02066 0.01443 0.01007 0.007026 0.004903 0.003422 0.002388 0.001666 0.001163 0.0008114 0.0005663 0.001308
0.004698 0.03787 0.1064 0.09613 0.06236 0.04051 0.036 0.04202 0.02068 0.01449 0.01012 0.00706 0.004926 0.003438 0.002399 0.001674 0.001168 0.0008153 0.0005689 0.001314
0.003202 0.05275 0.1063 0.08868 0.0674 0.04373 0.0284 0.02524 0.02946 0.0145 0.01016 0.007093 0.00495 0.003454 0.00241 0.001682 0.001174 0.0008191 0.0005716 0.00132
0.004913 0.03596 0.148 0.08861 0.06218 0.04726 0.03066 0.01991 0.0177 0.02066 0.01017 0.007121 0.004973 0.003471 0.002422 0.00169 0.001179 0.000823 0.0005743 0.001326
0.005215 0.05517 0.1009 0.1234 0.06213 0.0436 0.03314 0.0215 0.01396 0.01241 0.01448 0.007128 0.004993 0.003487 0.002433 0.001698 0.001185 0.0008269 0.0005771 0.001333
0.00315 0.05856 0.1548 0.08413 0.08654 0.04356 0.03057 0.02323 0.01507 0.009789 0.0087 0.01015 0.004998 0.003501 0.002445 0.001706 0.001191 0.0008308 0.0005798 0.001339
0.004898 0.03536 0.1643 0.1291 0.05899 0.06068 0.03054 0.02143 0.01629 0.01057 0.006864 0.0061 0.007119 0.003504 0.002455 0.001714 0.001196 0.0008348 0.0005825 0.001345
0.00613 0.055 0.09923 0.137 0.09051 0.04136 0.04254 0.02141 0.01503 0.01142 0.007409 0.004812 0.004277 0.004992 0.002457 0.001721 0.001202 0.0008387 0.0005853 0.001352
0.005238 0.06883 0.1543 0.08275 0.09607 0.06346 0.029 0.02983 0.01501 0.01054 0.008008 0.005195 0.003374 0.002999 0.0035 0.001723 0.001207 0.0008427 0.0005881 0.001358
0.002658 0.05881 0.1931 0.1287 0.05802 0.06736 0.04449 0.02033 0.02091 0.01053 0.007387 0.005615 0.003642 0.002366 0.002102 0.002454 0.001208 0.000846 0.0005908 0.001365
0.004523 0.02984 0.165 0.1611 0.09023 0.04068 0.04723 0.0312 0.01426 0.01466 0.007381 0.00518 0.003937 0.002554 0.001659 0.001474 0.001721 0.0008469 0.0005932 0.001371
0.002613 0.05078 0.08374 0.1376 0.1129 0.06326 0.02852 0.03311 0.02187 0.009996 0.01028 0.005175 0.003632 0.00276 0.001791 0.001163 0.001034 0.001206 0.0005938 0.001377
0.006199 0.02934 0.1425 0.06983 0.09649 0.07917 0.04436 0.02 0.02322 0.01534 0.007008 0.007209 0.003629 0.002546 0.001935 0.001255 0.0008154 0.0007247 0.0008458 0.001382
0.004879 0.0696 0.08232 0.1188 0.04896 0.06765 0.05551 0.0311 0.01402 0.01628 0.01075 0.004914 0.005054 0.002544 0.001785 0.001357 0.0008803 0.0005717 0.0005081 0.001562
0.00558 0.05478 0.1953 0.06865 0.08332 0.03433 0.04743 0.03892 0.02181 0.009831 0.01141 0.007539 0.003445 0.003544 0.001784 0.001252 0.0009514 0.0006172 0.0004009 0.001451
0.003354 0.06265 0.1537 0.1629 0.04813 0.05842 0.02407 0.03326 0.02729 0.01529 0.006893 0.008003 0.005286 0.002416 0.002485 0.001251 0.0008777 0.0006671 0.0004327 0.001299
0.002772 0.03766 0.1758 0.1282 0.1142 0.03375 0.04096 0.01688 0.02332 0.01913 0.01072 0.004833 0.005611 0.003706 0.001694 0.001742 0.0008769 0.0006154 0.0004677 0.001214
0.004303 0.03112 0.1057 0.1466 0.08987 0.08006 0.02366 0.02872 0.01183 0.01635 0.01342 0.007516 0.003388 0.003934 0.002599 0.001188 0.001222 0.0006149 0.0004315 0.001179
0.003118 0.04832 0.08733 0.08812 0.1028 0.06301 0.05613 0.01659 0.02014 0.008296 0.01146 0.009406 0.00527 0.002376 0.002758 0.001822 0.0008326 0.0008565 0.0004311 0.001129
0.002854 0.03501 0.1356 0.07283 0.06179 0.07207 0.04418 0.03936 0.01163 0.01412 0.005817 0.008037 0.006595 0.003695 0.001666 0.001934 0.001278 0.0005838 0.0006005 0.001094
0.004614 0.03205 0.09824 0.113 0.05106 0.04332 0.05053 0.03098 0.0276 0.008156 0.009898 0.004079 0.005635 0.004624 0.002591 0.001168 0.001356 0.0008957 0.0004093 0.001188
0.003805 0.05181 0.08992 0.08192 0.07926 0.0358 0.03037 0.03543 0.02172 0.01935 0.005719 0.00694 0.00286 0.003951 0.003242 0.001816 0.0008189 0.0009508 0.000628 0.00112
0.00342 0.04272 0.1454 0.07498 0.05744 0.05558 0.0251 0.0213 0.02484 0.01523 0.01357 0.00401 0.004866 0.002005 0.00277 0.002273 0.001274 0.0005742 0.0006666 0.001226
0.003742 0.0384 0.1199 0.1212 0.05257 0.04027 0.03897 0.0176 0.01493 0.01742 0.01068 0.009512 0.002811 0.003412 0.001406 0.001942 0.001594 0.0008929 0.0004026 0.001327
0.004144 0.04201 0.1077 0.09996 0.08499 0.03686 0.02824 0.02732 0.01234 0.01047 0.01221 0.007486 0.006669 0.001971 0.002392 0.0009857 0.001362 0.001118 0.0006261 0.001213
0.004559 0.04653 0.1179 0.08985 0.07009 0.05959 0.02585 0.0198 0.01916 0.008652 0.007341 0.008562 0.005249 0.004676 0.001382 0.001677 0.0006911 0.0009549 0.0007836 0.001289
0.006072 0.05119 0.1306 0.09831 0.06299 0.04914 0.04178 0.01812 0.01388 0.01343 0.006067 0.005147 0.006003 0.00368 0.003279 0.000969 0.001176 0.0004846 0.0006695 0.001453
0.005284 0.06818 0.1436 0.1089 0.06893 0.04417 0.03445 0.0293 0.01271 0.009732 0.009417 0.004254 0.003609 0.004209 0.00258 0.002299 0.0006794 0.0008245 0.0003397 0.001488
0.003864 0.05933 0.1913 0.1198 0.07633 0.04833 0.03097 0.02416 0.02054 0.008909 0.006824 0.006603 0.002982 0.00253 0.002951 0.001809 0.001612 0.0004764 0.0005781 0.001282
0.004297 0.04339 0.1665 0.1595 0.08398 0.05352 0.03389 0.02171 0.01694 0.0144 0.006246 0.004785 0.00463 0.002091 0.001774 0.002069 0.001269 0.00113 0.000334 0.001304
0.006655 0.04825 0.1218 0.1388 0.1119 0.05888 0.03752 0.02376 0.01522 0.01188 0.0101 0.004379 0.003355 0.003246 0.001466 0.001244 0.001451 0.0008894 0.0007923 0.001148
0.00611 0.07473 0.1354 0.1015 0.09734 0.07843 0.04129 0.02631 0.01666 0.01067 0.008327 0.00708 0.003071 0.002352 0.002276 0.001028 0.0008721 0.001017 0.0006236 0.001361
0.004329 0.0686 0.2097 0.1129 0.07119 0.06825 0.05499 0.02895 0.01845 0.01168 0.007484 0.005838 0.004964 0.002153 0.001649 0.001596 0.0007207 0.0006115 0.0007132 0.001391
0.00532 0.0486 0.1925 0.1748 0.07916 0.04991 0.04785 0.03856 0.0203 0.01293 0.008189 0.005248 0.004093 0.003481 0.00151 0.001156 0.001119 0.0005053 0.0004287 0.001476
4.747e-08 6.837e-07 1.561e-06 1.838e-06 1.404e-06 6.356e-07 4.007e-07 3.842e-07 3.096e-07 1.629e-07 1.038e-07 6.575e-08 4.213e-08 3.286e-08 2.794e-08 1.212e-08 9.283e-09 8.982e-09 4.057e-09 1.529e-08
0.117 0.6877 2.465 1.672 1.655 1.264 0.5723 0.3608 0.3459 0.2787 0.1467 0.09351 0.0592 0.03794 0.02959 0.02516 0.01091 0.008359 0.008088 0.01742
0.1483 2.62 3.81 4.032 2.297 2.273 1.736 0.7861 0.4956 0.4752 0.3829 0.2015 0.1284 0.08132 0.05211 0.04065 0.03456 0.01499 0.01148 0.03504
0.149 2.486 10.81 4.611 4.093 2.331 2.308 1.762 0.7979 0.5031 0.4823 0.3886 0.2046 0.1304 0.08254 0.05289 0.04126 0.03508 0.01522 0.04722
0.398 2.217 9.046 11.47 4.099 3.639 2.073 2.051 1.567 0.7094 0.4473 0.4288 0.3455 0.1819 0.1159 0.07338 0.04702 0.03668 0.03119 0.05551
0.4106 5.543 7.507 8.879 9.419 3.367 2.988 1.702 1.685 1.287 0.5826 0.3673 0.3521 0.2837 0.1494 0.09518 0.06027 0.03862 0.03012 0.0712
0.3936 5.481 17.89 6.979 6.898 7.317 2.615 2.321 1.322 1.309 0.9996 0.4526 0.2854 0.2736 0.2204 0.116 0.07394 0.04682 0.03 0.07871
0.4858 5.1 17.07 15.95 5.194 5.133 5.446 1.946 1.728 0.984 0.974 0.7439 0.3368 0.2124 0.2036 0.164 0.08635 0.05503 0.03484 0.0809
0.51 6.158 15.44 14.71 11.46 3.731 3.687 3.912 1.398 1.241 0.7069 0.6997 0.5344 0.2419 0.1525 0.1462 0.1178 0.06203 0.03953 0.08314
0.7411 6.354 18.22 12.93 10.25 7.983 2.599 2.569 2.725 0.9741 0.8646 0.4925 0.4875 0.3723 0.1686 0.1063 0.1019 0.0821 0.04322 0.08547
0.7906 9.105 18.43 14.86 8.764 6.949 5.413 1.762 1.742 1.848 0.6604 0.5862 0.3339 0.3305 0.2524 0.1143 0.07206 0.06908 0.05567 0.08725
0.3934 9.601 25.95 14.68 9.829 5.797 4.596 3.58 1.166 1.152 1.222 0.4368 0.3877 0.2209 0.2186 0.167 0.07559 0.04766 0.04569 0.09453
0.6184 4.73 26.94 20.23 9.489 6.353 3.747 2.971 2.314 0.7534 0.7447 0.79 0.2823 0.2506 0.1428 0.1413 0.1079 0.04886 0.03081 0.09063
1.127 7.372 13.09 20.58 12.79 6.001 4.018 2.37 1.879 1.463 0.4765 0.4709 0.4996 0.1786 0.1585 0.09028 0.08936 0.06825 0.0309 0.0768
0.7196 13.34 20.13 9.802 12.75 7.926 3.718 2.489 1.468 1.164 0.9065 0.2952 0.2917 0.3095 0.1106 0.09819 0.05593 0.05536 0.04228 0.06672
0.8784 8.458 35.96 14.8 5.952 7.74 4.813 2.258 1.511 0.8914 0.7068 0.5505 0.1793 0.1772 0.188 0.06717 0.05963 0.03396 0.03362 0.06619
0.7405 10.26 22.54 25.97 8.815 3.546 4.611 2.867 1.345 0.9004 0.531 0.4211 0.3279 0.1068 0.1055 0.112 0.04002 0.03552 0.02023 0.05946
1.609 8.606 27.04 16 15.19 5.154 2.073 2.696 1.676 0.7864 0.5264 0.3105 0.2462 0.1918 0.06244 0.06171 0.06547 0.0234 0.02077 0.0466
0.9413 18.6 22.43 18.87 9.184 8.718 2.959 1.19 1.548 0.9625 0.4515 0.3022 0.1783 0.1413 0.1101 0.03585 0.03543 0.03759 0.01343 0.03868
1.592 10.83 47.98 15.4 10.64 5.18 4.917 1.669 0.6713 0.8729 0.5428 0.2546 0.1705 0.1005 0.07971 0.06209 0.02022 0.01998 0.0212 0.02939
0.6911 17.36 26.43 30.99 8.16 5.64 2.745 2.606 0.8844 0.3557 0.4626 0.2877 0.1349 0.09033 0.05328 0.04224 0.0329 0.01071 0.01059 0.02681
0.9631 7.534 42.35 17.07 16.42 4.324 2.989 1.455 1.381 0.4687 0.1885 0.2452 0.1524 0.07151 0.04787 0.02823 0.02239 0.01744 0.005678 0.01982
1.521 10.5 18.38 27.36 9.048 8.704 2.292 1.584 0.7709 0.7318 0.2484 0.09991 0.1299 0.08079 0.03789 0.02537 0.01496 0.01186 0.00924 0.01351
1.213 16.58 25.62 11.87 14.5 4.795 4.612 1.214 0.8394 0.4085 0.3878 0.1316 0.05294 0.06885 0.04281 0.02008 0.01344 0.007929 0.006287 0.01206
2.002 13.23 40.45 16.55 6.293 7.683 2.541 2.444 0.6436 0.4448 0.2165 0.2055 0.06975 0.02806 0.03649 0.02269 0.01064 0.007124 0.004202 0.009721
0.9058 21.83 32.28 26.13 8.769 3.335 4.071 1.347 1.295 0.3411 0.2357 0.1147 0.1089 0.03696 0.01487 0.01934 0.01202 0.00564 0.003776 0.007379
0.8536 9.875 53.26 20.85 13.85 4.647 1.767 2.158 0.7136 0.6864 0.1807 0.1249 0.0608 0.05771 0.01959 0.00788 0.01025 0.006372 0.002989 0.005911
1.234 9.306 24.1 34.4 11.05 7.338 2.463 0.9365 1.143 0.3782 0.3638 0.09578 0.0662 0.03222 0.03058 0.01038 0.004176 0.00543 0.003377 0.004716
1.116 13.45 22.71 15.56 18.23 5.855 3.889 1.305 0.4963 0.6059 0.2004 0.1928 0.05076 0.03508 0.01707 0.01621 0.005501 0.002213 0.002878 0.004289
1.628 12.16 32.82 14.67 8.248 9.66 3.103 2.061 0.6916 0.263 0.3211 0.1062 0.1022 0.0269 0.01859 0.009048 0.008589 0.002915 0.001173 0.003798
0.588 17.75 29.68 21.2 7.772 4.371 5.119 1.644 1.092 0.3665 0.1394 0.1702 0.05628 0.05414 0.01426 0.009853 0.004795 0.004552 0.001545 0.002634
0.9769 6.411 43.31 19.17 11.24 4.119 2.316 2.713 0.8713 0.5787 0.1942 0.07386 0.09018 0.02982 0.02869 0.007554 0.005221 0.002541 0.002412 0.002215
0.9565 10.65 15.64 27.98 10.16 5.954 2.183 1.227 1.438 0.4617 0.3067 0.1029 0.03914 0.04779 0.01581 0.0152 0.004003 0.002767 0.001347 0.002452
0.5941 10.43 25.98 10.1 14.83 5.384 3.155 1.157 0.6505 0.7619 0.2447 0.1625 0.05454 0.02074 0.02533 0.008376 0.008057 0.002122 0.001466 0.002013
0.7389 6.477 25.44 16.78 5.354 7.857 2.853 1.672 0.613 0.3447 0.4038 0.1297 0.08613 0.02891 0.01099 0.01342 0.004439 0.00427 0.001124 0.001844
1.483 8.056 15.8 16.43 8.895 2.837 4.164 1.512 0.8861 0.3248 0.1827 0.214 0.06872 0.04564 0.01532 0.005825 0.007112 0.002352 0.002263 0.001573
1.044 16.17 19.66 10.21 8.709 4.714 1.504 2.207 0.8012 0.4696 0.1721 0.09681 0.1134 0.03642 0.02419 0.008118 0.003087 0.003769 0.001247 0.002033
0.4526 11.39 39.46 12.7 5.41 4.615 2.498 0.7968 1.169 0.4246 0.2489 0.09122 0.0513 0.06009 0.0193 0.01282 0.004302 0.001636 0.001997 0.001738
0.9486 4.934 27.78 25.49 6.728 2.867 2.446 1.324 0.4223 0.6197 0.225 0.1319 0.04834 0.02719 0.03184 0.01023 0.006793 0.00228 0.000867 0.001979
0.62 10.1 11.78 17.56 13.22 3.489 1.487 1.268 0.6865 0.219 0.3214 0.1167 0.06839 0.02507 0.0141 0.01651 0.005304 0.003523 0.001182 0.001476
0.4993 6.599 24.16 7.485 9.164 6.897 1.821 0.7758 0.6619 0.3582 0.1143 0.1677 0.06089 0.03569 0.01308 0.007357 0.008617 0.002768 0.001838 0.001387
0.6762 5.314 15.83 15.44 3.93 4.812 3.621 0.956 0.4073 0.3475 0.1881 0.06 0.08805 0.03197 0.01874 0.006869 0.003863 0.004525 0.001453 0.001694
0.5745 7.198 12.79 10.18 8.159 2.076 2.542 1.913 0.5051 0.2152 0.1836 0.09937 0.0317 0.04652 0.01689 0.0099 0.003629 0.002041 0.002391 0.001663
0.9622 6.116 17.37 8.264 5.41 4.337 1.104 1.351 1.017 0.2685 0.1144 0.09761 0.05283 0.01685 0.02473 0.008979 0.005263 0.001929 0.001085 0.002155
1.239 10.24 14.79 11.29 4.42 2.894 2.32 0.5903 0.7227 0.544 0.1436 0.06119 0.0522 0.02825 0.009013 0.01323 0.004802 0.002815 0.001032 0.001733
0.7085 13.19 24.84 9.665 6.072 2.378 1.557 1.248 0.3176 0.3889 0.2927 0.07727 0.03292 0.02809 0.0152 0.004849 0.007117 0.002584 0.001515 0.001488
0.5105 7.539 32.07 16.32 5.232 3.287 1.287 0.8428 0.6757 0.1719 0.2105 0.1584 0.04183 0.01782 0.01521 0.008229 0.002625 0.003852 0.001399 0.001625
0.8615 5.431 18.37 21.18 8.884 2.849 1.79 0.701 0.4589 0.3679 0.09363 0.1146 0.08628 0.02278 0.009705 0.00828 0.004481 0.001429 0.002098 0.001647
0.4522 9.163 13.27 12.2 11.6 4.867 1.561 0.9804 0.384 0.2514 0.2015 0.05129 0.06279 0.04726 0.01248 0.005316 0.004535 0.002455 0.000783 0.002051
0.5866 4.809 22.44 8.856 6.721 6.391 2.681 0.8598 0.5402 0.2116 0.1385 0.111 0.02826 0.03459 0.02604 0.006874 0.002929 0.002499 0.001352 0.001561
0.5358 6.234 11.8 15.05 4.907 3.724 3.542 1.486 0.4764 0.2993 0.1172 0.07675 0.06153 0.01566 0.01917 0.01443 0.003809 0.001623 0.001385 0.001615
0.7795 5.692 15.34 7.958 8.388 2.735 2.076 1.974 0.828 0.2655 0.1668 0.06533 0.04277 0.03429 0.008726 0.01068 0.008041 0.002123 0.0009045 0.001671
0.6374 8.276 14.03 10.39 4.46 4.701 1.533 1.163 1.106 0.464 0.1488 0.09348 0.03661 0.02397 0.01922 0.00489 0.005987 0.004506 0.00119 0.001444
0.5137 6.764 20.44 9.555 5.855 2.513 2.649 0.8636 0.6554 0.6233 0.2615 0.08385 0.05268 0.02063 0.01351 0.01083 0.002756 0.003374 0.002539 0.001484
0.7429 5.446 16.74 13.99 5.413 3.317 1.424 1.501 0.4893 0.3713 0.3531 0.1481 0.0475 0.02984 0.01169 0.007652 0.006134 0.001561 0.001911 0.002279
0.373 7.87 13.5 11.51 7.966 3.083 1.889 0.8108 0.8547 0.2786 0.2115 0.2011 0.08436 0.02705 0.017 0.006657 0.004358 0.003494 0.0008891 0.002387
0.4704 3.947 19.54 9.324 6.586 4.56 1.765 1.082 0.4641 0.4893 0.1595 0.1211 0.1151 0.04829 0.01549 0.009729 0.003811 0.002495 0.002 0.001875
0.3496 4.972 9.817 13.55 5.364 3.789 2.623 1.015 0.6222 0.267 0.2815 0.09176 0.06964 0.06623 0.02778 0.008909 0.005597 0.002192 0.001435 0.002229
