 landings-at-age - landings.n (units : NA )
1	2	
42	100	
1	20	
1 
0.008385 0.04292 0.1604 0.09972 0.07989 0.07272 0.03799 0.04448 0.02974 0.01849 0.005698 0.006998 0.004475 0.007956 0.002452 0.003069 0.0006187 0.002434 0.00101 0.001294
0.008157 0.09415 0.1204 0.1337 0.06992 0.05601 0.05098 0.02664 0.03118 0.02085 0.01296 0.003995 0.004906 0.003138 0.005578 0.001719 0.002152 0.0004338 0.001707 0.001616
0.09761 1.439 4.133 1.569 1.465 0.766 0.6137 0.5586 0.2918 0.3416 0.2285 0.142 0.04377 0.05375 0.03437 0.06111 0.01883 0.02357 0.004752 0.0364
0.08538 2.116 7.716 6.539 2.085 1.946 1.018 0.8154 0.7422 0.3878 0.4539 0.3036 0.1887 0.05816 0.07142 0.04567 0.0812 0.02502 0.03132 0.05468
0.1019 1.416 8.628 9.228 6.559 2.091 1.952 1.021 0.8179 0.7444 0.3889 0.4553 0.3045 0.1893 0.05833 0.07164 0.04581 0.08145 0.0251 0.08627
0.09751 1.508 5.121 9.099 8.152 5.794 1.848 1.725 0.9019 0.7225 0.6576 0.3436 0.4022 0.269 0.1672 0.05153 0.06329 0.04047 0.07195 0.09838
0.3932 1.354 5.088 5.007 7.442 6.667 4.739 1.511 1.411 0.7377 0.5909 0.5379 0.281 0.329 0.22 0.1368 0.04215 0.05176 0.0331 0.1393
1.532 5.237 4.356 4.717 3.878 5.764 5.164 3.67 1.17 1.093 0.5714 0.4577 0.4166 0.2177 0.2548 0.1704 0.1059 0.03265 0.04009 0.1335
0.276 19.82 16.28 3.876 3.502 2.879 4.28 3.834 2.725 0.8691 0.8113 0.4242 0.3399 0.3093 0.1616 0.1892 0.1265 0.07866 0.02424 0.1289
1.289 3.494 59.92 14 2.779 2.511 2.065 3.069 2.749 1.954 0.6231 0.5817 0.3042 0.2437 0.2218 0.1159 0.1357 0.09072 0.0564 0.1098
1.912 16.04 10.33 50.08 9.742 1.933 1.747 1.436 2.135 1.913 1.359 0.4335 0.4047 0.2116 0.1695 0.1543 0.08062 0.09438 0.06312 0.1156
0.3237 23.47 46.48 8.411 33.92 6.597 1.309 1.183 0.9727 1.446 1.295 0.9206 0.2936 0.2741 0.1433 0.1148 0.1045 0.0546 0.06391 0.1211
0.4061 3.928 66.86 36.99 5.557 22.41 4.359 0.8651 0.7817 0.6426 0.9553 0.8558 0.6083 0.194 0.1811 0.09469 0.07585 0.06904 0.03607 0.1222
0.2995 4.881 11.01 52.07 23.89 3.589 14.47 2.815 0.5586 0.5048 0.415 0.6169 0.5526 0.3928 0.1253 0.1169 0.06114 0.04898 0.04458 0.1022
0.9653 3.569 13.49 8.406 32.9 15.09 2.268 9.145 1.779 0.353 0.319 0.2623 0.3898 0.3492 0.2482 0.07915 0.07389 0.03864 0.03095 0.09277
1.598 11.42 9.738 10.1 5.204 20.37 9.345 1.404 5.661 1.101 0.2185 0.1975 0.1624 0.2413 0.2162 0.1537 0.049 0.04574 0.02392 0.07659
0.8928 18.78 30.77 7.156 6.13 3.158 12.36 5.672 0.8521 3.436 0.6683 0.1326 0.1199 0.09854 0.1465 0.1312 0.09327 0.02974 0.02776 0.06101
1.35 10.43 50.02 22.21 4.261 3.65 1.881 7.362 3.377 0.5074 2.046 0.3979 0.07898 0.07137 0.05867 0.08722 0.07814 0.05554 0.01771 0.05286
1.115 15.69 27.47 35.49 12.98 2.49 2.134 1.099 4.303 1.974 0.2966 1.196 0.2326 0.04616 0.04171 0.03429 0.05098 0.04567 0.03246 0.04125
0.8438 12.88 40.88 19.16 20.37 7.452 1.429 1.225 0.6309 2.47 1.133 0.1702 0.6863 0.1335 0.0265 0.02394 0.01968 0.02926 0.02621 0.0423
3.241 9.71 33.23 28.06 10.81 11.49 4.202 0.8059 0.6904 0.3557 1.392 0.6388 0.09597 0.387 0.07527 0.01494 0.0135 0.0111 0.0165 0.03863
0.5205 35.33 23.69 21.46 14.87 5.726 6.086 2.227 0.4271 0.3659 0.1885 0.7379 0.3385 0.05086 0.2051 0.03989 0.007917 0.007154 0.005881 0.02921
1.826 5.675 86.2 15.3 11.38 7.879 3.035 3.225 1.18 0.2263 0.1939 0.09989 0.391 0.1794 0.02695 0.1087 0.02114 0.004195 0.003791 0.0186
0.2923 19.91 13.85 55.68 8.109 6.028 4.175 1.608 1.709 0.6253 0.1199 0.1028 0.05294 0.2072 0.09507 0.01428 0.05759 0.0112 0.002223 0.01187
0.4988 3.187 48.57 8.944 29.51 4.297 3.195 2.213 0.8522 0.9058 0.3314 0.06356 0.05445 0.02805 0.1098 0.05038 0.007569 0.03052 0.005936 0.007466
2.217 5.438 7.775 31.37 4.74 15.64 2.277 1.693 1.173 0.4516 0.48 0.1756 0.03368 0.02886 0.01487 0.0582 0.0267 0.004011 0.01617 0.007103
0.9076 24.16 13.27 5.022 16.63 2.512 8.287 1.207 0.8971 0.6214 0.2393 0.2544 0.09306 0.01785 0.01529 0.007879 0.03084 0.01415 0.002126 0.01234
0.8531 9.895 58.96 8.57 2.661 8.81 1.331 4.391 0.6396 0.4754 0.3293 0.1268 0.1348 0.04932 0.00946 0.008104 0.004175 0.01634 0.007498 0.007664
1.098 9.3 24.14 38.08 4.541 1.41 4.669 0.7054 2.327 0.3389 0.2519 0.1745 0.06721 0.07144 0.02614 0.005013 0.004295 0.002213 0.008662 0.008035
1.273 11.97 22.69 15.59 20.18 2.407 0.7474 2.474 0.3738 1.233 0.1796 0.1335 0.09248 0.03562 0.03786 0.01385 0.002657 0.002276 0.001173 0.008848
0.7749 13.88 29.21 14.66 8.264 10.7 1.275 0.3961 1.311 0.1981 0.6536 0.09518 0.07076 0.04901 0.01888 0.02006 0.00734 0.001408 0.001206 0.00531
0.4215 8.448 33.86 18.86 7.767 4.379 5.668 0.6759 0.2099 0.6949 0.105 0.3463 0.05044 0.0375 0.02597 0.01 0.01063 0.00389 0.0007461 0.003453
0.6894 4.595 20.61 21.87 9.997 4.116 2.321 3.004 0.3582 0.1112 0.3682 0.05563 0.1835 0.02673 0.01987 0.01376 0.005301 0.005634 0.002061 0.002226
0.5718 7.515 11.21 13.31 11.59 5.298 2.181 1.23 1.592 0.1898 0.05895 0.1951 0.02948 0.09727 0.01417 0.01053 0.007294 0.002809 0.002986 0.002272
0.7512 6.233 18.34 7.242 7.056 6.141 2.807 1.156 0.6518 0.8435 0.1006 0.03124 0.1034 0.01562 0.05155 0.007507 0.00558 0.003865 0.001489 0.002786
0.4939 8.19 15.21 11.84 3.838 3.739 3.255 1.488 0.6126 0.3454 0.447 0.05331 0.01655 0.0548 0.00828 0.02732 0.003978 0.002957 0.002048 0.002266
0.7715 5.385 19.98 9.824 6.277 2.034 1.982 1.725 0.7884 0.3246 0.183 0.2369 0.02825 0.008773 0.02904 0.004388 0.01448 0.002108 0.001567 0.002286
0.4192 8.411 13.14 12.91 5.206 3.326 1.078 1.05 0.914 0.4178 0.172 0.097 0.1255 0.01497 0.004649 0.01539 0.002325 0.007671 0.001117 0.002042
0.2061 4.57 20.52 8.487 6.84 2.759 1.763 0.5711 0.5565 0.4844 0.2214 0.09117 0.05141 0.06653 0.007933 0.002464 0.008156 0.001232 0.004065 0.001674
0.4921 2.247 11.15 13.26 4.497 3.625 1.462 0.9341 0.3027 0.2949 0.2567 0.1173 0.04832 0.02724 0.03525 0.004204 0.001306 0.004322 0.000653 0.003042
0.5993 5.238 5.363 7.048 6.874 2.332 1.88 0.7582 0.4844 0.157 0.1529 0.1331 0.06085 0.02506 0.01413 0.01828 0.00218 0.0006771 0.002241 0.001916
0.5134 6.378 12.53 3.409 3.678 3.587 1.217 0.9809 0.3956 0.2528 0.08191 0.0798 0.06946 0.03175 0.01307 0.007372 0.00954 0.001138 0.0003533 0.00217
0.544 5.465 15.31 8.012 1.79 1.931 1.883 0.639 0.5151 0.2077 0.1327 0.04301 0.0419 0.03647 0.01667 0.006865 0.003871 0.005009 0.0005974 0.001325
0.09984 5.791 13.15 9.838 4.233 0.9456 1.02 0.9951 0.3376 0.2721 0.1098 0.07013 0.02272 0.02214 0.01927 0.008809 0.003627 0.002045 0.002647 0.001016
0.3017 1.063 13.97 8.498 5.23 2.25 0.5027 0.5424 0.529 0.1795 0.1447 0.05834 0.03728 0.01208 0.01177 0.01024 0.004683 0.001928 0.001087 0.001947
0.3995 3.211 2.571 9.079 4.545 2.797 1.203 0.2689 0.2901 0.2829 0.09599 0.07736 0.0312 0.01994 0.00646 0.006294 0.005478 0.002504 0.001031 0.001623
0.5918 4.251 7.787 1.68 4.885 2.446 1.505 0.6475 0.1447 0.1561 0.1522 0.05165 0.04163 0.01679 0.01073 0.003476 0.003387 0.002948 0.001348 0.001428
0.08554 6.297 10.34 5.116 0.9092 2.644 1.324 0.8147 0.3505 0.07831 0.08449 0.0824 0.02796 0.02253 0.009089 0.005807 0.001882 0.001833 0.001596 0.001502
0.2873 0.91 15.35 6.826 2.786 0.4951 1.44 0.7209 0.4436 0.1909 0.04264 0.04601 0.04487 0.01522 0.01227 0.004949 0.003162 0.001025 0.0009983 0.001687
0.1648 3.056 2.223 10.19 3.739 1.526 0.2712 0.7887 0.3949 0.243 0.1046 0.02336 0.0252 0.02458 0.008339 0.006721 0.002711 0.001732 0.0005612 0.001471
0.3425 1.752 7.483 1.484 5.614 2.06 0.8407 0.1494 0.4346 0.2176 0.1339 0.0576 0.01287 0.01388 0.01354 0.004595 0.003703 0.001494 0.0009543 0.00112
0.2577 3.64 4.3 5.02 0.8222 3.111 1.142 0.4658 0.0828 0.2408 0.1206 0.07419 0.03192 0.007131 0.007694 0.007504 0.002546 0.002052 0.0008277 0.001149
0.1886 2.738 8.954 2.899 2.798 0.4582 1.734 0.6362 0.2596 0.04614 0.1342 0.06718 0.04134 0.01779 0.003974 0.004288 0.004182 0.001419 0.001144 0.001102
0.4154 2.003 6.75 6.067 1.625 1.568 0.2568 0.9716 0.3565 0.1455 0.02586 0.0752 0.03765 0.02317 0.009969 0.002227 0.002403 0.002344 0.0007951 0.001258
0.1384 4.408 4.947 4.596 3.419 0.9155 0.8834 0.1447 0.5475 0.2009 0.08198 0.01457 0.04238 0.02122 0.01306 0.005617 0.001255 0.001354 0.001321 0.001157
0.1883 1.467 10.91 3.385 2.604 1.937 0.5186 0.5005 0.08197 0.3102 0.1138 0.04644 0.008255 0.02401 0.01202 0.007396 0.003182 0.000711 0.0007671 0.001404
0.1599 1.995 3.638 7.498 1.928 1.483 1.103 0.2954 0.285 0.04669 0.1766 0.06482 0.02645 0.004701 0.01367 0.006845 0.004212 0.001812 0.0004049 0.001236
0.1498 1.692 4.954 2.512 4.292 1.103 0.8489 0.6315 0.1691 0.1632 0.02673 0.1011 0.0371 0.01514 0.002691 0.007827 0.003919 0.002411 0.001038 0.0009395
0.05184 1.584 4.21 3.436 1.445 2.469 0.6348 0.4884 0.3633 0.09727 0.09387 0.01537 0.05817 0.02135 0.008711 0.001548 0.004503 0.002254 0.001387 0.001137
