Originally  
101 
A 
42	100	
1	1	NA	NA	
1	20	
1 0.01668 0.1834 0.3335 0.3669 0.1167 0.2335 0.1001 0.03335 0.1334 0.06671 0 0 0.03335 0.03335 0 0 0 0.01668 0 0
1 0.0694 0.4627 0.347 0.5321 0.2545 0.1157 0.1388 0.1388 0.09253 0.1157 0 0 0.02313 0.02313 0 0 0 0 0 0
1 0.02714 0.2714 0.9501 0.4343 0.3529 0.02714 0.05429 0.2172 0.05429 0.08143 0.05429 0.08143 0 0.02714 0 0.02714 0 0.05429 0 0
1 0 0.3278 0.6338 0.459 0.1967 0.2185 0.1311 0.06556 0.04371 0.06556 0.02185 0 0 0 0.02185 0 0 0 0 0
1 0.04023 0.2011 0.4425 0.5632 0.2816 0.2212 0.1006 0.08045 0.04023 0.02011 0 0.02011 0 0 0 0 0 0 0 0
1 0.1141 0.09508 0.2662 0.3803 0.3613 0.3233 0.07606 0.07606 0.07606 0.01902 0 0.05705 0 0 0 0.03803 0.01902 0 0 0
1 0.02522 0.05043 0.1135 0.1891 0.227 0.29 0.1513 0.05043 0.05043 0.02522 0.02522 0.03783 0.02522 0 0 0 0 0 0 0
1 0.2735 0.31 0.2006 0.2188 0.2188 0.1641 0.2371 0.05471 0.01824 0.09118 0 0 0 0.03647 0 0 0 0 0 0
1 0.03628 0.7257 0.3266 0.1089 0.07257 0.05443 0.1633 0.127 0.05443 0.05443 0 0.03628 0.05443 0 0 0 0 0 0 0
1 0.05577 0.1673 1.478 0.3067 0.1394 0.05577 0.1673 0.1394 0.08365 0.1115 0 0.02788 0 0 0 0 0 0 0 0.05577
1 0.1574 0.4985 0.1312 1.391 0.2099 0.05247 0.02624 0.05247 0.05247 0 0.05247 0 0 0 0 0 0 0 0 0
1 0.04676 0.7716 0.7482 0.1871 0.4209 0.02338 0 0 0.07015 0.07015 0 0 0 0 0 0 0 0 0 0
1 0 0.1066 1.359 0.666 0.05328 0.293 0.02664 0.02664 0 0.02664 0.02664 0 0.02664 0.02664 0.02664 0 0 0 0 0
1 0.01579 0.1105 0.1421 0.6632 0.2369 0.04737 0.3158 0.01579 0 0.01579 0 0 0 0.01579 0 0 0 0 0 0
1 0.09422 0.07852 0.2827 0.157 0.4083 0.2513 0.0157 0.1413 0.04711 0 0.0157 0 0.0157 0.03141 0.0157 0 0.0157 0 0 0
1 0.04946 0.4122 0.1649 0.1649 0.08244 0.4617 0.1979 0 0.1154 0 0 0 0 0 0 0 0 0 0 0
1 0.01087 0.2717 0.2934 0.04347 0.1196 0.03261 0.1956 0.03261 0.01087 0.05434 0 0.01087 0 0 0 0 0 0 0 0.01087
1 0.04524 0.1697 0.475 0.181 0.07917 0.04524 0.04524 0.01131 0.03393 0 0.03393 0.01131 0 0 0 0 0 0 0 0
1 0.0281 0.1546 0.4215 0.5339 0.1124 0.01405 0.0281 0.0281 0.0281 0.01405 0.01405 0.01405 0.01405 0 0 0 0 0 0 0
1 0.01542 0.2621 0.6168 0.2313 0.2159 0.1234 0.03084 0 0 0.01542 0.01542 0 0.01542 0 0 0 0 0 0 0
1 0.05667 0.1133 0.3513 0.204 0.17 0.102 0.09067 0.01133 0.01133 0 0.01133 0.01133 0 0 0 0 0 0 0 0
1 0.03406 0.5279 0.3406 0.3746 0.1022 0.1192 0.1362 0.05109 0.01703 0 0 0 0 0 0 0 0 0 0 0
1 0.03747 0.04996 0.8368 0.09991 0.1124 0.04996 0.03747 0.01249 0.01249 0 0 0 0 0 0 0 0 0 0 0
1 0 0.3859 0.1103 0.4548 0.2067 0.1103 0.02757 0.02757 0.02757 0.01378 0 0.01378 0 0 0 0 0 0 0 0
1 0 0.0484 0.4936 0.06776 0.3001 0 0.02904 0.009679 0 0.01936 0 0 0 0 0 0 0 0 0 0
1 0.106 0.08244 0.1649 0.4828 0.05888 0.2238 0.03533 0 0 0 0.01178 0 0.01178 0 0 0 0 0 0 0
1 0.02085 0.285 0.07645 0.06255 0.146 0.02085 0.07645 0.00695 0 0 0 0 0 0 0 0 0 0 0 0
1 0.05926 0.2074 0.7852 0.1185 0.07407 0.1185 0.02963 0.05926 0.02963 0 0 0 0 0 0 0 0 0 0 0
1 0.05692 0.2277 0.3074 0.4098 0.03415 0.02277 0.03415 0.01138 0.02277 0.01138 0 0 0 0 0 0 0 0 0 0
1 0.02895 0.1255 0.2606 0.2316 0.2316 0.04826 0 0.02895 0.009652 0 0 0 0 0 0 0 0 0 0 0
1 0.01262 0.2777 0.4922 0.2146 0.07573 0.1515 0.02524 0 0 0 0 0 0 0.01262 0 0 0 0 0 0
1 0 0.1177 0.3616 0.143 0.06728 0.05887 0.05046 0.01682 0.008409 0.01682 0 0 0 0 0 0 0 0 0 0
1 0.02757 0.08271 0.1378 0.2688 0.09649 0.02757 0.006892 0.02068 0 0 0.02068 0 0 0 0 0 0 0 0 0
1 0.01339 0.09372 0.08033 0.1026 0.07141 0.02678 0.02231 0.008926 0.01785 0 0.004463 0 0 0 0 0 0 0.004463 0 0
1 0.01998 0.1099 0.1648 0.05495 0.0999 0.02498 0.01499 0 0.004995 0.004995 0 0 0 0 0 0 0 0 0 0
1 0.02138 0.08978 0.1112 0.08123 0.04703 0.0342 0.02565 0.004275 0.01283 0 0 0 0 0 0 0 0 0 0 0
1 0.0244 0.06709 0.2257 0.1037 0.08538 0.0244 0.03049 0.0244 0.0122 0.006099 0 0 0 0 0 0 0.006099 0 0 0
1 0.01837 0.1286 0.1194 0.09646 0.03675 0.01378 0.009186 0.01378 0.009186 0.009186 0.004593 0 0 0 0 0 0 0 0 0
1 0.008157 0.04079 0.1876 0.05302 0.06933 0.02447 0.01631 0 0 0.004079 0 0.004079 0 0 0 0 0 0 0 0
1 0.02667 0.048 0.176 0.1493 0.06933 0.02133 0.016 0.01067 0.005333 0 0.005333 0.005333 0 0 0 0 0 0 0 0
1 0.02329 0.1257 0.06986 0.08849 0.07451 0.04191 0.02329 0 0.004657 0.004657 0 0.004657 0.004657 0 0 0 0 0 0 0
1 0.007915 0.09893 0.1583 0.03562 0.0277 0.0277 0.007915 0.01187 0.007915 0 0.003957 0.007915 0 0 0 0 0 0 0 0
1 0.008243 0.08655 0.1525 0.09067 0.03709 0.02473 0.008243 0.004121 0 0 0 0 0 0 0 0 0 0 0 0
1 0.008425 0.08846 0.139 0.09688 0.04212 0.01685 0.01264 0.008425 0 0.008425 0 0 0 0 0 0 0 0 0 0
1 0.003574 0.01072 0.1251 0.09649 0.0679 0.02502 0 0.007148 0.0143 0.003574 0.003574 0 0 0 0 0 0 0 0 0
1 0.01408 0.05985 0.03521 0.1056 0.07393 0.03873 0.01056 0.003521 0 0.01056 0 0 0 0 0 0 0 0 0 0
1 0.004346 0.1043 0.113 0.02173 0.07822 0.07387 0.02607 0.008691 0 0.004346 0 0 0 0 0 0 0 0 0 0
1 0 0.1168 0.1329 0.07652 0.01611 0.03625 0.01208 0.004028 0.008055 0 0 0 0 0 0 0 0 0 0 0
1 0.0136 0.01814 0.2131 0.127 0.04988 0.004535 0.00907 0.00907 0.00907 0 0 0 0 0 0 0 0 0 0 0
1 0.003253 0.08457 0.01952 0.1431 0.02602 0.02927 0.006505 0.006505 0.003253 0.003253 0 0 0 0 0 0 0 0 0 0
1 0.005805 0.03483 0.1161 0.02612 0.06676 0.02612 0.008707 0 0.002902 0.002902 0 0 0 0 0 0 0 0 0 0
1 0.00833 0.06386 0.06386 0.06942 0.005553 0.04165 0.002777 0.002777 0 0.01111 0.005553 0 0.002777 0 0 0 0 0 0 0
1 0.0123 0.05739 0.1804 0.04099 0.05329 0.008199 0.0328 0.0123 0.004099 0 0 0.008199 0 0 0 0 0 0 0 0
1 0.03405 0.0383 0.1319 0.1277 0.02128 0.02554 0 0.02554 0.01702 0 0 0 0.004256 0 0 0 0 0 0 0
1 0.003752 0.1201 0.0863 0.0863 0.04878 0.01501 0.007504 0.003752 0.003752 0 0 0 0 0 0 0 0 0 0 0
1 0.003273 0.036 0.1505 0.03927 0.04909 0.01964 0 0.009818 0.003273 0.006546 0.006546 0.003273 0 0 0 0 0 0 0 0
1 0.02844 0.06637 0.09007 0.1517 0.03318 0.04741 0.03792 0 0 0.004741 0.004741 0.009481 0 0 0 0 0 0 0 0
1 0.003596 0.05395 0.1151 0.06474 0.06114 0.03956 0.01439 0.007193 0 0 0 0 0 0 0 0 0 0 0 0
1 0 0.05969 0.08778 0.0948 0.02809 0.05618 0.01404 0 0.007022 0.003511 0 0 0 0 0 0 0 0 0 0
