Originally  
101 
A 
2	100	
1	1	NA	NA	
1	20	
1 389 225.9 213.3 163.1 75.29 75.29 37.64 25.1 12.55 25.1 0 0 12.55 0 0 0 0 0 0 0
1 315.4 254.7 157.7 121.3 60.65 97.03 84.91 72.78 24.26 24.26 0 0 0 0 0 0 0 0 0 0
1 480.6 221.8 160.2 110.9 73.93 86.26 24.64 24.64 12.32 0 24.64 0 0 0 0 0 0 0 0 12.32
1 341.6 250.5 159.4 193.6 79.71 68.32 11.39 11.39 22.77 0 0 0 0 0 0 0 0 0 0 0
1 277.1 266 177.3 166.3 44.33 0 33.25 44.33 55.42 11.08 0 0 0 0 11.08 0 11.08 0 0 11.08
1 274.7 200.7 200.7 116.2 63.38 31.69 52.82 52.82 21.13 21.13 0 10.56 0 10.56 0 0 0 0 0 0
1 402.4 263.6 249.8 166.5 83.26 69.38 41.63 13.88 27.75 13.88 41.63 13.88 0 0 0 0 0 0 0 0
1 448.5 254.2 179.4 119.6 164.5 29.9 134.6 14.95 59.8 44.85 29.9 0 0 14.95 0 0 0 0 0 0
1 269.9 211.2 269.9 93.87 140.8 58.67 23.47 35.2 23.47 11.73 23.47 0 0 11.73 0 0 0 0 0 0
1 331.4 203.1 139 106.9 117.6 64.14 21.38 21.38 42.76 0 0 0 10.69 0 0 0 0 0 0 10.69
1 358.4 301.1 172 215.1 114.7 100.4 14.34 28.67 57.35 28.67 28.67 14.34 0 0 0 0 0 0 0 0
1 323.8 212.1 134 122.8 89.33 78.16 78.16 11.17 22.33 11.17 11.17 11.17 0 11.17 0 0 0 0 0 0
1 562.3 319.5 140.6 63.9 76.68 12.78 38.34 25.56 25.56 0 0 0 0 0 0 12.78 0 0 0 0
1 329.1 341.3 182.8 85.32 97.51 48.76 36.57 24.38 12.19 24.38 0 0 12.19 0 0 12.19 0 12.19 0 0
1 362.5 281.9 174.5 93.97 174.5 67.12 26.85 13.42 53.7 40.27 0 40.27 0 0 13.42 0 0 0 0 0
1 280.5 235.2 72.38 144.8 54.28 36.19 9.047 9.047 9.047 18.09 9.047 0 18.09 0 0 0 0 9.047 0 0
1 425.6 383 269.5 28.37 127.7 85.11 28.37 28.37 14.19 0 0 0 0 0 0 0 0 14.19 0 14.19
1 480.6 282.7 183.8 155.5 84.81 113.1 28.27 0 42.4 14.13 14.13 0 0 14.13 0 0 0 0 0 0
1 261.5 236.6 273.9 161.9 112.1 24.9 24.9 24.9 37.35 37.35 0 24.9 0 12.45 12.45 0 0 0 0 0
1 416.4 282.1 161.2 147.7 134.3 67.16 53.73 40.29 13.43 13.43 0 0 0 13.43 0 0 0 0 0 0
1 285.8 238.2 262 119.1 47.64 83.36 83.36 47.64 11.91 0 11.91 0 0 0 0 0 0 0 0 0
1 364.7 285 91.19 148.2 45.59 56.99 45.59 34.19 34.19 0 11.4 0 11.4 0 0 0 0 0 0 11.4
1 317.8 215.3 143.5 143.5 51.26 61.52 0 41.01 20.51 10.25 10.25 10.25 0 0 0 0 0 0 0 0
1 366.3 466.2 333 99.9 99.9 66.6 66.6 33.3 0 49.95 16.65 33.3 0 16.65 0 16.65 0 0 0 0
1 439 170.7 158.5 146.3 36.58 85.35 73.16 36.58 24.39 0 12.19 24.39 12.19 0 0 0 0 0 0 0
1 596.7 327.2 250.2 250.2 134.7 77 96.25 77 19.25 19.25 38.5 0 19.25 19.25 0 0 0 0 0 0
1 369.5 217.4 163 76.07 97.81 65.21 54.34 0 21.74 10.87 0 0 10.87 0 0 0 0 0 0 0
1 486.7 300.6 229 85.89 157.5 100.2 28.63 0 14.31 14.31 14.31 0 0 0 0 0 0 0 0 0
1 342.5 303 210.8 131.7 65.87 92.22 92.22 26.35 26.35 13.17 13.17 0 0 0 0 0 0 0 0 0
1 273.8 311.1 261.3 124.4 87.11 49.78 24.89 49.78 12.44 12.44 12.44 24.89 0 0 0 0 0 0 0 0
1 442.1 221.1 309.5 103.2 58.95 132.6 58.95 44.21 14.74 14.74 29.47 29.47 14.74 0 0 0 0 0 0 0
1 405.7 291.6 164.8 139.5 88.75 50.72 63.39 12.68 12.68 12.68 12.68 12.68 0 0 0 0 0 0 0 0
1 453.3 186.6 186.6 146.7 160 40 53.33 13.33 13.33 26.66 0 0 13.33 0 13.33 0 13.33 13.33 0 0
1 360 250 170 20 60.01 60.01 30 10 10 0 0 20 10 0 0 0 0 0 0 0
1 334.6 223.1 292.8 111.5 195.2 69.71 83.65 0 27.88 13.94 13.94 0 0 0 0 13.94 0 0 0 13.94
1 440.1 396.1 161.4 161.4 176.1 58.68 29.34 0 14.67 0 0 29.34 0 0 0 0 0 0 0 0
1 433.2 355.9 232.1 139.3 77.36 61.89 46.42 61.89 61.89 30.95 15.47 0 15.47 0 0 15.47 0 0 0 0
1 306.3 242.5 242.5 217 102.1 63.82 12.76 12.76 0 25.53 25.53 0 0 0 12.76 0 12.76 0 0 0
1 288.6 240.5 216.5 132.3 84.19 96.21 24.05 12.03 36.08 12.03 24.05 12.03 0 0 24.05 0 0 0 0 0
1 352.5 314.7 163.7 151.1 100.7 37.77 25.18 25.18 12.59 25.18 12.59 25.18 0 0 0 0 0 0 0 12.59
1 552.8 303.1 214 249.7 160.5 89.16 53.5 35.66 0 0 35.66 35.66 0 17.83 0 0 0 0 17.83 17.83
1 252.9 143.3 75.88 118 92.75 75.88 33.73 25.29 16.86 0 8.431 0 0 0 0 0 0 0 0 0
1 258.9 194.2 157.2 138.7 64.73 36.99 9.247 18.49 9.247 27.74 0 0 0 0 0 0 0 0 9.247 0
1 587.9 264.5 147 147 73.49 58.79 73.49 29.39 14.7 29.39 14.7 0 14.7 0 14.7 0 0 0 0 0
1 361.4 206.5 154.9 113.6 51.62 30.97 41.3 20.65 0 30.97 0 10.32 10.32 0 0 0 0 0 0 0
1 254 214.3 103.2 87.31 39.68 55.56 15.87 0 7.937 7.937 0 0 0 0 0 0 0 7.937 0 0
1 535.8 421 306.2 172.2 153.1 95.67 38.27 0 76.54 38.27 38.27 19.13 19.13 0 0 0 0 0 0 0
1 422 313.1 136.1 163.4 122.5 40.84 40.84 0 40.84 13.61 40.84 0 0 13.61 0 0 0 0 13.61 0
1 226.2 173.4 105.6 90.48 30.16 60.32 22.62 7.54 30.16 0 0 0 7.54 0 0 0 0 0 0 0
1 215.6 256.7 143.8 102.7 92.41 51.34 41.07 41.07 51.34 10.27 20.54 0 0 0 0 0 0 0 0 0
1 223 214.4 162.9 60.03 60.03 42.88 51.45 17.15 8.575 8.575 0 8.575 0 0 0 0 0 0 0 0
1 347.5 334.7 205.9 128.7 115.8 38.62 12.87 12.87 0 25.74 12.87 38.62 0 12.87 0 0 0 0 0 0
1 279.9 212.7 223.9 145.6 78.38 22.39 55.98 55.98 22.39 0 0 0 11.2 11.2 0 0 0 0 0 0
1 279.8 238.4 196.9 134.7 62.19 31.09 41.46 20.73 0 20.73 10.36 0 0 0 0 0 0 0 0 0
1 383.4 347.4 227.6 59.9 47.92 47.92 23.96 35.94 11.98 0 0 0 11.98 0 0 0 0 0 0 0
1 356.5 186.8 101.9 50.93 59.42 16.98 16.98 16.98 16.98 8.489 0 0 16.98 0 0 0 0 0 0 0
1 462.2 256.8 231.1 141.2 51.36 38.52 51.36 38.52 0 0 0 0 0 12.84 0 0 0 0 0 0
1 370 459.4 153.1 63.8 51.04 76.56 63.8 12.76 0 0 25.52 0 0 0 0 0 0 0 0 0
1 516 309.6 250.6 191.6 88.45 44.22 44.22 14.74 0 14.74 0 0 0 0 0 0 0 0 0 0
1 446.2 311 229.8 121.7 67.6 40.56 40.56 0 40.56 13.52 27.04 0 13.52 0 0 0 0 0 0 0
1 407.7 177.7 167.3 52.27 115 52.27 10.45 20.91 10.45 20.91 0 10.45 0 0 0 0 0 0 0 0
1 373 293.9 90.43 90.43 101.7 67.82 22.61 22.61 45.22 0 11.3 11.3 0 0 0 0 0 0 0 0
1 509 233.9 165.1 137.6 165.1 55.02 41.27 13.76 0 41.27 0 0 0 0 0 0 0 0 0 13.76
1 490.1 379.4 300.4 142.3 158.1 31.62 15.81 15.81 0 0 15.81 0 31.62 0 0 0 0 0 0 0
1 532.4 477.3 330.5 183.6 110.2 73.44 55.08 36.72 18.36 0 0 0 18.36 0 0 0 0 0 0 0
1 350.3 237.3 124.3 158.2 56.5 90.4 45.2 22.6 22.6 11.3 0 11.3 0 0 0 0 0 0 0 0
1 357.1 238 178.5 79.35 39.67 29.76 29.76 19.84 0 0 19.84 0 0 0 0 0 0 0 0 0
1 333.9 395.8 185.5 86.57 74.21 61.84 49.47 24.74 12.37 0 0 0 0 0 0 0 0 0 12.37 0
1 424.7 339.7 297.3 127.4 42.47 70.78 28.31 28.31 14.16 14.16 14.16 14.16 0 0 0 0 0 0 0 0
1 380.3 380.3 234 160.9 146.3 43.88 58.51 14.63 14.63 14.63 0 14.63 0 0 0 0 0 0 0 0
1 225.6 123.7 131 43.66 94.6 72.77 7.277 7.277 0 0 14.55 7.277 0 0 0 0 0 0 0 0
1 313.5 148.9 109.7 86.21 7.838 54.86 15.68 23.51 0 7.838 7.838 0 7.838 0 0 0 0 0 0 0
1 553.9 395.6 300.7 79.12 94.95 94.95 0 15.82 0 31.65 15.82 0 0 0 0 0 0 0 0 0
1 308.3 194.7 81.12 89.23 48.67 48.67 8.112 16.22 0 0 16.22 0 0 0 0 0 0 0 0 0
1 549.2 323.9 253.5 98.57 56.33 56.33 0 42.24 0 0 0 0 14.08 14.08 0 0 0 0 0 0
1 490.1 548.9 392.1 176.4 137.2 78.41 0 78.41 19.6 19.6 19.6 0 0 0 0 0 0 0 0 0
1 459.9 357.7 127.8 89.43 115 25.55 51.1 38.33 12.78 0 0 0 0 0 0 0 0 0 0 0
1 382.4 246.7 246.7 123.3 74 61.67 49.34 12.33 24.67 0 0 0 0 0 0 0 0 0 12.33 0
1 478.2 279 212.5 119.6 92.99 92.99 13.28 13.28 26.57 0 0 0 0 0 0 0 0 0 0 0
1 495.7 247.9 179 179 55.08 82.62 68.85 41.31 0 27.54 0 0 0 0 0 0 0 0 0 0
1 425.8 329.6 192.3 206 41.2 41.2 41.2 27.47 13.73 13.73 0 27.47 13.73 0 0 0 0 0 0 0
1 659.6 439.7 439.7 307.8 65.96 131.9 65.96 21.99 21.99 21.99 0 0 0 0 21.99 0 0 0 0 0
1 394.1 223.7 149.1 85.22 85.22 74.57 31.96 10.65 10.65 0 0 0 0 0 0 0 0 0 0 0
1 299.2 213.7 96.16 128.2 128.2 96.16 64.11 32.05 0 10.68 0 0 0 0 0 0 0 0 0 0
1 562.1 380.3 148.8 198.4 132.3 33.07 49.6 33.07 16.53 16.53 0 33.07 16.53 0 33.07 0 0 0 0 0
1 631.2 307.5 161.8 178 129.5 80.92 64.74 16.18 16.18 16.18 0 0 16.18 0 0 0 0 0 0 0
1 530.1 363.5 318.1 75.73 60.58 15.15 106 15.15 15.15 0 15.15 0 0 0 0 0 0 0 0 0
1 315.7 247.1 302 192.2 164.7 82.36 41.18 13.73 0 0 0 13.73 0 0 0 0 0 0 0 0
1 633.6 376.8 291.1 188.4 68.5 68.5 51.38 0 0 17.13 0 0 17.13 0 0 0 0 0 0 0
1 402.9 237 272.6 130.4 23.7 47.4 23.7 0 11.85 23.7 11.85 0 0 0 0 0 0 0 0 0
1 1144 462.9 217.8 299.5 272.3 81.69 54.46 54.46 81.69 27.23 27.23 0 0 0 0 0 0 0 0 0
1 600.7 368.2 329.4 232.5 135.6 96.88 58.13 19.38 19.38 38.75 19.38 0 0 0 19.38 0 0 0 0 0
1 436.8 380.4 197.3 126.8 112.7 14.09 42.27 70.45 14.09 0 14.09 0 0 0 0 0 0 0 0 0
1 558.4 359 319.1 179.5 179.5 139.6 19.94 139.6 59.83 19.94 0 0 0 19.94 0 0 0 0 0 0
1 594.4 551.9 382.1 212.3 191.1 63.68 0 21.23 42.46 42.46 0 0 0 21.23 0 0 0 0 0 0
1 234.2 303.1 330.6 96.43 124 96.43 68.88 68.88 0 41.33 0 13.78 0 0 0 0 0 0 0 0
1 423.6 282.4 282.4 247.1 123.5 88.25 35.3 70.6 70.6 52.95 17.65 17.65 0 17.65 0 35.3 0 0 0 0
1 514 271.3 157.1 128.5 114.2 85.66 57.11 28.55 14.28 14.28 28.55 14.28 0 0 0 0 0 0 0 0
1 772 415.7 316.7 98.97 118.8 98.97 39.59 39.59 19.79 0 0 0 39.59 0 19.79 0 0 0 0 0
