Originally  
101 
A 
2	100	
1	1	NA	NA	
1	20	
1 481.2 221.1 117.1 143.1 78.04 78.04 39.02 52.02 13.01 52.02 13.01 0 13.01 0 0 0 0 0 0 0
1 587.2 170 262.7 154.5 108.2 123.6 92.71 15.45 15.45 0 0 0 15.45 0 0 0 0 0 0 0
1 247.3 398.4 137.4 123.6 164.9 68.69 96.16 82.43 0 41.21 0 0 0 13.74 0 0 0 0 0 0
1 419.2 318.6 301.8 201.2 117.4 83.83 100.6 83.83 0 16.77 16.77 0 0 0 0 0 0 0 16.77 0
1 435.2 312.8 149.6 217.6 40.8 68 27.2 27.2 27.2 0 0 0 27.2 27.2 0 0 0 0 0 0
1 432.6 283.5 238.7 89.51 89.51 89.51 44.76 104.4 29.84 29.84 29.84 0 0 0 0 14.92 0 0 0 14.92
1 318.2 208.5 175.6 98.76 32.92 109.7 32.92 43.89 21.95 0 10.97 10.97 21.95 10.97 0 0 0 0 0 0
1 441 190.7 143 166.9 95.36 47.68 23.84 11.92 35.76 11.92 11.92 0 11.92 0 0 0 0 0 0 0
1 332.4 249.3 201.8 118.7 106.8 35.61 47.49 23.74 11.87 23.74 11.87 0 0 0 0 11.87 0 0 0 11.87
1 792.9 306.4 252.3 126.1 54.06 126.1 36.04 18.02 36.04 18.02 18.02 0 0 0 18.02 0 0 0 0 0
1 289 397.3 108.4 132.4 48.16 48.16 48.16 72.24 48.16 0 0 0 0 12.04 0 0 0 0 0 0
1 310.7 339 310.7 127.1 141.2 42.37 0 42.37 14.12 14.12 14.12 0 14.12 28.25 14.12 0 0 0 0 0
1 314.2 235.7 248.8 235.7 65.47 52.37 104.7 26.19 13.09 0 13.09 0 0 0 0 0 0 0 0 0
1 658.1 367.8 193.6 193.6 193.6 58.07 96.78 38.71 19.36 19.36 38.71 0 19.36 19.36 19.36 0 0 0 0 0
1 419.6 377.6 237.8 83.92 41.96 83.92 27.97 27.97 13.99 27.97 27.97 13.99 0 0 0 13.99 0 0 0 0
1 357.6 332.9 160.3 86.32 49.32 111 49.32 12.33 61.65 0 12.33 0 0 0 0 0 0 0 0 0
1 403.7 183.5 195.7 110.1 85.64 36.7 61.17 36.7 24.47 36.7 0 12.23 12.23 24.47 0 0 0 0 0 0
1 485.2 313.1 187.8 187.8 156.5 109.6 46.96 31.31 15.65 31.31 0 0 0 0 0 0 0 0 0 0
1 315.6 168.3 189.4 63.13 105.2 63.13 42.08 21.04 31.56 10.52 10.52 10.52 21.04 0 0 0 0 0 0 0
1 266.2 231.5 254.7 104.2 92.6 34.73 92.6 11.58 11.58 11.58 23.15 0 0 23.15 0 0 0 0 0 0
1 265.2 288.2 172.9 80.7 115.3 46.12 92.23 34.59 11.53 0 23.06 0 0 0 0 11.53 0 11.53 0 0
1 188.5 188.5 122.9 49.17 65.56 49.17 49.17 49.17 32.78 16.39 0 0 8.195 0 0 0 0 0 0 0
1 523.4 174.5 232.6 145.4 130.8 116.3 58.15 14.54 29.08 14.54 0 0 0 14.54 0 0 0 0 0 0
1 249.3 484.7 180 207.7 96.94 13.85 55.39 13.85 13.85 13.85 13.85 41.54 0 0 0 0 0 0 0 0
1 288.7 92.81 278.4 134.1 103.1 20.62 51.56 10.31 10.31 20.62 10.31 0 0 10.31 0 0 0 0 0 0
1 361.9 293 224.1 327.5 224.1 120.6 17.24 51.71 34.47 34.47 0 17.24 17.24 0 0 0 0 0 0 0
1 547.7 208.6 156.5 52.16 169.5 91.28 26.08 13.04 13.04 0 0 0 0 0 0 26.08 0 0 0 0
1 766.8 410.1 178.3 71.33 53.5 196.2 17.83 17.83 17.83 17.83 17.83 0 0 17.83 0 0 0 0 0 0
1 748.4 436.6 332.6 124.7 124.7 62.37 83.16 20.79 41.58 41.58 0 0 0 41.58 20.79 0 0 0 0 0
1 401.1 263.6 171.9 80.22 68.76 34.38 11.46 68.76 11.46 0 34.38 0 0 0 0 0 0 0 0 0
1 375.3 240.2 345.2 225.2 150.1 45.03 15.01 15.01 15.01 15.01 15.01 15.01 15.01 0 15.01 0 0 0 0 0
1 377 267 235.6 251.3 94.24 157.1 47.12 0 47.12 31.41 47.12 15.71 0 0 0 0 0 0 0 0
1 246.8 190.7 224.3 157 145.8 44.87 67.3 44.87 0 0 0 0 0 0 0 0 0 0 0 0
1 345.1 264.6 103.5 115 57.52 92.04 23.01 34.51 34.51 11.5 11.5 34.51 23.01 0 0 0 0 0 0 0
1 383.6 251.7 71.93 119.9 83.91 71.93 107.9 11.99 23.98 11.99 11.99 0 0 0 0 11.99 0 11.99 0 23.98
1 583.5 425.8 94.62 110.4 94.62 15.77 47.31 78.85 47.31 47.31 15.77 0 0 0 15.77 0 0 0 0 0
1 652.9 261.1 228.5 97.93 81.61 97.93 48.96 16.32 97.93 0 16.32 0 32.64 0 0 0 0 0 0 0
1 317.8 378.4 211.9 227 136.2 15.13 136.2 0 0 60.54 15.13 0 0 0 0 15.13 0 0 0 0
1 943.2 264.1 188.6 282.9 94.32 18.86 56.59 18.86 18.86 0 0 0 0 0 0 0 0 0 0 0
1 146.6 549.7 158.8 122.1 97.72 36.64 0 36.64 12.21 12.21 12.21 12.21 0 24.43 0 0 0 0 0 0
1 784.1 270.4 838.2 216.3 270.4 135.2 81.11 27.04 0 27.04 27.04 0 0 0 0 0 27.04 0 0 0
1 554.6 215.7 123.3 323.5 61.63 138.7 0 15.41 15.41 15.41 15.41 0 30.81 0 15.41 0 0 0 0 15.41
1 324.7 313.1 162.3 104.4 139.1 11.59 46.38 34.78 23.19 0 0 0 0 0 0 0 0 0 0 0
1 274.8 240.4 183.2 137.4 45.8 137.4 45.8 0 11.45 22.9 22.9 11.45 0 0 0 11.45 0 0 0 0
1 441.5 151.4 214.4 138.8 88.3 25.23 113.5 12.61 25.23 0 12.61 0 0 0 12.61 12.61 0 0 12.61 0
1 426.3 409.9 262.3 98.37 147.6 49.19 32.79 131.2 32.79 32.79 0 0 0 0 16.4 0 0 0 0 0
1 282.1 410.3 205.2 64.11 76.93 89.76 76.93 12.82 12.82 0 25.64 0 0 0 12.82 0 0 0 12.82 0
1 334.2 295.6 205.7 179.9 64.27 77.12 0 51.41 12.85 38.56 0 12.85 0 0 0 0 0 12.85 0 0
1 346.4 277.1 235.6 249.4 138.6 83.14 27.71 0 0 0 0 13.86 0 13.86 0 0 0 0 0 0
1 879 207.8 95.89 111.9 143.8 79.91 0 31.96 15.98 31.96 0 0 0 0 0 0 0 0 0 0
1 419.6 674.3 119.9 44.95 59.94 44.95 74.92 0 44.95 14.98 0 0 0 0 0 0 0 0 0 0
1 824.5 345.1 402.6 115 134.2 0 57.52 19.17 0 0 19.17 0 0 0 0 0 0 0 0 0
1 496.4 303.4 151.7 220.6 55.16 68.95 0 27.58 27.58 13.79 0 13.79 0 0 0 0 0 0 0 0
1 399.8 338.3 215.3 246.1 215.3 61.51 15.38 0 15.38 0 0 15.38 15.38 0 0 0 0 0 0 0
1 485.5 226.6 339.8 129.5 161.8 178 48.55 32.37 16.18 0 0 0 0 0 0 0 0 0 0 0
1 335.7 310.8 149.2 174.1 62.17 49.73 124.3 24.87 0 12.43 0 0 0 0 0 0 0 0 0 0
1 149.1 196.2 94.16 54.93 109.9 47.08 7.846 39.23 15.69 15.69 23.54 7.846 0 7.846 7.846 0 0 0 7.846 0
1 209 87.07 182.9 130.6 52.24 104.5 26.12 34.83 0 8.707 0 8.707 8.707 8.707 0 0 0 0 0 8.707
1 285 186.7 127.7 98.26 98.26 88.44 39.31 39.31 19.65 0 0 0 0 0 0 0 0 0 0 0
1 416.4 178.5 99.15 89.24 29.75 59.49 19.83 49.58 29.75 9.915 9.915 0 0 0 0 0 0 0 0 0
1 258.2 371.9 124 82.64 51.65 20.66 30.99 10.33 10.33 41.32 0 10.33 10.33 0 0 0 10.33 0 0 0
1 303.1 155.9 164.6 60.62 34.64 25.98 34.64 34.64 8.661 17.32 8.661 0 17.32 0 0 0 0 0 0 0
1 443.8 193.5 182.1 147.9 79.66 11.38 11.38 22.76 11.38 0 22.76 0 0 11.38 0 0 0 0 0 0
1 238.2 408.3 158.8 90.74 170.1 22.68 22.68 11.34 0 0 0 11.34 0 0 0 0 0 0 0 0
1 235.7 255.3 108 137.5 39.28 78.57 29.46 49.1 9.821 9.821 19.64 0 0 0 9.821 0 0 0 0 0
1 355.8 144.2 182.7 86.54 48.08 19.23 57.69 9.616 28.85 9.616 0 0 0 9.616 0 9.616 0 0 0 0
1 349.6 308.5 123.4 82.27 71.98 41.13 20.57 10.28 0 0 0 0 10.28 0 10.28 0 0 0 0 0
1 654.3 351.1 207.5 63.84 95.76 95.76 0 31.92 31.92 31.92 15.96 0 15.96 0 0 0 0 0 0 0
1 307.2 279.2 83.77 102.4 27.92 37.23 55.85 9.308 9.308 9.308 0 9.308 0 0 0 0 0 0 0 0
1 399.3 291.4 161.9 86.34 86.34 0 21.59 0 10.79 10.79 0 0 10.79 0 0 0 0 0 0 0
1 778.1 453.9 281 345.8 86.45 86.45 86.45 0 0 43.23 0 0 0 0 0 0 0 0 0 0
1 354.9 245.7 232 218.4 177.4 40.95 68.25 13.65 0 0 0 0 13.65 0 0 0 0 0 0 0
1 262.3 166.1 104.9 96.17 78.69 78.69 34.97 34.97 0 0 8.743 0 0 0 8.743 0 0 0 0 0
1 826.5 281 198.4 132.2 66.12 49.59 49.59 16.53 0 16.53 0 0 0 16.53 0 0 0 0 0 0
1 457.6 599.6 126.2 110.5 78.89 47.34 63.11 63.11 15.78 0 0 0 0 15.78 0 0 0 0 0 0
1 722.3 451.4 586.8 180.6 135.4 67.71 22.57 22.57 0 67.71 0 0 0 0 0 0 0 0 0 0
1 356.1 525.6 254.3 237.4 101.7 50.87 84.78 0 50.87 16.96 16.96 0 0 0 0 0 0 0 0 0
1 285.3 246.4 298.3 129.7 168.6 64.85 64.85 25.94 12.97 0 0 0 0 0 0 0 0 0 0 0
1 297.8 157.6 122.6 61.31 78.82 78.82 17.52 35.03 17.52 0 8.758 0 0 0 0 0 0 0 0 0
1 434.2 467.6 183.7 150.3 133.6 133.6 66.8 33.4 16.7 0 16.7 33.4 0 0 0 0 0 0 0 0
1 357.1 195.8 241.9 80.63 57.59 69.11 34.55 57.59 11.52 34.55 11.52 0 0 0 0 0 0 0 0 0
1 286.3 147 92.85 77.37 46.42 23.21 30.95 30.95 15.47 7.737 0 0 0 7.737 7.737 0 0 0 0 0
1 462.9 161 140.9 80.5 60.37 20.12 20.12 20.12 10.06 20.12 0 0 0 10.06 0 0 0 0 0 0
1 250.3 603.6 132.5 132.5 147.2 88.33 14.72 14.72 44.17 29.44 0 14.72 0 0 0 0 0 0 0 0
1 287.8 143.9 161.9 107.9 80.93 53.96 17.99 17.99 8.993 8.993 0 8.993 0 0 0 0 0 0 0 0
1 95.48 191 82.75 89.12 70.02 57.29 31.83 6.366 0 6.366 0 0 6.366 0 0 0 0 0 0 0
1 387 110.6 129 36.86 138.2 73.72 18.43 0 0 9.215 0 9.215 0 0 9.215 0 0 0 0 0
1 505.3 294.8 84.22 73.69 21.05 10.53 0 10.53 0 42.11 10.53 0 0 0 0 0 0 0 0 0
1 451.1 404.9 69.41 11.57 57.84 23.14 23.14 57.84 11.57 23.14 23.14 0 0 0 0 0 0 0 0 0
1 475.1 331.1 216 172.8 71.99 14.4 43.19 57.59 14.4 14.4 0 14.4 14.4 0 0 0 0 0 0 0
1 301.4 231.9 243.5 197.1 69.56 11.59 0 23.19 46.37 11.59 0 11.59 0 0 0 0 0 11.59 0 0
1 652.9 352.9 264.7 158.8 211.8 52.94 0 17.65 0 17.65 0 0 35.29 0 0 0 0 0 0 0
1 427.2 469.9 170.9 170.9 99.68 42.72 0 14.24 14.24 0 0 0 0 0 14.24 0 0 0 0 0
1 596.6 282.6 345.4 125.6 62.8 15.7 62.8 31.4 0 0 0 31.4 15.7 0 0 0 0 0 0 0
1 447.5 188.9 109.4 89.5 29.83 39.78 39.78 19.89 9.944 0 9.944 0 0 0 0 0 0 0 0 9.944
1 505.3 341.8 118.9 74.3 118.9 74.3 74.3 74.3 74.3 29.72 0 0 0 0 0 0 0 0 0 0
1 237.9 248.8 205.5 75.71 97.34 129.8 21.63 21.63 10.82 0 0 10.82 21.63 0 0 0 0 0 0 0
1 522.6 71.73 112.7 92.23 51.24 61.49 40.99 20.5 20.5 10.25 0 20.5 0 0 0 0 0 0 0 0
1 283.7 502.9 77.37 77.37 154.7 90.27 25.79 12.9 38.69 25.79 0 0 0 0 0 0 0 0 0 0
