 landings-at-age - landings.n (units : NA )
1	2	
42	100	
1	20	
1 
0.3847 4.523 10.79 5.141 6.938 4.249 4.103 1.246 1.428 0.6963 0.5796 0.48 0.2822 0.1964 0.1107 0.09168 0.05242 0.07035 0.05177 0.0828
0.2557 2.448 7.059 4.874 1.941 2.62 1.604 1.549 0.4706 0.5392 0.2629 0.2188 0.1813 0.1066 0.07418 0.04181 0.03462 0.0198 0.02656 0.05082
0.3438 4.213 9.868 8.309 4.807 1.915 2.584 1.583 1.528 0.4642 0.5318 0.2593 0.2159 0.1788 0.1051 0.07317 0.04124 0.03415 0.01953 0.07633
0.1215 3.522 10.55 7.173 5.053 2.923 1.164 1.571 0.9625 0.9294 0.2823 0.3234 0.1577 0.1313 0.1087 0.06392 0.0445 0.02508 0.02077 0.05829
0.1812 1.821 12.85 11.17 6.357 4.478 2.591 1.032 1.393 0.853 0.8237 0.2502 0.2866 0.1398 0.1163 0.09637 0.05665 0.03944 0.02223 0.07007
0.5379 1.717 4.202 8.558 6.22 3.539 2.493 1.443 0.5746 0.7754 0.4749 0.4586 0.1393 0.1596 0.07783 0.06478 0.05365 0.03154 0.02196 0.05139
0.1515 5.136 4.007 2.845 4.846 3.522 2.004 1.412 0.8168 0.3253 0.4391 0.2689 0.2597 0.07887 0.09037 0.04407 0.03668 0.03038 0.01786 0.04153
0.2765 2.112 17.46 3.959 2.353 4.008 2.913 1.658 1.168 0.6755 0.2691 0.3631 0.2224 0.2148 0.06523 0.07474 0.03645 0.03033 0.02513 0.04912
0.2818 3.196 5.939 14.2 2.692 1.6 2.725 1.98 1.127 0.7939 0.4593 0.1829 0.2469 0.1512 0.146 0.04435 0.05081 0.02478 0.02063 0.05048
0.1894 2.901 8.011 4.304 8.603 1.631 0.9692 1.651 1.2 0.6828 0.481 0.2783 0.1108 0.1496 0.09161 0.08847 0.02687 0.03079 0.01501 0.04308
0.1973 2.324 8.657 6.921 3.11 6.216 1.178 0.7002 1.193 0.867 0.4933 0.3475 0.2011 0.08009 0.1081 0.0662 0.06392 0.01941 0.02224 0.04197
0.3722 2.408 6.88 7.399 4.945 2.222 4.441 0.8418 0.5003 0.8522 0.6194 0.3525 0.2483 0.1437 0.05722 0.07722 0.04729 0.04567 0.01387 0.04588
0.3662 3.713 5.838 4.808 4.319 2.887 1.297 2.592 0.4914 0.292 0.4975 0.3616 0.2057 0.1449 0.08386 0.0334 0.04508 0.02761 0.02666 0.03488
0.225 4.244 10.46 4.75 3.271 2.938 1.964 0.8823 1.764 0.3343 0.1987 0.3384 0.246 0.14 0.0986 0.05705 0.02272 0.03066 0.01878 0.04186
0.5632 2.724 12.46 8.859 3.364 2.316 2.081 1.39 0.6248 1.249 0.2367 0.1407 0.2396 0.1742 0.09911 0.06981 0.04039 0.01609 0.02171 0.04294
0.2836 6.025 7.069 9.312 5.531 2.1 1.446 1.299 0.8681 0.3901 0.7796 0.1478 0.08783 0.1496 0.1087 0.06188 0.04359 0.02522 0.01004 0.04036
0.313 2.984 15.4 5.212 5.737 3.408 1.294 0.8907 0.8002 0.5348 0.2403 0.4803 0.09105 0.05411 0.09217 0.06699 0.03812 0.02685 0.01554 0.03106
0.3058 3.653 8.456 12.6 3.565 3.923 2.33 0.8848 0.6092 0.5473 0.3657 0.1643 0.3285 0.06227 0.037 0.06303 0.04581 0.02607 0.01836 0.03186
0.323 2.86 8.32 5.56 6.924 1.959 2.156 1.281 0.4862 0.3347 0.3007 0.201 0.0903 0.1805 0.03421 0.02033 0.03464 0.02517 0.01432 0.0276
0.2771 3.455 7.464 6.296 3.52 4.383 1.24 1.365 0.8105 0.3077 0.2119 0.1903 0.1272 0.05716 0.1142 0.02166 0.01287 0.02192 0.01593 0.02654
0.1364 2.325 7.109 4.462 3.148 1.76 2.192 0.62 0.6824 0.4054 0.1539 0.106 0.09519 0.06362 0.02859 0.05714 0.01083 0.006436 0.01096 0.02124
0.2157 1.612 6.743 6.017 3.164 2.232 1.248 1.554 0.4396 0.4839 0.2874 0.1091 0.07513 0.06749 0.04511 0.02027 0.04051 0.007679 0.004563 0.02283
0.3417 3.791 6.893 8.391 6.271 3.297 2.327 1.301 1.62 0.4582 0.5043 0.2996 0.1137 0.07831 0.07035 0.04702 0.02113 0.04223 0.008004 0.02856
0.158 2.539 6.887 3.618 3.68 2.751 1.446 1.021 0.5705 0.7104 0.201 0.2212 0.1314 0.04988 0.03434 0.03085 0.02062 0.009265 0.01852 0.01603
0.1599 1.46 5.766 4.559 2.006 2.04 1.525 0.8017 0.5657 0.3163 0.3938 0.1114 0.1226 0.07284 0.02765 0.01904 0.01711 0.01143 0.005136 0.01916
0.4704 3.16 7.032 8.099 5.366 2.361 2.401 1.795 0.9435 0.6658 0.3722 0.4635 0.1311 0.1443 0.08572 0.03255 0.02241 0.02013 0.01345 0.02859
0.1634 3.506 5.76 3.706 3.567 2.363 1.04 1.058 0.7904 0.4156 0.2932 0.1639 0.2041 0.05775 0.06356 0.03775 0.01433 0.009869 0.008866 0.01852
0.2268 1.916 10.07 4.823 2.599 2.501 1.657 0.729 0.7415 0.5542 0.2914 0.2056 0.115 0.1431 0.04049 0.04457 0.02647 0.01005 0.00692 0.0192
0.3788 3.075 6.341 9.701 3.889 2.096 2.017 1.336 0.5879 0.598 0.4469 0.235 0.1658 0.0927 0.1154 0.03265 0.03594 0.02135 0.008105 0.02106
0.3892 4.246 8.404 5.025 6.43 2.578 1.389 1.337 0.8857 0.3897 0.3964 0.2962 0.1557 0.1099 0.06144 0.07651 0.02164 0.02382 0.01415 0.01933
0.3882 3.816 10.17 5.841 2.921 3.738 1.499 0.8075 0.7772 0.5149 0.2265 0.2304 0.1722 0.09055 0.0639 0.03572 0.04448 0.01258 0.01385 0.01947
0.1602 3.454 8.332 6.465 3.107 1.554 1.988 0.7971 0.4295 0.4134 0.2739 0.1205 0.1226 0.09159 0.04816 0.03398 0.019 0.02366 0.006692 0.01772
0.634 3.066 16.09 11.31 7.355 3.534 1.767 2.262 0.9068 0.4886 0.4703 0.3116 0.1371 0.1394 0.1042 0.05479 0.03866 0.02161 0.02691 0.02777
0.4416 5.347 6.308 9.561 5.616 3.651 1.754 0.8774 1.123 0.4501 0.2425 0.2334 0.1547 0.06804 0.06921 0.05173 0.0272 0.01919 0.01073 0.02715
0.2699 4.605 13.64 4.678 5.934 3.486 2.266 1.089 0.5445 0.6969 0.2794 0.1505 0.1449 0.09599 0.04223 0.04296 0.0321 0.01688 0.01191 0.02351
0.3475 4.02 16.71 14.38 4.128 5.237 3.076 2 0.9609 0.4806 0.615 0.2465 0.1328 0.1279 0.08471 0.03727 0.03791 0.02833 0.0149 0.03126
0.3364 3.938 11.07 13.29 9.563 2.745 3.482 2.045 1.33 0.6389 0.3195 0.4089 0.1639 0.08833 0.08501 0.05633 0.02478 0.02521 0.01884 0.03069
0.239 3.854 10.96 8.892 8.921 6.42 1.843 2.338 1.373 0.8927 0.4289 0.2145 0.2745 0.1101 0.0593 0.05707 0.03781 0.01664 0.01692 0.03325
0.2764 2.475 9.703 7.961 5.399 5.416 3.898 1.119 1.419 0.8337 0.542 0.2604 0.1302 0.1667 0.06682 0.036 0.03465 0.02296 0.0101 0.03046
0.2173 2.968 6.47 7.336 5.032 3.413 3.423 2.464 0.7072 0.8971 0.527 0.3426 0.1646 0.08232 0.1053 0.04223 0.02276 0.0219 0.01451 0.02564
0.1795 1.847 6.17 3.898 3.696 2.535 1.719 1.725 1.241 0.3563 0.4519 0.2655 0.1726 0.08293 0.04147 0.05307 0.02128 0.01146 0.01103 0.02023
0.2152 2.056 5.179 5.04 2.666 2.528 1.734 1.176 1.18 0.849 0.2437 0.3091 0.1816 0.118 0.05672 0.02837 0.0363 0.01455 0.007841 0.02138
0.3262 3.136 7.304 5.351 4.36 2.306 2.187 1.5 1.017 1.021 0.7345 0.2108 0.2674 0.1571 0.1021 0.04907 0.02454 0.0314 0.01259 0.02528
0.2973 3.574 8.364 5.636 3.453 2.813 1.488 1.411 0.9678 0.6564 0.6585 0.4739 0.136 0.1725 0.1014 0.06589 0.03166 0.01583 0.02026 0.02443
0.2254 3.084 9.038 6.124 3.451 2.114 1.723 0.9112 0.8639 0.5926 0.4019 0.4032 0.2902 0.08328 0.1056 0.06206 0.04034 0.01939 0.009694 0.02737
0.1112 2.008 6.727 5.722 3.243 1.828 1.12 0.9123 0.4826 0.4575 0.3138 0.2128 0.2135 0.1537 0.04411 0.05595 0.03287 0.02137 0.01027 0.01963
0.2094 1.059 4.697 4.589 3.269 1.853 1.044 0.6396 0.5212 0.2757 0.2614 0.1793 0.1216 0.122 0.08779 0.0252 0.03196 0.01878 0.01221 0.01708
0.2819 3.778 4.663 6.034 4.94 3.519 1.995 1.124 0.6885 0.5611 0.2968 0.2814 0.193 0.1309 0.1313 0.0945 0.02712 0.03441 0.02021 0.03152
0.3795 3.6 11.71 4.177 4.519 3.7 2.635 1.494 0.8418 0.5157 0.4202 0.2223 0.2107 0.1445 0.09803 0.09835 0.07078 0.02032 0.02577 0.03875
0.5187 4.361 10.02 9.389 2.799 3.028 2.479 1.766 1.001 0.564 0.3455 0.2815 0.1489 0.1412 0.09684 0.06568 0.06589 0.04742 0.01361 0.04323
0.3714 5.162 10.54 6.975 5.457 1.627 1.76 1.441 1.026 0.5817 0.3278 0.2008 0.1636 0.08655 0.08206 0.05629 0.03817 0.0383 0.02756 0.03303
0.2118 2.873 9.768 5.768 3.191 2.496 0.7442 0.8051 0.6591 0.4695 0.2661 0.15 0.09186 0.07486 0.0396 0.03754 0.02575 0.01746 0.01752 0.02772
0.1233 2.006 6.684 6.625 3.276 1.812 1.418 0.4227 0.4573 0.3743 0.2667 0.1512 0.08517 0.05218 0.04252 0.02249 0.02132 0.01463 0.009919 0.0257
0.1179 1.474 5.89 5.736 4.764 2.356 1.303 1.02 0.3039 0.3288 0.2692 0.1918 0.1087 0.06125 0.03752 0.03058 0.01617 0.01533 0.01052 0.02561
0.1872 1.65 5.049 5.888 4.803 3.989 1.973 1.091 0.8538 0.2545 0.2754 0.2254 0.1606 0.09102 0.05129 0.03142 0.0256 0.01354 0.01284 0.03025
0.3523 2.579 5.539 4.92 4.801 3.917 3.253 1.609 0.89 0.6963 0.2075 0.2245 0.1838 0.1309 0.07422 0.04182 0.02562 0.02088 0.01104 0.03514
0.4532 4.51 8.008 4.966 3.688 3.599 2.936 2.439 1.206 0.6671 0.5219 0.1556 0.1683 0.1378 0.09815 0.05564 0.03135 0.01921 0.01565 0.03462
0.2905 3.256 7.914 4.053 2.099 1.559 1.521 1.241 1.031 0.5097 0.282 0.2206 0.06576 0.07114 0.05824 0.04149 0.02352 0.01325 0.008118 0.02125
0.217 3.193 8.766 6.205 2.66 1.378 1.023 0.9986 0.8146 0.6766 0.3346 0.1851 0.1448 0.04317 0.0467 0.03823 0.02723 0.01544 0.008699 0.01928
