 landings-at-age - landings.n (units : NA )
1	2	
2	100	
1	20	
1 
0.02659 0.2984 0.8352 0.6934 0.4839 0.3377 0.2357 0.1644 0.1148 0.08008 0.05589 0.039 0.02722 0.01899 0.01325 0.009249 0.006454 0.004504 0.003143 0.007259
0.00407 0.05216 0.1462 0.1214 0.08475 0.05914 0.04127 0.0288 0.0201 0.01403 0.009787 0.00683 0.004766 0.003326 0.002321 0.00162 0.00113 0.0007888 0.0005504 0.001271
0.004396 0.0457 0.1464 0.1219 0.08515 0.05942 0.04147 0.02894 0.02019 0.01409 0.009834 0.006862 0.004789 0.003342 0.002332 0.001627 0.001136 0.0007925 0.000553 0.001277
0.004114 0.04936 0.1282 0.122 0.08549 0.0597 0.04166 0.02907 0.02029 0.01416 0.00988 0.006895 0.004811 0.003358 0.002343 0.001635 0.001141 0.0007963 0.0005557 0.001283
0.002304 0.0462 0.1385 0.1069 0.08557 0.05994 0.04186 0.02921 0.02038 0.01423 0.009927 0.006927 0.004834 0.003374 0.002354 0.001643 0.001146 8e-04 0.0005583 0.001289
0.002912 0.02587 0.1296 0.1155 0.07498 0.06 0.04203 0.02935 0.02048 0.01429 0.009974 0.00696 0.004857 0.00339 0.002365 0.001651 0.001152 0.0008038 0.0005609 0.001295
0.007678 0.0327 0.07259 0.1081 0.08097 0.05257 0.04207 0.02947 0.02058 0.01436 0.01002 0.006993 0.00488 0.003406 0.002377 0.001658 0.001157 0.0008076 0.0005636 0.001302
0.004241 0.08621 0.09176 0.06053 0.07579 0.05677 0.03686 0.0295 0.02066 0.01443 0.01007 0.007026 0.004903 0.003422 0.002388 0.001666 0.001163 0.0008114 0.0005663 0.001308
0.003551 0.04762 0.2419 0.07652 0.04244 0.05314 0.03981 0.02584 0.02068 0.01449 0.01012 0.00706 0.004926 0.003438 0.002399 0.001674 0.001168 0.0008153 0.0005689 0.001314
0.004253 0.03987 0.1336 0.2017 0.05365 0.02976 0.03726 0.02791 0.01812 0.0145 0.01016 0.007093 0.00495 0.003454 0.00241 0.001682 0.001174 0.0008191 0.0005716 0.00132
0.006586 0.04775 0.1119 0.1114 0.1414 0.03762 0.02086 0.02612 0.01957 0.0127 0.01017 0.007121 0.004973 0.003471 0.002422 0.00169 0.001179 0.000823 0.0005743 0.001326
0.002841 0.07395 0.134 0.09329 0.07812 0.09916 0.02637 0.01463 0.01832 0.01372 0.008908 0.007128 0.004993 0.003487 0.002433 0.001698 0.001185 0.0008269 0.0005771 0.001333
0.005145 0.0319 0.2075 0.1117 0.06541 0.05478 0.06953 0.01849 0.01026 0.01284 0.00962 0.006246 0.004998 0.003501 0.002445 0.001706 0.001191 0.0008308 0.0005798 0.001339
0.004274 0.05777 0.08951 0.173 0.07834 0.04586 0.03841 0.04875 0.01297 0.007191 0.009005 0.006745 0.004379 0.003504 0.002455 0.001714 0.001196 0.0008348 0.0005825 0.001345
0.003079 0.04799 0.1621 0.07464 0.1213 0.05493 0.03215 0.02693 0.03418 0.009091 0.005042 0.006314 0.004729 0.00307 0.002457 0.001721 0.001202 0.0008387 0.0005853 0.001352
0.002398 0.03458 0.1347 0.1352 0.05233 0.08506 0.03851 0.02255 0.01888 0.02397 0.006374 0.003535 0.004427 0.003316 0.002153 0.001723 0.001207 0.0008427 0.0005881 0.001358
0.004201 0.02692 0.09702 0.1123 0.09477 0.03669 0.05964 0.027 0.01581 0.01324 0.0168 0.004469 0.002479 0.003104 0.002325 0.001509 0.001208 0.000846 0.0005908 0.001365
0.00321 0.04717 0.07554 0.0809 0.07874 0.06645 0.02573 0.04182 0.01893 0.01108 0.009282 0.01178 0.003133 0.001738 0.002176 0.00163 0.001058 0.0008469 0.0005932 0.001371
0.004066 0.03604 0.1324 0.06299 0.05672 0.05521 0.04659 0.01804 0.02932 0.01328 0.007771 0.006508 0.00826 0.002197 0.001219 0.001526 0.001143 0.000742 0.0005938 0.001377
0.005247 0.04565 0.1011 0.1104 0.04417 0.03977 0.03871 0.03267 0.01265 0.02056 0.009308 0.005449 0.004563 0.005792 0.00154 0.0008544 0.00107 0.0008014 0.0005203 0.001382
0.004958 0.05892 0.1281 0.08433 0.07738 0.03097 0.02789 0.02714 0.0229 0.008868 0.01441 0.006526 0.00382 0.003199 0.004061 0.00108 0.000599 0.0007501 0.0005619 0.001334
0.003312 0.05567 0.1653 0.1068 0.05912 0.05426 0.02171 0.01955 0.01903 0.01606 0.006218 0.01011 0.004576 0.002679 0.002243 0.002847 0.0007573 0.00042 0.0005259 0.001329
0.00341 0.03719 0.1562 0.1379 0.07489 0.04145 0.03804 0.01522 0.01371 0.01334 0.01126 0.004359 0.007086 0.003208 0.001878 0.001573 0.001996 0.0005309 0.0002945 0.001301
0.005897 0.03829 0.1043 0.1303 0.09666 0.05251 0.02907 0.02667 0.01067 0.009612 0.009355 0.007895 0.003057 0.004968 0.002249 0.001317 0.001103 0.0014 0.0003723 0.001118
0.003116 0.06622 0.1074 0.08701 0.09133 0.06777 0.03682 0.02038 0.0187 0.007484 0.006739 0.006559 0.005535 0.002143 0.003483 0.001577 0.0009232 0.0007732 0.0009814 0.001045
0.003739 0.03499 0.1858 0.08959 0.06101 0.06404 0.04752 0.02581 0.01429 0.01311 0.005247 0.004725 0.004599 0.003881 0.001503 0.002442 0.001106 0.0006473 0.0005421 0.001421
0.003851 0.04198 0.09818 0.1549 0.06281 0.04278 0.0449 0.03332 0.0181 0.01002 0.009193 0.003679 0.003313 0.003224 0.002721 0.001054 0.001712 0.0007753 0.0004539 0.001376
0.004983 0.04324 0.1178 0.08187 0.1086 0.04404 0.02999 0.03148 0.02336 0.01269 0.007024 0.006446 0.00258 0.002323 0.002261 0.001908 0.0007387 0.001201 0.0005436 0.001283
0.004284 0.05595 0.1213 0.09824 0.0574 0.07617 0.03088 0.02103 0.02207 0.01638 0.008898 0.004925 0.00452 0.001809 0.001629 0.001585 0.001338 0.0005179 0.0008418 0.001281
0.005042 0.0481 0.157 0.1012 0.06888 0.04025 0.05341 0.02165 0.01474 0.01548 0.01148 0.006239 0.003453 0.003169 0.001268 0.001142 0.001111 0.0009379 0.0003631 0.001488
0.003363 0.05661 0.135 0.1309 0.07094 0.04829 0.02822 0.03745 0.01518 0.01034 0.01085 0.008052 0.004374 0.002421 0.002222 0.0008892 0.0008006 0.0007792 0.0006576 0.001298
0.004274 0.03776 0.1588 0.1125 0.09179 0.04974 0.03386 0.01979 0.02625 0.01064 0.007248 0.007608 0.005646 0.003067 0.001698 0.001558 0.0006234 0.0005614 0.0005464 0.001371
0.005018 0.04799 0.1059 0.1325 0.07891 0.06436 0.03488 0.02374 0.01387 0.01841 0.007463 0.005082 0.005334 0.003958 0.00215 0.00119 0.001092 0.0004371 0.0003936 0.001345
0.004918 0.05635 0.1347 0.08835 0.09287 0.05533 0.04512 0.02445 0.01665 0.009727 0.01291 0.005232 0.003563 0.00374 0.002775 0.001508 0.0008345 0.0007658 0.0003065 0.001219
0.003397 0.05522 0.1581 0.1123 0.06194 0.06512 0.03879 0.03164 0.01715 0.01167 0.00682 0.009049 0.003669 0.002498 0.002622 0.001946 0.001057 0.0005851 0.0005369 0.001069
0.002934 0.03814 0.155 0.1318 0.07873 0.04343 0.04566 0.0272 0.02218 0.01202 0.008183 0.004782 0.006345 0.002572 0.001752 0.001839 0.001364 0.0007412 0.0004103 0.001126
0.002373 0.03294 0.107 0.1292 0.09244 0.0552 0.03045 0.03201 0.01907 0.01555 0.008429 0.005738 0.003353 0.004449 0.001804 0.001228 0.001289 0.0009566 0.0005197 0.001077
0.005368 0.02664 0.09243 0.08925 0.0906 0.06482 0.0387 0.02135 0.02244 0.01337 0.0109 0.00591 0.004023 0.002351 0.003119 0.001265 0.0008611 0.0009039 0.0006707 0.00112
0.004426 0.06027 0.07476 0.07708 0.06258 0.06352 0.04544 0.02714 0.01497 0.01574 0.009375 0.007646 0.004144 0.002821 0.001648 0.002187 0.0008866 0.0006038 0.0006337 0.001255
0.004554 0.04969 0.1691 0.06234 0.05404 0.04387 0.04454 0.03186 0.01903 0.0105 0.01103 0.006573 0.005361 0.002905 0.001978 0.001156 0.001533 0.0006216 0.0004233 0.001325
0.003877 0.05113 0.1394 0.141 0.04371 0.03789 0.03076 0.03123 0.02234 0.01334 0.007359 0.007736 0.004609 0.003759 0.002037 0.001387 0.0008103 0.001075 0.0004359 0.001226
5.999e-08 4.982e-07 1.643e-06 1.331e-06 1.132e-06 3.509e-07 3.042e-07 2.47e-07 2.507e-07 1.794e-07 1.071e-07 5.909e-08 6.211e-08 3.7e-08 3.018e-08 1.635e-08 1.113e-08 6.505e-09 8.632e-09 1.334e-08
0.04682 0.8691 1.797 1.759 1.199 1.02 0.316 0.2739 0.2224 0.2258 0.1615 0.09645 0.0532 0.05593 0.03332 0.02717 0.01473 0.01002 0.005858 0.01978
0.11 1.048 4.815 2.938 2.416 1.647 1.4 0.434 0.3763 0.3055 0.3101 0.2218 0.1325 0.07308 0.07682 0.04577 0.03732 0.02023 0.01377 0.03522
0.1629 1.844 4.323 5.827 2.982 2.452 1.672 1.421 0.4405 0.3819 0.3101 0.3148 0.2252 0.1345 0.07418 0.07798 0.04646 0.03789 0.02053 0.04973
0.2123 2.425 6.71 4.588 5.181 2.652 2.18 1.486 1.264 0.3917 0.3395 0.2757 0.2798 0.2002 0.1195 0.06595 0.06932 0.0413 0.03368 0.06246
0.3152 2.957 8.211 6.587 3.768 4.255 2.178 1.791 1.22 1.038 0.3217 0.2789 0.2264 0.2298 0.1644 0.09818 0.05416 0.05693 0.03392 0.07896
0.5024 4.209 9.541 7.633 5.117 2.927 3.305 1.692 1.391 0.9481 0.8062 0.2499 0.2166 0.1759 0.1785 0.1277 0.07627 0.04207 0.04423 0.08769
0.4342 6.511 13.11 8.508 5.681 3.808 2.178 2.46 1.259 1.035 0.7056 0.6 0.186 0.1612 0.1309 0.1329 0.09505 0.05676 0.03131 0.09817
0.59 5.503 19.71 11.29 6.111 4.08 2.735 1.565 1.767 0.9043 0.7436 0.5068 0.431 0.1336 0.1158 0.09401 0.09543 0.06828 0.04077 0.09301
0.7625 7.35 16.28 16.5 7.869 4.258 2.843 1.906 1.09 1.231 0.63 0.5181 0.3531 0.3003 0.09307 0.08068 0.0655 0.06649 0.04757 0.09321
1.066 9.368 21.32 13.28 11.19 5.336 2.887 1.928 1.292 0.7392 0.8347 0.4272 0.3513 0.2394 0.2036 0.0631 0.05471 0.04441 0.04508 0.09545
0.8244 12.94 26.7 16.98 8.783 7.399 3.529 1.91 1.275 0.8547 0.4889 0.5521 0.2826 0.2323 0.1584 0.1347 0.04174 0.03618 0.02938 0.09295
0.786 9.913 36.32 20.81 10.98 5.677 4.783 2.281 1.234 0.8241 0.5524 0.316 0.3568 0.1826 0.1502 0.1024 0.08704 0.02698 0.02339 0.07907
1.132 9.371 27.42 27.74 13.16 6.942 3.59 3.025 1.443 0.7805 0.5212 0.3494 0.1999 0.2257 0.1155 0.09498 0.06473 0.05505 0.01706 0.0648
1.511 13.4 25.58 20.54 17.18 8.155 4.301 2.224 1.874 0.8936 0.4835 0.3229 0.2164 0.1238 0.1398 0.07155 0.05884 0.0401 0.0341 0.05071
0.9043 17.76 36.12 18.81 12.47 10.44 4.952 2.612 1.351 1.138 0.5427 0.2936 0.1961 0.1314 0.07519 0.08489 0.04345 0.03573 0.02435 0.0515
1.278 10.57 47.32 26.09 11.2 7.431 6.217 2.95 1.556 0.8046 0.6779 0.3233 0.1749 0.1168 0.07829 0.04479 0.05057 0.02588 0.02129 0.04519
0.8688 14.85 27.84 33.59 15.25 6.551 4.345 3.635 1.725 0.9097 0.4704 0.3963 0.189 0.1023 0.06829 0.04578 0.02619 0.02957 0.01513 0.03887
1.448 10.04 38.71 19.43 19.28 8.757 3.761 2.495 2.087 0.9903 0.5223 0.2701 0.2275 0.1085 0.05872 0.03921 0.02628 0.01504 0.01698 0.031
0.8319 16.66 25.91 26.58 10.96 10.88 4.938 2.121 1.407 1.177 0.5585 0.2945 0.1523 0.1283 0.0612 0.03312 0.02211 0.01482 0.00848 0.02706
1.777 9.07 40.65 16.74 14.08 5.807 5.763 2.617 1.124 0.7455 0.6237 0.296 0.1561 0.08072 0.06801 0.03243 0.01755 0.01172 0.007855 0.01883
1.124 19.38 22.13 26.25 8.87 7.464 3.077 3.054 1.387 0.5957 0.3951 0.3305 0.1568 0.08272 0.04278 0.03604 0.01719 0.0093 0.00621 0.01414
0.469 12.26 47.28 14.29 13.91 4.701 3.955 1.631 1.619 0.735 0.3157 0.2094 0.1752 0.08312 0.04383 0.02267 0.0191 0.009109 0.004929 0.01079
1.026 5.113 29.91 30.54 7.575 7.373 2.491 2.096 0.8642 0.8578 0.3895 0.1673 0.111 0.09282 0.04405 0.02323 0.01201 0.01012 0.004827 0.008328
0.913 11.19 12.48 19.32 16.18 4.014 3.907 1.32 1.111 0.458 0.4546 0.2064 0.08866 0.0588 0.04919 0.02334 0.01231 0.006367 0.005364 0.006972
1.004 9.954 27.3 8.059 10.24 8.576 2.127 2.071 0.6996 0.5886 0.2427 0.2409 0.1094 0.04698 0.03116 0.02607 0.01237 0.006524 0.003374 0.006537
0.694 10.94 24.29 17.63 4.271 5.425 4.545 1.127 1.097 0.3707 0.3119 0.1286 0.1277 0.05797 0.0249 0.01651 0.01381 0.006556 0.003457 0.005252
0.8569 7.566 26.7 15.69 9.345 2.263 2.875 2.409 0.5974 0.5815 0.1965 0.1653 0.06816 0.06765 0.03072 0.01319 0.008751 0.007321 0.003474 0.004616
0.5016 9.341 18.46 17.24 8.313 4.952 1.199 1.524 1.276 0.3166 0.3082 0.1041 0.0876 0.03612 0.03585 0.01628 0.006992 0.004637 0.00388 0.004287
0.9284 5.468 22.79 11.92 9.138 4.405 2.625 0.6356 0.8074 0.6764 0.1678 0.1633 0.05517 0.04643 0.01914 0.019 0.008627 0.003706 0.002458 0.004328
0.6213 10.12 13.34 14.72 6.319 4.842 2.335 1.391 0.3368 0.4279 0.3585 0.08891 0.08654 0.02924 0.0246 0.01014 0.01007 0.004572 0.001964 0.003596
1.147 6.774 24.7 8.618 7.802 3.349 2.566 1.237 0.7371 0.1785 0.2267 0.19 0.04712 0.04586 0.01549 0.01304 0.005376 0.005336 0.002423 0.002946
0.755 12.51 16.53 15.95 4.567 4.134 1.775 1.36 0.6556 0.3906 0.09459 0.1202 0.1007 0.02497 0.0243 0.008211 0.006909 0.002849 0.002828 0.002845
0.7779 8.231 30.52 10.68 8.453 2.42 2.191 0.9404 0.7207 0.3474 0.207 0.05013 0.06368 0.05335 0.01323 0.01288 0.004352 0.003662 0.00151 0.003006
0.4418 8.48 20.08 19.71 5.657 4.48 1.283 1.161 0.4984 0.3819 0.1841 0.1097 0.02656 0.03375 0.02827 0.007012 0.006826 0.002306 0.00194 0.002393
0.6192 4.816 20.69 12.97 10.45 2.998 2.374 0.6797 0.6153 0.2641 0.2024 0.09758 0.05813 0.01408 0.01788 0.01498 0.003716 0.003617 0.001222 0.002297
0.6437 6.75 11.75 13.36 6.874 5.536 1.589 1.258 0.3602 0.3261 0.14 0.1073 0.05171 0.03081 0.00746 0.009477 0.007939 0.001969 0.001917 0.001865
0.8994 7.018 16.47 7.59 7.083 3.643 2.934 0.842 0.6667 0.1909 0.1728 0.07417 0.05684 0.0274 0.01633 0.003954 0.005022 0.004207 0.001044 0.002004
0.6352 9.805 17.12 10.64 4.022 3.753 1.931 1.555 0.4462 0.3533 0.1012 0.09157 0.0393 0.03012 0.01452 0.008651 0.002095 0.002661 0.00223 0.001615
0.9656 6.76 23.4 10.82 5.517 2.086 1.946 1.001 0.8062 0.2314 0.1832 0.05245 0.04749 0.02038 0.01562 0.007531 0.004486 0.001087 0.00138 0.001994
1.137 10.28 16.18 14.87 5.648 2.879 1.088 1.016 0.5224 0.4207 0.1207 0.09561 0.02737 0.02478 0.01064 0.008151 0.00393 0.002341 0.000567 0.001761
0.7653 12.11 24.66 10.34 7.81 2.965 1.512 0.5715 0.5333 0.2743 0.2209 0.0634 0.0502 0.01437 0.01301 0.005585 0.00428 0.002063 0.001229 0.001222
0.4456 8.147 29.13 15.85 5.463 4.126 1.567 0.7987 0.302 0.2818 0.1449 0.1167 0.0335 0.02652 0.007593 0.006875 0.002951 0.002261 0.00109 0.001295
0.8274 4.743 19.65 18.83 8.426 2.904 2.194 0.8328 0.4245 0.1605 0.1498 0.07704 0.06204 0.01781 0.0141 0.004037 0.003654 0.001569 0.001202 0.001268
0.9555 8.806 11.47 12.77 10.07 4.507 1.553 1.173 0.4454 0.2271 0.08585 0.08011 0.0412 0.03318 0.009523 0.007541 0.002159 0.001955 0.0008389 0.001321
0.4287 10.17 21.36 7.496 6.872 5.418 2.425 0.8357 0.6312 0.2397 0.1222 0.04619 0.0431 0.02217 0.01785 0.005124 0.004058 0.001162 0.001052 0.001162
0.5783 4.562 24.72 14.03 4.057 3.72 2.933 1.313 0.4524 0.3417 0.1297 0.06614 0.025 0.02333 0.012 0.009665 0.002774 0.002196 0.0006288 0.001198
0.6038 6.153 11.12 16.33 7.639 2.209 2.026 1.597 0.7148 0.2464 0.1861 0.07065 0.03601 0.01362 0.01271 0.006535 0.005263 0.00151 0.001196 0.000995
0.5834 6.422 15.03 7.381 8.943 4.185 1.21 1.11 0.8748 0.3915 0.1349 0.1019 0.0387 0.01973 0.007458 0.00696 0.00358 0.002883 0.0008274 0.0012
0.7825 6.203 15.73 10.03 4.067 4.927 2.305 0.6668 0.6114 0.482 0.2157 0.07435 0.05615 0.02132 0.01087 0.004109 0.003834 0.001972 0.001588 0.001117
0.4008 8.316 15.23 10.55 5.559 2.254 2.73 1.278 0.3695 0.3388 0.2671 0.1195 0.0412 0.03112 0.01181 0.006023 0.002277 0.002125 0.001093 0.001499
1.085 4.258 20.46 10.27 5.879 3.098 1.256 1.522 0.712 0.2059 0.1888 0.1488 0.06662 0.02296 0.01734 0.006584 0.003356 0.001269 0.001184 0.001445
0.3433 11.52 10.5 13.86 5.753 3.295 1.736 0.7038 0.8528 0.399 0.1154 0.1058 0.08341 0.03733 0.01287 0.009718 0.00369 0.001881 0.0007111 0.001473
0.6348 3.642 28.46 7.146 7.811 3.242 1.857 0.9784 0.3966 0.4805 0.2248 0.06502 0.05962 0.047 0.02104 0.00725 0.005476 0.002079 0.00106 0.001231
0.7224 6.73 9.015 19.47 4.049 4.425 1.836 1.052 0.5543 0.2247 0.2722 0.1274 0.03684 0.03378 0.02663 0.01192 0.004107 0.003102 0.001178 0.001298
0.7569 7.652 16.69 6.196 11.09 2.306 2.52 1.046 0.599 0.3157 0.128 0.155 0.07254 0.02098 0.01924 0.01516 0.006788 0.002339 0.001767 0.00141
0.5235 8.01 19.01 11.52 3.547 6.347 1.32 1.443 0.5987 0.3429 0.1807 0.07325 0.08875 0.04153 0.01201 0.01101 0.008681 0.003885 0.001339 0.001819
0.3187 5.533 19.92 13.18 6.628 2.041 3.651 0.7594 0.83 0.3444 0.1973 0.104 0.04214 0.05106 0.02389 0.006909 0.006335 0.004994 0.002235 0.001817
