Originally  
101 
A 
42	100	
1	1	NA	NA	
1	20	
1 0.03535 0.1532 0.3299 0.1649 0.1532 0.1178 0.07069 0.03535 0.01178 0.02356 0.01178 0.02356 0 0.01178 0.02356 0 0 0.01178 0 0
1 0.06884 0.1549 0.5335 0.2409 0.1893 0.2581 0.06884 0.06884 0.06884 0 0.01721 0 0.03442 0.01721 0 0 0 0 0 0
1 0.03728 0.0994 0.3603 0.2982 0.174 0.1243 0.06213 0.02485 0.02485 0.01243 0 0.01243 0 0.01243 0 0 0 0 0 0
1 0.02725 0.1771 0.2998 0.2589 0.218 0.09539 0.1226 0.06813 0 0.04088 0 0.02725 0.01363 0.01363 0 0 0 0 0 0
1 0 0.1472 0.3827 0.3091 0.1619 0.1766 0.07359 0.05888 0.07359 0.04416 0 0.01472 0 0 0 0.01472 0 0 0 0.01472
1 0.04509 0.1127 0.3494 0.1916 0.1465 0.124 0.05636 0.04509 0.01127 0.03382 0.01127 0 0 0 0 0 0 0 0 0
1 0.03369 0.2021 0.3874 0.3537 0.2021 0.2526 0.06737 0.03369 0.01684 0.05053 0.05053 0.03369 0 0 0 0 0 0 0 0
1 0.0418 0.1254 0.3205 0.3762 0.1811 0.1533 0.02787 0.0418 0.0418 0.02787 0.01393 0.02787 0.01393 0 0 0 0 0 0 0
1 0.03655 0.3473 0.4569 0.3473 0.201 0.1097 0.1097 0.07311 0.01828 0.03655 0.05483 0.01828 0 0.01828 0 0 0 0 0 0
1 0.03055 0.1833 0.4888 0.2597 0.2902 0.09165 0.0611 0.04583 0.01528 0.03055 0.03055 0 0 0 0 0 0 0 0 0
1 0.03354 0.2851 0.4527 0.2851 0.2012 0.1677 0.0503 0.03354 0.0503 0.01677 0.03354 0.03354 0.01677 0 0 0.01677 0 0 0 0
1 0.03146 0.1258 0.4247 0.3303 0.2674 0.1101 0.07864 0.04719 0.03146 0.03146 0.04719 0.01573 0 0.01573 0 0 0 0 0.01573 0
1 0.03915 0.3328 0.5481 0.4698 0.1957 0.05872 0.1762 0.01957 0.01957 0.01957 0.01957 0.01957 0.01957 0 0 0.01957 0 0 0 0
1 0.1164 0.1358 0.4462 0.388 0.291 0.2716 0.1164 0.097 0.0582 0 0 0 0 0 0.0194 0 0 0 0 0
1 0.07398 0.3946 0.6905 0.4439 0.1973 0.1233 0.1726 0.148 0.04932 0.07398 0.07398 0 0 0 0 0 0.02466 0 0 0
1 0.05564 0.2411 0.3709 0.5008 0.2782 0.1298 0.09274 0.01855 0.03709 0.09274 0.01855 0 0 0 0 0 0 0 0 0.01855
1 0.06031 0.2563 0.3016 0.2714 0.1659 0.1206 0.1206 0.01508 0.07539 0.04523 0.01508 0.03016 0.01508 0 0 0.01508 0 0 0 0
1 0 0.1465 0.3996 0.2398 0.1066 0.1599 0.09325 0.05329 0.05329 0.03996 0 0 0.02664 0.01332 0 0 0 0 0 0
1 0.02683 0.2281 0.3086 0.1744 0.2281 0.161 0.1073 0.02683 0 0.01342 0.04025 0.01342 0.01342 0 0 0 0 0 0 0
1 0.04137 0.2069 0.3999 0.262 0.1517 0.1241 0.08275 0.05516 0.01379 0.01379 0.01379 0.01379 0 0 0 0 0 0 0 0
1 0.05678 0.3975 0.8517 0.4259 0.2555 0.3123 0.2271 0.05678 0 0.08517 0.08517 0.02839 0.02839 0 0.02839 0 0 0 0 0
1 0.02582 0.2065 0.2711 0.2969 0.2582 0.142 0.02582 0.01291 0 0.01291 0.01291 0.01291 0 0.01291 0 0 0 0 0 0
1 0.01683 0.2524 0.3871 0.3703 0.3198 0.1346 0.06732 0.01683 0.05049 0.03366 0.03366 0 0 0 0 0 0 0 0 0
1 0.04022 0.1206 0.3351 0.2681 0.2011 0.1475 0.06703 0.05362 0.04022 0.02681 0.01341 0.02681 0 0 0 0 0 0 0 0
1 0.01753 0.1928 0.4557 0.4907 0.1928 0.1227 0.1402 0.03505 0.03505 0.05258 0 0.01753 0 0 0 0 0 0 0 0
1 0.01662 0.2326 0.2991 0.3822 0.3157 0.1329 0.1329 0.08308 0.04985 0 0.01662 0 0 0 0 0 0 0 0 0
1 0.06282 0.2513 0.3455 0.2984 0.1728 0.1413 0.06282 0.1256 0 0.0157 0.03141 0.04711 0.0157 0 0 0 0 0 0 0
1 0.0194 0.2522 0.582 0.2328 0.2716 0.194 0.1358 0.1164 0.1164 0 0.0194 0 0 0 0 0 0 0 0 0
1 0.03188 0.2072 0.3825 0.3028 0.1753 0.1913 0.09563 0.06375 0.04781 0.04781 0 0.03188 0.01594 0 0 0 0 0 0 0
1 0.05251 0.2275 0.4025 0.21 0.2625 0.105 0.2275 0.105 0.05251 0.0175 0.0175 0.0175 0.0175 0.035 0 0 0 0 0 0
1 0.0222 0.3108 0.6216 0.3996 0.3774 0.1776 0.0888 0.0666 0.0888 0.0222 0.0222 0.0222 0 0 0 0 0 0 0 0
1 0.07138 0.1963 0.6246 0.3926 0.1785 0.08923 0.07138 0.01785 0.03569 0 0.05354 0 0.01785 0.01785 0 0 0 0 0.01785 0
1 0.02682 0.2145 0.3352 0.228 0.2011 0.09386 0.08045 0.06705 0.04023 0.01341 0.01341 0 0.01341 0.01341 0 0 0 0 0 0
1 0.05166 0.2067 0.5166 0.3444 0.155 0.1205 0.0861 0.05166 0.03444 0.0861 0.03444 0.01722 0 0.01722 0 0 0 0 0 0
1 0.03939 0.2626 0.4201 0.2101 0.1313 0.07877 0.1182 0.01313 0.02626 0.01313 0 0 0 0 0 0 0 0 0 0
1 0.07225 0.2348 0.4516 0.2709 0.3613 0.1626 0.05419 0.1084 0.01806 0.01806 0.01806 0 0.03613 0 0 0 0 0 0 0
1 0.07298 0.3162 0.6325 0.6325 0.3162 0.146 0.09731 0.09731 0.04865 0 0.04865 0.02433 0 0 0 0 0 0 0 0
1 0.07766 0.3883 0.4854 0.3689 0.2524 0.1359 0.1359 0.03883 0.01941 0 0.01941 0.01941 0 0 0 0 0 0 0 0
1 0.02161 0.3026 0.7349 0.4539 0.2378 0.1081 0.1513 0.08646 0 0.04323 0 0 0 0 0 0 0 0 0.02161 0
1 0.03654 0.2924 0.402 0.3654 0.3106 0.201 0.1279 0.03654 0.03654 0 0 0 0.01827 0 0 0 0 0 0 0
1 0.08247 0.2749 0.5223 0.8797 0.3574 0.1924 0.1649 0.08247 0.08247 0.05498 0 0.05498 0 0 0 0 0 0 0 0
1 0.1204 0.2649 0.5538 0.6501 0.2889 0.09631 0.1685 0.1445 0.04815 0.04815 0.02408 0 0 0 0 0 0 0 0 0
1 0.06663 0.1333 0.5774 0.5108 0.1777 0.2887 0.1555 0.111 0.06663 0.06663 0.02221 0 0 0 0 0 0 0.02221 0 0.02221
1 0.0756 0.2646 0.4158 0.4347 0.2646 0.1512 0.0945 0.0756 0.0567 0.0189 0.0189 0.0189 0 0 0 0 0 0 0 0
1 0.1106 0.258 1.106 0.5528 0.5159 0.258 0.3317 0.1843 0.2211 0.03685 0 0.03685 0.03685 0 0 0 0 0 0.03685 0
1 0.03535 0.2828 0.9191 0.5656 0.4596 0.1768 0.3182 0.2828 0.1414 0.1414 0.1768 0 0.03535 0 0 0 0 0 0 0
1 0.04608 0.4838 0.6682 0.3686 0.2765 0.1613 0.02304 0.1152 0.06912 0.04608 0.04608 0 0 0 0 0 0 0 0 0
1 0.02646 0.2382 0.5557 0.6351 0.2911 0.2911 0.2382 0.1323 0.1323 0 0 0.07939 0.02646 0 0 0 0 0 0 0
1 0.02423 0.2181 0.6542 0.5088 0.2423 0.2181 0.2423 0.1454 0.04846 0.04846 0.02423 0 0.02423 0.02423 0 0 0 0 0 0
1 0.05985 0.1995 0.5985 0.4389 0.2793 0.1995 0.05985 0.01995 0.05985 0.0399 0.01995 0 0 0 0.01995 0 0 0 0 0
1 0.01563 0.1406 0.3594 0.1875 0.2344 0.1719 0.1094 0.1094 0.06251 0.06251 0.03126 0.04688 0 0.01563 0 0 0.01563 0 0 0
1 0.05556 0.1852 0.4445 0.3149 0.2037 0.2778 0.1296 0.09261 0.05556 0.03704 0 0.03704 0.01852 0 0 0 0 0 0 0
1 0.01527 0.1832 0.229 0.3665 0.229 0.1832 0.07635 0.07635 0.03054 0.06108 0.04581 0 0.01527 0 0 0 0 0.01527 0 0
1 0.04737 0.3158 0.2526 0.2842 0.3158 0.09473 0.07894 0.07894 0.03158 0.03158 0.03158 0 0 0 0 0 0.01579 0 0 0
1 0.02755 0.2892 0.2342 0.303 0.124 0.1377 0.124 0 0.06887 0.01377 0.01377 0.01377 0.02755 0 0 0 0 0 0 0
1 0.05336 0.3468 0.667 0.747 0.2935 0.2134 0.1067 0.02668 0.1067 0 0.02668 0 0.02668 0 0.05336 0 0 0 0 0
1 0.1043 0.2294 0.438 0.4588 0.2086 0.146 0.146 0.1251 0.08343 0.06257 0.02086 0.02086 0 0 0.02086 0 0 0 0.02086 0
1 0.04836 0.1773 0.4997 0.3385 0.2902 0.0806 0.09672 0.01612 0 0 0 0.04836 0 0 0 0 0 0 0.01612 0
1 0.05539 0.3877 0.4616 0.4246 0.1662 0.1846 0.05539 0.03693 0 0.01846 0.01846 0 0.01846 0 0 0 0 0.01846 0 0
