 landings-at-age - landings.n (units : NA )
1	2	
2	100	
1	20	
1 
0.02659 0.2984 0.8352 0.6934 0.4839 0.3377 0.2357 0.1644 0.1148 0.08008 0.05589 0.039 0.02722 0.01899 0.01325 0.009249 0.006454 0.004504 0.003143 0.007259
0.00415 0.05216 0.1462 0.1214 0.08475 0.05914 0.04127 0.0288 0.0201 0.01403 0.009787 0.00683 0.004766 0.003326 0.002321 0.00162 0.00113 0.0007888 0.0005504 0.001271
0.004347 0.0466 0.1464 0.1219 0.08515 0.05942 0.04147 0.02894 0.02019 0.01409 0.009834 0.006862 0.004789 0.003342 0.002332 0.001627 0.001136 0.0007925 0.000553 0.001277
0.004269 0.04881 0.1308 0.122 0.08549 0.0597 0.04166 0.02907 0.02029 0.01416 0.00988 0.006895 0.004811 0.003358 0.002343 0.001635 0.001141 0.0007963 0.0005557 0.001283
0.00411 0.04793 0.137 0.109 0.08557 0.05994 0.04186 0.02921 0.02038 0.01423 0.009927 0.006927 0.004834 0.003374 0.002354 0.001643 0.001146 8e-04 0.0005583 0.001289
0.003848 0.04615 0.1345 0.1142 0.07645 0.06 0.04203 0.02935 0.02048 0.01429 0.009974 0.00696 0.004857 0.00339 0.002365 0.001651 0.001152 0.0008038 0.0005609 0.001295
0.003604 0.04321 0.1295 0.1121 0.08007 0.0536 0.04207 0.02947 0.02058 0.01436 0.01002 0.006993 0.00488 0.003406 0.002377 0.001658 0.001157 0.0008076 0.0005636 0.001302
0.003471 0.04047 0.1212 0.108 0.07863 0.05614 0.03758 0.0295 0.02066 0.01443 0.01007 0.007026 0.004903 0.003422 0.002388 0.001666 0.001163 0.0008114 0.0005663 0.001308
0.00361 0.03898 0.1135 0.1011 0.07572 0.05513 0.03936 0.02635 0.02068 0.01449 0.01012 0.00706 0.004926 0.003438 0.002399 0.001674 0.001168 0.0008153 0.0005689 0.001314
0.003441 0.04053 0.1094 0.09468 0.07088 0.05309 0.03865 0.0276 0.01848 0.0145 0.01016 0.007093 0.00495 0.003454 0.00241 0.001682 0.001174 0.0008191 0.0005716 0.00132
0.003719 0.03863 0.1137 0.0912 0.06639 0.0497 0.03722 0.0271 0.01935 0.01295 0.01017 0.007121 0.004973 0.003471 0.002422 0.00169 0.001179 0.000823 0.0005743 0.001326
0.004048 0.04176 0.1084 0.09484 0.06395 0.04655 0.03485 0.0261 0.019 0.01357 0.009083 0.007128 0.004993 0.003487 0.002433 0.001698 0.001185 0.0008269 0.0005771 0.001333
0.004339 0.04546 0.1172 0.09039 0.0665 0.04484 0.03264 0.02443 0.0183 0.01332 0.009513 0.006369 0.004998 0.003501 0.002445 0.001706 0.001191 0.0008308 0.0005798 0.001339
0.003872 0.04872 0.1275 0.0977 0.06338 0.04662 0.03144 0.02288 0.01713 0.01283 0.009342 0.00667 0.004465 0.003504 0.002455 0.001714 0.001196 0.0008348 0.0005825 0.001345
0.003887 0.04348 0.1367 0.1064 0.0685 0.04444 0.03269 0.02204 0.01604 0.01201 0.008996 0.00655 0.004677 0.003131 0.002457 0.001721 0.001202 0.0008387 0.0005853 0.001352
0.003473 0.04365 0.122 0.114 0.07457 0.04803 0.03116 0.02292 0.01545 0.01125 0.008421 0.006307 0.004592 0.003279 0.002195 0.001723 0.001207 0.0008427 0.0005881 0.001358
0.00346 0.039 0.1225 0.1017 0.07992 0.05229 0.03368 0.02185 0.01607 0.01084 0.007887 0.005905 0.004422 0.00322 0.002299 0.001539 0.001208 0.000846 0.0005908 0.001365
0.003812 0.03885 0.1094 0.1021 0.07133 0.05604 0.03666 0.02361 0.01532 0.01127 0.007597 0.00553 0.00414 0.003101 0.002258 0.001612 0.001079 0.0008469 0.0005932 0.001371
0.003871 0.04281 0.109 0.09125 0.07161 0.05001 0.03929 0.0257 0.01656 0.01074 0.0079 0.005327 0.003877 0.002903 0.002174 0.001583 0.00113 0.0007566 0.0005938 0.001377
0.00376 0.04346 0.1201 0.0909 0.06398 0.05021 0.03507 0.02755 0.01802 0.01161 0.00753 0.005539 0.003735 0.002719 0.002035 0.001524 0.00111 0.0007924 0.0005305 0.001382
0.003644 0.04222 0.122 0.1002 0.06374 0.04486 0.0352 0.02459 0.01932 0.01264 0.008139 0.00528 0.003884 0.002619 0.001906 0.001427 0.001069 0.0007782 0.0005556 0.001341
0.00396 0.04092 0.1185 0.1017 0.07022 0.04469 0.03145 0.02468 0.01724 0.01354 0.00886 0.005706 0.003702 0.002723 0.001836 0.001336 0.001001 0.0007493 0.0005456 0.00133
0.00414 0.04447 0.1148 0.09878 0.0713 0.04924 0.03133 0.02205 0.01731 0.01209 0.009495 0.006212 0.004001 0.002595 0.001909 0.001287 0.0009371 0.0007015 0.0005254 0.001315
0.004033 0.04649 0.1248 0.09573 0.06926 0.04999 0.03452 0.02197 0.01546 0.01213 0.008474 0.006658 0.004355 0.002805 0.00182 0.001339 0.0009026 0.000657 0.0004919 0.00129
0.004243 0.04529 0.1304 0.104 0.06712 0.04856 0.03505 0.02421 0.0154 0.01084 0.008508 0.005942 0.004668 0.003054 0.001967 0.001276 0.0009386 0.0006329 0.0004607 0.00125
0.004094 0.04764 0.1271 0.1088 0.07295 0.04706 0.03405 0.02458 0.01697 0.0108 0.007602 0.005965 0.004166 0.003273 0.002141 0.001379 0.0008946 0.0006581 0.0004437 0.001199
0.004248 0.04597 0.1337 0.106 0.07627 0.05115 0.033 0.02387 0.01723 0.0119 0.007572 0.00533 0.004182 0.002921 0.002295 0.001501 0.0009669 0.0006272 0.0004614 0.001152
0.004605 0.0477 0.129 0.1115 0.0743 0.05348 0.03586 0.02314 0.01674 0.01208 0.008343 0.005309 0.003737 0.002932 0.002048 0.001609 0.001053 0.000678 0.0004398 0.001131
0.004656 0.05171 0.1339 0.1076 0.07816 0.05209 0.03749 0.02514 0.01622 0.01174 0.008471 0.00585 0.003723 0.00262 0.002056 0.001436 0.001128 0.000738 0.0004753 0.001101
0.004471 0.05228 0.1451 0.1116 0.07542 0.0548 0.03653 0.02629 0.01763 0.01137 0.008229 0.00594 0.004102 0.00261 0.001837 0.001442 0.001007 0.000791 0.0005175 0.001106
0.004445 0.0502 0.1467 0.121 0.07826 0.05288 0.03842 0.02561 0.01843 0.01236 0.007975 0.00577 0.004164 0.002876 0.00183 0.001288 0.001011 0.0007059 0.0005546 0.001138
0.004675 0.04991 0.1409 0.1223 0.08483 0.05487 0.03708 0.02694 0.01796 0.01292 0.008667 0.005591 0.004045 0.00292 0.002016 0.001283 0.0009031 0.0007087 0.0004949 0.001187
0.004885 0.05249 0.14 0.1175 0.08578 0.05948 0.03847 0.026 0.01889 0.01259 0.009061 0.006077 0.00392 0.002836 0.002047 0.001414 0.0008996 0.0006332 0.0004969 0.001179
0.004678 0.05486 0.1473 0.1168 0.08235 0.06014 0.0417 0.02697 0.01823 0.01324 0.008827 0.006353 0.004261 0.002749 0.001989 0.001435 0.0009912 0.0006308 0.000444 0.001175
0.004889 0.05252 0.1539 0.1228 0.08188 0.05774 0.04217 0.02924 0.01891 0.01278 0.009286 0.006189 0.004455 0.002987 0.001927 0.001394 0.001006 0.000695 0.0004423 0.001135
0.004571 0.0549 0.1474 0.1284 0.08611 0.05741 0.04048 0.02957 0.0205 0.01326 0.00896 0.00651 0.004339 0.003123 0.002095 0.001351 0.0009776 0.0007056 0.0004873 0.001106
0.004468 0.05132 0.154 0.1229 0.08999 0.06038 0.04025 0.02839 0.02073 0.01437 0.009298 0.006283 0.004565 0.003043 0.00219 0.001469 0.0009475 0.0006855 0.0004948 0.001117
0.00466 0.05017 0.144 0.1285 0.08617 0.0631 0.04233 0.02822 0.0199 0.01453 0.01008 0.006519 0.004405 0.003201 0.002133 0.001535 0.00103 0.0006643 0.0004806 0.00113
0.004548 0.05232 0.1408 0.1201 0.09006 0.06042 0.04424 0.02968 0.01979 0.01395 0.01019 0.007067 0.004571 0.003088 0.002244 0.001496 0.001077 0.000722 0.0004658 0.001129
0.004118 0.05106 0.1468 0.1174 0.0842 0.06315 0.04236 0.03102 0.02081 0.01387 0.009784 0.007145 0.004955 0.003205 0.002165 0.001573 0.001049 0.0007548 0.0005062 0.001118
0.004413 0.04624 0.1433 0.1224 0.08231 0.05904 0.04428 0.0297 0.02175 0.01459 0.009727 0.00686 0.00501 0.003474 0.002247 0.001518 0.001103 0.0007353 0.0005292 0.001139
4.761e-08 5.671e-07 1.486e-06 1.368e-06 9.829e-07 6.609e-07 4.74e-07 3.555e-07 2.385e-07 1.746e-07 1.171e-07 7.81e-08 5.508e-08 4.022e-08 2.789e-08 1.804e-08 1.219e-08 8.857e-09 5.903e-09 1.339e-08
0.05859 0.6897 2.045 1.591 1.232 0.885 0.5951 0.4268 0.3201 0.2147 0.1572 0.1055 0.07032 0.04959 0.03622 0.02511 0.01624 0.01098 0.007975 0.01738
0.117 1.312 3.821 3.345 2.185 1.692 1.216 0.8174 0.5862 0.4397 0.2949 0.216 0.1449 0.09659 0.06812 0.04975 0.0345 0.02231 0.01508 0.03482
0.1719 1.962 5.411 4.624 3.395 2.218 1.718 1.234 0.8297 0.5951 0.4463 0.2994 0.2192 0.1471 0.09805 0.06914 0.0505 0.03501 0.02265 0.05065
0.2278 2.558 7.14 5.742 4.111 3.018 1.972 1.527 1.097 0.7376 0.529 0.3968 0.2661 0.1949 0.1308 0.08717 0.06147 0.04489 0.03113 0.06517
0.2964 3.172 8.662 7.009 4.716 3.376 2.479 1.62 1.254 0.9009 0.6058 0.4345 0.3258 0.2186 0.1601 0.1074 0.07159 0.05048 0.03687 0.07908
0.3356 3.958 10.24 8.053 5.445 3.663 2.623 1.926 1.258 0.9742 0.6999 0.4706 0.3375 0.2531 0.1698 0.1243 0.08342 0.05561 0.03922 0.09008
0.3912 4.35 12.32 9.128 5.993 4.052 2.726 1.952 1.433 0.9363 0.725 0.5208 0.3502 0.2512 0.1884 0.1264 0.09253 0.06208 0.04139 0.09622
0.4641 4.958 13.17 10.62 6.557 4.305 2.911 1.958 1.402 1.029 0.6726 0.5208 0.3741 0.2516 0.1804 0.1353 0.09077 0.06647 0.04459 0.09885
0.4965 5.782 14.67 11.02 7.4 4.568 2.999 2.028 1.364 0.9768 0.7172 0.4686 0.3628 0.2607 0.1753 0.1257 0.09428 0.06324 0.04631 0.09994
0.5969 6.099 16.77 11.96 7.474 5.017 3.098 2.034 1.375 0.9251 0.6623 0.4863 0.3177 0.246 0.1767 0.1188 0.08523 0.06392 0.04288 0.09916
0.6365 7.248 17.39 13.36 7.913 4.944 3.319 2.049 1.345 0.9094 0.6119 0.4381 0.3216 0.2101 0.1627 0.1169 0.0786 0.05638 0.04228 0.09395
0.7116 7.653 20.34 13.55 8.635 5.115 3.195 2.145 1.324 0.8693 0.5878 0.3955 0.2831 0.2079 0.1358 0.1052 0.07556 0.0508 0.03644 0.08805
0.8123 8.484 21.17 15.53 8.571 5.461 3.235 2.021 1.357 0.8375 0.5498 0.3717 0.2501 0.1791 0.1315 0.0859 0.06652 0.04779 0.03213 0.07873
0.8851 9.613 23.16 15.86 9.623 5.309 3.383 2.004 1.252 0.8403 0.5188 0.3406 0.2303 0.1549 0.1109 0.08144 0.05321 0.04121 0.0296 0.06868
0.9089 10.4 25.92 17.03 9.63 5.844 3.224 2.054 1.217 0.7602 0.5103 0.3151 0.2068 0.1398 0.09409 0.06737 0.04946 0.03232 0.02502 0.05968
0.9 10.62 27.72 18.72 10.14 5.737 3.481 1.921 1.224 0.7249 0.4529 0.304 0.1877 0.1232 0.08331 0.05605 0.04013 0.02946 0.01925 0.05046
0.9647 10.46 27.98 19.68 10.94 5.931 3.354 2.035 1.123 0.7156 0.4239 0.2648 0.1778 0.1097 0.07204 0.04871 0.03277 0.02346 0.01723 0.04076
0.9929 11.15 27.26 19.53 11.3 6.283 3.405 1.926 1.169 0.6448 0.4108 0.2433 0.152 0.1021 0.063 0.04136 0.02797 0.01882 0.01347 0.03329
1.045 11.43 28.77 18.71 11.01 6.371 3.543 1.92 1.086 0.659 0.3636 0.2317 0.1372 0.08574 0.05755 0.03553 0.02333 0.01577 0.01061 0.02637
0.9418 11.39 27.88 18.59 9.918 5.837 3.376 1.878 1.018 0.5755 0.3493 0.1927 0.1228 0.07273 0.04544 0.0305 0.01883 0.01236 0.008358 0.0196
0.8778 10.27 27.79 18.01 9.849 5.256 3.093 1.789 0.9951 0.5393 0.305 0.1851 0.1021 0.06507 0.03854 0.02408 0.01616 0.009979 0.006551 0.01482
0.7983 9.569 25.05 17.95 9.544 5.22 2.785 1.639 0.9481 0.5274 0.2858 0.1616 0.09808 0.05412 0.03448 0.02043 0.01276 0.008566 0.005288 0.01132
0.7331 8.703 23.35 16.18 9.512 5.058 2.766 1.476 0.8686 0.5025 0.2795 0.1515 0.08566 0.05198 0.02868 0.01827 0.01082 0.006762 0.004539 0.008803
0.7081 7.993 21.24 15.08 8.575 5.041 2.68 1.466 0.7822 0.4603 0.2663 0.1481 0.08026 0.04539 0.02755 0.0152 0.009684 0.005736 0.003584 0.007071
0.686 7.719 19.5 13.72 7.992 4.544 2.671 1.42 0.7768 0.4145 0.2439 0.1411 0.07849 0.04254 0.02406 0.0146 0.008054 0.005132 0.00304 0.005646
0.6556 7.478 18.83 12.6 7.269 4.235 2.408 1.416 0.7527 0.4117 0.2197 0.1293 0.07478 0.04159 0.02254 0.01275 0.007736 0.004268 0.00272 0.004603
0.6382 7.147 18.25 12.17 6.675 3.852 2.244 1.276 0.7502 0.3989 0.2182 0.1164 0.06851 0.03963 0.02204 0.01195 0.006756 0.004099 0.002262 0.003881
0.5644 6.958 17.44 11.79 6.447 3.538 2.041 1.189 0.6763 0.3976 0.2114 0.1156 0.06169 0.03631 0.021 0.01168 0.00633 0.00358 0.002172 0.003255
0.5275 6.153 16.98 11.26 6.246 3.417 1.875 1.082 0.6303 0.3584 0.2107 0.112 0.06127 0.03269 0.01924 0.01113 0.00619 0.003355 0.001897 0.002876
0.5138 5.751 15.01 10.97 5.969 3.31 1.811 0.9935 0.5733 0.334 0.1899 0.1117 0.05937 0.03247 0.01732 0.0102 0.005898 0.00328 0.001778 0.00253
0.503 5.601 14.03 9.696 5.811 3.163 1.754 0.9595 0.5265 0.3038 0.177 0.1007 0.05917 0.03146 0.01721 0.009181 0.005403 0.003125 0.001738 0.002283
0.4711 5.484 13.67 9.063 5.139 3.08 1.676 0.9295 0.5085 0.279 0.161 0.09381 0.05334 0.03136 0.01667 0.009118 0.004865 0.002863 0.001656 0.002131
0.4402 5.136 13.38 8.827 4.803 2.723 1.632 0.8884 0.4926 0.2695 0.1479 0.08532 0.04971 0.02827 0.01662 0.008835 0.004832 0.002578 0.001517 0.002007
0.4087 4.799 12.53 8.642 4.678 2.545 1.443 0.8648 0.4708 0.261 0.1428 0.07835 0.04521 0.02635 0.01498 0.008806 0.004682 0.002561 0.001366 0.001868
0.3647 4.456 11.71 8.095 4.58 2.479 1.349 0.7647 0.4583 0.2495 0.1383 0.07567 0.04152 0.02396 0.01396 0.007938 0.004667 0.002481 0.001357 0.001714
0.3598 3.975 10.87 7.563 4.29 2.427 1.314 0.7148 0.4053 0.2429 0.1322 0.07331 0.0401 0.022 0.0127 0.007399 0.004207 0.002473 0.001315 0.001627
0.3484 3.923 9.7 7.022 4.008 2.273 1.286 0.6962 0.3788 0.2148 0.1287 0.07006 0.03885 0.02125 0.01166 0.006729 0.003921 0.002229 0.001311 0.001559
0.3157 3.798 9.572 6.265 3.721 2.124 1.205 0.6816 0.3689 0.2007 0.1138 0.06821 0.03713 0.02059 0.01126 0.00618 0.003566 0.002078 0.001181 0.001521
0.2973 3.36 9.064 6.05 3.249 1.93 1.101 0.6248 0.3535 0.1913 0.1041 0.05902 0.03537 0.01925 0.01068 0.00584 0.003205 0.001849 0.001078 0.001401
0.2664 3.164 8.042 5.761 3.157 1.695 1.007 0.5748 0.326 0.1844 0.09984 0.05432 0.0308 0.01846 0.01005 0.005571 0.003048 0.001672 0.000965 0.001294
0.2536 2.836 7.593 5.14 3.025 1.658 0.8902 0.5288 0.3018 0.1712 0.09685 0.05242 0.02852 0.01617 0.009692 0.005276 0.002925 0.0016 0.0008781 0.001186
0.2434 2.7 6.823 4.88 2.716 1.598 0.8758 0.4703 0.2794 0.1594 0.09044 0.05117 0.0277 0.01507 0.008544 0.005121 0.002787 0.001546 0.0008455 0.001091
0.2523 2.59 6.513 4.41 2.594 1.444 0.8496 0.4656 0.25 0.1485 0.08476 0.04808 0.0272 0.01472 0.008011 0.004542 0.002722 0.001482 0.0008216 0.001029
0.2481 2.685 6.266 4.232 2.359 1.387 0.7721 0.4544 0.249 0.1337 0.07943 0.04533 0.02571 0.01455 0.007874 0.004285 0.002429 0.001456 0.0007925 0.0009898
0.2371 2.641 6.512 4.094 2.277 1.269 0.7466 0.4155 0.2445 0.134 0.07195 0.04274 0.02439 0.01384 0.007828 0.004237 0.002305 0.001307 0.0007833 0.000959
0.2287 2.524 6.42 4.278 2.216 1.233 0.687 0.4041 0.2249 0.1324 0.07253 0.03895 0.02313 0.0132 0.007489 0.004237 0.002294 0.001248 0.0007075 0.0009432
0.2278 2.433 6.15 4.24 2.329 1.207 0.6713 0.3741 0.2201 0.1225 0.07207 0.03949 0.02121 0.0126 0.00719 0.004078 0.002307 0.001249 0.0006796 0.0008989
0.2334 2.423 5.944 4.083 2.322 1.276 0.661 0.3677 0.2049 0.1205 0.06708 0.03948 0.02163 0.01162 0.0069 0.003938 0.002234 0.001264 0.0006841 0.0008646
0.2312 2.481 5.934 3.967 2.25 1.28 0.703 0.3642 0.2026 0.1129 0.06641 0.03696 0.02175 0.01192 0.006401 0.003802 0.00217 0.001231 0.0006963 0.0008533
0.2044 2.457 6.09 3.981 2.198 1.247 0.7091 0.3895 0.2018 0.1123 0.06256 0.0368 0.02048 0.01205 0.006605 0.003547 0.002107 0.001202 0.000682 0.0008587
0.1969 2.171 6.044 4.106 2.219 1.225 0.6947 0.3951 0.2171 0.1125 0.06256 0.03486 0.02051 0.01141 0.006717 0.003681 0.001977 0.001174 0.0006701 0.0008586
0.2149 2.091 5.352 4.095 2.301 1.243 0.6865 0.3893 0.2214 0.1217 0.06303 0.03506 0.01954 0.01149 0.006396 0.003764 0.002063 0.001108 0.000658 0.0008567
0.2008 2.28 5.165 3.644 2.308 1.297 0.7006 0.3868 0.2194 0.1248 0.06855 0.03551 0.01976 0.01101 0.006476 0.003604 0.002121 0.001162 0.0006242 0.0008535
0.1882 2.129 5.642 3.534 2.065 1.307 0.7346 0.3969 0.2192 0.1243 0.07069 0.03884 0.02012 0.01119 0.006237 0.003669 0.002042 0.001202 0.0006585 0.0008372
0.1958 1.993 5.279 3.878 2.012 1.176 0.7446 0.4184 0.226 0.1248 0.07079 0.04026 0.02212 0.01146 0.006374 0.003552 0.00209 0.001163 0.0006844 0.0008518
0.1998 2.072 4.951 3.645 2.22 1.152 0.6731 0.4262 0.2395 0.1294 0.07145 0.04052 0.02305 0.01266 0.00656 0.003649 0.002033 0.001196 0.0006657 0.0008794
0.2133 2.112 5.153 3.433 2.097 1.277 0.6628 0.3872 0.2452 0.1378 0.07444 0.0411 0.02331 0.01326 0.007284 0.003774 0.002099 0.00117 0.0006882 0.0008889
