 landings-at-age - landings.n (units : NA )
1	2	
2	100	
1	20	
1 
0.02659 0.2984 0.8352 0.6934 0.4839 0.3377 0.2357 0.1644 0.1148 0.08008 0.05589 0.039 0.02722 0.01899 0.01325 0.009249 0.006454 0.004504 0.003143 0.007259
0.002567 0.05216 0.1462 0.1214 0.08475 0.05914 0.04127 0.0288 0.0201 0.01403 0.009787 0.00683 0.004766 0.003326 0.002321 0.00162 0.00113 0.0007888 0.0005504 0.001271
0.004838 0.02882 0.1464 0.1219 0.08515 0.05942 0.04147 0.02894 0.02019 0.01409 0.009834 0.006862 0.004789 0.003342 0.002332 0.001627 0.001136 0.0007925 0.000553 0.001277
0.002316 0.05432 0.08087 0.122 0.08549 0.0597 0.04166 0.02907 0.02029 0.01416 0.00988 0.006895 0.004811 0.003358 0.002343 0.001635 0.001141 0.0007963 0.0005557 0.001283
0.007738 0.026 0.1524 0.06744 0.08557 0.05994 0.04186 0.02921 0.02038 0.01423 0.009927 0.006927 0.004834 0.003374 0.002354 0.001643 0.001146 8e-04 0.0005583 0.001289
0.005643 0.08688 0.07296 0.1271 0.04728 0.06 0.04203 0.02935 0.02048 0.01429 0.009974 0.00696 0.004857 0.00339 0.002365 0.001651 0.001152 0.0008038 0.0005609 0.001295
0.004586 0.06336 0.2438 0.06084 0.08912 0.03315 0.04207 0.02947 0.02058 0.01436 0.01002 0.006993 0.00488 0.003406 0.002377 0.001658 0.001157 0.0008076 0.0005636 0.001302
0.006173 0.05149 0.1778 0.2033 0.04266 0.06249 0.02324 0.0295 0.02066 0.01443 0.01007 0.007026 0.004903 0.003422 0.002388 0.001666 0.001163 0.0008114 0.0005663 0.001308
0.006057 0.06931 0.1445 0.1482 0.1425 0.02991 0.04381 0.0163 0.02068 0.01449 0.01012 0.00706 0.004926 0.003438 0.002399 0.001674 0.001168 0.0008153 0.0005689 0.001314
0.002446 0.06801 0.1945 0.1205 0.1039 0.09994 0.02097 0.03072 0.01143 0.0145 0.01016 0.007093 0.00495 0.003454 0.00241 0.001682 0.001174 0.0008191 0.0005716 0.00132
0.004174 0.02746 0.1908 0.1622 0.08448 0.07288 0.07007 0.0147 0.02154 0.008012 0.01017 0.007121 0.004973 0.003471 0.002422 0.00169 0.001179 0.000823 0.0005743 0.001326
0.006038 0.04686 0.07706 0.1591 0.1137 0.05923 0.0511 0.04913 0.01031 0.0151 0.005618 0.007128 0.004993 0.003487 0.002433 0.001698 0.001185 0.0008269 0.0005771 0.001333
0.009099 0.06779 0.1315 0.06426 0.1116 0.07973 0.04153 0.03583 0.03445 0.007228 0.01059 0.003939 0.004998 0.003501 0.002445 0.001706 0.001191 0.0008308 0.0005798 0.001339
0.002184 0.1022 0.1902 0.1097 0.04505 0.07824 0.0559 0.02912 0.02512 0.02415 0.005068 0.007424 0.002762 0.003504 0.002455 0.001714 0.001196 0.0008348 0.0005825 0.001345
0.002736 0.02452 0.2867 0.1586 0.07688 0.03159 0.05485 0.03919 0.02042 0.01761 0.01693 0.003553 0.005205 0.001936 0.002457 0.001721 0.001202 0.0008387 0.0005853 0.001352
0.003622 0.03072 0.0688 0.2391 0.1112 0.05391 0.02215 0.03846 0.02748 0.01431 0.01235 0.01187 0.002491 0.003649 0.001358 0.001723 0.001207 0.0008427 0.0005881 0.001358
0.001931 0.04067 0.0862 0.05737 0.1676 0.07798 0.0378 0.01553 0.02697 0.01927 0.01004 0.008658 0.008325 0.001747 0.002559 0.0009519 0.001208 0.000846 0.0005908 0.001365
0.002075 0.02169 0.1141 0.07188 0.04022 0.1175 0.05468 0.0265 0.01089 0.01891 0.01351 0.007037 0.006071 0.005837 0.001225 0.001794 0.0006674 0.0008469 0.0005932 0.001371
0.01053 0.02329 0.06085 0.09517 0.0504 0.0282 0.0824 0.03834 0.01858 0.007634 0.01326 0.009472 0.004934 0.004256 0.004092 0.0008588 0.001258 0.0004679 0.0005938 0.001377
0.004695 0.1183 0.06536 0.05074 0.06673 0.03534 0.01977 0.05777 0.02688 0.01303 0.005353 0.009295 0.006641 0.00346 0.002984 0.002869 0.0006021 0.000882 0.0003281 0.001382
0.002442 0.05272 0.3319 0.05451 0.03558 0.04678 0.02478 0.01386 0.04051 0.01885 0.009134 0.003753 0.006517 0.004656 0.002426 0.002092 0.002012 0.0004222 0.0006184 0.001199
0.00551 0.02742 0.1479 0.2767 0.03822 0.02494 0.0328 0.01737 0.009721 0.0284 0.01321 0.006404 0.002631 0.004569 0.003265 0.001701 0.001467 0.001411 0.000296 0.001274
0.00227 0.06187 0.07694 0.1234 0.194 0.0268 0.01749 0.023 0.01218 0.006816 0.01991 0.009265 0.00449 0.001845 0.003204 0.002289 0.001192 0.001029 0.000989 0.001101
0.006897 0.02549 0.1736 0.06416 0.08649 0.136 0.01879 0.01226 0.01613 0.00854 0.004779 0.01396 0.006496 0.003148 0.001294 0.002246 0.001605 0.0008361 0.0007212 0.001465
0.002283 0.07744 0.07151 0.1448 0.04498 0.06064 0.09539 0.01317 0.008598 0.01131 0.005988 0.003351 0.009789 0.004555 0.002207 0.000907 0.001575 0.001125 0.0005862 0.001533
0.005398 0.02563 0.2173 0.05963 0.1015 0.03154 0.04252 0.06688 0.009236 0.006028 0.007927 0.004198 0.002349 0.006864 0.003193 0.001548 0.0006359 0.001104 0.000789 0.001486
0.002569 0.06061 0.07192 0.1812 0.04181 0.07117 0.02211 0.02981 0.04689 0.006476 0.004227 0.005558 0.002944 0.001647 0.004813 0.002239 0.001085 0.0004459 0.0007743 0.001595
0.002039 0.02884 0.1701 0.05997 0.1271 0.02932 0.0499 0.01551 0.0209 0.03288 0.00454 0.002964 0.003897 0.002064 0.001155 0.003374 0.00157 0.0007609 0.0003126 0.001661
0.006486 0.0229 0.08093 0.1418 0.04205 0.08908 0.02055 0.03499 0.01087 0.01466 0.02305 0.003183 0.002078 0.002732 0.001447 0.0008098 0.002366 0.001101 0.0005335 0.001384
0.004475 0.07282 0.06425 0.06749 0.09944 0.02948 0.06246 0.01441 0.02453 0.007622 0.01028 0.01616 0.002232 0.001457 0.001916 0.001015 0.0005678 0.001659 0.0007718 0.001344
0.003106 0.05025 0.2043 0.05357 0.04732 0.06972 0.02067 0.04379 0.0101 0.0172 0.005344 0.007205 0.01133 0.001565 0.001022 0.001343 0.0007114 0.0003981 0.001163 0.001484
0.006834 0.03488 0.141 0.1704 0.03756 0.03318 0.04888 0.01449 0.0307 0.007085 0.01206 0.003747 0.005052 0.007946 0.001097 0.0007162 0.0009418 0.0004988 0.0002791 0.001856
0.005057 0.07674 0.09787 0.1176 0.1195 0.02634 0.02326 0.03427 0.01016 0.02153 0.004967 0.008455 0.002627 0.003542 0.005571 0.0007694 0.0005022 0.0006604 0.0003497 0.001497
0.009121 0.05678 0.2153 0.08161 0.08244 0.08377 0.01847 0.01631 0.02403 0.007125 0.01509 0.003483 0.005928 0.001842 0.002483 0.003906 0.0005394 0.0003521 0.000463 0.001295
0.004493 0.1024 0.1593 0.1796 0.05722 0.0578 0.05873 0.01295 0.01144 0.01685 0.004995 0.01058 0.002442 0.004157 0.001292 0.001741 0.002739 0.0003782 0.0002469 0.001232
0.01649 0.05044 0.2874 0.1329 0.1259 0.04012 0.04053 0.04118 0.009078 0.008018 0.01181 0.003503 0.007421 0.001712 0.002914 0.0009056 0.001221 0.00192 0.0002652 0.001037
0.009653 0.1851 0.1415 0.2396 0.09316 0.08827 0.02813 0.02842 0.02887 0.006365 0.005622 0.008283 0.002456 0.005203 0.0012 0.002043 0.0006349 0.000856 0.001346 0.0009131
0.002991 0.1084 0.5194 0.118 0.168 0.06532 0.06189 0.01972 0.01992 0.02024 0.004463 0.003942 0.005808 0.001722 0.003648 0.0008417 0.001433 0.0004452 0.0006001 0.001584
0.006247 0.03359 0.3041 0.4331 0.08276 0.1178 0.0458 0.04339 0.01383 0.01397 0.01419 0.003129 0.002764 0.004072 0.001207 0.002558 0.0005902 0.001005 0.0003121 0.001532
0.3624 3.838 5.075 13.6 16.29 3.112 4.43 1.722 1.632 0.5201 0.5254 0.5338 0.1177 0.1039 0.1531 0.0454 0.09619 0.0222 0.03778 0.06934
0.3842 5.198 13.4 5.146 11.54 13.82 2.641 3.76 1.462 1.385 0.4413 0.4458 0.453 0.09986 0.0882 0.13 0.03853 0.08163 0.01883 0.0909
0.1376 2.446 8.114 6.055 1.943 4.359 5.22 0.9973 1.42 0.5519 0.5229 0.1667 0.1684 0.1711 0.03771 0.03331 0.04907 0.01455 0.03082 0.04144
0.1011 2.267 9.857 9.55 5.973 1.917 4.299 5.149 0.9837 1.4 0.5444 0.5158 0.1644 0.1661 0.1687 0.0372 0.03285 0.04841 0.01435 0.07128
0.1297 1.036 5.676 7.165 5.808 3.632 1.166 2.615 3.131 0.5983 0.8516 0.3311 0.3137 0.09997 0.101 0.1026 0.02262 0.01998 0.02944 0.05207
0.5172 1.944 3.778 6.011 6.35 5.147 3.219 1.033 2.317 2.775 0.5302 0.7548 0.2934 0.278 0.0886 0.0895 0.09094 0.02005 0.01771 0.07224
0.3124 4.9 4.487 2.517 3.346 3.535 2.866 1.792 0.5751 1.29 1.545 0.2952 0.4202 0.1634 0.1548 0.04933 0.04983 0.05063 0.01116 0.05008
0.6776 2.983 11.44 3.037 1.425 1.895 2.002 1.623 1.015 0.3257 0.7305 0.8749 0.1672 0.2379 0.0925 0.08765 0.02793 0.02822 0.02867 0.03468
0.3281 9.451 10.14 11.3 2.512 1.179 1.567 1.656 1.342 0.8393 0.2693 0.6042 0.7235 0.1382 0.1968 0.0765 0.07249 0.0231 0.02334 0.05239
0.2681 3.792 26.57 8.248 7.684 1.708 0.8014 1.066 1.126 0.9125 0.5707 0.1831 0.4108 0.492 0.09399 0.1338 0.05202 0.04928 0.01571 0.05149
0.1332 2.759 9.506 19.26 4.997 4.655 1.035 0.4856 0.6455 0.682 0.5528 0.3457 0.1109 0.2489 0.2981 0.05695 0.08106 0.03151 0.02986 0.04071
0.3046 1.634 8.235 8.212 13.91 3.61 3.364 0.7476 0.3508 0.4664 0.4928 0.3994 0.2498 0.08016 0.1798 0.2154 0.04115 0.05857 0.02277 0.05099
0.1597 3.717 4.839 7.039 5.867 9.941 2.579 2.403 0.5341 0.2507 0.3332 0.3521 0.2854 0.1785 0.05727 0.1285 0.1539 0.0294 0.04185 0.0527
0.215 1.593 9.01 3.381 4.109 3.425 5.803 1.506 1.403 0.3118 0.1463 0.1945 0.2055 0.1666 0.1042 0.03343 0.075 0.08981 0.01716 0.05519
0.2891 2.491 4.487 7.332 2.3 2.795 2.33 3.948 1.024 0.9543 0.2121 0.09954 0.1323 0.1398 0.1133 0.07088 0.02274 0.05102 0.0611 0.04922
0.6054 3.5 7.313 3.801 5.192 1.629 1.979 1.65 2.795 0.7253 0.6757 0.1502 0.07048 0.0937 0.09899 0.08025 0.05019 0.0161 0.03613 0.07811
0.4407 6.476 9.081 5.466 2.373 3.241 1.017 1.236 1.03 1.745 0.4528 0.4219 0.09377 0.044 0.0585 0.0618 0.0501 0.03133 0.01005 0.07132
0.797 4.637 16.56 6.695 3.367 1.462 1.997 0.6264 0.7612 0.6345 1.075 0.279 0.2599 0.05777 0.02711 0.03604 0.03808 0.03086 0.0193 0.05013
0.4943 9.301 13.14 13.55 4.579 2.303 0.9999 1.366 0.4284 0.5206 0.434 0.7353 0.1908 0.1777 0.03951 0.01854 0.02465 0.02604 0.02111 0.04749
0.1999 4.622 21.19 8.639 7.443 2.516 1.265 0.5494 0.7504 0.2354 0.2861 0.2384 0.404 0.1048 0.09767 0.02171 0.01019 0.01354 0.01431 0.03769
0.4383 2.138 12.07 16.03 5.469 4.711 1.593 0.801 0.3478 0.475 0.149 0.1811 0.1509 0.2557 0.06636 0.06182 0.01374 0.006448 0.008573 0.03292
0.1208 3.679 4.399 7.212 8.018 2.735 2.356 0.7965 0.4006 0.1739 0.2375 0.07451 0.09055 0.07548 0.1279 0.03319 0.03092 0.006872 0.003225 0.02075
0.2777 1.428 10.67 3.724 5.114 5.685 1.939 1.671 0.5647 0.284 0.1233 0.1684 0.05283 0.06421 0.05352 0.09068 0.02353 0.02192 0.004872 0.017
0.08883 4.879 6.106 13.28 3.881 5.33 5.925 2.021 1.741 0.5886 0.296 0.1285 0.1756 0.05507 0.06692 0.05578 0.09452 0.02453 0.02285 0.0228
0.1397 0.6601 8.864 3.205 5.823 1.702 2.338 2.599 0.8865 0.7637 0.2582 0.1298 0.05637 0.07699 0.02415 0.02935 0.02447 0.04145 0.01076 0.02002
0.08036 1.291 1.499 5.869 1.777 3.228 0.9436 1.296 1.441 0.4914 0.4234 0.1431 0.07198 0.03125 0.04268 0.01339 0.01627 0.01356 0.02298 0.01706
0.8429 1.588 6.215 2.105 6.907 2.091 3.799 1.111 1.525 1.696 0.5783 0.4982 0.1684 0.08471 0.03678 0.05023 0.01576 0.01915 0.01596 0.04712
0.08934 6.282 2.894 3.275 0.9273 3.042 0.9208 1.673 0.4891 0.6717 0.7467 0.2547 0.2194 0.07418 0.03731 0.0162 0.02212 0.00694 0.008434 0.02778
0.23 1.048 18.05 2.423 2.296 0.6502 2.133 0.6457 1.173 0.343 0.471 0.5236 0.1786 0.1539 0.05202 0.02616 0.01136 0.01551 0.004866 0.0254
0.4893 3.119 3.468 17.38 1.954 1.852 0.5243 1.72 0.5207 0.9461 0.2766 0.3798 0.4223 0.144 0.1241 0.04195 0.0211 0.00916 0.01251 0.02441
0.08674 5.484 8.524 2.748 11.52 1.295 1.227 0.3475 1.14 0.3451 0.6271 0.1833 0.2518 0.2799 0.09547 0.08225 0.0278 0.01398 0.006071 0.02447
0.2966 0.8504 13.14 5.925 1.597 6.698 0.7531 0.7136 0.202 0.6628 0.2006 0.3646 0.1066 0.1464 0.1627 0.0555 0.04781 0.01616 0.008129 0.01775
0.1301 2.639 1.857 8.351 3.151 0.8496 3.563 0.4005 0.3795 0.1075 0.3525 0.1067 0.1939 0.05668 0.07784 0.08654 0.02952 0.02543 0.008597 0.01377
0.1366 2.491 12.3 2.522 9.5 3.585 0.9666 4.053 0.4556 0.4318 0.1223 0.401 0.1214 0.2206 0.06449 0.08856 0.09845 0.03358 0.02893 0.02544
0.3695 1.152 5.125 7.305 1.252 4.716 1.78 0.4798 2.012 0.2262 0.2143 0.06069 0.1991 0.06027 0.1095 0.03201 0.04396 0.04887 0.01667 0.02699
0.07429 3.853 2.941 3.8 4.534 0.7769 2.927 1.104 0.2978 1.249 0.1404 0.133 0.03766 0.1236 0.0374 0.06796 0.01987 0.02728 0.03033 0.0271
0.1187 1.106 13.98 3.1 3.354 4.001 0.6856 2.583 0.9747 0.2628 1.102 0.1239 0.1174 0.03324 0.109 0.03301 0.05997 0.01753 0.02408 0.05068
0.5241 1.345 3.047 11.12 2.061 2.23 2.66 0.4559 1.717 0.6481 0.1747 0.7327 0.08237 0.07806 0.0221 0.0725 0.02195 0.03988 0.01166 0.04971
0.4392 6.005 3.742 2.447 7.463 1.384 1.497 1.786 0.306 1.153 0.4351 0.1173 0.4919 0.0553 0.0524 0.01484 0.04867 0.01473 0.02677 0.0412
0.5458 4.547 15.12 2.719 1.486 4.531 0.8401 0.909 1.084 0.1858 0.7 0.2642 0.07122 0.2986 0.03358 0.03182 0.009008 0.02955 0.008946 0.04127
0.3441 5.861 11.89 11.43 1.718 0.9392 2.864 0.531 0.5745 0.6854 0.1174 0.4425 0.167 0.04502 0.1888 0.02122 0.02011 0.005694 0.01868 0.03174
0.3221 2.925 12.19 7.162 5.757 0.8657 0.4732 1.443 0.2675 0.2894 0.3453 0.05917 0.2229 0.08411 0.02268 0.0951 0.01069 0.01013 0.002868 0.0254
0.1882 3.687 8.202 9.955 4.899 3.938 0.5922 0.3236 0.9869 0.183 0.198 0.2362 0.04047 0.1525 0.05753 0.01551 0.06504 0.007313 0.00693 0.01933
0.1749 2.743 13.1 8.475 8.612 4.238 3.407 0.5123 0.28 0.8538 0.1583 0.1713 0.2043 0.03501 0.1319 0.04977 0.01342 0.05627 0.006326 0.02272
0.5645 1.916 7.316 10.11 5.468 5.557 2.735 2.198 0.3305 0.1806 0.5509 0.1021 0.1105 0.1318 0.02259 0.0851 0.03211 0.008659 0.03631 0.01874
0.4537 5.855 4.845 5.357 6.19 3.348 3.402 1.674 1.346 0.2024 0.1106 0.3373 0.06253 0.06766 0.08071 0.01383 0.05211 0.01966 0.005302 0.03371
0.6511 4.042 12.77 3.068 2.837 3.278 1.773 1.802 0.8867 0.7128 0.1072 0.05858 0.1786 0.03312 0.03583 0.04275 0.007325 0.0276 0.01041 0.02066
0.2827 6.199 9.456 8.712 1.752 1.621 1.873 1.013 1.029 0.5066 0.4072 0.06123 0.03346 0.102 0.01892 0.02047 0.02442 0.004185 0.01577 0.01775
0.4571 5.101 27.3 12.15 9.379 1.886 1.745 2.016 1.09 1.108 0.5453 0.4384 0.06592 0.03603 0.1099 0.02037 0.02204 0.02629 0.004505 0.03608
0.3348 5.837 15.81 24.45 9.098 7.024 1.413 1.307 1.51 0.8167 0.8299 0.4084 0.3283 0.04937 0.02698 0.08228 0.01525 0.0165 0.01969 0.0304
0.3226 3.847 16.25 12.68 16.38 6.095 4.706 0.9466 0.8755 1.012 0.5472 0.556 0.2736 0.22 0.03307 0.01808 0.05512 0.01022 0.01106 0.03356
0.3149 3.21 9.297 11.31 7.369 9.522 3.543 2.735 0.5502 0.5088 0.588 0.318 0.3232 0.159 0.1278 0.01922 0.01051 0.03204 0.00594 0.02593
0.2913 2.436 6.074 5.088 5.174 3.371 4.356 1.621 1.251 0.2517 0.2328 0.269 0.1455 0.1478 0.07276 0.05849 0.008795 0.004807 0.01466 0.01458
0.2968 2.758 5.667 4.12 2.89 2.939 1.915 2.474 0.9206 0.7108 0.143 0.1322 0.1528 0.08264 0.08397 0.04133 0.03322 0.004995 0.00273 0.01661
0.5233 3.548 8.099 4.863 2.963 2.078 2.113 1.377 1.779 0.662 0.5111 0.1028 0.09508 0.1099 0.05943 0.06039 0.02972 0.02389 0.003592 0.01391
0.227 7.325 12.16 8.096 4.072 2.481 1.74 1.77 1.153 1.49 0.5543 0.428 0.08608 0.07961 0.092 0.04976 0.05057 0.02488 0.02 0.01465
0.1944 3.128 24.58 11.85 6.602 3.321 2.023 1.419 1.443 0.9402 1.215 0.452 0.349 0.0702 0.06492 0.07502 0.04058 0.04123 0.02029 0.02826
0.427 2.489 9.712 22.04 8.88 4.949 2.489 1.516 1.064 1.082 0.7048 0.9107 0.3388 0.2616 0.05262 0.04867 0.05624 0.03042 0.03091 0.03639
0.2925 3.067 4.368 4.915 9.318 3.753 2.092 1.052 0.641 0.4497 0.4572 0.2979 0.3849 0.1432 0.1106 0.02224 0.02057 0.02377 0.01286 0.02845
0.4257 3.214 8.259 3.425 3.226 6.117 2.464 1.373 0.6907 0.4208 0.2952 0.3001 0.1956 0.2527 0.09402 0.07259 0.0146 0.0135 0.0156 0.02711
