 landings-at-age - landings.n (units : NA )
1	2	
42	100	
1	20	
1 
0.001563 0.06052 0.2491 0.06169 0.05379 0.02828 0.08687 0.0216 0.01768 0.07376 0.006111 0.008462 0.005359 0.004365 0.002609 0.002342 0.001383 0.003019 0.001025 0.001766
0.001928 0.01755 0.1698 0.2077 0.04325 0.03772 0.01983 0.06091 0.01514 0.0124 0.05171 0.004285 0.005933 0.003758 0.00306 0.001829 0.001642 0.0009694 0.002117 0.001957
0.08258 0.3401 0.7704 2.213 2.276 0.4739 0.4132 0.2173 0.6673 0.1659 0.1358 0.5666 0.04694 0.065 0.04117 0.03353 0.02004 0.01799 0.01062 0.04463
0.1988 1.79 1.824 1.219 2.94 3.024 0.6296 0.549 0.2887 0.8866 0.2205 0.1805 0.7528 0.06237 0.08637 0.0547 0.04455 0.02663 0.02391 0.07341
0.1053 3.296 7.299 2.181 1.223 2.949 3.033 0.6315 0.5507 0.2896 0.8893 0.2211 0.181 0.7551 0.06256 0.08663 0.05487 0.04468 0.02671 0.09762
0.4812 1.558 11.92 7.697 1.927 1.08 2.605 2.679 0.5579 0.4865 0.2558 0.7856 0.1953 0.1599 0.667 0.05526 0.07653 0.04847 0.03947 0.1098
0.3386 6.68 5.256 11.66 6.296 1.576 0.8834 2.131 2.191 0.4563 0.3979 0.2092 0.6425 0.1598 0.1308 0.5456 0.0452 0.06259 0.03964 0.1221
0.2834 4.511 21.5 4.872 9.028 4.876 1.221 0.6842 1.65 1.697 0.3534 0.3082 0.162 0.4977 0.1238 0.1013 0.4226 0.03501 0.04848 0.1253
0.4542 3.667 14.02 19.13 3.618 6.704 3.621 0.9062 0.5081 1.225 1.26 0.2624 0.2288 0.1203 0.3695 0.09189 0.07522 0.3138 0.026 0.129
0.4538 5.75 11.09 12.06 13.71 2.594 4.807 2.596 0.6498 0.3643 0.8786 0.9037 0.1882 0.1641 0.08627 0.265 0.06589 0.05394 0.225 0.1112
1.112 5.648 16.99 9.266 8.39 9.541 1.805 3.344 1.806 0.4521 0.2534 0.6112 0.6287 0.1309 0.1141 0.06002 0.1843 0.04584 0.03752 0.2338
2.055 13.66 16.37 13.84 6.275 5.682 6.461 1.222 2.265 1.223 0.3061 0.1716 0.4139 0.4257 0.08865 0.0773 0.04065 0.1248 0.03104 0.1838
1.469 24.93 38.89 13.03 9.145 4.146 3.754 4.269 0.8074 1.496 0.8081 0.2023 0.1134 0.2735 0.2813 0.05857 0.05107 0.02686 0.08248 0.1419
0.4109 17.66 69.92 30.29 8.411 5.905 2.677 2.424 2.757 0.5214 0.9662 0.5218 0.1306 0.07322 0.1766 0.1816 0.03782 0.03298 0.01734 0.1449
1.332 4.897 48.82 53.36 19.14 5.315 3.732 1.692 1.532 1.742 0.3295 0.6106 0.3298 0.08254 0.04627 0.1116 0.1148 0.0239 0.02084 0.1025
0.7936 15.76 13.36 36.54 33.03 11.85 3.291 2.31 1.047 0.9484 1.078 0.204 0.378 0.2042 0.0511 0.02865 0.06909 0.07106 0.0148 0.07638
1.332 9.325 42.46 9.818 22.18 20.05 7.192 1.997 1.402 0.6357 0.5756 0.6546 0.1238 0.2294 0.1239 0.03101 0.01739 0.04193 0.04313 0.05534
3.726 15.56 24.84 30.65 5.846 13.21 11.94 4.282 1.189 0.8349 0.3785 0.3427 0.3898 0.07371 0.1366 0.07378 0.01847 0.01035 0.02497 0.05863
0.8164 43.29 40.99 17.62 17.92 3.417 7.719 6.977 2.503 0.695 0.488 0.2212 0.2003 0.2278 0.04308 0.07984 0.04312 0.01079 0.006051 0.04886
1.217 9.438 112.8 28.6 10.12 10.28 1.961 4.43 4.004 1.437 0.3989 0.2801 0.127 0.115 0.1307 0.02473 0.04582 0.02475 0.006195 0.03152
1.564 14 24.34 77.42 16.13 5.703 5.798 1.106 2.498 2.258 0.81 0.2249 0.1579 0.07159 0.06483 0.07372 0.01394 0.02584 0.01396 0.02126
0.9144 17.05 34.15 15.72 41.03 8.546 3.022 3.072 0.586 1.324 1.197 0.4292 0.1192 0.08369 0.03794 0.03436 0.03907 0.007389 0.01369 0.01866
0.8939 9.969 41.61 22.06 8.332 21.74 4.529 1.602 1.628 0.3105 0.7015 0.6341 0.2275 0.06317 0.04435 0.02011 0.01821 0.0207 0.003916 0.01715
1.425 9.746 24.32 26.87 11.69 4.416 11.52 2.4 0.8488 0.8628 0.1646 0.3717 0.336 0.1205 0.03348 0.0235 0.01065 0.009648 0.01097 0.01116
1.652 15.53 23.78 15.71 14.24 6.195 2.34 6.106 1.272 0.4498 0.4572 0.08721 0.197 0.1781 0.06388 0.01774 0.01246 0.005646 0.005113 0.01173
2.001 18.01 37.9 15.36 8.326 7.547 3.283 1.24 3.236 0.674 0.2384 0.2423 0.04622 0.1044 0.09437 0.03385 0.009401 0.006601 0.002992 0.008926
0.8724 21.82 43.93 24.48 8.139 4.412 4 1.74 0.6572 1.715 0.3572 0.1263 0.1284 0.02449 0.05533 0.05001 0.01794 0.004982 0.003498 0.006316
0.1332 9.511 53.24 28.38 12.97 4.313 2.338 2.12 0.922 0.3483 0.9087 0.1893 0.06694 0.06805 0.01298 0.02932 0.0265 0.009508 0.00264 0.005201
0.7867 1.452 23.21 34.39 15.04 6.875 2.286 1.239 1.123 0.4886 0.1846 0.4816 0.1003 0.03548 0.03606 0.006878 0.01554 0.01404 0.005039 0.004155
2.14 8.576 3.543 14.99 18.22 7.969 3.644 1.211 0.6566 0.5952 0.2589 0.0978 0.2552 0.05316 0.0188 0.01911 0.003645 0.008234 0.007443 0.004872
0.346 23.33 20.93 2.289 7.943 9.657 4.223 1.931 0.6419 0.348 0.3154 0.1372 0.05183 0.1352 0.02817 0.009963 0.01013 0.001932 0.004364 0.006526
0.7304 3.772 56.93 13.52 1.213 4.209 5.118 2.238 1.023 0.3402 0.1844 0.1672 0.07272 0.02747 0.07167 0.01493 0.00528 0.005367 0.001024 0.005771
0.1908 7.963 9.202 36.77 7.163 0.6428 2.231 2.712 1.186 0.5423 0.1803 0.09773 0.08859 0.03854 0.01456 0.03798 0.007911 0.002798 0.002844 0.003601
1.523 2.08 19.43 5.944 19.49 3.796 0.3406 1.182 1.437 0.6285 0.2874 0.09554 0.05179 0.04695 0.02042 0.007714 0.02013 0.004192 0.001483 0.003416
0.5629 16.6 5.075 12.55 3.15 10.33 2.012 0.1805 0.6265 0.7616 0.3331 0.1523 0.05063 0.02744 0.02488 0.01082 0.004088 0.01067 0.002222 0.002596
1.874 6.136 40.51 3.278 6.651 1.669 5.473 1.066 0.09566 0.332 0.4036 0.1765 0.0807 0.02683 0.01454 0.01318 0.005735 0.002166 0.005653 0.002553
0.3348 20.44 14.97 26.17 1.737 3.525 0.8846 2.9 0.5649 0.05069 0.1759 0.2139 0.09354 0.04277 0.01422 0.007708 0.006987 0.003039 0.001148 0.004349
0.4673 3.65 49.86 9.671 13.87 0.9206 1.868 0.4688 1.537 0.2994 0.02686 0.09323 0.1134 0.04957 0.02266 0.007535 0.004085 0.003703 0.001611 0.002913
0.9636 5.094 8.905 32.21 5.125 7.349 0.4878 0.9898 0.2484 0.8145 0.1587 0.01424 0.04941 0.06007 0.02627 0.01201 0.003993 0.002165 0.001962 0.002397
0.5509 10.51 12.43 5.752 17.07 2.716 3.895 0.2585 0.5245 0.1317 0.4316 0.08408 0.007545 0.02618 0.03183 0.01392 0.006365 0.002116 0.001147 0.00231
0.4781 5.863 25.07 7.857 2.983 8.851 1.408 2.02 0.1341 0.272 0.06827 0.2238 0.0436 0.003913 0.01358 0.01651 0.007219 0.003301 0.001097 0.001793
1.143 5.089 14.03 15.94 4.1 1.556 4.619 0.735 1.054 0.06996 0.1419 0.03563 0.1168 0.02275 0.002042 0.007085 0.008614 0.003767 0.001722 0.001508
0.6452 12.17 12.21 8.968 8.368 2.153 0.8173 2.425 0.3859 0.5534 0.03673 0.07453 0.01871 0.06133 0.01195 0.001072 0.00372 0.004523 0.001978 0.001696
0.558 6.868 29.27 7.849 4.738 4.421 1.137 0.4318 1.281 0.2039 0.2924 0.01941 0.03938 0.009883 0.0324 0.006312 0.0005664 0.001966 0.00239 0.001941
0.4948 5.94 16.57 18.92 4.173 2.519 2.35 0.6046 0.2295 0.6811 0.1084 0.1554 0.01032 0.02093 0.005254 0.01722 0.003355 0.0003011 0.001045 0.002302
0.5073 5.267 14.37 10.77 10.12 2.232 1.347 1.257 0.3234 0.1228 0.3643 0.05797 0.08312 0.005518 0.0112 0.00281 0.009212 0.001794 0.000161 0.00179
0.823 5.399 12.77 9.388 5.794 5.445 1.201 0.7248 0.6763 0.174 0.06605 0.196 0.03119 0.04473 0.002969 0.006024 0.001512 0.004957 0.0009656 0.00105
0.2764 8.757 13.13 8.39 5.082 3.136 2.947 0.65 0.3924 0.3661 0.09418 0.03576 0.1061 0.01688 0.02421 0.001607 0.003261 0.0008184 0.002683 0.001091
0.7528 2.941 21.34 8.669 4.569 2.767 1.708 1.605 0.3539 0.2137 0.1994 0.05129 0.01947 0.05778 0.009194 0.01318 0.0008752 0.001776 0.0004457 0.002055
0.1947 8.007 7.184 14.17 4.749 2.503 1.516 0.9355 0.8791 0.1939 0.117 0.1092 0.02809 0.01066 0.03165 0.005036 0.007222 0.0004794 0.0009727 0.00137
1.114 2.07 19.61 4.795 7.807 2.616 1.379 0.8351 0.5154 0.4843 0.1068 0.06448 0.06016 0.01548 0.005876 0.01744 0.002775 0.003979 0.0002641 0.001291
0.2732 11.84 5.08 13.15 2.657 4.326 1.45 0.764 0.4628 0.2856 0.2684 0.05919 0.03573 0.03334 0.008577 0.003256 0.009662 0.001538 0.002205 0.0008616
1.513 2.902 29.11 3.425 7.33 1.481 2.411 0.808 0.4258 0.2579 0.1592 0.1496 0.03299 0.01991 0.01858 0.00478 0.001815 0.005385 0.0008569 0.001709
0.6397 16.07 7.154 19.73 1.919 4.108 0.8298 1.351 0.4528 0.2386 0.1445 0.0892 0.08382 0.01849 0.01116 0.01041 0.002679 0.001017 0.003018 0.001438
0.4943 6.787 39.68 4.871 11.12 1.082 2.315 0.4676 0.7613 0.2551 0.1345 0.08144 0.05026 0.04723 0.01042 0.006288 0.005867 0.001509 0.000573 0.002511
0.2227 5.241 16.8 27.15 2.76 6.298 0.6128 1.311 0.2649 0.4313 0.1445 0.07617 0.04614 0.02847 0.02676 0.005901 0.003562 0.003324 0.0008551 0.001747
0.3758 2.359 12.99 11.55 15.46 1.572 3.587 0.349 0.7468 0.1509 0.2456 0.08232 0.04338 0.02628 0.01622 0.01524 0.003361 0.002029 0.001893 0.001482
2.171 3.976 5.858 8.972 6.61 8.851 0.8997 2.053 0.1998 0.4275 0.08636 0.1406 0.04712 0.02483 0.01504 0.009283 0.008724 0.001924 0.001161 0.001932
0.6425 22.95 9.89 4.063 5.162 3.802 5.092 0.5176 1.181 0.1149 0.246 0.04968 0.0809 0.02711 0.01429 0.008653 0.005341 0.005019 0.001107 0.00178
