Originally  
101 
A 
42	100	
1	1	NA	NA	
1	20	
1 0.02463 0.3695 0.9607 0.1971 0.1232 0.02463 0.1971 0.09853 0.04927 0.2956 0.04927 0.04927 0.02463 0 0 0 0 0 0 0
1 0.03253 0.06506 0.4555 0.488 0.1139 0.06506 0.0488 0.1139 0.0488 0 0.1139 0.03253 0 0.03253 0 0 0 0 0 0.01627
1 0.05673 0.1276 0.156 0.2411 0.3829 0.07091 0.07091 0 0.1418 0.02836 0.02836 0.08509 0.01418 0.01418 0 0 0 0 0 0
1 0 0.2069 0.1339 0.06084 0.1947 0.2555 0.02434 0.04867 0.0365 0.08518 0.02434 0.0365 0.07301 0 0 0 0 0 0 0.0365
1 0 0.465 0.5619 0.1744 0.1163 0.2519 0.1163 0.03875 0.03875 0.03875 0.03875 0 0 0.05813 0.01938 0 0 0 0 0.01938
1 0.04978 0.06222 0.448 0.224 0.03733 0.04978 0.03733 0.1742 0.01244 0.01244 0 0.01244 0.02489 0.01244 0.04978 0 0.02489 0 0 0.01244
1 0.03448 0.3793 0.2069 0.431 0.2931 0.08621 0.06897 0.06897 0.03448 0 0 0 0.01724 0.01724 0 0.06897 0.01724 0 0 0
1 0.01886 0.1697 0.7544 0.1509 0.4338 0.1697 0 0 0.07544 0.0943 0 0 0 0 0 0 0.01886 0 0 0
1 0.02723 0.1362 0.3812 0.3949 0.1225 0.1362 0.05446 0.01362 0 0.04085 0.02723 0 0 0.01362 0 0.01362 0 0 0 0
1 0.01772 0.2303 0.2658 0.2303 0.4961 0.03544 0.2126 0.1417 0.05315 0.01772 0 0.03544 0 0 0 0.01772 0.01772 0 0 0
1 0.07494 0.1349 0.4347 0.2248 0.1499 0.1799 0.05995 0.1199 0.07494 0.01499 0 0.01499 0.01499 0 0 0 0 0 0 0
1 0.09766 0.3488 0.3209 0.1953 0.1256 0.1116 0.1256 0.0279 0.01395 0.01395 0 0 0 0 0 0 0 0.01395 0 0
1 0.09075 0.5082 0.6353 0.09075 0.1634 0.05445 0.0726 0.09075 0 0.0726 0 0 0 0 0 0 0 0 0.01815 0.01815
1 0.02604 0.4167 1.302 0.4427 0.1562 0.05208 0.05208 0.05208 0.05208 0 0 0.02604 0.02604 0 0 0 0 0 0 0
1 0.02113 0.08452 0.6973 0.8241 0.2536 0.1057 0 0.02113 0.02113 0.06339 0 0 0.02113 0 0 0 0 0 0 0
1 0.01804 0.3608 0.1804 0.4691 0.415 0.1985 0.05412 0.03608 0 0.01804 0.01804 0.01804 0.01804 0 0 0 0 0 0 0
1 0.07718 0.2624 0.3705 0.1389 0.247 0.3242 0.07718 0.01544 0.01544 0 0 0.01544 0 0 0 0 0 0 0 0
1 0.1722 0.3061 0.3826 0.5165 0.09565 0.2104 0.153 0.03826 0 0.03826 0 0 0 0 0 0 0 0 0 0
1 0.03912 0.7238 0.5869 0.1761 0.2347 0.01956 0.05869 0.03912 0.03912 0 0.03912 0 0 0 0 0 0 0 0 0
1 0.02271 0.09082 1.317 0.3633 0.1816 0.1589 0.02271 0.06812 0.02271 0 0 0.02271 0 0 0 0 0 0 0 0
1 0.05388 0.1437 0.2155 0.9519 0.1616 0.1078 0.07184 0.01796 0.05388 0.01796 0 0 0 0 0 0 0 0 0 0
1 0.01451 0.3628 0.2758 0.1306 0.4209 0.08708 0.02903 0.04354 0.02903 0 0.01451 0.02903 0 0 0 0 0 0 0.01451 0
1 0.01207 0.1086 0.4224 0.3017 0.1086 0.169 0.03621 0.02414 0.01207 0 0 0.01207 0 0 0 0 0 0 0 0
1 0 0.1426 0.2852 0.4278 0.09074 0.06481 0.1944 0.06481 0 0 0 0.01296 0.01296 0 0 0 0 0 0 0
1 0.01025 0.2152 0.2152 0.1947 0.1947 0.1025 0.01025 0.05123 0 0.01025 0.02049 0 0 0 0 0 0 0 0 0
1 0.118 0.367 0.4588 0.118 0.118 0.02622 0.05243 0.02622 0.01311 0.01311 0 0 0 0 0 0 0 0 0 0
1 0.0444 0.3552 0.5476 0.2812 0.0592 0 0.1036 0.0444 0.0148 0.0296 0 0 0 0 0 0 0 0 0 0
1 0.01815 0.2542 0.708 0.4176 0.2179 0.09077 0 0.05446 0.01815 0.01815 0 0 0 0 0.01815 0 0 0 0 0
1 0.03358 0.02687 0.2015 0.2284 0.09403 0.04702 0.006716 0.01343 0.02015 0 0 0 0 0 0 0 0 0 0 0
1 0.105 0.1994 0.05248 0.2099 0.2414 0.1155 0.02099 0.03149 0.03149 0 0.03149 0 0.0105 0 0 0 0 0 0 0
1 0 0.3627 0.2362 0.04217 0.08434 0.07591 0.0253 0 0 0.01687 0 0 0 0 0 0 0 0 0 0
1 0.04854 0.04854 0.6917 0.182 0.0364 0.08494 0.07281 0.04854 0 0 0 0 0 0 0 0 0 0 0 0
1 0 0.09914 0.09914 0.3895 0.04957 0.007081 0.03541 0.02124 0.007081 0 0 0 0 0 0 0 0 0 0 0
1 0.06319 0.007899 0.2449 0.07899 0.2765 0.03949 0 0.0237 0.03949 0.0158 0 0 0 0 0 0 0 0 0 0
1 0.01281 0.2881 0.03842 0.1217 0.05122 0.08324 0.01281 0.006403 0.006403 0.01281 0 0 0.006403 0 0 0 0 0 0 0
1 0.07926 0.1009 0.3531 0.05044 0.06485 0 0.04323 0.01441 0.007205 0 0.007205 0 0 0 0 0 0 0 0 0
1 0 0.3392 0.1885 0.3298 0.009423 0.03769 0 0.03769 0 0 0 0 0 0 0 0 0 0 0 0
1 0.007869 0.03935 0.4013 0.1495 0.1416 0.01574 0.02361 0 0.007869 0 0 0 0 0 0 0 0 0 0 0
1 0.03714 0.1393 0.09286 0.4643 0.03714 0.1021 0.009286 0 0.009286 0.01857 0.01857 0 0 0 0 0 0 0 0 0
1 0.007595 0.1823 0.2051 0.06836 0.1899 0.01519 0.08355 0 0.007595 0 0 0 0 0 0 0 0 0 0 0
1 0.01224 0.09178 0.2509 0.09789 0.03059 0.08566 0.01836 0.01836 0 0.006118 0 0 0 0 0 0 0 0 0 0
1 0.04515 0.06772 0.1129 0.2314 0.02257 0 0.05079 0.02822 0.005643 0 0 0 0 0 0 0 0 0 0 0
1 0.02275 0.2331 0.08529 0.05118 0.09667 0.03412 0.01706 0.01706 0 0.005686 0.005686 0 0 0 0 0 0 0 0 0
1 0.00526 0.07364 0.2788 0.0789 0.03156 0.04208 0 0.00526 0.01052 0 0 0 0 0 0 0 0 0 0 0
1 0.02424 0.103 0.1394 0.2121 0.04848 0.0303 0.03636 0.006059 0 0.006059 0 0 0 0 0 0 0 0 0 0
1 0.01529 0.1223 0.2293 0.1835 0.13 0.03822 0.03058 0.01529 0 0 0 0 0 0 0 0 0 0 0 0
1 0.01669 0.1057 0.1725 0.0779 0.08903 0.03895 0.01669 0.02226 0.01113 0 0 0 0 0.005564 0 0 0 0 0 0
1 0.007488 0.2097 0.1797 0.1498 0.08237 0.04493 0.02995 0.02246 0.007488 0 0.007488 0 0 0.007488 0 0 0 0 0 0
1 0.04136 0.06618 0.3226 0.2068 0.08272 0.02482 0.02482 0.03309 0.01654 0.008272 0 0 0 0 0 0 0 0 0 0
1 0.01825 0.1399 0.1338 0.1521 0.04866 0.08516 0.01217 0 0.006083 0.01217 0 0 0 0 0 0 0 0 0 0
1 0.06715 0.02686 0.2552 0.141 0.1074 0.06044 0 0 0.01343 0 0 0 0 0 0 0 0 0 0 0
1 0.01232 0.271 0.03079 0.1724 0.03079 0.05542 0.01232 0.01847 0.006158 0 0 0 0 0.006158 0 0 0 0 0 0
1 0.07133 0.07133 0.4547 0.06242 0.1427 0.02675 0.0535 0.008916 0 0 0 0 0 0 0 0 0 0 0 0
1 0.01003 0.4313 0.1003 0.2608 0.06018 0.07021 0.01003 0.02006 0.02006 0 0 0 0 0.02006 0 0 0 0 0 0
1 0.01433 0.2292 0.8024 0.1003 0.2006 0.02866 0.02866 0.01433 0 0.01433 0 0 0 0 0 0 0 0 0 0
1 0.0118 0.1062 0.2715 0.5902 0.04722 0.1417 0 0 0 0 0 0 0 0.0118 0 0 0 0 0 0
1 0.01773 0.05318 0.2659 0.2304 0.2304 0.02659 0.06204 0 0 0 0 0 0 0 0 0 0 0 0 0
1 0.1192 0.06356 0.09534 0.1112 0.1589 0.1669 0.02384 0.04767 0 0.007945 0 0 0 0 0 0 0 0 0 0
1 0.01065 0.6071 0.1491 0.09585 0.0852 0.0426 0.03195 0 0.0426 0 0 0 0 0 0 0 0 0 0 0
