Originally  
101 
A 
42	100	
1	1	NA	NA	
1	20	
1 0 0.2496 0.4493 0.1498 0.2829 0.1498 0.183 0 0.04992 0.03328 0.06656 0.03328 0.01664 0 0 0 0 0 0 0
1 0.05833 0.4083 0.8166 0.4958 0.2041 0.3791 0.2041 0.1167 0 0.05833 0 0 0.02916 0.02916 0 0.02916 0.02916 0.02916 0.02916 0
1 0.02979 0.3872 0.8043 0.6255 0.3574 0.1191 0.2681 0.1191 0.1191 0.02979 0 0 0.05957 0 0.02979 0 0 0 0 0.02979
1 0.01987 0.1987 0.5563 0.5563 0.2384 0.09934 0.07948 0.01987 0 0.05961 0.01987 0.07948 0.01987 0 0.01987 0 0 0.01987 0 0
1 0.03578 0.05366 0.4472 0.3041 0.2683 0.2504 0.2325 0 0.07155 0.07155 0.03578 0 0.01789 0 0 0 0 0 0 0
1 0.08917 0.1605 0.214 0.321 0.3032 0.2497 0.1605 0.107 0.03567 0.0535 0 0.03567 0.01783 0.01783 0.01783 0 0 0 0 0
1 0.04922 0.3692 0.1354 0.1107 0.2092 0.16 0.1107 0.02461 0.01231 0 0 0.01231 0 0.02461 0 0 0 0 0 0.01231
1 0.08015 0.1603 1.122 0.2939 0.2405 0.1069 0.187 0.1603 0.1603 0.02672 0.02672 0 0.05344 0 0.05344 0 0 0 0 0
1 0.05582 0.1256 0.1954 0.5303 0.09768 0.09768 0.1256 0.09768 0.02791 0.02791 0 0.01395 0 0 0 0 0 0 0 0
1 0.06299 0.2047 0.3937 0.1732 0.378 0.06299 0.04724 0.1102 0.01575 0.04724 0.0315 0.01575 0 0 0 0.01575 0.01575 0 0 0
1 0.02904 0.1742 0.363 0.2904 0.1597 0.2759 0.05807 0.02904 0.01452 0.02904 0.01452 0 0 0 0 0 0 0.01452 0 0
1 0.0745 0.2384 0.2235 0.3129 0.1937 0.0894 0.1937 0.0298 0.0149 0.0298 0.0447 0.0149 0.0149 0 0 0.0149 0 0 0 0
1 0.03852 0.2697 0.2825 0.2697 0.1412 0.1027 0.03852 0.02568 0.02568 0 0.03852 0.01284 0.01284 0.01284 0 0 0 0 0.01284 0
1 0 0.1787 0.277 0.1698 0.1251 0.01787 0.05361 0.03574 0.02681 0 0 0 0 0 0 0 0.008935 0 0 0
1 0.1095 0.172 0.5005 0.4692 0.04692 0.06256 0.1251 0 0.03128 0.01564 0 0.01564 0 0 0 0 0 0 0 0.01564
1 0.03003 0.2803 0.2002 0.2502 0.1501 0.04004 0.02002 0.03003 0 0 0 0 0 0 0 0 0 0 0 0
1 0.01089 0.09803 0.4466 0.2396 0.1743 0.05446 0.02178 0 0.02178 0.01089 0 0 0 0 0.01089 0 0 0 0 0
1 0.03323 0.144 0.1883 0.4764 0.08863 0.08863 0.04431 0.01108 0.01108 0 0 0.01108 0 0 0 0 0 0.01108 0 0
1 0.009953 0.2289 0.2886 0.1493 0.1991 0.01991 0.03981 0.04977 0 0 0 0 0 0.009953 0 0 0 0 0 0
1 0.04277 0.2032 0.3422 0.2673 0.05347 0.07485 0.04277 0.01069 0.01069 0.01069 0 0 0 0 0 0.01069 0 0 0 0
1 0.02646 0.2029 0.2558 0.2205 0.07057 0.02646 0.0441 0.008821 0.01764 0.008821 0 0 0 0 0 0 0 0 0 0
1 0.02197 0.08056 0.2636 0.1758 0.1172 0.01465 0.02197 0.01465 0 0.02197 0 0 0 0 0 0 0 0 0 0
1 0.0736 0.2331 0.2085 0.3803 0.184 0.06133 0.01227 0.02453 0.0368 0.01227 0 0 0 0 0 0 0 0 0 0
1 0.02428 0.09106 0.176 0.09106 0.08499 0.06071 0.04249 0.01214 0 0.006071 0 0.01821 0 0 0 0 0 0 0 0
1 0.03618 0.1176 0.3075 0.1538 0.07236 0.08141 0.07236 0.02714 0.02714 0 0.009045 0 0 0 0 0 0 0 0 0
1 0.03482 0.08954 0.1293 0.1094 0.07959 0.0199 0.02985 0 0.004974 0 0 0 0 0 0 0 0 0 0 0
1 0.03577 0.2075 0.2003 0.1145 0.07155 0.04293 0.04293 0 0 0 0 0 0 0 0 0 0 0 0 0
1 0.01196 0.07177 0.2452 0.1316 0.04784 0.04186 0.01794 0.01196 0 0.005981 0.005981 0 0.005981 0 0 0 0 0 0 0
1 0.01082 0.08112 0.1028 0.1839 0.0703 0.02704 0.02163 0.02704 0 0.01082 0 0 0.005408 0 0 0 0 0 0 0
1 0 0.1027 0.149 0.09761 0.1079 0.01027 0.01027 0.02055 0.005137 0.005137 0 0.005137 0 0 0 0 0 0 0 0
1 0.009619 0.07215 0.202 0.09619 0.02886 0.0481 0.01443 0.009619 0 0 0 0 0 0 0 0 0 0 0 0
1 0.01204 0.1384 0.1505 0.1625 0.04213 0.03009 0.04213 0.006018 0 0.01204 0.006018 0 0 0 0 0 0 0 0 0
1 0.03295 0.0725 0.2109 0.1384 0.07909 0.05272 0.01318 0.01977 0.01977 0.01318 0.006591 0 0 0 0 0 0 0 0 0
1 0.02213 0.1715 0.1439 0.07747 0.06087 0.06087 0.005534 0.005534 0 0 0 0.005534 0 0 0 0 0 0 0 0
1 0.0171 0.1539 0.1824 0.04561 0.07411 0.04561 0.005701 0.0114 0.0171 0.0114 0.005701 0 0 0 0 0 0 0 0 0
1 0.00993 0.1043 0.1688 0.144 0.02483 0.0149 0.0149 0.00993 0.004965 0 0 0 0 0 0 0 0 0 0 0
1 0.004283 0.05996 0.1199 0.1328 0.05568 0.02142 0.01285 0.008566 0.008566 0 0.004283 0 0 0 0 0 0 0 0 0
1 0.008517 0.04258 0.05962 0.05394 0.03691 0.04258 0.01136 0.002839 0.01703 0.008517 0 0 0 0 0 0 0 0 0 0
1 0.009382 0.1173 0.136 0.07506 0.07037 0.04222 0.004691 0 0.009382 0.004691 0 0 0 0 0 0 0 0 0 0
1 0.009943 0.05966 0.0696 0.08618 0.0464 0.01989 0.02652 0.01326 0 0 0 0 0 0 0 0 0 0 0 0
1 0.005584 0.04467 0.08096 0.05584 0.05025 0.01954 0.008375 0.005584 0.008375 0 0 0 0 0 0 0 0 0 0 0
1 0.00665 0.02882 0.06429 0.05099 0.02217 0.0133 0.01552 0.008867 0.008867 0.002217 0 0 0 0 0 0 0 0 0 0
1 0.004732 0.03786 0.08044 0.04022 0.03786 0.007098 0.01183 0.009464 0.002366 0 0 0.002366 0 0 0 0.002366 0 0 0 0
1 0.006771 0.0711 0.1016 0.06094 0.04063 0.02031 0.01354 0 0.006771 0.006771 0.003386 0.003386 0 0.003386 0 0 0 0 0 0
1 0.002477 0.03221 0.08918 0.03964 0.02725 0.04459 0.007432 0 0.002477 0.002477 0 0 0 0 0 0 0 0 0 0
1 0.002791 0.03628 0.1061 0.05861 0.02791 0.01116 0.01396 0.01116 0.005582 0.002791 0 0.002791 0 0 0 0 0 0 0 0
1 0.01539 0.02155 0.1016 0.07696 0.0277 0.03078 0.01539 0.003078 0.006157 0.009235 0 0 0 0 0 0 0 0 0 0
1 0.004863 0.01945 0.02756 0.02918 0.03891 0.01459 0.01297 0.009727 0.003242 0.001621 0 0 0 0 0 0 0 0 0 0
1 0.007622 0.01397 0.04954 0.01524 0.01651 0.006352 0.005082 0.00127 0.007622 0 0.002541 0 0.00127 0 0 0 0 0 0 0
1 0.01641 0.04922 0.05391 0.04688 0.01172 0.02578 0.01406 0.004688 0.009375 0.002344 0 0 0 0 0 0 0 0 0 0
1 0.01318 0.05009 0.08172 0.03427 0.03954 0.01054 0.01054 0.007908 0.007908 0.005272 0 0 0 0.002636 0 0 0 0 0 0
1 0.004866 0.03406 0.09003 0.05353 0.02676 0.02676 0.002433 0.002433 0 0 0.002433 0 0 0 0 0 0 0 0 0
1 0.00408 0.0306 0.02856 0.05712 0.03876 0.01632 0.01224 0.00816 0.00408 0.00204 0.00204 0 0 0 0 0 0 0 0 0
1 0.005436 0.01359 0.04349 0.0367 0.01223 0.01223 0.005436 0.004077 0.001359 0.001359 0 0 0 0 0 0 0 0 0 0
1 0.003349 0.0201 0.03684 0.03684 0.02679 0.0134 0.02177 0.001675 0.003349 0.001675 0 0.001675 0 0 0 0 0 0 0 0
1 0.001675 0.03684 0.02177 0.02177 0.03014 0.0201 0.01507 0.01172 0.001675 0.003349 0.001675 0 0.001675 0 0 0 0 0 0 0
1 0.00696 0.03202 0.03062 0.02088 0.0181 0.01114 0.008352 0.004176 0.002784 0 0.002784 0 0 0 0.001392 0 0 0 0 0
1 0.002501 0.05001 0.09753 0.05752 0.0125 0.01 0.0125 0 0.005001 0.002501 0 0 0 0 0 0 0 0 0 0
1 0 0.03015 0.06407 0.04146 0.01319 0.005653 0.01696 0.007538 0.005653 0.001884 0.001884 0 0 0 0 0 0 0 0 0
