 landings-at-age - landings.n (units : NA )
1	2	
42	100	
1	20	
1 
0.005858 0.06809 0.1628 0.0798 0.1087 0.06665 0.06468 0.0196 0.02245 0.01103 0.009338 0.007904 0.004753 0.003312 0.001827 0.001513 0.0008907 0.001215 0.0008591 0.001368
0.006663 0.06578 0.1911 0.1358 0.05595 0.07622 0.04673 0.04535 0.01374 0.01574 0.007735 0.006547 0.005542 0.003333 0.002322 0.001281 0.001061 0.0006245 0.0008518 0.001561
0.09245 1.175 2.887 2.49 1.487 0.613 0.835 0.512 0.4969 0.1505 0.1725 0.08474 0.07173 0.06071 0.03651 0.02544 0.01403 0.01162 0.006842 0.02644
0.06877 2.004 6.303 4.568 3.308 1.976 0.8144 1.109 0.6803 0.6601 0.2 0.2291 0.1126 0.0953 0.08067 0.04851 0.0338 0.01865 0.01544 0.04422
0.113 1.14 8.172 7.538 4.582 3.318 1.982 0.8169 1.113 0.6824 0.6622 0.2006 0.2299 0.1129 0.0956 0.08091 0.04866 0.0339 0.0187 0.05984
0.5261 1.672 4.125 8.618 6.659 4.048 2.931 1.751 0.7217 0.9831 0.6028 0.585 0.1772 0.2031 0.09977 0.08445 0.07148 0.04299 0.02995 0.06939
0.2157 7.303 5.64 4.033 7.049 5.446 3.311 2.397 1.432 0.5903 0.8041 0.493 0.4784 0.145 0.1661 0.0816 0.06907 0.05846 0.03516 0.08125
0.3702 2.873 23.5 5.229 3.124 5.46 4.219 2.564 1.857 1.109 0.4572 0.6228 0.3819 0.3706 0.1123 0.1286 0.0632 0.0535 0.04528 0.09016
0.4143 4.79 8.928 20.91 3.882 2.319 4.054 3.132 1.904 1.379 0.8237 0.3395 0.4624 0.2836 0.2752 0.08337 0.09551 0.04693 0.03972 0.1006
0.3441 5.245 14.48 7.681 14.99 2.784 1.663 2.907 2.246 1.365 0.9886 0.5906 0.2434 0.3316 0.2033 0.1973 0.05978 0.06848 0.03365 0.1006
0.3671 4.283 15.5 12.1 5.344 10.43 1.937 1.157 2.022 1.562 0.9498 0.6878 0.4109 0.1693 0.2307 0.1414 0.1373 0.04159 0.04764 0.09339
0.6964 4.507 12.41 12.62 8.197 3.619 7.064 1.311 0.7835 1.369 1.058 0.6432 0.4658 0.2782 0.1147 0.1562 0.09579 0.09295 0.02816 0.09551
0.8378 8.451 12.84 9.876 8.341 5.416 2.391 4.667 0.8665 0.5176 0.9048 0.6991 0.425 0.3077 0.1838 0.07577 0.1032 0.06329 0.06141 0.08171
0.5382 10.07 23.7 9.997 6.378 5.387 3.497 1.544 3.014 0.5595 0.3343 0.5843 0.4514 0.2744 0.1987 0.1187 0.04893 0.06665 0.04087 0.09242
1.344 6.414 27.84 18.09 6.317 4.03 3.404 2.21 0.9757 1.905 0.3536 0.2112 0.3692 0.2853 0.1734 0.1256 0.07502 0.03092 0.04212 0.08423
0.7217 15.9 17.5 20.84 11.2 3.911 2.495 2.107 1.368 0.604 1.179 0.2189 0.1308 0.2286 0.1766 0.1074 0.07774 0.04644 0.01914 0.07822
0.8862 8.48 42.84 12.86 12.65 6.795 2.374 1.514 1.279 0.8304 0.3666 0.7157 0.1329 0.07937 0.1387 0.1072 0.06516 0.04718 0.02819 0.05909
0.8376 10.35 22.59 30.93 7.657 7.531 4.046 1.413 0.9017 0.7616 0.4945 0.2183 0.4261 0.07911 0.04726 0.08261 0.06383 0.0388 0.0281 0.05197
1.119 9.731 27.26 16.03 18.08 4.476 4.401 2.365 0.8261 0.527 0.4451 0.289 0.1276 0.2491 0.04624 0.02762 0.04828 0.03731 0.02268 0.0468
1.048 12.94 25.36 19.02 9.199 10.37 2.569 2.526 1.357 0.4741 0.3025 0.2555 0.1659 0.07322 0.143 0.02654 0.01585 0.02771 0.02141 0.03988
0.6603 12.06 33.37 17.4 10.73 5.186 5.85 1.448 1.424 0.7653 0.2673 0.1705 0.144 0.09352 0.04129 0.0806 0.01496 0.008939 0.01562 0.03456
0.8959 7.198 29.43 21.55 9.223 5.684 2.749 3.1 0.7675 0.7548 0.4056 0.1417 0.09038 0.07634 0.04956 0.02188 0.04271 0.00793 0.004737 0.02659
0.8409 9.767 17.56 19.01 11.42 4.888 3.012 1.457 1.643 0.4067 0.4 0.2149 0.07508 0.0479 0.04045 0.02627 0.01159 0.02264 0.004202 0.0166
0.5596 9.168 23.83 11.34 10.07 6.053 2.59 1.596 0.7719 0.8706 0.2156 0.212 0.1139 0.03979 0.02538 0.02144 0.01392 0.006145 0.012 0.01103
0.6149 6.101 22.37 15.39 6.012 5.339 3.207 1.373 0.8459 0.409 0.4614 0.1142 0.1123 0.06036 0.02108 0.01345 0.01136 0.007376 0.003256 0.0122
0.9179 6.704 14.89 14.45 8.158 3.186 2.829 1.7 0.7274 0.4483 0.2168 0.2445 0.06053 0.05953 0.03199 0.01117 0.007128 0.006021 0.003909 0.008191
0.4491 10.01 16.36 9.615 7.657 4.323 1.688 1.499 0.9008 0.3855 0.2376 0.1149 0.1296 0.03208 0.03155 0.01695 0.005921 0.003778 0.003191 0.006412
0.5373 4.896 24.42 10.57 5.095 4.058 2.291 0.8947 0.7945 0.4774 0.2043 0.1259 0.06088 0.06866 0.017 0.01672 0.008983 0.003138 0.002002 0.005089
0.6647 5.857 11.95 15.77 5.599 2.7 2.15 1.214 0.4741 0.421 0.253 0.1083 0.06672 0.03226 0.03639 0.009009 0.00886 0.004761 0.001663 0.003758
0.6709 7.246 14.29 7.717 8.357 2.967 1.431 1.14 0.6434 0.2513 0.2231 0.1341 0.05737 0.03536 0.0171 0.01928 0.004774 0.004695 0.002523 0.002873
0.7279 7.314 17.68 9.231 4.089 4.429 1.572 0.7583 0.6039 0.3409 0.1332 0.1182 0.07104 0.0304 0.01874 0.00906 0.01022 0.00253 0.002488 0.002859
0.3414 7.936 17.85 11.42 4.892 2.167 2.347 0.8333 0.4019 0.32 0.1807 0.07057 0.06266 0.03765 0.01611 0.009929 0.004801 0.005415 0.001341 0.002834
0.7662 3.722 19.36 11.53 6.052 2.592 1.148 1.244 0.4416 0.213 0.1696 0.09575 0.0374 0.03321 0.01995 0.008538 0.005262 0.002544 0.00287 0.002212
0.7268 8.353 9.082 12.51 6.109 3.207 1.374 0.6086 0.6591 0.234 0.1129 0.08987 0.05074 0.01982 0.0176 0.01057 0.004525 0.002788 0.001348 0.002693
0.4934 7.923 20.38 5.866 6.628 3.237 1.7 0.7281 0.3225 0.3493 0.124 0.05981 0.04763 0.02689 0.0105 0.009326 0.005603 0.002398 0.001478 0.002142
0.4528 5.379 19.33 13.16 3.109 3.512 1.716 0.9007 0.3858 0.1709 0.1851 0.06572 0.03169 0.02524 0.01425 0.005565 0.004942 0.002969 0.001271 0.001918
0.4288 4.936 13.12 12.49 6.976 1.647 1.861 0.9091 0.4773 0.2045 0.09057 0.0981 0.03483 0.0168 0.01338 0.007552 0.002949 0.002619 0.001574 0.00169
0.3237 4.675 12.04 8.477 6.617 3.697 0.873 0.9864 0.4818 0.2529 0.1084 0.048 0.05198 0.01846 0.008901 0.007088 0.004002 0.001563 0.001388 0.001729
0.3987 3.529 11.41 7.779 4.492 3.507 1.959 0.4626 0.5227 0.2553 0.134 0.05742 0.02544 0.02755 0.009781 0.004717 0.003756 0.002121 0.0008283 0.001652
0.2948 4.346 8.612 7.368 4.122 2.381 1.858 1.038 0.2452 0.277 0.1353 0.07104 0.03043 0.01348 0.0146 0.005183 0.0025 0.001991 0.001124 0.001314
0.2796 3.137 10.37 5.443 3.821 2.138 1.235 0.9637 0.5384 0.1271 0.1437 0.07017 0.03684 0.01578 0.00699 0.007571 0.002688 0.001296 0.001032 0.001265
0.2795 2.976 7.507 6.593 2.84 1.994 1.116 0.6443 0.5029 0.281 0.06635 0.07496 0.03661 0.01922 0.008235 0.003648 0.003951 0.001403 0.0006764 0.001199
0.2857 2.976 7.142 4.798 3.462 1.491 1.047 0.5858 0.3383 0.2641 0.1475 0.03484 0.03936 0.01923 0.01009 0.004324 0.001915 0.002074 0.0007365 0.0009845
0.2375 3.041 7.159 4.591 2.535 1.829 0.788 0.5531 0.3095 0.1787 0.1395 0.07794 0.01841 0.0208 0.01016 0.005333 0.002284 0.001012 0.001096 0.0009093
0.1723 2.528 7.336 4.627 2.44 1.348 0.9723 0.4189 0.294 0.1645 0.09501 0.07416 0.04143 0.009784 0.01105 0.0054 0.002835 0.001214 0.0005379 0.001066
0.09787 1.834 6.116 4.767 2.475 1.305 0.7208 0.52 0.224 0.1573 0.08799 0.05081 0.03966 0.02216 0.005233 0.005912 0.002888 0.001516 0.0006495 0.0008578
0.2053 1.042 4.447 3.996 2.565 1.332 0.7023 0.3878 0.2798 0.1205 0.08462 0.04734 0.02734 0.02134 0.01192 0.002816 0.003181 0.001554 0.0008158 0.0008111
0.162 2.185 2.532 2.921 2.163 1.389 0.7208 0.3801 0.2099 0.1515 0.06525 0.0458 0.02563 0.0148 0.01155 0.006454 0.001524 0.001722 0.0008411 0.0008806
0.1723 1.724 5.325 1.672 1.591 1.178 0.7561 0.3925 0.207 0.1143 0.08248 0.03553 0.02494 0.01396 0.008059 0.006291 0.003515 0.00083 0.0009378 0.0009376
0.1947 1.833 4.211 3.536 0.9161 0.8713 0.6452 0.4142 0.215 0.1134 0.06262 0.04518 0.01946 0.01366 0.007644 0.004415 0.003446 0.001925 0.0004546 0.001027
0.1419 2.071 4.488 2.81 1.948 0.5047 0.48 0.3555 0.2282 0.1185 0.06247 0.0345 0.02489 0.01072 0.007527 0.004212 0.002432 0.001899 0.001061 0.0008164
0.114 1.508 5.082 3.011 1.557 1.079 0.2797 0.266 0.197 0.1264 0.06564 0.03462 0.01912 0.01379 0.005942 0.004171 0.002334 0.001348 0.001052 0.00104
0.07674 1.211 3.71 3.427 1.678 0.8679 0.6016 0.1559 0.1482 0.1098 0.07047 0.03658 0.01929 0.01065 0.007687 0.003311 0.002325 0.001301 0.0007511 0.001166
0.06977 0.8148 2.984 2.514 1.92 0.9403 0.4864 0.3371 0.08734 0.08308 0.06152 0.03949 0.0205 0.01081 0.005971 0.004308 0.001856 0.001303 0.0007289 0.001074
0.08837 0.7403 2.013 2.032 1.416 1.082 0.5298 0.2741 0.19 0.04922 0.04681 0.03467 0.02225 0.01155 0.006092 0.003364 0.002427 0.001046 0.0007341 0.001016
0.126 0.9369 1.832 1.377 1.151 0.8025 0.6131 0.3002 0.1553 0.1076 0.02788 0.02652 0.01964 0.01261 0.006544 0.003451 0.001906 0.001375 0.0005924 0.0009915
0.1239 1.334 2.323 1.259 0.7842 0.6557 0.457 0.3491 0.171 0.08843 0.06129 0.01588 0.0151 0.01118 0.00718 0.003727 0.001966 0.001086 0.0007832 0.0009021
0.1055 1.311 3.314 1.604 0.7209 0.4489 0.3753 0.2616 0.1999 0.09786 0.05062 0.03509 0.009091 0.008646 0.006403 0.00411 0.002134 0.001125 0.0006214 0.0009647
0.07215 1.115 3.261 2.298 0.9228 0.4148 0.2583 0.2159 0.1505 0.115 0.0563 0.02912 0.02018 0.00523 0.004974 0.003683 0.002365 0.001227 0.0006473 0.0009125
