Originally  
101 
A 
2	100	
1	1	NA	NA	
1	20	
1 326.3 256.4 186.4 128.2 116.5 34.96 23.3 11.65 34.96 23.3 0 11.65 0 0 11.65 0 0 0 0 0
1 451.2 526.3 263.2 206.8 112.8 56.39 37.6 56.39 37.6 18.8 56.39 0 18.8 0 0 18.8 0 0 18.8 0
1 753.5 238 277.6 178.5 158.6 138.8 119 39.66 0 59.49 0 19.83 0 0 0 0 0 0 0 0
1 271.6 262.2 56.19 149.8 37.46 74.92 37.46 9.365 9.365 18.73 0 9.365 0 0 0 0 0 0 0 0
1 342.1 228.1 176.2 93.31 82.94 51.84 10.37 20.73 20.73 0 0 0 0 10.37 0 0 0 0 0 0
1 382.4 173.8 162.2 139.1 81.12 92.71 46.35 34.77 23.18 11.59 11.59 0 0 0 0 0 0 0 0 0
1 179.2 379.5 116 94.89 126.5 52.71 42.17 31.63 10.54 10.54 0 0 0 0 0 0 0 0 0 10.54
1 898.5 190.1 103.7 172.8 138.2 86.39 51.83 17.28 17.28 0 0 0 17.28 17.28 0 0 0 0 0 17.28
1 250.5 604.3 162.1 206.3 29.48 103.2 14.74 29.48 44.21 0 14.74 0 0 0 14.74 0 0 0 0 0
1 619.9 112.7 366.3 56.36 98.62 42.27 42.27 28.18 14.09 14.09 0 0 0 14.09 0 0 0 0 0 0
1 361 596.4 109.9 235.4 109.9 62.78 31.39 0 47.09 0 0 0 15.7 0 0 0 0 0 0 0
1 701.3 367.3 250.5 83.49 50.09 33.39 83.49 16.7 16.7 16.7 0 0 16.7 0 0 16.7 0 0 0 16.7
1 871.9 777.7 306.3 212.1 47.13 94.26 0 0 0 0 0 0 23.57 0 0 0 23.57 0 0 0
1 250.7 368.7 383.4 118 162.2 44.24 58.99 0 0 44.24 0 0 14.75 14.75 0 0 0 14.75 0 0
1 477.5 123.2 215.6 369.7 92.41 169.4 15.4 46.21 0 15.4 0 0 0 0 15.4 0 0 0 0 0
1 763.1 479.7 109 305.3 130.8 130.8 174.4 21.8 43.61 0 0 0 0 0 21.8 0 0 0 0 0
1 581.6 436.2 218.1 54.52 145.4 163.6 36.35 72.7 0 36.35 18.17 18.17 18.17 0 0 0 0 0 0 18.17
1 205.2 302.9 166.1 78.17 39.09 78.17 29.31 29.31 9.772 0 9.772 9.772 9.772 0 9.772 0 0 0 0 0
1 2052 150.9 271.6 241.4 181.1 0 0 60.35 0 30.18 0 30.18 0 0 0 0 0 0 0 0
1 367.5 1417 236.2 262.5 78.74 78.74 0 105 52.5 0 26.25 0 0 0 0 0 0 0 0 0
1 1051 278.1 958 247.2 123.6 123.6 123.6 61.81 92.71 0 30.9 0 0 0 0 0 0 0 0 0
1 454.4 313.4 125.4 329.1 141 62.68 47.01 31.34 15.67 0 31.34 0 0 0 0 15.67 0 0 0 0
1 1095 407.4 331 152.8 356.4 101.8 25.46 76.38 0 0 0 0 0 0 0 0 0 0 0 0
1 275 800.1 400 375 200 175 125 50.01 0 50.01 25 0 0 0 0 0 0 25 0 0
1 201.9 134.6 639.3 151.4 134.6 117.8 117.8 33.65 33.65 50.47 50.47 0 0 0 16.82 0 0 0 0 0
1 588.7 110.4 73.59 459.9 73.59 147.2 36.79 257.6 18.4 36.79 18.4 0 0 18.4 0 0 0 0 0 0
1 785.5 309.4 142.8 95.21 571.3 285.6 95.21 0 95.21 0 0 0 0 0 0 0 0 0 0 0
1 239.9 572 203 73.81 36.9 498.2 18.45 92.26 0 55.36 0 18.45 18.45 0 0 0 0 18.45 0 0
1 334.2 139.2 278.5 125.3 27.85 13.92 250.6 27.85 97.47 0 69.62 0 13.92 0 0 0 0 0 13.92 0
1 359.5 227.7 83.88 167.8 95.87 59.92 23.97 107.9 11.98 0 23.97 11.98 11.98 11.98 0 0 0 0 0 0
1 301.5 443.3 195.1 248.3 212.8 53.2 53.2 17.73 70.93 53.2 35.47 17.73 17.73 0 0 17.73 17.73 0 0 17.73
1 200.2 147.5 221.3 126.4 73.76 137 52.69 21.07 0 42.15 21.07 0 0 10.54 0 0 0 0 0 0
1 156.2 195.3 175.8 146.5 87.88 19.53 48.82 19.53 9.764 19.53 29.29 9.764 29.29 0 29.29 0 0 0 0 0
1 477.9 188.9 111.1 44.46 55.57 77.8 11.11 44.46 22.23 0 11.11 44.46 22.23 0 0 0 0 0 0 0
1 2611 454.1 227.1 113.5 113.5 37.84 75.69 75.69 37.84 0 0 0 0 0 0 0 37.84 0 0 0
1 460.3 1220 253.2 115.1 46.03 46.03 69.05 0 23.02 46.03 0 0 0 0 0 23.02 0 0 0 0
1 249.8 288.3 999.4 192.2 57.66 0 0 38.44 57.66 0 38.44 0 0 0 0 0 0 0 0 0
1 352.5 168.6 107.3 475.1 214.5 76.62 45.97 15.32 30.65 15.32 0 30.65 0 0 0 0 0 0 0 0
1 314.6 349.6 87.4 87.4 594.3 157.3 34.96 0 17.48 0 34.96 17.48 34.96 0 17.48 0 0 0 0 0
1 467.2 269.6 233.6 71.88 143.8 449.3 35.94 53.91 17.97 0 17.97 0 0 0 17.97 0 17.97 0 0 0
1 458.4 194.5 83.35 250.1 83.35 27.78 166.7 41.68 13.89 13.89 0 13.89 0 0 41.68 0 0 0 0 0
1 895.8 341.3 298.6 149.3 106.6 63.98 63.98 128 42.66 21.33 0 0 21.33 0 0 0 0 0 0 0
1 328.4 462.8 253.8 164.2 14.93 134.4 14.93 0 104.5 14.93 0 0 0 0 0 0 0 0 0 0
1 301.7 226.3 226.3 140.1 75.42 21.55 21.55 10.77 10.77 43.1 0 0 0 0 0 0 0 0 0 0
1 575.7 287.8 254 237 135.5 33.86 33.86 50.79 33.86 16.93 33.86 0 0 0 0 0 0 0 0 0
1 171.3 487.4 118.6 197.6 171.3 92.22 13.17 26.35 0 0 13.17 13.17 13.17 0 0 0 0 0 0 0
1 337.8 284.5 408.9 213.3 106.7 231.1 71.12 17.78 35.56 17.78 0 17.78 35.56 0 0 0 0 0 0 0
1 227.6 265.6 202.3 252.9 50.58 50.58 151.7 37.94 25.29 0 0 0 0 0 0 0 0 0 0 0
1 835.9 278.6 104.5 104.5 139.3 52.24 104.5 69.66 34.83 0 0 0 0 0 17.41 0 0 0 0 0
1 1503 323.8 115.6 185 69.39 46.26 0 23.13 0 23.13 0 0 0 0 0 0 23.13 0 0 0
1 401.7 1435 602.6 114.8 28.69 28.69 114.8 28.69 0 28.69 0 0 0 0 0 28.69 28.69 0 0 28.69
1 127.7 150.9 580.3 185.7 23.21 58.03 11.61 11.61 0 0 11.61 0 0 0 0 0 0 0 0 0
1 210.6 99.73 121.9 465.4 77.57 0 33.24 22.16 22.16 0 0 0 11.08 0 22.16 11.08 0 0 11.08 0
1 228.3 109.2 168.8 59.57 268.1 69.5 19.86 19.86 19.86 9.928 19.86 0 0 0 0 0 0 0 0 0
1 735.1 60.01 150 105 30 270 105 15 0 0 15 0 15 0 0 0 0 0 0 0
1 248.7 298.5 49.75 41.46 16.58 8.291 124.4 16.58 16.58 0 0 0 0 8.291 0 0 0 0 0 0
1 57.69 222.5 296.7 49.45 49.45 24.72 16.48 57.69 24.72 16.48 0 0 8.242 0 0 0 0 0 0 0
1 224.3 112.1 224.3 314 33.64 11.21 22.43 44.85 112.1 11.21 0 0 0 11.21 0 0 0 0 0 0
1 390.8 246.8 20.57 123.4 133.7 30.85 0 0 0 71.98 10.28 0 0 0 0 0 0 0 0 0
1 658.3 449.6 96.33 32.11 128.4 64.22 16.06 16.06 16.06 48.17 48.17 0 0 0 16.06 16.06 0 0 0 0
1 338.1 450.8 434.7 193.2 16.1 32.2 48.3 16.1 0 0 16.1 16.1 32.2 0 0 0 16.1 0 0 0
1 162.6 119.2 357.6 184.2 43.35 10.84 65.03 75.86 21.68 10.84 10.84 10.84 0 10.84 0 0 0 0 0 0
1 667.3 141.2 102.7 179.7 128.3 0 0 12.83 38.5 12.83 0 0 0 0 0 0 0 0 0 0
1 374.4 446.4 144 72.01 244.8 72.01 28.8 0 14.4 43.2 0 0 0 0 0 0 0 0 0 0
1 174.2 243.9 209 104.5 8.71 87.1 26.13 8.71 0 8.71 0 0 0 0 0 0 0 0 0 0
1 543.7 94.1 125.5 135.9 31.37 31.37 41.82 10.46 10.46 0 0 20.91 0 0 0 0 0 0 0 0
1 113.5 359.4 85.12 179.7 141.9 0 0 28.37 9.458 0 0 18.92 0 0 0 9.458 0 0 0 0
1 119 128.1 357 54.92 45.77 137.3 36.61 9.153 27.46 0 0 0 0 0 0 0 0 0 0 0
1 650.9 73.96 147.9 325.4 88.76 29.59 118.3 0 0 29.59 14.79 0 0 0 0 0 0 0 0 0
1 573.3 444.3 57.33 71.67 143.3 57.33 28.67 57.33 0 0 0 0 0 0 0 0 0 0 0 0
1 1066 543.3 271.6 20.9 62.69 83.58 0 20.9 20.9 0 0 0 0 0 0 0 0 0 0 0
1 233.9 628.7 307 190.1 0 0 58.48 14.62 0 14.62 14.62 0 0 0 0 0 0 0 0 0
1 814.4 203.6 701.3 226.2 203.6 22.62 45.25 0 0 0 45.25 0 0 0 0 0 0 0 0 0
1 158.2 696 94.91 237.3 221.4 47.45 15.82 15.82 31.64 15.82 31.64 0 0 15.82 0 0 0 0 0 0
1 340.4 108.9 449.3 81.7 163.4 68.08 68.08 0 0 27.23 13.62 27.23 0 13.62 0 0 0 0 0 0
1 714.8 202 93.23 233.1 46.62 170.9 31.08 15.54 0 15.54 0 15.54 0 15.54 0 0 0 0 0 0
1 174.5 390 112.9 71.84 92.36 20.52 82.1 41.05 10.26 0 10.26 10.26 0 0 10.26 0 0 0 0 0
1 113.6 73.05 243.5 121.7 56.81 105.5 8.116 56.81 0 8.116 0 0 0 8.116 8.116 0 8.116 0 0 0
1 249.3 99.72 71.23 99.72 56.98 28.49 71.23 14.25 14.25 0 7.123 0 0 0 0 0 0 0 0 0
1 1153 335.4 83.85 41.93 209.6 41.93 20.96 41.93 41.93 83.85 20.96 20.96 0 0 0 0 0 0 0 0
1 358 501.2 131.3 23.86 11.93 83.53 35.8 23.86 23.86 0 0 0 0 0 0 0 0 0 0 0
1 982.2 232.2 321.4 35.72 53.57 0 35.72 53.57 17.86 53.57 0 0 0 0 0 0 0 0 0 0
1 873.5 917.2 87.35 131 43.67 0 43.67 43.67 0 0 0 0 21.84 0 0 21.84 0 0 0 0
1 807.6 555.3 757.2 25.24 277.6 25.24 0 25.24 25.24 0 0 0 0 25.24 0 0 0 0 0 0
1 621.1 646.9 491.7 595.2 25.88 207 0 0 0 0 0 0 0 0 0 0 0 0 0 0
1 283.9 524.2 480.5 349.5 218.4 152.9 87.37 0 0 0 43.68 21.84 0 21.84 0 0 0 0 0 0
1 294.2 63.95 204.6 230.2 166.3 179 12.79 76.74 12.79 0 0 0 12.79 0 12.79 0 0 0 0 12.79
1 117.1 125.4 66.9 66.9 150.5 75.26 158.9 8.363 33.45 16.73 0 0 8.363 0 0 0 0 0 8.363 0
1 1568 190 95 71.25 47.5 118.8 166.3 71.25 0 47.5 0 0 0 0 0 0 0 0 0 0
1 1037 860.3 66.18 44.12 44.12 44.12 44.12 0 44.12 0 0 22.06 0 0 0 0 0 0 0 0
1 341.5 588.1 645 18.97 37.94 37.94 56.91 37.94 56.91 56.91 0 18.97 0 0 0 0 0 0 0 0
1 202.4 389.2 342.5 435.9 15.57 15.57 0 46.7 62.27 15.57 31.13 0 0 0 0 0 0 0 0 0
1 617.5 243.3 392.9 299.4 224.5 37.42 37.42 0 18.71 0 0 0 0 0 0 0 0 0 0 0
1 232.7 698.2 232.7 325.8 395.6 349.1 23.27 46.54 0 23.27 0 0 0 0 0 0 0 0 0 0
1 1173 229.5 357.1 204 204 178.5 102 0 51.01 25.5 25.5 0 0 0 0 0 0 0 0 0
1 1077 646 71.78 215.3 95.71 95.71 71.78 47.85 0 0 0 0 23.93 23.93 23.93 0 0 0 0 0
1 523.2 741.2 523.2 43.6 87.2 87.2 43.6 43.6 43.6 0 0 0 21.8 0 0 21.8 0 0 0 0
1 208.2 327.1 475.8 223.1 59.48 59.48 29.74 0 59.48 44.61 0 0 0 0 0 0 0 0 0 0
1 432.5 86.5 86.5 302.8 230.7 43.25 57.67 14.42 14.42 57.67 43.25 0 0 0 14.42 14.42 14.42 28.83 0 0
