 landings-at-age - landings.n (units : NA )
1	2	
42	100	
1	20	
1 
0.2616 4.833 12.3 6.655 6.141 3.378 2.183 1.825 1.081 1.303 0.9192 0.3815 0.3833 0.2042 0.1203 0.1039 0.05891 0.08158 0.02848 0.08453
0.1245 1.665 7.544 5.555 2.513 2.319 1.275 0.8244 0.6891 0.4082 0.4922 0.3471 0.144 0.1448 0.07709 0.04543 0.03924 0.02224 0.03081 0.04267
0.3544 2.052 6.711 8.88 5.48 2.479 2.287 1.258 0.8131 0.6797 0.4026 0.4855 0.3424 0.1421 0.1428 0.07604 0.04481 0.03871 0.02194 0.07248
0.2828 3.63 5.139 4.878 5.4 3.332 1.507 1.391 0.7651 0.4945 0.4134 0.2449 0.2953 0.2082 0.0864 0.08683 0.04624 0.02725 0.02354 0.05742
0.1335 4.239 13.24 5.441 4.323 4.786 2.954 1.336 1.233 0.6781 0.4383 0.3663 0.217 0.2617 0.1845 0.07658 0.07696 0.04098 0.02415 0.07175
0.3596 1.265 9.783 8.822 3.03 2.407 2.665 1.644 0.7438 0.6863 0.3775 0.244 0.204 0.1208 0.1457 0.1027 0.04264 0.04285 0.02282 0.05339
0.4921 3.433 2.953 6.623 4.995 1.715 1.363 1.509 0.9311 0.4212 0.3886 0.2138 0.1382 0.1155 0.06841 0.0825 0.05817 0.02414 0.02426 0.04315
0.2465 6.864 11.67 2.917 5.477 4.131 1.419 1.127 1.248 0.7701 0.3483 0.3214 0.1768 0.1143 0.09552 0.05658 0.06823 0.04811 0.01997 0.05576
0.2446 2.849 19.3 9.491 1.984 3.724 2.809 0.9646 0.7664 0.8484 0.5236 0.2368 0.2185 0.1202 0.07769 0.06494 0.03847 0.04639 0.03271 0.05148
0.2465 2.518 7.141 13.99 5.75 1.202 2.256 1.702 0.5844 0.4643 0.514 0.3172 0.1435 0.1324 0.07283 0.04707 0.03935 0.02331 0.02811 0.05101
0.3694 3.024 7.514 6.169 10.11 4.155 0.8683 1.63 1.23 0.4223 0.3355 0.3714 0.2292 0.1037 0.09566 0.05262 0.03401 0.02843 0.01684 0.05717
0.2429 4.507 8.951 6.423 4.408 7.22 2.968 0.6203 1.165 0.8785 0.3017 0.2397 0.2653 0.1637 0.07407 0.06835 0.03759 0.0243 0.02031 0.05287
0.3309 2.423 10.93 6.255 3.749 2.573 4.215 1.733 0.3621 0.6799 0.5128 0.1761 0.1399 0.1549 0.09559 0.04324 0.0399 0.02194 0.01418 0.04272
0.4385 3.834 6.824 8.892 4.255 2.551 1.75 2.867 1.179 0.2463 0.4625 0.3488 0.1198 0.09518 0.1054 0.06503 0.02941 0.02714 0.01493 0.03871
0.3976 5.308 11.26 5.781 6.296 3.013 1.806 1.239 2.03 0.8347 0.1744 0.3275 0.247 0.08483 0.0674 0.07461 0.04604 0.02083 0.01922 0.03798
0.2812 4.253 13.77 8.413 3.609 3.931 1.881 1.128 0.7737 1.268 0.5211 0.1089 0.2045 0.1542 0.05296 0.04208 0.04658 0.02875 0.013 0.03571
0.3141 2.959 10.87 10.16 5.183 2.224 2.422 1.159 0.6946 0.4767 0.7809 0.321 0.06709 0.126 0.09501 0.03263 0.02592 0.0287 0.01771 0.03001
0.2829 3.665 8.384 8.896 6.945 3.545 1.521 1.656 0.7926 0.4751 0.326 0.534 0.2196 0.04588 0.08615 0.06498 0.02231 0.01773 0.01963 0.03264
0.2606 2.645 8.348 5.513 4.888 3.816 1.948 0.8356 0.91 0.4355 0.261 0.1791 0.2934 0.1206 0.02521 0.04733 0.0357 0.01226 0.009741 0.02872
0.4308 2.787 6.904 6.317 3.49 3.094 2.416 1.233 0.5289 0.576 0.2757 0.1652 0.1134 0.1857 0.07636 0.01596 0.02996 0.0226 0.007761 0.02434
0.2029 3.616 5.734 4.127 3.159 1.745 1.547 1.208 0.6166 0.2645 0.2881 0.1379 0.08263 0.0567 0.09289 0.03819 0.007981 0.01498 0.0113 0.01606
0.394 2.398 10.48 4.853 2.926 2.24 1.237 1.097 0.8565 0.4372 0.1876 0.2043 0.09774 0.05859 0.0402 0.06586 0.02708 0.005659 0.01062 0.0194
0.3268 6.922 10.25 13.05 5.059 3.05 2.335 1.29 1.144 0.8928 0.4557 0.1955 0.2129 0.1019 0.06107 0.04191 0.06865 0.02822 0.005898 0.03129
0.2516 2.429 12.58 5.383 5.723 2.219 1.338 1.024 0.5657 0.5016 0.3916 0.1998 0.08574 0.09337 0.04468 0.02678 0.01838 0.03011 0.01238 0.01631
0.2416 2.325 5.516 8.325 2.984 3.173 1.23 0.7415 0.5677 0.3136 0.278 0.2171 0.1108 0.04753 0.05176 0.02477 0.01485 0.01019 0.01669 0.0159
0.2397 4.773 11.19 7.746 9.798 3.512 3.734 1.448 0.8727 0.6681 0.3691 0.3272 0.2555 0.1304 0.05594 0.06092 0.02915 0.01747 0.01199 0.03836
0.2097 1.786 8.701 5.899 3.412 4.315 1.547 1.644 0.6375 0.3844 0.2942 0.1625 0.1441 0.1125 0.05742 0.02464 0.02683 0.01284 0.007696 0.02218
0.2619 2.459 5.132 7.285 4.137 2.392 3.026 1.085 1.153 0.447 0.2695 0.2063 0.114 0.1011 0.0789 0.04027 0.01728 0.01881 0.009003 0.02095
0.3132 3.55 8.14 4.943 5.875 3.336 1.929 2.44 0.8746 0.9299 0.3605 0.2173 0.1664 0.09191 0.08149 0.06362 0.03247 0.01393 0.01517 0.02415
0.3813 3.51 9.703 6.449 3.276 3.894 2.211 1.279 1.617 0.5797 0.6163 0.2389 0.1441 0.1103 0.06092 0.05402 0.04217 0.02152 0.009234 0.02606
0.2487 3.739 8.412 6.744 3.75 1.905 2.264 1.285 0.7434 0.9403 0.337 0.3583 0.1389 0.08375 0.06411 0.03542 0.0314 0.02452 0.01251 0.02052
0.1522 2.213 8.164 5.345 3.587 1.994 1.013 1.204 0.6837 0.3954 0.5001 0.1792 0.1906 0.07388 0.04454 0.0341 0.01884 0.0167 0.01304 0.01757
0.2427 2.912 10.31 11.09 6.081 4.081 2.269 1.152 1.37 0.7778 0.4498 0.5689 0.2039 0.2168 0.08405 0.05067 0.03879 0.02143 0.019 0.03482
0.3107 2.047 5.992 6.125 5.503 3.019 2.026 1.126 0.5721 0.68 0.3861 0.2233 0.2824 0.1012 0.1076 0.04172 0.02516 0.01926 0.01064 0.02672
0.2935 3.24 5.223 4.444 3.801 3.415 1.873 1.257 0.699 0.355 0.422 0.2396 0.1386 0.1753 0.06282 0.06679 0.0259 0.01561 0.01195 0.02318
0.3612 4.372 11.75 5.506 3.921 3.355 3.014 1.653 1.109 0.6168 0.3133 0.3724 0.2115 0.1223 0.1547 0.05544 0.05895 0.02285 0.01378 0.03101
0.3381 4.094 12.04 9.348 3.661 2.607 2.231 2.004 1.099 0.7377 0.4101 0.2083 0.2476 0.1406 0.08132 0.1029 0.03686 0.03919 0.0152 0.02978
0.4711 3.874 11.39 9.67 6.275 2.458 1.75 1.497 1.345 0.738 0.4952 0.2753 0.1399 0.1662 0.0944 0.05459 0.06905 0.02475 0.02631 0.03019
0.4142 4.877 9.752 8.275 5.871 3.81 1.492 1.063 0.9092 0.8169 0.4481 0.3007 0.1672 0.08492 0.1009 0.05731 0.03314 0.04192 0.01503 0.03431
0.3333 4.448 12.75 7.372 5.23 3.711 2.408 0.9431 0.6717 0.5747 0.5163 0.2832 0.1901 0.1057 0.05367 0.0638 0.03623 0.02095 0.0265 0.03118
0.2573 2.832 9.248 7.682 3.714 2.635 1.869 1.213 0.4751 0.3384 0.2895 0.2601 0.1427 0.09575 0.05323 0.02704 0.03214 0.01825 0.01055 0.02906
0.234 2.946 7.944 7.554 5.254 2.54 1.802 1.279 0.8298 0.325 0.2315 0.198 0.1779 0.09759 0.06549 0.03641 0.01849 0.02198 0.01248 0.02709
0.316 3.41 10.47 8.208 6.535 4.546 2.198 1.559 1.106 0.7179 0.2811 0.2002 0.1713 0.1539 0.08443 0.05666 0.0315 0.016 0.01902 0.03424
0.2546 3.462 9.096 8.078 5.296 4.216 2.933 1.418 1.006 0.7137 0.4632 0.1814 0.1292 0.1105 0.09931 0.05447 0.03655 0.02032 0.01032 0.03436
0.2335 2.641 8.755 6.66 4.946 3.243 2.582 1.796 0.8682 0.616 0.437 0.2836 0.1111 0.07911 0.06768 0.06081 0.03335 0.02238 0.01244 0.02736
0.2464 2.08 5.761 5.543 3.527 2.619 1.717 1.367 0.9511 0.4598 0.3262 0.2315 0.1502 0.05882 0.0419 0.03584 0.0322 0.01766 0.01185 0.02108
0.1431 2.346 4.865 3.93 3.166 2.015 1.496 0.9811 0.7811 0.5433 0.2627 0.1864 0.1322 0.08581 0.0336 0.02393 0.02047 0.0184 0.01009 0.01881
0.3569 2.582 10.33 6.251 4.231 3.409 2.169 1.611 1.056 0.8409 0.5849 0.2828 0.2006 0.1423 0.09237 0.03617 0.02577 0.02204 0.0198 0.03112
0.3806 4.558 8.002 9.252 4.681 3.169 2.553 1.625 1.206 0.791 0.6298 0.4381 0.2118 0.1503 0.1066 0.06918 0.02709 0.0193 0.01651 0.03814
0.2763 4.374 12.69 6.417 6.199 3.136 2.123 1.71 1.088 0.8083 0.5299 0.4219 0.2935 0.1419 0.1007 0.07142 0.04635 0.01815 0.01293 0.03661
0.256 2.749 10.57 8.831 3.73 3.603 1.823 1.234 0.9941 0.6327 0.4698 0.308 0.2452 0.1706 0.08247 0.05851 0.04151 0.02694 0.01055 0.02879
0.2047 1.98 5.202 5.786 4.04 1.706 1.648 0.834 0.5645 0.4548 0.2894 0.2149 0.1409 0.1122 0.07804 0.03773 0.02677 0.01899 0.01232 0.018
0.2127 1.938 4.607 3.529 3.286 2.295 0.9692 0.9362 0.4737 0.3206 0.2583 0.1644 0.1221 0.08004 0.06372 0.04432 0.02143 0.0152 0.01079 0.01722
0.2576 2.542 5.692 3.954 2.537 2.363 1.65 0.6969 0.6732 0.3406 0.2306 0.1858 0.1182 0.08779 0.05756 0.04582 0.03187 0.01541 0.01093 0.02014
0.1821 3.606 8.711 5.689 3.311 2.125 1.979 1.382 0.5836 0.5637 0.2852 0.1931 0.1555 0.09899 0.07351 0.04819 0.03837 0.02669 0.0129 0.02602
0.2759 2.51 12.1 8.487 4.639 2.7 1.733 1.614 1.127 0.4759 0.4597 0.2326 0.1574 0.1268 0.08072 0.05994 0.0393 0.03129 0.02176 0.03174
0.2932 3.532 7.791 10.85 6.362 3.478 2.024 1.299 1.21 0.8446 0.3567 0.3446 0.1744 0.118 0.09508 0.06051 0.04493 0.02946 0.02345 0.04011
0.1899 2.106 6.198 3.943 4.587 2.689 1.47 0.8554 0.549 0.5113 0.357 0.1508 0.1457 0.0737 0.04988 0.04019 0.02558 0.01899 0.01245 0.02687
0.1813 2.087 5.672 4.86 2.588 3.011 1.765 0.9649 0.5615 0.3604 0.3356 0.2344 0.09898 0.09561 0.04838 0.03274 0.02638 0.01679 0.01247 0.02581
