 landings-at-age - landings.n (units : NA )
1	2	
2	100	
1	20	
1 
0.02659 0.2984 0.8352 0.6934 0.4839 0.3377 0.2357 0.1644 0.1148 0.08008 0.05589 0.039 0.02722 0.01899 0.01325 0.009249 0.006454 0.004504 0.003143 0.007259
0.002599 0.05216 0.1462 0.1214 0.08475 0.05914 0.04127 0.0288 0.0201 0.01403 0.009787 0.00683 0.004766 0.003326 0.002321 0.00162 0.00113 0.0007888 0.0005504 0.001271
0.004898 0.02918 0.1464 0.1219 0.08515 0.05942 0.04147 0.02894 0.02019 0.01409 0.009834 0.006862 0.004789 0.003342 0.002332 0.001627 0.001136 0.0007925 0.000553 0.001277
0.002345 0.055 0.08188 0.122 0.08549 0.0597 0.04166 0.02907 0.02029 0.01416 0.00988 0.006895 0.004811 0.003358 0.002343 0.001635 0.001141 0.0007963 0.0005557 0.001283
0.007834 0.02633 0.1543 0.06828 0.08557 0.05994 0.04186 0.02921 0.02038 0.01423 0.009927 0.006927 0.004834 0.003374 0.002354 0.001643 0.001146 8e-04 0.0005583 0.001289
0.005713 0.08797 0.07387 0.1287 0.04787 0.06 0.04203 0.02935 0.02048 0.01429 0.009974 0.00696 0.004857 0.00339 0.002365 0.001651 0.001152 0.0008038 0.0005609 0.001295
0.004643 0.06415 0.2468 0.0616 0.09023 0.03357 0.04207 0.02947 0.02058 0.01436 0.01002 0.006993 0.00488 0.003406 0.002377 0.001658 0.001157 0.0008076 0.0005636 0.001302
0.00625 0.05214 0.18 0.2058 0.04319 0.06327 0.02353 0.0295 0.02066 0.01443 0.01007 0.007026 0.004903 0.003422 0.002388 0.001666 0.001163 0.0008114 0.0005663 0.001308
0.006133 0.07018 0.1463 0.1501 0.1443 0.03028 0.04436 0.0165 0.02068 0.01449 0.01012 0.00706 0.004926 0.003438 0.002399 0.001674 0.001168 0.0008153 0.0005689 0.001314
0.002476 0.06886 0.1969 0.122 0.1052 0.1012 0.02123 0.0311 0.01157 0.0145 0.01016 0.007093 0.00495 0.003454 0.00241 0.001682 0.001174 0.0008191 0.0005716 0.00132
0.004226 0.02781 0.1932 0.1642 0.08554 0.07379 0.07095 0.01489 0.02181 0.008112 0.01017 0.007121 0.004973 0.003471 0.002422 0.00169 0.001179 0.000823 0.0005743 0.001326
0.006113 0.04745 0.07802 0.1611 0.1151 0.05997 0.05174 0.04974 0.01044 0.01529 0.005688 0.007128 0.004993 0.003487 0.002433 0.001698 0.001185 0.0008269 0.0005771 0.001333
0.009213 0.06864 0.1331 0.06506 0.113 0.08072 0.04205 0.03627 0.03488 0.007319 0.01072 0.003988 0.004998 0.003501 0.002445 0.001706 0.001191 0.0008308 0.0005798 0.001339
0.002211 0.1034 0.1926 0.111 0.04562 0.07921 0.0566 0.02948 0.02543 0.02445 0.005131 0.007516 0.002796 0.003504 0.002455 0.001714 0.001196 0.0008348 0.0005825 0.001345
0.00277 0.02482 0.2903 0.1606 0.07784 0.03198 0.05554 0.03968 0.02067 0.01783 0.01715 0.003598 0.00527 0.00196 0.002457 0.001721 0.001202 0.0008387 0.0005853 0.001352
0.003668 0.0311 0.06966 0.242 0.1126 0.05458 0.02243 0.03894 0.02782 0.01449 0.0125 0.01202 0.002523 0.003695 0.001375 0.001723 0.001207 0.0008427 0.0005881 0.001358
0.001955 0.04118 0.08728 0.05809 0.1697 0.07896 0.03827 0.01572 0.0273 0.01951 0.01016 0.008767 0.008429 0.001769 0.002591 0.0009638 0.001208 0.000846 0.0005908 0.001365
0.002101 0.02196 0.1156 0.07278 0.04073 0.119 0.05536 0.02683 0.01102 0.01914 0.01368 0.007125 0.006147 0.00591 0.00124 0.001817 0.0006757 0.0008469 0.0005932 0.001371
0.01067 0.02359 0.06161 0.09636 0.05103 0.02855 0.08343 0.03882 0.01881 0.00773 0.01342 0.00959 0.004996 0.00431 0.004144 0.0008695 0.001274 0.0004738 0.0005938 0.001377
0.004754 0.1198 0.06618 0.05138 0.06756 0.03578 0.02002 0.0585 0.02722 0.01319 0.00542 0.009411 0.006724 0.003503 0.003022 0.002905 0.0006096 0.000893 0.0003322 0.001382
0.002473 0.05338 0.336 0.05519 0.03602 0.04737 0.02509 0.01404 0.04101 0.01908 0.009248 0.0038 0.006599 0.004715 0.002456 0.002119 0.002037 0.0004274 0.0006261 0.001202
0.005579 0.02776 0.1498 0.2802 0.03869 0.02526 0.03321 0.01759 0.009842 0.02876 0.01338 0.006484 0.002664 0.004626 0.003306 0.001722 0.001485 0.001428 0.0002997 0.001282
0.002298 0.06264 0.0779 0.1249 0.1965 0.02713 0.01771 0.02329 0.01233 0.006901 0.02016 0.009381 0.004546 0.001868 0.003244 0.002318 0.001207 0.001042 0.001001 0.001109
0.006983 0.0258 0.1758 0.06496 0.08757 0.1378 0.01902 0.01242 0.01633 0.008647 0.004839 0.01414 0.006577 0.003188 0.00131 0.002274 0.001625 0.0008465 0.0007303 0.00148
0.002311 0.07841 0.07241 0.1466 0.04555 0.0614 0.09658 0.01334 0.008706 0.01145 0.006062 0.003393 0.009912 0.004612 0.002235 0.0009183 0.001595 0.001139 0.0005935 0.001549
0.005466 0.02595 0.22 0.06038 0.1028 0.03193 0.04305 0.06772 0.009351 0.006104 0.008027 0.004251 0.002379 0.00695 0.003233 0.001567 0.0006439 0.001118 0.0007989 0.001502
0.002601 0.06137 0.07281 0.1835 0.04233 0.07206 0.02239 0.03018 0.04748 0.006557 0.00428 0.005628 0.00298 0.001668 0.004873 0.002267 0.001099 0.0004515 0.0007839 0.001614
0.002065 0.0292 0.1722 0.06072 0.1286 0.02968 0.05052 0.0157 0.02116 0.03329 0.004597 0.003001 0.003946 0.00209 0.001169 0.003416 0.00159 0.0007704 0.0003165 0.001681
0.006567 0.02318 0.08194 0.1436 0.04257 0.09019 0.02081 0.03542 0.01101 0.01484 0.02334 0.003223 0.002104 0.002767 0.001465 0.0008199 0.002395 0.001114 0.0005401 0.001401
0.004531 0.07373 0.06505 0.06833 0.1007 0.02985 0.06324 0.01459 0.02484 0.007718 0.0104 0.01637 0.00226 0.001475 0.00194 0.001027 0.0005748 0.00168 0.0007814 0.001361
0.003145 0.05088 0.2069 0.05424 0.04791 0.07059 0.02093 0.04434 0.01023 0.01741 0.005411 0.007295 0.01147 0.001585 0.001034 0.00136 0.0007203 0.0004031 0.001178 0.001502
0.00692 0.03531 0.1428 0.1725 0.03803 0.03359 0.0495 0.01467 0.03109 0.007173 0.01221 0.003794 0.005115 0.008045 0.001111 0.0007252 0.0009536 0.000505 0.0002826 0.001879
0.00512 0.0777 0.09909 0.1191 0.121 0.02667 0.02355 0.0347 0.01029 0.0218 0.005029 0.008561 0.00266 0.003586 0.005641 0.000779 0.0005084 0.0006686 0.0003541 0.001515
0.009235 0.05749 0.218 0.08263 0.08347 0.08481 0.0187 0.01651 0.02433 0.007214 0.01528 0.003526 0.006002 0.001865 0.002514 0.003955 0.0005462 0.0003565 0.0004688 0.001311
0.004549 0.1037 0.1613 0.1818 0.05793 0.05853 0.05947 0.01311 0.01158 0.01706 0.005058 0.01072 0.002473 0.004208 0.001308 0.001763 0.002773 0.0003829 0.00025 0.001248
0.01669 0.05107 0.291 0.1345 0.1275 0.04062 0.04104 0.04169 0.009192 0.008118 0.01196 0.003546 0.007513 0.001734 0.002951 0.0009169 0.001236 0.001944 0.0002685 0.00105
0.009773 0.1874 0.1433 0.2426 0.09432 0.08937 0.02848 0.02877 0.02923 0.006445 0.005692 0.008387 0.002486 0.005268 0.001215 0.002069 0.0006429 0.0008667 0.001363 0.0009245
0.003029 0.1097 0.5259 0.1195 0.1701 0.06613 0.06266 0.01997 0.02017 0.0205 0.004519 0.003991 0.00588 0.001743 0.003694 0.0008522 0.001451 0.0004508 0.0006076 0.001604
0.006325 0.03401 0.3079 0.4386 0.08379 0.1193 0.04637 0.04394 0.014 0.01414 0.01437 0.003168 0.002798 0.004123 0.001222 0.00259 0.0005975 0.001017 0.000316 0.001551
1.761 18.3 22.78 60.15 72.04 13.76 19.59 7.617 7.217 2.3 2.323 2.361 0.5204 0.4596 0.6772 0.2008 0.4254 0.09815 0.1671 0.3066
1.365 18.11 42.58 14.14 30.69 36.75 7.022 9.995 3.886 3.682 1.173 1.185 1.204 0.2655 0.2345 0.3455 0.1024 0.217 0.05007 0.2417
0.9604 16.66 49.71 31.29 8.552 18.56 22.22 4.246 6.044 2.35 2.226 0.7095 0.7167 0.7282 0.1605 0.1418 0.2089 0.06194 0.1312 0.1764
0.4321 9.486 37.16 29.43 15.2 4.155 9.015 10.8 2.063 2.936 1.141 1.082 0.3447 0.3482 0.3538 0.07799 0.06888 0.1015 0.03009 0.1495
0.5895 4.615 22.98 24.13 15.72 8.12 2.22 4.816 5.768 1.102 1.569 0.6098 0.5778 0.1841 0.186 0.189 0.04167 0.0368 0.05422 0.09592
1.816 6.697 11.86 15.86 13.71 8.931 4.613 1.261 2.736 3.277 0.626 0.8911 0.3464 0.3283 0.1046 0.1057 0.1074 0.02367 0.02091 0.0853
1.287 19.79 16.5 7.822 8.598 7.432 4.842 2.501 0.6837 1.483 1.776 0.3394 0.4831 0.1878 0.178 0.05672 0.05729 0.05822 0.01283 0.05758
3.014 14.66 50.8 11.33 4.418 4.856 4.198 2.735 1.413 0.3862 0.8379 1.003 0.1917 0.2729 0.1061 0.1005 0.03204 0.03236 0.03288 0.03977
0.8392 29.99 33.07 30.59 5.607 2.186 2.403 2.077 1.353 0.6991 0.1911 0.4146 0.4965 0.09487 0.135 0.0525 0.04975 0.01585 0.01601 0.03595
0.7547 10.52 84.6 25.05 19.08 3.497 1.364 1.499 1.296 0.8441 0.436 0.1192 0.2586 0.3097 0.05917 0.08423 0.03274 0.03103 0.009887 0.03241
0.4387 7.876 24.7 52.7 12.81 9.757 1.788 0.6972 0.7664 0.6625 0.4316 0.2229 0.06094 0.1322 0.1584 0.03025 0.04307 0.01674 0.01586 0.02163
1.121 4.951 19.97 16.68 29.24 7.107 5.413 0.9921 0.3868 0.4252 0.3676 0.2395 0.1237 0.03381 0.07336 0.08786 0.01679 0.02389 0.009289 0.0208
0.539 11.67 11.61 12.45 8.534 14.96 3.637 2.77 0.5077 0.198 0.2176 0.1881 0.1226 0.0633 0.0173 0.03754 0.04496 0.008591 0.01223 0.0154
0.6652 5.692 27.87 7.406 6.524 4.474 7.844 1.907 1.452 0.2661 0.1038 0.1141 0.09861 0.06424 0.03318 0.009071 0.01968 0.02357 0.004503 0.01448
0.7212 7.488 14.47 18.98 4.148 3.654 2.506 4.394 1.068 0.8133 0.1491 0.05812 0.06389 0.05523 0.03598 0.01859 0.00508 0.01102 0.0132 0.01063
1.257 8.062 18.86 9.729 10.49 2.293 2.02 1.385 2.428 0.5902 0.4496 0.08239 0.03213 0.03531 0.03053 0.01989 0.01027 0.002808 0.006093 0.01317
0.8041 12.74 18.49 11.54 4.892 5.274 1.153 1.016 0.6963 1.221 0.2968 0.226 0.04143 0.01615 0.01776 0.01535 0.01 0.005165 0.001412 0.009688
1.549 9.896 35.26 13.72 7.045 2.986 3.219 0.7037 0.6199 0.425 0.7453 0.1811 0.138 0.02529 0.00986 0.01084 0.009369 0.006104 0.003153 0.006775
0.8114 15.5 22.34 21.13 6.747 3.465 1.469 1.583 0.3461 0.3049 0.2091 0.3666 0.0891 0.06787 0.01244 0.00485 0.005331 0.004608 0.003003 0.004884
0.4089 8.751 37.85 14.6 11.36 3.627 1.863 0.7897 0.8513 0.1861 0.1639 0.1124 0.1971 0.0479 0.03649 0.006687 0.002608 0.002866 0.002478 0.00424
1.127 4.938 23.75 27.49 8.726 6.789 2.168 1.113 0.4719 0.5087 0.1112 0.09796 0.06717 0.1178 0.02863 0.0218 0.003996 0.001558 0.001713 0.004014
0.4536 12.19 11.98 15.28 14.51 4.607 3.584 1.144 0.5877 0.2491 0.2686 0.0587 0.05172 0.03546 0.06218 0.01511 0.01151 0.00211 0.0008226 0.003023
1.019 5.015 30.2 7.874 8.243 7.829 2.485 1.934 0.6173 0.3171 0.1344 0.1449 0.03167 0.0279 0.01913 0.03355 0.008153 0.00621 0.001138 0.002075
0.1653 10.09 11.2 17.9 3.83 4.01 3.808 1.209 0.9405 0.3003 0.1542 0.06537 0.07048 0.01541 0.01357 0.009306 0.01632 0.003966 0.003021 0.001563
0.3727 1.859 25.61 7.617 10.01 2.142 2.243 2.13 0.6762 0.526 0.168 0.08626 0.03656 0.03942 0.008617 0.007591 0.005205 0.009127 0.002218 0.002564
0.2455 4.036 4.546 16.73 4.088 5.374 1.15 1.204 1.143 0.3629 0.2823 0.09015 0.0463 0.01963 0.02116 0.004625 0.004074 0.002794 0.004899 0.002567
1.403 2.71 10.05 3.026 9.154 2.237 2.941 0.6293 0.6588 0.6257 0.1986 0.1545 0.04934 0.02534 0.01074 0.01158 0.002531 0.00223 0.001529 0.004086
0.1879 14.41 6.309 6.256 1.548 4.681 1.144 1.504 0.3218 0.3369 0.32 0.1016 0.07903 0.02523 0.01296 0.005493 0.005922 0.001294 0.00114 0.002871
0.4232 2.304 39.76 4.67 3.811 0.9429 2.852 0.6972 0.9166 0.1961 0.2053 0.195 0.06189 0.04815 0.01537 0.007896 0.003347 0.003608 0.0007887 0.002444
0.6158 4.373 5.364 24.59 2.371 1.935 0.4787 1.448 0.354 0.4653 0.09955 0.1042 0.09899 0.03142 0.02445 0.007805 0.004009 0.001699 0.001832 0.001642
0.1189 6.251 10.07 3.303 12.45 1.2 0.9795 0.2423 0.733 0.1792 0.2355 0.05039 0.05275 0.0501 0.01591 0.01237 0.003951 0.002029 0.0008601 0.001758
0.5386 1.394 16.58 7.18 1.94 7.308 0.7047 0.5751 0.1423 0.4304 0.1052 0.1383 0.02959 0.03098 0.02942 0.009339 0.007266 0.00232 0.001191 0.001537
0.2617 5.823 3.405 10.82 3.853 1.041 3.922 0.3782 0.3086 0.07636 0.231 0.05646 0.07422 0.01588 0.01662 0.01579 0.005012 0.003899 0.001245 0.001464
0.1614 3.006 15.06 2.353 6.151 2.19 0.5916 2.229 0.2149 0.1754 0.0434 0.1313 0.03209 0.04218 0.009024 0.009447 0.008973 0.002848 0.002216 0.00154
0.4972 1.688 7.093 9.458 1.214 3.174 1.13 0.3052 1.15 0.1109 0.09051 0.02239 0.06773 0.01656 0.02176 0.004656 0.004875 0.00463 0.00147 0.001938
0.09185 5.174 3.982 4.476 4.908 0.63 1.647 0.5863 0.1584 0.5967 0.05754 0.04696 0.01162 0.03514 0.00859 0.01129 0.002416 0.002529 0.002402 0.001768
0.1063 1.026 13.09 2.707 2.505 2.746 0.3525 0.9215 0.3281 0.08862 0.3339 0.0322 0.02628 0.006501 0.01966 0.004807 0.006319 0.001352 0.001415 0.002334
0.4391 1.269 2.755 9.417 1.602 1.482 1.625 0.2086 0.5452 0.1941 0.05243 0.1976 0.01905 0.01555 0.003846 0.01164 0.002844 0.003739 0.0007999 0.002218
0.3171 4.393 2.869 1.656 4.647 0.7905 0.7313 0.8019 0.1029 0.2691 0.0958 0.02588 0.0975 0.009401 0.007673 0.001898 0.005742 0.001404 0.001845 0.001489
0.4051 3.608 11.29 1.975 0.938 2.632 0.4478 0.4142 0.4542 0.0583 0.1524 0.05426 0.01466 0.05523 0.005325 0.004346 0.001075 0.003253 0.000795 0.001889
0.2318 4.72 9.434 7.871 1.132 0.5376 1.509 0.2566 0.2374 0.2603 0.03342 0.08735 0.0311 0.0084 0.03165 0.003052 0.002491 0.0006162 0.001864 0.001538
0.2557 2.283 10.5 5.569 3.813 0.5484 0.2604 0.7308 0.1243 0.115 0.1261 0.01619 0.04231 0.01506 0.004069 0.01533 0.001478 0.001207 0.0002985 0.001648
0.1665 2.891 5.829 7.18 3.134 2.146 0.3086 0.1466 0.4113 0.06996 0.06473 0.07097 0.00911 0.02381 0.008478 0.00229 0.008629 0.0008321 0.0006791 0.001096
0.1278 1.787 7.009 3.776 3.824 1.669 1.143 0.1644 0.07806 0.219 0.03726 0.03447 0.0378 0.004852 0.01268 0.004515 0.00122 0.004596 0.0004431 0.0009452
0.4302 1.43 4.513 4.736 2.099 2.125 0.9277 0.6352 0.09134 0.04338 0.1217 0.02071 0.01916 0.02101 0.002696 0.007049 0.002509 0.0006778 0.002554 0.0007716
0.3268 4.402 3.316 2.797 2.413 1.069 1.083 0.4726 0.3236 0.04653 0.0221 0.06202 0.01055 0.00976 0.0107 0.001374 0.003591 0.001278 0.0003453 0.001694
0.5482 3.673 11.21 2.27 1.576 1.359 0.6023 0.6098 0.2662 0.1823 0.02621 0.01245 0.03494 0.005943 0.005498 0.006028 0.0007738 0.002023 0.0007201 0.001149
0.263 6.354 9.599 7.846 1.307 0.9073 0.7825 0.3468 0.3511 0.1533 0.1049 0.01509 0.007167 0.02011 0.003421 0.003165 0.00347 0.0004455 0.001165 0.001076
0.2864 2.928 15.9 6.394 4.293 0.715 0.4965 0.4282 0.1897 0.1921 0.08387 0.05742 0.008258 0.003922 0.01101 0.001872 0.001732 0.001899 0.0002438 0.001226
0.2149 3.159 7.248 10.46 3.454 2.319 0.3862 0.2682 0.2313 0.1025 0.1038 0.04531 0.03102 0.004461 0.002119 0.005946 0.001011 0.0009356 0.001026 0.000794
0.2096 2.099 6.98 4.26 5.046 1.667 1.119 0.1864 0.1294 0.1116 0.04946 0.05007 0.02186 0.01497 0.002152 0.001022 0.002869 0.000488 0.0004514 0.0008781
0.2696 2.574 5.801 5.172 2.598 3.077 1.016 0.6825 0.1137 0.07892 0.06807 0.03016 0.03054 0.01333 0.009129 0.001313 0.0006235 0.00175 0.0002976 0.0008109
0.3305 2.861 6.137 3.671 2.687 1.35 1.599 0.528 0.3545 0.05904 0.041 0.03536 0.01567 0.01587 0.006926 0.004742 0.000682 0.0003239 0.0009089 0.0005759
0.3602 3.662 7.122 4.065 1.997 1.462 0.7343 0.8698 0.2873 0.1929 0.03212 0.02231 0.01924 0.008526 0.008632 0.003768 0.00258 0.0003711 0.0001762 0.0008079
0.4897 3.625 8.329 4.309 2.02 0.9923 0.7263 0.3648 0.4321 0.1427 0.09584 0.01596 0.01108 0.009559 0.004236 0.004289 0.001872 0.001282 0.0001844 0.0004889
0.1589 5.312 8.91 5.489 2.336 1.095 0.538 0.3938 0.1978 0.2343 0.07738 0.05196 0.008653 0.006009 0.005183 0.002296 0.002325 0.001015 0.000695 0.000365
0.121 1.828 13.79 6.203 3.144 1.338 0.6273 0.3082 0.2256 0.1133 0.1342 0.04433 0.02977 0.004957 0.003442 0.002969 0.001316 0.001332 0.0005815 0.0006073
0.2609 1.358 4.619 9.297 3.436 1.742 0.7414 0.3475 0.1707 0.125 0.06277 0.07435 0.02456 0.01649 0.002746 0.001907 0.001645 0.0007288 0.0007379 0.0006585
0.2982 2.694 3.167 2.868 4.74 1.752 0.888 0.378 0.1772 0.08705 0.06371 0.032 0.03791 0.01252 0.008407 0.0014 0.0009722 0.0008385 0.0003716 0.000712
0.4754 3.553 7.211 2.265 1.687 2.789 1.031 0.5225 0.2224 0.1042 0.05121 0.03748 0.01883 0.0223 0.007366 0.004946 0.0008237 0.000572 0.0004933 0.0006375
