Originally  
101 
A 
2	100	
1	1	NA	NA	
1	20	
1 387.5 198.7 149 99.35 49.68 49.68 19.87 19.87 0 0 9.935 0 9.935 0 0 0 0 0 0 0
1 218.9 317.3 153.2 109.4 54.71 65.66 54.71 10.94 54.71 21.89 10.94 21.89 0 0 0 0 0 0 0 0
1 402.5 152.3 141.4 97.9 87.02 43.51 76.14 43.51 10.88 10.88 0 0 10.88 10.88 0 0 0 0 0 0
1 272.6 296.3 71.1 201.5 35.55 94.81 106.7 35.55 11.85 35.55 0 11.85 0 0 0 0 11.85 0 0 0
1 722.5 94.24 329.9 141.4 78.54 78.54 31.41 47.12 15.71 0 15.71 0 15.71 0 0 0 0 0 0 0
1 436.8 557.3 15.06 195.8 120.5 75.31 75.31 15.06 0 0 0 0 0 0 15.06 0 0 0 0 0
1 412.3 446.7 395.1 51.54 68.72 68.72 137.4 51.54 17.18 34.36 0 17.18 0 0 17.18 0 0 0 0 0
1 691.6 296.4 316.2 276.6 98.8 98.8 0 39.52 79.04 39.52 0 0 0 19.76 0 19.76 0 0 0 0
1 377.2 259.3 188.6 117.9 94.3 35.36 23.58 35.36 23.58 23.58 0 0 0 0 0 0 0 0 0 0
1 221.5 528.2 289.6 204.4 187.4 153.3 0 34.07 0 0 34.07 0 17.04 0 34.07 0 0 0 0 0
1 318.3 136.4 216 147.8 136.4 45.47 68.21 22.74 0 11.37 34.1 0 0 0 0 0 0 0 0 0
1 527.6 243.5 81.18 162.4 135.3 67.65 13.53 40.59 0 27.06 0 13.53 13.53 0 13.53 13.53 0 0 0 0
1 724.1 314.8 94.45 31.48 125.9 62.96 78.71 31.48 15.74 31.48 15.74 0 31.48 0 0 0 0 0 0 15.74
1 115.8 463 210.5 63.14 21.05 10.52 63.14 52.62 21.05 10.52 0 0 0 10.52 0 0 10.52 0 0 0
1 209.9 116.6 349.8 233.2 81.62 11.66 58.3 23.32 0 11.66 46.64 0 0 11.66 0 11.66 0 0 0 0
1 274 71.05 60.9 213.1 152.2 60.9 30.45 50.75 60.9 20.3 0 10.15 0 10.15 0 0 0 0 0 0
1 186.1 265.8 146.2 66.45 279.1 146.2 79.74 39.87 66.45 13.29 0 0 26.58 13.29 0 0 0 0 0 0
1 200.5 100.2 227.8 72.9 36.45 127.6 18.23 45.56 0 27.34 9.113 9.113 9.113 9.113 0 0 9.113 0 0 9.113
1 1048 69.86 52.4 122.3 104.8 34.93 104.8 52.4 17.47 17.47 34.93 69.86 0 17.47 0 0 0 0 0 0
1 299.5 541.5 138.2 11.52 23.04 11.52 11.52 46.08 46.08 0 0 0 0 0 11.52 11.52 0 0 0 0
1 174.4 323.9 423.5 37.37 49.83 37.37 49.83 24.91 24.91 0 12.46 0 24.91 12.46 12.46 0 24.91 0 0 12.46
1 435.5 153 188.3 294.3 0 11.77 11.77 0 11.77 58.85 0 0 0 11.77 0 0 0 0 0 0
1 171.3 461.3 105.4 158.1 289.9 26.36 39.54 13.18 26.36 0 13.18 0 13.18 0 0 0 0 0 0 0
1 379 126.3 136 77.74 87.46 97.17 19.43 9.717 19.43 0 9.717 0 0 9.717 0 0 0 0 0 0
1 181 340.6 42.58 223.5 31.93 74.51 138.4 31.93 0 0 0 0 0 0 0 0 0 0 0 0
1 1106 276.6 553.1 221.2 138.3 55.31 221.2 138.3 27.66 0 0 0 0 27.66 0 0 0 0 0 0
1 208.5 307.3 87.79 153.6 43.9 131.7 10.97 21.95 65.85 32.92 0 0 10.97 10.97 10.97 0 0 0 0 0
1 232.4 146.8 318 73.39 195.7 24.46 134.5 12.23 12.23 24.46 0 0 36.69 0 0 0 12.23 0 0 0
1 525.8 160.6 131.4 233.7 43.81 219.1 14.6 87.63 14.6 0 14.6 14.6 0 0 0 0 0 0 0 0
1 490.6 471.8 226.5 75.48 301.9 37.74 151 0 37.74 37.74 0 37.74 0 0 0 0 0 18.87 0 0
1 245.7 266.2 235.5 40.95 61.43 20.48 20.48 40.95 30.72 20.48 0 20.48 10.24 0 0 10.24 0 0 0 0
1 651.2 144.7 188.1 260.5 43.42 57.89 72.36 0 14.47 14.47 0 0 0 0 0 0 0 0 0 0
1 380.2 439.6 118.8 83.16 35.64 35.64 23.76 23.76 0 11.88 0 23.76 0 0 11.88 0 0 0 0 0
1 675.9 121.7 202.8 94.62 94.62 108.1 0 13.52 0 13.52 13.52 0 0 0 0 13.52 0 0 0 0
1 416.9 590.7 208.5 225.8 52.12 86.86 86.86 0 34.74 17.37 0 17.37 0 0 0 0 0 0 0 0
1 1836 333.7 433.9 267 267 33.37 33.37 33.37 0 66.75 33.37 0 0 0 0 0 0 0 0 0
1 1047 1166 119.6 239.2 179.4 89.7 0 0 29.9 0 0 89.7 0 0 29.9 0 0 0 0 0
1 193.5 701.3 749.7 169.3 314.4 48.37 72.55 24.18 48.37 72.55 0 0 0 0 0 0 24.18 0 0 0
1 795.8 170.5 511.6 739 142.1 113.7 113.7 113.7 28.42 56.85 0 28.42 0 0 0 0 0 0 28.42 0
1 635.3 317.6 148.2 211.8 508.2 63.53 148.2 42.35 21.18 0 0 21.18 0 0 0 0 0 0 0 0
1 516 479.2 313.3 0 202.7 147.4 55.29 36.86 36.86 18.43 18.43 0 18.43 0 0 0 0 0 0 0
1 392.9 257.4 352.3 162.6 13.55 94.85 13.55 0 27.1 0 0 40.65 0 0 0 0 0 0 0 0
1 181.5 131.1 302.5 171.4 80.67 0 50.42 50.42 10.08 10.08 10.08 0 0 0 0 0 0 0 0 10.08
1 190 118.7 166.2 142.5 63.32 47.49 15.83 23.74 7.915 7.915 7.915 0 0 0 0 0 0 0 0 0
1 433.1 65.38 40.86 65.38 40.86 73.55 32.69 8.172 16.34 16.34 0 8.172 16.34 0 0 0 0 0 0 0
1 355.9 406.8 101.7 40.68 50.85 20.34 10.17 10.17 0 0 0 10.17 10.17 0 0 0 0 0 0 0
1 1299 286.2 330.3 44.04 44.04 44.04 22.02 88.07 44.04 0 0 0 0 0 0 0 0 0 0 0
1 390.3 796.9 260.2 130.1 32.53 0 0 0 0 0 0 0 0 0 0 0 0 0 0 16.26
1 285.9 316 631.9 150.5 45.14 45.14 15.05 0 0 0 0 0 15.05 0 0 0 0 0 0 0
1 131.9 212.5 117.2 190.5 36.64 43.96 0 0 0 0 0 0 0 0 0 0 0 0 0 0
1 403.9 49.45 115.4 90.67 107.1 32.97 16.48 0 0 0 8.242 0 0 0 0 0 0 0 0 0
1 130.2 308.3 89.08 34.26 41.11 75.37 6.852 0 0 0 0 0 0 0 0 0 0 0 0 0
1 170.9 79.34 201.4 24.41 18.31 30.52 48.82 6.103 12.21 6.103 0 12.21 0 0 0 0 0 0 0 0
1 219.7 180.9 45.24 129.2 19.39 12.92 19.39 12.92 0 6.462 0 0 0 0 0 0 0 0 0 0
1 351.7 105.5 84.41 28.14 98.48 0 7.034 0 21.1 7.034 0 0 0 0 0 0 0 0 0 0
1 495.5 495.5 88.94 63.53 25.41 12.71 38.12 0 0 38.12 0 12.71 0 0 0 0 0 0 0 0
1 521.2 271.9 237.9 33.99 22.66 11.33 0 11.33 22.66 0 0 0 0 0 0 0 0 0 0 0
1 409.8 299.8 99.95 89.95 59.97 0 0 9.995 9.995 19.99 0 0 0 0 0 0 0 0 0 0
1 134 165.5 244.3 165.5 47.28 23.64 7.88 0 0 0 0 0 0 0 0 0 0 0 0 0
1 288.6 82.47 116.8 75.6 61.85 41.24 6.873 6.873 0 0 0 0 0 6.873 0 0 0 0 0 0
1 116.8 215.1 79.89 110.6 49.16 6.145 30.73 6.145 0 0 0 0 0 0 0 0 0 0 0 0
1 353.3 96.35 331.9 96.35 96.35 53.53 21.41 10.71 0 0 0 0 0 10.71 0 0 0 0 0 0
1 54.94 311.3 61.04 91.56 18.31 30.52 24.42 6.104 6.104 6.104 0 0 0 0 0 0 0 0 0 0
1 154.1 27.2 167.8 31.74 45.34 4.534 4.534 13.6 4.534 0 0 0 0 0 0 0 0 0 0 0
1 41.16 72.63 14.53 48.42 26.63 19.37 4.842 2.421 9.684 2.421 0 0 0 0 0 0 0 0 0 0
1 678.1 71.38 53.54 8.923 44.61 17.85 0 0 8.923 8.923 0 0 0 0 0 0 0 0 0 0
1 63.7 295.7 18.2 36.4 4.55 18.2 4.55 9.1 0 0 4.55 0 0 0 0 0 0 0 0 0
1 125.6 36.46 158 16.21 44.57 16.21 4.051 0 0 4.051 0 0 0 0 0 0 0 0 0 0
1 245.3 114.1 34.22 154 5.704 11.41 5.704 0 0 0 0 0 0 0 0 0 0 0 0 0
1 49.78 157.6 66.37 20.74 91.26 4.148 12.44 4.148 8.297 0 0 0 0 0 0 0 0 0 0 0
1 216.1 19.65 66.8 51.09 7.859 23.58 3.93 0 0 0 0 3.93 0 0 0 0 0 0 0 0
1 77.49 130.2 6.199 31 18.6 6.199 34.1 0 0 0 3.1 0 3.1 0 0 0 0 0 0 0
1 58.91 69.15 71.72 12.81 25.61 2.561 2.561 10.25 0 2.561 0 0 0 0 0 0 0 0 0 0
1 176.7 47.86 51.54 66.26 0 14.72 0 3.681 7.362 0 0 0 0 0 0 0 0 0 0 0
1 24.91 149.5 30.44 24.91 27.68 5.535 8.303 0 0 2.768 0 2.768 0 0 0 0 0 0 0 0
1 28.2 26.44 84.6 7.05 7.05 14.1 1.762 3.525 0 0 3.525 0 0 0 0 0 0 0 0 0
1 120.4 43.56 15.38 51.25 7.688 2.563 7.688 0 2.563 2.563 0 2.563 0 0 0 0 0 0 0 0
1 112 133.7 25.29 21.68 39.75 14.45 10.84 0 0 3.613 0 0 0 0 0 0 0 0 0 0
1 122.9 98.92 50.96 8.993 2.998 5.995 0 2.998 2.998 0 2.998 0 0 0 0 0 0 0 0 0
1 108.5 112.1 54.24 43.39 7.232 3.616 21.7 3.616 3.616 0 0 3.616 0 0 0 0 0 0 0 0
1 65.71 39.42 56.32 18.77 3.755 0 0 1.877 1.877 0 0 0 0 0 0 0 0 0 0 0
1 47.06 71.62 30.69 24.56 14.32 4.093 0 0 6.139 0 4.093 2.046 0 0 0 0 0 0 0 0
1 56.39 50.34 46.32 18.12 18.12 4.028 4.028 2.014 0 0 0 2.014 0 0 0 0 0 0 0 0
1 111.5 29.57 40.94 18.2 18.2 4.549 0 2.275 0 0 0 0 2.275 0 0 0 0 0 0 0
1 143.6 158.3 29.46 11.05 14.73 3.683 0 7.365 0 0 0 0 0 0 0 0 0 0 0 0
1 131.1 66.88 45.48 10.7 0 5.351 2.675 2.675 2.675 0 0 0 0 0 0 0 0 0 0 0
1 92.05 130.4 72.87 61.37 11.51 7.671 3.835 0 0 0 3.835 0 0 0 0 0 0 0 0 0
1 113.3 46.03 109.8 53.11 31.87 0 0 0 0 0 0 0 0 0 0 0 0 0 0 0
1 58.22 53.9 23.72 58.22 12.94 4.312 0 0 0 0 4.312 0 0 0 0 0 0 0 0 0
1 62.12 74.06 57.34 14.33 14.33 7.167 7.167 2.389 0 0 0 0 0 0 0 0 0 0 0 0
1 66.02 66.02 28.61 28.61 4.402 17.61 0 6.602 0 2.201 0 0 0 0 0 0 0 0 0 0
1 136.1 112.8 33.18 19.91 13.27 6.637 3.318 6.637 0 0 0 0 0 0 0 0 0 0 0 0
1 145.6 108.3 44.01 27.09 3.386 6.771 3.386 0 0 0 0 0 0 0 0 0 0 0 0 0
1 158.1 73.4 25.41 14.12 2.823 5.646 2.823 0 0 0 0 0 0 0 0 0 0 0 0 0
1 51.33 144.9 51.33 21.14 21.14 3.02 9.059 0 0 0 0 0 0 0 0 0 0 0 0 0
1 43.76 41.45 76 27.64 16.12 13.82 4.606 2.303 0 4.606 0 0 0 0 0 0 0 0 0 0
1 61.24 23.42 23.42 48.63 12.61 5.404 5.404 0 0 0 0 0 0 0 0 0 0 0 0 0
1 67.47 43.25 20.76 12.11 10.38 12.11 5.19 0 0 1.73 0 0 0 0 0 0 0 0 0 0
1 141.3 54.13 60.14 9.021 12.03 12.03 12.03 0 0 0 0 0 0 0 0 0 0 0 0 0
