 landings-at-age - landings.n (units : NA )
1	2	
2	100	
1	20	
1 
0.02659 0.2984 0.8352 0.6934 0.4839 0.3377 0.2357 0.1644 0.1148 0.08008 0.05589 0.039 0.02722 0.01899 0.01325 0.009249 0.006454 0.004504 0.003143 0.007259
0.002818 0.05216 0.1462 0.1214 0.08475 0.05914 0.04127 0.0288 0.0201 0.01403 0.009787 0.00683 0.004766 0.003326 0.002321 0.00162 0.00113 0.0007888 0.0005504 0.001271
0.003111 0.03164 0.1464 0.1219 0.08515 0.05942 0.04147 0.02894 0.02019 0.01409 0.009834 0.006862 0.004789 0.003342 0.002332 0.001627 0.001136 0.0007925 0.000553 0.001277
0.003157 0.03493 0.08879 0.122 0.08549 0.0597 0.04166 0.02907 0.02029 0.01416 0.00988 0.006895 0.004811 0.003358 0.002343 0.001635 0.001141 0.0007963 0.0005557 0.001283
0.003233 0.03545 0.09801 0.07404 0.08557 0.05994 0.04186 0.02921 0.02038 0.01423 0.009927 0.006927 0.004834 0.003374 0.002354 0.001643 0.001146 8e-04 0.0005583 0.001289
0.003192 0.0363 0.09947 0.08173 0.05191 0.06 0.04203 0.02935 0.02048 0.01429 0.009974 0.00696 0.004857 0.00339 0.002365 0.001651 0.001152 0.0008038 0.0005609 0.001295
0.003067 0.03584 0.1019 0.08294 0.05731 0.0364 0.04207 0.02947 0.02058 0.01436 0.01002 0.006993 0.00488 0.003406 0.002377 0.001658 0.001157 0.0008076 0.0005636 0.001302
0.003105 0.03444 0.1006 0.08493 0.05815 0.04018 0.02552 0.0295 0.02066 0.01443 0.01007 0.007026 0.004903 0.003422 0.002388 0.001666 0.001163 0.0008114 0.0005663 0.001308
0.003282 0.03486 0.09662 0.08385 0.05955 0.04077 0.02817 0.01789 0.02068 0.01449 0.01012 0.00706 0.004926 0.003438 0.002399 0.001674 0.001168 0.0008153 0.0005689 0.001314
0.003627 0.03685 0.09782 0.08057 0.05879 0.04175 0.02859 0.01975 0.01255 0.0145 0.01016 0.007093 0.00495 0.003454 0.00241 0.001682 0.001174 0.0008191 0.0005716 0.00132
0.003851 0.04072 0.1034 0.08157 0.05649 0.04122 0.02928 0.02005 0.01385 0.008796 0.01017 0.007121 0.004973 0.003471 0.002422 0.00169 0.001179 0.000823 0.0005743 0.001326
0.004176 0.04324 0.1143 0.08622 0.05719 0.03961 0.0289 0.02053 0.01405 0.00971 0.006168 0.007128 0.004993 0.003487 0.002433 0.001698 0.001185 0.0008269 0.0005771 0.001333
0.004447 0.04689 0.1213 0.09528 0.06045 0.0401 0.02777 0.02027 0.01439 0.009854 0.006808 0.004324 0.004998 0.003501 0.002445 0.001706 0.001191 0.0008308 0.0005798 0.001339
0.004448 0.04994 0.1316 0.1012 0.0668 0.04238 0.02812 0.01947 0.01421 0.01009 0.006909 0.004774 0.003032 0.003504 0.002455 0.001714 0.001196 0.0008348 0.0005825 0.001345
0.004707 0.04994 0.1401 0.1097 0.07093 0.04684 0.02972 0.01971 0.01365 0.009963 0.007075 0.004844 0.003347 0.002126 0.002457 0.001721 0.001202 0.0008387 0.0005853 0.001352
0.004537 0.05285 0.1401 0.1168 0.07693 0.04973 0.03284 0.02084 0.01382 0.009573 0.006985 0.004961 0.003397 0.002347 0.001491 0.001723 0.001207 0.0008427 0.0005881 0.001358
0.004693 0.05094 0.1483 0.1169 0.08192 0.05394 0.03487 0.02303 0.01461 0.009691 0.006712 0.004898 0.003478 0.002381 0.001645 0.001045 0.001208 0.000846 0.0005908 0.001365
0.004829 0.0527 0.1429 0.1237 0.08193 0.05744 0.03782 0.02445 0.01614 0.01024 0.006795 0.004706 0.003434 0.002439 0.00167 0.001154 0.0007327 0.0008469 0.0005932 0.001371
0.00493 0.05423 0.1479 0.1192 0.0867 0.05745 0.04027 0.02652 0.01714 0.01132 0.007182 0.004764 0.0033 0.002408 0.00171 0.001171 0.0008089 0.0005138 0.0005938 0.001377
0.005063 0.05535 0.1522 0.1233 0.08357 0.06079 0.04028 0.02824 0.01859 0.01202 0.007937 0.005036 0.00334 0.002313 0.001688 0.001199 0.0008209 0.0005671 0.0003602 0.001382
0.004821 0.05685 0.1553 0.1269 0.08645 0.05859 0.04262 0.02824 0.0198 0.01304 0.008427 0.005565 0.003531 0.002342 0.001622 0.001184 0.0008406 0.0005755 0.0003976 0.001222
0.004743 0.05413 0.1595 0.1295 0.08896 0.06062 0.04108 0.02988 0.0198 0.01388 0.00914 0.005909 0.003902 0.002475 0.001642 0.001137 0.0008299 0.0005894 0.0004035 0.001135
0.004501 0.05326 0.1519 0.133 0.09081 0.06237 0.0425 0.0288 0.02095 0.01388 0.009733 0.006408 0.004143 0.002736 0.001736 0.001151 0.0007974 0.0005819 0.0004132 0.001079
0.004481 0.05053 0.1494 0.1267 0.09327 0.06367 0.04373 0.0298 0.0202 0.01469 0.009734 0.006824 0.004493 0.002905 0.001918 0.001217 0.0008072 0.0005591 0.000408 0.001046
0.004576 0.05032 0.1418 0.1246 0.08881 0.0654 0.04464 0.03066 0.02089 0.01416 0.0103 0.006825 0.004785 0.00315 0.002037 0.001345 0.0008532 0.000566 0.000392 0.00102
0.004517 0.05138 0.1412 0.1182 0.08737 0.06227 0.04585 0.0313 0.0215 0.01465 0.009928 0.007222 0.004785 0.003355 0.002209 0.001428 0.0009429 0.0005982 0.0003968 0.0009897
0.00475 0.05072 0.1442 0.1177 0.0829 0.06126 0.04366 0.03215 0.02195 0.01507 0.01027 0.006961 0.005064 0.003355 0.002352 0.001549 0.001001 0.0006611 0.0004195 0.0009722
0.005067 0.05334 0.1423 0.1202 0.08255 0.05813 0.04295 0.03061 0.02254 0.01539 0.01057 0.007202 0.004881 0.00355 0.002352 0.001649 0.001086 0.000702 0.0004636 0.0009757
0.005318 0.05689 0.1497 0.1187 0.08428 0.05788 0.04076 0.03011 0.02146 0.0158 0.01079 0.00741 0.005049 0.003422 0.002489 0.001649 0.001156 0.0007613 0.0004922 0.001009
0.005186 0.05972 0.1596 0.1248 0.08321 0.0591 0.04058 0.02858 0.02111 0.01505 0.01108 0.007565 0.005196 0.00354 0.002399 0.001745 0.001156 0.0008108 0.0005338 0.001053
0.005089 0.05823 0.1676 0.1331 0.0875 0.05834 0.04143 0.02845 0.02004 0.0148 0.01055 0.00777 0.005304 0.003643 0.002482 0.001682 0.001224 0.0008109 0.0005685 0.001112
0.005331 0.05714 0.1634 0.1397 0.09333 0.06135 0.0409 0.02905 0.01995 0.01405 0.01038 0.007398 0.005448 0.003719 0.002554 0.00174 0.00118 0.000858 0.0005685 0.001178
0.005374 0.05986 0.1603 0.1362 0.09797 0.06544 0.04302 0.02868 0.02037 0.01399 0.00985 0.007278 0.005187 0.00382 0.002607 0.001791 0.00122 0.000827 0.0006016 0.001225
0.005518 0.06034 0.168 0.1337 0.09553 0.06869 0.04588 0.03016 0.02011 0.01428 0.009808 0.006906 0.005103 0.003637 0.002678 0.001828 0.001256 0.0008556 0.0005799 0.001281
0.005273 0.06196 0.1693 0.1401 0.09375 0.06698 0.04816 0.03217 0.02115 0.0141 0.01001 0.006877 0.004842 0.003578 0.00255 0.001878 0.001282 0.0008804 0.0005999 0.001304
0.005423 0.05921 0.1738 0.1412 0.0982 0.06573 0.04696 0.03377 0.02256 0.01483 0.009885 0.007021 0.004822 0.003395 0.002509 0.001788 0.001317 0.0008987 0.0006173 0.001335
0.005324 0.06089 0.1661 0.145 0.09899 0.06885 0.04609 0.03293 0.02368 0.01581 0.0104 0.006931 0.004923 0.003381 0.00238 0.001759 0.001254 0.0009231 0.0006301 0.001369
0.005197 0.05978 0.1709 0.1385 0.1016 0.0694 0.04828 0.03231 0.02309 0.0166 0.01109 0.007289 0.00486 0.003452 0.00237 0.001669 0.001233 0.0008789 0.0006472 0.001402
0.005433 0.05835 0.1678 0.1425 0.09714 0.07127 0.04866 0.03385 0.02266 0.01619 0.01164 0.007775 0.005111 0.003407 0.00242 0.001662 0.00117 0.0008647 0.0006162 0.001437
1.547 15.72 39.09 32.77 23.4 15.96 11.71 7.993 5.56 3.721 2.659 1.912 1.277 0.8395 0.5597 0.3975 0.273 0.1922 0.142 0.3372
1.432 15.91 36.57 24.27 16.72 11.94 8.14 5.972 4.078 2.836 1.899 1.356 0.9753 0.6515 0.4283 0.2855 0.2028 0.1393 0.09806 0.2445
1.534 17.49 43.66 26.87 14.67 10.11 7.22 4.922 3.611 2.466 1.715 1.148 0.8202 0.5898 0.394 0.259 0.1727 0.1226 0.08421 0.2071
1.48 15.15 39 25.85 13.06 7.129 4.911 3.507 2.391 1.754 1.198 0.8333 0.5577 0.3985 0.2865 0.1914 0.1258 0.08388 0.05958 0.1415
1.397 15.8 36.71 25.33 13.81 6.975 3.809 2.624 1.874 1.277 0.9373 0.64 0.4452 0.298 0.2129 0.1531 0.1022 0.06721 0.04481 0.1074
1.494 15.87 40.62 25.34 14.39 7.844 3.962 2.164 1.491 1.064 0.7257 0.5325 0.3636 0.2529 0.1693 0.1209 0.08696 0.05809 0.03818 0.0865
1.473 16.27 39.1 26.78 13.74 7.8 4.253 2.148 1.173 0.8081 0.5771 0.3935 0.2887 0.1971 0.1371 0.09177 0.06557 0.04715 0.03149 0.0676
1.54 16.78 41.78 26.85 15.13 7.759 4.406 2.402 1.213 0.6626 0.4565 0.326 0.2222 0.1631 0.1113 0.07745 0.05184 0.03704 0.02663 0.05597
1.518 15.32 37.85 25.17 13.29 7.486 3.839 2.18 1.189 0.6005 0.3279 0.2259 0.1613 0.11 0.08069 0.0551 0.03832 0.02565 0.01833 0.04088
1.654 19.03 43.23 28.67 15.7 8.287 4.669 2.395 1.36 0.7414 0.3745 0.2045 0.1409 0.1006 0.06859 0.05033 0.03436 0.0239 0.016 0.03693
1.667 17.26 44.68 26.93 14.66 8.025 4.237 2.387 1.224 0.6953 0.3791 0.1915 0.1046 0.07204 0.05144 0.03507 0.02573 0.01757 0.01222 0.02706
1.615 18.81 43.76 30.17 14.94 8.133 4.453 2.351 1.325 0.6793 0.3858 0.2103 0.1062 0.05802 0.03997 0.02854 0.01946 0.01428 0.009749 0.0218
1.628 16.82 44.12 27.28 15.44 7.647 4.162 2.279 1.203 0.6779 0.3477 0.1974 0.1076 0.05437 0.02969 0.02045 0.01461 0.009959 0.007307 0.01614
1.637 17.19 40.15 28.14 14.3 8.094 4.009 2.182 1.195 0.6307 0.3553 0.1822 0.1035 0.05642 0.0285 0.01556 0.01072 0.007657 0.00522 0.01229
1.5 18.43 43.71 27.34 15.76 8.008 4.533 2.245 1.222 0.669 0.3532 0.199 0.1021 0.05796 0.0316 0.01596 0.008717 0.006005 0.004289 0.009809
1.489 16.76 46.41 29.39 15.11 8.711 4.426 2.506 1.241 0.6755 0.3698 0.1952 0.11 0.05642 0.03204 0.01747 0.008823 0.004818 0.003319 0.007792
1.349 15.09 38.46 28.4 14.78 7.597 4.38 2.226 1.26 0.624 0.3396 0.1859 0.09817 0.05531 0.02837 0.01611 0.008783 0.004437 0.002423 0.005587
1.473 16.6 41.74 28.52 17.34 9.02 4.637 2.674 1.358 0.769 0.3809 0.2073 0.1135 0.05992 0.03376 0.01732 0.009833 0.005361 0.002708 0.004889
1.346 14.74 37.48 25.02 14.03 8.528 4.437 2.281 1.315 0.6682 0.3783 0.1873 0.102 0.05583 0.02948 0.01661 0.008517 0.004837 0.002637 0.003737
1.268 14.51 35.98 24.5 13.45 7.543 4.585 2.385 1.226 0.707 0.3593 0.2034 0.1007 0.05482 0.03001 0.01585 0.008928 0.004579 0.0026 0.003427
1.314 15.31 39.39 26.13 14.64 8.038 4.507 2.74 1.425 0.7328 0.4225 0.2147 0.1215 0.06019 0.03276 0.01794 0.00947 0.005335 0.002736 0.003602
1.227 14.22 37.15 25.34 13.8 7.73 4.243 2.379 1.446 0.7525 0.3869 0.223 0.1133 0.06415 0.03177 0.0173 0.009469 0.004999 0.002817 0.003346
1.268 13.57 35.22 24.41 13.67 7.443 4.17 2.289 1.284 0.7803 0.406 0.2087 0.1203 0.06114 0.03461 0.01714 0.009331 0.005108 0.002697 0.003325
1.251 12.55 30.31 20.88 11.88 6.65 3.62 2.028 1.114 0.6244 0.3796 0.1975 0.1015 0.05853 0.02974 0.01684 0.008339 0.004539 0.002485 0.002929
1.315 14.07 31.87 20.61 11.68 6.642 3.719 2.025 1.135 0.6228 0.3492 0.2123 0.1105 0.05679 0.03274 0.01664 0.009417 0.004664 0.002539 0.003028
1.236 14.24 34.4 20.81 11.06 6.268 3.565 1.996 1.087 0.6089 0.3343 0.1875 0.1139 0.05928 0.03048 0.01757 0.008929 0.005054 0.002503 0.002988
1.223 13.64 35.47 22.9 11.39 6.054 3.43 1.951 1.093 0.5948 0.3333 0.183 0.1026 0.06236 0.03245 0.01668 0.009617 0.004887 0.002766 0.003005
1.123 12.56 31.76 22.07 11.71 5.825 3.096 1.754 0.9979 0.5587 0.3042 0.1704 0.09357 0.05247 0.03189 0.01659 0.008531 0.004918 0.002499 0.002952
1.21 13.77 34.67 23.51 13.45 7.135 3.549 1.886 1.069 0.608 0.3404 0.1853 0.1038 0.05701 0.03197 0.01943 0.01011 0.005198 0.002997 0.003321
1.106 12.51 32.06 21.44 11.93 6.828 3.623 1.802 0.9578 0.5427 0.3087 0.1728 0.0941 0.05272 0.02895 0.01623 0.009866 0.005133 0.002639 0.003208
0.9553 11.22 28.8 19.74 10.85 6.041 3.456 1.834 0.9121 0.4848 0.2747 0.1563 0.08749 0.04763 0.02669 0.01465 0.008215 0.004994 0.002598 0.002959
0.8876 11.2 29.77 20.54 11.59 6.372 3.547 2.029 1.077 0.5356 0.2846 0.1613 0.09174 0.05137 0.02797 0.01567 0.008603 0.004824 0.002932 0.003263
0.9224 9.596 27.36 19.43 11.02 6.22 3.42 1.903 1.089 0.5778 0.2874 0.1528 0.08656 0.04924 0.02757 0.01501 0.00841 0.004617 0.002589 0.003325
0.9661 10.59 24.81 18.91 11.04 6.264 3.535 1.944 1.082 0.6189 0.3284 0.1633 0.08682 0.04919 0.02798 0.01567 0.00853 0.004779 0.002624 0.003361
0.9466 10.11 25 15.59 9.758 5.699 3.232 1.824 1.003 0.5582 0.3193 0.1694 0.08428 0.0448 0.02538 0.01444 0.008084 0.004401 0.002466 0.003088
0.929 9.851 23.84 15.77 8.088 5.063 2.957 1.677 0.9464 0.5203 0.2896 0.1657 0.08792 0.04373 0.02324 0.01317 0.007492 0.004195 0.002284 0.002882
0.8726 10.37 24.93 16.2 8.826 4.526 2.833 1.654 0.9384 0.5295 0.2912 0.1621 0.09271 0.04919 0.02447 0.01301 0.007369 0.004192 0.002347 0.00289
0.9737 10.42 27.87 17.93 9.588 5.223 2.678 1.676 0.9789 0.5552 0.3133 0.1723 0.09589 0.05486 0.02911 0.01448 0.007695 0.00436 0.00248 0.003099
0.9668 9.741 23.55 16.75 8.848 4.732 2.577 1.322 0.8273 0.4831 0.274 0.1546 0.08502 0.04732 0.02707 0.01436 0.007146 0.003798 0.002152 0.002754
1.025 11 25.03 16.21 9.488 5.011 2.68 1.46 0.7485 0.4686 0.2736 0.1552 0.08759 0.04816 0.0268 0.01533 0.008136 0.004047 0.002151 0.002778
1.144 11.94 28.77 17.45 9.291 5.438 2.872 1.536 0.8367 0.429 0.2685 0.1568 0.08895 0.0502 0.0276 0.01536 0.008789 0.004663 0.00232 0.002825
1.003 11.26 26.55 16.98 8.455 4.501 2.634 1.391 0.7441 0.4053 0.2078 0.1301 0.07597 0.04309 0.02432 0.01337 0.007442 0.004257 0.002259 0.002492
0.9796 11.34 28.76 18.16 9.558 4.758 2.533 1.482 0.783 0.4188 0.2281 0.117 0.07321 0.04276 0.02425 0.01369 0.007524 0.004188 0.002396 0.002674
0.9611 10.51 27.5 18.64 9.674 5.09 2.534 1.349 0.7895 0.417 0.223 0.1215 0.06229 0.03899 0.02277 0.01292 0.007289 0.004007 0.00223 0.0027
1.013 10.76 26.55 18.58 10.36 5.376 2.829 1.408 0.7498 0.4388 0.2318 0.1239 0.06751 0.03462 0.02167 0.01266 0.007178 0.004051 0.002227 0.00274
0.8797 10.36 24.95 16.46 9.468 5.276 2.739 1.441 0.7175 0.382 0.2235 0.1181 0.06314 0.03439 0.01764 0.01104 0.006447 0.003657 0.002064 0.002531
0.9774 9.887 26.39 17.07 9.271 5.333 2.972 1.543 0.8118 0.4042 0.2152 0.1259 0.06651 0.03557 0.01938 0.009935 0.006219 0.003632 0.00206 0.002588
0.9981 11.33 25.84 18.47 9.828 5.337 3.07 1.711 0.8882 0.4674 0.2327 0.1239 0.07249 0.03829 0.02048 0.01115 0.00572 0.00358 0.002091 0.002676
1.016 11.11 28.34 17.21 10.11 5.378 2.921 1.68 0.9363 0.486 0.2558 0.1273 0.06778 0.03967 0.02095 0.01121 0.006104 0.00313 0.001959 0.002608
1.009 11.21 27.5 18.64 9.296 5.459 2.905 1.578 0.9076 0.5058 0.2626 0.1382 0.06878 0.03662 0.02143 0.01132 0.006053 0.003297 0.001691 0.002467
0.9485 9.854 24.77 16.17 8.995 4.486 2.634 1.402 0.7612 0.4379 0.244 0.1267 0.06666 0.03319 0.01767 0.01034 0.005462 0.002921 0.001591 0.002006
1.003 11.65 27.23 18.36 9.86 5.486 2.736 1.607 0.855 0.4643 0.2671 0.1488 0.07727 0.04066 0.02024 0.01078 0.006306 0.003331 0.001781 0.002194
0.9313 10.64 27.78 17.23 9.535 5.122 2.85 1.421 0.8346 0.4441 0.2412 0.1388 0.07732 0.04014 0.02112 0.01051 0.005598 0.003276 0.00173 0.002065
0.9018 10.32 26.5 18.4 9.376 5.188 2.787 1.551 0.7732 0.4541 0.2416 0.1312 0.07549 0.04207 0.02184 0.01149 0.005721 0.003046 0.001782 0.002065
0.8356 9.077 23.47 16.04 9.142 4.658 2.578 1.384 0.7704 0.3842 0.2256 0.1201 0.0652 0.03751 0.0209 0.01085 0.005709 0.002842 0.001513 0.001912
0.8352 9.063 22.31 15.47 8.694 4.956 2.526 1.397 0.7506 0.4177 0.2083 0.1223 0.06509 0.03535 0.02033 0.01133 0.005883 0.003095 0.001541 0.001857
0.8832 9.606 23.54 15.53 8.861 4.98 2.839 1.447 0.8006 0.43 0.2393 0.1193 0.07007 0.03729 0.02025 0.01165 0.006492 0.00337 0.001773 0.001947
0.959 9.918 24.27 15.86 8.604 4.908 2.759 1.573 0.8015 0.4435 0.2382 0.1325 0.0661 0.03881 0.02066 0.01122 0.006453 0.003596 0.001867 0.002061
0.8867 9.901 23.12 15.07 8.088 4.387 2.502 1.407 0.8019 0.4086 0.2261 0.1214 0.06758 0.0337 0.01979 0.01053 0.005719 0.00329 0.001833 0.002002
1.001 10.56 26.5 16.54 8.865 4.759 2.581 1.472 0.8276 0.4718 0.2404 0.133 0.07145 0.03976 0.01983 0.01164 0.006196 0.003365 0.001936 0.002257
