Originally  
101 
A 
2	100	
1	1	NA	NA	
1	20	
1 523.1 159.8 261.5 116.2 101.7 87.18 72.65 0 43.59 0 14.53 14.53 0 14.53 0 14.53 14.53 14.53 0 0
1 315 447.7 232.1 182.4 182.4 99.48 49.74 66.32 33.16 16.58 16.58 0 16.58 0 0 0 0 0 0 0
1 251.6 90.58 261.7 151 30.19 80.52 80.52 10.06 10.06 0 20.13 10.06 0 0 10.06 0 0 0 0 0
1 283.9 348.5 64.53 154.9 103.2 103.2 77.44 51.62 25.81 12.91 25.81 0 0 12.91 12.91 0 12.91 0 0 0
1 334 150.8 193.9 53.87 129.3 64.64 21.55 21.55 10.77 10.77 43.1 10.77 10.77 21.55 0 0 0 0 0 0
1 233.2 174.9 141.6 66.62 41.64 66.62 49.96 8.327 16.65 0 8.327 8.327 0 0 8.327 8.327 0 0 0 0
1 197.4 98.68 136.6 91.09 75.91 37.96 30.36 37.96 15.18 37.96 0 0 0 0 0 0 0 0 0 0
1 231.1 210.1 199.6 115.5 10.5 84.03 84.03 31.51 31.51 10.5 21.01 10.5 0 0 0 0 10.5 0 0 0
1 200.6 185.8 81.73 81.73 37.15 29.72 7.43 14.86 14.86 14.86 7.43 7.43 0 22.29 7.43 7.43 0 0 0 22.29
1 350.5 143.8 143.8 71.9 62.91 17.98 44.94 8.988 17.98 8.988 0 17.98 8.988 0 0 0 0 0 0 0
1 354.8 266.1 177.4 164.7 88.71 63.36 50.69 25.35 12.67 0 12.67 12.67 0 12.67 0 0 0 12.67 12.67 0
1 351.5 185 83.26 101.8 27.75 37 27.75 46.25 9.251 9.251 18.5 9.251 0 0 9.251 0 0 0 0 9.251
1 471.7 142.6 131.6 131.6 87.77 76.8 21.94 10.97 10.97 0 0 0 0 0 0 0 0 0 10.97 0
1 402.6 180.1 127.1 106 74.17 31.79 42.38 10.6 21.19 0 31.79 10.6 10.6 0 10.6 0 0 0 0 0
1 516.2 273.3 197.4 197.4 167 45.55 60.73 30.37 0 0 0 30.37 0 0 0 0 0 0 0 0
1 452.4 364.9 218.9 189.7 87.57 72.97 14.59 14.59 0 0 0 14.59 14.59 14.59 0 0 0 0 0 0
1 448.4 303.7 231.4 159.1 101.2 72.32 14.46 43.39 0 14.46 14.46 0 0 0 0 0 0 28.93 0 14.46
1 565.5 468 214.5 253.5 195 77.99 97.49 0 39 0 0 0 19.5 0 0 0 19.5 0 0 0
1 306.9 323 436.1 145.4 145.4 64.6 129.2 16.15 32.3 0 0 16.15 0 0 0 0 0 0 0 0
1 370.6 137.7 158.8 148.2 63.53 52.94 21.18 63.53 10.59 21.18 0 0 10.59 0 0 0 0 0 0 0
1 336.8 336.8 282.9 107.8 107.8 53.88 53.88 40.41 0 13.47 0 0 13.47 0 0 0 0 0 0 0
1 489.3 266.9 281.7 207.6 44.48 44.48 74.14 14.83 0 44.48 0 0 14.83 0 0 0 0 0 0 0
1 479.8 268.1 169.3 84.67 112.9 98.78 14.11 42.33 28.22 14.11 42.33 14.11 0 14.11 14.11 0 0 0 14.11 0
1 486.4 369 117.4 167.7 234.8 100.6 100.6 33.55 16.77 0 0 16.77 16.77 0 0 0 0 16.77 0 0
1 599.7 318.6 262.4 243.6 93.7 74.96 74.96 0 0 112.4 0 37.48 56.22 0 0 0 0 0 0 0
1 431.9 246.8 293.1 215.9 108 92.55 30.85 15.42 15.42 15.42 15.42 15.42 15.42 0 0 15.42 0 15.42 0 0
1 298.1 217.8 217.8 114.7 103.2 68.79 34.4 22.93 11.47 0 22.93 0 11.47 22.93 0 0 0 0 0 0
1 342.3 228.2 103.7 82.99 41.49 51.87 82.99 20.75 41.49 10.37 10.37 10.37 10.37 0 0 0 0 0 0 0
1 360.7 186.6 186.6 99.52 149.3 74.64 49.76 24.88 37.32 12.44 12.44 24.88 24.88 0 0 0 0 0 0 0
1 398.7 455.7 99.69 113.9 142.4 42.72 71.2 42.72 0 14.24 14.24 0 14.24 0 0 0 0 0 0 14.24
1 707.9 409.9 298.1 130.4 111.8 55.89 18.63 55.89 0 18.63 18.63 18.63 18.63 0 0 0 0 0 0 0
1 366.5 298.6 190 217.2 95.01 95.01 40.72 13.57 13.57 13.57 0 0 0 13.57 0 0 0 0 0 0
1 378.4 297.3 148.7 202.7 121.6 54.06 54.06 27.03 40.55 27.03 0 0 0 0 0 0 0 0 0 0
1 535.2 573.4 305.8 172 57.34 95.57 57.34 95.57 0 19.11 0 0 0 0 0 0 0 0 0 0
1 445.9 293 152.9 178.3 89.17 12.74 25.48 12.74 12.74 38.22 12.74 0 0 0 0 0 0 0 0 0
1 319.9 184.5 258.4 258.4 73.82 86.12 12.3 0 12.3 12.3 12.3 0 0 0 0 0 0 0 0 0
1 338.4 225.6 169.2 124.1 67.68 33.84 45.12 33.84 11.28 11.28 22.56 0 11.28 11.28 0 11.28 11.28 0 0 0
1 553.3 301.8 368.9 50.3 83.83 100.6 83.83 16.77 33.53 16.77 33.53 16.77 16.77 0 0 0 0 0 0 0
1 420 280 178.2 101.8 101.8 76.36 50.91 12.73 0 38.18 0 0 0 0 12.73 0 0 0 0 0
1 584.7 354.4 230.3 301.2 88.59 70.87 70.87 53.15 0 0 17.72 0 0 0 0 0 0 0 0 0
1 470.9 456.2 161.9 117.7 103 14.72 58.87 44.15 14.72 0 0 0 0 29.43 0 0 0 0 0 0
1 457.8 317.9 228.9 127.2 76.3 12.72 25.43 12.72 0 0 12.72 0 0 0 0 0 0 0 0 0
1 594 267.3 267.3 163.4 59.4 59.4 0 29.7 29.7 0 14.85 0 0 0 0 0 0 0 0 0
1 551.6 331 179.3 137.9 55.16 27.58 41.37 13.79 0 27.58 13.79 0 0 0 0 0 0 0 0 0
1 465.4 352.6 268 211.5 56.41 42.31 0 14.1 0 0 0 0 0 0 0 0 0 0 0 0
1 501.4 358.1 329.5 85.95 100.3 42.98 0 0 0 14.33 0 0 0 0 0 0 0 0 0 0
1 690.1 306.7 260.7 168.7 30.67 0 30.67 15.34 15.34 0 15.34 0 0 0 0 0 0 0 0 0
1 679.6 505.3 226.5 17.42 156.8 69.7 87.12 0 0 0 0 0 0 0 0 0 0 0 0 0
1 413.3 325.6 313.1 87.66 75.14 37.57 0 0 0 0 0 0 0 0 0 0 0 0 0 0
1 434.3 233.8 245 89.08 44.54 33.4 11.13 11.13 0 11.13 0 0 0 0 0 0 0 0 0 0
1 560 395.3 362.3 164.7 49.41 65.88 32.94 16.47 0 0 0 0 0 0 0 0 0 0 0 0
1 647.7 323.8 293 154.2 77.11 30.84 0 0 0 15.42 0 0 0 0 0 0 0 0 0 0
1 698.9 439.3 419.3 259.6 39.94 59.9 19.97 39.94 0 0 0 0 19.97 0 0 0 0 0 0 0
1 566.4 339.9 212.4 184.1 42.48 42.48 14.16 0 0 0 14.16 0 0 0 0 0 0 0 0 0
1 744.6 428.2 223.4 279.2 93.08 55.85 18.62 0 0 0 18.62 0 0 0 0 0 0 0 0 0
1 599.6 454.2 327 145.4 163.5 90.84 0 36.34 0 0 0 0 0 0 0 0 0 0 0 0
1 643.7 583.4 362.1 201.2 80.46 80.46 40.23 20.12 0 0 0 0 0 0 0 0 0 0 0 0
1 549.5 321.6 160.8 120.6 93.81 67.01 26.8 0 0 0 0 0 0 0 0 0 0 0 0 0
1 555 370 319.6 201.8 84.1 33.64 50.46 67.28 0 0 0 0 0 0 0 0 0 0 0 0
1 368.9 249.2 129.6 119.6 39.88 9.97 29.91 29.91 0 9.97 0 9.97 0 0 0 0 0 0 0 0
1 358 203.2 203.2 106.4 38.7 19.35 19.35 9.675 9.675 0 0 0 0 0 0 0 0 0 0 0
1 448.1 286.3 186.7 136.9 99.57 37.34 37.34 0 12.45 0 0 0 0 0 0 0 0 0 0 0
1 612.4 379.1 218.7 116.6 29.16 58.32 29.16 0 14.58 0 0 0 0 0 0 0 0 0 0 0
1 495 216.6 123.8 72.19 41.25 20.63 41.25 20.63 0 0 0 0 0 0 0 0 0 0 0 0
1 290.7 239.4 128.2 111.1 17.1 42.74 17.1 0 0 0 0 0 0 8.549 0 0 0 0 0 0
1 465.5 260.1 287.5 150.6 109.5 41.08 13.69 27.38 13.69 0 0 0 0 0 0 0 0 0 0 0
1 466.1 438.7 178.2 150.8 54.84 82.25 0 0 0 0 0 0 0 0 0 0 0 0 0 0
1 421.8 384.6 260.6 74.44 49.63 24.81 12.41 12.41 0 0 0 0 0 0 0 0 0 0 0 0
1 460.7 353.2 368.6 168.9 92.14 46.07 30.71 0 15.36 0 0 0 0 0 0 0 0 0 0 0
1 347.2 204.2 183.8 183.8 20.42 61.26 10.21 10.21 0 0 0 0 0 0 0 0 0 0 0 0
1 235.8 260.2 146.4 105.7 32.53 24.4 8.132 0 0 0 0 0 0 0 0 0 0 0 0 0
1 352.1 327 264.1 188.6 88.03 12.58 0 12.58 12.58 0 0 0 0 0 0 0 0 0 0 0
1 501.5 308.6 192.9 128.6 77.15 38.57 12.86 0 12.86 12.86 0 0 0 0 0 0 0 0 0 0
1 304.1 148.4 126.1 66.76 51.93 14.84 7.418 7.418 0 14.84 0 0 0 0 0 0 0 0 0 0
1 411.5 171.5 145.7 68.58 17.15 8.573 17.15 0 8.573 0 0 8.573 0 0 0 0 0 0 0 0
1 342.7 179.9 188.5 68.54 17.13 25.7 8.567 8.567 17.13 0 0 0 0 0 0 0 0 0 0 0
1 363.9 291.1 197.6 83.18 51.99 10.4 20.8 10.4 10.4 0 0 0 0 0 0 0 0 0 0 0
1 462.1 286 143 121 33 22 11 22 0 0 0 0 0 0 0 0 0 0 0 0
1 253.4 177.4 95.03 31.68 25.34 12.67 19.01 12.67 0 6.336 0 0 0 0 0 0 0 0 0 0
1 317.8 208.8 136.2 108.9 81.71 9.079 36.31 0 0 0 0 9.079 0 0 0 0 0 0 0 0
1 294.5 323 152 85.49 47.5 19 9.499 0 0 19 0 0 0 0 0 0 0 0 0 0
1 390.1 445.8 264.7 111.5 111.5 27.86 27.86 0 0 13.93 0 0 0 0 0 0 0 0 0 0
1 385.2 223 212.9 50.68 81.09 40.54 10.14 10.14 0 0 0 0 0 0 0 0 0 0 0 0
1 336.2 176.5 176.5 33.62 50.44 33.62 16.81 0 8.406 0 0 8.406 0 0 0 0 0 0 0 0
1 401.5 282.1 217 86.8 43.4 10.85 21.7 0 0 21.7 0 0 0 0 0 0 0 0 0 0
1 351.9 323.4 190.2 19.02 47.56 0 19.02 0 0 0 0 0 0 0 0 0 0 0 0 0
1 302 187 107.9 57.52 28.76 7.19 14.38 7.19 7.19 0 0 0 0 0 0 0 0 0 0 0
1 396.6 268 203.7 96.47 53.59 53.59 0 0 0 0 0 0 0 0 0 0 0 0 0 0
1 449.3 295.8 153.4 98.62 54.79 0 10.96 10.96 0 10.96 0 0 0 0 10.96 0 0 0 0 0
1 293.9 136.2 136.2 57.34 28.67 28.67 7.167 14.33 7.167 0 7.167 0 0 0 0 0 0 0 0 0
1 414.9 201.9 269.1 123.4 44.86 22.43 33.64 0 11.21 0 0 0 0 0 0 0 0 0 0 0
1 483.4 371.9 161.1 86.77 37.19 74.37 0 0 12.4 0 12.4 0 0 0 0 0 0 0 0 0
1 208.4 222.3 111.1 62.51 48.62 6.946 0 13.89 6.946 13.89 0 0 0 0 0 0 0 0 0 0
1 284.4 204.2 102.1 51.05 43.75 36.46 7.292 0 0 0 0 0 0 0 0 0 0 0 0 0
1 222.4 101.7 114.4 76.26 76.26 12.71 12.71 6.355 6.355 6.355 0 0 0 0 0 0 0 0 0 0
1 375.3 273.9 142 142 40.57 20.29 10.14 10.14 0 0 0 0 0 0 0 0 0 0 0 0
1 439 372.5 199.5 106.4 66.51 26.6 39.91 39.91 0 39.91 0 0 0 0 0 0 0 0 0 0
1 444.5 319.1 114 79.79 79.79 34.19 22.8 22.8 0 22.8 0 0 0 0 0 0 0 0 0 0
1 336.3 214.9 140.1 121.4 28.02 28.02 37.37 18.68 0 9.342 0 0 0 0 0 0 0 0 0 0
