Originally  
101 
A 
2	100	
1	1	NA	NA	
1	20	
1 629.6 467.7 215.9 125.9 143.9 89.95 35.98 17.99 35.98 0 0 0 35.98 0 0 0 0 0 0 0
1 504.7 244.7 321.2 137.6 137.6 30.59 30.59 30.59 15.29 45.88 0 0 0 0 0 0 0 30.59 0 0
1 265.7 358.7 199.3 186 66.42 39.85 39.85 53.14 39.85 0 13.28 13.28 13.28 0 0 0 13.28 0 0 26.57
1 317.7 190.6 116.5 158.9 95.32 63.54 21.18 42.36 10.59 31.77 0 0 10.59 0 0 0 0 0 0 0
1 277.4 221.9 199.7 144.2 66.57 66.57 33.29 33.29 11.1 22.19 11.1 11.1 0 11.1 0 0 0 0 0 0
1 537.2 348.4 159.7 58.07 130.7 29.04 29.04 14.52 29.04 29.04 14.52 29.04 43.56 0 0 0 0 0 0 0
1 321.5 160.7 221 110.5 20.09 30.14 50.23 50.23 20.09 0 0 0 10.05 10.05 0 0 0 0 0 0
1 750.4 545.7 318.3 227.4 204.6 90.96 113.7 0 0 22.74 0 0 0 0 0 0 0 0 0 0
1 371.5 305.2 185.8 172.5 53.07 66.34 79.61 13.27 53.07 13.27 0 0 0 0 13.27 0 0 0 0 0
1 445 148.3 197.8 160.7 61.8 111.2 12.36 24.72 49.44 12.36 12.36 0 0 0 0 0 0 0 0 0
1 317.7 408.5 211.8 181.6 121 45.39 105.9 30.26 45.39 0 0 0 15.13 0 30.26 0 0 0 0 0
1 419.7 347.4 246 144.7 86.84 43.42 28.95 72.37 0 14.47 14.47 28.95 0 0 0 0 0 0 0 0
1 392.8 220.9 245.5 122.7 73.65 36.82 36.82 49.1 36.82 0 0 0 0 12.27 0 0 0 0 0 0
1 368.6 190.6 165.2 152.5 139.8 76.25 63.54 25.42 25.42 25.42 25.42 0 12.71 0 0 0 0 0 0 0
1 330.2 412.7 192.6 165.1 82.54 82.54 27.51 13.76 41.27 27.51 0 0 0 0 0 0 0 0 0 0
1 450.1 211 253.2 126.6 70.33 56.26 112.5 28.13 0 14.07 14.07 28.13 14.07 0 28.13 0 0 0 0 0
1 420.8 242.3 242.3 153 63.75 12.75 25.5 38.25 25.5 12.75 12.75 0 12.75 12.75 0 0 0 0 0 0
1 512.2 434.6 232.8 77.6 170.7 15.52 15.52 15.52 15.52 15.52 0 15.52 15.52 15.52 0 0 0 0 0 0
1 506.9 310.7 261.6 163.5 81.76 98.11 49.06 16.35 114.5 16.35 16.35 0 0 0 0 0 0 0 0 0
1 256.1 327.2 256.1 185 113.8 56.91 56.91 28.46 42.68 14.23 14.23 28.46 0 14.23 0 14.23 0 0 14.23 0
1 260.8 124.2 124.2 136.6 211.1 86.94 86.94 37.26 37.26 49.68 12.42 0 0 37.26 12.42 0 0 12.42 12.42 0
1 322.5 218.9 57.59 126.7 115.2 46.08 103.7 23.04 46.08 34.56 23.04 23.04 11.52 0 0 0 0 0 0 0
1 569.8 264.1 139 97.29 97.29 97.29 55.59 27.8 13.9 13.9 13.9 0 0 0 0 0 0 0 0 0
1 112.7 360.8 157.8 157.8 78.92 101.5 56.37 33.82 33.82 11.27 0 0 11.27 0 0 0 11.27 0 0 0
1 259.6 129.8 354 129.8 118 70.8 23.6 35.4 47.2 11.8 0 0 0 0 0 0 0 0 0 0
1 232.9 89.56 107.5 232.9 71.65 35.83 17.91 8.956 35.83 0 17.91 17.91 8.956 0 0 8.956 0 0 0 8.956
1 628.2 273.8 128.9 48.32 241.6 32.21 48.32 32.21 80.53 32.21 16.11 16.11 32.21 0 0 0 0 0 0 0
1 539.1 520.6 148.7 92.96 37.18 223.1 92.96 92.96 37.18 37.18 18.59 18.59 0 0 0 0 0 0 0 0
1 477.7 281 238.8 70.25 70.25 42.15 84.3 28.1 28.1 28.1 14.05 14.05 0 0 28.1 0 0 0 0 0
1 223.8 251.8 158.5 167.9 46.63 9.326 9.326 27.98 9.326 0 0 18.65 0 9.326 0 0 0 0 0 0
1 282.6 167.5 188.4 115.1 104.7 73.26 41.86 0 31.4 31.4 0 0 10.47 0 0 0 0 0 0 0
1 365.7 287.3 182.9 143.7 65.31 104.5 39.18 13.06 13.06 26.12 0 26.12 0 13.06 26.12 0 0 0 0 0
1 146.5 80.58 139.2 73.26 102.6 29.3 102.6 14.65 21.98 0 7.326 0 7.326 0 0 7.326 0 0 0 0
1 305.3 164.4 140.9 211.3 129.1 82.18 11.74 46.96 23.48 23.48 11.74 0 0 11.74 11.74 0 0 0 0 0
1 363.5 325.9 162.9 100.3 87.74 50.13 62.67 37.6 25.07 12.53 12.53 0 12.53 0 0 0 0 0 0 0
1 543.5 390.6 254.7 135.9 118.9 50.95 50.95 33.97 16.98 33.97 33.97 0 0 33.97 0 0 0 0 0 0
1 543.7 372 114.5 28.62 71.54 57.23 42.92 42.92 42.92 28.62 28.62 0 14.31 0 14.31 0 14.31 0 0 14.31
1 291 455.5 126.5 151.8 50.61 25.31 50.61 37.96 25.31 25.31 0 12.65 12.65 0 0 0 0 0 0 0
1 939.7 221.1 239.5 165.8 55.27 18.42 73.7 73.7 18.42 0 0 0 0 0 18.42 0 0 0 18.42 0
1 266.8 567 250.2 150.1 183.5 50.03 0 33.35 50.03 0 33.35 50.03 16.68 16.68 0 0 0 0 0 0
1 492.9 587.7 417.1 113.7 151.7 75.83 18.96 37.92 0 0 0 0 0 0 0 0 0 0 0 0
1 523.2 234.1 123.9 289.1 27.54 82.61 13.77 27.54 13.77 0 13.77 13.77 0 13.77 0 0 0 0 0 0
1 353.8 285 98.28 68.8 58.97 29.48 29.48 9.828 19.66 0 19.66 9.828 0 0 0 0 0 0 0 0
1 204.8 170.6 122.9 88.74 34.13 34.13 6.826 0 6.826 6.826 0 0 0 0 6.826 0 0 0 0 0
1 508.6 203.5 192.2 135.6 33.91 0 33.91 0 11.3 0 0 0 11.3 0 0 0 0 0 0 0
1 359.6 371.2 185.6 69.6 127.6 0 11.6 34.8 0 0 0 0 0 0 0 0 0 0 0 0
1 424.5 399.6 212.3 87.4 74.92 24.97 24.97 0 0 0 0 0 0 0 0 0 0 0 0 0
1 360 232.9 243.5 116.5 10.59 42.35 21.18 0 0 10.59 0 21.18 0 0 0 0 0 0 0 0
1 237.1 143.7 122.2 93.42 50.3 35.93 28.75 0 0 0 7.186 0 0 0 0 0 0 0 0 0
1 830.9 169 126.7 84.5 70.42 84.5 14.08 28.17 0 0 0 0 0 0 0 0 0 0 0 0
1 528 653.1 27.79 139 0 13.9 27.79 0 0 0 0 0 0 0 0 0 0 0 0 0
1 459.1 292.2 375.6 139.1 27.83 69.56 0 0 0 13.91 13.91 0 0 0 0 0 0 0 0 0
1 472.8 337.7 146.3 123.8 11.26 22.51 0 0 0 0 0 11.26 0 0 0 0 0 0 0 0
1 307.2 317.4 163.8 112.6 92.15 20.48 10.24 0 0 0 0 0 0 0 0 0 0 0 0 0
1 343.4 191.9 232.3 101 30.3 50.51 10.1 40.41 0 0 10.1 0 0 0 0 0 0 0 0 0
1 248.9 248.9 120.2 137.3 51.5 8.583 25.75 17.17 0 0 0 0 0 0 0 0 0 0 0 0
1 184 276 202.4 82.8 82.8 36.8 27.6 18.4 9.2 0 0 0 0 0 0 0 0 0 0 0
1 272.9 162.2 118 95.87 36.87 36.87 0 0 14.75 0 0 0 0 0 0 0 0 0 0 0
1 409.7 215.1 102.4 153.6 92.19 10.24 10.24 20.49 10.24 0 0 0 0 0 0 0 0 0 0 0
1 317.1 242 150.2 33.38 25.04 25.04 0 16.69 25.04 0 0 0 0 0 0 0 0 0 0 0
1 306.2 231.8 99.32 107.6 33.11 16.55 16.55 0 16.55 0 0 0 0 0 0 0 0 0 0 0
1 313.9 206.3 197.3 53.82 53.82 17.94 8.97 35.88 0 0 0 8.97 0 0 0 0 0 0 0 0
1 325.3 216.9 108.4 61.96 15.49 38.72 7.745 0 0 0 0 0 0 0 0 0 0 0 0 0
1 294.9 314.6 206.5 88.48 29.49 0 19.66 9.831 0 0 19.66 0 0 0 0 0 0 0 0 0
1 255.4 187.8 180.3 105.1 0 22.53 0 0 0 0 0 0 0 0 0 0 0 0 0 0
1 569.9 215.3 190 101.3 75.98 63.32 25.33 25.33 0 0 0 0 0 0 0 0 0 0 0 0
1 507.7 397.9 178.4 137.2 82.33 13.72 13.72 41.17 0 0 0 0 0 0 0 0 0 0 0 0
1 683.9 186.5 149.2 111.9 37.31 24.87 49.74 0 0 0 0 0 0 0 0 0 0 0 0 0
1 393.1 431.1 215.6 164.8 38.04 0 12.68 12.68 0 0 0 0 0 0 0 0 0 0 0 0
1 538.4 269.2 294.8 115.4 12.82 0 12.82 25.64 0 12.82 0 0 0 0 0 0 0 0 0 0
1 484.3 305.9 102 267.6 89.21 25.49 0 0 0 0 0 0 0 0 0 0 0 0 0 0
1 268.7 299.7 206.7 82.69 103.4 20.67 51.68 0 0 0 0 0 0 0 0 0 0 0 0 0
1 401.2 162.7 195.2 119.3 86.75 54.22 32.53 10.84 21.69 0 0 0 0 0 0 0 0 0 0 0
1 1005 322.4 208.6 56.89 189.6 56.89 37.92 18.96 0 0 0 0 0 0 0 0 0 0 0 0
1 722.6 568.8 138.4 30.75 46.12 15.37 0 15.37 0 0 0 0 0 0 0 0 0 0 0 0
1 415.1 327.1 364.8 88.06 0 25.16 25.16 0 0 12.58 0 0 0 0 0 0 0 0 0 0
1 283.2 566.4 240.7 240.7 42.48 28.32 14.16 0 0 0 0 0 0 0 0 0 0 0 0 0
1 407.4 407.4 407.4 194.8 212.5 70.84 35.42 17.71 17.71 0 0 0 0 0 0 0 0 0 0 0
1 803.1 278.6 131.1 180.3 163.9 49.17 16.39 0 16.39 0 0 0 0 0 0 0 0 0 0 0
1 317.3 214.4 68.61 68.61 85.76 42.88 42.88 8.576 8.576 0 0 0 0 0 0 0 0 0 0 0
1 393 427.7 208.1 34.68 23.12 23.12 11.56 23.12 0 0 11.56 0 0 0 0 0 0 0 0 0
1 442.7 249.7 227 102.2 45.4 22.7 22.7 22.7 0 0 0 0 0 0 0 0 0 0 0 0
1 699.2 188.3 174.8 80.68 121 40.34 13.45 13.45 13.45 0 0 0 0 0 0 0 0 0 0 0
1 262.6 513.7 125.6 102.7 68.49 22.83 22.83 0 11.42 11.42 0 0 0 0 0 0 0 0 0 0
1 344.1 267.7 293.1 152.9 63.73 50.98 38.24 12.75 0 38.24 0 12.75 0 0 0 0 0 0 0 0
1 165.8 227.9 89.79 103.6 41.44 20.72 6.907 13.81 6.907 0 6.907 0 6.907 0 0 0 0 0 0 0
1 439.8 114.4 87.97 87.97 70.38 35.19 26.39 17.59 0 0 0 0 0 0 0 0 0 0 0 0
1 368.9 248.8 60.05 94.36 34.31 25.73 8.578 8.578 0 8.578 0 0 0 0 0 0 0 0 0 0
1 424.2 225.1 112.5 34.63 17.31 17.31 25.97 8.657 0 0 0 0 0 0 0 0 0 0 0 0
1 218.9 328.4 278.7 79.61 39.81 29.86 0 19.9 0 0 0 0 0 0 0 0 0 0 0 0
1 381.5 408.7 272.5 136.2 81.75 40.87 13.62 0 13.62 0 0 0 13.62 0 0 0 0 0 0 0
1 461.4 168.6 106.5 70.99 26.62 8.873 17.75 8.873 17.75 0 0 0 0 0 0 0 0 0 0 0
1 406 432.2 170.3 131 117.9 13.1 13.1 13.1 0 13.1 0 0 0 0 0 0 0 0 0 0
1 364.5 227.8 284.8 91.13 56.96 79.74 0 22.78 0 0 0 0 0 0 11.39 0 0 0 0 0
1 467.5 198.7 175.3 140.3 93.51 46.75 35.07 0 0 0 11.69 0 0 0 0 0 0 0 0 0
1 365.2 311.5 204.1 75.19 53.71 32.23 10.74 21.48 0 0 0 0 0 0 0 0 0 0 0 0
1 200.8 121.7 127.8 36.52 54.78 12.17 24.34 12.17 12.17 0 6.086 0 0 0 0 0 0 0 0 0
1 522.4 138 138 88.71 68.99 19.71 9.856 0 0 0 0 0 0 0 0 0 0 0 0 0
1 404.6 505.7 113.8 139.1 50.57 0 37.93 12.64 0 0 0 0 0 0 0 0 0 0 0 0
