 landings-at-age - landings.n (units : NA )
1	2	
2	100	
1	20	
1 
0.02659 0.2984 0.8352 0.6934 0.4839 0.3377 0.2357 0.1644 0.1148 0.08008 0.05589 0.039 0.02722 0.01899 0.01325 0.009249 0.006454 0.004504 0.003143 0.007259
0.005618 0.05216 0.1462 0.1214 0.08475 0.05914 0.04127 0.0288 0.0201 0.01403 0.009787 0.00683 0.004766 0.003326 0.002321 0.00162 0.00113 0.0007888 0.0005504 0.001271
0.00347 0.06308 0.1464 0.1219 0.08515 0.05942 0.04147 0.02894 0.02019 0.01409 0.009834 0.006862 0.004789 0.003342 0.002332 0.001627 0.001136 0.0007925 0.000553 0.001277
0.00426 0.03897 0.177 0.122 0.08549 0.0597 0.04166 0.02907 0.02029 0.01416 0.00988 0.006895 0.004811 0.003358 0.002343 0.001635 0.001141 0.0007963 0.0005557 0.001283
0.004371 0.04783 0.1093 0.1476 0.08557 0.05994 0.04186 0.02921 0.02038 0.01423 0.009927 0.006927 0.004834 0.003374 0.002354 0.001643 0.001146 8e-04 0.0005583 0.001289
0.004013 0.04908 0.1342 0.09118 0.1035 0.06 0.04203 0.02935 0.02048 0.01429 0.009974 0.00696 0.004857 0.00339 0.002365 0.001651 0.001152 0.0008038 0.0005609 0.001295
0.004063 0.04506 0.1377 0.1119 0.06393 0.07256 0.04207 0.02947 0.02058 0.01436 0.01002 0.006993 0.00488 0.003406 0.002377 0.001658 0.001157 0.0008076 0.0005636 0.001302
0.004628 0.04562 0.1264 0.1148 0.07847 0.04482 0.05087 0.0295 0.02066 0.01443 0.01007 0.007026 0.004903 0.003422 0.002388 0.001666 0.001163 0.0008114 0.0005663 0.001308
0.003394 0.05196 0.128 0.1054 0.08051 0.05502 0.03143 0.03567 0.02068 0.01449 0.01012 0.00706 0.004926 0.003438 0.002399 0.001674 0.001168 0.0008153 0.0005689 0.001314
0.005668 0.03811 0.1458 0.1067 0.07392 0.05645 0.03858 0.02204 0.02501 0.0145 0.01016 0.007093 0.00495 0.003454 0.00241 0.001682 0.001174 0.0008191 0.0005716 0.00132
0.004154 0.06365 0.1069 0.1216 0.07484 0.05183 0.03958 0.02705 0.01545 0.01754 0.01017 0.007121 0.004973 0.003471 0.002422 0.00169 0.001179 0.000823 0.0005743 0.001326
0.003837 0.04664 0.1786 0.08917 0.08524 0.05248 0.03634 0.02775 0.01897 0.01083 0.01229 0.007128 0.004993 0.003487 0.002433 0.001698 0.001185 0.0008269 0.0005771 0.001333
0.003243 0.04308 0.1309 0.1489 0.06252 0.05977 0.03679 0.02548 0.01946 0.0133 0.007595 0.00862 0.004998 0.003501 0.002445 0.001706 0.001191 0.0008308 0.0005798 0.001339
0.00517 0.03641 0.1209 0.1091 0.1044 0.04384 0.04191 0.0258 0.01786 0.01364 0.009323 0.005325 0.006044 0.003504 0.002455 0.001714 0.001196 0.0008348 0.0005825 0.001345
0.00459 0.05805 0.1022 0.1008 0.07652 0.07321 0.03073 0.02938 0.01809 0.01253 0.009565 0.006537 0.003734 0.004238 0.002457 0.001721 0.001202 0.0008387 0.0005853 0.001352
0.003502 0.05154 0.1629 0.0852 0.07067 0.05365 0.05133 0.02155 0.0206 0.01268 0.008782 0.006707 0.004583 0.002618 0.002971 0.001723 0.001207 0.0008427 0.0005881 0.001358
0.004589 0.03932 0.1446 0.1358 0.05974 0.04955 0.03762 0.03599 0.01511 0.01444 0.008892 0.006158 0.004702 0.003214 0.001836 0.002083 0.001208 0.000846 0.0005908 0.001365
0.004555 0.05152 0.1103 0.1206 0.09523 0.04188 0.03474 0.02638 0.02523 0.01059 0.01013 0.006234 0.004317 0.003297 0.002253 0.001287 0.001461 0.0008469 0.0005932 0.001371
0.004002 0.05115 0.1446 0.09201 0.08456 0.06677 0.02937 0.02436 0.01849 0.01769 0.007428 0.007101 0.004371 0.003027 0.002312 0.00158 0.0009023 0.001024 0.0005938 0.001377
0.00357 0.04493 0.1435 0.1206 0.06451 0.05929 0.04681 0.02059 0.01708 0.01297 0.01241 0.005208 0.004979 0.003065 0.002122 0.001621 0.001108 0.0006327 0.0007181 0.001382
0.003886 0.04009 0.1261 0.1197 0.08452 0.04523 0.04157 0.03282 0.01444 0.01198 0.009091 0.008698 0.003652 0.003491 0.002149 0.001488 0.001136 0.0007766 0.0004436 0.001472
0.00365 0.04363 0.1125 0.1051 0.08391 0.05926 0.03171 0.02915 0.02301 0.01012 0.008396 0.006374 0.006099 0.00256 0.002448 0.001507 0.001043 0.0007968 0.0005445 0.001343
0.006445 0.04098 0.1224 0.09379 0.07372 0.05883 0.04155 0.02224 0.02044 0.01614 0.007097 0.005887 0.004469 0.004276 0.001795 0.001716 0.001056 0.0007316 0.0005587 0.001324
0.002002 0.07236 0.115 0.1021 0.06576 0.05169 0.04125 0.02913 0.01559 0.01433 0.01131 0.004976 0.004128 0.003134 0.002998 0.001259 0.001203 0.0007407 0.0005129 0.00132
0.003072 0.02247 0.203 0.09589 0.07158 0.04611 0.03624 0.02892 0.02043 0.01093 0.01005 0.007933 0.003489 0.002894 0.002197 0.002102 0.0008825 0.0008436 0.0005193 0.001285
0.003953 0.0345 0.06306 0.1693 0.06723 0.05019 0.03233 0.02541 0.02028 0.01432 0.007664 0.007044 0.005562 0.002446 0.002029 0.001541 0.001474 0.0006187 0.0005915 0.001265
0.006041 0.04438 0.09679 0.05259 0.1187 0.04714 0.03519 0.02267 0.01782 0.01422 0.01004 0.005374 0.004939 0.0039 0.001715 0.001423 0.00108 0.001033 0.0004338 0.001302
0.004511 0.06784 0.1245 0.08071 0.03687 0.08324 0.03305 0.02467 0.01589 0.01249 0.009969 0.007041 0.003768 0.003463 0.002734 0.001203 0.0009975 0.0007573 0.0007245 0.001217
0.005997 0.05065 0.1903 0.1038 0.05659 0.02585 0.05836 0.02317 0.0173 0.01114 0.008758 0.00699 0.004937 0.002642 0.002428 0.001917 0.0008432 0.0006994 0.000531 0.001361
0.003917 0.06734 0.1421 0.1587 0.07281 0.03968 0.01813 0.04092 0.01625 0.01213 0.007813 0.006141 0.004901 0.003461 0.001852 0.001702 0.001344 0.0005912 0.0004904 0.001327
0.004261 0.04398 0.189 0.1185 0.1113 0.05105 0.02782 0.01271 0.02869 0.01139 0.008504 0.005478 0.004306 0.003436 0.002427 0.001299 0.001194 0.0009424 0.0004145 0.001274
0.00354 0.04785 0.1234 0.1576 0.0831 0.07803 0.03579 0.01951 0.008911 0.02012 0.007988 0.005963 0.003841 0.003019 0.002409 0.001702 0.0009106 0.0008369 0.0006608 0.001184
0.003358 0.03975 0.1343 0.1029 0.1105 0.05827 0.05471 0.0251 0.01368 0.006248 0.0141 0.005601 0.004181 0.002693 0.002117 0.001689 0.001193 0.0006384 0.0005868 0.001293
0.003856 0.0377 0.1115 0.112 0.07216 0.07746 0.04085 0.03836 0.0176 0.009589 0.004381 0.009889 0.003927 0.002931 0.001888 0.001484 0.001184 0.0008365 0.0004476 0.001318
0.004599 0.04329 0.1058 0.093 0.0785 0.05059 0.05431 0.02864 0.0269 0.01234 0.006724 0.003071 0.006934 0.002753 0.002055 0.001324 0.001041 0.0008304 0.0005865 0.001238
0.004982 0.05164 0.1215 0.08822 0.06521 0.05504 0.03547 0.03808 0.02008 0.01886 0.008651 0.004714 0.002153 0.004862 0.00193 0.001441 0.0009283 0.0007296 0.0005823 0.001279
0.006301 0.05594 0.1449 0.1013 0.06185 0.04572 0.03859 0.02487 0.0267 0.01408 0.01322 0.006065 0.003305 0.00151 0.003409 0.001353 0.00101 0.0006508 0.0005115 0.001305
0.003961 0.07075 0.157 0.1208 0.07102 0.04337 0.03206 0.02706 0.01744 0.01872 0.009873 0.00927 0.004253 0.002317 0.001059 0.00239 0.000949 0.0007084 0.0004563 0.001274
0.01007 0.04448 0.1985 0.1309 0.08471 0.0498 0.03041 0.02248 0.01897 0.01223 0.01313 0.006922 0.0065 0.002982 0.001625 0.0007423 0.001676 0.0006654 0.0004967 0.001213
0.9819 29.14 29.79 38.78 21.5 13.91 8.18 4.995 3.692 3.116 2.008 2.156 1.137 1.068 0.4898 0.2669 0.1219 0.2752 0.1093 0.2809
1.122 10.1 67.79 18.5 19.78 10.97 7.099 4.173 2.548 1.883 1.59 1.025 1.1 0.5801 0.5447 0.2499 0.1362 0.0622 0.1404 0.199
1.554 13.7 27.71 49.82 11.19 11.96 6.633 4.293 2.523 1.541 1.139 0.9613 0.6196 0.6651 0.3508 0.3294 0.1511 0.08234 0.03761 0.2053
1.11 15.35 30.54 16.41 24.2 5.434 5.812 3.222 2.085 1.226 0.7485 0.5533 0.467 0.301 0.3231 0.1704 0.16 0.0734 0.04 0.118
0.8731 11.85 37.18 19.84 8.764 12.93 2.903 3.105 1.722 1.114 0.6549 0.3999 0.2956 0.2495 0.1608 0.1726 0.09104 0.08548 0.03921 0.08441
1.328 9.918 30.47 25.66 11.27 4.979 7.345 1.649 1.764 0.978 0.6329 0.3721 0.2272 0.1679 0.1417 0.09135 0.09806 0.05172 0.04856 0.07023
1.256 14.47 24.43 20.09 13.91 6.11 2.699 3.982 0.8942 0.9564 0.5302 0.3431 0.2017 0.1232 0.09104 0.07684 0.04953 0.05317 0.02804 0.06441
1.033 14.3 37.14 16.78 11.35 7.858 3.451 1.525 2.249 0.5051 0.5402 0.2995 0.1938 0.1139 0.06957 0.05142 0.04341 0.02797 0.03003 0.05222
0.7756 10.28 32.26 22.37 8.304 5.614 3.889 1.708 0.7545 1.113 0.2499 0.2673 0.1482 0.09591 0.05638 0.03443 0.02545 0.02148 0.01384 0.0407
0.957 9.724 29 24.44 13.95 5.179 3.502 2.425 1.065 0.4706 0.6943 0.1559 0.1667 0.09244 0.05982 0.03517 0.02147 0.01587 0.0134 0.03402
2.32 9.987 22.83 18.07 12.49 7.134 2.648 1.79 1.24 0.5446 0.2406 0.355 0.07971 0.08525 0.04726 0.03059 0.01798 0.01098 0.008115 0.02425
1.176 26.18 25.32 15.41 10.02 6.932 3.958 1.469 0.9934 0.688 0.3022 0.1335 0.197 0.04422 0.0473 0.02622 0.01697 0.009976 0.006092 0.01795
1.359 12.25 61.42 15.78 7.888 5.13 3.548 2.025 0.7519 0.5084 0.3521 0.1546 0.06832 0.1008 0.02263 0.02421 0.01342 0.008685 0.005106 0.01231
1.576 14.35 29.25 39.17 8.273 4.135 2.689 1.86 1.062 0.3941 0.2665 0.1846 0.08106 0.03582 0.05284 0.01186 0.01269 0.007035 0.004553 0.009128
0.9121 17.74 36.49 19.92 21.94 4.633 2.316 1.506 1.042 0.5947 0.2208 0.1493 0.1034 0.0454 0.02006 0.02959 0.006645 0.007107 0.00394 0.007662
1.199 10.2 44.67 24.53 11.01 12.13 2.561 1.28 0.8324 0.5757 0.3287 0.122 0.0825 0.05714 0.02509 0.01109 0.01636 0.003673 0.003928 0.006413
0.8647 12.15 23.39 27.34 12.34 5.535 6.097 1.288 0.6436 0.4186 0.2895 0.1653 0.06135 0.04148 0.02873 0.01262 0.005575 0.008225 0.001847 0.0052
0.6252 10.64 33.63 17.35 16.69 7.53 3.378 3.722 0.786 0.3929 0.2555 0.1767 0.1009 0.03745 0.02532 0.01754 0.007702 0.003403 0.00502 0.004301
0.7754 6.256 24.02 20.16 8.533 8.209 3.704 1.662 1.831 0.3866 0.1932 0.1257 0.08691 0.04962 0.01842 0.01246 0.008627 0.003788 0.001674 0.004585
0.7304 8.363 15.27 15.7 10.84 4.588 4.413 1.991 0.8935 0.9842 0.2079 0.1039 0.06757 0.04673 0.02668 0.009904 0.006696 0.004638 0.002037 0.003365
1.369 8.821 22.7 11.09 9.384 6.476 2.741 2.637 1.19 0.5339 0.5881 0.1242 0.06208 0.04038 0.02792 0.01594 0.005918 0.004001 0.002771 0.003228
0.9713 14.81 21.4 14.6 5.856 4.954 3.419 1.447 1.392 0.6282 0.2819 0.3105 0.06557 0.03277 0.02131 0.01474 0.008416 0.003124 0.002112 0.003167
1.143 10.74 36.69 14.06 7.877 3.159 2.673 1.845 0.7808 0.7511 0.3389 0.1521 0.1675 0.03538 0.01768 0.0115 0.007953 0.004541 0.001686 0.002848
0.9893 11.31 23.99 21.75 6.842 3.832 1.537 1.3 0.8972 0.3798 0.3654 0.1649 0.07397 0.08148 0.01721 0.008601 0.005594 0.003869 0.002209 0.002206
0.8465 11.13 28.73 16.31 12.17 3.827 2.143 0.8596 0.7271 0.5018 0.2124 0.2044 0.09221 0.04137 0.04557 0.009625 0.004811 0.003129 0.002164 0.002469
0.7012 9.167 27.21 18.76 8.755 6.53 2.054 1.15 0.4613 0.3903 0.2693 0.114 0.1097 0.04949 0.0222 0.02446 0.005166 0.002582 0.001679 0.002486
1.345 7.74 22.83 18.11 10.27 4.791 3.574 1.124 0.6295 0.2525 0.2136 0.1474 0.0624 0.06003 0.02709 0.01215 0.01339 0.002827 0.001413 0.00228
1.055 13.81 18.02 14.21 9.262 5.251 2.45 1.828 0.5749 0.322 0.1291 0.1092 0.07539 0.03191 0.0307 0.01385 0.006215 0.006846 0.001446 0.001889
1.855 12.93 38.11 13.34 8.656 5.644 3.199 1.493 1.114 0.3503 0.1962 0.07868 0.06656 0.04593 0.01944 0.01871 0.00844 0.003787 0.004171 0.002032
1.236 19.16 30.11 23.57 6.771 4.395 2.865 1.624 0.758 0.5654 0.1778 0.0996 0.03995 0.03379 0.02332 0.009872 0.009497 0.004285 0.001923 0.003149
1.166 12.55 44.13 18.54 11.93 3.427 2.224 1.45 0.8221 0.3837 0.2862 0.09001 0.05041 0.02022 0.0171 0.0118 0.004997 0.004807 0.002169 0.002567
1.107 13.67 33.28 31.47 10.89 7.006 2.012 1.306 0.8516 0.4827 0.2253 0.168 0.05285 0.0296 0.01187 0.01004 0.006931 0.002934 0.002823 0.002781
0.8553 11.97 33.39 21.73 16.89 5.842 3.76 1.08 0.701 0.457 0.2591 0.1209 0.09018 0.02836 0.01589 0.006371 0.00539 0.00372 0.001575 0.003007
1.079 9.823 30.94 23.08 12.35 9.597 3.32 2.137 0.6137 0.3984 0.2597 0.1472 0.06871 0.05125 0.01612 0.009028 0.003621 0.003063 0.002114 0.002604
2.393 11.29 23.18 19.44 11.91 6.371 4.952 1.713 1.102 0.3167 0.2055 0.134 0.07597 0.03545 0.02644 0.008317 0.004658 0.001868 0.001581 0.002434
1.538 24.9 26.63 14.63 10.09 6.179 3.306 2.569 0.8889 0.572 0.1643 0.1067 0.06953 0.03942 0.0184 0.01372 0.004316 0.002417 0.0009694 0.002083
1.579 17.17 63.01 18.1 8.184 5.643 3.457 1.85 1.438 0.4974 0.3201 0.09194 0.05968 0.03891 0.02206 0.01029 0.007677 0.002415 0.001352 0.001708
0.8244 18.85 46.12 45.32 10.71 4.842 3.339 2.046 1.095 0.8506 0.2943 0.1894 0.0544 0.03531 0.02302 0.01305 0.00609 0.004543 0.001429 0.001811
0.8073 8.248 42.6 27.73 22.37 5.287 2.39 1.648 1.01 0.5402 0.4198 0.1452 0.09347 0.02685 0.01743 0.01136 0.006441 0.003006 0.002242 0.001599
1.174 9.186 21.19 29.33 15.7 12.67 2.994 1.354 0.9334 0.5718 0.306 0.2378 0.08227 0.05294 0.01521 0.00987 0.006435 0.003648 0.001702 0.002175
1.208 13.68 24.02 14.78 16.81 9 7.26 1.716 0.7758 0.5349 0.3277 0.1754 0.1363 0.04715 0.03034 0.008715 0.005657 0.003688 0.002091 0.002223
0.8462 11.89 30.41 14.18 7.159 8.143 4.36 3.517 0.8314 0.3758 0.2591 0.1588 0.08494 0.06602 0.02284 0.0147 0.004222 0.00274 0.001787 0.00209
0.9938 9.566 30.37 20.81 7.981 4.029 4.583 2.454 1.979 0.4679 0.2115 0.1458 0.08935 0.04781 0.03715 0.01285 0.008272 0.002376 0.001542 0.002182
1.675 10.66 23.19 19.67 11.08 4.25 2.146 2.441 1.307 1.054 0.2492 0.1126 0.07767 0.04759 0.02546 0.01979 0.006846 0.004406 0.001265 0.001983
0.706 18.75 26.94 15.67 10.93 6.158 2.362 1.192 1.356 0.7263 0.5859 0.1385 0.0626 0.04317 0.02645 0.01415 0.011 0.003805 0.002448 0.001805
0.8426 7.225 43.49 16.7 7.985 5.57 3.137 1.203 0.6075 0.691 0.37 0.2985 0.07055 0.03189 0.02199 0.01347 0.007208 0.005602 0.001938 0.002167
0.4654 9.47 18.4 29.76 9.405 4.498 3.138 1.767 0.6779 0.3422 0.3893 0.2084 0.1681 0.03974 0.01797 0.01239 0.007589 0.004061 0.003156 0.002313
1.215 5.394 24.75 12.88 17.13 5.414 2.59 1.806 1.017 0.3903 0.197 0.2241 0.12 0.09679 0.02288 0.01034 0.007132 0.004369 0.002338 0.003148
1.487 13.52 13.49 16.48 7.046 9.376 2.963 1.417 0.9885 0.5567 0.2136 0.1078 0.1226 0.06566 0.05297 0.01252 0.00566 0.003903 0.002391 0.003002
1.468 16.4 33.48 8.877 8.904 3.806 5.065 1.601 0.7655 0.534 0.3007 0.1154 0.05824 0.06625 0.03547 0.02861 0.006763 0.003057 0.002108 0.002913
1.098 14.34 36.24 19.68 4.283 4.296 1.836 2.444 0.7723 0.3693 0.2577 0.1451 0.05566 0.0281 0.03196 0.01711 0.01381 0.003263 0.001475 0.002423
1.057 13.49 39.63 26.85 12 2.612 2.62 1.12 1.49 0.471 0.2253 0.1571 0.0885 0.03395 0.01714 0.0195 0.01044 0.00842 0.00199 0.002378
1.649 11.22 32.17 25.08 13.95 6.235 1.357 1.361 0.5818 0.7743 0.2447 0.117 0.08163 0.04598 0.01764 0.008903 0.01013 0.005422 0.004374 0.002269
1.179 18.27 27.93 21.31 13.65 7.589 3.393 0.7383 0.7406 0.3166 0.4213 0.1331 0.06367 0.04442 0.02501 0.009595 0.004844 0.00551 0.00295 0.003614
0.94 11.86 41.55 16.9 10.59 6.78 3.77 1.686 0.3668 0.368 0.1573 0.2093 0.06614 0.03163 0.02207 0.01243 0.004767 0.002407 0.002738 0.003262
1.163 10.2 29.16 27.38 9.163 5.74 3.676 2.044 0.9138 0.1989 0.1995 0.08527 0.1135 0.03586 0.01715 0.01196 0.006738 0.002585 0.001305 0.003253
0.8952 13.38 26.48 20.3 15.69 5.249 3.288 2.106 1.171 0.5235 0.1139 0.1143 0.04885 0.065 0.02054 0.009825 0.006854 0.00386 0.001481 0.002611
0.8275 10.05 33.81 17.85 11.24 8.689 2.908 1.822 1.166 0.6487 0.29 0.06311 0.06331 0.02706 0.03601 0.01138 0.005442 0.003797 0.002138 0.002266
1.654 8.543 23.43 20.99 9.099 5.733 4.43 1.483 0.9287 0.5947 0.3307 0.1479 0.03218 0.03228 0.0138 0.01836 0.005802 0.002775 0.001936 0.002246
0.9821 19.7 22.87 16.76 12.35 5.353 3.373 2.606 0.8722 0.5464 0.3499 0.1946 0.08699 0.01893 0.01899 0.008117 0.0108 0.003413 0.001633 0.00246
