 landings-at-age - landings.n (units : NA )
1	2	
42	100	
1	20	
1 
0.003976 0.04955 0.1399 0.1276 0.09036 0.06474 0.0452 0.03137 0.02118 0.01394 0.009736 0.006853 0.004953 0.003918 0.002592 0.001795 0.001193 0.0008541 0.0006583 0.00167
0.004163 0.04465 0.139 0.1167 0.08944 0.06336 0.04539 0.03169 0.022 0.01485 0.009774 0.006826 0.004805 0.003473 0.002747 0.001817 0.001259 0.0008364 0.0005988 0.001633
0.06689 0.7344 1.96 1.812 1.278 0.9799 0.6941 0.4973 0.3472 0.241 0.1627 0.1071 0.07479 0.05264 0.03804 0.0301 0.01991 0.01379 0.009164 0.02445
0.1205 1.45 3.938 3.101 2.407 1.698 1.302 0.9223 0.6607 0.4613 0.3202 0.2162 0.1423 0.09937 0.06994 0.05055 0.03999 0.02645 0.01832 0.04466
0.192 1.999 5.912 4.71 3.11 2.414 1.704 1.306 0.9251 0.6627 0.4627 0.3212 0.2169 0.1427 0.09967 0.07015 0.0507 0.04011 0.02653 0.06317
0.2695 2.841 7.23 6.235 4.16 2.747 2.133 1.505 1.154 0.8172 0.5855 0.4088 0.2837 0.1916 0.1261 0.08805 0.06197 0.04479 0.03544 0.07925
0.3376 3.741 9.586 7.068 5.099 3.403 2.247 1.745 1.231 0.9435 0.6684 0.4788 0.3343 0.2321 0.1567 0.1031 0.07202 0.05069 0.03663 0.0938
0.4357 4.496 12.04 8.886 5.475 3.95 2.636 1.741 1.351 0.9534 0.7308 0.5177 0.3709 0.2589 0.1797 0.1214 0.07987 0.05578 0.03926 0.101
0.5095 5.637 13.97 10.71 6.598 4.065 2.933 1.957 1.292 1.003 0.7079 0.5427 0.3844 0.2754 0.1923 0.1335 0.09012 0.0593 0.04142 0.1042
0.6237 6.45 17.04 12.02 7.68 4.731 2.915 2.103 1.403 0.9266 0.7194 0.5076 0.3891 0.2756 0.1975 0.1379 0.09569 0.06462 0.04252 0.1044
0.664 7.762 19.06 14.24 8.364 5.343 3.291 2.028 1.463 0.9762 0.6447 0.5005 0.3531 0.2707 0.1918 0.1374 0.09591 0.06657 0.04495 0.1022
0.7226 8.151 22.49 15.53 9.646 5.664 3.618 2.229 1.373 0.9907 0.6611 0.4366 0.3389 0.2391 0.1833 0.1299 0.09303 0.06495 0.04508 0.09965
0.7545 8.769 23.21 17.9 10.26 6.373 3.742 2.391 1.473 0.9073 0.6546 0.4368 0.2884 0.2239 0.158 0.1211 0.0858 0.06147 0.04291 0.09563
0.8389 9.068 24.59 18.08 11.56 6.624 4.116 2.417 1.544 0.9509 0.5859 0.4227 0.2821 0.1863 0.1446 0.102 0.07821 0.0554 0.03969 0.08947
0.8953 9.997 25.07 18.76 11.42 7.305 4.186 2.601 1.527 0.9756 0.6009 0.3703 0.2671 0.1782 0.1177 0.09138 0.06448 0.04942 0.03501 0.08162
0.9328 10.59 27.28 18.77 11.62 7.073 4.522 2.591 1.61 0.9454 0.604 0.372 0.2292 0.1654 0.1103 0.07287 0.05657 0.03992 0.0306 0.0722
1.045 10.96 28.54 20.05 11.39 7.051 4.293 2.745 1.573 0.9772 0.5738 0.3666 0.2258 0.1391 0.1004 0.06697 0.04423 0.03434 0.02423 0.06239
1.191 12.21 29.19 20.6 11.94 6.782 4.198 2.556 1.634 0.9365 0.5819 0.3417 0.2183 0.1344 0.08284 0.05976 0.03988 0.02633 0.02044 0.05158
1.077 13.84 32.15 20.71 12.04 6.976 3.964 2.454 1.494 0.9552 0.5474 0.3401 0.1997 0.1276 0.07858 0.04842 0.03493 0.02331 0.01539 0.0421
1.166 12.45 36.06 22.43 11.89 6.911 4.004 2.275 1.408 0.8574 0.5482 0.3142 0.1952 0.1146 0.07322 0.0451 0.02779 0.02005 0.01338 0.033
1.095 13.42 32.11 24.75 12.65 6.704 3.897 2.258 1.283 0.7941 0.4835 0.3091 0.1771 0.1101 0.06462 0.04128 0.02543 0.01567 0.0113 0.02615
1.079 11.93 32.75 20.74 13.12 6.703 3.552 2.065 1.196 0.6798 0.4208 0.2562 0.1638 0.09387 0.05833 0.03425 0.02188 0.01348 0.008303 0.01985
1.086 11.76 29.12 21.15 10.99 6.951 3.552 1.883 1.094 0.634 0.3602 0.223 0.1358 0.08681 0.04975 0.03091 0.01815 0.01159 0.007142 0.01492
1.018 11.83 28.69 18.81 11.21 5.824 3.684 1.882 0.9977 0.5799 0.336 0.1909 0.1182 0.07195 0.046 0.02636 0.01638 0.009618 0.006144 0.01169
0.9402 11.09 28.88 18.53 9.966 5.941 3.086 1.952 0.9976 0.5287 0.3073 0.178 0.1012 0.06263 0.03813 0.02438 0.01397 0.00868 0.005097 0.009451
0.8122 10.25 27.07 18.65 9.821 5.281 3.148 1.636 1.034 0.5287 0.2802 0.1629 0.09436 0.05361 0.03319 0.02021 0.01292 0.007404 0.0046 0.00771
0.7832 8.855 25.01 17.48 9.884 5.205 2.799 1.668 0.8668 0.5482 0.2802 0.1485 0.08631 0.05 0.02841 0.01759 0.01071 0.006847 0.003924 0.006524
0.7553 8.539 21.6 16.15 9.266 5.238 2.758 1.483 0.8841 0.4593 0.2905 0.1485 0.07868 0.04574 0.0265 0.01506 0.009321 0.005675 0.003628 0.005536
0.7096 8.234 20.83 13.95 8.56 4.91 2.776 1.462 0.786 0.4685 0.2434 0.154 0.07868 0.0417 0.02424 0.01404 0.007979 0.004939 0.003007 0.004857
0.6763 7.736 20.09 13.46 7.395 4.537 2.602 1.471 0.7746 0.4165 0.2483 0.129 0.08159 0.0417 0.0221 0.01285 0.007442 0.004229 0.002618 0.004168
0.7214 7.373 18.88 12.98 7.132 3.919 2.404 1.379 0.7795 0.4105 0.2207 0.1316 0.06836 0.04324 0.0221 0.01171 0.006807 0.003944 0.002241 0.003596
0.6466 7.865 17.99 12.19 6.877 3.779 2.077 1.274 0.7308 0.4131 0.2175 0.117 0.06973 0.03623 0.02291 0.01171 0.006206 0.003607 0.00209 0.003093
0.5623 7.05 19.19 11.62 6.461 3.644 2.003 1.101 0.6752 0.3873 0.2189 0.1153 0.06199 0.03695 0.0192 0.01214 0.006205 0.003289 0.001912 0.002747
0.5718 6.13 17.2 12.39 6.158 3.424 1.931 1.061 0.5832 0.3578 0.2052 0.116 0.06109 0.03285 0.01958 0.01017 0.006435 0.003289 0.001743 0.002469
0.5555 6.233 14.96 11.11 6.568 3.263 1.814 1.024 0.5625 0.3091 0.1896 0.1088 0.06148 0.03237 0.01741 0.01038 0.005391 0.00341 0.001743 0.002232
0.5569 6.056 15.21 9.661 5.888 3.481 1.729 0.9616 0.5424 0.2981 0.1638 0.1005 0.05763 0.03258 0.01716 0.009226 0.005499 0.002857 0.001807 0.002106
0.5194 6.072 14.78 9.824 5.12 3.12 1.845 0.9165 0.5096 0.2874 0.158 0.0868 0.05325 0.03054 0.01727 0.009092 0.004889 0.002914 0.001514 0.002074
0.5088 5.662 14.81 9.545 5.206 2.713 1.653 0.9775 0.4857 0.27 0.1523 0.08371 0.046 0.02822 0.01619 0.00915 0.004818 0.002591 0.001544 0.001901
0.4724 5.547 13.82 9.569 5.058 2.759 1.438 0.8762 0.518 0.2574 0.1431 0.08072 0.04436 0.02438 0.01495 0.008578 0.004849 0.002553 0.001373 0.001826
0.4527 5.15 13.53 8.924 5.071 2.681 1.462 0.762 0.4644 0.2745 0.1364 0.07584 0.04278 0.02351 0.01292 0.007925 0.004546 0.00257 0.001353 0.001695
0.4519 4.818 12.29 8.555 4.628 2.63 1.39 0.7582 0.3951 0.2408 0.1424 0.07073 0.03933 0.02218 0.01219 0.006699 0.00411 0.002357 0.001333 0.001581
0.4245 4.81 11.53 7.812 4.464 2.415 1.372 0.7254 0.3956 0.2062 0.1257 0.07429 0.03691 0.02052 0.01158 0.006362 0.003496 0.002145 0.00123 0.00152
0.4504 4.519 11.54 7.369 4.102 2.344 1.268 0.7206 0.3809 0.2077 0.1083 0.06598 0.03901 0.01938 0.01078 0.006078 0.00334 0.001836 0.001126 0.001444
0.3786 4.795 10.87 7.418 3.894 2.167 1.238 0.6699 0.3807 0.2012 0.1098 0.0572 0.03486 0.02061 0.01024 0.005693 0.003211 0.001765 0.0009698 0.001358
0.3687 4.03 11.57 7.027 3.943 2.07 1.152 0.6583 0.3561 0.2024 0.107 0.05835 0.03041 0.01853 0.01096 0.005443 0.003026 0.001707 0.0009381 0.001237
0.3434 3.924 9.748 7.517 3.758 2.109 1.107 0.6161 0.3521 0.1905 0.1082 0.05721 0.0312 0.01626 0.009911 0.005859 0.002911 0.001619 0.000913 0.001164
0.3338 3.655 9.516 6.369 4.045 2.022 1.135 0.5956 0.3315 0.1894 0.1025 0.05824 0.03078 0.01679 0.008751 0.005333 0.003153 0.001566 0.0008709 0.001117
0.3416 3.552 8.886 6.251 3.448 2.189 1.095 0.6143 0.3224 0.1795 0.1025 0.05547 0.03152 0.01666 0.009089 0.004737 0.002887 0.001707 0.0008479 0.001076
0.3453 3.634 8.656 5.869 3.404 1.877 1.192 0.5961 0.3345 0.1756 0.09772 0.05584 0.03021 0.01717 0.009074 0.004949 0.002579 0.001572 0.0009293 0.001048
0.3094 3.673 8.878 5.747 3.215 1.865 1.028 0.653 0.3265 0.1832 0.09617 0.05353 0.03059 0.01655 0.009403 0.00497 0.002711 0.001413 0.000861 0.001083
0.3059 3.29 8.994 5.925 3.166 1.771 1.027 0.5666 0.3598 0.1799 0.101 0.05299 0.02949 0.01685 0.009117 0.005181 0.002738 0.001494 0.0007784 0.001071
0.2961 3.251 8.074 6.033 3.283 1.755 0.9814 0.5692 0.314 0.1994 0.09969 0.05594 0.02936 0.01634 0.009339 0.005052 0.002871 0.001517 0.0008277 0.001025
0.3033 3.146 7.998 5.444 3.362 1.83 0.9778 0.5469 0.3172 0.175 0.1111 0.05556 0.03118 0.01636 0.009107 0.005204 0.002815 0.0016 0.0008457 0.001032
0.2954 3.221 7.755 5.42 3.051 1.884 1.025 0.548 0.3065 0.1778 0.09805 0.06227 0.03113 0.01747 0.00917 0.005104 0.002917 0.001578 0.0008966 0.001053
0.2866 3.134 7.956 5.28 3.054 1.719 1.062 0.5778 0.3088 0.1727 0.1002 0.05525 0.03509 0.01754 0.009845 0.005167 0.002876 0.001643 0.000889 0.001098
0.2703 3.039 7.757 5.443 2.991 1.73 0.9739 0.6015 0.3273 0.1749 0.09785 0.05675 0.0313 0.01988 0.009939 0.005577 0.002927 0.001629 0.0009311 0.001126
0.2515 2.863 7.534 5.332 3.1 1.704 0.9853 0.5547 0.3426 0.1864 0.09963 0.05573 0.03232 0.01783 0.01132 0.005661 0.003176 0.001667 0.0009279 0.001171
0.2305 2.661 7.111 5.202 3.052 1.775 0.9753 0.564 0.3175 0.1961 0.1067 0.05703 0.0319 0.0185 0.01021 0.006481 0.00324 0.001818 0.0009544 0.001202
0.2282 2.437 6.619 4.931 2.993 1.756 1.021 0.5611 0.3245 0.1827 0.1128 0.06139 0.03281 0.01835 0.01064 0.005871 0.003728 0.001864 0.001046 0.00124
