Originally  
101 
A 
42	100	
1	1	NA	NA	
1	20	
1 0.1142 0.2475 0.4188 0.2284 0.2284 0.1333 0.1713 0.09519 0.09519 0.09519 0.01904 0.01904 0 0.01904 0 0.01904 0 0 0 0
1 0.03109 0.6529 0.2798 0.171 0.06218 0.1399 0.04664 0.04664 0.04664 0.06218 0 0.01555 0 0 0 0 0 0 0 0
1 0.1009 0.4035 0.6557 0.269 0.1009 0.01681 0.03363 0 0.01681 0.01681 0.05044 0.01681 0 0 0 0 0 0 0 0
1 0.01747 0.332 0.6814 0.3844 0.1048 0.08736 0.03494 0.01747 0.01747 0 0.03494 0.01747 0 0 0.01747 0 0 0 0 0
1 0.01893 0.265 0.4732 0.6057 0.3029 0.07571 0.03786 0.03786 0.03786 0.01893 0.01893 0 0 0 0 0 0 0 0 0
1 0.0105 0.08398 0.2729 0.2624 0.2309 0.09448 0.03149 0.03149 0 0.03149 0 0 0 0 0 0 0 0 0 0
1 0.07319 0.05489 0.1647 0.1098 0.1647 0.183 0.08234 0.0183 0.0183 0.009148 0.0183 0 0 0.009148 0 0 0 0 0 0.009148
1 0.107 0.1835 0.09175 0.09175 0.09175 0.08411 0.06117 0.04588 0 0 0.007646 0 0 0 0 0 0 0 0 0
1 0.01221 0.5496 0.3664 0.08549 0.08549 0.03664 0.02443 0.03664 0.01221 0 0.01221 0 0 0 0 0 0 0 0 0
1 0.0867 0.1561 1.196 0.1907 0.01734 0 0.03468 0 0.03468 0.01734 0 0 0 0 0 0 0 0 0 0
1 0.2112 0.697 0.169 0.866 0.1267 0 0.04225 0 0 0 0 0 0 0 0 0 0 0 0 0
1 0.0537 0.725 1.155 0.2148 0.3491 0.08055 0.0537 0.02685 0.02685 0 0 0 0 0 0 0 0 0 0 0
1 0 0.1503 1.804 1.127 0.07515 0.5637 0.03758 0 0 0 0 0 0 0 0 0 0 0 0 0
1 0 0.1368 0.1915 0.5883 0.26 0.02736 0.1505 0.01368 0 0 0 0 0 0 0 0 0 0 0 0
1 0.06143 0.09654 0.2019 0.05266 0.3072 0.08776 0 0.06143 0.008776 0 0 0 0 0 0 0 0 0 0 0
1 0.05849 0.1838 0.0752 0.08355 0.05013 0.2005 0.1086 0.01671 0.05013 0.008355 0 0 0 0 0 0 0 0 0 0
1 0.01299 0.3898 0.4678 0.1429 0.03898 0.02599 0.1559 0.05198 0 0 0.01299 0 0 0 0 0 0 0 0 0
1 0.03208 0.2352 0.3956 0.2138 0.04277 0.03208 0.02138 0.05346 0.02138 0 0.02138 0 0 0 0 0 0 0 0 0
1 0.05354 0.3213 0.2811 0.4685 0.1205 0.01339 0 0.04016 0.02677 0.01339 0 0 0 0 0 0 0 0 0 0
1 0.02507 0.2257 0.5516 0.1379 0.2006 0.1003 0 0 0 0.01254 0 0 0 0 0 0 0 0 0 0
1 0.1073 0.1073 0.4411 0.2504 0.1073 0.09537 0.04769 0 0 0.01192 0.01192 0.01192 0 0 0 0 0 0 0 0
1 0.03485 0.9235 0.1917 0.2962 0.122 0.05228 0.0697 0.03485 0.01743 0 0 0 0 0 0 0 0 0 0 0
1 0.02873 0.1005 0.9768 0.1867 0.05746 0.04309 0 0.04309 0 0 0 0 0 0 0 0 0 0 0 0
1 0.02569 0.334 0.1156 0.5395 0.1285 0.1028 0.02569 0 0.01285 0 0 0 0 0 0 0 0 0 0 0
1 0 0.08817 0.4409 0.1176 0.2645 0.02939 0.009797 0.02939 0 0 0 0 0 0 0 0 0 0 0 0
1 0.07909 0.1695 0.07909 0.4745 0.0339 0.2147 0.0226 0.0226 0.0226 0.0113 0 0 0 0 0 0 0 0 0 0
1 0.03845 0.6152 0.08971 0.08971 0.2435 0.06408 0.08971 0.03845 0 0 0.01282 0 0 0 0 0 0 0 0 0
1 0.06222 0.1452 0.5704 0.1244 0 0.06222 0.03111 0.03111 0 0 0 0.01037 0 0 0 0 0 0 0 0
1 0.1006 0.2875 0.4313 0.4601 0.05751 0.01438 0.05751 0.01438 0.01438 0 0 0 0 0 0 0 0 0 0 0
1 0.09862 0.3381 0.4368 0.1127 0.3663 0 0.01409 0.01409 0.01409 0.01409 0 0 0 0 0 0 0 0 0 0
1 0.0219 0.1971 0.438 0.1971 0.0876 0.1205 0.01095 0 0.01095 0.01095 0 0 0 0 0 0 0 0 0 0
1 0.01492 0.2686 0.6417 0.3134 0.1045 0.05969 0.08954 0 0 0 0 0 0 0 0 0 0 0 0 0
1 0.02449 0.07346 0.3673 0.3306 0.2326 0.04897 0.04897 0.07346 0 0 0.01224 0 0.01224 0 0 0 0 0 0 0
1 0.03799 0.2153 0.3039 0.2406 0.2659 0.07598 0.03799 0.07598 0 0 0 0.01266 0 0 0 0 0 0 0 0
1 0.03512 0.1492 0.3073 0.06145 0.1405 0.09657 0.02634 0.008779 0.02634 0.008779 0 0.008779 0 0.008779 0 0 0 0 0 0
1 0.06277 0.1793 0.26 0.2242 0.0538 0.08967 0.008967 0.008967 0.008967 0 0 0 0 0 0 0 0 0 0 0
1 0.02504 0.1419 0.3171 0.1586 0.0918 0.05007 0 0.008345 0.03338 0 0 0.008345 0 0 0 0 0 0 0 0
1 0.111 0.2959 0.2959 0.2836 0.1233 0.03699 0 0.06166 0 0.01233 0 0 0 0 0 0.01233 0 0 0 0
1 0 0.16 0.2729 0.1788 0.1318 0.1318 0.02823 0.01882 0 0.009411 0.009411 0 0 0 0 0 0 0 0 0
1 0.03955 0.08898 0.3757 0.3263 0.0791 0.03955 0.009887 0.01977 0.009887 0 0 0 0 0 0 0 0 0 0 0
1 0.1563 0.3127 0.1824 0.2736 0.2997 0.01303 0.03909 0.01303 0 0.01303 0 0 0 0 0 0 0 0 0 0
1 0.04294 0.2576 0.4294 0.1181 0.08588 0.1181 0.01073 0.01073 0 0 0 0 0 0 0 0 0 0 0 0
1 0.01312 0.3674 0.4986 0.2362 0.07872 0.03936 0.0656 0.01312 0 0 0 0 0 0 0 0 0 0 0 0
1 0.01482 0.4595 0.504 0.3558 0.05929 0.01482 0.05929 0 0.01482 0 0 0 0 0 0 0 0 0 0 0
1 0.0338 0.1239 0.4732 0.2704 0.1127 0.05633 0.0338 0.01127 0.01127 0 0 0 0 0 0 0 0 0 0 0
1 0.09841 0.2091 0.1353 0.3321 0.1845 0.1968 0.0246 0.0369 0.0123 0 0 0 0 0 0 0 0 0 0 0
1 0.09061 0.3058 0.3398 0.09061 0.1133 0.04531 0.1133 0.01133 0 0.02265 0 0 0 0 0 0 0 0 0 0
1 0 0.3981 0.4805 0.2196 0.04118 0.1235 0.04118 0.04118 0 0 0 0.01373 0.01373 0 0 0 0 0 0 0
1 0.02055 0.09248 0.5446 0.1541 0.07193 0.02055 0.06165 0.05138 0.01028 0 0 0 0 0 0 0 0 0 0 0
1 0.07331 0.2095 0.04189 0.4399 0.1257 0.09426 0.03142 0.02095 0 0.01047 0 0 0 0 0 0 0 0 0 0
1 0.1096 0.1425 0.4274 0.04383 0.2301 0.08767 0.01096 0.01096 0.02192 0 0.01096 0 0 0 0 0 0 0 0 0
1 0.008136 0.2441 0.1627 0.1953 0.04068 0.06509 0.05695 0.008136 0.008136 0.01627 0.008136 0 0 0 0 0 0 0 0 0
1 0.03297 0.3297 0.5771 0.2143 0.2968 0.03297 0.08244 0.03297 0.03297 0 0.01649 0 0 0 0 0 0 0 0 0
1 0.07587 0.2579 0.5311 0.44 0.1214 0.06069 0 0 0.03035 0 0 0 0 0 0 0 0 0 0 0
1 0.02861 0.4578 0.3434 0.2575 0.2575 0 0.04292 0 0.04292 0 0 0 0 0 0 0 0 0 0 0
1 0.02515 0.08802 0.6161 0.2012 0.1886 0.1006 0 0.02515 0 0.01257 0 0 0 0 0 0 0 0 0 0
1 0 0.2129 0.2129 0.4817 0.112 0.04481 0.02241 0.02241 0.0112 0 0 0 0 0 0 0 0 0 0 0
1 0.06689 0.2293 0.2485 0.1338 0.1911 0.03822 0.01911 0.01911 0 0.009556 0 0 0 0 0 0 0 0 0 0
1 0 0.09354 0.3368 0.2619 0.1029 0.08419 0.02806 0.009354 0 0 0 0.009354 0.009354 0 0 0 0 0 0 0
