Originally  
101 
A 
2	100	
1	1	NA	NA	
1	20	
1 454.9 421.2 202.2 219 151.6 50.55 67.4 16.85 33.7 16.85 33.7 0 0 16.85 0 0 0 0 0 0
1 527.2 238.1 153 153 187.1 153 68.02 68.02 17 51.01 34.01 34.01 17 0 0 0 0 0 0 0
1 460.8 128 243.2 153.6 64 89.59 51.2 38.4 25.6 12.8 0 0 0 12.8 0 0 0 0 0 0
1 466.5 339.3 155.5 113.1 113.1 56.54 42.41 14.14 14.14 28.27 28.27 14.14 0 28.27 0 0 0 0 0 0
1 229.5 283.5 229.5 256.5 94.5 108 94.5 27 13.5 0 0 0 13.5 0 0 0 0 0 0 0
1 242.1 121 110 198.1 110 88.02 66.02 44.01 22.01 22.01 11 22.01 22.01 0 0 11 0 0 11 0
1 366.3 98.28 107.2 71.48 107.2 44.67 44.67 26.8 8.935 0 8.935 0 0 0 8.935 0 0 0 0 0
1 379.4 484.1 78.51 65.42 104.7 52.34 52.34 26.17 0 0 39.25 13.08 0 0 0 13.08 0 0 0 0
1 321.2 229.4 263.8 45.89 45.89 114.7 22.94 22.94 34.41 0 0 22.94 0 11.47 11.47 0 0 0 0 0
1 464.4 208.2 192.2 288.2 160.1 32.03 128.1 32.03 0 32.03 48.04 16.01 0 0 0 0 0 0 0 0
1 714.5 348.1 329.8 54.96 219.8 18.32 0 36.64 54.96 18.32 36.64 0 0 0 0 0 0 0 0 0
1 277 332.4 124.6 166.2 207.7 83.1 13.85 55.4 27.7 13.85 27.7 27.7 13.85 0 0 0 0 0 13.85 0
1 603.3 185.6 278.5 108.3 108.3 123.8 61.88 15.47 15.47 0 15.47 0 15.47 15.47 0 0 0 0 0 0
1 359.5 184.9 123.3 184.9 82.17 20.54 10.27 20.54 0 20.54 0 10.27 10.27 0 0 0 0 0 0 0
1 282.2 282.2 282.2 76.96 102.6 25.65 51.31 25.65 76.96 25.65 25.65 0 0 12.83 12.83 0 0 0 0 0
1 177 227.6 177 164.3 88.5 202.3 75.85 25.28 12.64 37.93 37.93 12.64 12.64 12.64 0 0 0 0 0 0
1 495.1 145.6 174.8 174.8 203.9 29.13 87.38 72.81 14.56 14.56 29.13 14.56 0 0 0 0 0 0 0 0
1 248.9 259.3 145.2 93.35 62.23 62.23 31.12 31.12 10.37 10.37 20.74 31.12 10.37 0 0 0 20.74 0 0 0
1 432.1 360.1 288.1 72.02 100.8 43.21 43.21 28.81 28.81 14.4 0 0 0 14.4 0 0 14.4 0 0 0
1 638.2 379.9 151.9 45.58 151.9 60.78 30.39 30.39 0 30.39 0 0 0 0 0 0 0 0 0 0
1 560.4 475.5 271.7 152.8 0 0 67.93 84.91 0 16.98 67.93 0 0 0 0 0 0 0 0 0
1 226.2 226.2 129.2 64.62 48.46 48.46 8.077 40.39 8.077 0 0 0 8.077 0 0 0 0 0 0 0
1 202.6 152 160.4 143.5 59.1 33.77 33.77 16.89 16.89 0 8.443 0 8.443 0 0 0 8.443 0 0 0
1 526 179.6 153.9 141.1 128.3 38.49 38.49 0 0 12.83 12.83 0 12.83 12.83 0 0 0 12.83 0 12.83
1 204.6 350.7 146.1 48.71 38.97 58.45 38.97 19.48 9.742 9.742 0 29.23 9.742 9.742 0 0 0 0 0 0
1 518.1 228.6 243.8 91.42 60.95 106.7 152.4 60.95 30.47 15.24 0 15.24 0 0 0 0 0 0 0 0
1 434.7 258.1 135.9 217.4 40.76 81.52 13.59 54.34 40.76 13.59 13.59 13.59 0 13.59 0 13.59 0 0 0 13.59
1 368.5 175.9 100.5 25.12 75.37 16.75 8.374 33.5 8.374 8.374 0 8.374 0 0 0 8.374 0 0 0 0
1 376.1 289.3 159.1 130.2 86.8 159.1 72.34 43.4 14.47 43.4 14.47 14.47 0 0 0 43.4 0 0 0 0
1 440.3 233.9 289 68.8 110.1 82.56 68.8 27.52 27.52 13.76 0 13.76 0 0 0 0 0 0 0 0
1 241.8 181.3 191.4 110.8 80.59 60.44 20.15 40.3 20.15 40.3 0 20.15 0 0 0 0 0 0 0 0
1 301 197.2 114.2 83.03 145.3 10.38 31.14 31.14 51.9 20.76 10.38 10.38 10.38 10.38 0 10.38 0 0 0 0
1 362.2 226.4 113.2 147.1 79.23 67.91 0 45.28 45.28 11.32 22.64 0 0 11.32 0 0 0 0 0 0
1 351.3 339.2 181.7 84.81 96.92 12.12 72.69 0 12.12 24.23 36.35 0 0 0 0 0 0 0 0 0
1 309.8 390.1 114.7 114.7 45.9 45.9 22.95 45.9 22.95 11.47 22.95 0 0 0 0 0 0 0 0 0
1 318.7 221.7 304.9 138.6 166.3 41.57 41.57 27.71 69.28 13.86 0 0 13.86 27.71 0 0 0 0 0 0
1 300.3 124.2 165.7 113.9 72.48 51.77 41.42 62.12 31.06 0 41.42 10.35 10.35 0 10.35 0 0 0 0 0
1 458.6 99.69 79.76 49.85 69.79 109.7 19.94 0 49.85 9.969 9.969 9.969 9.969 0 9.969 0 9.969 0 0 0
1 499.8 399.9 183.3 116.6 166.6 66.65 99.97 66.65 0 49.98 16.66 0 0 0 0 0 0 0 0 0
1 420.5 390.5 270.3 75.1 75.1 60.08 105.1 45.06 0 15.02 15.02 0 0 0 0 15.02 15.02 0 0 0
1 278 149.7 203.2 160.4 74.85 53.47 21.39 42.77 32.08 21.39 10.69 0 0 10.69 0 10.69 0 0 0 0
1 510.6 295.6 228.4 80.62 107.5 13.44 26.87 13.44 13.44 26.87 13.44 0 0 0 0 0 0 0 13.44 0
1 354 531 209.2 112.6 112.6 112.6 32.18 48.28 16.09 16.09 32.18 16.09 0 16.09 0 0 0 0 0 0
1 507 178.9 357.9 134.2 104.4 89.46 29.82 14.91 29.82 14.91 29.82 0 0 0 0 0 0 0 0 0
1 305.3 218.1 141.8 163.6 54.52 87.23 32.71 43.62 0 0 0 10.9 0 0 0 10.9 0 10.9 0 10.9
1 271 197.1 90.33 73.91 32.85 49.27 49.27 16.42 16.42 0 8.212 16.42 0 0 0 0 0 0 0 0
1 341 146.2 87.7 194.9 38.98 29.23 29.23 38.98 38.98 19.49 0 0 0 0 0 9.744 0 0 0 0
1 408.5 298.1 165.6 77.28 33.12 22.08 55.2 11.04 22.08 0 0 0 0 0 0 0 11.04 0 0 0
1 469.1 469.1 288.7 126.3 162.4 144.3 18.04 18.04 54.13 0 0 0 18.04 0 0 0 18.04 0 0 18.04
1 401.6 185.3 205.9 82.37 20.59 20.59 30.89 10.3 20.59 20.59 30.89 0 0 0 0 0 0 0 0 0
1 634.7 358 146.5 130.2 113.9 65.1 48.82 16.27 16.27 16.27 16.27 16.27 0 16.27 16.27 0 0 0 16.27 0
1 634.3 324.9 216.6 108.3 123.8 77.35 0 0 15.47 0 46.41 0 0 0 0 0 0 0 0 0
1 475.6 450.6 100.1 87.62 37.55 37.55 50.07 12.52 0 0 0 0 0 0 0 0 0 0 0 0
1 313.7 183.9 216.3 108.2 108.2 21.63 54.09 43.27 10.82 10.82 10.82 0 0 0 0 0 0 0 0 0
1 573.1 325.3 247.8 232.3 61.96 46.47 15.49 0 15.49 0 15.49 0 0 15.49 0 0 0 0 0 0
1 564.1 322.3 120.9 107.4 67.15 53.72 40.29 40.29 13.43 0 0 0 0 0 0 0 0 0 0 13.43
1 416.5 509.1 231.4 61.7 169.7 138.8 15.43 0 0 0 0 0 0 0 0 0 0 0 0 0
1 349.4 349.4 288.7 151.9 106.4 75.97 106.4 15.19 30.39 0 15.19 15.19 0 0 0 15.19 0 0 0 0
1 307.3 251.5 237.5 335.3 69.85 27.94 69.85 27.94 41.91 0 0 13.97 13.97 0 0 0 0 0 0 0
1 352 112 87.99 104 48 40 7.999 24 0 7.999 0 0 0 7.999 0 7.999 0 0 0 0
1 524.1 733.8 125.8 188.7 125.8 104.8 83.86 41.93 20.96 62.89 62.89 20.96 0 0 0 0 0 0 0 0
1 752.7 99.42 213 56.81 42.61 113.6 85.21 56.81 0 0 0 0 0 0 0 0 0 0 0 0
1 370.4 336.7 145.9 168.4 44.9 11.22 22.45 11.22 0 0 0 0 11.22 0 0 0 0 0 0 0
1 131.3 210 236.3 43.76 96.26 26.25 43.76 17.5 35 8.751 8.751 8.751 0 8.751 0 0 0 0 0 0
1 367.9 67.78 203.3 164.6 9.683 96.83 19.37 19.37 0 19.37 0 0 0 0 0 0 0 0 0 0
1 140.8 146.4 61.96 61.96 56.32 28.16 11.26 5.632 11.26 5.632 22.53 5.632 0 5.632 0 0 0 0 0 0
1 337.8 278.2 168.9 49.68 69.56 39.75 19.87 19.87 0 9.937 0 0 0 0 0 0 0 0 0 0
1 290.1 302.2 241.8 157.2 36.27 72.53 60.44 0 0 0 12.09 24.18 0 0 12.09 0 0 0 0 0
1 348.8 198 179.1 75.41 28.28 28.28 9.427 28.28 0 18.85 0 0 9.427 18.85 0 0 0 0 0 0
1 145.8 300.7 91.13 91.13 100.2 45.56 18.23 36.45 36.45 9.113 27.34 0 0 0 0 0 9.113 0 0 0
1 541.1 165.6 99.38 121.5 99.38 22.08 22.08 0 0 33.13 0 0 0 0 0 0 0 0 0 0
1 231.7 223.5 66.21 99.32 57.94 33.11 33.11 16.55 24.83 24.83 8.276 0 8.276 0 0 0 0 0 0 0
1 563.3 149.4 149.4 68.98 34.49 34.49 34.49 57.48 34.49 0 0 11.5 11.5 0 0 0 0 0 0 0
1 395 408.2 131.7 184.4 79.01 13.17 52.67 26.34 13.17 0 0 13.17 0 0 0 0 0 0 0 0
1 327.4 178.6 158.7 69.45 99.21 49.61 39.68 19.84 19.84 0 9.921 0 0 19.84 0 0 0 0 0 0
1 219.2 295.9 197.2 153.4 43.83 10.96 54.79 65.75 21.92 0 21.92 0 0 0 10.96 0 0 0 0 0
1 292.5 184.2 162.5 195 119.2 32.5 43.34 10.83 21.67 10.83 0 10.83 0 0 0 0 0 0 0 0
1 223.9 223.9 66.35 116.1 41.47 58.05 33.17 41.47 0 0 0 0 8.293 0 8.293 0 0 0 0 8.293
1 460 324.7 175.9 67.65 135.3 67.65 81.17 13.53 0 0 0 13.53 0 0 0 13.53 0 0 0 0
1 402 310.1 172.3 103.4 57.42 0 45.94 34.45 0 0 0 11.48 11.48 0 0 0 0 0 0 0
1 639.7 353.5 218.8 168.3 84.16 67.33 84.16 16.83 16.83 16.83 0 0 16.83 0 0 0 0 0 0 0
1 1017 542.5 226 203.4 67.81 45.21 22.6 90.41 0 45.21 0 0 0 0 0 0 0 0 0 0
1 578.7 465.8 169.4 84.69 56.46 14.11 14.11 14.11 0 0 14.11 0 0 0 0 0 0 0 0 0
1 380.8 396.7 285.6 174.5 158.7 126.9 15.87 15.87 0 15.87 15.87 0 0 0 0 0 0 0 0 0
1 400.8 158.2 179.3 168.7 94.92 21.09 21.09 10.55 0 0 0 0 0 0 0 0 0 0 0 0
1 588.6 309 103 132.4 147.2 88.3 29.43 29.43 14.72 0 0 0 0 14.72 0 0 14.72 0 0 0
1 222 365.6 300.3 130.6 91.41 52.23 91.41 26.12 13.06 13.06 0 0 0 0 0 0 0 0 0 0
1 351.5 238.5 288.7 188.3 62.76 12.55 87.87 12.55 0 0 0 12.55 0 0 0 0 0 0 0 0
1 331.8 136.6 87.84 185.4 78.08 48.8 48.8 29.28 9.76 9.76 0 0 0 0 0 0 9.76 0 0 0
1 290.4 268 201 67.01 111.7 22.34 44.67 22.34 55.84 33.5 0 0 0 0 0 0 0 0 0 0
1 550.4 239.9 183.5 98.79 70.57 98.79 70.57 42.34 0 14.11 14.11 14.11 14.11 0 0 0 0 0 0 0
1 280.9 370.3 229.8 153.2 89.38 25.54 38.31 12.77 12.77 25.54 25.54 12.77 0 0 0 0 0 0 0 0
1 703.6 180 360 147.3 81.82 65.46 0 16.36 49.09 0 16.36 0 16.36 0 0 0 0 0 0 0
1 253.4 434.4 120.7 181 48.26 60.33 12.07 0 24.13 12.07 12.07 12.07 12.07 12.07 0 12.07 0 0 0 0
1 487.9 244 352.4 81.32 81.32 27.11 0 54.22 0 13.55 13.55 0 0 0 0 0 0 0 0 0
1 637.2 217.6 202 217.6 46.63 171 31.08 0 15.54 0 0 0 0 15.54 0 0 0 0 0 0
1 387.7 361 147.1 147.1 187.2 40.11 26.74 26.74 13.37 0 0 0 0 0 0 0 0 0 0 0
1 227.5 273 145.6 109.2 18.2 81.89 9.098 9.098 9.098 18.2 9.098 0 0 0 0 0 0 0 0 0
1 162.2 286.2 171.7 104.9 76.31 0 57.23 38.16 9.539 0 38.16 0 0 0 9.539 0 0 0 0 0
