Originally  
101 
A 
2	100	
1	1	NA	NA	
1	20	
1 292 235.9 134.8 168.5 123.6 22.46 33.7 33.7 22.46 0 33.7 0 0 0 11.23 0 0 0 0 11.23
1 726.5 268.5 236.9 94.76 63.17 15.79 47.38 47.38 15.79 0 31.59 0 15.79 0 0 0 0 15.79 0 0
1 407.1 494.3 130.8 189 72.69 58.15 58.15 29.08 0 14.54 0 0 0 0 0 0 0 0 0 0
1 484.9 301 334.4 183.9 100.3 100.3 50.16 33.44 50.16 0 0 0 0 16.72 0 0 16.72 0 0 0
1 327.2 251.7 100.7 201.4 75.51 113.3 62.93 25.17 25.17 25.17 25.17 12.59 0 12.59 0 0 0 0 0 0
1 205.8 137.2 99.08 68.6 129.6 22.87 45.73 7.622 15.24 7.622 15.24 7.622 0 0 0 0 0 0 0 0
1 400.7 323.6 215.8 92.47 200.4 123.3 46.24 30.82 30.82 0 0 30.82 46.24 0 0 0 0 0 0 0
1 422.8 231.9 191 163.7 68.2 109.1 68.2 40.92 13.64 27.28 13.64 0 13.64 0 0 0 0 0 0 0
1 675 302 159.9 159.9 124.3 88.81 71.05 71.05 53.29 53.29 0 0 17.76 0 0 0 0 0 0 0
1 198.2 292.1 83.45 125.2 83.45 41.72 41.72 52.16 62.59 0 20.86 0 31.29 10.43 0 0 0 0 0 0
1 294.6 255.4 176.8 39.28 58.93 29.46 9.821 19.64 19.64 19.64 29.46 9.821 19.64 0 0 0 0 0 0 0
1 445.1 292.8 93.7 70.28 46.85 35.14 81.99 11.71 11.71 35.14 23.43 0 23.43 0 0 0 0 0 0 0
1 429.2 296 325.6 74 74 88.81 29.6 74 14.8 14.8 0 59.2 0 0 0 0 0 0 0 0
1 618.4 187 187 187 43.14 57.52 14.38 14.38 43.14 28.76 14.38 0 0 0 14.38 14.38 14.38 0 0 0
1 469.7 247.2 136 74.16 98.87 86.52 61.8 12.36 0 12.36 24.72 12.36 0 0 0 0 0 0 0 0
1 454.6 416.7 303.1 151.5 132.6 189.4 113.7 37.88 56.83 0 18.94 18.94 0 0 0 0 0 0 0 0
1 289.7 487.9 274.4 213.4 45.74 60.98 76.23 30.49 0 15.25 0 0 0 30.49 0 0 0 0 0 0
1 330.6 215.6 287.5 244.4 129.4 43.13 57.5 14.38 14.38 57.5 0 14.38 0 0 0 0 0 14.38 0 14.38
1 237.8 190.2 76.09 161.7 171.2 28.53 28.53 19.02 19.02 0 19.02 0 0 0 0 0 0 0 0 0
1 575.6 122.5 159.2 97.98 85.73 73.48 48.99 12.25 24.49 12.25 12.25 0 0 0 0 0 0 0 0 0
1 407.8 407.8 84.38 140.6 98.44 42.19 70.31 70.31 14.06 42.19 14.06 14.06 0 0 0 0 0 0 0 0
1 507.6 373.2 313.5 59.71 74.64 29.86 74.64 29.86 0 0 14.93 14.93 0 0 0 0 0 0 0 0
1 333.4 256.5 282.1 179.5 51.3 38.47 12.82 38.47 38.47 51.3 0 0 0 0 0 0 0 0 0 0
1 269.2 323 484.5 233.3 197.4 53.83 17.94 53.83 71.78 53.83 17.94 17.94 0 0 0 0 0 0 0 0
1 412.3 169.8 72.75 157.6 97.01 169.8 24.25 12.13 24.25 60.63 0 0 0 0 12.13 0 0 0 0 0
1 384.1 241.8 142.2 256 99.57 99.57 56.9 14.22 28.45 14.22 28.45 42.67 0 14.22 0 0 0 0 0 0
1 239.6 156.2 156.2 125 104.2 72.91 41.66 52.08 0 41.66 20.83 10.42 10.42 0 0 10.42 0 0 0 0
1 649.5 187.6 115.5 101 28.87 72.17 115.5 72.17 43.3 14.43 28.87 0 0 14.43 0 0 0 0 0 0
1 276.6 297.8 85.1 106.4 74.46 53.19 31.91 74.46 21.27 21.27 10.64 0 0 0 10.64 0 0 0 0 0
1 464.3 240.8 395.5 120.4 154.8 51.59 68.79 68.79 51.59 51.59 17.2 17.2 0 0 0 0 17.2 0 0 0
1 527.9 181 165.9 241.3 30.16 105.6 105.6 45.25 30.16 30.16 15.08 15.08 0 0 0 0 0 15.08 0 0
1 323.8 150.3 161.9 138.8 150.3 69.39 46.26 34.69 34.69 0 11.56 0 0 23.13 0 0 0 11.56 0 0
1 496.8 292.2 248.4 73.06 43.83 116.9 43.83 58.45 29.22 14.61 14.61 14.61 0 0 0 0 0 14.61 0 0
1 352.7 261.3 169.8 169.8 117.6 78.39 39.19 39.19 26.13 26.13 26.13 0 0 0 0 0 0 0 0 0
1 402.6 431.4 143.8 129.4 86.28 28.76 57.52 0 28.76 43.14 28.76 0 0 28.76 0 14.38 0 14.38 0 0
1 316.4 328.6 194.7 182.5 48.68 60.85 36.51 0 24.34 0 0 0 0 0 0 12.17 0 0 0 12.17
1 304.5 162.4 182.7 101.5 91.35 50.75 40.6 20.3 30.45 0 0 0 0 10.15 20.3 0 0 0 0 0
1 401.5 214.1 174 200.8 53.53 107.1 40.15 13.38 40.15 26.77 26.77 0 13.38 0 26.77 0 0 0 0 0
1 961 906.1 192.2 247.1 137.3 192.2 0 54.92 27.46 0 0 0 0 27.46 0 0 0 0 0 0
1 529 317.4 408.1 75.57 30.23 90.68 15.11 15.11 0 15.11 15.11 0 0 0 0 0 0 0 0 0
1 470.9 298.2 329.6 204.1 47.09 94.18 15.7 47.09 15.7 0 0 15.7 0 0 0 0 15.7 0 0 15.7
1 264 309.9 149.2 160.7 114.8 34.44 22.96 34.44 0 22.96 11.48 0 22.96 0 0 0 0 0 0 0
1 809.4 330.4 264.3 99.11 66.08 33.04 16.52 0 33.04 0 0 0 0 0 0 0 0 0 0 0
1 527.6 636.7 272.9 181.9 90.96 18.19 54.58 0 0 0 18.19 0 18.19 0 0 0 0 0 0 0
1 194.2 337.4 306.7 51.12 40.89 20.45 20.45 20.45 0 10.22 20.45 0 0 0 0 0 0 0 0 0
1 777.3 259.1 241.8 259.1 86.37 86.37 17.27 0 0 0 0 0 0 0 0 0 0 0 0 0
1 317.1 240 137.1 59.99 34.28 34.28 25.71 0 0 8.57 0 0 0 0 0 0 0 0 0 0
1 370.1 254.4 300.7 69.39 57.82 57.82 0 23.13 11.56 0 11.56 0 0 0 0 0 0 0 0 0
1 332 287.8 188.1 210.3 11.07 33.2 44.27 0 0 0 0 0 0 0 0 0 0 0 0 0
1 190.4 159.7 116.7 61.43 49.14 18.43 6.143 6.143 6.143 0 0 0 0 0 0 0 0 0 0 0
1 381.5 200.3 181.2 104.9 38.15 28.61 0 0 9.536 0 0 9.536 0 0 0 0 0 0 0 0
1 280.5 262.4 135.7 108.6 63.33 27.14 9.047 0 0 18.09 0 0 0 0 0 0 0 0 0 0
1 159.4 271 151.4 103.6 39.85 47.82 7.97 15.94 0 0 0 0 0 0 0 0 0 0 0 0
1 203.9 60.61 132.2 82.66 27.55 16.53 0 16.53 11.02 0 0 0 0 0 0 0 0 0 0 0
1 437.7 269.4 89.79 157.1 78.56 44.89 11.22 0 11.22 11.22 0 0 0 0 0 0 0 0 0 11.22
1 312.8 295.9 126.8 33.82 25.36 33.82 16.91 0 0 0 0 0 0 0 0 0 0 0 0 0
1 209.1 178.1 224.6 85.19 7.745 46.47 15.49 0 0 7.745 0 0 0 0 0 0 0 0 0 0
1 242.1 267.1 125.2 133.6 25.04 16.69 8.347 16.69 0 0 0 0 0 0 0 0 0 0 0 0
1 350.4 121.6 85.82 21.45 78.67 28.61 0 7.151 14.3 7.151 0 0 0 0 0 0 0 0 0 0
1 247 306.8 97.28 29.93 22.45 0 14.97 22.45 0 0 0 0 7.483 0 0 0 0 0 0 0
1 411.7 120.5 321.4 60.25 50.21 10.04 10.04 20.08 0 0 0 0 0 0 0 0 0 0 0 0
1 152.8 257.3 136.7 160.8 32.16 48.25 16.08 0 0 0 0 0 0 0 0 0 0 0 0 0
1 357.4 121.5 114.4 64.34 35.74 7.149 14.3 0 0 0 0 0 0 0 0 0 0 0 0 0
1 392.9 142.1 108.7 117 50.16 0 0 16.72 8.359 0 0 0 0 0 0 0 0 0 0 0
1 352.5 462.6 110.2 77.11 55.08 11.02 11.02 0 22.03 0 0 0 0 0 0 0 0 0 0 0
1 356.1 226.6 137.6 56.66 16.19 8.094 0 8.094 0 0 0 0 0 0 0 0 0 0 0 0
1 373.7 440.4 213.5 146.8 93.42 0 53.38 0 0 13.35 0 0 0 0 0 0 0 0 0 0
1 395.2 143.7 407.1 83.82 95.8 47.9 0 11.97 11.97 0 0 0 0 0 0 0 0 0 0 0
1 387.6 221.5 199.3 166.1 77.52 44.3 0 0 11.07 0 0 0 0 0 0 0 0 0 0 0
1 321.6 243.1 125.5 23.53 39.22 0 7.843 0 0 7.843 7.843 7.843 0 0 0 0 0 0 0 0
1 421.4 230.8 150.5 90.31 30.1 50.17 20.07 10.03 0 0 0 0 0 0 0 0 0 0 0 0
1 198.8 371.7 112.4 112.4 8.643 8.643 43.22 0 0 8.643 0 0 0 0 0 0 0 0 0 0
1 403.8 82.59 238.6 64.24 64.24 18.35 0 9.177 27.53 9.177 0 0 0 0 0 0 0 0 0 0
1 283.5 195.8 60.75 60.75 33.75 20.25 6.75 6.75 0 6.75 0 0 0 0 0 0 0 0 0 0
1 163.4 194.9 75.43 50.28 81.71 25.14 18.86 12.57 6.285 0 0 0 0 0 0 0 0 0 0 0
1 268.8 156.1 173.4 69.38 69.38 78.05 17.34 26.02 0 0 0 0 0 0 8.672 0 0 0 0 0
1 501.8 119.1 76.54 51.03 17.01 25.51 34.02 8.504 0 8.504 0 8.504 0 0 0 0 0 0 0 0
1 487.4 344.7 142.6 71.32 83.21 35.66 0 11.89 0 11.89 0 0 0 0 0 0 0 0 0 0
1 129.9 206.6 183 23.62 29.52 5.904 5.904 5.904 0 0 0 0 0 0 0 0 0 0 0 0
1 255.7 63.94 127.9 47.95 21.31 0 5.328 5.328 5.328 0 0 0 0 0 0 0 0 0 0 0
1 216.7 241.7 75.01 158.4 100 16.67 8.334 16.67 0 0 0 0 0 0 0 0 0 0 0 0
1 139.7 145.8 164 54.66 42.51 48.58 6.073 0 6.073 0 0 0 0 0 0 0 0 0 0 0
1 283.7 141.8 141.8 126.9 7.465 14.93 14.93 0 14.93 0 0 0 0 0 0 0 0 0 0 0
1 249.5 242.4 92.68 35.65 57.04 0 21.39 14.26 0 0 0 0 0 0 0 0 0 0 0 0
1 347.4 140.4 147.8 29.57 22.18 29.57 0 14.78 7.392 0 0 0 0 0 0 0 0 0 0 0
1 891.4 406.6 109.5 78.2 31.28 15.64 0 0 15.64 15.64 0 0 0 0 0 0 0 0 0 0
1 492.6 635.7 333.7 63.57 63.57 0 0 0 0 0 0 0 0 0 0 0 0 0 0 0
1 266.3 257.1 284.7 82.65 18.37 9.184 0 0 0 0 0 0 0 0 0 0 0 0 0 0
1 245.5 105.2 116.9 52.6 29.22 11.69 11.69 0 5.845 0 0 0 5.845 0 0 0 0 0 0 0
1 236.6 259.5 114.5 53.43 68.7 7.633 7.633 7.633 0 0 7.633 0 0 0 0 0 0 0 0 0
1 364.2 110.1 211.7 50.81 67.75 33.88 8.469 0 0 0 0 0 0 0 0 0 0 0 0 0
1 230.9 222.9 95.53 127.4 15.92 55.72 39.8 7.961 0 0 0 0 0 0 0 0 0 0 0 0
1 486.7 152.7 105 76.34 38.17 9.543 47.71 19.09 19.09 0 0 0 0 0 0 0 0 0 0 0
1 395.5 312.2 135.3 104.1 20.81 52.04 0 0 10.41 10.41 0 0 0 0 0 0 0 0 0 0
1 142.1 142.1 105.2 68.4 21.05 15.78 15.78 0 10.52 0 0 5.261 0 0 0 0 0 0 0 0
1 545.2 232 150.8 150.8 34.8 23.2 0 11.6 11.6 0 0 0 0 0 0 0 0 0 0 0
1 212.5 306 93.5 144.5 42.5 8.5 0 17 8.5 8.5 0 0 8.5 0 0 0 0 0 0 0
1 160.8 98.25 102.7 35.73 22.33 17.86 8.932 0 0 0 0 0 0 0 0 0 0 0 0 0
1 170.6 154 77.02 71.52 22.01 27.51 16.51 5.502 5.502 0 0 0 0 0 0 0 0 0 0 0
