 landings-at-age - landings.n (units : NA )
1	2	
2	100	
1	20	
1 
0.02659 0.2984 0.8352 0.6934 0.4839 0.3377 0.2357 0.1644 0.1148 0.08008 0.05589 0.039 0.02722 0.01899 0.01325 0.009249 0.006454 0.004504 0.003143 0.007259
0.007259 0.05216 0.1462 0.1214 0.08475 0.05914 0.04127 0.0288 0.0201 0.01403 0.009787 0.00683 0.004766 0.003326 0.002321 0.00162 0.00113 0.0007888 0.0005504 0.001271
0.004362 0.0815 0.1464 0.1219 0.08515 0.05942 0.04147 0.02894 0.02019 0.01409 0.009834 0.006862 0.004789 0.003342 0.002332 0.001627 0.001136 0.0007925 0.000553 0.001277
0.003452 0.04897 0.2287 0.122 0.08549 0.0597 0.04166 0.02907 0.02029 0.01416 0.00988 0.006895 0.004811 0.003358 0.002343 0.001635 0.001141 0.0007963 0.0005557 0.001283
0.003743 0.03876 0.1374 0.1907 0.08557 0.05994 0.04186 0.02921 0.02038 0.01423 0.009927 0.006927 0.004834 0.003374 0.002354 0.001643 0.001146 8e-04 0.0005583 0.001289
0.004138 0.04202 0.1087 0.1146 0.1337 0.06 0.04203 0.02935 0.02048 0.01429 0.009974 0.00696 0.004857 0.00339 0.002365 0.001651 0.001152 0.0008038 0.0005609 0.001295
0.003887 0.04646 0.1179 0.09068 0.08034 0.09375 0.04207 0.02947 0.02058 0.01436 0.01002 0.006993 0.00488 0.003406 0.002377 0.001658 0.001157 0.0008076 0.0005636 0.001302
0.003803 0.04364 0.1304 0.09833 0.06358 0.05633 0.06573 0.0295 0.02066 0.01443 0.01007 0.007026 0.004903 0.003422 0.002388 0.001666 0.001163 0.0008114 0.0005663 0.001308
0.005135 0.0427 0.1225 0.1087 0.06894 0.04458 0.0395 0.04609 0.02068 0.01449 0.01012 0.00706 0.004926 0.003438 0.002399 0.001674 0.001168 0.0008153 0.0005689 0.001314
0.003417 0.05766 0.1198 0.1021 0.07623 0.04834 0.03126 0.02769 0.03231 0.0145 0.01016 0.007093 0.00495 0.003454 0.00241 0.001682 0.001174 0.0008191 0.0005716 0.00132
0.005144 0.03837 0.1618 0.09992 0.07159 0.05345 0.03389 0.02192 0.01942 0.02266 0.01017 0.007121 0.004973 0.003471 0.002422 0.00169 0.001179 0.000823 0.0005743 0.001326
0.005374 0.05776 0.1077 0.1349 0.07006 0.0502 0.03747 0.02376 0.01537 0.01361 0.01589 0.007128 0.004993 0.003487 0.002433 0.001698 0.001185 0.0008269 0.0005771 0.001333
0.003233 0.06034 0.1621 0.08977 0.0946 0.04912 0.0352 0.02627 0.01666 0.01077 0.009545 0.01114 0.004998 0.003501 0.002445 0.001706 0.001191 0.0008308 0.0005798 0.001339
0.005023 0.0363 0.1693 0.1352 0.06294 0.06633 0.03444 0.02468 0.01842 0.01168 0.007554 0.006693 0.007809 0.003504 0.002455 0.001714 0.001196 0.0008348 0.0005825 0.001345
0.006297 0.0564 0.1019 0.1412 0.09477 0.04413 0.0465 0.02415 0.0173 0.01292 0.008191 0.005296 0.004693 0.005476 0.002457 0.001721 0.001202 0.0008387 0.0005853 0.001352
0.005471 0.0707 0.1583 0.08494 0.09899 0.06644 0.03094 0.03261 0.01693 0.01213 0.009056 0.005743 0.003713 0.00329 0.003839 0.001723 0.001207 0.0008427 0.0005881 0.001358
0.002793 0.06143 0.1984 0.132 0.05955 0.06941 0.04659 0.0217 0.02286 0.01187 0.008506 0.00635 0.004027 0.002604 0.002307 0.002692 0.001208 0.000846 0.0005908 0.001365
0.004757 0.03136 0.1724 0.1654 0.09253 0.04176 0.04867 0.03266 0.01521 0.01603 0.008323 0.005964 0.004452 0.002823 0.001826 0.001617 0.001887 0.0008469 0.0005932 0.001371
0.002817 0.05341 0.08798 0.1437 0.116 0.06488 0.02928 0.03412 0.0229 0.01067 0.01124 0.005836 0.004181 0.003122 0.00198 0.00128 0.001134 0.001323 0.0005938 0.001377
0.006888 0.03163 0.1499 0.07337 0.1008 0.08132 0.04549 0.02053 0.02392 0.01606 0.007478 0.00788 0.004092 0.002932 0.002189 0.001388 0.0008974 0.0007951 0.0009278 0.001382
0.005404 0.07734 0.08876 0.125 0.05144 0.07066 0.05702 0.03189 0.01439 0.01677 0.01126 0.005243 0.005525 0.002869 0.002056 0.001535 0.0009731 0.0006292 0.0005575 0.001619
0.006066 0.06068 0.217 0.07402 0.08762 0.03607 0.04954 0.03998 0.02236 0.01009 0.01176 0.007894 0.003676 0.003874 0.002011 0.001441 0.001076 0.0006823 0.0004412 0.001526
0.003584 0.06811 0.1703 0.181 0.0519 0.06143 0.02529 0.03474 0.02803 0.01568 0.007075 0.008246 0.005535 0.002578 0.002716 0.00141 0.001011 0.0007544 0.0004784 0.00138
0.002958 0.04024 0.1911 0.142 0.1269 0.03639 0.04307 0.01773 0.02436 0.01965 0.01099 0.004961 0.005782 0.003881 0.001807 0.001904 0.0009888 0.0007085 0.0005289 0.001303
0.004703 0.03321 0.1129 0.1594 0.09954 0.08897 0.02551 0.0302 0.01243 0.01708 0.01378 0.007708 0.003478 0.004054 0.002721 0.001267 0.001335 0.0006933 0.0004968 0.001284
0.003476 0.0528 0.0932 0.09415 0.1117 0.06979 0.06238 0.01789 0.02118 0.008717 0.01197 0.009662 0.005404 0.002439 0.002842 0.001908 0.0008885 0.0009362 0.0004861 0.001249
0.00319 0.03903 0.1482 0.07771 0.06601 0.07835 0.04894 0.04374 0.01254 0.01485 0.006112 0.008395 0.006774 0.003789 0.00171 0.001993 0.001338 0.0006229 0.0006564 0.001216
0.005018 0.03582 0.1095 0.1236 0.05449 0.04628 0.05493 0.03431 0.03066 0.008794 0.01041 0.004285 0.005886 0.00475 0.002657 0.001199 0.001397 0.0009379 0.0004368 0.001313
0.004049 0.05635 0.1005 0.09133 0.08663 0.0382 0.03245 0.03852 0.02406 0.0215 0.006166 0.007299 0.003004 0.004127 0.00333 0.001863 0.0008406 0.0009797 0.0006576 0.001227
0.003585 0.04546 0.1581 0.0838 0.06404 0.06074 0.02679 0.02275 0.02701 0.01687 0.01507 0.004323 0.005118 0.002107 0.002894 0.002335 0.001306 0.0005894 0.0006869 0.001321
0.003838 0.04025 0.1276 0.1318 0.05876 0.0449 0.04259 0.01878 0.01595 0.01893 0.01183 0.01057 0.003031 0.003588 0.001477 0.002029 0.001637 0.0009158 0.0004132 0.001408
0.004214 0.0431 0.1129 0.1064 0.09244 0.0412 0.03148 0.02986 0.01317 0.01119 0.01328 0.008292 0.007411 0.002125 0.002516 0.001036 0.001423 0.001148 0.0006421 0.001277
0.004645 0.04732 0.1209 0.09418 0.07458 0.06481 0.02888 0.02207 0.02094 0.009233 0.007843 0.009308 0.005814 0.005196 0.00149 0.001764 0.0007261 0.0009974 0.0008048 0.001346
0.006159 0.05216 0.1328 0.1008 0.06603 0.05229 0.04544 0.02025 0.01548 0.01468 0.006474 0.005499 0.006526 0.004076 0.003643 0.001045 0.001237 0.0005091 0.0006993 0.001508
0.00533 0.06915 0.1463 0.1107 0.07071 0.0463 0.03666 0.03186 0.0142 0.01085 0.01029 0.004539 0.003856 0.004576 0.002858 0.002554 0.0007325 0.0008672 0.0003569 0.001547
0.0039 0.05985 0.194 0.122 0.07763 0.04957 0.03246 0.02571 0.02234 0.009956 0.007608 0.007216 0.003182 0.002703 0.003208 0.002004 0.001791 0.0005136 0.000608 0.001335
0.004374 0.04379 0.1679 0.1618 0.08557 0.05443 0.03476 0.02276 0.01802 0.01566 0.006981 0.005334 0.00506 0.002231 0.001895 0.00225 0.001405 0.001256 0.0003601 0.001362
0.006946 0.04911 0.1229 0.14 0.1135 0.05999 0.03816 0.02437 0.01596 0.01264 0.01098 0.004894 0.00374 0.003548 0.001564 0.001329 0.001577 0.0009852 0.0008805 0.001208
0.006597 0.07799 0.1378 0.1025 0.09819 0.07954 0.04206 0.02676 0.01709 0.01119 0.008861 0.0077 0.003432 0.002622 0.002487 0.001097 0.0009318 0.001106 0.0006907 0.001464
1.251 19.09 52.25 26.92 16.83 16.13 13.07 6.909 4.395 2.807 1.838 1.455 1.265 0.5637 0.4308 0.4086 0.1802 0.1531 0.1817 0.354
1.439 12.86 44.41 32.44 13.73 8.586 8.228 6.666 3.525 2.242 1.432 0.9376 0.7425 0.6453 0.2876 0.2198 0.2084 0.09192 0.07808 0.2733
1.236 17.58 35.3 32.63 19.62 8.305 5.192 4.976 4.031 2.131 1.356 0.8659 0.567 0.449 0.3902 0.1739 0.1329 0.126 0.05558 0.2125
2.144 12.21 39.19 20.89 15.85 9.53 4.035 2.522 2.417 1.958 1.036 0.6587 0.4207 0.2755 0.2181 0.1896 0.08448 0.06456 0.06123 0.1302
1.299 22.9 29.56 25.45 11.16 8.469 5.091 2.155 1.347 1.291 1.046 0.5532 0.3519 0.2247 0.1472 0.1165 0.1013 0.04513 0.03449 0.1023
0.8717 14.76 58.88 20.4 14.46 6.341 4.811 2.892 1.224 0.7655 0.7336 0.5943 0.3143 0.1999 0.1277 0.0836 0.0662 0.05753 0.02564 0.0777
1.672 9.497 36.36 38.82 11.06 7.84 3.438 2.609 1.568 0.6639 0.415 0.3977 0.3222 0.1704 0.1084 0.06922 0.04532 0.03589 0.03119 0.05603
1.43 19.04 24.38 24.97 21.93 6.249 4.428 1.942 1.473 0.8857 0.375 0.2344 0.2247 0.182 0.09624 0.06122 0.0391 0.0256 0.02027 0.04927
1.036 14.23 42.96 14.68 12.36 10.85 3.092 2.191 0.961 0.7291 0.4383 0.1856 0.116 0.1112 0.09006 0.04763 0.03029 0.01935 0.01267 0.03441
1.18 12.98 40.14 32.54 9.159 7.707 6.767 1.929 1.367 0.5994 0.4548 0.2734 0.1157 0.07235 0.06934 0.05617 0.0297 0.01889 0.01207 0.02936
1 12.31 30.48 25.01 16.64 4.683 3.941 3.46 0.9861 0.6988 0.3065 0.2325 0.1398 0.05918 0.03699 0.03545 0.02872 0.01519 0.009661 0.02118
1.315 11.28 31.21 20.58 13.88 9.231 2.598 2.186 1.92 0.5471 0.3877 0.17 0.129 0.07755 0.03283 0.02052 0.01967 0.01594 0.008427 0.01711
1.164 13.69 26.47 19.46 10.53 7.101 4.724 1.33 1.119 0.9825 0.28 0.1984 0.08702 0.06602 0.03969 0.0168 0.0105 0.01007 0.008155 0.01307
0.4901 12.29 32.68 16.88 10.2 5.521 3.722 2.477 0.697 0.5865 0.515 0.1468 0.104 0.04562 0.03461 0.0208 0.008808 0.005506 0.005277 0.01113
0.7105 5.517 31.25 22.25 9.454 5.713 3.092 2.085 1.387 0.3904 0.3285 0.2884 0.08221 0.05826 0.02555 0.01938 0.01165 0.004933 0.003084 0.009188
1.221 7.942 13.89 21.01 12.3 5.226 3.157 1.709 1.152 0.7667 0.2158 0.1816 0.1594 0.04544 0.0322 0.01412 0.01071 0.006441 0.002727 0.006783
0.673 12.37 18.22 8.504 10.57 6.184 2.628 1.588 0.8593 0.5794 0.3855 0.1085 0.0913 0.08017 0.02285 0.01619 0.0071 0.005387 0.003238 0.004782
0.8539 8.282 34.24 13.51 5.19 6.449 3.775 1.604 0.9691 0.5245 0.3537 0.2353 0.06623 0.05573 0.04893 0.01395 0.009883 0.004334 0.003288 0.004895
0.6182 8.545 18.7 20.52 6.647 2.553 3.172 1.857 0.7889 0.4767 0.258 0.174 0.1157 0.03258 0.02741 0.02407 0.00686 0.004861 0.002132 0.004026
1.262 6.667 20.86 12.22 11.03 3.574 1.373 1.706 0.9983 0.4241 0.2563 0.1387 0.09353 0.06223 0.01751 0.01474 0.01294 0.003688 0.002614 0.00331
0.7891 15.24 18.1 15.15 7.303 6.592 2.135 0.8203 1.019 0.5966 0.2535 0.1531 0.08289 0.05589 0.03718 0.01047 0.008807 0.007733 0.002204 0.00354
1.286 8.537 36.97 11.64 7.999 3.855 3.48 1.127 0.433 0.538 0.3149 0.1338 0.08085 0.04376 0.02951 0.01963 0.005525 0.004649 0.004082 0.003032
0.5781 14.22 21.15 24.3 6.28 4.316 2.08 1.878 0.6082 0.2336 0.2903 0.1699 0.07218 0.04362 0.02361 0.01592 0.01059 0.002981 0.002508 0.003838
0.7428 5.722 31.76 12.54 11.82 3.055 2.099 1.012 0.9133 0.2958 0.1136 0.1412 0.08265 0.03511 0.02122 0.01148 0.007743 0.005152 0.00145 0.003087
1.222 8.355 14.53 21.6 7.012 6.611 1.709 1.174 0.5659 0.5108 0.1655 0.06356 0.07897 0.04623 0.01964 0.01187 0.006423 0.004331 0.002881 0.002538
0.9867 13.24 20.43 9.489 11.59 3.764 3.549 0.9171 0.6302 0.3037 0.2742 0.08881 0.03411 0.04239 0.02481 0.01054 0.006369 0.003447 0.002324 0.002909
1.683 10.89 32.97 13.6 5.194 6.345 2.06 1.942 0.5019 0.3449 0.1662 0.1501 0.04861 0.01867 0.0232 0.01358 0.005769 0.003486 0.001887 0.002864
0.7362 17.28 25.35 20.51 6.954 2.656 3.245 1.053 0.9932 0.2567 0.1764 0.08502 0.07674 0.02486 0.009549 0.01186 0.006945 0.00295 0.001783 0.00243
0.784 9.027 47.7 18.77 12.5 4.237 1.618 1.977 0.6418 0.6052 0.1564 0.1075 0.0518 0.04676 0.01515 0.005818 0.007229 0.004231 0.001798 0.002567
1.074 8.102 21.01 29.5 9.527 6.346 2.151 0.8216 1.004 0.3259 0.3072 0.0794 0.05456 0.0263 0.02374 0.00769 0.002954 0.00367 0.002148 0.002216
0.8877 10.91 18.66 12.94 14.93 4.822 3.212 1.089 0.4159 0.508 0.1649 0.1555 0.04019 0.02762 0.01331 0.01202 0.003892 0.001495 0.001858 0.002209
1.398 10.41 28.93 13.3 7.598 8.767 2.832 1.886 0.6393 0.2442 0.2983 0.09685 0.09132 0.0236 0.01622 0.007816 0.007055 0.002285 0.0008779 0.002388
0.5155 15.11 25.43 18.88 7.139 4.077 4.705 1.52 1.012 0.3431 0.1311 0.1601 0.05198 0.04901 0.01267 0.008703 0.004195 0.003786 0.001227 0.001753
0.9155 5.92 39.08 17.57 10.73 4.057 2.317 2.674 0.8636 0.5752 0.195 0.07448 0.09098 0.02954 0.02785 0.007198 0.004946 0.002384 0.002152 0.001693
0.8606 9.576 13.97 24.55 9.068 5.537 2.093 1.196 1.38 0.4456 0.2968 0.1006 0.03843 0.04695 0.01524 0.01437 0.003714 0.002552 0.00123 0.001984
0.5017 8.956 22.59 8.816 12.74 4.705 2.873 1.086 0.6204 0.7159 0.2312 0.154 0.0522 0.01994 0.02436 0.007908 0.007456 0.001927 0.001324 0.001668
0.6449 5.603 22.66 15.35 4.933 7.128 2.633 1.608 0.6078 0.3471 0.4006 0.1294 0.08617 0.02921 0.01116 0.01363 0.004425 0.004172 0.001078 0.001674
1.463 7.7 15.05 16.3 9.085 2.919 4.218 1.558 0.9512 0.3596 0.2054 0.237 0.07655 0.05099 0.01728 0.006602 0.008065 0.002618 0.002469 0.001629
0.96 14.64 17.4 9.047 8.044 4.484 1.44 2.081 0.7688 0.4694 0.1775 0.1014 0.117 0.03778 0.02516 0.00853 0.003258 0.00398 0.001292 0.002022
0.4421 10.92 37.61 11.98 5.124 4.556 2.54 0.8159 1.179 0.4354 0.2659 0.1005 0.05741 0.06625 0.0214 0.01425 0.004831 0.001845 0.002254 0.001877
1.016 5.151 28.56 26.23 6.867 2.937 2.611 1.456 0.4676 0.6757 0.2496 0.1524 0.05762 0.03291 0.03797 0.01226 0.008168 0.002769 0.001058 0.002368
0.5992 10.01 11.45 16.86 12.7 3.326 1.423 1.265 0.7051 0.2265 0.3273 0.1209 0.07382 0.02791 0.01594 0.01839 0.005941 0.003957 0.001341 0.001659
0.4997 6.774 25.55 7.834 9.49 7.15 1.872 0.8007 0.7119 0.3968 0.1275 0.1842 0.06804 0.04155 0.01571 0.008971 0.01035 0.003344 0.002227 0.001689
0.6991 5.361 16.43 16.55 4.172 5.054 3.808 0.997 0.4264 0.3792 0.2113 0.06789 0.09811 0.03624 0.02213 0.008366 0.004778 0.005514 0.001781 0.002085
0.6382 7.825 13.54 11.1 9.199 2.319 2.809 2.116 0.5541 0.237 0.2107 0.1174 0.03773 0.05452 0.02014 0.0123 0.004649 0.002655 0.003064 0.002149
1.038 6.531 18.15 8.394 5.655 4.686 1.181 1.431 1.078 0.2823 0.1207 0.1073 0.05983 0.01922 0.02778 0.01026 0.006264 0.002368 0.001353 0.002656
1.435 11.66 16.63 12.42 4.729 3.185 2.64 0.6654 0.8061 0.6073 0.159 0.06801 0.06047 0.03371 0.01083 0.01565 0.005779 0.003529 0.001334 0.002258
0.9035 16.64 30.48 11.64 7.149 2.722 1.834 1.52 0.3831 0.4641 0.3496 0.09155 0.03915 0.03481 0.0194 0.006234 0.009008 0.003327 0.002032 0.002068
0.6785 10.06 41.62 20.3 6.369 3.912 1.49 1.004 0.8317 0.2096 0.2539 0.1913 0.05009 0.02143 0.01905 0.01062 0.003411 0.004929 0.001821 0.002243
1.149 7.485 24.9 27.38 10.97 3.441 2.113 0.8047 0.5421 0.4493 0.1132 0.1372 0.1034 0.02706 0.01157 0.01029 0.005736 0.001843 0.002663 0.002195
0.5239 11.22 16.54 14.63 13.21 5.292 1.66 1.02 0.3883 0.2616 0.2168 0.05464 0.06619 0.04987 0.01306 0.005585 0.004965 0.002768 0.0008891 0.002344
0.765 6.435 31.01 12.26 8.924 8.057 3.228 1.013 0.6219 0.2368 0.1595 0.1322 0.03333 0.04037 0.03042 0.007964 0.003406 0.003029 0.001688 0.001972
0.7038 8.116 15.34 19.63 6.366 4.636 4.185 1.677 0.526 0.3231 0.123 0.08287 0.06868 0.01731 0.02097 0.0158 0.004137 0.001769 0.001573 0.001901
1.06 7.8 20.2 10.16 10.68 3.464 2.522 2.277 0.9122 0.2862 0.1758 0.06693 0.04509 0.03737 0.009419 0.01141 0.008597 0.002251 0.0009627 0.00189
0.8126 10.66 17.74 12.23 5.049 5.306 1.721 1.253 1.131 0.4532 0.1422 0.08733 0.03325 0.0224 0.01857 0.00468 0.005669 0.004271 0.001118 0.001418
0.6628 8.814 26.21 11.69 6.628 2.737 2.876 0.933 0.6794 0.6134 0.2457 0.07708 0.04735 0.01803 0.01215 0.01007 0.002537 0.003073 0.002316 0.001375
1.035 7.623 22.89 18.25 6.696 3.797 1.568 1.648 0.5345 0.3892 0.3514 0.1408 0.04416 0.02713 0.01033 0.006958 0.005766 0.001453 0.001761 0.002114
0.5454 11.62 19.26 15.43 10.11 3.709 2.103 0.8687 0.9128 0.2961 0.2156 0.1946 0.07797 0.02446 0.01503 0.005721 0.003854 0.003194 0.0008052 0.002146
0.6589 5.631 27.08 11.96 7.866 5.154 1.891 1.072 0.4429 0.4654 0.151 0.1099 0.09924 0.03975 0.01247 0.007661 0.002917 0.001965 0.001629 0.001505
0.5446 7.851 15.07 19.37 7.035 4.628 3.032 1.113 0.6309 0.2606 0.2738 0.08881 0.06468 0.05839 0.02339 0.007338 0.004507 0.001716 0.001156 0.001844
