 landings-at-age - landings.n (units : NA )
1	2	
42	100	
1	20	
1 
0.8512 13.37 35.9 12.68 29.02 35.9 6.945 9.894 3.901 3.686 1.148 1.152 1.161 0.2568 0.2272 0.3342 0.09887 0.2098 0.05045 0.2348
0.7843 10.39 36.7 26.38 7.67 17.55 21.71 4.2 5.983 2.359 2.229 0.6945 0.6964 0.7019 0.1553 0.1374 0.2021 0.05979 0.1269 0.1725
0.4211 7.747 23.18 21.73 12.82 3.726 8.526 10.55 2.04 2.907 1.146 1.083 0.3374 0.3383 0.341 0.07545 0.06676 0.09818 0.02905 0.1454
0.6105 4.498 18.76 15.05 11.61 6.847 1.991 4.555 5.634 1.09 1.553 0.6122 0.5786 0.1802 0.1807 0.1822 0.04031 0.03566 0.05245 0.09321
1.856 6.935 11.56 12.95 8.55 6.594 3.889 1.131 2.588 3.2 0.6192 0.8822 0.3478 0.3287 0.1024 0.1027 0.1035 0.0229 0.02026 0.08275
1.237 20.22 17.08 7.622 7.022 4.636 3.575 2.109 0.6131 1.403 1.735 0.3357 0.4783 0.1886 0.1782 0.05551 0.05567 0.05611 0.01241 0.05585
2.937 14.09 51.9 11.73 4.305 3.966 2.618 2.019 1.191 0.3463 0.7925 0.9801 0.1896 0.2702 0.1065 0.1007 0.03136 0.03145 0.03169 0.03856
0.9265 29.23 31.79 31.26 5.806 2.131 1.963 1.296 0.9992 0.5894 0.1714 0.3921 0.485 0.09384 0.1337 0.0527 0.04981 0.01552 0.01556 0.03476
0.8691 11.61 82.44 24.08 19.5 3.621 1.329 1.224 0.8081 0.6232 0.3676 0.1069 0.2446 0.3025 0.05853 0.08338 0.03287 0.03107 0.009678 0.03139
0.4867 9.07 27.26 51.36 12.31 9.969 1.852 0.6794 0.6259 0.4132 0.3187 0.188 0.05465 0.1251 0.1547 0.02993 0.04263 0.01681 0.01588 0.021
1.134 5.492 22.99 18.41 28.5 6.83 5.531 1.027 0.377 0.3473 0.2293 0.1768 0.1043 0.03032 0.06939 0.08582 0.0166 0.02365 0.009325 0.02046
0.5304 11.81 12.88 14.33 9.422 14.58 3.495 2.831 0.5257 0.1929 0.1777 0.1173 0.09048 0.05337 0.01552 0.03551 0.04392 0.008497 0.01211 0.01524
0.7324 5.6 28.19 8.216 7.513 4.939 7.645 1.832 1.484 0.2756 0.1011 0.09316 0.0615 0.04743 0.02798 0.008135 0.01861 0.02302 0.004454 0.01434
0.896 8.244 14.24 19.19 4.601 4.208 2.766 4.282 1.026 0.8311 0.1544 0.05664 0.05218 0.03445 0.02656 0.01567 0.004556 0.01043 0.01289 0.01053
1.659 10.02 20.76 9.573 10.61 2.543 2.326 1.529 2.367 0.5672 0.4594 0.08532 0.03131 0.02884 0.01904 0.01468 0.008661 0.002518 0.005762 0.01294
1.099 16.81 22.98 12.71 4.813 5.334 1.279 1.169 0.7688 1.19 0.2852 0.231 0.0429 0.01574 0.0145 0.009573 0.007383 0.004355 0.001266 0.009406
2.222 13.53 46.51 17.04 7.756 2.938 3.256 0.7806 0.7138 0.4693 0.7263 0.1741 0.141 0.02618 0.009609 0.008852 0.005844 0.004506 0.002658 0.006514
1.211 22.24 30.54 27.88 8.382 3.815 1.445 1.602 0.384 0.3511 0.2308 0.3573 0.08564 0.06935 0.01288 0.004726 0.004354 0.002874 0.002217 0.004512
0.6239 13.06 54.29 19.97 14.99 4.507 2.051 0.777 0.8611 0.2064 0.1888 0.1241 0.1921 0.04604 0.03728 0.006925 0.002541 0.002341 0.001545 0.003618
1.714 7.536 35.44 39.43 11.93 8.956 2.693 1.226 0.4643 0.5145 0.1234 0.1128 0.07416 0.1148 0.02751 0.02228 0.004138 0.001518 0.001399 0.003085
0.674 18.55 18.28 22.79 20.82 6.298 4.728 1.422 0.6471 0.2451 0.2716 0.06512 0.05955 0.03915 0.0606 0.01452 0.01176 0.002185 0.0008016 0.002367
1.525 7.453 45.95 12.02 12.3 11.23 3.398 2.551 0.767 0.3491 0.1322 0.1465 0.03513 0.03213 0.02112 0.03269 0.007836 0.006346 0.001179 0.00171
0.2684 15.1 16.65 27.24 5.845 5.982 5.463 1.653 1.241 0.3731 0.1698 0.06432 0.07129 0.01709 0.01563 0.01027 0.0159 0.003812 0.003087 0.001405
0.6378 3.019 38.34 11.32 15.23 3.269 3.346 3.055 0.9245 0.694 0.2087 0.09497 0.03598 0.03987 0.009558 0.008741 0.005746 0.008894 0.002132 0.002512
0.4336 6.906 7.382 25.04 6.075 8.177 1.755 1.796 1.64 0.4962 0.3725 0.112 0.05098 0.01931 0.0214 0.00513 0.004691 0.003084 0.004774 0.002493
2.544 4.786 17.2 4.914 13.7 3.325 4.475 0.9603 0.9828 0.8975 0.2716 0.2039 0.0613 0.0279 0.01057 0.01171 0.002808 0.002568 0.001688 0.003977
0.3595 26.13 11.14 10.7 2.513 7.007 1.7 2.289 0.4911 0.5026 0.459 0.1389 0.1043 0.03135 0.01427 0.005405 0.00599 0.001436 0.001313 0.002897
0.8879 4.408 72.1 8.246 6.522 1.531 4.27 1.036 1.394 0.2992 0.3063 0.2797 0.08462 0.06352 0.0191 0.008694 0.003293 0.00365 0.0008749 0.002565
1.383 9.175 10.26 44.59 4.187 3.311 0.7774 2.168 0.526 0.708 0.1519 0.1555 0.142 0.04296 0.03225 0.009697 0.004414 0.001672 0.001853 0.001747
0.2618 14.04 21.13 6.318 22.57 2.119 1.676 0.3935 1.097 0.2662 0.3584 0.0769 0.0787 0.07187 0.02175 0.01632 0.004909 0.002234 0.0008463 0.001822
1.168 3.07 37.24 15.07 3.71 13.25 1.244 0.984 0.231 0.6442 0.1563 0.2104 0.04515 0.04621 0.0422 0.01277 0.009585 0.002882 0.001312 0.001567
0.61 12.63 7.499 24.31 8.085 1.991 7.113 0.6678 0.5281 0.124 0.3457 0.0839 0.1129 0.02423 0.0248 0.02265 0.006853 0.005144 0.001547 0.001545
0.3969 7.006 32.66 5.183 13.82 4.595 1.132 4.042 0.3795 0.3001 0.07047 0.1965 0.04768 0.06418 0.01377 0.01409 0.01287 0.003894 0.002923 0.001757
1.311 4.152 16.53 20.52 2.674 7.129 2.371 0.5838 2.086 0.1958 0.1549 0.03636 0.1014 0.0246 0.03311 0.007105 0.007272 0.006641 0.002009 0.002415
0.2564 13.64 9.793 10.43 10.65 1.388 3.699 1.23 0.3029 1.082 0.1016 0.08035 0.01887 0.05261 0.01277 0.01718 0.003687 0.003773 0.003446 0.002296
0.3079 2.863 34.52 6.657 5.837 5.958 0.7764 2.07 0.6883 0.1695 0.6055 0.05685 0.04496 0.01056 0.02944 0.007143 0.009614 0.002063 0.002111 0.003213
1.362 3.676 7.692 24.83 3.939 3.454 3.525 0.4594 1.225 0.4073 0.1003 0.3583 0.03364 0.0266 0.006246 0.01742 0.004226 0.005689 0.001221 0.00315
1.033 13.62 8.308 4.624 12.25 1.944 1.705 1.74 0.2267 0.6044 0.201 0.0495 0.1768 0.0166 0.01313 0.003083 0.008596 0.002086 0.002807 0.002157
1.4 11.75 35 5.72 2.619 6.94 1.101 0.9655 0.9854 0.1284 0.3423 0.1138 0.02804 0.1002 0.009403 0.007436 0.001746 0.004869 0.001181 0.002812
0.8721 16.31 30.73 24.41 3.278 1.501 3.977 0.631 0.5533 0.5647 0.0736 0.1962 0.06525 0.01607 0.0574 0.005389 0.004262 0.001001 0.00279 0.002289
1.017 8.588 36.26 18.14 11.82 1.588 0.7271 1.927 0.3057 0.268 0.2736 0.03565 0.09504 0.03161 0.007784 0.02781 0.002611 0.002065 0.0004848 0.00246
0.6736 11.49 21.93 24.8 10.21 6.654 0.8937 0.4092 1.084 0.172 0.1509 0.154 0.02007 0.05349 0.01779 0.004381 0.01565 0.001469 0.001162 0.001658
0.5178 7.228 27.87 14.21 13.21 5.436 3.544 0.476 0.2179 0.5775 0.09162 0.08034 0.082 0.01069 0.02849 0.009474 0.002333 0.008334 0.0007825 0.001502
1.796 5.796 18.26 18.83 7.896 7.341 3.021 1.969 0.2645 0.1211 0.3209 0.05092 0.04465 0.04557 0.005939 0.01583 0.005265 0.001297 0.004632 0.001269
1.444 18.38 13.44 11.32 9.595 4.022 3.74 1.539 1.003 0.1348 0.0617 0.1635 0.02594 0.02275 0.02322 0.003026 0.008065 0.002682 0.0006605 0.003006
2.59 16.23 46.8 9.198 6.375 5.405 2.266 2.107 0.8671 0.5652 0.07591 0.03476 0.0921 0.01461 0.01281 0.01308 0.001704 0.004544 0.001511 0.002066
1.33 30.01 42.41 32.75 5.296 3.67 3.112 1.305 1.213 0.4992 0.3254 0.0437 0.02001 0.05302 0.008413 0.007377 0.007529 0.0009812 0.002616 0.002059
1.451 14.8 75.08 28.25 17.92 2.898 2.008 1.703 0.7138 0.6637 0.2732 0.1781 0.02392 0.01095 0.02902 0.004604 0.004037 0.00412 0.0005369 0.002558
1.042 16 36.64 49.39 15.26 9.68 1.565 1.085 0.9198 0.3856 0.3585 0.1476 0.09618 0.01292 0.005915 0.01567 0.002487 0.002181 0.002226 0.001672
0.9522 10.18 35.36 21.54 23.83 7.362 4.671 0.7553 0.5235 0.4438 0.1861 0.173 0.0712 0.04641 0.006233 0.002854 0.007563 0.0012 0.001052 0.001881
1.208 11.7 28.13 26.2 13.14 14.54 4.49 2.849 0.4607 0.3193 0.2707 0.1135 0.1055 0.04342 0.02831 0.003802 0.001741 0.004613 0.0007319 0.001789
1.555 12.81 27.89 17.8 13.61 6.823 7.551 2.333 1.48 0.2393 0.1659 0.1406 0.05895 0.05481 0.02256 0.0147 0.001975 0.0009043 0.002396 0.001309
1.835 17.23 31.89 18.47 9.685 7.406 3.712 4.108 1.269 0.8052 0.1302 0.09024 0.07651 0.03207 0.02982 0.01227 0.008 0.001075 0.000492 0.002016
2.657 18.47 39.18 19.3 9.177 4.812 3.679 1.844 2.041 0.6305 0.4 0.06469 0.04483 0.03801 0.01594 0.01482 0.006098 0.003975 0.0005339 0.001246
0.8828 28.82 45.4 25.82 10.46 4.976 2.609 1.995 1 1.107 0.3419 0.2169 0.03507 0.02431 0.02061 0.00864 0.008033 0.003306 0.002155 0.0009651
0.6559 10.15 74.85 31.61 14.79 5.994 2.85 1.495 1.143 0.5729 0.634 0.1958 0.1242 0.02009 0.01392 0.01181 0.004949 0.004602 0.001894 0.001787
1.355 7.366 25.66 50.45 17.51 8.194 3.32 1.579 0.8279 0.633 0.3173 0.3512 0.1085 0.06882 0.01113 0.007714 0.00654 0.002742 0.002549 0.002039
1.448 13.99 17.17 15.93 25.72 8.926 4.178 1.693 0.805 0.4221 0.3228 0.1618 0.179 0.05531 0.03509 0.005674 0.003933 0.003334 0.001398 0.002339
2.352 17.26 37.46 12.28 9.37 15.13 5.252 2.458 0.996 0.4736 0.2483 0.1899 0.09519 0.1053 0.03254 0.02065 0.003339 0.002314 0.001962 0.002199
