Originally  
101 
A 
42	100	
1	1	NA	NA	
1	20	
1 0.02097 0.1468 0.3985 0.1049 0.3985 0.4614 0.1258 0.1468 0.1258 0.08389 0 0.02097 0.04194 0 0 0 0.02097 0 0 0
1 0.02997 0.1049 0.4795 0.2547 0.1049 0.1648 0.1948 0.05994 0.02997 0 0.04495 0 0.02997 0 0 0 0 0 0 0
1 0 0.1468 0.2097 0.2516 0.1153 0.04194 0.05242 0.1153 0.02097 0.03145 0.04194 0.01048 0 0.01048 0 0 0 0 0 0
1 0.007907 0.07116 0.2135 0.1028 0.2056 0.05535 0.007907 0.04744 0.03953 0.007907 0.007907 0.007907 0 0.007907 0 0 0 0 0 0.007907
1 0.07611 0.137 0.1142 0.1446 0.09133 0.05328 0.03044 0 0.03044 0.04567 0.01522 0.007611 0.007611 0.007611 0 0 0 0 0 0
1 0.06057 0.4442 0.1413 0.08077 0.1817 0.03029 0.03029 0.0101 0 0 0.02019 0 0 0 0 0 0.0101 0 0 0
1 0.1481 0.3456 0.7077 0.2633 0.06583 0.01646 0.03292 0.01646 0 0 0.01646 0.01646 0 0.01646 0 0 0 0 0 0
1 0.04447 0.4743 0.4298 0.4298 0.02964 0.01482 0.02964 0 0.01482 0.01482 0 0 0 0 0 0 0 0 0 0
1 0.02862 0.1288 0.7727 0.1574 0.229 0.05724 0 0.01431 0 0.01431 0 0 0.01431 0 0 0.01431 0 0 0 0
1 0.05574 0.2787 0.353 0.7432 0.2044 0.07432 0.03716 0.03716 0.03716 0.03716 0 0 0 0 0 0 0 0 0 0
1 0.009131 0.06392 0.2283 0.1826 0.2831 0.07305 0.04566 0.009131 0 0 0 0 0 0 0.009131 0 0 0 0 0.009131
1 0.01059 0.2329 0.1376 0.1588 0.2329 0.2012 0.05294 0.02118 0.01059 0 0 0 0 0 0 0 0 0 0 0
1 0.006139 0.06753 0.2333 0.06753 0.07367 0.03683 0.07981 0.02456 0.01842 0.006139 0 0 0 0 0 0 0 0 0 0
1 0.01091 0.2619 0.1637 0.3492 0.06547 0.07638 0.04365 0.07638 0.02182 0.02182 0 0 0 0 0 0 0 0 0 0
1 0.05857 0.1684 0.183 0.07321 0.1537 0.01464 0.02196 0.02196 0.02196 0.01464 0 0 0 0 0 0 0 0 0 0
1 0.06047 0.2678 0.2333 0.1123 0.07775 0.08639 0.008639 0.008639 0.008639 0 0 0 0 0 0 0 0 0 0 0
1 0.1464 0.1597 0.5058 0.2529 0.1464 0.02662 0.05324 0 0.01331 0.01331 0 0.01331 0 0 0 0 0 0 0 0
1 0.01572 0.4717 0.5032 0.4088 0.09435 0.04717 0 0.01572 0 0.01572 0 0 0 0 0 0 0 0 0 0
1 0.01199 0.1679 0.5517 0.2519 0.1319 0.04798 0.01199 0.01199 0.01199 0 0 0 0 0 0 0 0 0 0 0
1 0.1003 0.0627 0.4389 0.4013 0.1505 0.0627 0 0.02508 0 0.01254 0 0 0 0 0 0 0 0 0 0
1 0.01297 0.3113 0.2205 0.3243 0.2594 0.1038 0.02594 0.03892 0 0 0 0 0 0 0 0 0 0 0 0
1 0.03252 0.08943 0.3333 0.07317 0.1545 0.0813 0.03252 0.01626 0 0 0 0 0 0 0 0 0 0 0 0
1 0.03212 0.2249 0.2677 0.3319 0.06425 0.07496 0.04283 0.01071 0.02142 0 0 0 0 0 0 0 0 0 0 0
1 0.04914 0.04914 0.5405 0.08845 0.1474 0.01966 0.05897 0.01966 0 0 0.009828 0 0 0 0 0 0 0 0 0
1 0.0189 0.1323 0.1323 0.3591 0.104 0.1134 0.0378 0.009451 0.0189 0.009451 0 0 0.009451 0 0 0 0 0 0 0
1 0.0534 0.0801 0.08455 0.0445 0.0979 0.0267 0.0178 0.00445 0.0089 0.01335 0.00445 0 0 0 0 0.0089 0 0 0 0
1 0.009116 0.5014 0.1003 0.1276 0.05469 0.08204 0.009116 0.009116 0 0.01823 0 0 0 0 0 0 0 0 0 0
1 0.02616 0.09158 0.9681 0.05233 0.06541 0.02616 0.01308 0.02616 0.01308 0 0.02616 0 0 0 0 0 0 0 0 0
1 0.02166 0.1841 0.1299 0.5956 0.05414 0.05414 0.02166 0 0.02166 0 0 0 0 0 0 0 0 0 0 0
1 0.009323 0.2424 0.2424 0.06526 0.2983 0.02797 0.02797 0.009323 0.009323 0 0 0 0 0 0 0 0 0 0 0
1 0.04974 0.0199 0.5173 0.1592 0.0199 0.1492 0.009948 0.02985 0 0.02985 0.009948 0 0 0 0 0 0 0 0 0
1 0.00696 0.1114 0.07656 0.2714 0.09048 0.01392 0.1044 0.00696 0 0 0.00696 0 0.00696 0 0 0 0 0 0 0
1 0.01891 0.07562 0.2899 0.01891 0.1323 0.04411 0.0126 0.02521 0.006302 0.006302 0 0 0 0 0 0 0 0 0 0
1 0.01957 0.07828 0.2087 0.1892 0.03262 0.1044 0.01305 0 0.006523 0 0 0 0 0 0 0 0 0 0 0
1 0 0.271 0.1047 0.09239 0.09239 0 0.0308 0.006159 0.006159 0.01232 0 0 0 0 0 0 0 0 0 0
1 0.009173 0.09173 0.4403 0.08255 0.1192 0.09173 0 0.03669 0.009173 0 0.02752 0 0.009173 0 0 0 0 0 0 0
1 0.01363 0.0886 0.06816 0.3544 0.04089 0.02726 0.03408 0 0.02045 0 0 0.02726 0.006816 0 0 0 0 0 0 0
1 0.04894 0.2936 0.07952 0.006117 0.1407 0.01223 0.006117 0.01223 0 0.006117 0.006117 0 0 0 0 0 0 0 0 0
1 0.1091 0.3274 0.5093 0.1213 0.02425 0.08488 0.01213 0 0.01213 0.01213 0 0 0 0 0 0 0 0 0 0
1 0.03429 0.3201 0.4115 0.2515 0.05716 0.01143 0.03429 0 0.01143 0 0 0.01143 0 0 0 0 0 0 0 0
1 0.08465 0.1881 0.3104 0.1693 0.1129 0.009405 0 0.03762 0 0.009405 0 0 0 0.009405 0 0.009405 0 0 0 0
1 0 0.2338 0.4184 0.3692 0.16 0.04922 0 0 0 0 0 0 0 0 0 0 0 0 0 0
1 0.02571 0.1928 0.4885 0.1928 0.2185 0.07713 0.08999 0 0 0 0 0 0 0 0 0 0 0 0 0
1 0.06456 0.121 0.2017 0.1937 0.113 0.07263 0.01614 0.01614 0.00807 0 0 0 0 0 0 0 0 0 0 0
1 0.05286 0.4758 0.1586 0.1057 0.1374 0.08458 0 0 0.04229 0 0 0 0 0 0 0 0 0 0 0
1 0.07913 0.2374 0.5765 0.1243 0.03391 0.05652 0.0113 0 0 0.0113 0 0 0 0 0 0 0 0 0 0
1 0.02378 0.3686 0.3924 0.2259 0.04756 0.04756 0.03567 0.03567 0 0 0 0.01189 0 0 0 0 0 0 0 0
1 0.04166 0.3333 1.083 0.2708 0.25 0.06249 0 0.04166 0 0 0 0 0 0 0 0 0 0 0 0
1 0.01469 0.2351 0.382 0.4996 0.1616 0.1029 0 0.05878 0.01469 0 0 0 0 0 0 0 0 0 0 0
1 0.01302 0.2084 0.4298 0.2475 0.2084 0.1302 0.02605 0.01302 0.01302 0.01302 0 0 0 0 0 0 0 0 0 0
1 0.02663 0.1509 0.1775 0.1953 0.142 0.09765 0.04439 0.02663 0 0 0.01775 0.008877 0 0 0 0 0 0 0 0
1 0 0.2599 0.2599 0.2058 0.1625 0.09747 0.07581 0.01083 0 0.01083 0 0 0 0 0 0 0 0 0 0
1 0.05476 0.1643 0.2464 0.1825 0.1004 0.0365 0.06388 0.02738 0.0365 0 0 0 0 0 0 0 0 0 0 0
1 0.1166 0.2566 0.4082 0.1983 0.105 0 0.04666 0.03499 0 0 0 0 0 0 0 0 0 0 0 0
1 0.01808 0.3798 0.6148 0.4883 0.1447 0.05425 0.01808 0 0.03617 0.03617 0 0.01808 0 0 0 0 0 0 0 0
1 0.03954 0.1977 0.8699 0.4745 0.2175 0.1186 0 0.01977 0.01977 0.01977 0 0 0 0 0 0 0 0 0 0
1 0.05859 0.1758 0.3711 0.6249 0.3906 0.07812 0.05859 0.1172 0.01953 0.01953 0.01953 0.01953 0 0 0 0 0 0 0 0
1 0 0.2396 0.1534 0.1534 0.2492 0.08626 0.05751 0.009585 0.009585 0 0 0 0 0 0 0 0 0 0 0
1 0.08065 0.3387 0.5 0.2097 0.1774 0.1452 0.1129 0.01613 0.01613 0 0 0 0.01613 0 0 0 0 0 0 0
