Originally  
101 
A 
2	100	
1	1	NA	NA	
1	20	
1 314 314 226.1 163.3 87.93 37.68 12.56 12.56 37.68 37.68 0 0 12.56 0 0 0 0 0 0 0
1 300.6 139.6 161 118.1 118.1 53.68 64.42 42.95 32.21 0 0 0 10.74 21.47 0 0 0 0 10.74 0
1 455.9 353 205.9 73.54 88.24 88.24 73.54 58.83 0 29.41 14.71 14.71 14.71 0 0 0 0 0 0 0
1 324.6 454.5 340.9 129.9 48.69 97.39 32.46 32.46 97.39 16.23 0 16.23 0 16.23 0 0 0 0 0 16.23
1 611.3 329.2 219.4 125.4 94.05 94.05 15.67 31.35 15.67 0 0 15.67 0 15.67 0 0 0 0 0 0
1 221.7 210.6 166.3 133 110.9 133 11.09 66.52 33.26 0 11.09 11.09 0 0 0 0 0 0 0 0
1 237.1 228.6 59.27 143.9 67.73 16.93 8.467 16.93 16.93 16.93 8.467 8.467 0 8.467 0 0 8.467 0 0 0
1 341.3 193.4 170.7 170.7 79.64 34.13 45.51 22.75 11.38 0 11.38 0 22.75 11.38 11.38 0 11.38 0 0 0
1 388.8 233.3 155.5 116.6 129.6 51.83 51.83 38.88 12.96 38.88 25.92 25.92 25.92 0 0 0 0 0 0 0
1 309 183.5 125.6 67.6 57.95 67.6 48.29 19.32 9.658 19.32 0 19.32 19.32 0 9.658 0 0 0 9.658 0
1 385.3 301 156.5 84.28 60.2 72.24 36.12 36.12 24.08 12.04 12.04 0 24.08 0 0 0 0 0 0 0
1 307.9 164.9 175.9 110 87.97 76.97 32.99 11 21.99 11 32.99 11 11 21.99 11 0 0 11 0 0
1 231.3 435.4 217.7 204.1 136.1 40.82 27.21 13.61 13.61 13.61 13.61 0 0 0 13.61 0 0 0 0 0
1 388.5 341.9 217.6 233.1 108.8 93.25 46.63 46.63 0 15.54 0 15.54 0 15.54 0 15.54 15.54 0 0 0
1 355 266.2 253.6 139.5 50.71 38.03 25.36 63.39 38.03 12.68 0 0 0 25.36 0 0 0 0 0 0
1 327.9 218.6 194.3 133.6 85.01 60.72 48.58 60.72 12.14 48.58 0 0 0 12.14 0 0 0 12.14 0 0
1 223.3 186.1 195.4 74.43 111.6 37.22 27.91 18.61 27.91 9.304 0 0 9.304 0 0 9.304 0 0 0 0
1 292.1 221.6 120.9 141 90.66 40.29 40.29 20.15 10.07 10.07 10.07 0 10.07 0 0 0 0 0 0 0
1 273.4 197.5 106.3 75.95 37.97 15.19 7.595 15.19 15.19 0 0 0 0 7.595 0 7.595 0 0 0 0
1 322.1 171.1 130.9 120.8 80.53 50.33 20.13 60.4 10.07 20.13 10.07 0 0 0 10.07 0 0 0 0 0
1 409.6 286.7 232.1 150.2 54.61 81.91 13.65 68.26 40.96 13.65 13.65 0 0 0 0 0 0 0 0 0
1 383 180.9 212.8 106.4 53.19 21.28 42.55 21.28 10.64 10.64 10.64 0 0 0 10.64 0 0 0 0 0
1 541.4 344.6 196.9 147.7 131.3 49.22 114.9 0 16.41 32.81 16.41 32.81 16.41 0 0 0 0 0 0 0
1 319.3 319.3 148.2 102.6 45.61 79.82 45.61 11.4 11.4 11.4 11.4 0 22.81 0 0 0 0 0 0 11.4
1 393.4 333.8 166.9 143 11.92 11.92 0 47.68 47.68 11.92 0 11.92 0 0 0 0 11.92 0 0 0
1 435.9 205.1 153.9 192.3 102.6 51.28 38.46 38.46 0 12.82 0 12.82 0 12.82 12.82 0 12.82 0 0 0
1 320.1 262.9 125.8 102.9 102.9 68.59 45.73 34.3 22.86 22.86 0 34.3 0 0 0 0 0 0 0 0
1 468.6 321.3 187.4 133.9 53.55 66.94 26.78 13.39 26.78 0 13.39 13.39 13.39 0 0 0 0 0 0 0
1 485.9 360.9 208.2 27.76 55.53 83.29 13.88 55.53 13.88 27.76 13.88 27.76 0 0 0 0 0 13.88 0 0
1 348.6 276 290.5 159.8 101.7 116.2 43.57 72.62 29.05 14.52 0 0 0 0 0 0 0 0 0 0
1 371.2 356.9 242.7 228.4 71.39 28.56 14.28 28.56 28.56 42.83 0 14.28 0 0 0 0 0 0 0 0
1 527.3 329.6 197.7 280.1 82.39 65.91 32.96 49.44 0 16.48 0 49.44 0 16.48 0 0 0 0 0 0
1 533.1 468.4 177.7 64.61 80.77 113.1 80.77 32.31 32.31 32.31 0 0 0 0 0 0 0 0 0 0
1 497.2 320.7 192.4 112.3 144.3 80.19 128.3 64.15 48.11 16.04 0 0 0 0 0 0 0 0 0 0
1 539.7 290.6 193.7 110.7 96.87 69.19 27.68 0 13.84 13.84 13.84 13.84 0 0 0 0 0 0 0 0
1 359.6 273.3 287.7 143.8 115.1 86.3 43.15 43.15 28.77 14.38 14.38 0 0 14.38 14.38 0 0 0 0 0
1 350.2 220.5 233.5 142.7 90.79 51.88 12.97 38.91 51.88 38.91 38.91 12.97 0 12.97 0 0 0 0 0 0
1 419.6 221.5 139.9 139.9 58.28 81.59 11.66 46.63 11.66 11.66 11.66 0 0 0 0 0 0 0 0 11.66
1 469.2 333 257.3 30.27 106 121.1 60.55 30.27 30.27 30.27 15.14 15.14 15.14 0 0 0 0 0 0 0
1 286.3 159.1 190.9 137.8 63.62 74.23 21.21 53.02 10.6 10.6 10.6 0 0 21.21 10.6 10.6 0 0 0 0
1 363.1 269.4 234.2 93.7 58.56 23.42 58.56 11.71 0 11.71 23.42 11.71 11.71 0 0 0 0 0 0 0
1 245.5 161.1 168.8 61.37 30.69 30.69 15.34 30.69 0 7.672 0 7.672 0 0 0 0 0 0 0 7.672
1 208.5 141.2 121 107.6 47.07 20.17 6.725 0 13.45 6.725 0 0 0 0 0 0 0 0 0 0
1 373.7 213.6 181.5 149.5 21.36 32.03 32.03 0 21.36 32.03 0 0 0 0 0 0 0 0 0 10.68
1 309.4 142.2 175.6 108.7 58.54 8.363 16.73 16.73 0 0 0 0 0 0 0 0 0 0 0 0
1 233.8 251.8 107.9 125.9 80.92 44.96 17.98 8.991 17.98 0 0 8.991 0 0 0 0 0 0 0 0
1 278.4 217.5 182.7 78.3 52.2 43.5 0 17.4 0 0 0 0 0 0 0 0 0 0 0 0
1 290.8 224.3 166.2 49.85 49.85 16.62 24.93 8.309 0 0 0 0 0 0 0 0 0 0 0 0
1 224.9 177.2 136.3 54.52 54.52 13.63 6.815 0 6.815 0 6.815 0 0 0 0 0 0 0 0 0
1 244.6 183.4 108.7 74.73 54.35 13.59 0 0 0 0 0 0 0 0 0 0 0 0 0 0
1 301.3 159 175.7 108.8 41.84 16.74 8.368 0 0 25.1 0 0 0 0 0 0 0 0 0 0
1 242.9 151.8 97.17 48.58 12.15 18.22 30.37 0 6.073 0 0 0 0 0 0 0 0 0 0 0
1 243.2 174.8 152 106.4 22.8 15.2 15.2 15.2 0 7.599 7.599 0 0 0 0 0 0 0 0 0
1 223.5 176.1 115.1 81.27 33.86 6.772 20.32 6.772 6.772 6.772 0 0 0 0 0 0 0 0 0 0
1 275.1 232.2 103.2 94.58 77.38 51.59 8.598 8.598 0 8.598 0 0 0 0 0 0 0 0 0 0
1 275.4 197.7 63.56 105.9 35.31 14.12 7.062 7.062 0 0 0 0 0 0 0 0 0 0 0 0
1 315.9 172.3 93.34 35.9 35.9 43.08 14.36 0 0 0 0 7.18 0 0 0 0 0 0 0 0
1 422.8 158.6 114.5 70.47 52.85 0 44.04 8.809 8.809 0 0 0 0 0 0 0 0 0 0 0
1 528.5 317.1 187.9 93.96 11.74 23.49 0 0 11.74 0 0 0 0 0 0 0 0 0 0 0
1 320.2 164 109.3 109.3 15.62 31.23 7.809 15.62 0 7.809 0 0 0 0 0 0 0 0 0 0
1 235.3 170 124.2 52.29 32.68 13.07 19.61 6.537 0 0 0 0 0 0 0 0 0 0 0 0
1 342 230.8 153.9 59.84 34.2 8.549 8.549 17.1 0 0 0 0 0 0 0 0 0 0 0 0
1 311.1 271 210.8 120.4 40.14 20.07 0 20.07 0 10.04 0 0 0 0 0 0 0 0 0 0
1 226 232.8 102.7 68.48 41.09 6.848 0 6.848 0 0 0 0 0 0 0 0 0 0 0 0
1 279.4 213.2 117.6 51.46 44.11 7.351 14.7 7.351 0 0 0 0 0 0 0 0 0 0 0 0
1 314.6 177.5 153.3 88.74 40.34 16.13 0 16.13 0 0 0 0 0 0 0 0 0 0 0 0
1 374.1 305.2 147.7 88.59 39.37 9.844 9.844 0 0 9.844 0 0 0 0 0 0 0 0 0 0
1 359.5 327.8 116.3 126.9 52.86 31.72 21.15 10.57 10.57 0 0 0 0 0 0 0 0 0 0 0
1 356.5 240.6 142.6 53.48 26.74 35.65 17.83 0 8.913 0 8.913 0 0 0 0 0 0 0 0 0
1 245.7 168.4 105.3 77.21 56.15 7.019 28.07 14.04 0 0 0 0 0 0 0 0 0 0 0 0
1 211.8 134.8 89.84 115.5 32.09 6.417 12.83 12.83 12.83 6.417 0 6.417 0 0 0 0 0 0 0 0
1 312.4 257.3 137.8 64.32 73.51 18.38 9.189 18.38 18.38 0 0 0 0 0 9.189 0 0 0 0 0
1 394.5 286.9 286.9 95.63 35.86 47.82 35.86 0 11.95 0 0 0 0 0 0 0 0 0 0 0
1 303 147.4 139.2 73.7 81.89 40.95 0 16.38 16.38 0 0 0 0 0 0 0 0 0 0 0
1 283.4 193.2 83.72 57.96 6.44 6.44 6.44 0 6.44 0 0 0 0 0 0 0 0 0 0 0
1 382.3 251.7 149.2 46.62 55.94 37.29 0 0 0 9.323 0 0 0 0 0 0 0 0 0 0
1 215.3 186.6 179.4 50.23 28.7 21.53 21.53 0 14.35 0 0 0 0 0 0 0 0 0 0 0
1 396.7 274.6 132.2 71.2 71.2 20.34 20.34 10.17 20.34 0 0 0 0 0 0 0 0 0 0 0
1 233 255.6 127.8 60.14 52.62 0 15.03 7.517 0 0 0 0 0 0 0 0 0 0 0 0
1 248.2 248.2 183.8 110.3 82.73 36.77 0 9.192 0 0 0 0 0 0 0 0 0 0 0 0
1 285.4 214 111 87.2 71.35 7.927 0 0 7.927 0 0 0 7.927 0 0 0 0 0 0 0
1 297.5 228.1 198.3 128.9 69.41 29.75 19.83 0 9.915 0 9.915 0 0 0 0 0 0 0 0 0
1 379.3 287.1 153.8 82.02 41.01 41.01 30.76 10.25 0 0 0 0 0 0 0 0 0 0 0 0
1 388.4 281.6 165.1 48.55 19.42 29.13 9.711 0 9.711 0 9.711 9.711 0 0 0 0 0 0 0 0
1 409.2 243.6 136.4 107.2 38.97 9.743 9.743 9.743 0 0 0 9.743 0 0 0 0 0 0 0 0
1 293.9 130.6 104.5 45.73 32.66 13.06 6.532 13.06 6.532 0 0 0 0 0 0 0 0 0 6.532 0
1 383.3 154.9 114.2 81.54 32.62 32.62 16.31 0 0 0 0 0 0 0 0 0 0 0 0 0
1 509 445.3 270.4 111.3 127.2 15.91 31.81 31.81 31.81 15.91 0 0 0 0 0 0 0 0 0 0
1 372 396 216 60 84 24 24 12 12 0 0 0 0 0 0 0 0 0 0 0
1 257.4 198.5 117.7 88.24 36.77 7.353 14.71 7.353 0 7.353 0 0 0 0 0 0 0 0 0 0
1 489.4 318.1 195.8 73.41 24.47 36.71 61.18 12.24 0 12.24 0 0 0 0 0 0 0 0 0 0
1 637.2 462 159.3 111.5 111.5 79.65 0 31.86 0 0 0 0 0 0 0 0 0 0 0 0
1 339.1 374.2 198.8 81.86 46.78 70.16 11.69 23.39 11.69 11.69 0 0 0 0 0 0 0 0 0 0
1 369.9 190 229.9 89.98 69.98 9.997 19.99 9.997 0 0 0 9.997 0 0 0 0 0 0 0 0
1 573.7 508.1 213.1 213.1 32.78 49.17 0 16.39 32.78 0 0 0 0 0 0 0 0 0 0 0
1 313.2 359.6 208.8 104.4 69.61 34.8 23.2 23.2 11.6 11.6 0 0 0 0 0 0 0 0 0 0
1 390 277.1 174.5 92.36 30.79 30.79 20.52 10.26 0 0 0 0 0 0 0 0 0 0 0 0
1 307.6 202.1 114.3 140.6 35.15 35.15 26.37 8.789 8.789 0 0 0 0 0 0 0 0 0 0 0
1 503.2 343.6 208.6 73.64 49.09 12.27 12.27 12.27 0 0 12.27 0 0 0 0 0 0 0 0 0
