 landings-at-age - landings.n (units : NA )
1	2	
2	100	
1	20	
1 
0.02659 0.2984 0.8352 0.6934 0.4839 0.3377 0.2357 0.1644 0.1148 0.08008 0.05589 0.039 0.02722 0.01899 0.01325 0.009249 0.006454 0.004504 0.003143 0.007259
0.004303 0.05216 0.1462 0.1214 0.08475 0.05914 0.04127 0.0288 0.0201 0.01403 0.009787 0.00683 0.004766 0.003326 0.002321 0.00162 0.00113 0.0007888 0.0005504 0.001271
0.004507 0.04831 0.1464 0.1219 0.08515 0.05942 0.04147 0.02894 0.02019 0.01409 0.009834 0.006862 0.004789 0.003342 0.002332 0.001627 0.001136 0.0007925 0.000553 0.001277
0.004428 0.0506 0.1356 0.122 0.08549 0.0597 0.04166 0.02907 0.02029 0.01416 0.00988 0.006895 0.004811 0.003358 0.002343 0.001635 0.001141 0.0007963 0.0005557 0.001283
0.004266 0.04972 0.142 0.113 0.08557 0.05994 0.04186 0.02921 0.02038 0.01423 0.009927 0.006927 0.004834 0.003374 0.002354 0.001643 0.001146 8e-04 0.0005583 0.001289
0.003993 0.04791 0.1395 0.1184 0.07926 0.06 0.04203 0.02935 0.02048 0.01429 0.009974 0.00696 0.004857 0.00339 0.002365 0.001651 0.001152 0.0008038 0.0005609 0.001295
0.003737 0.04484 0.1344 0.1163 0.08302 0.05557 0.04207 0.02947 0.02058 0.01436 0.01002 0.006993 0.00488 0.003406 0.002377 0.001658 0.001157 0.0008076 0.0005636 0.001302
0.003598 0.04196 0.1258 0.1121 0.08157 0.05821 0.03896 0.0295 0.02066 0.01443 0.01007 0.007026 0.004903 0.003422 0.002388 0.001666 0.001163 0.0008114 0.0005663 0.001308
0.003738 0.0404 0.1177 0.1049 0.07859 0.05719 0.04081 0.02732 0.02068 0.01449 0.01012 0.00706 0.004926 0.003438 0.002399 0.001674 0.001168 0.0008153 0.0005689 0.001314
0.003555 0.04197 0.1134 0.09819 0.07356 0.0551 0.0401 0.02861 0.01915 0.0145 0.01016 0.007093 0.00495 0.003454 0.00241 0.001682 0.001174 0.0008191 0.0005716 0.00132
0.00383 0.03992 0.1178 0.09453 0.06884 0.05157 0.03864 0.02812 0.02006 0.01343 0.01017 0.007121 0.004973 0.003471 0.002422 0.00169 0.001179 0.000823 0.0005743 0.001326
0.004152 0.04301 0.112 0.0982 0.06628 0.04827 0.03616 0.02709 0.01971 0.01407 0.009416 0.007128 0.004993 0.003487 0.002433 0.001698 0.001185 0.0008269 0.0005771 0.001333
0.004432 0.04662 0.1207 0.09341 0.06885 0.04647 0.03384 0.02535 0.01899 0.01382 0.009863 0.006602 0.004998 0.003501 0.002445 0.001706 0.001191 0.0008308 0.0005798 0.001339
0.003941 0.04977 0.1308 0.1006 0.06549 0.04827 0.03258 0.02373 0.01778 0.01332 0.009691 0.006915 0.004629 0.003504 0.002455 0.001714 0.001196 0.0008348 0.0005825 0.001345
0.003945 0.04425 0.1396 0.1091 0.07056 0.04592 0.03385 0.02285 0.01664 0.01246 0.009337 0.006795 0.004849 0.003246 0.002457 0.001721 0.001202 0.0008387 0.0005853 0.001352
0.003523 0.0443 0.1242 0.1164 0.07649 0.04947 0.0322 0.02373 0.01602 0.01167 0.008739 0.006547 0.004764 0.0034 0.002276 0.001723 0.001207 0.0008427 0.0005881 0.001358
0.003516 0.03956 0.1243 0.1035 0.08164 0.05363 0.03469 0.02257 0.01664 0.01123 0.008179 0.006127 0.00459 0.00334 0.002384 0.001596 0.001208 0.000846 0.0005908 0.001365
0.00388 0.03947 0.111 0.1036 0.07259 0.05724 0.0376 0.02432 0.01583 0.01167 0.007874 0.005735 0.004296 0.003218 0.002342 0.001671 0.001119 0.0008469 0.0005932 0.001371
0.003939 0.04356 0.1108 0.09256 0.07267 0.0509 0.04014 0.02637 0.01705 0.0111 0.00818 0.005521 0.004021 0.003012 0.002257 0.001642 0.001172 0.0007844 0.0005938 0.001377
0.003821 0.04423 0.1222 0.09236 0.0649 0.05095 0.03569 0.02814 0.01849 0.01196 0.007781 0.005735 0.003871 0.002819 0.002112 0.001582 0.001151 0.0008216 0.00055 0.001382
0.003693 0.04291 0.1241 0.1019 0.06476 0.0455 0.03573 0.02502 0.01973 0.01296 0.008383 0.005456 0.004021 0.002714 0.001977 0.001481 0.001109 0.0008073 0.000576 0.001355
0.004007 0.04147 0.1204 0.1035 0.07146 0.04541 0.0319 0.02505 0.01754 0.01383 0.009088 0.005878 0.003825 0.00282 0.001903 0.001386 0.001038 0.0007778 0.000566 0.001354
0.004188 0.04499 0.1164 0.1004 0.07256 0.05011 0.03184 0.02237 0.01756 0.0123 0.0097 0.006372 0.004121 0.002682 0.001977 0.001334 0.0009717 0.000728 0.0005453 0.001346
0.00408 0.04702 0.1262 0.09703 0.07039 0.05088 0.03513 0.02232 0.01568 0.01231 0.008625 0.006801 0.004468 0.002889 0.00188 0.001386 0.0009355 0.0006813 0.0005104 0.001326
0.004289 0.04581 0.1319 0.1053 0.06803 0.04935 0.03567 0.02463 0.01565 0.011 0.008634 0.006047 0.004768 0.003132 0.002026 0.001318 0.0009718 0.0006559 0.0004777 0.001288
0.004139 0.04816 0.1285 0.11 0.0738 0.0477 0.0346 0.02501 0.01727 0.01097 0.00771 0.006054 0.00424 0.003343 0.002196 0.00142 0.0009244 0.0006814 0.0004599 0.001238
0.004302 0.04648 0.1351 0.1072 0.07714 0.05175 0.03344 0.02426 0.01754 0.01211 0.007694 0.005406 0.004244 0.002973 0.002344 0.00154 0.000996 0.0006482 0.0004778 0.00119
0.004672 0.0483 0.1304 0.1127 0.07515 0.05409 0.03628 0.02345 0.01701 0.0123 0.00849 0.005395 0.00379 0.002976 0.002084 0.001644 0.00108 0.0006983 0.0004545 0.00117
0.004734 0.05246 0.1355 0.1088 0.07901 0.05269 0.03792 0.02544 0.01644 0.01193 0.008621 0.005953 0.003782 0.002658 0.002087 0.001461 0.001152 0.000757 0.0004896 0.001139
0.004554 0.05316 0.1472 0.113 0.07625 0.0554 0.03694 0.02659 0.01784 0.01153 0.008363 0.006045 0.004174 0.002652 0.001863 0.001463 0.001025 0.000808 0.0005308 0.001142
0.004536 0.05114 0.1492 0.1228 0.07925 0.05346 0.03884 0.0259 0.01864 0.01251 0.008083 0.005864 0.004238 0.002927 0.001859 0.001307 0.001026 0.0007184 0.0005665 0.001173
0.004784 0.05093 0.1435 0.1244 0.08607 0.05556 0.03748 0.02723 0.01816 0.01307 0.008768 0.005667 0.004111 0.002972 0.002052 0.001304 0.000916 0.0007192 0.0005037 0.001219
0.005018 0.05372 0.1429 0.1196 0.0872 0.06035 0.03896 0.02628 0.01909 0.01273 0.009165 0.006148 0.003973 0.002883 0.002083 0.001439 0.0009141 0.0006423 0.0005043 0.001208
0.004819 0.05634 0.1507 0.1192 0.08389 0.06114 0.04231 0.02731 0.01843 0.01339 0.008928 0.006426 0.004311 0.002786 0.002021 0.001461 0.001009 0.0006409 0.0004503 0.001201
0.005046 0.05411 0.1581 0.1257 0.08356 0.05882 0.04287 0.02967 0.01915 0.01292 0.009387 0.00626 0.004506 0.003022 0.001953 0.001417 0.001024 0.0007073 0.0004494 0.001158
0.004727 0.05666 0.1518 0.1318 0.08813 0.05859 0.04124 0.03006 0.0208 0.01343 0.009059 0.006582 0.004389 0.003159 0.002119 0.00137 0.0009936 0.0007181 0.0004959 0.001127
0.004633 0.05308 0.159 0.1266 0.09244 0.06179 0.04108 0.02892 0.02108 0.01458 0.009415 0.006352 0.004615 0.003077 0.002215 0.001486 0.0009603 0.0006966 0.0005035 0.001138
0.004843 0.05202 0.1489 0.1326 0.08876 0.06481 0.04332 0.0288 0.02027 0.01478 0.01023 0.006601 0.004453 0.003236 0.002158 0.001553 0.001042 0.0006733 0.0004884 0.001151
0.004736 0.05438 0.146 0.1242 0.09296 0.06224 0.04544 0.03038 0.02019 0.01422 0.01036 0.00717 0.004628 0.003122 0.002269 0.001513 0.001089 0.0007304 0.0004721 0.001149
1.134 13.7 36.43 28.52 20.4 15.27 10.22 7.464 4.99 3.317 2.335 1.702 1.178 0.7603 0.5129 0.3726 0.2485 0.1789 0.12 0.2663
1.139 11.66 31.88 22.62 14.55 10.41 7.79 5.215 3.808 2.545 1.692 1.191 0.8682 0.6008 0.3879 0.2617 0.1901 0.1268 0.09125 0.1971
1.156 13.91 32 23.43 13.68 8.797 6.293 4.71 3.154 2.303 1.539 1.023 0.7203 0.525 0.3633 0.2345 0.1582 0.115 0.07666 0.1743
0.9543 11.42 31.01 18.95 11.38 6.645 4.274 3.057 2.288 1.532 1.119 0.7478 0.4971 0.3499 0.2551 0.1765 0.1139 0.07687 0.05585 0.1219
0.8869 10.19 27.65 20.14 10.12 6.081 3.55 2.283 1.633 1.223 0.8185 0.5976 0.3995 0.2656 0.1869 0.1363 0.09429 0.06087 0.04107 0.09498
0.8694 10.07 26.2 19.08 11.44 5.75 3.454 2.017 1.297 0.9279 0.6945 0.465 0.3395 0.2269 0.1509 0.1062 0.07741 0.05357 0.03458 0.07729
0.8366 9.472 24.82 17.28 10.35 6.203 3.118 1.873 1.093 0.7033 0.5031 0.3765 0.2521 0.1841 0.123 0.0818 0.05758 0.04197 0.02904 0.06065
0.8819 9.528 24.32 17.05 9.758 5.845 3.504 1.761 1.058 0.6176 0.3972 0.2842 0.2127 0.1424 0.104 0.0695 0.0462 0.03252 0.02371 0.05066
0.7356 8.776 21.5 14.65 8.435 4.829 2.892 1.734 0.8714 0.5235 0.3056 0.1966 0.1406 0.1052 0.07046 0.05145 0.03439 0.02286 0.01609 0.0368
0.8204 9.222 24.76 16.28 9.135 5.261 3.012 1.804 1.081 0.5435 0.3265 0.1906 0.1226 0.0877 0.06564 0.04395 0.03209 0.02145 0.01426 0.03299
0.7984 8.562 21.65 15.42 8.326 4.671 2.69 1.54 0.9223 0.5529 0.2779 0.1669 0.09746 0.06269 0.04484 0.03356 0.02247 0.01641 0.01097 0.02416
0.7651 9.01 21.71 14.62 8.557 4.619 2.592 1.492 0.8544 0.5117 0.3068 0.1542 0.09263 0.05407 0.03478 0.02488 0.01862 0.01247 0.009104 0.01949
0.7731 7.967 21.13 13.53 7.481 4.379 2.364 1.326 0.7638 0.4372 0.2619 0.157 0.0789 0.0474 0.02767 0.0178 0.01273 0.00953 0.006381 0.01463
0.7073 8.163 19.02 13.48 7.093 3.921 2.296 1.239 0.6953 0.4004 0.2292 0.1373 0.0823 0.04136 0.02485 0.01451 0.009331 0.006675 0.004996 0.01102
0.737 7.962 20.75 12.95 7.549 3.972 2.196 1.286 0.6941 0.3894 0.2242 0.1284 0.07689 0.04609 0.02317 0.01392 0.008125 0.005226 0.003738 0.008968
0.7884 8.239 20.05 13.95 7.158 4.172 2.196 1.214 0.7106 0.3836 0.2152 0.1239 0.07096 0.0425 0.02548 0.0128 0.007693 0.004491 0.002889 0.007023
0.7625 7.989 18.9 12.27 7.016 3.599 2.098 1.104 0.6104 0.3573 0.1929 0.1082 0.06232 0.03568 0.02137 0.01281 0.006438 0.003868 0.002258 0.004984
0.8687 9.384 22.11 14.02 7.49 4.283 2.197 1.281 0.6739 0.3726 0.2181 0.1177 0.06606 0.03804 0.02178 0.01304 0.007819 0.00393 0.002361 0.00442
0.7812 8.693 21.18 13.25 6.895 3.684 2.107 1.081 0.6299 0.3315 0.1833 0.1073 0.05792 0.03249 0.01871 0.01071 0.006416 0.003846 0.001933 0.003336
0.8092 8.425 21.22 13.85 7.124 3.707 1.981 1.133 0.581 0.3386 0.1782 0.09853 0.05768 0.03114 0.01747 0.01006 0.005759 0.003449 0.002068 0.002833
0.9148 9.773 22.87 15.41 8.275 4.257 2.215 1.184 0.6768 0.3472 0.2024 0.1065 0.05888 0.03447 0.01861 0.01044 0.006012 0.003442 0.002061 0.002928
0.9595 9.897 23.71 14.71 8.138 4.368 2.247 1.169 0.6249 0.3573 0.1833 0.1068 0.05622 0.03108 0.0182 0.009823 0.005511 0.003174 0.001817 0.002634
0.9343 10.61 24.52 15.58 7.936 4.39 2.357 1.212 0.6309 0.3371 0.1927 0.09888 0.05764 0.03033 0.01677 0.009817 0.005299 0.002973 0.001712 0.002401
0.8467 9.249 23.7 14.54 7.58 3.861 2.136 1.146 0.5898 0.3069 0.164 0.09376 0.0481 0.02804 0.01475 0.008157 0.004775 0.002578 0.001446 0.002001
0.8419 9.524 23.49 16.11 8.13 4.239 2.159 1.194 0.6412 0.3299 0.1717 0.09172 0.05244 0.0269 0.01568 0.008252 0.004562 0.002671 0.001442 0.001928
0.8144 9.117 23.29 15.34 8.648 4.363 2.275 1.159 0.6411 0.3441 0.177 0.09213 0.04923 0.02815 0.01444 0.008416 0.004429 0.002449 0.001434 0.001809
0.8417 8.99 22.71 15.5 8.394 4.733 2.388 1.245 0.6343 0.3509 0.1884 0.0969 0.05042 0.02694 0.0154 0.007903 0.004606 0.002424 0.00134 0.001775
0.8151 8.645 20.93 14.13 7.927 4.293 2.421 1.221 0.6369 0.3244 0.1794 0.09633 0.04955 0.02579 0.01378 0.007878 0.004042 0.002356 0.00124 0.001593
0.9353 9.995 23.86 15.49 8.609 4.83 2.616 1.475 0.7441 0.3881 0.1976 0.1093 0.05869 0.03019 0.01571 0.008395 0.0048 0.002463 0.001435 0.001726
0.9273 9.665 23.27 14.76 7.864 4.371 2.452 1.328 0.7488 0.3778 0.197 0.1003 0.05551 0.0298 0.01533 0.007977 0.004262 0.002437 0.00125 0.001605
0.8081 9.412 22.25 14.33 7.469 3.981 2.212 1.241 0.6722 0.379 0.1912 0.09972 0.05079 0.0281 0.01508 0.007759 0.004038 0.002158 0.001234 0.001445
0.8616 9.477 24.97 15.87 8.412 4.385 2.337 1.299 0.7288 0.3947 0.2225 0.1123 0.05855 0.02982 0.0165 0.008856 0.004556 0.002371 0.001267 0.001573
0.8847 9.315 23.15 16.3 8.517 4.515 2.354 1.254 0.6971 0.3911 0.2118 0.1194 0.06026 0.03142 0.016 0.008854 0.004753 0.002445 0.001272 0.001524
0.9625 10.16 24.09 16 9.262 4.84 2.566 1.338 0.7129 0.3962 0.2223 0.1204 0.06787 0.03425 0.01786 0.009096 0.005032 0.002701 0.00139 0.001589
0.9153 10.07 23.97 15.13 8.254 4.779 2.497 1.324 0.6901 0.3678 0.2044 0.1147 0.06211 0.03502 0.01767 0.009215 0.004693 0.002596 0.001394 0.001537
0.8636 9.525 23.75 15.13 7.851 4.283 2.48 1.296 0.6869 0.3581 0.1909 0.1061 0.05951 0.03223 0.01817 0.009169 0.004781 0.002435 0.001347 0.001521
0.8715 9.643 24.1 16.14 8.466 4.393 2.396 1.387 0.7251 0.3843 0.2004 0.1068 0.05935 0.0333 0.01803 0.01017 0.00513 0.002675 0.001363 0.001605
0.9039 10.4 25.9 17.34 9.552 5.009 2.599 1.418 0.821 0.429 0.2274 0.1186 0.06319 0.03512 0.0197 0.01067 0.006016 0.003036 0.001583 0.001756
0.8624 9.043 23.52 15.57 8.555 4.714 2.472 1.283 0.6998 0.4052 0.2117 0.1122 0.05851 0.03118 0.01733 0.009724 0.005266 0.002969 0.001498 0.001648
0.9136 9.813 23.23 16.19 8.82 4.846 2.67 1.4 0.7266 0.3964 0.2295 0.1199 0.06357 0.03314 0.01766 0.009816 0.005508 0.002983 0.001682 0.001782
0.9403 10.64 25.66 16.2 9.279 5.055 2.777 1.53 0.8025 0.4164 0.2272 0.1315 0.06873 0.03643 0.01899 0.01012 0.005626 0.003157 0.001709 0.001985
0.8707 9.261 23.67 15.15 7.848 4.495 2.449 1.345 0.7413 0.3887 0.2017 0.11 0.06371 0.0333 0.01765 0.009201 0.004904 0.002725 0.001529 0.00179
0.8762 9.843 23.65 16.19 8.525 4.417 2.53 1.378 0.7572 0.4172 0.2188 0.1135 0.06193 0.03586 0.01874 0.009933 0.005178 0.00276 0.001534 0.001868
0.8865 9.402 23.87 15.32 8.623 4.54 2.352 1.347 0.734 0.4032 0.2222 0.1165 0.06046 0.03298 0.0191 0.00998 0.00529 0.002758 0.00147 0.001812
0.9368 9.922 23.75 16.13 8.514 4.792 2.523 1.307 0.7487 0.4079 0.2241 0.1235 0.06475 0.0336 0.01833 0.01061 0.005546 0.00294 0.001533 0.001824
0.9756 9.587 23.01 14.72 8.217 4.337 2.441 1.285 0.666 0.3814 0.2078 0.1142 0.06291 0.03299 0.01712 0.009338 0.005407 0.002825 0.001498 0.00171
1.055 10.97 24.42 15.75 8.292 4.629 2.443 1.375 0.7241 0.3752 0.2149 0.1171 0.06431 0.03544 0.01858 0.009644 0.005261 0.003046 0.001592 0.001807
1.148 12.23 28.65 17.09 9.065 4.774 2.665 1.407 0.7917 0.4169 0.216 0.1237 0.06739 0.03703 0.0204 0.0107 0.005552 0.003029 0.001753 0.001957
1.196 12.77 30.59 19.09 9.349 4.961 2.612 1.458 0.7697 0.4333 0.2281 0.1182 0.06769 0.03688 0.02026 0.01116 0.005854 0.003038 0.001657 0.00203
1.251 13.19 31.62 20.13 10.31 5.051 2.68 1.411 0.7877 0.4158 0.234 0.1232 0.06385 0.03657 0.01992 0.01094 0.006031 0.003163 0.001641 0.001992
1.173 12.22 29.15 18.59 9.71 4.975 2.437 1.293 0.6809 0.3801 0.2006 0.1129 0.05946 0.03081 0.01764 0.009612 0.005281 0.00291 0.001526 0.001753
1.337 14.4 33.78 21.6 11.34 5.923 3.034 1.486 0.7886 0.4153 0.2318 0.1224 0.06888 0.03627 0.01879 0.01076 0.005863 0.003221 0.001775 0.002
1.186 14.19 34.34 21.38 11.22 5.889 3.077 1.576 0.7721 0.4097 0.2157 0.1204 0.06357 0.03578 0.01884 0.009761 0.00559 0.003046 0.001673 0.001961
1.18 13.14 35.32 22.75 11.63 6.105 3.204 1.674 0.8575 0.4201 0.2229 0.1174 0.06552 0.03459 0.01947 0.01025 0.005311 0.003041 0.001657 0.001977
1.196 11.88 29.88 21.37 11.3 5.778 3.033 1.592 0.8316 0.426 0.2087 0.1107 0.05831 0.03255 0.01718 0.009672 0.005092 0.002638 0.001511 0.001806
1.111 12.97 29.19 19.69 11.59 6.128 3.133 1.645 0.8631 0.4509 0.231 0.1132 0.06004 0.03162 0.01765 0.009316 0.005244 0.002761 0.00143 0.001798
1.113 12.78 33.69 20.32 11.28 6.639 3.51 1.795 0.9421 0.4944 0.2583 0.1323 0.06482 0.03439 0.01811 0.01011 0.005337 0.003004 0.001582 0.00185
1.22 12.5 32.28 22.7 11.26 6.249 3.677 1.945 0.9942 0.5219 0.2739 0.1431 0.0733 0.03591 0.01905 0.01003 0.0056 0.002956 0.001664 0.001901
1.185 12.59 29.15 20.04 11.58 5.74 3.186 1.875 0.9914 0.5069 0.2661 0.1396 0.07295 0.03737 0.01831 0.009714 0.005115 0.002855 0.001507 0.001818
1.38 14.12 33.7 20.85 11.79 6.81 3.377 1.875 1.103 0.5833 0.2982 0.1565 0.08216 0.04292 0.02199 0.01077 0.005715 0.00301 0.00168 0.001956
