 landings-at-age - landings.n (units : NA )
1	2	
42	100	
1	20	
1 
0.005497 0.07491 0.1993 0.07957 0.18 0.2156 0.04119 0.05864 0.0228 0.0216 0.006883 0.006953 0.007065 0.001557 0.001376 0.002027 0.0006009 0.001273 0.0002937 0.001418
0.003456 0.06173 0.2102 0.1662 0.05579 0.1262 0.1512 0.02888 0.04111 0.01598 0.01514 0.004826 0.004875 0.004954 0.001092 0.0009645 0.001421 0.0004213 0.0008926 0.0012
0.02708 0.6097 2.709 2.739 1.821 0.6112 1.383 1.656 0.3164 0.4504 0.1751 0.1659 0.05287 0.05341 0.05427 0.01196 0.01057 0.01557 0.004616 0.02293
0.07328 0.587 3.269 4.287 3.639 2.419 0.8121 1.837 2.2 0.4204 0.5985 0.2327 0.2204 0.07025 0.07097 0.07211 0.0159 0.01404 0.02069 0.03659
0.3223 1.215 2.393 3.91 4.3 3.65 2.426 0.8146 1.843 2.207 0.4217 0.6003 0.2334 0.2211 0.07047 0.07118 0.07233 0.01594 0.01408 0.05746
0.3039 4.769 4.395 2.524 3.454 3.798 3.225 2.143 0.7196 1.628 1.95 0.3725 0.5303 0.2062 0.1953 0.06225 0.06288 0.0639 0.01409 0.0632
0.9601 4.219 16.09 4.297 2.064 2.825 3.107 2.637 1.753 0.5885 1.332 1.595 0.3047 0.4337 0.1686 0.1598 0.05091 0.05143 0.05226 0.06321
0.445 12.79 13.58 14.91 3.328 1.599 2.188 2.406 2.043 1.358 0.4559 1.031 1.235 0.236 0.3359 0.1306 0.1237 0.03944 0.03984 0.08944
0.4085 5.757 39.74 12.08 11.07 2.471 1.187 1.625 1.787 1.517 1.008 0.3385 0.7659 0.9172 0.1752 0.2494 0.09697 0.09188 0.02928 0.09599
0.2511 5.172 17.41 34.19 8.662 7.94 1.772 0.8513 1.165 1.281 1.088 0.7229 0.2427 0.5491 0.6576 0.1256 0.1789 0.06953 0.06588 0.08982
0.5861 3.125 15.28 14.55 23.79 6.026 5.524 1.233 0.5923 0.8105 0.8913 0.7566 0.5029 0.1688 0.382 0.4575 0.08741 0.1244 0.04837 0.1083
0.3115 7.195 9.054 12.45 9.851 16.11 4.081 3.741 0.8348 0.4011 0.5488 0.6036 0.5124 0.3406 0.1143 0.2587 0.3098 0.0592 0.08426 0.1061
0.515 3.78 20.49 7.206 8.225 6.509 10.64 2.696 2.472 0.5516 0.265 0.3626 0.3988 0.3385 0.225 0.07555 0.1709 0.2047 0.03911 0.1258
0.7261 6.189 10.6 15.96 4.653 5.312 4.203 6.873 1.741 1.596 0.3562 0.1711 0.2342 0.2575 0.2186 0.1453 0.04878 0.1104 0.1322 0.1065
1.515 8.653 17.11 8.09 10.09 2.94 3.357 2.656 4.343 1.1 1.009 0.2251 0.1081 0.148 0.1627 0.1382 0.09183 0.03083 0.06976 0.1508
1.236 17.92 23.61 12.81 5.008 6.244 1.82 2.078 1.644 2.689 0.6811 0.6244 0.1393 0.06694 0.09161 0.1007 0.08553 0.05685 0.01909 0.1366
2.314 14.53 48.29 17.35 7.773 3.04 3.79 1.105 1.261 0.998 1.632 0.4134 0.379 0.08457 0.04063 0.0556 0.06115 0.05191 0.0345 0.09447
1.329 27.03 38.69 34.86 10.33 4.629 1.81 2.256 0.6579 0.751 0.5943 0.9717 0.2462 0.2256 0.05036 0.02419 0.03311 0.03641 0.03091 0.0768
0.7269 15.45 71.2 27.45 20.38 6.038 2.705 1.058 1.319 0.3845 0.4389 0.3473 0.568 0.1439 0.1319 0.02943 0.01414 0.01935 0.02128 0.06295
1.94 8.403 40.25 49.68 15.76 11.69 3.466 1.553 0.6071 0.7569 0.2207 0.2519 0.1994 0.326 0.08258 0.0757 0.01689 0.008116 0.01111 0.04835
0.7697 22.32 21.67 27.62 28.01 8.884 6.594 1.954 0.8755 0.3423 0.4268 0.1244 0.142 0.1124 0.1838 0.04656 0.04268 0.009525 0.004576 0.03352
1.673 8.391 54.46 14 14.64 14.84 4.708 3.494 1.036 0.4639 0.1814 0.2262 0.06594 0.07527 0.05957 0.0974 0.02467 0.02262 0.005048 0.02019
0.334 18.24 20.47 35.18 7.418 7.758 7.866 2.495 1.852 0.5488 0.2459 0.09614 0.1199 0.03495 0.03989 0.03157 0.05162 0.01308 0.01199 0.01337
0.7242 3.642 44.5 13.22 18.64 3.931 4.111 4.169 1.322 0.9813 0.2908 0.1303 0.05095 0.06352 0.01852 0.02114 0.01673 0.02735 0.006929 0.01344
0.4637 7.895 8.886 28.74 7.008 9.879 2.083 2.179 2.209 0.7007 0.5201 0.1541 0.06905 0.027 0.03366 0.009814 0.0112 0.008865 0.0145 0.01079
2.521 5.056 19.26 5.739 15.23 3.714 5.235 1.104 1.155 1.171 0.3713 0.2756 0.08167 0.03659 0.01431 0.01784 0.005201 0.005937 0.004698 0.0134
0.3493 27.49 12.34 12.44 3.042 8.071 1.968 2.774 0.5851 0.6118 0.6204 0.1968 0.146 0.04328 0.01939 0.007582 0.009453 0.002756 0.003146 0.009592
0.6941 3.809 67.07 7.968 6.594 1.612 4.277 1.043 1.47 0.3101 0.3242 0.3288 0.1043 0.0774 0.02294 0.01028 0.004018 0.00501 0.001461 0.006751
1.053 7.567 9.293 43.32 4.222 3.494 0.8542 2.267 0.5527 0.7792 0.1643 0.1718 0.1742 0.05526 0.04102 0.01215 0.005446 0.002129 0.002655 0.004352
0.2225 11.48 18.46 6.002 22.96 2.238 1.852 0.4527 1.201 0.2929 0.4129 0.08707 0.09106 0.09233 0.02929 0.02174 0.006441 0.002886 0.001128 0.003713
0.9267 2.425 28.02 11.93 3.181 12.17 1.186 0.9814 0.2399 0.6366 0.1552 0.2188 0.04614 0.04826 0.04893 0.01552 0.01152 0.003414 0.001529 0.002566
0.4398 10.1 5.918 18.1 6.32 1.686 6.447 0.6284 0.5201 0.1271 0.3373 0.08226 0.116 0.02445 0.02557 0.02593 0.008225 0.006104 0.001809 0.00217
0.2537 4.794 24.65 3.822 9.59 3.349 0.8933 3.416 0.333 0.2756 0.06737 0.1788 0.04359 0.06145 0.01296 0.01355 0.01374 0.004359 0.003235 0.002109
0.8037 2.766 11.7 15.92 2.026 5.082 1.775 0.4734 1.811 0.1765 0.1461 0.0357 0.09474 0.0231 0.03257 0.006868 0.007182 0.007282 0.00231 0.002832
0.1565 8.762 6.749 7.556 8.438 1.073 2.693 0.9405 0.2509 0.9595 0.09352 0.0774 0.01892 0.05021 0.01224 0.01726 0.003639 0.003806 0.003859 0.002725
0.1755 1.707 21.38 4.359 4.004 4.472 0.5689 1.427 0.4984 0.1329 0.5085 0.04956 0.04102 0.01003 0.02661 0.006488 0.009146 0.001929 0.002017 0.003489
0.6435 1.913 4.164 13.81 2.31 2.122 2.37 0.3015 0.7563 0.2641 0.07045 0.2695 0.02626 0.02174 0.005313 0.0141 0.003438 0.004847 0.001022 0.002918
0.4984 7.015 4.668 2.69 7.318 1.224 1.125 1.256 0.1598 0.4008 0.14 0.03734 0.1428 0.01392 0.01152 0.002816 0.007472 0.001822 0.002568 0.002088
0.6111 5.433 17.12 3.015 1.425 3.878 0.6488 0.5959 0.6655 0.08466 0.2124 0.07418 0.01979 0.07567 0.007376 0.006104 0.001492 0.00396 0.0009656 0.002468
0.3204 6.662 13.26 11.06 1.598 0.7554 2.055 0.3438 0.3158 0.3527 0.04487 0.1126 0.03931 0.01049 0.0401 0.003909 0.003235 0.0007908 0.002098 0.001819
0.3809 3.41 15.9 8.379 5.733 0.8285 0.3917 1.066 0.1783 0.1638 0.1829 0.02327 0.05837 0.02039 0.005437 0.0208 0.002027 0.001678 0.0004101 0.002032
0.2352 4.054 8.162 10.11 4.373 2.992 0.4323 0.2044 0.5561 0.09304 0.08546 0.09544 0.01214 0.03046 0.01064 0.002837 0.01085 0.001058 0.0008754 0.001274
0.1766 2.503 9.729 5.217 5.306 2.296 1.571 0.227 0.1073 0.292 0.04885 0.04487 0.05011 0.006375 0.01599 0.005586 0.00149 0.005698 0.0005554 0.001129
0.5633 1.879 6.023 6.253 2.756 2.804 1.213 0.83 0.1199 0.05671 0.1543 0.02581 0.02371 0.02648 0.003368 0.00845 0.002951 0.0007871 0.003011 0.0008898
0.4446 5.996 4.534 3.893 3.324 1.465 1.49 0.6448 0.4412 0.06376 0.03014 0.08201 0.01372 0.0126 0.01407 0.00179 0.004492 0.001569 0.0004184 0.002073
0.7123 4.732 14.5 2.946 2.082 1.778 0.7836 0.7971 0.3449 0.236 0.0341 0.01612 0.04386 0.007338 0.00674 0.007527 0.0009576 0.002402 0.000839 0.001333
0.3128 7.581 11.48 9.477 1.585 1.12 0.9566 0.4216 0.4289 0.1856 0.127 0.01835 0.008675 0.0236 0.003948 0.003627 0.00405 0.0005153 0.001293 0.001169
0.3275 3.329 18.43 7.538 5.13 0.8582 0.6064 0.5178 0.2282 0.2322 0.1004 0.06873 0.009932 0.004696 0.01278 0.002137 0.001963 0.002192 0.0002789 0.001332
0.2425 3.484 8.114 12.17 4.105 2.793 0.4673 0.3302 0.282 0.1243 0.1264 0.0547 0.03743 0.005408 0.002557 0.006957 0.001164 0.001069 0.001194 0.0008774
0.2655 2.579 8.512 5.387 6.668 2.248 1.53 0.256 0.1809 0.1545 0.06808 0.06925 0.02996 0.0205 0.002962 0.001401 0.003811 0.0006375 0.0005856 0.001135
0.3055 2.823 6.316 5.681 2.968 3.674 1.239 0.843 0.141 0.09966 0.0851 0.03751 0.03815 0.01651 0.0113 0.001632 0.0007717 0.0021 0.0003512 0.0009477
0.379 3.247 6.93 4.237 3.148 1.645 2.036 0.6865 0.4671 0.07815 0.05522 0.04716 0.02078 0.02114 0.009148 0.006259 0.0009045 0.0004276 0.001163 0.0007198
0.4126 4.027 7.988 4.672 2.361 1.754 0.9165 1.134 0.3826 0.2603 0.04355 0.03077 0.02628 0.01158 0.01178 0.005098 0.003488 0.000504 0.0002383 0.00105
0.616 4.38 9.926 5.413 2.618 1.323 0.9831 0.5136 0.6357 0.2144 0.1459 0.02441 0.01725 0.01473 0.006491 0.006603 0.002857 0.001955 0.0002825 0.0007217
0.204 6.536 10.82 6.759 3.05 1.475 0.7456 0.554 0.2894 0.3582 0.1208 0.08221 0.01375 0.009718 0.008299 0.003658 0.003721 0.00161 0.001101 0.0005659
0.1456 2.163 16.18 7.403 3.829 1.728 0.8359 0.4224 0.3138 0.164 0.203 0.06844 0.04657 0.007792 0.005506 0.004701 0.002072 0.002108 0.000912 0.0009446
0.3024 1.543 5.362 11.12 4.216 2.181 0.9841 0.4761 0.2406 0.1787 0.09338 0.1156 0.03898 0.02652 0.004438 0.003136 0.002678 0.00118 0.0012 0.001057
0.3702 3.2 3.831 3.703 6.365 2.413 1.248 0.5634 0.2725 0.1377 0.1023 0.05346 0.06617 0.02231 0.01518 0.00254 0.001795 0.001533 0.0006756 0.001293
0.5596 3.913 7.96 2.657 2.13 3.662 1.388 0.7182 0.3241 0.1568 0.07922 0.05886 0.03075 0.03806 0.01284 0.008735 0.001461 0.001033 0.0008818 0.001132
