Originally  
101 
A 
42	100	
1	1	NA	NA	
1	20	
1 0.06522 0.3587 0.587 0.2609 0.424 0.6196 0.2609 0.1304 0.2283 0.1957 0 0.06522 0.03261 0 0 0 0 0.03261 0 0
1 0.08395 0.2728 0.6086 0.2518 0.1679 0.3568 0.1889 0.04197 0.04197 0.02099 0 0 0 0.02099 0 0 0 0.02099 0 0.02099
1 0.02355 0.2827 0.4475 0.6124 0.1413 0.1178 0.212 0.3062 0.07066 0.07066 0 0 0.02355 0.04711 0 0 0 0 0 0
1 0 0.05905 0.3543 0.3149 0.4724 0.2756 0 0.1378 0.1771 0.01968 0.03937 0.03937 0.01968 0 0.01968 0.03937 0 0 0 0
1 0.07359 0.01472 0.1619 0.1913 0.1913 0.1913 0.1913 0.05887 0.103 0.1913 0 0.02943 0.07359 0 0 0 0 0 0 0
1 0.01213 0.279 0.1819 0.1213 0.1334 0.08491 0.1092 0.08491 0.01213 0.07278 0.09704 0 0.01213 0 0 0.01213 0 0 0 0
1 0.07706 0.488 0.8733 0.3082 0.1541 0.1541 0.1798 0.05137 0.1027 0 0.02569 0.07706 0.02569 0 0 0.02569 0 0 0.02569 0
1 0.06998 0.6298 0.5598 0.4898 0.14 0 0.04665 0.04665 0.1166 0.04665 0.02333 0.02333 0.0933 0.02333 0.02333 0 0 0 0 0
1 0.04915 0.1229 1.204 0.344 0.4423 0.04915 0.02457 0.04915 0.02457 0.07372 0.02457 0.02457 0.02457 0 0 0 0 0 0 0
1 0 0.1412 0.3137 0.6432 0.1726 0.1569 0.06275 0.01569 0 0.01569 0.01569 0.01569 0 0 0 0 0.01569 0 0 0
1 0.01435 0.1004 0.3157 0.287 0.4304 0.1148 0.05739 0.05739 0 0.01435 0.0287 0 0.01435 0 0 0 0 0 0 0
1 0.02156 0.1078 0.1833 0.2696 0.1186 0.2264 0.05391 0.05391 0.01078 0 0 0.01078 0.02156 0 0 0 0 0 0 0
1 0.04402 0.05869 0.5282 0.1321 0.2054 0.1761 0.1907 0.04402 0.02934 0.01467 0 0 0.01467 0 0.01467 0 0 0.01467 0 0
1 0.02393 0.2154 0.1555 0.2393 0.04786 0.1077 0.1077 0.2034 0.03589 0.02393 0.02393 0 0 0 0 0.01196 0 0 0 0
1 0.03306 0.1874 0.2865 0.1323 0.1543 0.01102 0.09919 0.03306 0.1102 0.01102 0.03306 0 0 0.01102 0 0 0 0 0 0
1 0 0.5041 0.3457 0.1728 0.05762 0.1296 0.0144 0.05762 0.02881 0.08642 0.02881 0 0 0 0.0144 0 0 0 0 0
1 0.1558 0.4867 0.5451 0.292 0.1168 0.1168 0.05841 0.07788 0.01947 0.03894 0.01947 0 0.01947 0 0 0 0 0 0 0
1 0.01473 0.4419 0.3388 0.4567 0.08839 0.07366 0.01473 0.02946 0 0 0 0 0 0.01473 0 0 0 0 0 0
1 0.1113 0.2226 1.002 0.423 0.2226 0.06678 0.04452 0.04452 0.04452 0 0.02226 0.02226 0 0 0 0 0 0 0 0
1 0.06495 0.1299 0.3507 0.4676 0.1689 0.06495 0.02598 0 0.01299 0 0.01299 0 0 0 0 0 0 0 0 0
1 0.04722 0.4879 0.2361 0.2046 0.3935 0.1574 0.01574 0.01574 0 0 0 0 0 0 0 0 0.01574 0 0 0
1 0.05256 0.1156 0.473 0.08409 0.1577 0.1472 0.01051 0 0 0 0.01051 0 0 0 0 0 0 0 0 0
1 0.01982 0.2577 0.1189 0.337 0.04956 0.09911 0.02973 0 0.02973 0.02973 0.009911 0 0 0 0 0 0.009911 0 0 0
1 0.009769 0.1075 0.4396 0.1661 0.127 0.03908 0.04885 0.02931 0.009769 0 0 0 0 0 0 0 0 0 0 0
1 0.006175 0.1297 0.08028 0.1976 0.04323 0.08028 0.01235 0.03088 0.01853 0.006175 0 0.006175 0 0 0 0.006175 0 0 0 0
1 0.08488 0.1306 0.1502 0.03264 0.1436 0.03264 0.03264 0.01959 0 0.006529 0 0.006529 0.01306 0 0 0 0 0 0 0
1 0 0.3674 0.1367 0.1111 0.06835 0.06835 0.05126 0.03417 0.008543 0 0 0 0 0 0.008543 0 0 0 0 0
1 0.009163 0.04582 0.6506 0.04582 0.07331 0 0.06414 0.009163 0 0.009163 0.009163 0 0 0 0 0 0 0 0 0
1 0.05075 0.2233 0.1015 0.4872 0.0609 0.0406 0 0.01015 0.01015 0.01015 0 0 0.0203 0 0 0 0 0 0 0
1 0.005989 0.1437 0.1497 0.04791 0.1916 0 0.01797 0.005989 0.02994 0.005989 0 0 0 0 0 0 0 0 0 0
1 0.03455 0.03455 0.311 0.1313 0.03455 0.1313 0.01382 0 0 0 0 0 0 0 0 0 0 0 0 0
1 0.03032 0.1743 0.09853 0.2956 0.0379 0 0.09095 0.007579 0.007579 0 0.007579 0 0.007579 0 0 0 0 0 0 0
1 0.01205 0.0783 0.265 0.04216 0.1446 0.01205 0.006023 0.03012 0 0 0.006023 0 0 0.006023 0 0 0 0 0 0
1 0.04774 0.06896 0.1326 0.191 0.02122 0.04774 0.01591 0 0.005304 0 0 0 0 0 0 0 0 0 0 0
1 0 0.1475 0.1475 0.1038 0.08739 0.005462 0.03823 0.01092 0 0.005462 0 0 0 0 0 0 0 0 0 0
1 0 0.03736 0.2159 0.05397 0.04567 0.02906 0 0.01661 0.004151 0 0.01245 0 0 0 0 0 0 0 0 0
1 0.0408 0.0306 0.034 0.1598 0.0136 0.0204 0.017 0.0034 0.0068 0.0102 0.0034 0 0 0 0 0 0 0 0 0
1 0.01228 0.09207 0.05524 0.01841 0.06752 0.02148 0.03069 0.003069 0.003069 0 0.003069 0 0 0 0 0 0 0 0 0
1 0.01208 0.0725 0.1148 0.03323 0.0151 0.03323 0.006042 0.009063 0.003021 0 0.003021 0 0 0 0 0 0 0 0 0
1 0.006695 0.09707 0.09373 0.08034 0.01339 0.01339 0.02008 0 0.003347 0.006695 0 0 0 0 0 0 0 0 0 0
1 0.01009 0.06053 0.2623 0.1211 0.02522 0.01513 0.005044 0 0.005044 0 0 0 0 0 0 0 0 0 0 0
1 0.01052 0.1104 0.1367 0.1314 0.0999 0.02629 0.005258 0 0 0.005258 0 0 0 0 0 0 0 0 0 0
1 0.007062 0.03178 0.1271 0.08122 0.05297 0.03178 0.01766 0 0 0.003531 0 0 0 0 0 0 0 0 0 0
1 0.01881 0.02419 0.06182 0.08332 0.02957 0.02957 0.01075 0.01075 0 0 0 0 0 0 0 0 0 0 0 0
1 0.02223 0.08613 0.04167 0.05001 0.04167 0.01111 0.01111 0.008335 0 0.005557 0 0 0 0 0 0 0 0 0 0
1 0.02661 0.1197 0.2129 0.01774 0.02217 0.02217 0.004435 0.008869 0.008869 0 0 0 0 0 0 0 0 0 0 0
1 0.003528 0.12 0.1129 0.07057 0.01764 0.01058 0.01411 0 0 0 0 0.003528 0 0 0 0 0 0 0 0
1 0.03997 0.06662 0.3598 0.1332 0.01999 0.01332 0.01999 0 0.006662 0.006662 0 0 0 0 0 0 0 0 0 0
1 0.01737 0.07815 0.07815 0.165 0.04776 0.03473 0.004341 0 0.004341 0 0 0.004341 0 0 0 0 0 0 0 0
1 0.009994 0.05663 0.0966 0.06329 0.06995 0.01999 0.009994 0 0 0.003331 0 0 0 0 0.003331 0 0 0 0 0
1 0.02029 0.1014 0.1217 0.08622 0.06086 0.05579 0.02536 0.02536 0 0 0.005072 0 0.005072 0 0 0 0 0 0 0
1 0.02541 0.07624 0.1228 0.07201 0.02965 0.03812 0.02965 0.02118 0 0 0.004236 0 0.004236 0 0 0 0 0 0 0
1 0.006422 0.06743 0.09633 0.07385 0.0289 0.01927 0.006422 0.01284 0.006422 0.003211 0 0 0 0 0 0 0 0 0 0
1 0.03244 0.1362 0.24 0.1298 0.03244 0.02595 0.01946 0 0.01298 0.006488 0.006488 0.006488 0 0 0 0 0 0 0 0
1 0.01638 0.1584 0.1802 0.08191 0.04914 0.0273 0.02184 0 0.00546 0 0 0 0 0.00546 0 0 0 0 0 0
1 0.01387 0.02774 0.2034 0.1295 0.04623 0.009247 0.01849 0 0.004623 0 0.009247 0 0 0 0 0 0 0 0 0
1 0.00891 0.03119 0.06683 0.2005 0.07128 0.03564 0.00891 0.01337 0.004455 0.004455 0 0 0 0 0 0 0 0 0 0
1 0.01076 0.1022 0.1076 0.06457 0.1507 0.04305 0.03767 0.005381 0.005381 0.005381 0 0 0 0.005381 0 0 0 0 0 0
1 0.02827 0.0848 0.1649 0.0424 0.04711 0.06124 0.03298 0 0.004711 0 0.004711 0 0 0 0 0 0 0 0 0
