 landings-at-age - landings.n (units : NA )
1	2	
42	100	
1	20	
1 
1.364 15.56 33.84 13.96 18.22 11.16 10.77 3.272 3.749 1.828 1.522 1.26 0.741 0.5158 0.2907 0.2407 0.1376 0.1847 0.1359 0.2174
1.894 16.65 42.71 24.87 8.439 11.02 6.746 6.515 1.979 2.267 1.106 0.9202 0.7622 0.4481 0.3119 0.1758 0.1456 0.08323 0.1117 0.2137
1.526 18.71 37.13 25.29 12.08 4.1 5.351 3.277 3.165 0.9612 1.101 0.5371 0.447 0.3703 0.2177 0.1515 0.0854 0.07072 0.04044 0.1581
0.5574 16.3 45.31 24.12 13.51 6.455 2.19 2.859 1.751 1.691 0.5135 0.5884 0.2869 0.2388 0.1978 0.1163 0.08095 0.04562 0.03778 0.106
0.6273 6.332 41.91 31.27 13.7 7.674 3.667 1.244 1.624 0.9947 0.9605 0.2917 0.3343 0.163 0.1357 0.1124 0.06606 0.04599 0.02592 0.08171
2.184 6.834 15.6 27.63 16.95 7.428 4.161 1.988 0.6746 0.8806 0.5393 0.5208 0.1582 0.1812 0.08838 0.07356 0.06093 0.03582 0.02493 0.05835
0.7471 24.87 17.55 10.71 15.61 9.576 4.195 2.35 1.123 0.381 0.4974 0.3046 0.2942 0.08934 0.1024 0.04992 0.04155 0.03441 0.02023 0.04704
0.9359 7.435 56.11 10.57 5.301 7.723 4.739 2.076 1.163 0.5557 0.1886 0.2461 0.1507 0.1456 0.04421 0.05066 0.0247 0.02056 0.01703 0.03329
0.9537 11.73 20.97 42.5 6.591 3.306 4.817 2.956 1.295 0.7253 0.3466 0.1176 0.1535 0.09401 0.09079 0.02757 0.03159 0.01541 0.01282 0.03139
0.6794 9.953 27.54 13.07 21.73 3.37 1.691 2.463 1.511 0.6621 0.3709 0.1772 0.06013 0.07849 0.04807 0.04642 0.0141 0.01615 0.007878 0.02261
0.6698 7.667 25.23 18.6 7.249 12.06 1.87 0.938 1.366 0.8385 0.3673 0.2058 0.09833 0.03336 0.04355 0.02667 0.02576 0.007822 0.008963 0.01691
1.041 6.975 17.98 15.73 9.517 3.71 6.171 0.9569 0.48 0.6993 0.4291 0.188 0.1053 0.05032 0.01707 0.02229 0.01365 0.01318 0.004003 0.01324
1.051 10.99 16.65 11.47 8.244 4.989 1.945 3.235 0.5016 0.2516 0.3666 0.2249 0.09855 0.0552 0.02638 0.00895 0.01168 0.007155 0.00691 0.009041
0.6023 11.83 27.95 11.34 6.424 4.617 2.794 1.089 1.812 0.2809 0.1409 0.2053 0.126 0.05519 0.03092 0.01477 0.005013 0.006543 0.004008 0.008934
1.335 6.733 29.8 18.79 6.267 3.55 2.552 1.544 0.602 1.001 0.1553 0.0779 0.1135 0.06964 0.03051 0.01709 0.008166 0.002771 0.003617 0.007153
0.6429 13.53 15.45 18.24 9.45 3.151 1.785 1.283 0.7766 0.3027 0.5035 0.07808 0.03917 0.05706 0.03501 0.01534 0.008593 0.004106 0.001393 0.005415
0.8733 7.912 37.44 11.45 11.13 5.768 1.923 1.09 0.7833 0.474 0.1848 0.3073 0.04766 0.02391 0.03483 0.02137 0.009363 0.005245 0.002506 0.004156
0.744 8.739 17.86 22.44 5.634 5.476 2.837 0.9461 0.536 0.3853 0.2332 0.09089 0.1512 0.02344 0.01176 0.01713 0.01051 0.004606 0.00258 0.003277
0.93 8.024 21.33 11.68 12.06 3.029 2.944 1.525 0.5087 0.2882 0.2071 0.1254 0.04886 0.08128 0.0126 0.006323 0.009211 0.005652 0.002476 0.003149
0.9341 11.23 21.78 15.5 6.977 7.21 1.81 1.759 0.9116 0.304 0.1722 0.1238 0.07491 0.0292 0.04857 0.007532 0.003778 0.005504 0.003378 0.003361
0.5912 10.11 27.25 14.01 8.181 3.683 3.806 0.9556 0.9288 0.4812 0.1605 0.09091 0.06535 0.03955 0.01542 0.02564 0.003976 0.001995 0.002906 0.003558
0.8676 6.537 25.04 17.91 7.558 4.413 1.987 2.053 0.5156 0.5011 0.2596 0.08657 0.04905 0.03526 0.02134 0.008316 0.01383 0.002145 0.001076 0.003487
0.7857 8.588 14.6 14.84 8.712 3.677 2.147 0.9666 0.9988 0.2508 0.2437 0.1263 0.04211 0.02386 0.01715 0.01038 0.004045 0.006729 0.001043 0.00222
0.5649 8.838 21.81 9.927 8.301 4.873 2.056 1.201 0.5406 0.5586 0.1403 0.1363 0.07063 0.02355 0.01334 0.009592 0.005805 0.002263 0.003763 0.001825
0.6648 6.117 21.61 14.24 5.328 4.455 2.615 1.104 0.6445 0.2902 0.2998 0.07528 0.07317 0.03791 0.01264 0.007162 0.005148 0.003115 0.001214 0.003
1.083 7.339 15.24 14.38 7.795 2.916 2.438 1.431 0.6041 0.3527 0.1588 0.1641 0.0412 0.04005 0.02075 0.006919 0.00392 0.002818 0.001705 0.002306
0.5318 11.12 17.08 9.48 7.356 3.986 1.491 1.247 0.732 0.3089 0.1804 0.08121 0.08393 0.02107 0.02048 0.01061 0.003538 0.002005 0.001441 0.002052
0.7685 6.521 30.7 12.64 5.776 4.482 2.429 0.9087 0.7598 0.446 0.1882 0.1099 0.04948 0.05114 0.01284 0.01248 0.006465 0.002156 0.001221 0.002128
0.9774 7.941 15.18 18.99 6.42 2.933 2.276 1.233 0.4613 0.3858 0.2264 0.09556 0.0558 0.02512 0.02596 0.006518 0.006335 0.003283 0.001095 0.001701
0.9579 9.921 18.29 9.348 9.61 3.249 1.484 1.152 0.6242 0.2335 0.1953 0.1146 0.04837 0.02824 0.01272 0.01314 0.003299 0.003207 0.001662 0.001415
1.185 11.23 26.32 13.04 5.489 5.643 1.908 0.8716 0.6763 0.3665 0.1371 0.1146 0.0673 0.0284 0.01658 0.007467 0.007716 0.001937 0.001883 0.001806
0.6003 12.81 27.44 17.18 6.998 2.946 3.028 1.024 0.4677 0.363 0.1967 0.07358 0.06153 0.03612 0.01524 0.0089 0.004007 0.004141 0.00104 0.00198
1.507 6.894 33.13 18.96 9.763 3.977 1.674 1.721 0.5819 0.2658 0.2063 0.1118 0.04182 0.03497 0.02053 0.008662 0.005058 0.002277 0.002353 0.001716
1.429 15.77 16.27 20.81 9.785 5.037 2.052 0.8638 0.888 0.3003 0.1372 0.1064 0.05768 0.02158 0.01804 0.01059 0.00447 0.00261 0.001175 0.0021
0.9473 14.87 37.19 10.27 10.8 5.077 2.614 1.065 0.4482 0.4608 0.1558 0.07117 0.05522 0.02993 0.0112 0.009362 0.005496 0.002319 0.001354 0.001699
0.9423 10.58 37.63 25.28 5.744 6.043 2.841 1.462 0.5958 0.2508 0.2578 0.08717 0.03982 0.0309 0.01674 0.006265 0.005238 0.003075 0.001298 0.001709
1.035 11.25 28.41 27.07 14.96 3.399 3.576 1.681 0.8653 0.3525 0.1484 0.1526 0.05158 0.02356 0.01828 0.009908 0.003707 0.003099 0.001819 0.001779
0.7251 10.36 25.43 17.08 13.36 7.383 1.677 1.765 0.8296 0.4271 0.174 0.07323 0.07529 0.02546 0.01163 0.009023 0.00489 0.001829 0.00153 0.001776
0.9555 8.251 26.61 17.51 9.675 7.566 4.182 0.95 0.9995 0.4699 0.2419 0.09854 0.04148 0.04264 0.01442 0.006586 0.005111 0.00277 0.001036 0.001872
0.8057 11.13 21.58 18.55 10.03 5.545 4.336 2.397 0.5445 0.5728 0.2693 0.1386 0.05647 0.02377 0.02444 0.008264 0.003775 0.002929 0.001587 0.001667
0.7533 7.935 24.75 12.74 8.987 4.86 2.686 2.101 1.161 0.2638 0.2775 0.1305 0.06716 0.02736 0.01152 0.01184 0.004003 0.001829 0.001419 0.001576
0.85 8.516 20.26 16.93 7.168 5.058 2.735 1.512 1.182 0.6534 0.1484 0.1562 0.07342 0.0378 0.0154 0.006481 0.006663 0.002253 0.001029 0.001686
0.9282 9.121 20.65 13.13 9.018 3.817 2.694 1.457 0.8051 0.6296 0.348 0.07906 0.08317 0.0391 0.02013 0.0082 0.003452 0.003549 0.0012 0.001446
0.8506 10.39 23.04 13.95 7.295 5.012 2.122 1.497 0.8096 0.4474 0.3499 0.1934 0.04394 0.04622 0.02173 0.01119 0.004557 0.001918 0.001972 0.00147
0.625 8.705 24.09 14.28 7.109 3.716 2.553 1.081 0.7627 0.4124 0.2279 0.1782 0.09853 0.02238 0.02355 0.01107 0.005699 0.002322 0.0009772 0.001754
0.3915 7.025 22.17 16.49 8.044 4.005 2.094 1.438 0.6088 0.4296 0.2323 0.1284 0.1004 0.0555 0.01261 0.01327 0.006236 0.00321 0.001308 0.001538
0.9349 4.537 18.36 15.51 9.492 4.631 2.305 1.205 0.8281 0.3505 0.2473 0.1338 0.07392 0.05781 0.03195 0.007259 0.007637 0.00359 0.001848 0.001639
0.8006 10.41 11.35 12.23 8.489 5.194 2.534 1.262 0.6595 0.4531 0.1918 0.1353 0.0732 0.04045 0.03163 0.01749 0.003972 0.004179 0.001965 0.001908
0.917 8.831 25.76 7.467 6.605 4.586 2.806 1.369 0.6815 0.3563 0.2448 0.1036 0.07312 0.03954 0.02185 0.01709 0.009446 0.002146 0.002258 0.002092
0.9948 8.957 19.51 15.14 3.603 3.187 2.213 1.354 0.6605 0.3288 0.1719 0.1181 0.04999 0.03528 0.01908 0.01054 0.008245 0.004557 0.001035 0.002099
0.87 12.22 24.75 14.46 9.235 2.197 1.944 1.35 0.8257 0.4029 0.2006 0.1048 0.07204 0.03049 0.02152 0.01164 0.006431 0.005029 0.00278 0.001912
0.7228 9.231 29.14 15.66 7.512 4.797 1.142 1.01 0.7011 0.4289 0.2093 0.1042 0.05447 0.03742 0.01584 0.01118 0.006045 0.003341 0.002612 0.002437
0.5133 8.01 22.98 19.3 8.522 4.087 2.61 0.6211 0.5494 0.3814 0.2334 0.1139 0.05668 0.02963 0.02036 0.008618 0.006081 0.003289 0.001818 0.002747
0.4435 5.167 18.22 13.9 9.588 4.234 2.031 1.297 0.3086 0.2729 0.1895 0.1159 0.05657 0.02816 0.01472 0.01012 0.004282 0.003021 0.001634 0.002268
0.5748 4.811 12.7 12 7.539 5.198 2.296 1.101 0.703 0.1673 0.148 0.1027 0.06286 0.03067 0.01527 0.007982 0.005484 0.002321 0.001638 0.002116
0.9141 6.611 12.49 8.841 6.877 4.319 2.978 1.315 0.6307 0.4028 0.09584 0.08478 0.05886 0.03601 0.01757 0.008747 0.004573 0.003142 0.00133 0.00215
0.9885 10.27 16.71 8.421 4.897 3.809 2.392 1.65 0.7285 0.3494 0.2231 0.05309 0.04696 0.0326 0.01995 0.009733 0.004845 0.002533 0.00174 0.001928
0.8422 10.21 23.93 10.37 4.293 2.497 1.942 1.22 0.8411 0.3714 0.1781 0.1137 0.02707 0.02394 0.01662 0.01017 0.004962 0.00247 0.001291 0.00187
0.6596 10.04 27.32 17.12 6.102 2.526 1.469 1.143 0.7176 0.4948 0.2185 0.1048 0.06692 0.01592 0.01409 0.00978 0.005984 0.00292 0.001453 0.00186
