Originally  
101 
A 
42	100	
1	1	NA	NA	
1	20	
1 0.04379 0.4598 0.613 0.3284 0.1752 0.1314 0.197 0.08758 0.04379 0.02189 0.04379 0 0.02189 0 0 0 0 0 0.02189 0
1 0.04368 0.415 0.7862 0.3058 0.2402 0.04368 0.06552 0.08736 0.08736 0.02184 0.02184 0.02184 0 0.02184 0 0 0 0 0.02184 0
1 0.05314 0.4074 0.4605 0.4074 0.1063 0.1063 0.1063 0.08857 0 0 0.01771 0 0 0 0 0 0 0 0.01771 0
1 0.06073 0.2581 0.5466 0.2126 0.1974 0.0911 0.04555 0.04555 0.03037 0.01518 0.01518 0 0 0 0 0 0 0 0 0
1 0.01156 0.2774 0.2081 0.3005 0.1156 0.1272 0.02312 0.03468 0.02312 0.02312 0 0 0.01156 0 0 0 0 0 0 0
1 0 0.2151 0.7745 0.4733 0.3442 0.1076 0.1291 0.02151 0.06454 0 0 0 0 0 0 0 0.02151 0 0 0
1 0.02554 0.2171 0.2682 0.2299 0.2043 0.1149 0.1022 0.05108 0.02554 0 0.01277 0 0 0.01277 0.01277 0 0 0 0 0
1 0.01117 0.2234 0.3462 0.201 0.1229 0.04467 0.1117 0.01117 0.01117 0.02234 0 0 0.01117 0 0 0 0 0 0 0
1 0.03656 0.2072 0.4143 0.2437 0.1097 0.07311 0.07311 0.01219 0.02437 0 0.02437 0 0 0 0 0 0 0 0 0
1 0.01476 0.2952 0.3395 0.3543 0.1771 0.07381 0.08857 0.01476 0.04428 0.02952 0 0.02952 0 0.01476 0 0 0 0 0 0
1 0.009222 0.1752 0.3228 0.1937 0.083 0.06456 0.009222 0.02767 0.009222 0.01844 0.009222 0 0 0 0 0 0 0 0 0
1 0.04425 0.1504 0.3274 0.1593 0.07964 0.04425 0.0354 0.02655 0.008849 0 0.008849 0 0 0 0 0 0 0 0 0
1 0.02672 0.1514 0.3028 0.1871 0.1069 0.06235 0.02672 0.008907 0.008907 0.008907 0 0 0 0 0 0 0 0 0 0
1 0.04524 0.1357 0.3167 0.2827 0.1696 0.1018 0.02262 0.03393 0.01131 0 0.01131 0 0 0 0 0 0 0 0 0
1 0.02474 0.1815 0.2062 0.2144 0.09897 0.04124 0.02474 0.008248 0.008248 0.008248 0 0 0 0 0.008248 0 0 0 0 0
1 0.07956 0.3342 0.541 0.3182 0.1273 0.1273 0.04774 0.01591 0 0 0 0 0 0 0 0 0 0 0 0
1 0.0392 0.1666 0.2352 0.2254 0.1372 0.0784 0.0294 0.0392 0.0196 0 0 0 0 0.0098 0 0 0 0 0 0
1 0.02016 0.1815 0.363 0.1311 0.1613 0.08066 0.02016 0.04033 0.01008 0 0 0 0 0 0 0 0 0 0 0
1 0.01856 0.1423 0.1794 0.1485 0.06187 0.02475 0.02475 0.01237 0.006187 0 0 0 0 0 0 0 0 0 0 0
1 0.03455 0.1727 0.2764 0.1555 0.095 0.06046 0.04318 0 0 0.01727 0 0.008637 0 0 0 0 0 0 0 0
1 0.02601 0.2991 0.4031 0.2861 0.143 0.07802 0.013 0 0.02601 0.013 0.013 0 0 0 0 0 0 0 0 0
1 0.005925 0.1422 0.1659 0.08888 0.07703 0.05925 0.0237 0.01778 0.005925 0.005925 0 0 0 0 0 0 0 0 0 0
1 0.01411 0.1482 0.2681 0.1411 0.0635 0.04233 0.02822 0 0 0 0 0 0 0 0 0 0 0 0 0
1 0.03456 0.2506 0.2246 0.2074 0.06912 0.0432 0.00864 0.01728 0.00864 0 0 0 0 0 0 0 0 0 0 0
1 0.03765 0.09036 0.241 0.2033 0.06777 0.06024 0.02259 0.00753 0.01506 0 0.00753 0 0 0 0 0 0 0 0 0
1 0.04909 0.2291 0.1718 0.1636 0.09 0.06545 0.008182 0.01636 0.01636 0.008182 0 0 0 0 0 0 0 0 0 0
1 0.0245 0.1796 0.245 0.1062 0.08166 0.04899 0.07349 0.03266 0.01633 0.008166 0 0 0 0 0 0 0 0 0 0
1 0.01716 0.1458 0.2659 0.2488 0.08579 0.05147 0.01716 0.008579 0 0.01716 0 0 0 0 0 0 0 0 0 0
1 0.03413 0.1621 0.2304 0.145 0.1706 0.03413 0.008532 0.0256 0.01706 0.008532 0.008532 0.008532 0 0 0 0 0 0 0 0
1 0.005999 0.114 0.228 0.138 0.05399 0.036 0.012 0.012 0 0 0 0 0 0 0 0 0 0 0 0
1 0.02412 0.1447 0.2814 0.1528 0.1126 0.07237 0.01608 0 0 0 0 0 0 0 0 0 0 0 0 0
1 0.03159 0.1895 0.2369 0.1422 0.1027 0.03949 0.03159 0 0.0158 0 0 0 0 0 0 0 0 0 0 0
1 0.01546 0.1856 0.2319 0.1392 0.1314 0.02319 0.03093 0 0 0.007732 0.007732 0 0 0 0 0 0 0 0 0
1 0.02005 0.1537 0.2473 0.09358 0.04679 0.04011 0.02674 0.03342 0 0 0.006685 0 0 0 0 0 0 0 0 0
1 0.02251 0.1651 0.2701 0.1351 0.05252 0.06753 0.01501 0.01501 0 0 0 0 0.007503 0 0 0 0 0 0 0
1 0.05293 0.1361 0.2193 0.1361 0.0983 0.03024 0.04537 0.03024 0 0 0 0 0 0.007561 0 0 0 0 0 0
1 0.01685 0.1769 0.2948 0.1937 0.08423 0.03369 0.02527 0 0.01685 0 0 0 0 0 0 0 0 0 0 0
1 0.03272 0.1963 0.2945 0.2836 0.07635 0.12 0.05453 0.01091 0.01091 0 0.01091 0 0 0 0 0 0 0 0 0
1 0.01991 0.219 0.2788 0.229 0.1195 0.04978 0.02987 0 0.01991 0.01991 0 0 0.009956 0 0 0 0 0 0 0
1 0.03738 0.1869 0.2056 0.1963 0.1682 0.04673 0.04673 0.009346 0.01869 0 0.009346 0 0.009346 0 0 0 0 0 0 0
1 0.04227 0.1691 0.3382 0.1797 0.09511 0.1374 0.01057 0.06341 0 0 0.02114 0 0 0 0 0 0 0 0 0
1 0.03203 0.2349 0.3737 0.2029 0.09609 0.03203 0.05338 0 0.02135 0.01068 0 0.01068 0 0 0 0 0 0 0 0
1 0.03263 0.1631 0.1436 0.1109 0.1044 0.04568 0.0261 0.006526 0.01958 0 0 0 0 0 0 0 0 0 0 0
1 0.02473 0.1484 0.2968 0.4081 0.1731 0.06183 0.06183 0.0371 0.01237 0.01237 0 0 0 0 0 0 0 0 0 0
1 0.03295 0.2307 0.3734 0.1977 0.09885 0.05492 0.0659 0 0.01098 0.01098 0 0 0.01098 0 0.01098 0 0 0 0 0
1 0.03583 0.206 0.2687 0.206 0.08062 0.03583 0.04479 0.008958 0.008958 0 0 0 0 0 0 0 0 0 0 0
1 0.02497 0.1199 0.1498 0.08991 0.06493 0.00999 0.01998 0.00999 0.00999 0 0 0 0 0 0 0 0 0 0 0
1 0.01961 0.1863 0.2451 0.2647 0.1078 0.05882 0.02941 0.01961 0.01961 0.01961 0 0 0 0 0.009803 0 0 0 0 0
1 0.01691 0.09582 0.2198 0.09582 0.07327 0.05073 0.01127 0 0 0 0 0 0 0 0 0 0 0 0 0
1 0.04363 0.1236 0.2618 0.1382 0.05817 0.0509 0.02182 0.02182 0 0 0 0 0.007272 0 0 0 0 0 0 0
1 0.01727 0.1468 0.3195 0.1295 0.1036 0.01727 0.01727 0.07771 0.008634 0.008634 0.01727 0 0 0 0 0 0 0 0 0
1 0.02871 0.2392 0.3732 0.1435 0.04785 0.05742 0.02871 0.03828 0 0 0 0 0 0 0 0 0 0 0 0
1 0.03163 0.2003 0.3163 0.2425 0.137 0.06325 0.01054 0.01054 0.03163 0.01054 0 0 0 0 0 0 0 0 0 0
1 0.01925 0.1733 0.4043 0.1059 0.1348 0.06739 0.01925 0.009627 0.009627 0.009627 0 0 0.009627 0 0 0 0 0 0 0
1 0.05509 0.1259 0.2833 0.1967 0.04722 0.06296 0.00787 0.00787 0 0 0 0 0 0 0 0 0 0 0 0
1 0.006555 0.1442 0.2163 0.1442 0.08522 0.01967 0.02622 0.01311 0 0 0 0 0 0 0 0 0 0 0 0
1 0.04332 0.2274 0.2707 0.2274 0.1191 0.1083 0.03249 0.03249 0.01083 0.01083 0 0 0 0 0 0 0 0 0 0
1 0.02393 0.1276 0.2952 0.1994 0.06382 0.05584 0.01595 0.01595 0 0 0 0 0 0 0 0 0 0 0 0
1 0.03394 0.1867 0.2291 0.2036 0.05091 0.08484 0.03394 0.008484 0.01697 0 0 0 0 0 0 0 0 0 0 0
