Originally  
101 
A 
2	100	
1	1	NA	NA	
1	20	
1 489.5 363.2 268.4 142.1 94.74 63.16 94.74 31.58 0 15.79 0 0 0 15.79 0 0 0 0 0 0
1 432.7 311 108.2 135.2 94.66 94.66 40.57 13.52 27.05 40.57 13.52 0 13.52 0 13.52 0 13.52 0 0 0
1 459.7 183.9 149.4 149.4 57.46 80.45 22.99 22.99 0 0 11.49 0 0 0 0 0 0 0 11.49 0
1 529 340 415.6 151.1 94.46 56.67 132.2 75.57 18.89 0 0 18.89 18.89 37.78 0 0 0 0 0 0
1 224.4 324.1 162.1 174.5 124.7 74.8 74.8 12.47 12.47 37.4 0 0 12.47 12.47 0 0 0 0 0 0
1 452.7 169.8 226.3 226.3 56.59 56.59 70.73 28.29 56.59 14.15 42.44 14.15 0 0 0 0 0 0 0 0
1 609.3 194.5 103.7 64.82 129.6 25.93 51.86 51.86 0 25.93 0 12.96 25.93 0 0 0 0 0 0 0
1 400 622.2 133.3 59.25 44.44 59.25 88.88 14.81 14.81 14.81 29.63 0 0 0 0 0 0 0 0 0
1 290.6 249.1 359.8 96.87 55.35 110.7 41.52 27.68 55.35 55.35 27.68 0 0 0 0 0 0 0 0 13.84
1 326.6 235.2 196 261.3 39.19 13.06 65.32 78.38 26.13 26.13 0 0 13.06 13.06 13.06 0 0 0 0 0
1 577.6 313.6 231 148.5 231 66.01 0 0 0 0 33.01 16.5 0 16.5 0 0 0 0 0 16.5
1 217.2 336.7 152.1 76.04 65.17 141.2 43.45 10.86 10.86 0 21.72 10.86 0 0 0 0 0 0 0 0
1 412.5 233.8 247.5 137.5 82.51 82.51 123.8 0 0 27.5 13.75 0 13.75 0 0 0 0 0 0 0
1 435.1 435.1 180 225.1 45.01 60.02 15 30.01 15 0 30.01 0 15 0 15 0 0 0 0 0
1 226.3 286.7 316.9 135.8 241.4 90.53 45.26 45.26 75.44 0 15.09 0 15.09 0 15.09 0 0 0 0 0
1 132.9 156.3 156.3 85.98 62.53 78.16 31.26 7.816 15.63 23.45 15.63 0 0 0 0 0 7.816 7.816 0 0
1 530.3 116.4 129.3 155.2 181.1 25.87 25.87 38.8 0 38.8 0 25.87 12.93 0 0 0 0 0 0 12.93
1 271.1 348.5 193.6 103.3 142 77.45 38.72 90.36 12.91 12.91 0 0 0 0 0 0 0 0 0 0
1 352.2 261.3 181.8 45.44 68.16 90.89 45.44 34.08 22.72 11.36 0 0 0 11.36 0 0 0 11.36 0 0
1 525.7 229.2 161.8 134.8 40.44 80.88 67.4 40.44 26.96 26.96 13.48 0 0 0 0 0 0 0 0 0
1 481.9 269.3 226.8 127.6 85.04 70.87 42.52 28.35 42.52 0 28.35 0 14.17 0 0 0 0 0 0 0
1 308 513.3 234.7 161.3 73.34 44 29.33 14.67 29.33 0 14.67 0 0 14.67 14.67 0 0 0 0 14.67
1 265.4 141.6 185.8 88.48 53.09 35.39 35.39 8.848 8.848 26.54 8.848 0 17.7 0 8.848 0 0 0 0 0
1 456.8 192.4 132.2 132.2 120.2 48.09 24.04 36.07 24.04 0 24.04 0 12.02 0 0 0 0 0 0 0
1 208.3 355.3 98 122.5 110.3 134.8 98 24.5 12.25 12.25 0 36.75 0 0 12.25 0 0 0 0 0
1 609 171.8 312.3 93.69 78.07 93.69 124.9 15.61 15.61 46.84 0 0 0 0 0 0 0 0 0 0
1 485.5 337.2 148.3 121.4 53.94 26.97 40.46 13.49 53.94 13.49 13.49 0 0 0 0 13.49 13.49 0 0 13.49
1 321.5 192.9 182.2 42.86 96.44 32.15 42.86 53.58 53.58 0 10.72 10.72 10.72 0 0 10.72 0 0 0 10.72
1 300.8 323.9 127.3 104.1 80.98 104.1 34.71 23.14 11.57 23.14 0 11.57 11.57 0 0 0 0 0 0 0
1 530.3 406.6 371.2 70.71 212.1 35.36 53.03 35.36 0 0 17.68 0 17.68 0 17.68 0 0 0 0 0
1 352.3 274 143.5 182.6 65.23 78.28 39.14 65.23 13.05 13.05 26.09 13.05 26.09 13.05 0 0 0 0 0 0
1 569 158 268.7 189.7 158 110.6 31.61 15.8 47.41 15.8 0 0 15.8 0 0 0 0 0 0 0
1 617 332.2 189.9 126.6 63.28 110.7 31.64 31.64 15.82 31.64 0 0 15.82 15.82 0 0 0 0 0 0
1 415.5 256.6 220 97.77 61.11 48.89 73.33 0 0 0 24.44 0 12.22 0 0 0 0 12.22 0 0
1 382.5 349.2 216.2 232.8 182.9 166.3 33.26 16.63 16.63 49.89 0 16.63 0 0 0 0 0 0 0 0
1 350.2 365.4 228.4 243.6 76.13 91.36 60.9 45.68 0 15.23 15.23 0 30.45 0 0 0 0 0 0 0
1 323.7 173.4 138.7 185 150.3 92.48 23.12 34.68 23.12 0 0 0 11.56 0 0 0 0 0 0 0
1 607.3 216.9 86.75 159.1 173.5 43.38 28.92 28.92 72.3 0 0 14.46 0 0 0 14.46 0 0 0 0
1 433.7 273.9 34.24 91.3 91.3 79.89 57.07 22.83 11.41 22.83 0 11.41 11.41 0 0 0 0 0 0 0
1 519.7 288.7 288.7 101 43.31 57.74 57.74 28.87 0 0 28.87 0 14.44 14.44 0 0 0 0 0 0
1 237.2 187.8 148.2 187.8 69.18 29.65 39.53 29.65 9.883 9.883 19.77 0 9.883 0 0 0 0 0 0 9.883
1 329 219.3 142.6 98.69 142.6 54.83 0 21.93 21.93 10.97 0 21.93 21.93 0 0 0 10.97 0 0 0
1 326.7 411.9 213.1 241.5 99.43 42.61 14.2 0 42.61 0 0 14.2 14.2 0 0 0 0 0 0 0
1 430.6 193 341.5 133.6 148.5 74.23 59.39 0 0 0 89.08 0 0 0 0 0 14.85 0 0 0
1 427.1 240.9 98.55 109.5 43.8 43.8 54.75 10.95 21.9 0 0 10.95 0 10.95 0 0 10.95 0 0 10.95
1 490.3 252.6 237.7 148.6 118.9 59.43 59.43 44.57 29.71 29.71 0 0 14.86 0 0 0 0 0 0 0
1 386.1 210.6 187.2 152.1 58.49 81.89 35.1 23.4 23.4 11.7 0 0 0 0 0 0 0 0 0 0
1 439.8 320.9 178.3 71.32 59.44 23.77 23.77 35.66 11.89 11.89 0 0 0 11.89 0 0 0 0 0 0
1 458.3 336.9 148.3 188.7 53.91 26.96 26.96 26.96 0 26.96 26.96 0 0 0 0 26.96 0 0 0 0
1 519.1 205.2 205.2 48.29 60.36 84.5 24.14 12.07 12.07 0 12.07 0 24.14 0 0 0 0 0 0 0
1 520 385.8 285.2 234.8 83.87 33.55 67.1 33.55 16.77 16.77 0 0 0 0 0 0 0 0 0 0
1 696 311 103.7 103.7 44.43 74.04 59.24 29.62 29.62 0 0 14.81 0 0 14.81 0 0 0 0 0
1 265.4 285 167.1 58.97 88.45 68.8 19.66 0 0 19.66 9.828 0 0 0 0 0 0 0 0 0
1 428.3 271.2 299.8 99.93 99.93 114.2 42.83 14.28 14.28 28.55 0 0 14.28 0 0 0 0 0 0 0
1 712.4 237.5 271.4 271.4 50.88 33.92 33.92 16.96 16.96 16.96 16.96 0 0 16.96 0 0 0 0 0 0
1 769.3 487.8 281.4 112.6 131.3 37.52 0 37.52 0 0 0 0 0 0 18.76 0 0 0 0 0
1 251.2 423.1 251.2 119 92.54 119 26.44 26.44 13.22 0 0 0 0 0 0 0 0 0 0 0
1 452.9 185.8 162.6 104.5 46.45 58.07 81.3 23.23 23.23 23.23 0 0 0 0 0 0 0 0 0 0
1 276 401.5 175.7 175.7 37.64 87.83 25.09 37.64 12.55 12.55 0 0 0 0 0 0 0 0 0 12.55
1 468.8 222 135.7 98.69 135.7 86.35 12.34 24.67 24.67 0 0 0 0 0 12.34 0 0 0 12.34 0
1 238.7 281.3 68.19 59.67 42.62 93.76 34.1 8.524 8.524 0 0 8.524 0 0 0 0 0 8.524 0 0
1 615.3 164.1 177.8 54.7 164.1 95.72 27.35 0 13.67 41.02 13.67 0 0 0 0 0 0 0 0 0
1 637.7 637.7 102.8 246.8 61.71 61.71 82.28 41.14 61.71 61.71 41.14 0 0 20.57 0 0 0 0 0 0
1 224.9 330.8 317.5 105.8 105.8 119.1 39.69 13.23 26.46 0 0 26.46 13.23 0 0 0 0 0 0 0
1 394.5 106.6 170.6 181.3 63.98 63.98 21.33 31.99 21.33 0 0 0 10.66 0 0 0 0 0 0 0
1 252 234.6 26.07 121.7 95.59 34.76 26.07 34.76 34.76 0 0 0 0 0 0 8.69 0 0 0 0
1 482.2 406.8 226 45.21 60.27 150.7 0 45.21 30.14 0 30.14 0 0 0 0 15.07 15.07 0 0 0
1 297.1 215.1 163.9 102.4 51.22 40.97 81.95 10.24 30.73 10.24 0 10.24 10.24 0 0 0 0 0 0 0
1 326.6 183.7 132.7 163.3 112.3 20.41 30.62 20.41 0 0 10.21 10.21 0 0 10.21 0 0 0 0 0
1 121.8 194.9 48.73 103.5 54.82 24.36 18.27 6.091 18.27 6.091 12.18 0 0 0 0 0 0 0 0 0
1 313.5 147.5 212.1 92.2 9.22 36.88 18.44 0 18.44 46.1 9.22 9.22 0 9.22 0 0 0 0 0 0
1 258.9 221.9 101.7 138.7 27.74 92.46 18.49 18.49 9.246 9.246 18.49 9.246 0 0 0 0 0 0 0 0
1 768.9 421.1 183.1 73.23 128.1 109.8 91.53 36.61 18.31 0 0 0 0 0 0 0 0 0 0 0
1 433.9 433.9 149.6 209.5 74.82 89.78 44.89 14.96 14.96 0 14.96 14.96 0 0 0 0 0 0 0 0
1 261.5 326.9 300.8 78.46 130.8 26.15 91.53 39.23 13.08 13.08 13.08 0 0 0 0 0 13.08 0 0 0
1 333.3 229.8 229.8 126.4 57.46 80.45 34.48 11.49 0 34.48 0 0 0 11.49 0 0 0 0 0 0
1 466.2 138.6 176.4 163.8 151.2 25.2 62.99 25.2 25.2 12.6 0 12.6 0 0 0 0 0 0 0 0
1 364.9 247.2 141.2 117.7 105.9 129.5 23.54 23.54 11.77 0 11.77 0 0 0 0 0 0 0 0 0
1 563.4 366.2 112.7 84.51 112.7 70.43 56.34 14.09 14.09 0 14.09 0 0 0 0 0 0 0 0 0
1 440.2 592 151.8 75.9 45.54 151.8 30.36 0 0 0 0 0 15.18 0 15.18 0 0 0 0 0
1 518.9 281.7 266.9 163.1 88.95 44.48 44.48 0 29.65 0 44.48 0 0 0 0 0 0 0 0 0
1 956.7 436.7 124.8 187.2 166.4 0 124.8 41.59 0 0 0 0 20.8 0 0 20.8 0 0 0 0
1 368.8 586.7 301.7 150.9 100.6 67.05 33.53 16.76 33.53 16.76 0 0 0 0 0 0 0 0 0 0
1 246.7 296.1 296.1 123.4 98.7 37.01 37.01 12.34 12.34 37.01 24.67 12.34 0 0 0 0 0 0 0 0
1 392.9 131 235.8 288.2 117.9 39.29 65.49 13.1 0 13.1 0 0 0 13.1 0 0 0 0 0 0
1 720.4 245.6 261.9 98.23 81.86 98.23 65.49 32.74 0 16.37 0 0 16.37 0 0 0 0 0 0 0
1 433.1 602.6 395.5 75.33 207.1 94.16 37.66 0 37.66 0 0 0 0 0 0 0 0 0 0 0
1 413.4 127.2 159 74.2 63.6 63.6 63.6 42.4 10.6 21.2 0 10.6 0 0 0 0 0 0 0 10.6
1 320.4 331.5 110.5 110.5 88.4 44.2 33.15 33.15 33.15 0 0 0 0 0 0 0 0 0 0 0
1 475.3 390.5 237.7 84.88 220.7 152.8 33.95 50.93 33.95 0 16.98 0 0 0 0 0 0 0 0 0
1 436.8 145.6 145.6 100.8 22.4 56 78.4 22.4 22.4 44.8 33.6 0 11.2 0 0 0 0 0 0 0
1 204.2 354.6 150.4 171.9 75.22 32.24 42.98 10.75 10.75 0 0 10.75 0 0 0 0 0 0 0 10.75
1 516.4 245.3 232.4 116.2 25.82 38.73 25.82 25.82 38.73 0 12.91 0 0 0 12.91 0 0 0 0 0
1 133.6 411.2 113.1 164.5 92.51 30.84 20.56 0 0 30.84 0 20.56 0 10.28 0 0 0 0 0 0
1 514.3 87.8 363.7 87.8 100.3 0 25.09 25.09 0 12.54 12.54 12.54 0 12.54 0 0 0 0 0 0
1 503.5 431.5 100.7 201.4 57.54 57.54 57.54 0 0 28.77 0 0 0 0 0 0 0 0 0 0
1 402.6 282.9 87.04 43.52 130.6 32.64 43.52 43.52 0 0 0 10.88 10.88 0 0 0 0 0 0 0
1 430.5 416.2 244 129.2 43.05 71.75 43.05 14.35 0 0 14.35 28.7 0 0 0 0 0 0 0 0
1 308.4 336.4 392.4 182.2 42.05 56.06 56.06 14.02 0 14.02 0 0 0 0 0 0 0 0 0 0
