# Number of parameters = 177  Objective function value = 6328.47  Maximum gradient component = 0.000461447
# sel_params[1]:
0.00170325128189
# sel_params[2]:
0.171214283421
# sel_params[3]:
0.529168884411
# sel_params[4]:
0.653297583974
# sel_params[5]:
1.00000000000
# sel_params[6]:
1.00000000000
# sel_params[7]:
1.00000000000
# sel_params[8]:
1.00000000000
# sel_params[9]:
0.0747444610789
# sel_params[10]:
1.00000000000
# sel_params[11]:
0.347340730160
# sel_params[12]:
0.157645433101
# sel_params[13]:
0.106535419209
# sel_params[14]:
0.0763615302299
# sel_params[15]:
0.0502937897942
# sel_params[16]:
0.0284104199703
# log_Fmult_year1:
 -2.17274764477 -1.73269489236
# log_Fmult_devs:
 0.600768087140 0.565109690566 0.441384326558 -0.0653585235663 -0.0401342392982 0.192878415497 -0.154145615763 -0.0573656309023 -0.0330927233930 0.114637658530 -0.466027544125 0.0901244961668 0.182932067466 -0.496326851079 0.548080479203 -0.675082693298 0.132148896027 -0.121087562109 0.344742110918 -0.608143732948 -0.194359570533 0.279797732259 0.0238601565637 0.108986525472 -0.354592773094 0.191582997704 0.00502666898673 -0.189798255384 -0.117995517991 0.608334510788 0.132549418328 -0.0845846870417 -0.129516253452 0.0436381599747 -0.00277332359588 0.189523729839 -0.0358222256469 0.160723984867 -0.0656588102409 -0.0474833339695 0.112347202986 -0.139386105147 0.0259437743079 0.366959197292 -0.613232744418 -0.298066087920 -0.0402235573405 -0.146053365627 -0.318758372384
 -0.00474964526946 0.100185274915 -0.219065344705 -0.285754648191 -0.557449559622 0.208750719792 0.567683952305 -0.302278169425 0.513132177607 0.624508284900 0.974016499206 -0.0748343597890 -0.400250581501 0.420292609227 0.276249121580 -0.0510220071353 -0.570924386384 -1.26853165416 -0.500811499001 0.738114717853 -0.243252506797 0.164792081321 0.304950533153 0.00981133848772 -0.352161281593 -0.581606232791 0.375278985214 0.273157195595 -0.130538183605 -0.549645044408 -0.782596245476 0.475921799124 0.487451262033 -0.0768105802204 -0.750021362389 0.864888972151 -0.278784585900 -0.785670460733 0.709376434805 -0.128706478138 0.116863366659 0.661761662202 -1.16952150007 -0.800550354152 0.0763111278448 -0.617128596475 -1.93405186669 1.68850541383 -0.569470879982
# log_recruit_devs:
 0.250740402483 0.156252992358 0.899254221552 -0.0751091029822 0.0652823502951 -0.543379050433 0.960561581299 -0.648539849698 -0.691448544548 -0.624578510675 -1.01739517625 -0.769973835687 0.355380999704 0.545940536518 -1.02061815189 0.357197576742 -0.0539916555848 0.0275212433904 -0.345172104899 0.725462122426 0.201660589863 -0.126016679173 0.0947238878732 0.485734129186 0.512012027282 0.477552055362 0.295472499261 -0.296613677723 -0.451405947164 -0.296772352054 0.815190443232 0.0334837110214 0.0507455677508 -0.759086246610 0.280470099510 -0.836935773344 -0.797110654098 -0.0261252212000 0.317514613913 -0.323097303611 -0.631240516142 0.132519222040 -0.954313004173 0.0159522043804 1.45988412866 -0.145298837178 -0.0231097433094 1.15417271415 0.0787761439660 0.707873874204
# log_N_year1_devs:
 0.713252999266 0.268803008794 -0.0608557194688 -0.548198657897 -0.0641056333333 -0.0605221666511 -0.371349638182
# log_q_year1:
 -12.1031995225 -11.8123753077
# log_q_devs:
 0.00000000000 0.00000000000 0.00000000000 0.00000000000 0.00000000000 0.00000000000 0.00000000000 0.00000000000 0.00000000000 0.00000000000 0.00000000000 0.00000000000 0.00000000000 0.00000000000 0.00000000000 0.00000000000 0.00000000000 0.00000000000 0.00000000000 0.00000000000 0.00000000000 0.00000000000 0.00000000000 0.00000000000 0.00000000000 0.00000000000 0.00000000000 0.00000000000 0.00000000000
 0.00000000000 0.00000000000 0.00000000000 0.00000000000 0.00000000000 0.00000000000 0.00000000000 0.00000000000 0.00000000000 0.00000000000 0.00000000000 0.00000000000 0.00000000000 0.00000000000 0.00000000000 0.00000000000 0.00000000000 0.00000000000 0.00000000000 0.00000000000 0.00000000000 0.00000000000 0.00000000000 0.00000000000 0.00000000000 0.00000000000 0.00000000000 0.00000000000 0.00000000000
# index_sel_params[1]:
0.00000000000
# index_sel_params[2]:
0.336787387065
# index_sel_params[3]:
0.726025263539
# index_sel_params[4]:
0.999999887121
# index_sel_params[5]:
1.00000000000
# index_sel_params[6]:
1.00000000000
# index_sel_params[7]:
1.00000000000
# index_sel_params[8]:
1.00000000000
# index_sel_params[9]:
2.77980737124
# index_sel_params[10]:
0.410733364008
# log_SR_scaler:
13.9632320539
# SR_steepness:
0.644219590579
