 landings-at-age - landings.n (units : NA )
1	2	
42	100	
1	20	
1 
0.003948 0.04501 0.1204 0.09241 0.06633 0.04707 0.03362 0.02578 0.01797 0.01231 0.008886 0.005793 0.003411 0.002523 0.001761 0.001289 0.0009588 0.00065 0.0004518 0.001054
0.004026 0.04433 0.1263 0.1004 0.06479 0.04651 0.03301 0.02357 0.01807 0.0126 0.008634 0.00623 0.004062 0.002391 0.001769 0.001234 0.000904 0.0006723 0.0004558 0.001056
0.06663 0.7102 1.946 1.645 1.1 0.7099 0.5095 0.3616 0.2582 0.198 0.1381 0.09459 0.06826 0.0445 0.0262 0.01938 0.01352 0.009904 0.007365 0.01656
0.134 1.444 3.808 3.079 2.186 1.462 0.9432 0.677 0.4805 0.3431 0.2631 0.1834 0.1257 0.09069 0.05912 0.03481 0.02575 0.01797 0.01316 0.03179
0.2028 2.222 5.89 4.554 3.088 2.193 1.466 0.9461 0.679 0.4819 0.3442 0.2639 0.184 0.1261 0.09097 0.0593 0.03492 0.02583 0.01802 0.04509
0.2972 3.001 8.039 6.211 4.023 2.728 1.937 1.295 0.8358 0.5999 0.4257 0.304 0.2331 0.1625 0.1114 0.08036 0.05239 0.03084 0.02282 0.05575
0.3689 4.125 10.12 7.859 5.08 3.291 2.231 1.585 1.059 0.6836 0.4906 0.3482 0.2487 0.1907 0.1329 0.09108 0.06573 0.04285 0.02523 0.06426
0.4575 4.913 13.28 9.386 6.087 3.935 2.549 1.728 1.227 0.8204 0.5295 0.38 0.2697 0.1926 0.1477 0.103 0.07055 0.05091 0.03319 0.06932
0.519 5.919 15.27 11.81 6.969 4.52 2.922 1.892 1.283 0.9113 0.6092 0.3931 0.2822 0.2003 0.143 0.1097 0.07646 0.05238 0.0378 0.07611
0.5615 6.571 17.9 13.14 8.47 4.997 3.241 2.095 1.357 0.9201 0.6534 0.4368 0.2819 0.2023 0.1436 0.1025 0.07863 0.05482 0.03756 0.08168
0.5989 6.989 19.42 14.96 9.139 5.892 3.476 2.255 1.457 0.944 0.6401 0.4546 0.3039 0.1961 0.1408 0.09989 0.07134 0.0547 0.03814 0.08295
0.7664 7.352 20.25 15.82 10.13 6.189 3.99 2.354 1.527 0.9869 0.6393 0.4335 0.3078 0.2058 0.1328 0.09532 0.06765 0.04831 0.03704 0.082
0.8303 9.301 20.94 16.12 10.45 6.692 4.089 2.636 1.555 1.009 0.6521 0.4224 0.2864 0.2034 0.136 0.08774 0.06298 0.0447 0.03192 0.07866
0.8667 9.978 26.08 16.31 10.41 6.748 4.322 2.641 1.702 1.004 0.6514 0.4211 0.2728 0.185 0.1313 0.0878 0.05666 0.04067 0.02886 0.07141
0.8911 10.33 27.59 19.9 10.31 6.577 4.265 2.731 1.669 1.076 0.6347 0.4116 0.2661 0.1724 0.1169 0.083 0.05548 0.03581 0.0257 0.06336
0.9989 10.54 28.18 20.65 12.32 6.38 4.071 2.64 1.691 1.033 0.666 0.3929 0.2548 0.1647 0.1067 0.07236 0.05138 0.03435 0.02217 0.05514
1.024 11.74 28.41 20.71 12.53 7.479 3.872 2.471 1.602 1.026 0.627 0.4042 0.2385 0.1547 0.09998 0.06476 0.04392 0.03119 0.02085 0.04692
1.113 11.97 31.26 20.51 12.33 7.463 4.453 2.306 1.471 0.9541 0.611 0.3733 0.2407 0.142 0.0921 0.05953 0.03856 0.02615 0.01857 0.04035
1.222 12.93 31.52 22.18 11.99 7.207 4.362 2.603 1.348 0.86 0.5576 0.3571 0.2182 0.1407 0.083 0.05383 0.0348 0.02254 0.01528 0.03444
1.237 14.13 33.7 21.99 12.73 6.879 4.136 2.504 1.494 0.7734 0.4936 0.3201 0.205 0.1252 0.08074 0.04764 0.03089 0.01997 0.01294 0.02854
1.237 14.23 36.44 23.13 12.4 7.179 3.879 2.332 1.412 0.8423 0.4361 0.2783 0.1805 0.1156 0.07061 0.04553 0.02686 0.01742 0.01126 0.02339
1.267 13.48 34.72 23.54 12.26 6.57 3.804 2.055 1.236 0.7481 0.4463 0.2311 0.1475 0.09563 0.06124 0.03742 0.02413 0.01423 0.009231 0.01836
1.238 13.82 32.89 22.43 12.47 6.495 3.482 2.016 1.089 0.655 0.3964 0.2365 0.1225 0.07816 0.05068 0.03246 0.01983 0.01279 0.007543 0.01462
1.203 13.5 33.71 21.25 11.88 6.611 3.442 1.845 1.068 0.5772 0.3471 0.2101 0.1254 0.0649 0.04142 0.02686 0.0172 0.01051 0.006776 0.01175
1.174 13.12 32.94 21.77 11.26 6.298 3.503 1.824 0.9778 0.5662 0.3059 0.1839 0.1113 0.06643 0.03439 0.02195 0.01423 0.009115 0.005569 0.009816
1.122 12.8 32.01 21.28 11.54 5.967 3.338 1.857 0.9667 0.5182 0.3 0.1621 0.09748 0.059 0.0352 0.01823 0.01163 0.007543 0.00483 0.008153
1.034 12.23 31.23 20.67 11.28 6.115 3.162 1.769 0.9839 0.5123 0.2746 0.159 0.08591 0.05166 0.03127 0.01866 0.009659 0.006164 0.003997 0.006881
1.051 11.28 29.84 20.17 10.96 5.976 3.241 1.676 0.9373 0.5214 0.2715 0.1455 0.08426 0.04553 0.02738 0.01657 0.009886 0.005119 0.003267 0.005765
1.029 11.46 27.51 19.27 10.69 5.806 3.167 1.717 0.888 0.4967 0.2763 0.1439 0.07712 0.04465 0.02413 0.01451 0.008781 0.005239 0.002713 0.004786
1.025 11.22 27.96 17.77 10.21 5.665 3.077 1.678 0.9101 0.4706 0.2632 0.1464 0.07624 0.04087 0.02366 0.01279 0.007688 0.004653 0.002776 0.003974
1.024 11.18 27.38 18.06 9.418 5.413 3.002 1.63 0.8894 0.4823 0.2494 0.1395 0.0776 0.0404 0.02166 0.01254 0.006775 0.004074 0.002466 0.003577
1.127 11.16 27.28 17.68 9.571 4.991 2.869 1.591 0.864 0.4713 0.2556 0.1322 0.07393 0.04112 0.02141 0.01148 0.006646 0.003591 0.002159 0.003203
1.154 12.29 27.24 17.62 9.371 5.072 2.645 1.52 0.8431 0.4579 0.2498 0.1354 0.07004 0.03918 0.02179 0.01135 0.006083 0.003522 0.001903 0.002841
1.17 12.58 29.99 17.6 9.337 4.966 2.688 1.402 0.8056 0.4468 0.2427 0.1324 0.07177 0.03712 0.02076 0.01155 0.006013 0.003223 0.001866 0.002514
1.207 12.76 30.69 19.37 9.325 4.948 2.632 1.424 0.7428 0.4269 0.2368 0.1286 0.07014 0.03804 0.01967 0.011 0.00612 0.003187 0.001708 0.002321
1.302 13.16 31.12 19.82 10.27 4.941 2.622 1.395 0.7549 0.3936 0.2262 0.1255 0.06815 0.03717 0.02016 0.01042 0.00583 0.003243 0.001689 0.002135
1.445 14.19 32.1 20.1 10.51 5.44 2.619 1.39 0.7391 0.4 0.2086 0.1199 0.06649 0.03611 0.0197 0.01068 0.005524 0.00309 0.001719 0.002027
1.373 15.75 34.62 20.73 10.65 5.567 2.883 1.388 0.7364 0.3917 0.212 0.1105 0.06354 0.03524 0.01914 0.01044 0.005661 0.002927 0.001637 0.001985
1.391 14.97 38.43 22.36 10.99 5.646 2.95 1.528 0.7354 0.3902 0.2076 0.1123 0.05858 0.03367 0.01867 0.01014 0.005532 0.003 0.001551 0.00192
1.411 15.16 36.52 24.82 11.85 5.823 2.992 1.564 0.8096 0.3897 0.2068 0.11 0.05954 0.03105 0.01784 0.009896 0.005375 0.002932 0.00159 0.001839
1.462 15.02 36.18 23.09 12.87 6.146 3.02 1.552 0.8108 0.4199 0.2021 0.1072 0.05704 0.03087 0.0161 0.009253 0.005132 0.002787 0.00152 0.001778
1.351 15.56 35.95 23 12.05 6.718 3.207 1.576 0.8096 0.4231 0.2191 0.1055 0.05596 0.02977 0.01611 0.008401 0.004829 0.002678 0.001454 0.001721
1.259 14.38 37.33 22.98 12.08 6.326 3.527 1.684 0.8274 0.4251 0.2222 0.115 0.05538 0.02939 0.01563 0.008459 0.004411 0.002535 0.001406 0.001668
1.368 13.4 34.59 24 12.14 6.381 3.342 1.864 0.8897 0.4371 0.2246 0.1174 0.06078 0.02926 0.01553 0.008257 0.004469 0.002331 0.00134 0.001624
1.299 14.56 32.32 22.36 12.76 6.453 3.392 1.777 0.9906 0.473 0.2324 0.1194 0.0624 0.03231 0.01555 0.008253 0.00439 0.002376 0.001239 0.001575
1.218 13.83 35.21 21.01 11.96 6.822 3.451 1.814 0.9501 0.5298 0.253 0.1243 0.06386 0.03337 0.01728 0.008318 0.004414 0.002348 0.001271 0.001505
1.15 12.96 33.53 23.01 11.3 6.434 3.671 1.857 0.9761 0.5112 0.2851 0.1361 0.06687 0.03436 0.01796 0.009298 0.004476 0.002375 0.001263 0.001494
1.004 12.23 31.51 22.03 12.46 6.118 3.483 1.987 1.005 0.5284 0.2767 0.1543 0.07368 0.0362 0.0186 0.00972 0.005033 0.002423 0.001286 0.001492
0.9632 10.68 29.82 20.81 12 6.782 3.332 1.896 1.082 0.5474 0.2877 0.1507 0.08403 0.04012 0.01971 0.01013 0.005293 0.002741 0.001319 0.001513
0.9656 10.24 26.09 19.8 11.4 6.571 3.715 1.825 1.039 0.5927 0.2999 0.1576 0.08255 0.04603 0.02198 0.0108 0.005548 0.002899 0.001501 0.001551
0.92 10.27 25.09 17.41 10.91 6.281 3.62 2.047 1.005 0.5723 0.3265 0.1652 0.08683 0.04548 0.02536 0.01211 0.005949 0.003057 0.001597 0.001682
0.9065 9.779 25.2 16.83 9.649 6.044 3.48 2.006 1.134 0.5571 0.3171 0.181 0.09155 0.04812 0.0252 0.01405 0.00671 0.003296 0.001694 0.001817
0.9277 9.63 24.05 16.99 9.379 5.377 3.368 1.94 1.118 0.6321 0.3105 0.1767 0.1008 0.05102 0.02681 0.01404 0.007832 0.003739 0.001837 0.001957
0.9101 9.85 23.74 16.3 9.522 5.256 3.013 1.888 1.087 0.6265 0.3542 0.174 0.09905 0.05651 0.02859 0.01503 0.007871 0.004389 0.002095 0.002126
0.8755 9.657 24.33 16.16 9.184 5.365 2.962 1.698 1.064 0.6125 0.353 0.1996 0.09805 0.05581 0.03184 0.01611 0.008468 0.004435 0.002473 0.002379
0.891 9.283 23.9 16.65 9.158 5.203 3.04 1.678 0.962 0.6026 0.347 0.2 0.1131 0.05555 0.03162 0.01804 0.009127 0.004797 0.002513 0.002749
0.9394 9.438 23.02 16.43 9.48 5.216 2.963 1.731 0.9556 0.5479 0.3432 0.1976 0.1139 0.0644 0.03164 0.01801 0.01027 0.005198 0.002732 0.002997
0.9246 9.942 23.44 15.89 9.404 5.427 2.986 1.696 0.991 0.547 0.3136 0.1965 0.1131 0.0652 0.03687 0.01811 0.01031 0.005882 0.002976 0.003279
0.8793 9.773 24.73 16.25 9.142 5.41 3.122 1.718 0.9759 0.5701 0.3147 0.1804 0.113 0.06508 0.03751 0.02121 0.01042 0.005931 0.003384 0.003598
