Originally  
101 
A 
42	100	
1	1	NA	NA	
1	20	
1 0.04567 0.07611 0.4262 0.2588 0.2283 0.1674 0.07611 0.07611 0.07611 0.04567 0.01522 0.03044 0 0 0 0 0 0 0 0
1 0.06136 0.135 0.3191 0.2455 0.2086 0.1227 0.06136 0.01227 0.02455 0.01227 0.01227 0 0 0.01227 0 0 0 0 0 0
1 0.04737 0.2053 0.4737 0.3 0.221 0.1105 0.03158 0.04737 0.01579 0.04737 0.03158 0 0.01579 0 0.01579 0 0 0 0.01579 0
1 0.04103 0.1231 0.2599 0.2052 0.1915 0.1368 0.1231 0.1094 0.05471 0.04103 0.02736 0.04103 0.01368 0 0 0 0 0 0 0
1 0.01937 0.3098 0.4454 0.3292 0.3486 0.1549 0.07746 0.1162 0.03873 0 0.01937 0.03873 0.01937 0 0.01937 0 0 0 0 0
1 0.04291 0.2146 0.3862 0.3004 0.1001 0.1287 0.05722 0.05722 0.0143 0 0.04291 0 0.02861 0.0143 0.0143 0 0.0143 0.0143 0 0
1 0.03564 0.2673 0.4633 0.3207 0.2673 0.05345 0.08909 0.1425 0.05345 0.03564 0.01782 0 0.03564 0 0 0 0 0 0 0
1 0.1043 0.313 0.4799 0.459 0.2921 0.1669 0.08346 0.1252 0.02086 0.02086 0 0 0 0.02086 0 0 0 0 0 0
1 0 0.1897 0.5059 0.2688 0.253 0.1107 0.1265 0.03162 0.03162 0 0.01581 0 0.03162 0.01581 0 0 0 0 0 0
1 0.08632 0.2072 0.4316 0.3453 0.2935 0.1036 0.05179 0.1381 0.01726 0 0 0 0.01726 0 0.01726 0.01726 0 0 0 0
1 0.07496 0.3561 0.506 0.4123 0.1687 0.0937 0.0937 0.03748 0.03748 0.01874 0.01874 0.03748 0.01874 0 0 0 0 0 0 0
1 0.01789 0.2684 0.4115 0.5188 0.2147 0.1431 0.08945 0.03578 0.05367 0.03578 0 0 0 0 0 0 0 0 0 0
1 0.01388 0.2638 0.4304 0.2499 0.2222 0.05554 0.08331 0.04165 0 0 0.01388 0 0 0 0 0 0 0 0 0.01388
1 0.01518 0.2732 0.5464 0.1821 0.1518 0.07589 0.09107 0.07589 0.04554 0.01518 0.03036 0 0.01518 0 0 0 0 0 0 0
1 0.06054 0.2623 0.666 0.5247 0.1816 0.1413 0.04036 0.08072 0.06054 0 0 0 0 0 0 0 0 0 0 0
1 0.06434 0.193 0.2831 0.3217 0.193 0.1029 0.03861 0.02574 0.02574 0.01287 0.01287 0 0 0 0 0 0 0 0.01287 0
1 0.01388 0.3887 0.4164 0.2221 0.1666 0.09717 0.01388 0.01388 0 0.04164 0 0 0 0.01388 0 0 0 0 0 0
1 0.05172 0.2457 0.4913 0.2586 0.07757 0.05172 0.01293 0.02586 0.02586 0.02586 0.01293 0 0 0 0 0 0.01293 0 0 0
1 0.02917 0.2917 0.423 0.3209 0.2042 0.07293 0.02917 0.04376 0 0.02917 0 0 0.01459 0 0 0 0 0 0 0
1 0.04945 0.2349 0.272 0.272 0.1607 0.07418 0.08655 0.04945 0.01236 0.01236 0 0 0 0 0.01236 0 0 0 0 0
1 0.09213 0.2534 0.2994 0.2764 0.0691 0.04606 0.03455 0.01152 0.02303 0.01152 0 0.01152 0.01152 0 0 0 0.01152 0 0 0
1 0.03899 0.195 0.2924 0.195 0.07798 0.07798 0.03899 0.04874 0 0.009748 0 0 0 0 0 0 0 0 0 0
1 0.0139 0.09727 0.2779 0.1529 0.06253 0.03474 0.02779 0.0139 0 0.006948 0.006948 0 0 0 0 0 0 0 0 0
1 0.05465 0.3143 0.3279 0.3279 0.164 0.05465 0.06832 0.01366 0.02733 0 0 0 0.01366 0 0 0 0 0 0 0
1 0.03881 0.2717 0.4011 0.3105 0.1164 0.1035 0.03881 0 0.01294 0 0 0 0 0 0 0 0 0 0 0
1 0.07345 0.1154 0.3463 0.2309 0.1364 0.05247 0.05247 0.01049 0.02099 0.01049 0 0 0 0 0 0 0 0 0 0
1 0.01099 0.1979 0.4288 0.2199 0.07696 0.06597 0.04398 0.03298 0.01099 0 0 0 0 0 0 0 0 0 0 0.01099
1 0.01644 0.3124 0.4769 0.3618 0.1315 0.1973 0.04933 0.01644 0.04933 0.01644 0 0.01644 0 0 0 0 0 0 0 0
1 0.02513 0.1675 0.2848 0.1843 0.1089 0.02513 0.008375 0.01675 0.008375 0.008375 0 0 0 0 0 0 0 0 0 0
1 0.03226 0.1693 0.2339 0.1532 0.06451 0.05645 0.04839 0.01613 0.03226 0 0 0 0 0 0 0 0 0 0 0
1 0.01855 0.1669 0.3338 0.1855 0.07418 0.09273 0.009273 0.009273 0.009273 0 0 0 0.009273 0.009273 0 0 0.009273 0 0 0
1 0.04978 0.141 0.2655 0.1659 0.07467 0.05808 0.02489 0.008297 0.01659 0.008297 0.008297 0 0 0 0 0.008297 0 0 0 0
1 0.03583 0.203 0.3344 0.2866 0.1194 0.0836 0.07166 0.03583 0 0 0 0.01194 0.01194 0 0 0 0 0 0 0
1 0.03834 0.115 0.1917 0.09312 0.06025 0.01643 0.01643 0.005478 0.005478 0 0 0 0.005478 0 0 0 0 0 0 0
1 0.01266 0.2784 0.405 0.3164 0.1139 0.06328 0.02531 0.01266 0 0.01266 0.02531 0 0 0 0 0 0 0 0 0
1 0.02762 0.1565 0.3682 0.1565 0.1565 0.009206 0.03682 0.009206 0 0 0 0 0 0 0 0 0 0 0 0
1 0.0125 0.375 0.3625 0.25 0.09999 0.0375 0.07499 0.0125 0.025 0 0 0 0 0 0 0 0 0 0 0
1 0.05535 0.31 0.2657 0.2103 0.1107 0.05535 0.04428 0.03321 0.01107 0 0.01107 0 0 0 0 0 0 0 0 0
1 0.06625 0.1435 0.4196 0.3202 0.1104 0.01104 0 0.01104 0 0.01104 0 0.01104 0 0 0 0 0 0 0 0
1 0.01556 0.3267 0.4357 0.3579 0.1867 0.09335 0.0778 0.04668 0.01556 0 0 0 0 0 0 0 0 0 0 0
1 0.05321 0.3592 0.3193 0.3193 0.2128 0.03991 0.02661 0 0 0 0 0 0 0 0 0 0 0 0 0
1 0.03776 0.2455 0.3115 0.151 0.1227 0.03776 0.03776 0 0 0 0 0 0 0 0 0 0 0 0 0
1 0.01956 0.2444 0.264 0.2053 0.1076 0.088 0 0.01956 0 0.02933 0 0 0 0 0 0 0 0 0 0
1 0.07642 0.4012 0.6305 0.363 0.2293 0.05732 0.05732 0.03821 0.01911 0.01911 0 0.01911 0 0 0 0 0 0 0 0
1 0.01364 0.2454 0.5045 0.3681 0.1091 0.04091 0.04091 0.02727 0 0 0 0 0.01364 0 0 0 0 0 0 0
1 0.02279 0.1823 0.3418 0.3418 0.1481 0.02279 0.04558 0.01139 0.01139 0 0 0.01139 0 0 0 0 0 0 0 0
1 0.05288 0.0846 0.3067 0.275 0.1798 0.07403 0.06345 0.02115 0 0 0 0 0 0 0 0 0 0 0 0
1 0.02546 0.2037 0.3947 0.2801 0.1783 0.07639 0.0382 0.0382 0.01273 0 0.01273 0.01273 0 0 0 0 0 0 0 0
1 0.05618 0.1686 0.3792 0.3792 0.1405 0.09832 0.07023 0.05618 0.02809 0 0 0.02809 0 0 0 0 0 0 0 0
1 0.02443 0.2688 0.3665 0.2321 0.1344 0.0733 0.09774 0.02443 0 0 0 0 0 0 0 0 0 0 0 0
1 0.04651 0.2675 0.2675 0.1861 0.1977 0.1512 0.02326 0.02326 0 0 0 0 0 0 0 0 0 0 0 0
1 0.01289 0.2191 0.3609 0.2707 0.2062 0.116 0.05156 0.01289 0.02578 0.01289 0 0 0 0 0 0 0 0 0 0
1 0.01126 0.2253 0.3041 0.2928 0.1239 0.1126 0.03379 0.01126 0 0 0 0.01126 0 0 0 0 0 0 0 0
1 0.06009 0.1683 0.3485 0.2524 0.1803 0.04807 0.03605 0 0.01202 0.03605 0.02404 0.01202 0 0.02404 0 0 0 0 0 0
1 0.03812 0.2796 0.4066 0.216 0.1652 0.06354 0.07624 0.01271 0 0 0.01271 0 0 0 0 0 0 0 0 0
1 0.04352 0.3264 0.6093 0.5222 0.3482 0.1958 0.1088 0 0.02176 0 0 0 0 0 0 0 0 0 0 0
1 0.036 0.468 0.594 0.342 0.09 0.162 0.054 0.036 0.018 0 0 0 0 0 0 0 0 0 0 0
1 0.09883 0.4546 0.4151 0.336 0.1581 0.2372 0.1581 0.03953 0.0593 0.01977 0 0 0 0 0 0 0 0 0 0
1 0.02733 0.2368 0.2641 0.1731 0.1093 0.03643 0.02733 0.01822 0.009109 0 0 0 0 0.009109 0 0 0 0 0 0
