 landings-at-age - landings.n (units : NA )
1	2	
2	100	
1	20	
1 
0.02659 0.2984 0.8352 0.6934 0.4839 0.3377 0.2357 0.1644 0.1148 0.08008 0.05589 0.039 0.02722 0.01899 0.01325 0.009249 0.006454 0.004504 0.003143 0.007259
0.004303 0.05216 0.1462 0.1214 0.08475 0.05914 0.04127 0.0288 0.0201 0.01403 0.009787 0.00683 0.004766 0.003326 0.002321 0.00162 0.00113 0.0007888 0.0005504 0.001271
0.004507 0.04831 0.1464 0.1219 0.08515 0.05942 0.04147 0.02894 0.02019 0.01409 0.009834 0.006862 0.004789 0.003342 0.002332 0.001627 0.001136 0.0007925 0.000553 0.001277
0.004428 0.0506 0.1356 0.122 0.08549 0.0597 0.04166 0.02907 0.02029 0.01416 0.00988 0.006895 0.004811 0.003358 0.002343 0.001635 0.001141 0.0007963 0.0005557 0.001283
0.004266 0.04972 0.142 0.113 0.08557 0.05994 0.04186 0.02921 0.02038 0.01423 0.009927 0.006927 0.004834 0.003374 0.002354 0.001643 0.001146 8e-04 0.0005583 0.001289
0.003993 0.04791 0.1395 0.1184 0.07926 0.06 0.04203 0.02935 0.02048 0.01429 0.009974 0.00696 0.004857 0.00339 0.002365 0.001651 0.001152 0.0008038 0.0005609 0.001295
0.003737 0.04484 0.1344 0.1163 0.08302 0.05557 0.04207 0.02947 0.02058 0.01436 0.01002 0.006993 0.00488 0.003406 0.002377 0.001658 0.001157 0.0008076 0.0005636 0.001302
0.003598 0.04196 0.1258 0.1121 0.08157 0.05821 0.03896 0.0295 0.02066 0.01443 0.01007 0.007026 0.004903 0.003422 0.002388 0.001666 0.001163 0.0008114 0.0005663 0.001308
0.003738 0.0404 0.1177 0.1049 0.07859 0.05719 0.04081 0.02732 0.02068 0.01449 0.01012 0.00706 0.004926 0.003438 0.002399 0.001674 0.001168 0.0008153 0.0005689 0.001314
0.003555 0.04197 0.1134 0.09819 0.07356 0.0551 0.0401 0.02861 0.01915 0.0145 0.01016 0.007093 0.00495 0.003454 0.00241 0.001682 0.001174 0.0008191 0.0005716 0.00132
0.00383 0.03992 0.1178 0.09453 0.06884 0.05157 0.03864 0.02812 0.02006 0.01343 0.01017 0.007121 0.004973 0.003471 0.002422 0.00169 0.001179 0.000823 0.0005743 0.001326
0.004152 0.04301 0.112 0.0982 0.06628 0.04827 0.03616 0.02709 0.01971 0.01407 0.009416 0.007128 0.004993 0.003487 0.002433 0.001698 0.001185 0.0008269 0.0005771 0.001333
0.004432 0.04662 0.1207 0.09341 0.06885 0.04647 0.03384 0.02535 0.01899 0.01382 0.009863 0.006602 0.004998 0.003501 0.002445 0.001706 0.001191 0.0008308 0.0005798 0.001339
0.003941 0.04977 0.1308 0.1006 0.06549 0.04827 0.03258 0.02373 0.01778 0.01332 0.009691 0.006915 0.004629 0.003504 0.002455 0.001714 0.001196 0.0008348 0.0005825 0.001345
0.003945 0.04425 0.1396 0.1091 0.07056 0.04592 0.03385 0.02285 0.01664 0.01246 0.009337 0.006795 0.004849 0.003246 0.002457 0.001721 0.001202 0.0008387 0.0005853 0.001352
0.003523 0.0443 0.1242 0.1164 0.07649 0.04947 0.0322 0.02373 0.01602 0.01167 0.008739 0.006547 0.004764 0.0034 0.002276 0.001723 0.001207 0.0008427 0.0005881 0.001358
0.003516 0.03956 0.1243 0.1035 0.08164 0.05363 0.03469 0.02257 0.01664 0.01123 0.008179 0.006127 0.00459 0.00334 0.002384 0.001596 0.001208 0.000846 0.0005908 0.001365
0.00388 0.03947 0.111 0.1036 0.07259 0.05724 0.0376 0.02432 0.01583 0.01167 0.007874 0.005735 0.004296 0.003218 0.002342 0.001671 0.001119 0.0008469 0.0005932 0.001371
0.003939 0.04356 0.1108 0.09256 0.07267 0.0509 0.04014 0.02637 0.01705 0.0111 0.00818 0.005521 0.004021 0.003012 0.002257 0.001642 0.001172 0.0007844 0.0005938 0.001377
0.003821 0.04423 0.1222 0.09236 0.0649 0.05095 0.03569 0.02814 0.01849 0.01196 0.007781 0.005735 0.003871 0.002819 0.002112 0.001582 0.001151 0.0008216 0.00055 0.001382
0.003693 0.04291 0.1241 0.1019 0.06476 0.0455 0.03573 0.02502 0.01973 0.01296 0.008383 0.005456 0.004021 0.002714 0.001977 0.001481 0.001109 0.0008073 0.000576 0.001355
0.004007 0.04147 0.1204 0.1035 0.07146 0.04541 0.0319 0.02505 0.01754 0.01383 0.009088 0.005878 0.003825 0.00282 0.001903 0.001386 0.001038 0.0007778 0.000566 0.001354
0.004188 0.04499 0.1164 0.1004 0.07256 0.05011 0.03184 0.02237 0.01756 0.0123 0.0097 0.006372 0.004121 0.002682 0.001977 0.001334 0.0009717 0.000728 0.0005453 0.001346
0.00408 0.04702 0.1262 0.09703 0.07039 0.05088 0.03513 0.02232 0.01568 0.01231 0.008625 0.006801 0.004468 0.002889 0.00188 0.001386 0.0009355 0.0006813 0.0005104 0.001326
0.004289 0.04581 0.1319 0.1053 0.06803 0.04935 0.03567 0.02463 0.01565 0.011 0.008634 0.006047 0.004768 0.003132 0.002026 0.001318 0.0009718 0.0006559 0.0004777 0.001288
0.004139 0.04816 0.1285 0.11 0.0738 0.0477 0.0346 0.02501 0.01727 0.01097 0.00771 0.006054 0.00424 0.003343 0.002196 0.00142 0.0009244 0.0006814 0.0004599 0.001238
0.004302 0.04648 0.1351 0.1072 0.07714 0.05175 0.03344 0.02426 0.01754 0.01211 0.007694 0.005406 0.004244 0.002973 0.002344 0.00154 0.000996 0.0006482 0.0004778 0.00119
0.004672 0.0483 0.1304 0.1127 0.07515 0.05409 0.03628 0.02345 0.01701 0.0123 0.00849 0.005395 0.00379 0.002976 0.002084 0.001644 0.00108 0.0006983 0.0004545 0.00117
0.004734 0.05246 0.1355 0.1088 0.07901 0.05269 0.03792 0.02544 0.01644 0.01193 0.008621 0.005953 0.003782 0.002658 0.002087 0.001461 0.001152 0.000757 0.0004896 0.001139
0.004554 0.05316 0.1472 0.113 0.07625 0.0554 0.03694 0.02659 0.01784 0.01153 0.008363 0.006045 0.004174 0.002652 0.001863 0.001463 0.001025 0.000808 0.0005308 0.001142
0.004536 0.05114 0.1492 0.1228 0.07925 0.05346 0.03884 0.0259 0.01864 0.01251 0.008083 0.005864 0.004238 0.002927 0.001859 0.001307 0.001026 0.0007184 0.0005665 0.001173
0.004784 0.05093 0.1435 0.1244 0.08607 0.05556 0.03748 0.02723 0.01816 0.01307 0.008768 0.005667 0.004111 0.002972 0.002052 0.001304 0.000916 0.0007192 0.0005037 0.001219
0.005018 0.05372 0.1429 0.1196 0.0872 0.06035 0.03896 0.02628 0.01909 0.01273 0.009165 0.006148 0.003973 0.002883 0.002083 0.001439 0.0009141 0.0006423 0.0005043 0.001208
0.004819 0.05634 0.1507 0.1192 0.08389 0.06114 0.04231 0.02731 0.01843 0.01339 0.008928 0.006426 0.004311 0.002786 0.002021 0.001461 0.001009 0.0006409 0.0004503 0.001201
0.005046 0.05411 0.1581 0.1257 0.08356 0.05882 0.04287 0.02967 0.01915 0.01292 0.009387 0.00626 0.004506 0.003022 0.001953 0.001417 0.001024 0.0007073 0.0004494 0.001158
0.004727 0.05666 0.1518 0.1318 0.08813 0.05859 0.04124 0.03006 0.0208 0.01343 0.009059 0.006582 0.004389 0.003159 0.002119 0.00137 0.0009936 0.0007181 0.0004959 0.001127
0.004633 0.05308 0.159 0.1266 0.09244 0.06179 0.04108 0.02892 0.02108 0.01458 0.009415 0.006352 0.004615 0.003077 0.002215 0.001486 0.0009603 0.0006966 0.0005035 0.001138
0.004843 0.05202 0.1489 0.1326 0.08876 0.06481 0.04332 0.0288 0.02027 0.01478 0.01023 0.006601 0.004453 0.003236 0.002158 0.001553 0.001042 0.0006733 0.0004884 0.001151
0.004736 0.05438 0.146 0.1242 0.09296 0.06224 0.04544 0.03038 0.02019 0.01422 0.01036 0.00717 0.004628 0.003122 0.002269 0.001513 0.001089 0.0007304 0.0004721 0.001149
0.2362 2.91 8.218 6.529 4.671 3.496 2.341 1.709 1.142 0.7595 0.5346 0.3897 0.2696 0.1741 0.1174 0.08532 0.0569 0.04095 0.02747 0.06098
0.3256 3.389 10.16 8.332 5.541 3.964 2.967 1.986 1.45 0.9694 0.6445 0.4537 0.3307 0.2288 0.1477 0.09965 0.0724 0.04828 0.03475 0.07505
0.1735 2.072 5.289 4.591 3.146 2.092 1.497 1.12 0.75 0.5476 0.3661 0.2434 0.1713 0.1249 0.0864 0.05578 0.03763 0.02734 0.01823 0.04146
0.2418 2.858 8.352 6.225 4.529 3.103 2.064 1.476 1.105 0.7398 0.5402 0.3611 0.24 0.169 0.1232 0.08523 0.05502 0.03712 0.02697 0.05888
0.2205 2.477 7.158 6.071 3.786 2.754 1.887 1.255 0.8978 0.672 0.4499 0.3285 0.2196 0.146 0.1028 0.0749 0.05183 0.03346 0.02257 0.05221
0.2884 3.306 9.035 7.58 5.38 3.355 2.441 1.673 1.112 0.7957 0.5956 0.3987 0.2911 0.1946 0.1294 0.09108 0.06638 0.04594 0.02965 0.06628
0.242 2.732 7.628 6.02 4.22 2.996 1.868 1.359 0.9313 0.6193 0.443 0.3316 0.222 0.1621 0.1084 0.07203 0.05071 0.03696 0.02557 0.05341
0.2135 2.31 6.378 5.164 3.409 2.39 1.696 1.058 0.7695 0.5273 0.3507 0.2509 0.1878 0.1257 0.09178 0.06135 0.04079 0.02871 0.02093 0.04472
0.2501 2.978 7.855 6.301 4.271 2.819 1.976 1.403 0.8748 0.6364 0.4361 0.29 0.2075 0.1553 0.104 0.07591 0.05074 0.03373 0.02375 0.0543
0.2577 2.891 8.372 6.387 4.284 2.904 1.917 1.344 0.9538 0.5948 0.4327 0.2965 0.1972 0.1411 0.1056 0.07069 0.05161 0.0345 0.02294 0.05306
0.2452 2.652 7.248 6.067 3.87 2.596 1.759 1.161 0.8141 0.5779 0.3604 0.2622 0.1796 0.1195 0.08546 0.06397 0.04283 0.03127 0.0209 0.04604
0.2551 3.008 7.915 6.261 4.384 2.796 1.875 1.271 0.8391 0.5882 0.4175 0.2604 0.1894 0.1298 0.08632 0.06175 0.04622 0.03094 0.02259 0.04837
0.3009 3.112 8.905 6.765 4.473 3.132 1.998 1.34 0.9082 0.5995 0.4202 0.2983 0.186 0.1353 0.09274 0.06167 0.04412 0.03302 0.02211 0.0507
0.2595 3.002 7.545 6.222 3.949 2.611 1.828 1.166 0.7822 0.5301 0.3499 0.2453 0.1741 0.1086 0.07899 0.05413 0.036 0.02575 0.01928 0.0425
0.275 3.007 8.454 6.14 4.233 2.687 1.776 1.244 0.7933 0.5321 0.3606 0.2381 0.1669 0.1185 0.07388 0.05374 0.03683 0.02449 0.01752 0.04203
0.3138 3.329 8.83 7.162 4.347 2.997 1.902 1.258 0.8807 0.5617 0.3768 0.2554 0.1686 0.1182 0.08388 0.05231 0.03805 0.02608 0.01734 0.04216
0.3164 3.357 8.638 6.599 4.472 2.714 1.871 1.188 0.7853 0.5498 0.3507 0.2352 0.1594 0.1052 0.07377 0.05237 0.03266 0.02376 0.01628 0.03715
0.3034 3.33 8.582 6.369 4.066 2.755 1.672 1.153 0.7317 0.4838 0.3387 0.216 0.1449 0.09822 0.06483 0.04545 0.03226 0.02012 0.01464 0.03292
0.3121 3.541 9.435 7.022 4.356 2.78 1.884 1.144 0.7884 0.5004 0.3309 0.2317 0.1478 0.09911 0.06717 0.04434 0.03108 0.02206 0.01376 0.03252
0.2771 2.918 8.065 6.204 3.858 2.393 1.528 1.035 0.6284 0.4332 0.275 0.1818 0.1273 0.08118 0.05445 0.03691 0.02436 0.01708 0.01212 0.02543
0.2698 2.964 7.618 6.103 3.927 2.442 1.515 0.967 0.6553 0.3977 0.2742 0.174 0.1151 0.08057 0.05139 0.03447 0.02336 0.01542 0.01081 0.02377
0.2133 2.264 6.099 4.553 3.052 1.964 1.221 0.7576 0.4836 0.3277 0.1989 0.1371 0.08704 0.05755 0.0403 0.0257 0.01724 0.01168 0.007712 0.01729
0.2184 2.52 6.565 5.162 3.229 2.164 1.392 0.866 0.5372 0.3429 0.2323 0.141 0.09724 0.06171 0.04081 0.02857 0.01822 0.01222 0.008284 0.01773
0.3473 3.837 10.78 8.17 5.38 3.365 2.256 1.451 0.9026 0.5599 0.3574 0.2422 0.147 0.1014 0.06433 0.04253 0.02978 0.01899 0.01274 0.02712
0.2239 2.581 6.971 5.657 3.583 2.36 1.476 0.9892 0.6365 0.3959 0.2456 0.1568 0.1062 0.06447 0.04445 0.02821 0.01865 0.01306 0.00833 0.01748
0.1781 2.07 5.862 4.615 3.136 1.986 1.308 0.8182 0.5484 0.3529 0.2195 0.1361 0.0869 0.05888 0.03574 0.02464 0.01564 0.01034 0.007241 0.01431
0.3213 3.52 9.965 8.233 5.432 3.691 2.338 1.539 0.9629 0.6454 0.4153 0.2583 0.1602 0.1023 0.0693 0.04206 0.029 0.01841 0.01217 0.02536
0.2211 2.395 6.416 5.252 3.626 2.392 1.626 1.03 0.678 0.4241 0.2843 0.1829 0.1138 0.07056 0.04504 0.03052 0.01853 0.01277 0.008107 0.01653
0.2366 2.592 6.88 5.372 3.682 2.542 1.677 1.14 0.722 0.4754 0.2974 0.1993 0.1283 0.07976 0.04948 0.03158 0.0214 0.01299 0.008956 0.01727
0.3013 3.208 8.581 6.626 4.332 2.97 2.05 1.353 0.9192 0.5822 0.3834 0.2398 0.1607 0.1034 0.06432 0.0399 0.02547 0.01726 0.01048 0.02115
0.287 3.377 8.769 6.799 4.392 2.871 1.968 1.359 0.8966 0.6092 0.3859 0.2541 0.159 0.1065 0.06855 0.04263 0.02645 0.01688 0.01144 0.02096
0.2498 2.814 8.094 6.095 3.953 2.553 1.669 1.144 0.7901 0.5213 0.3542 0.2244 0.1477 0.09241 0.06194 0.03986 0.02479 0.01538 0.009815 0.01884
0.2042 2.223 6.144 5.143 3.241 2.102 1.358 0.8879 0.6086 0.4202 0.2772 0.1884 0.1193 0.07858 0.04915 0.03294 0.0212 0.01318 0.008177 0.01524
0.361 3.908 10.36 8.343 5.851 3.688 2.392 1.545 1.01 0.6924 0.478 0.3154 0.2143 0.1357 0.08939 0.05591 0.03748 0.02411 0.015 0.02664
0.2709 3.044 8.04 6.154 4.142 2.904 1.831 1.187 0.7669 0.5014 0.3437 0.2373 0.1566 0.1064 0.06739 0.04438 0.02776 0.0186 0.01197 0.02067
0.2517 2.825 7.767 5.962 3.819 2.571 1.803 1.136 0.7369 0.476 0.3112 0.2133 0.1473 0.09717 0.06603 0.04182 0.02754 0.01723 0.01155 0.02026
0.3321 3.749 10.25 8.188 5.262 3.371 2.268 1.591 1.003 0.6503 0.4201 0.2746 0.1882 0.13 0.08575 0.05827 0.03691 0.0243 0.0152 0.02807
0.3176 3.763 10.32 8.153 5.444 3.499 2.241 1.508 1.058 0.6666 0.4324 0.2793 0.1826 0.1252 0.08642 0.05702 0.03874 0.02454 0.01616 0.02877
0.338 3.638 10.47 8.293 5.473 3.655 2.349 1.505 1.013 0.7101 0.4475 0.2903 0.1875 0.1226 0.08403 0.05802 0.03828 0.02601 0.01648 0.03016
0.3201 3.499 9.16 7.607 5.035 3.323 2.219 1.426 0.9135 0.6148 0.4311 0.2717 0.1762 0.1138 0.07443 0.05102 0.03522 0.02324 0.01579 0.02832
0.2958 3.437 9.149 6.925 4.808 3.183 2.1 1.403 0.9013 0.5774 0.3886 0.2725 0.1717 0.1114 0.07196 0.04704 0.03225 0.02226 0.01469 0.02788
0.2322 2.514 7.146 5.512 3.489 2.422 1.603 1.058 0.7066 0.4541 0.2909 0.1958 0.1373 0.08652 0.05612 0.03625 0.0237 0.01625 0.01122 0.02145
0.2336 2.659 7.05 5.837 3.77 2.386 1.657 1.097 0.7237 0.4833 0.3106 0.199 0.1339 0.0939 0.05918 0.03838 0.02479 0.01621 0.01111 0.02234
0.314 3.404 9.447 7.285 5.05 3.261 2.064 1.433 0.9487 0.6261 0.4181 0.2687 0.1721 0.1158 0.08123 0.0512 0.03321 0.02145 0.01402 0.02894
0.3184 3.439 9.079 7.29 4.7 3.258 2.104 1.332 0.9247 0.6121 0.404 0.2698 0.1734 0.1111 0.07474 0.05241 0.03303 0.02143 0.01384 0.02772
0.3287 3.303 8.699 6.648 4.463 2.878 1.995 1.288 0.8155 0.5662 0.3748 0.2474 0.1652 0.1061 0.068 0.04576 0.03209 0.02023 0.01312 0.02545
0.2758 2.928 7.204 5.507 3.521 2.364 1.524 1.057 0.6824 0.4319 0.2999 0.1985 0.131 0.08749 0.05622 0.03601 0.02424 0.017 0.01071 0.02043
0.2394 2.626 6.85 4.914 3.146 2.011 1.35 0.8707 0.6036 0.3898 0.2467 0.1713 0.1134 0.07484 0.04998 0.03211 0.02057 0.01385 0.009709 0.01779
0.3949 4.321 11.56 8.801 5.291 3.387 2.165 1.454 0.9374 0.6497 0.4196 0.2656 0.1844 0.1221 0.08056 0.0538 0.03457 0.02215 0.01491 0.0296
0.4679 5.043 13.39 10.36 6.591 3.962 2.537 1.622 1.089 0.7021 0.4866 0.3143 0.1989 0.1381 0.09143 0.06034 0.0403 0.02589 0.01659 0.03333
0.5029 5.378 14.04 10.74 6.939 4.416 2.655 1.699 1.086 0.7295 0.4704 0.326 0.2106 0.1333 0.09253 0.06125 0.04042 0.027 0.01735 0.03344
0.4507 5.005 12.99 9.77 6.241 4.033 2.567 1.543 0.9877 0.6314 0.424 0.2734 0.1895 0.1224 0.07746 0.05378 0.0356 0.0235 0.01569 0.02952
0.2801 3.487 9.471 7.113 4.47 2.855 1.845 1.174 0.7059 0.4519 0.2889 0.194 0.1251 0.08669 0.05599 0.03544 0.0246 0.01629 0.01075 0.02068
0.2316 2.653 8.112 6.424 4.04 2.539 1.622 1.048 0.6669 0.4009 0.2567 0.1641 0.1102 0.07104 0.04924 0.0318 0.02013 0.01398 0.009251 0.01785
0.2719 2.769 7.79 6.962 4.619 2.905 1.826 1.166 0.7536 0.4796 0.2883 0.1846 0.118 0.07922 0.05108 0.03541 0.02287 0.01447 0.01005 0.01949
0.319 3.807 9.488 7.787 5.83 3.868 2.433 1.529 0.9765 0.631 0.4016 0.2414 0.1545 0.0988 0.06634 0.04277 0.02965 0.01915 0.01212 0.02474
0.374 4.396 12.78 9.245 6.35 4.754 3.154 1.984 1.247 0.7963 0.5146 0.3275 0.1969 0.126 0.08057 0.0541 0.03488 0.02418 0.01562 0.03006
0.4569 4.789 13.65 11.46 6.93 4.76 3.564 2.364 1.487 0.9344 0.5969 0.3857 0.2455 0.1476 0.09447 0.06039 0.04055 0.02615 0.01812 0.03424
0.3019 3.283 8.403 6.907 4.842 2.929 2.012 1.506 0.9994 0.6285 0.395 0.2523 0.163 0.1038 0.06238 0.03993 0.02553 0.01714 0.01105 0.02213
0.3164 3.317 8.839 6.588 4.534 3.179 1.923 1.321 0.9888 0.6561 0.4126 0.2593 0.1656 0.107 0.06811 0.04095 0.02621 0.01676 0.01125 0.02178
