Originally  
101 
A 
42	100	
1	1	0	0	
1	20	
1 0.03463 0.2597 0.3636 0.2424 0.2078 0.1558 0.2078 0.1039 0.08657 0.03463 0.03463 0 0 0 0 0 0 0 0 0
1 0 0.1846 0.4866 0.3523 0.151 0.2181 0.1174 0.05033 0.05033 0.05033 0 0.01678 0 0 0 0 0 0 0 0
1 0.04586 0.2293 0.3822 0.214 0.1682 0.1529 0.07644 0.06115 0.07644 0.01529 0.03057 0.01529 0.03057 0.01529 0.01529 0 0 0 0 0
1 0.05024 0.1675 0.3182 0.4689 0.1675 0.1842 0.08373 0.08373 0.08373 0 0.01675 0.01675 0 0.01675 0 0.01675 0 0 0 0
1 0.02843 0.2132 0.3554 0.1706 0.2417 0.1564 0.07107 0.02843 0.04264 0.01421 0.04264 0.01421 0 0.01421 0.02843 0 0 0 0 0
1 0.04219 0.211 0.3235 0.2813 0.225 0.07032 0.08439 0.05626 0.02813 0 0.01406 0.01406 0.02813 0 0 0.01406 0 0 0 0.01406
1 0.07426 0.2785 0.427 0.2599 0.3156 0.13 0.07426 0.09283 0.09283 0 0.03713 0 0 0 0.01857 0.01857 0 0 0.01857 0.01857
1 0.01365 0.1774 0.3685 0.2593 0.1365 0.1092 0.08189 0.1365 0.04094 0.01365 0.0273 0 0 0 0 0 0 0 0 0
1 0.04513 0.2257 0.4513 0.2558 0.1805 0.1204 0.07522 0.04513 0.03009 0 0.03009 0 0.01504 0.01504 0 0.01504 0 0 0 0
1 0.05685 0.1706 0.2558 0.3411 0.1563 0.09949 0.1279 0.1279 0 0.04264 0 0 0.01421 0 0.01421 0 0 0.01421 0 0
1 0.05409 0.2164 0.2299 0.2164 0.1893 0.1623 0.1217 0.09466 0.02704 0 0.01352 0.01352 0.01352 0 0 0 0 0 0 0
1 0 0.1566 0.3559 0.2705 0.2705 0.1709 0.08543 0.04271 0 0.01424 0.01424 0.02848 0 0 0 0 0 0.01424 0 0
1 0.06848 0.3424 0.5935 0.4109 0.2739 0.2511 0.04565 0.06848 0.0913 0 0.02283 0.02283 0.02283 0.04565 0 0 0.02283 0 0 0
1 0.04803 0.1561 0.3602 0.1081 0.1921 0.08406 0.07205 0.06004 0.01201 0.03602 0.01201 0 0.01201 0.01201 0.02402 0 0 0.01201 0 0
1 0.01464 0.2782 0.3075 0.3807 0.1757 0.07321 0.07321 0.08785 0.02928 0.01464 0.01464 0 0 0 0 0 0.01464 0 0 0
1 0.01326 0.2651 0.3712 0.2253 0.1458 0.05302 0.09279 0.07953 0.02651 0.03977 0 0 0.01326 0 0 0 0 0 0 0
1 0 0.1013 0.3715 0.1576 0.1689 0.1576 0.06754 0.03377 0.04503 0.01126 0 0 0.01126 0 0 0 0 0 0 0
1 0.03234 0.3234 0.4366 0.3072 0.1294 0.09702 0.1294 0.04851 0.04851 0.03234 0.01617 0.01617 0 0 0 0 0 0 0 0
1 0.07153 0.2289 0.4149 0.2289 0.1717 0.1431 0.04292 0.05723 0.04292 0 0.01431 0 0.01431 0 0 0 0 0 0 0
1 0.01795 0.2871 0.4127 0.3948 0.2333 0.1615 0.1256 0.01795 0.03589 0.03589 0.01795 0.01795 0.01795 0 0 0 0.01795 0 0 0
1 0.03568 0.2676 0.5173 0.3033 0.2676 0.2319 0.05352 0.01784 0 0.03568 0.03568 0 0.01784 0 0 0 0 0 0 0
1 0.03915 0.2153 0.6264 0.3132 0.2936 0.1566 0.137 0.03915 0.03915 0.01958 0.03915 0.01958 0 0 0.01958 0 0 0 0 0
1 0.01814 0.3265 0.399 0.5078 0.2539 0.07255 0.1088 0.07255 0 0.01814 0.03627 0 0 0 0 0 0 0 0 0
1 0.06264 0.2192 0.3132 0.4071 0.1566 0.04698 0.1409 0.07829 0.06264 0.01566 0.01566 0 0.01566 0 0.01566 0 0 0 0 0.01566
1 0.01652 0.2644 0.4296 0.314 0.2148 0.09914 0.1652 0.04957 0.04957 0 0.01652 0 0 0 0.01652 0 0 0 0.01652 0
1 0.03434 0.3091 0.3778 0.3434 0.1545 0.2061 0.05151 0.05151 0.03434 0.01717 0.03434 0.05151 0.05151 0 0 0 0 0 0 0
1 0.07195 0.3598 0.5397 0.2698 0.1979 0.1439 0.07195 0.07195 0.01799 0 0 0.03598 0 0 0 0 0 0.01799 0 0
1 0.01856 0.334 0.5382 0.3712 0.2784 0.07423 0.05567 0.07423 0.05567 0.03712 0 0.01856 0 0 0 0 0 0 0 0
1 0 0.433 0.6711 0.3247 0.1948 0.1948 0.1515 0 0.0433 0.0433 0.02165 0.02165 0.0433 0.02165 0 0 0 0 0 0
1 0.08718 0.3269 0.5449 0.3923 0.2833 0.2179 0.109 0.04359 0.04359 0.04359 0.02179 0.04359 0 0 0.02179 0 0 0 0 0
1 0.01815 0.2541 0.4356 0.3993 0.2541 0.1452 0.1089 0.09075 0.01815 0.0363 0 0.0363 0 0.01815 0 0 0 0 0 0
1 0.05772 0.3271 0.4233 0.3655 0.2116 0.1924 0.1539 0.01924 0.07696 0.03848 0.01924 0.03848 0 0 0 0 0 0 0 0
1 0.04407 0.2057 0.3379 0.2791 0.1763 0.1469 0.1175 0.05876 0.02938 0.02938 0.02938 0 0.01469 0 0 0 0 0 0 0
1 0.03049 0.1982 0.3049 0.2287 0.2135 0.2592 0.1677 0.04574 0.03049 0.03049 0 0 0 0 0 0.01525 0 0 0 0
1 0.02075 0.415 0.4772 0.3527 0.2905 0.166 0.1037 0.083 0.06225 0.083 0 0 0 0.02075 0 0 0 0 0 0
1 0.02792 0.2233 0.5165 0.2233 0.1256 0.09771 0.02792 0.05583 0.02792 0.01396 0.05583 0 0 0 0 0 0 0 0 0
1 0 0.3731 0.5047 0.417 0.3731 0.3292 0.04389 0.02195 0.02195 0.04389 0.04389 0 0.02195 0 0 0 0 0 0 0
1 0.01145 0.08013 0.3549 0.1946 0.2747 0.05724 0.02289 0.04579 0.03434 0.04579 0 0 0 0.01145 0 0 0.01145 0 0 0
1 0.08465 0.3386 0.5714 0.3386 0.3598 0.2116 0.08465 0.04232 0.02116 0.04232 0 0 0 0.02116 0 0 0 0 0 0
1 0.04652 0.1706 0.3101 0.3101 0.2326 0.1241 0.1551 0.04652 0.07754 0.03101 0 0.01551 0.03101 0 0 0 0 0 0 0
1 0.1414 0.3434 0.5657 0.3232 0.2424 0.1616 0.08081 0.08081 0 0.0202 0.0202 0.0202 0.0202 0 0 0 0 0 0 0
1 0 0.164 0.2928 0.3162 0.1405 0.07027 0.1054 0.02342 0 0.01171 0 0.02342 0.01171 0.01171 0 0 0 0 0 0
1 0.01574 0.2361 0.3306 0.4565 0.1574 0.07871 0.09446 0.06297 0.07871 0.03149 0.01574 0 0 0.01574 0 0 0 0 0 0
1 0.03403 0.1134 0.2949 0.2042 0.1248 0.1134 0.1134 0.04538 0.04538 0.01134 0.02269 0 0.01134 0 0 0 0 0 0 0
1 0.06937 0.2428 0.4682 0.3122 0.2081 0.1908 0.08671 0.03468 0.06937 0 0.01734 0.01734 0 0 0 0 0 0 0.01734 0
1 0.05959 0.3377 0.4966 0.4569 0.2582 0.09932 0.03973 0.1192 0.01986 0.05959 0 0.03973 0 0 0 0 0 0 0 0
1 0.06197 0.3099 0.5268 0.2169 0.1859 0.04648 0.1085 0.03099 0.03099 0 0.03099 0 0 0 0 0 0 0 0 0
1 0.03711 0.235 0.2722 0.1732 0.1979 0.09896 0.04948 0.03711 0.03711 0.01237 0.02474 0 0.01237 0.02474 0 0.01237 0.01237 0 0 0
1 0 0.4204 0.6774 0.327 0.4204 0.09343 0.2102 0.07007 0.07007 0 0.04672 0 0 0 0 0 0 0 0 0
1 0.08984 0.3369 0.5839 0.4492 0.247 0.1797 0.1123 0.1123 0.04492 0.06738 0 0 0 0 0.02246 0 0 0 0 0
1 0.03632 0.3087 0.5084 0.3087 0.2361 0.109 0.09079 0.09079 0.07263 0.05448 0 0 0 0 0 0 0 0 0 0
1 0.06412 0.4488 0.6198 0.342 0.2351 0.08549 0.1069 0.1924 0.02137 0.02137 0 0 0 0 0 0 0 0 0 0
1 0.1151 0.1808 0.2959 0.3946 0.2302 0.2137 0.06576 0.06576 0.04932 0 0 0.03288 0 0 0 0 0 0 0 0
1 0.06803 0.3628 0.3855 0.4309 0.3401 0.2721 0.1134 0.1587 0.06803 0.02268 0.02268 0.02268 0 0 0 0 0 0 0 0
1 0.08466 0.3598 0.4021 0.4233 0.2116 0.3175 0.1058 0.1058 0.04233 0.02116 0.02116 0.02116 0 0 0 0 0 0 0 0
1 0.02269 0.2269 0.658 0.4765 0.1361 0.3404 0.09076 0.2269 0.04538 0.02269 0.02269 0 0 0 0 0 0 0 0 0
1 0.03683 0.1841 0.4235 0.5156 0.2762 0.1105 0.1657 0.01841 0.03683 0.01841 0.03683 0 0 0.01841 0 0 0 0 0 0
1 0.08298 0.1245 0.5186 0.3942 0.2697 0.2282 0.1245 0.1245 0.1245 0.04149 0.02075 0 0 0 0 0 0 0 0 0.02075
1 0.07117 0.5693 0.4507 0.4507 0.2372 0.1898 0.2135 0.07117 0.07117 0.02372 0.02372 0 0 0 0 0 0 0 0 0
