Originally  
101 
A 
2	100	
1	1	NA	NA	
1	20	
1 597.8 330.3 173 157.3 110.1 47.19 31.46 31.46 31.46 15.73 0 15.73 15.73 0 0 15.73 0 0 0 0
1 224.2 323.9 199.3 149.5 74.74 62.28 87.2 12.46 24.91 37.37 12.46 12.46 24.91 0 0 0 0 0 0 0
1 331.5 93.24 155.4 124.3 51.8 103.6 62.16 20.72 20.72 31.08 10.36 20.72 0 0 0 0 0 0 0 10.36
1 395.7 277 105.5 158.3 105.5 39.57 79.14 26.38 39.57 26.38 13.19 26.38 13.19 0 0 0 0 0 0 13.19
1 233.1 233.1 233.1 50.67 30.4 50.67 60.8 10.13 40.53 20.27 0 10.13 20.27 0 0 10.13 0 0 0 10.13
1 458.7 251.5 266.3 133.2 118.4 73.98 103.6 0 29.59 14.8 14.8 14.8 0 0 0 0 0 0 0 0
1 157.9 180.4 75.18 112.8 75.18 60.14 22.55 22.55 7.518 7.518 7.518 0 7.518 7.518 0 7.518 0 0 0 0
1 773 251.7 251.7 215.7 35.95 107.9 0 71.91 53.93 0 0 35.95 0 0 0 0 0 0 0 0
1 178 444.9 77.86 133.5 77.86 77.86 44.49 33.37 0 11.12 11.12 0 11.12 0 0 11.12 0 0 0 0
1 377.7 62.95 304.2 62.95 94.42 62.95 20.98 31.47 20.98 0 0 0 0 0 0 0 0 0 0 10.49
1 297.6 242.5 132.3 209.4 22.05 44.09 33.07 22.05 55.12 11.02 11.02 11.02 0 0 0 0 11.02 0 0 0
1 1022 404.1 451.6 71.31 142.6 71.31 71.31 47.54 71.31 0 0 0 0 0 23.77 0 0 0 0 0
1 661.2 575.9 319.9 85.32 85.32 277.3 63.99 21.33 0 21.33 21.33 0 0 0 0 0 0 0 0 0
1 227.5 470.2 303.3 106.2 212.3 30.33 136.5 15.17 15.17 0 0 0 0 0 0 0 0 0 0 0
1 631.8 285.3 366.8 346.5 81.52 142.7 40.76 81.52 40.76 0 20.38 0 0 0 0 0 0 0 0 0
1 449.8 265.3 69.2 103.8 126.9 34.6 46.14 11.53 0 23.07 23.07 0 0 0 0 0 0 0 0 0
1 531 156.2 234.3 31.24 187.4 156.2 78.09 109.3 0 31.24 0 0 0 0 31.24 0 0 15.62 0 0
1 408.7 516.2 473.2 301.1 86.04 172.1 107.5 21.51 21.51 21.51 0 0 0 0 0 21.51 0 0 0 0
1 2070 121.7 243.5 121.7 182.6 60.87 60.87 152.2 0 30.44 0 0 0 0 0 0 0 0 0 0
1 339.7 1335 266.9 218.4 72.79 97.06 0 0 24.26 0 72.79 0 0 0 0 0 0 0 0 0
1 1039 409.4 913.4 62.99 220.5 220.5 94.49 62.99 62.99 31.5 0 0 0 31.5 0 0 0 0 0 0
1 1263 745.1 162 615.5 162 64.79 64.79 0 64.79 32.39 0 32.39 0 0 0 0 0 0 32.39 0
1 1357 441.7 504.8 94.64 347 63.1 63.1 63.1 63.1 0 94.64 31.55 0 0 0 31.55 0 0 0 0
1 274.2 1122 274.2 249.2 49.85 373.8 24.92 49.85 49.85 24.92 0 0 0 0 0 0 0 0 0 0
1 155.1 139.6 713.6 170.6 139.6 31.03 155.1 15.51 0 0 0 0 0 15.51 0 0 0 0 15.51 0
1 561.2 187.1 17.01 408.2 153.1 85.03 0 204.1 17.01 17.01 17.01 0 0 0 0 17.01 17.01 0 0 0
1 547.1 281.4 93.79 93.79 312.6 78.16 31.26 0 62.53 15.63 31.26 0 0 0 15.63 0 0 0 0 0
1 436.9 712.8 298.9 68.98 22.99 390.9 115 68.98 22.99 68.98 0 0 0 45.99 22.99 0 0 0 22.99 0
1 319.4 213 365.1 228.2 45.63 15.21 121.7 91.27 30.42 15.21 45.63 0 0 0 15.21 15.21 0 0 0 0
1 497.1 281.7 66.28 348 66.28 49.71 49.71 99.42 66.28 66.28 0 33.14 0 16.57 16.57 0 0 0 0 0
1 350.3 218.9 218.9 72.98 233.5 58.38 58.38 14.6 87.58 29.19 29.19 0 43.79 0 14.6 0 29.19 0 0 0
1 315.7 331.5 299.9 142.1 63.14 157.8 47.35 31.57 15.78 142.1 15.78 0 0 15.78 0 0 0 0 0 0
1 230 197.1 186.2 120.5 120.5 43.81 65.71 32.85 21.9 10.95 0 32.85 10.95 0 21.9 0 0 0 0 0
1 909.4 296.9 185.6 129.9 55.68 55.68 74.23 74.23 0 0 0 37.12 18.56 0 0 18.56 0 0 0 0
1 2458 499.3 422.5 76.82 0 153.6 76.82 38.41 0 38.41 0 0 38.41 38.41 0 0 0 0 0 0
1 383.5 986.1 164.4 54.78 36.52 54.78 54.78 54.78 18.26 0 18.26 0 0 0 0 0 0 0 0 0
1 228.5 159.9 1097 319.9 114.2 45.7 68.55 45.7 137.1 0 45.7 0 22.85 0 0 0 0 0 0 0
1 410.9 246.5 191.8 1123 383.5 137 27.39 54.79 0 27.39 27.39 27.39 0 0 27.39 27.39 0 0 0 27.39
1 467.8 445.5 267.3 178.2 646 66.82 44.55 44.55 44.55 0 0 0 22.27 0 0 0 0 0 0 0
1 519.5 232.9 268.7 35.82 143.3 358.2 143.3 35.82 0 0 35.82 17.91 0 0 0 0 0 0 0 0
1 409.7 278 146.3 117.1 102.4 73.17 219.5 43.9 0 0 0 58.53 0 14.63 0 0 0 0 0 0
1 1018 482.3 294.7 160.8 134 107.2 26.79 294.7 80.38 53.59 26.79 0 0 0 0 0 0 0 0 0
1 477.8 418 179.2 74.65 44.79 59.72 29.86 44.79 134.4 14.93 14.93 0 0 0 0 0 0 0 0 0
1 396.8 414.8 450.9 216.4 126.2 36.07 0 18.03 18.03 54.1 54.1 0 0 0 0 0 0 0 18.03 0
1 521.5 92.03 306.8 276.1 107.4 46.01 15.34 30.68 0 0 92.03 15.34 15.34 0 0 0 0 0 0 15.34
1 261 417.6 208.8 143.6 52.2 65.25 39.15 52.2 0 13.05 0 13.05 26.1 0 13.05 0 0 0 0 0
1 284.2 234.1 367.8 217.4 217.4 200.6 66.88 0 16.72 0 50.16 0 16.72 0 0 0 0 0 0 0
1 359.3 235.4 148.7 161.1 74.34 61.95 111.5 37.17 0 0 24.78 0 0 24.78 0 0 0 0 0 0
1 675.9 124.2 124.2 96.56 137.9 41.38 41.38 41.38 27.59 27.59 13.79 13.79 0 0 13.79 0 0 0 0 0
1 1720 554 233.3 87.48 0 58.32 87.48 29.16 116.6 0 0 0 0 29.16 0 0 0 0 0 0
1 272.7 1154 230.8 125.9 62.94 20.98 125.9 41.96 0 20.98 20.98 0 20.98 0 0 0 0 0 0 0
1 334.1 139.2 584.8 139.2 27.85 41.77 27.85 27.85 13.92 13.92 0 13.92 27.85 0 0 0 0 0 0 0
1 214.3 160.7 160.7 522.3 147.3 26.78 26.78 40.18 13.39 0 13.39 13.39 0 0 0 0 0 0 0 0
1 271.2 226 135.6 45.21 527.4 105.5 60.28 45.21 15.07 15.07 0 15.07 15.07 0 15.07 0 0 0 0 15.07
1 618.7 103.1 80.2 45.83 57.28 160.4 34.37 11.46 0 0 11.46 0 0 0 22.91 0 0 0 0 0
1 446.8 558.5 95.73 111.7 79.78 47.87 223.4 15.96 0 0 0 0 0 0 15.96 0 0 0 0 0
1 130.9 196.3 447.1 76.34 43.62 54.53 21.81 65.44 21.81 21.81 0 0 10.91 0 0 0 0 0 0 0
1 348 69.59 150.8 301.6 46.4 57.99 34.8 34.8 81.19 34.8 0 0 0 0 0 0 0 0 0 0
1 545.1 248.8 47.4 130.3 106.6 35.55 0 0 23.7 23.7 23.7 0 0 0 0 0 0 0 0 0
1 493.4 354.2 101.2 12.65 101.2 63.26 25.3 25.3 25.3 25.3 12.65 12.65 0 12.65 0 0 0 0 0 0
1 171.2 619 210.7 118.5 52.68 13.17 26.34 26.34 13.17 13.17 13.17 13.17 13.17 0 0 13.17 0 0 0 0
1 190.1 111.8 346.6 223.6 67.09 22.36 22.36 44.73 11.18 11.18 11.18 11.18 22.36 22.36 0 0 0 0 0 0
1 675.1 94.75 59.22 130.3 106.6 11.84 0 11.84 59.22 0 0 11.84 0 0 11.84 11.84 0 0 0 0
1 433.6 591.2 65.69 39.42 13.14 91.97 13.14 13.14 13.14 13.14 0 0 0 0 13.14 0 0 0 0 13.14
1 272.2 222.7 346.4 148.5 24.75 123.7 24.75 24.75 24.75 0 12.37 0 0 0 0 12.37 0 0 0 0
1 735.3 163.4 212.4 228.8 98.04 32.68 32.68 81.7 0 0 0 16.34 0 16.34 0 0 0 0 16.34 0
1 219 523.1 121.7 85.16 158.2 12.17 24.33 48.66 24.33 0 0 0 0 0 0 0 0 0 0 0
1 135 57.88 463 96.46 86.81 86.81 19.29 0 9.646 9.646 0 0 0 0 0 0 0 0 0 0
1 640.5 86.85 43.43 119.4 43.43 43.43 75.99 0 10.86 0 10.86 0 0 0 10.86 0 0 0 0 0
1 991.4 594.8 66.09 44.06 286.4 110.2 22.03 66.09 0 0 0 0 0 0 0 0 22.03 0 0 0
1 958.9 376 319.6 37.6 18.8 75.2 18.8 18.8 37.6 0 0 18.8 0 0 0 0 0 0 0 0
1 424.1 1138 133.9 379.5 0 22.32 66.96 0 22.32 22.32 0 0 0 0 0 0 0 22.32 0 0
1 1057 229.8 436.7 344.8 206.9 0 0 22.98 0 0 0 0 0 0 0 0 0 0 0 0
1 262.4 807.5 121.1 444.1 242.3 60.56 0 0 60.56 0 0 20.19 0 0 0 0 0 0 0 0
1 346.4 57.74 563 14.43 216.5 101 57.74 14.43 14.43 28.87 14.43 0 14.43 0 0 0 0 0 0 0
1 806.1 339.4 127.3 381.8 84.85 254.6 84.85 21.21 0 0 21.21 0 0 0 0 0 0 0 0 0
1 236.7 670.5 276.1 138.1 335.3 19.72 157.8 39.44 59.17 0 0 39.44 0 0 0 0 0 0 0 0
1 151.8 80.94 313.6 111.3 50.59 182.1 0 80.94 0 20.24 10.12 0 10.12 0 0 0 0 0 0 0
1 340.7 113.6 61.95 237.5 82.6 30.98 82.6 0 41.3 20.65 0 0 0 10.33 10.33 0 0 0 0 0
1 782.5 223.6 63.87 63.87 207.6 47.91 0 63.87 31.94 15.97 63.87 0 15.97 0 0 0 15.97 0 0 0
1 280.4 664.1 162.3 59.03 14.76 162.3 44.27 14.76 59.03 0 14.76 0 0 0 0 0 0 0 0 0
1 1704 372.7 372.7 0 26.62 79.87 53.25 53.25 0 0 0 0 0 0 0 0 0 0 0 0
1 674.3 770.7 57.8 250.5 77.07 19.27 38.53 0 19.27 0 19.27 0 0 0 0 0 0 0 0 0
1 1041 390.2 780.4 130.1 156.1 78.04 0 0 0 0 26.01 0 0 0 0 0 0 0 0 0
1 400.6 560.9 360.6 400.6 140.2 100.2 40.06 0 0 0 0 0 0 0 0 0 0 0 0 0
1 230.9 442.6 461.9 269.4 327.2 76.98 96.22 0 0 19.24 0 0 0 0 0 0 0 0 0 0
1 260.7 192.1 219.5 219.5 164.6 137.2 41.16 68.6 13.72 0 0 27.44 0 13.72 0 0 0 13.72 0 0
1 430.8 172.3 172.3 114.9 186.7 157.9 129.2 14.36 14.36 43.08 0 0 0 0 0 0 0 0 0 0
1 1249 90.53 72.43 36.21 36.21 163 72.43 90.53 0 0 0 0 0 0 0 0 0 0 0 0
1 1630 1417 0 248 35.43 0 141.7 35.43 0 0 35.43 0 0 0 0 0 0 0 0 0
1 558.3 581.5 907.2 46.52 23.26 46.52 46.52 23.26 23.26 23.26 0 23.26 23.26 0 0 0 0 0 0 0
1 210.8 405.5 421.7 405.5 81.1 16.22 0 32.44 16.22 0 16.22 0 0 0 0 0 16.22 0 0 0
1 867.1 445.9 198.2 470.7 247.7 0 49.55 0 49.55 49.55 49.55 49.55 0 0 0 0 0 0 0 0
1 185.2 305 98.05 152.5 130.7 163.4 32.68 0 10.89 10.89 0 0 0 0 0 0 0 0 0 0
1 850.6 187.1 221.2 51.04 119.1 102.1 102.1 0 0 17.01 0 34.03 17.01 0 0 0 0 0 0 0
1 2270 1207 193.2 193.2 48.29 434.6 96.58 144.9 144.9 0 0 48.29 0 48.29 0 0 0 0 0 0
1 389.3 637.1 354 17.7 159.3 70.79 53.09 53.09 17.7 0 0 0 0 0 0 0 0 0 0 17.7
1 143.2 286.4 442.7 221.3 26.04 52.08 39.06 26.04 26.04 26.04 0 13.02 0 0 0 0 0 0 0 0
1 253.2 110.8 332.3 490.6 189.9 47.47 47.47 15.82 47.47 47.47 0 0 0 0 0 0 0 0 0 0
