Originally  
101 
A 
2	100	
1	1	NA	NA	
1	20	
1 381.7 201.4 169.6 63.61 84.82 63.61 63.61 0 0 0 10.6 0 0 0 21.2 0 0 0 0 0
1 402.6 281.8 161 120.8 120.8 53.68 67.1 40.26 0 26.84 26.84 13.42 26.84 0 0 0 0 0 0 0
1 352 645.4 391.1 215.1 97.78 78.23 58.67 58.67 39.11 0 19.56 0 0 0 0 0 0 0 0 0
1 646.1 452.2 366.1 193.8 172.3 150.7 64.61 43.07 21.54 43.07 0 0 0 0 0 0 0 0 0 0
1 568.1 348.2 311.6 311.6 73.31 54.98 54.98 36.65 54.98 0 18.33 0 0 0 0 0 0 0 0 0
1 841.8 410.1 172.7 323.8 194.3 21.59 21.59 86.34 21.59 21.59 0 0 21.59 0 0 0 0 21.59 0 0
1 367.6 428.9 337 137.9 76.59 107.2 15.32 15.32 15.32 0 0 0 15.32 0 15.32 0 0 0 0 0
1 458.6 354.4 500.3 271 145.9 62.54 104.2 20.85 83.39 0 62.54 0 0 20.85 0 0 0 0 0 0
1 720.9 216.3 234.3 324.4 72.09 108.1 54.07 18.02 18.02 0 18.02 18.02 0 0 0 0 0 0 0 0
1 264.1 528.2 155.3 139.8 201.9 108.7 31.07 15.53 31.07 15.53 31.07 15.53 15.53 0 0 0 0 0 0 0
1 784.7 144.6 330.4 165.2 185.9 165.2 82.6 20.65 41.3 41.3 41.3 20.65 20.65 0 0 0 20.65 0 0 0
1 267.5 386.4 133.8 178.3 74.31 14.86 178.3 104 29.72 44.58 29.72 29.72 0 14.86 0 0 0 0 0 0
1 770.4 416.4 437.2 187.4 104.1 62.46 20.82 20.82 20.82 0 20.82 20.82 0 0 0 0 0 0 0 0
1 355.7 474.3 133.4 207.5 59.28 133.4 59.28 29.64 14.82 0 0 0 14.82 0 0 0 0 0 0 0
1 849.7 451.4 398.3 132.8 239 53.11 239 132.8 26.55 79.66 26.55 0 26.55 0 0 0 0 0 0 0
1 423.9 479.2 221.2 147.4 92.15 202.7 55.29 55.29 55.29 0 55.29 0 0 18.43 18.43 0 0 18.43 0 0
1 250 238.7 250 79.56 136.4 56.83 90.93 0 0 11.37 0 0 0 22.73 0 0 0 0 0 0
1 419.2 248.4 108.7 341.6 124.2 77.64 46.58 77.64 0 0 31.05 0 15.53 31.05 0 15.53 15.53 0 0 0
1 788.6 305.8 112.7 16.09 128.7 112.7 32.19 16.09 32.19 16.09 32.19 0 0 0 0 0 0 16.09 0 0
1 300.1 450.1 150 81.84 68.2 136.4 68.2 54.56 13.64 13.64 0 0 13.64 0 13.64 0 0 0 0 0
1 307.1 518.3 537.5 134.4 115.2 115.2 19.19 19.19 57.58 38.39 57.58 0 0 0 0 0 0 0 0 0
1 361.3 236.2 138.9 291.8 111.2 69.47 0 0 41.68 13.89 41.68 27.79 27.79 0 13.89 0 13.89 0 0 0
1 668.4 254.6 95.48 111.4 191 95.48 79.57 47.74 31.83 0 0 15.91 0 0 0 0 0 0 0 0
1 871.3 413.8 65.34 174.3 108.9 370.3 21.78 21.78 21.78 43.56 21.78 0 21.78 21.78 0 0 0 0 0 0
1 247 400 223.5 70.59 58.82 47.06 58.82 35.29 11.76 23.53 0 0 0 0 0 0 0 0 0 0
1 301 314.7 205.2 177.8 95.76 41.04 13.68 109.4 27.36 13.68 0 13.68 13.68 13.68 0 0 0 0 13.68 13.68
1 288.1 202.7 74.69 160.1 117.4 42.68 42.68 10.67 74.69 0 0 0 0 42.68 0 0 0 0 10.67 0
1 296.7 109.9 175.8 87.92 164.8 87.92 21.98 10.99 65.94 32.97 0 10.99 0 10.99 0 0 0 10.99 0 10.99
1 377.1 125.7 62.84 83.79 62.84 125.7 62.84 0 31.42 20.95 62.84 20.95 0 0 10.47 0 0 0 0 0
1 396.5 226.6 169.9 102 56.64 0 67.97 33.98 33.98 0 11.33 11.33 0 0 0 11.33 0 11.33 0 0
1 371 309.2 82.44 82.44 61.83 20.61 20.61 41.22 20.61 10.31 0 0 10.31 0 0 0 0 0 0 0
1 585.9 472.5 245.7 132.3 189 75.6 56.7 18.9 18.9 56.7 18.9 18.9 0 0 0 0 0 0 0 0
1 355.6 183.5 263.8 114.7 57.36 22.94 22.94 57.36 11.47 22.94 0 11.47 11.47 11.47 0 0 0 0 0 0
1 400.4 369.6 215.6 200.2 123.2 92.4 30.8 61.6 0 30.8 15.4 0 0 0 0 0 0 0 0 0
1 770.5 366 269.7 115.6 134.8 77.05 38.52 19.26 38.52 0 19.26 19.26 38.52 0 0 0 0 0 0 19.26
1 495.9 572.2 152.6 286.1 114.4 57.22 76.29 0 57.22 19.07 19.07 0 19.07 19.07 0 0 19.07 0 0 0
1 491.3 215 291.7 122.8 184.3 30.71 61.42 46.06 0 15.35 0 15.35 0 30.71 0 0 0 15.35 15.35 0
1 263.6 511.8 310.2 186.1 93.05 108.6 0 31.02 15.51 0 15.51 15.51 0 0 0 0 0 0 0 0
1 412.5 137.5 302.5 137.5 151.3 68.75 41.25 27.5 27.5 13.75 13.75 27.5 13.75 0 0 0 0 0 0 0
1 422.1 342.9 92.33 118.7 118.7 65.95 52.76 65.95 26.38 0 0 0 0 0 13.19 0 0 0 0 0
1 644.5 402.8 209.5 32.23 161.1 48.34 48.34 32.23 0 0 32.23 0 0 0 0 0 0 0 0 0
1 360.3 228.2 204.2 84.07 12.01 72.06 48.04 120.1 0 24.02 0 12.01 24.02 0 12.01 0 0 0 0 0
1 396.6 235.5 198.3 123.9 86.76 61.97 24.79 37.18 12.39 12.39 12.39 0 0 24.79 0 0 0 0 12.39 0
1 224.8 389.7 314.7 194.8 104.9 74.93 74.93 29.97 0 29.97 29.97 0 0 0 0 0 14.99 0 0 14.99
1 163.9 128.8 281 199.1 128.8 81.97 70.26 35.13 35.13 0 11.71 11.71 11.71 11.71 0 0 0 0 0 0
1 633.8 145.2 145.2 132 105.6 79.22 52.82 0 13.2 13.2 0 0 0 0 0 0 0 0 0 0
1 332.5 468.6 166.3 105.8 181.4 60.46 30.23 75.57 15.11 30.23 0 15.11 30.23 0 0 0 0 0 0 0
1 408.3 222.7 742.3 129.9 18.56 111.3 92.79 18.56 37.12 55.67 0 18.56 0 0 0 0 0 0 0 0
1 269.4 220.4 306.2 232.7 36.74 48.99 48.99 12.25 24.49 12.25 0 0 0 12.25 0 0 0 0 0 0
1 333.9 369.6 143.1 47.7 155 11.92 35.77 35.77 11.92 23.85 11.92 11.92 0 0 0 0 0 0 0 0
1 220 114.1 203.7 122.2 8.15 65.2 16.3 8.15 8.15 8.15 8.15 16.3 0 0 8.15 0 8.15 0 0 0
1 332.4 123.5 133 161.5 123.5 9.498 47.49 0 0 9.498 0 9.498 0 0 0 0 0 0 0 0
1 380.1 287.7 82.19 82.19 71.92 41.1 20.55 10.27 20.55 10.27 0 10.27 0 0 0 0 0 0 10.27 0
1 319 284.9 330.4 56.97 22.79 34.18 22.79 0 11.39 11.39 0 11.39 11.39 11.39 0 0 0 0 11.39 0
1 705.5 210.1 270.2 180.1 30.02 15.01 60.04 15.01 0 0 0 0 15.01 0 0 0 0 0 0 0
1 377.4 531.2 237.7 97.86 97.86 13.98 0 0 13.98 13.98 13.98 0 0 0 0 0 0 0 0 0
1 348.8 259.1 169.4 79.72 59.79 29.9 0 0 19.93 0 0 19.93 0 0 0 0 0 0 0 9.966
1 403.4 299.7 126.8 184.4 34.58 34.58 11.53 11.53 11.53 11.53 0 23.05 0 0 0 0 0 0 0 0
1 440.8 230.4 150.3 40.07 60.11 50.09 0 30.05 0 0 0 0 0 0 0 0 0 0 0 0
1 397.1 363.1 136.2 113.5 45.39 34.04 22.69 22.69 0 0 0 0 0 0 0 0 0 0 0 0
1 194.6 158.6 194.6 86.5 36.04 28.83 7.209 0 7.209 0 7.209 0 0 0 0 0 0 0 0 0
1 593.8 175.4 283.4 175.4 40.49 53.98 13.5 0 0 0 0 13.5 0 0 0 0 0 0 0 0
1 337.8 219.6 59.12 101.4 76.02 0 33.78 8.446 8.446 0 0 0 0 0 0 0 0 0 0 0
1 414.6 283.1 131.5 70.78 60.67 40.45 0 0 0 10.11 0 0 0 0 0 0 0 0 0 0
1 402.1 195.6 206.5 141.3 65.2 32.6 32.6 0 0 0 10.87 0 0 0 0 0 0 0 0 0
1 719.2 329.6 149.8 209.8 29.96 14.98 0 29.96 0 0 0 14.98 0 0 0 0 0 0 0 0
1 196.2 327 158.8 65.4 102.8 37.37 9.343 9.343 9.343 9.343 9.343 0 0 0 0 0 0 0 0 0
1 228.3 147.8 188 67.16 20.15 6.716 0 0 0 0 0 6.716 6.716 0 0 0 0 0 0 0
1 417.2 142.2 123.3 142.2 85.34 18.96 18.96 0 0 0 0 0 0 0 0 0 0 0 0 0
1 633.5 422.4 243.7 113.7 64.98 97.47 0 0 48.73 0 0 0 0 0 0 0 0 0 0 0
1 746.7 448 265.5 99.56 0 33.19 33.19 16.59 16.59 0 0 0 0 0 0 0 0 0 0 0
1 323.2 617 249.7 191 29.38 44.07 14.69 0 0 0 0 0 0 0 0 0 0 0 0 0
1 691.6 255.6 300.7 135.3 60.14 30.07 15.04 15.04 0 0 0 0 0 0 0 0 0 0 0 0
1 739.1 701.2 151.6 113.7 75.8 37.9 18.95 37.9 0 0 0 0 18.95 0 0 0 0 0 0 0
1 324.3 465.3 352.5 70.5 84.6 56.4 28.2 28.2 0 0 0 0 0 0 0 0 0 0 0 0
1 348.5 321.7 361.9 160.8 40.21 53.61 40.21 13.4 0 0 0 0 0 0 0 0 0 0 0 0
1 489 258.9 215.7 258.9 100.7 28.76 43.14 43.14 0 0 0 0 0 0 0 0 0 0 0 0
1 300.1 230.1 240.1 100 70.02 40.01 0 10 10 0 0 0 0 0 0 0 0 0 0 0
1 431.8 355.6 165.1 114.3 76.2 63.5 25.4 0 38.1 0 0 0 0 0 0 0 0 0 0 0
1 250.4 302.6 187.8 187.8 62.6 20.87 10.43 0 0 10.43 0 0 10.43 0 0 0 0 0 0 0
1 535.4 235.1 261.2 143.7 78.35 26.12 13.06 13.06 0 0 0 0 0 0 0 0 0 0 0 0
1 346.7 240.8 115.6 105.9 67.42 28.89 19.26 19.26 19.26 0 0 0 0 0 0 0 0 0 0 0
1 362 185.2 126.3 50.51 75.77 8.419 16.84 16.84 0 0 0 0 0 0 0 0 0 0 0 0
1 310.1 224 163.7 86.14 34.45 25.84 8.614 0 0 8.614 0 0 0 0 0 0 0 0 0 0
1 461.4 290 290 118.6 26.37 79.1 26.37 0 26.37 0 0 0 0 0 0 0 0 0 0 0
1 198.3 190.6 160.1 91.5 61 22.88 22.88 15.25 0 0 0 0 0 0 0 0 0 0 0 0
1 272.9 99.23 206.7 107.5 74.42 24.81 8.269 16.54 0 16.54 0 0 0 0 0 0 0 0 0 0
1 325.5 299.1 96.77 26.39 79.18 26.39 8.797 0 8.797 0 8.797 0 0 0 0 0 0 0 0 0
1 451.3 285 237.5 95.01 59.38 11.88 23.75 11.88 11.88 0 0 0 0 0 0 0 0 0 0 0
1 680.7 427.4 190 158.3 31.66 63.32 31.66 0 0 0 0 0 0 0 0 0 0 0 0 0
1 470.1 313.4 222 78.35 78.35 26.12 65.29 13.06 39.18 0 0 0 0 0 0 0 0 0 0 0
1 372.3 397.9 256.7 154 38.51 25.67 12.84 0 25.67 0 0 0 0 0 0 0 0 0 0 0
1 199.5 234.2 199.5 130.1 60.72 8.674 26.02 8.674 0 0 0 0 0 0 0 0 0 0 0 0
1 279.9 154.7 117.8 103.1 58.92 0 14.73 0 0 0 0 0 7.365 0 0 0 0 0 0 0
1 189.9 100.2 58.01 73.83 36.92 47.47 15.82 5.274 0 0 0 0 0 0 0 0 0 0 0 0
1 487.5 152.9 114.7 47.79 47.79 28.68 57.35 0 0 0 9.559 0 0 0 9.559 0 0 0 0 0
1 465.7 354.8 133.1 22.18 22.18 77.62 11.09 0 0 0 11.09 0 0 11.09 0 0 0 0 0 0
1 387.5 252.3 117.1 63.08 45.05 9.011 0 0 27.03 0 0 0 0 0 0 0 0 0 0 0
1 324.6 480.4 220.7 142.8 77.9 12.98 12.98 0 0 12.98 0 0 12.98 0 0 0 0 0 0 0
