Originally  
101 
A 
42	100	
1	1	NA	NA	
1	20	
1 0.1269 0.3299 0.812 0.3806 0.3045 0.07612 0.203 0.1015 0.07612 0.05075 0.05075 0 0 0.02537 0 0 0 0 0 0
1 0.062 0.3306 0.434 0.372 0.3513 0.1447 0.124 0.1033 0.02067 0.02067 0 0.04133 0 0.04133 0 0 0 0 0.02067 0
1 0.05189 0.1902 0.4151 0.2594 0.3286 0.1557 0.1211 0.06918 0.03459 0.05189 0.0173 0.0173 0 0 0.0173 0 0 0 0 0
1 0.0535 0.2853 0.3923 0.3923 0.1962 0.1427 0.1605 0.01783 0.07133 0.03567 0 0.03567 0 0 0 0 0 0 0 0
1 0.02751 0.2751 1.43 0.2751 0.2751 0.165 0.11 0.05501 0.05501 0.02751 0 0.02751 0.02751 0 0 0 0 0 0 0
1 0.03939 0.1772 0.5121 0.5317 0.256 0.1379 0.07878 0.05908 0.07878 0 0.01969 0.01969 0.01969 0 0 0.01969 0 0 0 0.01969
1 0.06647 0.4874 0.4653 0.2437 0.3545 0.1773 0.1329 0.02216 0.1551 0.02216 0.02216 0.02216 0 0.02216 0 0 0.02216 0 0 0
1 0.07333 0.2933 0.66 0.2689 0.3911 0.3422 0.09777 0.04889 0.1222 0 0.04889 0.02444 0.02444 0 0.02444 0 0 0.02444 0 0
1 0.02251 0.2251 0.6978 0.5177 0.09003 0.2476 0.1576 0.135 0.06752 0.04502 0 0 0 0 0.02251 0 0 0 0 0.02251
1 0.0238 0.1785 0.2618 0.2618 0.2023 0.0238 0.0476 0.0952 0.0595 0.0238 0.0119 0 0 0 0 0 0 0 0 0
1 0.05105 0.1429 0.1429 0.2144 0.1838 0.1123 0.04084 0.06126 0.04084 0.01021 0 0.01021 0.01021 0 0 0 0 0 0 0
1 0.01544 0.1853 0.278 0.3552 0.1081 0.278 0.1544 0.03088 0.03088 0.07721 0.01544 0 0 0 0.01544 0 0 0 0 0
1 0 0.3069 0.5319 0.3478 0.3887 0.225 0.06138 0.08183 0.04092 0.02046 0.02046 0 0.02046 0 0 0 0 0 0 0
1 0.1026 0.08549 0.5471 0.342 0.2736 0.1539 0.08549 0.05129 0 0.0171 0.0171 0.0171 0 0 0.0171 0 0 0 0 0
1 0.0596 0.1788 0.298 0.3874 0.2086 0.1043 0.08941 0.0298 0.0447 0.0596 0 0.0149 0 0 0.0149 0 0 0 0 0
1 0.05092 0.3225 0.2886 0.2037 0.2376 0.1188 0.1188 0.1528 0.05092 0.03395 0.05092 0.01697 0.01697 0 0.01697 0.01697 0 0 0 0
1 0 0.2228 0.5347 0.2228 0.104 0.1188 0.104 0.05942 0.04456 0.02971 0.02971 0 0 0 0 0.01485 0 0 0 0
1 0.02724 0.2315 0.2315 0.3949 0.1498 0.05448 0.08171 0.08171 0.02724 0.02724 0.02724 0 0 0.02724 0 0 0 0 0 0
1 0.04412 0.1765 0.3383 0.2206 0.2353 0.1912 0.08824 0.07354 0.07354 0.01471 0 0 0 0 0.01471 0 0 0 0 0
1 0.04182 0.3973 0.2927 0.5018 0.2927 0.2509 0.04182 0.08363 0.1045 0.02091 0.04182 0.02091 0 0 0 0 0 0 0 0
1 0.118 0.3303 0.8964 0.2595 0.118 0.1651 0.1887 0.1415 0.04718 0.02359 0.04718 0.02359 0 0 0 0 0 0 0 0
1 0.02502 0.2002 0.3128 0.3879 0.1501 0.05005 0.03754 0.01251 0.02502 0.02502 0.01251 0.01251 0 0 0 0 0 0 0 0
1 0.01908 0.1145 0.6869 0.229 0.3244 0.1717 0.1336 0.09541 0.05724 0.01908 0 0 0.03816 0 0.01908 0 0 0 0 0
1 0.07982 0.2927 0.3991 0.878 0.5055 0.2395 0.07982 0.05321 0.05321 0.05321 0.02661 0 0 0 0 0 0 0 0 0
1 0.02175 0.4132 0.5219 0.3479 0.4567 0.2392 0.1305 0 0.02175 0 0 0 0 0.02175 0 0 0 0 0 0
1 0.1009 0.2306 0.3171 0.1441 0.173 0.1586 0.1009 0.1153 0.04324 0.02883 0 0.02883 0 0 0 0 0 0 0 0
1 0 0.2635 0.4538 0.3074 0.1464 0.05855 0.1903 0 0.01464 0.01464 0 0 0 0 0 0 0 0 0.01464 0
1 0.02411 0.3134 0.8438 0.434 0.2652 0.1205 0.07233 0.1205 0.04822 0.09643 0.02411 0 0 0.02411 0 0.02411 0 0 0 0
1 0.01554 0.2175 0.3262 0.5282 0.1398 0.1243 0.07768 0.03107 0.01554 0.04661 0.01554 0.01554 0 0 0 0 0 0 0 0
1 0 0.21 0.462 0.42 0.462 0.252 0.105 0.021 0.021 0.042 0 0.063 0 0.021 0 0.021 0 0 0 0
1 0.1297 0.3026 0.5187 0.3458 0.1729 0.3026 0.1081 0.04323 0.1081 0 0.06484 0 0.06484 0 0 0 0 0 0 0
1 0.0192 0.4224 0.4608 0.384 0.192 0.1344 0.192 0.0768 0.0192 0 0 0 0.0192 0 0 0 0 0 0 0
1 0.04002 0.2601 0.6203 0.3601 0.2601 0.06002 0.06002 0.12 0.06002 0.1 0 0.02001 0.02001 0.02001 0 0 0 0 0 0
1 0.0222 0.3108 0.2664 0.666 0.2664 0.1554 0.1998 0.0666 0.0888 0.0888 0.0666 0 0 0.0222 0 0 0 0 0 0
1 0 0.3701 0.4523 0.2056 0.3084 0.2056 0.2673 0.04112 0 0.1028 0.04112 0.02056 0.02056 0 0 0.02056 0 0 0 0
1 0.01406 0.1125 0.3937 0.2812 0.09842 0.1828 0.1547 0.04218 0.0703 0 0.05624 0 0 0 0 0 0 0 0 0
1 0.05851 0.09362 0.1755 0.1638 0.234 0.05851 0.1872 0.05851 0.04681 0.03511 0.0117 0.0234 0 0.0234 0 0 0 0 0 0
1 0.03437 0.4984 0.4297 0.1719 0.1891 0.08593 0.03437 0.1375 0.01719 0.03437 0.01719 0 0.01719 0.03437 0 0.01719 0 0 0 0
1 0.04214 0.3371 0.4495 0.1685 0.1124 0.1124 0.07023 0 0.05618 0.02809 0 0 0 0 0.01405 0.01405 0 0 0 0
1 0.01798 0.1978 0.4496 0.6114 0.1259 0.03597 0.07193 0.07193 0.01798 0.08991 0.05395 0.01798 0.01798 0.01798 0 0 0 0 0 0
1 0.01731 0.277 0.1731 0.4502 0.3636 0.1905 0.1039 0.03463 0.06926 0.01731 0 0 0.01731 0 0.01731 0 0 0 0 0
1 0 0.1828 0.4653 0.2492 0.2659 0.2659 0.0997 0.01662 0.06647 0 0 0.03323 0 0.01662 0 0 0 0 0 0
1 0.01063 0.1063 0.3082 0.2338 0.1169 0.1063 0.1488 0.02125 0 0 0 0 0 0 0.01063 0 0 0 0 0
1 0.03175 0.2011 0.1058 0.2328 0.2857 0.05291 0.05291 0.05291 0.02116 0.02116 0 0 0 0 0 0 0 0 0 0
1 0.02909 0.2182 0.3782 0.2182 0.1746 0.16 0.02909 0.08728 0.1018 0.01455 0 0 0 0 0 0 0.01455 0 0.01455 0.01455
1 0.1329 0.3157 0.2991 0.3323 0.1661 0.1329 0.1163 0.06646 0.04984 0.01661 0.01661 0 0.01661 0 0 0 0 0 0 0
1 0.01774 0.3726 0.4791 0.2839 0.2839 0.1242 0.01774 0.07098 0.03549 0.03549 0.03549 0 0 0 0 0 0 0 0.01774 0
1 0 0.1775 0.5325 0.355 0.05462 0.05462 0.05462 0.01366 0.04097 0.02731 0.02731 0.01366 0 0.01366 0 0 0 0 0 0
1 0.03503 0.1576 0.4554 0.6656 0.1576 0.08758 0.03503 0.05255 0.01752 0.03503 0 0.01752 0.01752 0 0 0 0 0 0 0.01752
1 0.05395 0.5125 0.5665 0.7014 0.4856 0.1079 0.1349 0.02698 0.02698 0.05395 0.02698 0 0 0 0 0 0 0 0 0
1 0.01797 0.1438 0.665 0.3415 0.2336 0.1258 0.05392 0.05392 0.03594 0.03594 0 0.03594 0.01797 0.03594 0 0 0 0 0 0
1 0.03848 0.1539 0.2886 0.5579 0.2309 0.2501 0.1924 0.1347 0.03848 0 0 0 0.03848 0 0 0 0 0 0 0
1 0.07497 0.1874 0.3373 0.2624 0.3748 0.1874 0.1312 0.1874 0.05622 0.03748 0.01874 0 0 0.01874 0 0 0 0 0 0
1 0.01758 0.4043 0.2988 0.2461 0.1406 0.2637 0.1406 0.03516 0.1231 0.03516 0.03516 0 0.01758 0 0 0 0 0 0 0
1 0.034 0.1133 0.3173 0.1927 0.1587 0.09067 0.05667 0.034 0.068 0.02267 0 0.01133 0.01133 0 0 0 0 0 0 0.02267
1 0.06534 0.245 0.4084 0.3104 0.1797 0.1143 0.08168 0.06534 0.01634 0.01634 0.04901 0.01634 0.01634 0.03267 0 0 0 0.01634 0 0
1 0.04244 0.2971 0.4032 0.4668 0.2546 0.2759 0.06366 0.08488 0.08488 0.02122 0.06366 0.02122 0.04244 0 0 0 0 0 0 0
1 0.02962 0.1185 0.4147 0.2518 0.2222 0.237 0.1037 0.02962 0.01481 0.01481 0.01481 0.01481 0 0.01481 0 0 0 0 0 0
1 0.02552 0.1276 0.2169 0.3063 0.1659 0.0638 0.1531 0.1021 0.02552 0 0.03828 0.02552 0.01276 0 0 0 0 0 0 0.01276
