Originally  
101 
A 
42	100	
1	1	NA	NA	
1	20	
1 0.04822 0.3858 0.651 0.1688 0.4581 0.09645 0.1688 0.1447 0.09645 0 0.04822 0.04822 0.02411 0 0 0 0 0 0.07233 0
1 0.02154 0.2369 0.7538 0.4092 0.08615 0.2584 0.1938 0.08615 0.02154 0.04307 0 0 0 0.02154 0 0 0 0 0.02154 0
1 0.06129 0.3678 0.6538 0.4086 0.2247 0.02043 0.1226 0.04086 0.08172 0.02043 0.02043 0 0 0.02043 0 0 0 0 0 0
1 0.04977 0.3318 0.448 0.2489 0.1327 0.1493 0.06637 0.08296 0.03318 0.04977 0.01659 0.03318 0 0 0 0 0 0 0.01659 0
1 0.02341 0.1873 0.6789 0.6086 0.2575 0.2809 0.09363 0.04682 0.02341 0.09363 0.02341 0.02341 0 0 0 0 0 0 0 0
1 0.1243 0.1243 0.3196 0.3906 0.2485 0.2308 0.1775 0.03551 0.03551 0.01775 0 0.03551 0 0 0.01775 0.01775 0 0 0 0
1 0.02029 0.5072 0.2841 0.1826 0.3855 0.3043 0.04058 0.08116 0.08116 0.04058 0.02029 0.02029 0.04058 0 0.02029 0 0 0 0 0
1 0.06785 0.1187 0.7464 0.2714 0.1018 0.1696 0.1018 0.03393 0.06785 0 0 0 0 0.01696 0 0 0 0 0 0
1 0.02747 0.206 0.1923 0.522 0.06868 0.08242 0.06868 0.08242 0.04121 0.04121 0 0 0 0.01374 0.01374 0 0 0 0.01374 0
1 0 0.2093 0.3863 0.2414 0.3863 0.06439 0.03219 0.1127 0.09658 0.04829 0 0.03219 0 0 0 0 0 0 0 0
1 0.01364 0.1091 0.3547 0.2729 0.1637 0.2456 0.05457 0.01364 0.04093 0.04093 0 0.02729 0.02729 0 0 0 0 0 0 0
1 0.03376 0.1351 0.1913 0.1801 0.1238 0.06753 0.2476 0.03376 0 0.03376 0.03376 0.01125 0.03376 0 0 0 0 0 0 0
1 0.03292 0.1536 0.1975 0.2414 0.1646 0.06583 0.0768 0.1207 0.02194 0 0.02194 0 0 0 0 0 0 0 0 0
1 0.01689 0.2365 0.5911 0.2702 0.152 0.1013 0.1182 0.05067 0.06756 0.03378 0.01689 0.01689 0 0.01689 0 0 0 0 0 0
1 0.0155 0.186 0.4959 0.4649 0.1395 0.07748 0.0155 0.07748 0.0155 0.06198 0 0 0 0 0 0 0 0 0 0
1 0.039 0.4095 0.4875 0.39 0.2925 0.0585 0.0585 0.0585 0.039 0.039 0.039 0 0 0.0195 0 0 0.0195 0 0 0
1 0.04629 0.1543 0.4937 0.2469 0.2623 0.1234 0.07714 0.03086 0.03086 0.03086 0.01543 0.03086 0 0 0 0 0 0 0 0
1 0.02145 0.118 0.2359 0.4075 0.118 0.0858 0.01072 0.01072 0.02145 0 0.01072 0.01072 0.02145 0 0 0 0 0 0 0
1 0.05474 0.1916 0.4516 0.2463 0.1779 0.05474 0.04105 0.05474 0 0.01368 0.01368 0.01368 0.02737 0.01368 0 0.01368 0 0 0 0
1 0.01081 0.2053 0.2161 0.227 0.07565 0.1297 0.08646 0.04323 0.04323 0.02161 0.01081 0 0 0 0.01081 0 0 0 0 0
1 0.01731 0.3116 0.3808 0.3462 0.1904 0.1212 0.1904 0.05193 0.05193 0 0.01731 0.01731 0 0.01731 0 0 0.01731 0 0 0
1 0.02184 0.07645 0.3277 0.273 0.1529 0.04369 0.05461 0.05461 0.01092 0.05461 0 0.01092 0 0 0 0 0.01092 0 0 0
1 0.07197 0.1439 0.2735 0.2447 0.2591 0.1439 0.08636 0 0.1008 0.02879 0.02879 0.04318 0.01439 0 0 0 0 0 0 0
1 0.06419 0.2246 0.5456 0.2086 0.1926 0.1444 0.06419 0.04814 0.01605 0.04814 0 0 0.03209 0 0.01605 0 0 0 0 0
1 0.02423 0.109 0.3393 0.2666 0.1212 0.09693 0.0727 0.06058 0.04847 0.06058 0.01212 0 0 0 0 0 0 0 0 0
1 0.01385 0.1385 0.2632 0.4709 0.2078 0.1247 0.09695 0.01385 0 0.01385 0 0.0277 0 0 0.01385 0 0 0 0 0
1 0.01358 0.1629 0.3666 0.258 0.1494 0.1358 0.06789 0.06789 0.02716 0.05431 0.01358 0 0.02716 0.01358 0 0 0 0 0 0
1 0.1115 0.1593 0.5099 0.2071 0.239 0.1593 0.06374 0.03187 0.0478 0 0.01593 0.01593 0.01593 0.01593 0 0 0 0 0 0
1 0.05037 0.403 0.403 0.806 0.1763 0.1511 0.2519 0.1007 0.05037 0.02519 0.07556 0.02519 0 0 0 0 0 0 0 0
1 0.03987 0.3788 0.4186 0.2193 0.2791 0.299 0.1196 0.0598 0.1196 0 0.01993 0 0.01993 0 0 0.01993 0 0 0 0
1 0.01924 0.404 0.7696 0.1924 0.1732 0.1732 0.0962 0.01924 0.01924 0.03848 0 0 0 0 0 0 0.01924 0 0 0
1 0.0271 0.4877 0.7587 0.6774 0.2168 0.1626 0.1626 0.1626 0 0 0.0271 0 0.0271 0 0 0 0 0 0 0
1 0.05605 0.1682 0.6726 0.4111 0.1121 0.1868 0.07474 0.1121 0.01868 0 0.05605 0 0 0 0 0 0 0 0 0
1 0.06563 0.6344 0.2844 0.6782 0.2407 0.1313 0.06563 0 0.04376 0 0 0 0 0.02188 0 0 0 0.02188 0 0
1 0.04469 0.3128 0.8491 0.3128 0.2458 0.1788 0.1788 0.02235 0 0 0.02235 0.02235 0.02235 0 0.02235 0 0 0 0 0
1 0.02018 0.2018 0.6661 0.4441 0.1009 0.222 0.1817 0.04037 0.08074 0.02018 0.04037 0 0 0 0 0 0 0 0 0
1 0.01762 0.1939 0.4935 0.2996 0.3877 0.0705 0.08812 0.0705 0.05287 0.03525 0 0.05287 0 0 0 0 0 0 0 0
1 0 0.1813 0.3956 0.3626 0.2308 0.1813 0.1154 0.03297 0.06594 0.04945 0 0.01648 0 0 0 0.01648 0 0 0 0
1 0.07065 0.1272 0.3533 0.1837 0.212 0.212 0.09892 0.05652 0.05652 0 0.01413 0 0.01413 0.01413 0 0 0 0 0 0
1 0 0.2245 0.2993 0.3442 0.2394 0.08978 0.05986 0.1197 0.02993 0.01496 0.04489 0.02993 0 0 0 0 0 0 0 0
1 0.05126 0.2307 0.7177 0.3076 0.3845 0.282 0.1282 0.2051 0.0769 0.0769 0.02563 0 0 0.02563 0.05126 0 0 0 0 0
1 0 0.2097 0.259 0.222 0.1357 0.1357 0.1233 0.04933 0.02467 0.02467 0.01233 0.01233 0 0.01233 0.01233 0 0 0 0 0
1 0.09293 0.3252 0.3717 0.3949 0.3252 0.1394 0.2091 0.1859 0.1162 0.1162 0.02323 0 0 0 0 0 0 0.02323 0 0
1 0.0511 0.1661 0.3832 0.2427 0.1022 0.1533 0.03832 0.0511 0.03832 0.02555 0.01277 0.01277 0 0 0 0 0 0 0 0
1 0.01428 0.2142 0.4997 0.1856 0.1713 0.1428 0.04283 0.05711 0.04283 0.02855 0.02855 0 0 0 0 0 0 0 0 0
1 0.0401 0.06683 0.4143 0.2406 0.2941 0.1069 0.05346 0.02673 0.02673 0.02673 0 0.01337 0.01337 0.01337 0 0 0 0 0 0
1 0.04338 0.05784 0.347 0.3181 0.3037 0.1012 0.05784 0.05784 0.0723 0.01446 0.01446 0 0.02892 0.02892 0 0 0 0 0 0
1 0.05524 0.1326 0.1878 0.1657 0.243 0.08838 0.08838 0.04419 0.03314 0.01105 0.02209 0.02209 0 0 0 0.01105 0 0 0 0
1 0.03578 0.161 0.5904 0.2862 0.1968 0.2862 0.07156 0.03578 0.01789 0.05367 0 0 0.01789 0.01789 0 0 0 0.01789 0 0
1 0.0465 0.1279 0.2325 0.2906 0.1511 0.06975 0.1163 0.03488 0.02325 0.03488 0.02325 0 0 0 0.01163 0 0 0 0 0
1 0.05539 0.18 0.4016 0.2631 0.1939 0.05539 0.06923 0.05539 0.05539 0.02769 0 0 0 0.01385 0 0 0 0 0.01385 0
1 0.01207 0.1328 0.495 0.2053 0.157 0.07244 0.01207 0.02415 0.02415 0.02415 0.01207 0 0.02415 0 0.01207 0 0 0 0 0
1 0.04561 0.2965 0.6614 0.7982 0.1368 0.114 0.06842 0.04561 0.04561 0.02281 0 0.04561 0 0 0 0 0 0 0 0
1 0.051 0.238 0.408 0.459 0.238 0.119 0.034 0.102 0 0.017 0 0.017 0 0.017 0 0 0 0 0 0
1 0.02599 0.07797 0.3119 0.2599 0.1949 0.1559 0.117 0.06498 0.05198 0.02599 0 0 0.013 0 0 0 0 0 0 0
1 0.02405 0.09619 0.2886 0.2405 0.2164 0.1202 0.07214 0.04809 0.01202 0.03607 0.01202 0.01202 0.01202 0.01202 0 0 0 0 0 0
1 0.08275 0.2246 0.2128 0.1891 0.13 0.05911 0.1537 0.04729 0.03547 0 0.02364 0.01182 0 0.01182 0 0 0 0 0 0
1 0.07306 0.2557 0.3653 0.2192 0.0487 0.0487 0.01218 0.0487 0.09741 0.01218 0.01218 0.02435 0 0 0 0 0 0 0 0
1 0.06102 0.3254 0.6305 0.4475 0.1627 0.04068 0.1627 0.02034 0.06102 0.06102 0.04068 0 0 0 0 0.02034 0 0 0 0
