 landings-at-age - landings.n (units : NA )
1	2	
42	100	
1	20	
1 
0.4146 4.784 11.09 5.225 7.057 4.327 4.199 1.272 1.458 0.7162 0.6062 0.5131 0.3086 0.215 0.1186 0.09823 0.05782 0.07887 0.05577 0.08878
0.2685 2.639 7.467 5.009 1.973 2.665 1.634 1.586 0.4804 0.5504 0.2704 0.2289 0.1938 0.1165 0.08119 0.04479 0.03709 0.02184 0.02978 0.05459
0.3496 4.424 10.64 8.789 4.941 1.946 2.628 1.612 1.564 0.4739 0.5429 0.2667 0.2258 0.1911 0.1149 0.08008 0.04418 0.03659 0.02154 0.08322
0.1232 3.581 11.08 7.731 5.345 3.005 1.184 1.598 0.9802 0.9511 0.2882 0.3302 0.1622 0.1373 0.1162 0.0699 0.0487 0.02687 0.02225 0.06371
0.1836 1.847 13.06 11.73 6.852 4.737 2.663 1.049 1.417 0.8687 0.843 0.2554 0.2926 0.1438 0.1217 0.103 0.06195 0.04316 0.02381 0.07618
0.5477 1.739 4.263 8.702 6.532 3.815 2.638 1.483 0.584 0.7888 0.4837 0.4693 0.1422 0.1629 0.08005 0.06776 0.05735 0.03449 0.02403 0.05567
0.1541 5.229 4.06 2.886 4.927 3.699 2.16 1.493 0.8395 0.3307 0.4466 0.2739 0.2657 0.08052 0.09225 0.04532 0.03836 0.03247 0.01953 0.04513
0.2764 2.15 17.78 4.012 2.387 4.075 3.059 1.786 1.235 0.6943 0.2735 0.3694 0.2265 0.2198 0.06659 0.07629 0.03749 0.03173 0.02686 0.05348
0.2753 3.194 6.043 14.46 2.728 1.623 2.771 2.08 1.215 0.8398 0.4721 0.186 0.2511 0.154 0.1494 0.04528 0.05187 0.02549 0.02157 0.05462
0.1849 2.833 8.008 4.38 8.759 1.653 0.9832 1.679 1.26 0.7359 0.5088 0.286 0.1127 0.1522 0.0933 0.09054 0.02743 0.03143 0.01544 0.04616
0.1932 2.268 8.456 6.918 3.165 6.328 1.194 0.7104 1.213 0.9105 0.5317 0.3676 0.2066 0.0814 0.1099 0.06741 0.06542 0.01982 0.02271 0.04451
0.3615 2.357 6.715 7.227 4.943 2.261 4.521 0.8531 0.5076 0.8665 0.6505 0.3799 0.2626 0.1476 0.05816 0.07855 0.04816 0.04674 0.01416 0.04802
0.3541 3.607 5.714 4.692 4.219 2.885 1.32 2.639 0.498 0.2963 0.5058 0.3797 0.2217 0.1533 0.08618 0.03395 0.04585 0.02811 0.02728 0.0363
0.2169 4.104 10.16 4.65 3.192 2.87 1.963 0.8979 1.795 0.3388 0.2016 0.3441 0.2583 0.1509 0.1043 0.05863 0.0231 0.03119 0.01913 0.04325
0.5438 2.626 12.05 8.604 3.293 2.26 2.032 1.39 0.6358 1.271 0.2399 0.1427 0.2437 0.1829 0.1068 0.07385 0.04151 0.01635 0.02209 0.04417
0.2744 5.817 6.815 9.004 5.372 2.056 1.411 1.269 0.8677 0.3969 0.7937 0.1498 0.0891 0.1521 0.1142 0.06669 0.04611 0.02592 0.01021 0.04137
0.3021 2.887 14.87 5.025 5.547 3.309 1.266 0.8693 0.7816 0.5346 0.2445 0.489 0.09226 0.05489 0.09371 0.07035 0.04108 0.02841 0.01597 0.03177
0.295 3.526 8.18 12.17 3.436 3.794 2.263 0.8661 0.5945 0.5346 0.3656 0.1672 0.3344 0.0631 0.03754 0.06409 0.04811 0.0281 0.01943 0.03265
0.3114 2.759 8.03 5.379 6.685 1.888 2.085 1.244 0.4759 0.3267 0.2937 0.2009 0.09189 0.1837 0.03467 0.02063 0.03522 0.02644 0.01544 0.02861
0.2676 3.33 7.201 6.077 3.405 4.232 1.195 1.319 0.7872 0.3012 0.2068 0.1859 0.1272 0.05816 0.1163 0.02195 0.01306 0.02229 0.01673 0.02788
0.1318 2.246 6.853 4.304 3.039 1.703 2.116 0.5977 0.6599 0.3937 0.1506 0.1034 0.09298 0.06359 0.02909 0.05817 0.01097 0.00653 0.01115 0.02231
0.2085 1.557 6.512 5.8 3.052 2.155 1.207 1.501 0.4238 0.4679 0.2791 0.1068 0.07332 0.06593 0.04509 0.02062 0.04124 0.007781 0.00463 0.02373
0.3311 3.663 6.66 8.105 6.045 3.181 2.246 1.258 1.564 0.4417 0.4877 0.291 0.1113 0.07642 0.06872 0.047 0.0215 0.04299 0.008111 0.02956
0.1537 2.461 6.656 3.495 3.555 2.651 1.395 0.9851 0.5519 0.686 0.1937 0.2139 0.1276 0.04883 0.03352 0.03014 0.02061 0.009428 0.01885 0.01652
0.1549 1.42 5.588 4.406 1.938 1.971 1.47 0.7734 0.5461 0.306 0.3803 0.1074 0.1186 0.07074 0.02707 0.01858 0.01671 0.01143 0.005227 0.01961
0.4548 3.06 6.838 7.848 5.186 2.281 2.319 1.73 0.9102 0.6427 0.3601 0.4475 0.1264 0.1395 0.08325 0.03186 0.02187 0.01966 0.01345 0.02923
0.1582 3.389 5.578 3.604 3.456 2.284 1.004 1.021 0.7619 0.4009 0.2831 0.1586 0.1971 0.05567 0.06146 0.03667 0.01403 0.009631 0.00866 0.0188
0.219 1.854 9.738 4.67 2.527 2.424 1.601 0.7043 0.7162 0.5342 0.2811 0.1985 0.1112 0.1382 0.03904 0.04309 0.02571 0.009838 0.006753 0.01925
0.3654 2.969 6.139 9.379 3.766 2.038 1.954 1.291 0.568 0.5776 0.4308 0.2267 0.1601 0.08968 0.1115 0.03148 0.03475 0.02073 0.007934 0.02097
0.3762 4.095 8.115 4.864 6.217 2.496 1.351 1.295 0.856 0.3765 0.3828 0.2855 0.1502 0.1061 0.05944 0.07388 0.02087 0.02303 0.01374 0.01916
0.3761 3.689 9.815 5.64 2.828 3.614 1.451 0.7852 0.7531 0.4977 0.2189 0.2226 0.166 0.08735 0.06168 0.03455 0.04295 0.01213 0.01339 0.01913
0.155 3.346 8.055 6.236 3 1.504 1.922 0.7719 0.4176 0.4006 0.2647 0.1164 0.1184 0.08829 0.04646 0.0328 0.01838 0.02284 0.006452 0.0173
0.6163 2.966 15.59 10.94 7.095 3.413 1.711 2.187 0.8781 0.4751 0.4557 0.3011 0.1324 0.1347 0.1004 0.05285 0.03732 0.02091 0.02599 0.02702
0.4356 5.197 6.103 9.264 5.43 3.522 1.694 0.8494 1.086 0.4359 0.2359 0.2262 0.1495 0.06574 0.06685 0.04986 0.02624 0.01852 0.01038 0.02631
0.2703 4.543 13.26 4.526 5.749 3.37 2.186 1.051 0.5272 0.6737 0.2705 0.1464 0.1404 0.09277 0.0408 0.04149 0.03095 0.01628 0.0115 0.02277
0.351 4.026 16.48 13.98 3.994 5.074 2.974 1.929 0.9279 0.4652 0.5946 0.2387 0.1292 0.1239 0.08187 0.036 0.03661 0.02731 0.01437 0.03024
0.3446 3.978 11.09 13.11 9.296 2.656 3.374 1.977 1.283 0.6169 0.3093 0.3953 0.1587 0.08589 0.08238 0.05444 0.02394 0.02434 0.01816 0.02966
0.2526 3.948 11.07 8.906 8.8 6.241 1.783 2.265 1.328 0.8611 0.4142 0.2077 0.2654 0.1066 0.05766 0.0553 0.03654 0.01607 0.01634 0.0321
0.2942 2.615 9.939 8.04 5.407 5.343 3.789 1.083 1.375 0.806 0.5228 0.2515 0.1261 0.1611 0.06471 0.03501 0.03358 0.02219 0.009758 0.02941
0.2271 3.159 6.836 7.514 5.082 3.418 3.377 2.395 0.6842 0.8691 0.5095 0.3304 0.1589 0.07969 0.1018 0.0409 0.02213 0.02122 0.01402 0.02476
0.1839 1.93 6.568 4.118 3.786 2.56 1.722 1.701 1.207 0.3447 0.4379 0.2567 0.1665 0.08007 0.04015 0.05131 0.0206 0.01115 0.01069 0.01954
0.2153 2.105 5.412 5.365 2.817 2.589 1.751 1.178 1.164 0.8252 0.2358 0.2995 0.1755 0.1139 0.05477 0.02746 0.0351 0.01409 0.007625 0.02068
0.3211 3.138 7.481 5.592 4.641 2.437 2.24 1.515 1.019 1.007 0.7139 0.204 0.2591 0.1519 0.0985 0.04738 0.02376 0.03036 0.01219 0.02448
0.2895 3.518 8.369 5.773 3.608 2.995 1.572 1.445 0.9775 0.6574 0.6496 0.4606 0.1316 0.1672 0.09799 0.06356 0.03057 0.01533 0.01959 0.02366
0.2177 3.003 8.897 6.128 3.535 2.209 1.834 0.9628 0.885 0.5985 0.4025 0.3977 0.282 0.08058 0.1024 0.06 0.03892 0.01872 0.009385 0.02648
0.1073 1.94 6.55 5.633 3.245 1.872 1.17 0.9711 0.5099 0.4687 0.317 0.2132 0.2106 0.1494 0.04268 0.05421 0.03177 0.02061 0.009913 0.019
0.2019 1.021 4.538 4.468 3.218 1.854 1.069 0.6684 0.5547 0.2913 0.2677 0.1811 0.1218 0.1203 0.08533 0.02438 0.03097 0.01815 0.01177 0.01652
0.2722 3.643 4.497 5.83 4.81 3.464 1.996 1.151 0.7196 0.5972 0.3136 0.2882 0.1949 0.1311 0.1295 0.09186 0.02624 0.03334 0.01954 0.03045
0.3666 3.476 11.29 4.028 4.366 3.602 2.594 1.495 0.8622 0.5389 0.4473 0.2349 0.2159 0.146 0.09818 0.09702 0.0688 0.01966 0.02497 0.03744
0.5 4.213 9.678 9.054 2.699 2.925 2.414 1.738 1.001 0.5776 0.3611 0.2997 0.1573 0.1446 0.09781 0.06578 0.065 0.04609 0.01317 0.04181
0.3583 4.976 10.18 6.735 5.262 1.568 1.7 1.403 1.01 0.5821 0.3357 0.2098 0.1742 0.09145 0.08406 0.05685 0.03823 0.03778 0.02679 0.03196
0.2043 2.772 9.415 5.572 3.081 2.407 0.7176 0.7779 0.6418 0.4622 0.2663 0.1536 0.096 0.07968 0.04184 0.03846 0.02601 0.01749 0.01728 0.02688
0.1188 1.935 6.448 6.386 3.165 1.75 1.367 0.4076 0.4418 0.3645 0.2625 0.1513 0.08724 0.05453 0.04526 0.02376 0.02184 0.01477 0.009934 0.02508
0.114 1.421 5.682 5.534 4.592 2.276 1.258 0.9833 0.2931 0.3177 0.2621 0.1888 0.1088 0.06273 0.03921 0.03254 0.01709 0.01571 0.01062 0.02518
0.1831 1.595 4.868 5.679 4.634 3.845 1.906 1.054 0.8234 0.2454 0.266 0.2195 0.1581 0.09108 0.05253 0.03283 0.02725 0.01431 0.01315 0.02998
0.3465 2.523 5.355 4.743 4.631 3.778 3.136 1.554 0.8593 0.6714 0.2001 0.2169 0.179 0.1289 0.07427 0.04284 0.02678 0.02222 0.01167 0.03517
0.4425 4.437 7.832 4.801 3.555 3.471 2.832 2.351 1.165 0.6442 0.5033 0.15 0.1626 0.1342 0.09662 0.05567 0.03211 0.02007 0.01666 0.03511
0.2807 3.179 7.786 3.964 2.029 1.503 1.467 1.197 0.9936 0.4924 0.2723 0.2127 0.06341 0.06874 0.05671 0.04084 0.02353 0.01357 0.008483 0.02188
0.2092 3.084 8.56 6.104 2.602 1.332 0.9865 0.9632 0.7859 0.6522 0.3232 0.1787 0.1397 0.04162 0.04512 0.03723 0.02681 0.01545 0.00891 0.01993
