Originally  
101 
A 
2	100	
1	1	NA	NA	
1	20	
1 791.9 449.5 235.4 171.2 128.4 107 64.21 21.4 21.4 21.4 42.81 21.4 21.4 0 42.81 0 0 0 0 0
1 1229 351 351 321.8 263.3 146.3 29.25 0 58.51 29.25 0 58.51 0 0 29.25 0 0 29.25 29.25 0
1 314.5 428.8 257.3 185.8 57.17 0 57.17 42.88 42.88 14.29 14.29 0 0 0 0 0 0 0 0 14.29
1 160.3 263.3 309.1 114.5 57.25 68.7 57.25 45.8 11.45 22.9 11.45 0 22.9 0 0 0 0 0 0 0
1 524.9 184.4 156.1 212.8 70.93 85.12 56.75 28.37 28.37 0 0 14.19 0 28.37 0 0 14.19 0 0 14.19
1 1055 435.9 229.4 183.5 206.5 68.83 45.88 22.94 22.94 0 22.94 0 0 0 0 0 0 0 0 0
1 145.6 553.1 189.2 58.22 58.22 203.8 87.33 43.67 43.67 29.11 14.56 14.56 14.56 0 0 0 0 0 0 0
1 376.5 139.4 390.4 139.4 55.77 97.6 41.83 0 27.89 27.89 27.89 27.89 0 0 13.94 13.94 0 0 0 13.94
1 115.1 188.4 73.27 251.2 177.9 31.4 41.87 52.34 10.47 20.93 10.47 10.47 20.93 10.47 31.4 0 0 0 0 0
1 333.4 62.5 156.3 72.92 177.1 52.09 52.09 20.83 20.83 31.25 20.83 10.42 10.42 10.42 0 10.42 0 0 0 0
1 338.5 193.4 19.34 116.1 38.68 154.7 29.01 29.01 9.671 9.671 0 0 19.34 0 0 0 0 0 0 9.671
1 257.9 249 133.4 17.79 53.36 26.68 62.25 44.46 8.893 8.893 0 8.893 8.893 8.893 0 0 0 0 0 0
1 339.9 179.9 179.9 59.97 9.996 79.97 39.98 59.97 9.996 0 0 29.99 9.996 0 0 0 0 0 0 0
1 186.7 307.6 186.7 197.7 65.91 21.97 54.92 0 32.95 21.97 21.97 0 0 0 0 0 0 0 0 0
1 1230 241.7 219.7 109.9 197.7 21.97 0 21.97 0 43.94 21.97 21.97 0 43.94 21.97 0 0 0 0 0
1 1891 520.8 27.41 137.1 82.23 0 27.41 0 0 0 0 27.41 27.41 0 0 0 0 0 0 0
1 160.1 873.5 189.3 29.12 72.79 43.68 29.12 14.56 0 0 0 29.12 0 14.56 0 0 0 0 0 0
1 398.7 243.6 797.4 420.8 110.7 88.6 44.3 44.3 0 0 0 0 22.15 0 0 22.15 0 0 0 22.15
1 378.3 143.5 91.31 456.6 130.4 39.13 13.04 13.04 0 0 0 0 0 26.09 0 0 0 0 13.04 0
1 716.8 418.1 139.4 99.55 378.3 139.4 19.91 19.91 39.82 0 0 0 0 0 0 0 0 0 0 19.91
1 110.6 580.7 179.7 82.96 82.96 193.6 82.96 13.83 27.65 0 13.83 13.83 0 0 0 0 0 0 0 0
1 210.9 175.7 562.4 246 35.15 35.15 263.6 140.6 0 17.57 0 17.57 0 0 0 17.57 17.57 0 0 17.57
1 194.2 93.49 35.96 201.4 64.73 21.58 21.58 71.92 7.192 0 0 0 7.192 0 0 0 0 0 0 0
1 574.3 262.5 114.9 98.45 262.5 49.22 98.45 16.41 98.45 32.82 0 0 0 0 0 16.41 0 16.41 0 0
1 1095 204.2 74.24 92.8 37.12 167 55.68 0 37.12 55.68 37.12 0 0 0 0 0 0 0 0 0
1 309.7 401.5 114.7 22.94 34.42 34.42 91.78 34.42 11.47 22.94 45.89 11.47 0 0 0 11.47 0 0 0 0
1 791.7 226.2 395.8 188.5 56.55 56.55 18.85 37.7 37.7 0 18.85 37.7 18.85 0 0 0 0 0 0 0
1 229.5 472.5 202.5 270 81 27 27 0 13.5 13.5 0 0 0 13.5 0 0 0 0 0 0
1 885.9 263.4 526.7 263.4 215.5 0 0 23.94 23.94 95.77 47.88 0 0 23.94 23.94 0 0 0 0 0
1 424.1 441.1 220.6 237.5 16.97 169.7 33.93 16.97 16.97 16.97 33.93 16.97 0 0 50.9 0 0 0 0 0
1 191.1 434.2 399.5 121.6 312.6 86.84 86.84 34.74 17.37 0 17.37 0 0 0 0 17.37 0 0 0 17.37
1 473.3 88.74 251.4 266.2 73.95 162.7 14.79 118.3 14.79 14.79 0 0 0 0 0 0 0 0 0 0
1 1578 430.4 114.8 229.6 229.6 57.39 86.08 0 114.8 0 0 0 0 28.69 0 0 0 0 0 0
1 51.85 609.3 259.3 38.89 90.74 116.7 25.93 77.78 0 12.96 12.96 0 0 0 0 0 0 0 0 0
1 145.5 66.13 529.1 238.1 0 119 92.59 39.68 52.91 0 13.23 13.23 0 13.23 0 0 0 0 0 0
1 220.3 190.9 14.69 484.7 190.9 14.69 73.44 88.13 44.06 44.06 29.38 44.06 0 0 14.69 0 0 0 0 14.69
1 489.7 212.2 114.3 32.65 359.1 114.3 0 114.3 97.95 32.65 32.65 0 0 16.32 0 0 0 16.32 0 0
1 710.3 518.3 192 134.4 57.59 115.2 95.99 19.2 19.2 19.2 19.2 0 19.2 0 0 0 0 0 0 0
1 809.5 595.2 309.5 95.23 47.61 47.61 238.1 71.42 0 47.61 0 23.81 71.42 0 23.81 0 0 0 0 0
1 558.9 424 462.5 77.09 38.54 38.54 19.27 115.6 38.54 0 38.54 57.82 0 0 19.27 38.54 0 0 0 0
1 1112 400.2 333.5 44.47 88.93 0 22.23 22.23 66.7 22.23 0 0 44.47 22.23 22.23 0 22.23 0 0 0
1 326.3 863.7 115.2 307.1 211.1 57.58 0 0 0 19.19 0 0 0 19.19 0 0 0 0 0 0
1 476.5 582.4 847.2 317.7 185.3 132.4 52.95 0 0 0 26.47 0 0 0 26.47 0 0 0 0 0
1 192 169.4 259.7 180.7 169.4 33.88 56.46 11.29 11.29 0 0 22.58 0 0 0 11.29 0 11.29 0 0
1 614.1 345.4 326.2 211.1 191.9 76.76 57.57 19.19 38.38 0 0 0 19.19 0 0 0 19.19 0 0 0
1 193.3 265.7 157 132.9 144.9 157 36.24 60.39 12.08 0 12.08 0 0 24.16 12.08 0 0 0 0 0
1 307.8 230.8 166.7 51.29 64.12 128.2 166.7 51.29 51.29 38.47 12.82 0 0 0 12.82 0 0 0 0 0
1 600.5 234.3 58.58 190.4 87.87 73.23 117.2 73.23 0 0 14.65 0 14.65 0 0 0 0 0 0 0
1 470.2 317.4 152.8 35.27 58.78 23.51 11.76 35.27 23.51 11.76 35.27 0 0 0 0 0 0 0 0 0
1 470.2 442.5 235.1 55.32 55.32 41.49 13.83 13.83 13.83 27.66 13.83 0 0 0 0 0 0 0 0 0
1 429.8 328.6 189.6 126.4 63.2 25.28 25.28 12.64 0 25.28 12.64 12.64 12.64 0 0 0 0 0 0 0
1 1472 571 360.6 180.3 180.3 30.05 60.1 0 0 30.05 60.1 30.05 0 30.05 0 0 0 0 0 0
1 462 375.3 158.8 274.3 72.18 43.31 14.44 0 28.87 0 0 0 14.44 0 0 0 0 0 0 0
1 160.5 177.4 169 143.6 50.69 59.13 33.79 8.448 8.448 8.448 0 0 0 25.34 0 0 0 0 0 0
1 194.9 111.4 194.9 148.5 92.82 74.26 64.98 18.56 9.282 0 9.282 0 0 0 0 0 0 9.282 0 0
1 786 353.7 117.9 216.2 216.2 78.6 157.2 39.3 0 0 0 0 0 0 0 0 0 0 0 0
1 280.6 410.1 75.54 0 43.17 107.9 53.96 43.17 10.79 43.17 10.79 0 0 0 0 0 0 0 0 0
1 382.8 124.2 155.2 82.77 41.38 82.77 93.11 10.35 31.04 20.69 10.35 0 0 0 0 0 0 0 0 0
1 659.4 211.5 136.9 112 49.76 12.44 12.44 12.44 24.88 0 0 12.44 0 0 0 0 0 0 0 0
1 176.4 517.5 129.4 152.9 82.34 58.81 11.76 0 23.52 23.52 0 0 0 0 0 0 0 0 0 0
1 102.7 130.7 336.1 140.1 84.03 93.37 18.67 9.337 0 9.337 9.337 0 0 0 0 0 0 0 0 0
1 843.7 116.4 116.4 174.6 87.28 43.64 43.64 14.55 0 0 14.55 0 0 0 0 0 0 0 0 0
1 313.7 458.5 60.33 60.33 168.9 84.46 12.07 24.13 0 0 12.07 12.07 0 0 0 0 0 0 0 0
1 267.9 308.1 388.4 0 80.37 133.9 40.18 26.79 40.18 0 13.39 0 26.79 13.39 0 0 0 0 0 0
1 441.4 134.9 282 196.2 24.52 24.52 36.79 12.26 0 36.79 24.52 0 0 0 0 12.26 0 0 0 0
1 529.7 288.9 192.6 208.7 208.7 32.1 48.15 80.25 0 16.05 0 0 0 0 0 0 0 0 0 0
1 362.9 208.9 98.96 76.97 131.9 110 11 21.99 54.98 11 0 0 11 0 0 0 0 0 0 0
1 213.1 205.4 129.4 68.48 30.44 53.26 45.65 0 7.609 0 0 0 7.609 0 0 0 0 0 0 0
1 408.4 276.7 144.9 131.8 92.23 52.7 79.05 39.53 13.18 13.18 39.53 0 13.18 13.18 0 0 0 0 0 0
1 857.4 285.8 95.26 79.39 127 0 63.51 15.88 31.75 0 0 15.88 0 0 0 0 0 0 15.88 0
1 399.4 780.6 199.7 181.5 18.15 54.46 36.31 72.62 18.15 36.31 0 0 18.15 0 0 0 0 0 0 0
1 1272 347 722.9 318.1 0 86.75 28.92 57.83 0 0 0 28.92 0 28.92 0 0 0 0 0 0
1 310.1 480.6 232.5 325.6 62.01 46.51 77.51 15.5 0 0 0 0 0 0 0 0 0 0 0 0
1 973.5 103.6 414.3 186.4 186.4 62.14 20.71 62.14 41.43 20.71 0 0 0 0 0 0 0 0 0 0
1 682.7 531 151.7 265.5 94.81 94.81 75.85 0 0 0 0 0 0 0 0 0 0 0 0 0
1 688.2 554.3 229.4 38.23 76.46 95.58 152.9 38.23 19.12 0 19.12 0 0 0 0 0 0 0 0 0
1 228.5 411.3 148.5 194.2 34.28 34.28 22.85 34.28 11.43 11.43 0 0 0 0 11.43 0 0 0 0 0
1 497.6 232.2 398 165.9 149.3 66.34 49.76 33.17 16.59 33.17 0 0 0 16.59 0 0 0 0 0 0
1 410.9 304.4 152.2 182.6 167.4 106.5 30.44 76.1 30.44 30.44 0 0 15.22 0 15.22 0 0 0 0 0
1 299.9 383.2 366.6 83.31 249.9 83.31 83.31 49.98 16.66 0 16.66 0 16.66 0 0 16.66 0 0 0 0
1 134.8 208.3 355.3 232.8 61.25 98.01 61.25 36.75 12.25 0 12.25 12.25 0 0 0 0 0 0 0 0
1 320.9 52.05 60.72 225.5 78.07 17.35 34.7 26.02 17.35 17.35 8.674 8.674 0 0 0 0 0 0 0 0
1 415.1 314.9 143.2 171.8 157.5 85.89 42.95 14.32 42.95 0 0 14.32 0 14.32 0 14.32 0 0 0 0
1 308.1 462.2 238.1 14.01 126 154.1 56.02 0 14.01 14.01 14.01 0 0 0 0 0 0 0 0 0
1 325.1 200.8 153 86.06 19.12 57.37 28.69 19.12 28.69 0 9.562 0 9.562 9.562 9.562 0 0 0 0 0
1 487 273.2 118.8 106.9 95.02 23.76 11.88 23.76 23.76 0 11.88 11.88 0 0 0 0 0 0 0 0
1 207 381.3 174.3 76.27 54.48 98.06 21.79 10.9 32.69 0 0 0 0 10.9 10.9 10.9 0 0 0 0
1 263.4 70.23 245.8 70.23 70.23 61.45 43.89 26.34 0 0 0 0 17.56 0 0 0 0 8.779 0 0
1 273.4 320.9 166.4 237.7 59.43 11.89 23.77 23.77 11.89 11.89 0 11.89 0 11.89 0 0 11.89 11.89 0 0
1 826.6 269.9 185.6 50.61 168.7 118.1 33.74 0 0 0 16.87 0 16.87 0 0 0 0 0 0 0
1 504 319.6 73.75 184.4 12.29 49.17 49.17 12.29 0 12.29 0 0 0 0 0 0 0 0 0 12.29
1 250.2 261.5 272.9 68.23 102.3 34.12 56.86 11.37 22.74 22.74 22.74 11.37 0 0 0 0 0 0 0 0
1 186.6 252.4 329.3 120.7 76.83 43.9 32.93 10.98 21.95 10.98 10.98 0 0 0 0 0 0 0 0 0
1 150.9 159.7 106.5 150.9 150.9 62.12 26.62 8.875 35.5 8.875 8.875 0 8.875 0 0 0 8.875 0 0 0
1 464.5 190 126.7 84.46 73.9 31.67 10.56 42.23 10.56 21.12 0 0 0 0 0 0 0 0 0 0
1 395.4 255.8 139.5 127.9 81.4 46.52 69.77 23.26 11.63 0 11.63 0 0 0 0 0 0 0 0 0
1 353.8 353.8 114.1 91.3 45.65 34.24 45.65 57.06 22.82 0 0 0 0 0 11.41 0 0 11.41 0 0
1 577.5 268.6 201.5 120.9 53.72 13.43 40.29 40.29 26.86 0 0 0 0 0 0 0 0 0 0 0
1 206.9 130.2 114.9 130.2 91.94 7.661 22.98 0 30.65 15.32 0 7.661 0 0 0 7.661 0 0 0 0
