 landings-at-age - landings.n (units : NA )
1	2	
42	100	
1	20	
1 
0.2773 3.148 8.165 6 4.238 2.985 2.115 1.613 1.126 0.775 0.5615 0.3671 0.2162 0.16 0.1118 0.08209 0.06132 0.04182 0.02925 0.06928
0.159 1.765 4.913 3.689 2.266 1.6 1.127 0.7988 0.6093 0.4253 0.2927 0.212 0.1386 0.08166 0.06042 0.04222 0.031 0.02315 0.01579 0.03721
0.2439 2.62 7.114 5.783 3.638 2.235 1.578 1.112 0.788 0.601 0.4195 0.2887 0.2091 0.1367 0.08054 0.05959 0.04165 0.03058 0.02284 0.05228
0.232 2.499 6.562 5.171 3.517 2.213 1.359 0.9599 0.6761 0.4792 0.3655 0.2551 0.1756 0.1272 0.08315 0.04898 0.03624 0.02533 0.01859 0.04568
0.3166 3.478 9.113 6.948 4.583 3.117 1.961 1.205 0.8508 0.5993 0.4247 0.3239 0.2261 0.1556 0.1127 0.0737 0.04341 0.03212 0.02245 0.05697
0.2952 2.999 8.026 6.072 3.868 2.552 1.735 1.092 0.6707 0.4737 0.3336 0.2365 0.1803 0.1259 0.08663 0.06276 0.04103 0.02417 0.01788 0.04421
0.2493 2.818 7.002 5.433 3.438 2.19 1.445 0.9826 0.6182 0.3797 0.2682 0.1889 0.1339 0.1021 0.07128 0.04905 0.03554 0.02323 0.01369 0.03516
0.3216 3.477 9.582 6.918 4.493 2.843 1.811 1.195 0.8127 0.5113 0.3141 0.2218 0.1562 0.1107 0.08445 0.05895 0.04057 0.02939 0.01921 0.0404
0.3246 3.717 9.776 7.792 4.703 3.055 1.933 1.232 0.8125 0.5526 0.3476 0.2135 0.1508 0.1062 0.07529 0.05742 0.04008 0.02758 0.01998 0.04053
0.2839 3.34 9.319 7.085 4.721 2.85 1.851 1.171 0.7462 0.4922 0.3348 0.2106 0.1294 0.09137 0.06436 0.04561 0.03479 0.02428 0.01671 0.03666
0.2971 3.484 9.969 8.051 5.119 3.411 2.059 1.337 0.8463 0.5392 0.3557 0.2419 0.1522 0.09348 0.06602 0.0465 0.03296 0.02514 0.01755 0.03857
0.3763 3.626 10.31 8.521 5.752 3.657 2.437 1.471 0.9555 0.6046 0.3852 0.2541 0.1728 0.1087 0.06678 0.04717 0.03322 0.02355 0.01796 0.04009
0.3327 3.754 8.789 7.206 4.974 3.358 2.135 1.423 0.8587 0.5577 0.3529 0.2249 0.1483 0.1009 0.06347 0.03898 0.02753 0.01939 0.01374 0.03388
0.3317 3.855 10.57 7.152 4.902 3.384 2.284 1.452 0.9677 0.5842 0.3794 0.2401 0.153 0.1009 0.06863 0.04318 0.02652 0.01873 0.01319 0.0324
0.3442 4.016 11.32 8.957 5.064 3.471 2.396 1.617 1.028 0.6852 0.4136 0.2687 0.17 0.1083 0.07145 0.04859 0.03057 0.01878 0.01326 0.03228
0.3473 3.683 10.42 8.459 5.592 3.162 2.167 1.496 1.01 0.6421 0.4278 0.2582 0.1677 0.1061 0.06762 0.04461 0.03034 0.01909 0.01172 0.02844
0.3172 3.654 9.414 7.683 5.211 3.445 1.948 1.335 0.9215 0.6221 0.3956 0.2636 0.1591 0.1033 0.06539 0.04166 0.02748 0.01869 0.01176 0.02474
0.3431 3.701 10.35 7.703 5.255 3.564 2.356 1.332 0.9131 0.6302 0.4254 0.2705 0.1803 0.1088 0.07067 0.04472 0.02849 0.01879 0.01278 0.02496
0.303 3.209 8.43 6.808 4.232 2.887 1.958 1.295 0.732 0.5017 0.3463 0.2338 0.1486 0.09904 0.05978 0.03883 0.02457 0.01566 0.01033 0.02074
0.2835 3.24 8.376 6.379 4.31 2.679 1.828 1.24 0.8194 0.4633 0.3176 0.2192 0.148 0.09409 0.06269 0.03784 0.02458 0.01555 0.009909 0.01966
0.2071 2.379 6.667 5.006 3.19 2.155 1.34 0.914 0.6199 0.4098 0.2317 0.1588 0.1096 0.074 0.04705 0.03135 0.01893 0.01229 0.007778 0.01479
0.231 2.447 6.9 5.643 3.55 2.262 1.528 0.9499 0.6481 0.4396 0.2906 0.1643 0.1126 0.07772 0.05247 0.03336 0.02223 0.01342 0.008716 0.016
0.3664 4.058 10.46 8.587 5.882 3.7 2.358 1.593 0.9901 0.6755 0.4582 0.3029 0.1712 0.1174 0.08101 0.05469 0.03477 0.02317 0.01399 0.02576
0.2425 2.723 7.373 5.492 3.766 2.58 1.623 1.034 0.6986 0.4343 0.2963 0.2009 0.1328 0.0751 0.05148 0.03553 0.02399 0.01525 0.01016 0.01743
0.1993 2.241 6.184 4.881 3.045 2.088 1.43 0.8996 0.5733 0.3873 0.2407 0.1642 0.1114 0.07364 0.04164 0.02854 0.0197 0.0133 0.008455 0.0153
0.3439 3.938 10.79 8.685 5.744 3.583 2.457 1.683 1.059 0.6747 0.4558 0.2833 0.1933 0.1311 0.08666 0.049 0.03358 0.02318 0.01565 0.02795
0.2149 2.563 7.178 5.687 3.825 2.53 1.578 1.082 0.7413 0.4663 0.2971 0.2007 0.1248 0.08513 0.05774 0.03817 0.02158 0.01479 0.01021 0.0192
0.2318 2.52 7.363 6.01 3.988 2.682 1.774 1.107 0.7588 0.5198 0.327 0.2083 0.1408 0.0875 0.05969 0.04049 0.02676 0.01513 0.01037 0.02062
0.2798 3.142 8.341 7.092 4.846 3.216 2.163 1.431 0.8924 0.6119 0.4192 0.2637 0.168 0.1135 0.07056 0.04814 0.03265 0.02158 0.0122 0.025
0.2847 3.136 8.588 6.609 4.7 3.212 2.131 1.434 0.9482 0.5915 0.4056 0.2778 0.1748 0.1114 0.07523 0.04677 0.03191 0.02164 0.01431 0.02466
0.2545 2.791 7.516 5.969 3.842 2.733 1.868 1.239 0.8335 0.5513 0.3439 0.2358 0.1615 0.1016 0.06474 0.04374 0.02719 0.01855 0.01258 0.02265
0.2271 2.264 6.095 4.776 3.175 2.044 1.453 0.9933 0.659 0.4433 0.2932 0.1829 0.1254 0.08591 0.05404 0.03443 0.02326 0.01446 0.009865 0.01874
0.4052 4.346 10.55 8.276 5.433 3.611 2.325 1.653 1.13 0.7498 0.5043 0.3336 0.2081 0.1427 0.09773 0.06148 0.03917 0.02646 0.01645 0.03254
0.3147 3.417 8.942 6.268 4.108 2.697 1.793 1.154 0.8208 0.5609 0.3722 0.2503 0.1656 0.1033 0.07082 0.04851 0.03052 0.01945 0.01314 0.02432
0.3045 3.281 8.719 6.632 3.89 2.55 1.674 1.113 0.7163 0.5094 0.3481 0.231 0.1554 0.1028 0.06411 0.04396 0.03011 0.01894 0.01207 0.02325
0.4376 4.536 11.9 9.191 5.852 3.433 2.25 1.477 0.9819 0.6321 0.4496 0.3072 0.2039 0.1371 0.09069 0.05657 0.03879 0.02657 0.01671 0.03117
0.489 4.959 12.49 9.468 6.111 3.891 2.283 1.496 0.9822 0.6529 0.4203 0.2989 0.2043 0.1355 0.09117 0.0603 0.03762 0.02579 0.01767 0.03184
0.4722 5.603 13.8 10.03 6.356 4.103 2.612 1.532 1.004 0.6594 0.4383 0.2822 0.2007 0.1371 0.09099 0.0612 0.04048 0.02525 0.01732 0.03323
0.4389 4.889 14.1 10.02 6.092 3.859 2.491 1.586 0.9305 0.6098 0.4003 0.2661 0.1713 0.1218 0.08326 0.05525 0.03716 0.02458 0.01533 0.03069
0.4216 4.712 12.78 10.66 6.336 3.85 2.439 1.574 1.003 0.5881 0.3855 0.253 0.1682 0.1083 0.07701 0.05263 0.03492 0.02349 0.01554 0.02909
0.3329 3.583 9.798 7.7 5.372 3.192 1.94 1.229 0.7932 0.5051 0.2963 0.1942 0.1275 0.08474 0.05455 0.0388 0.02651 0.01759 0.01183 0.02248
0.318 3.811 10.05 8.003 5.267 3.674 2.183 1.327 0.8405 0.5425 0.3455 0.2027 0.1328 0.08719 0.05796 0.03731 0.02654 0.01813 0.01203 0.02347
0.3935 4.634 13.54 10.38 6.924 4.556 3.179 1.889 1.148 0.7271 0.4693 0.2989 0.1753 0.1149 0.07543 0.05014 0.03228 0.02296 0.01569 0.03071
0.4264 4.31 12.36 10.45 6.7 4.467 2.94 2.051 1.219 0.7405 0.4692 0.3028 0.1928 0.1131 0.07414 0.04867 0.03235 0.02083 0.01481 0.02994
0.3802 4.422 10.9 9.051 6.398 4.102 2.735 1.8 1.256 0.7462 0.4534 0.2873 0.1854 0.1181 0.06926 0.04539 0.0298 0.01981 0.01275 0.0274
0.2881 3.387 9.646 6.902 4.794 3.388 2.173 1.449 0.9533 0.6651 0.3952 0.2401 0.1521 0.0982 0.06253 0.03668 0.02404 0.01578 0.01049 0.02127
0.2364 2.743 7.924 6.58 3.943 2.738 1.936 1.241 0.8276 0.5446 0.3799 0.2257 0.1372 0.08691 0.0561 0.03572 0.02095 0.01373 0.009016 0.01814
0.3402 4.266 12.08 10.18 7.084 4.244 2.948 2.084 1.336 0.8909 0.5863 0.409 0.243 0.1477 0.09356 0.06039 0.03845 0.02256 0.01478 0.02924
0.3809 4.344 13.22 10.82 7.625 5.305 3.179 2.208 1.561 1.001 0.6673 0.4391 0.3063 0.182 0.1106 0.07007 0.04523 0.0288 0.0169 0.03297
0.4018 4.378 12.1 10.6 7.249 5.108 3.554 2.13 1.479 1.046 0.6704 0.447 0.2942 0.2052 0.1219 0.0741 0.04695 0.0303 0.0193 0.03341
0.3497 3.999 10.58 8.417 6.163 4.213 2.969 2.066 1.238 0.8597 0.6077 0.3897 0.2598 0.171 0.1193 0.07088 0.04307 0.02729 0.01761 0.03063
0.2456 2.706 7.567 5.79 3.851 2.819 1.928 1.358 0.9451 0.5663 0.3933 0.278 0.1783 0.1189 0.07822 0.05457 0.03242 0.0197 0.01248 0.02207
0.22 2.325 6.295 5.133 3.289 2.187 1.601 1.095 0.7715 0.5368 0.3217 0.2234 0.1579 0.1013 0.06751 0.04443 0.031 0.01842 0.01119 0.01963
0.2387 2.63 6.829 5.402 3.691 2.365 1.573 1.152 0.7873 0.5548 0.386 0.2313 0.1606 0.1136 0.07281 0.04855 0.03195 0.02229 0.01324 0.02216
0.2976 3.342 9.01 6.826 4.524 3.091 1.98 1.317 0.9643 0.6592 0.4646 0.3232 0.1937 0.1345 0.09508 0.06097 0.04065 0.02675 0.01866 0.02965
0.3865 4.102 11.22 8.779 5.566 3.689 2.52 1.615 1.074 0.7863 0.5376 0.3788 0.2636 0.1579 0.1097 0.07754 0.04972 0.03315 0.02182 0.0394
0.4819 4.948 12.73 10.06 6.581 4.172 2.765 1.889 1.21 0.8051 0.5894 0.403 0.284 0.1976 0.1184 0.08223 0.05812 0.03727 0.02485 0.04588
0.3135 3.462 8.683 6.444 4.251 2.782 1.764 1.169 0.7985 0.5116 0.3403 0.2491 0.1703 0.12 0.08352 0.05004 0.03476 0.02457 0.01575 0.0299
0.302 3.445 9.322 6.808 4.23 2.79 1.826 1.158 0.7672 0.5242 0.3359 0.2234 0.1635 0.1118 0.07879 0.05483 0.03285 0.02282 0.01613 0.02997
