Originally  
101 
A 
42	100	
1	1	NA	NA	
1	20	
1 0.01503 0.2255 0.3908 0.2856 0.1804 0.0451 0.1052 0.03006 0.0451 0.1203 0 0.01503 0.01503 0.01503 0.01503 0 0 0 0 0
1 0.02337 0.1636 0.257 0.2687 0.1402 0.1285 0.01168 0.03505 0.04673 0.04673 0.01168 0.02337 0 0 0.01168 0 0 0 0 0
1 0.01433 0.3153 0.3869 0.2579 0.1146 0.129 0.07165 0.02866 0.04299 0.02866 0.02866 0 0.01433 0 0 0 0 0 0 0
1 0.01961 0.2745 0.4706 0.5295 0.1961 0.1177 0.07844 0.09805 0.07844 0.05883 0.01961 0.01961 0 0 0 0 0 0 0 0
1 0.03 0.225 0.435 0.255 0.225 0.06 0.15 0.045 0.015 0.03 0.03 0 0 0 0 0 0 0 0 0
1 0.07107 0.1563 0.5259 0.2558 0.1563 0.07107 0.05685 0.04264 0.01421 0 0.05685 0 0 0 0.01421 0 0 0 0 0
1 0.07587 0.3794 0.4932 0.3604 0.3035 0.1328 0.1138 0 0.01897 0 0.01897 0 0 0 0 0 0 0 0 0
1 0.05456 0.1637 0.4774 0.2728 0.1773 0.0682 0.05456 0.01364 0.02728 0.02728 0.01364 0 0.01364 0 0 0 0 0 0 0
1 0.09608 0.1922 0.4484 0.3203 0.1761 0.1281 0.04804 0.1121 0.03203 0 0.01601 0 0.01601 0 0.01601 0 0 0 0 0
1 0.06493 0.2381 0.5194 0.4978 0.2597 0.1731 0.1515 0.06493 0.06493 0.02164 0 0.06493 0 0 0 0.02164 0.02164 0 0 0
1 0 0.1963 0.4681 0.1812 0.2718 0.1812 0.09059 0.0604 0.0302 0.0302 0 0 0 0 0 0 0 0 0 0
1 0.04096 0.2458 0.512 0.4096 0.2458 0.2253 0.1434 0.1024 0.04096 0.02048 0.02048 0.02048 0.02048 0 0 0 0 0 0 0
1 0.05722 0.2289 0.3624 0.4578 0.1907 0.248 0.1907 0.01907 0.05722 0.01907 0.03815 0.01907 0 0 0 0 0.01907 0 0 0
1 0.04062 0.176 0.4197 0.2166 0.2031 0.08123 0.05416 0.08123 0.02708 0.04062 0 0.01354 0 0 0 0 0 0 0 0
1 0.06707 0.2459 0.5142 0.4024 0.313 0.2012 0.1789 0.06707 0.02236 0.06707 0.02236 0.02236 0 0.06707 0.02236 0 0 0.02236 0 0
1 0.05555 0.3148 0.4074 0.2778 0.2963 0.2037 0.07407 0.05555 0.09259 0.03703 0 0.01852 0 0.01852 0 0 0 0 0 0
1 0.0822 0.3453 0.411 0.2959 0.1644 0.1644 0.06576 0.06576 0 0.01644 0.01644 0 0 0.01644 0 0 0 0 0 0
1 0 0.136 0.3497 0.1554 0.1069 0.05828 0.068 0.01943 0.009714 0.03886 0.01943 0 0 0 0.009714 0 0 0 0 0
1 0.03695 0.2402 0.4434 0.388 0.351 0.1663 0.09238 0.09238 0 0.03695 0 0 0 0 0 0 0 0 0 0
1 0.03865 0.2577 0.2835 0.2706 0.1675 0.09019 0.09019 0.03865 0.03865 0.01288 0 0 0 0 0 0 0 0 0 0
1 0.05292 0.1411 0.5292 0.1588 0.1764 0.2646 0.1764 0.1588 0.05292 0.01764 0 0.01764 0.01764 0 0 0 0 0 0 0
1 0.03751 0.1876 0.6189 0.4689 0.3001 0.07502 0.07502 0.01876 0.05627 0 0.01876 0.01876 0 0 0 0 0 0 0 0
1 0.03737 0.3737 0.4671 0.3363 0.2242 0.1121 0.1121 0.1121 0.01868 0.03737 0.01868 0 0 0 0.01868 0 0 0 0 0
1 0 0.2752 0.3886 0.2267 0.2591 0.2429 0.1295 0.03238 0.01619 0.03238 0 0 0 0 0.01619 0 0 0 0 0
1 0.03231 0.2423 0.4685 0.4846 0.1938 0.1292 0.01615 0 0.01615 0 0.03231 0 0 0 0 0 0 0 0 0
1 0.01736 0.2083 0.538 0.3124 0.3298 0.1388 0.03471 0.1041 0 0 0.03471 0 0 0.01736 0 0 0 0 0 0
1 0.06896 0.3218 0.5747 0.2988 0.4367 0.1839 0.1149 0.1379 0.04597 0.02299 0.02299 0.04597 0 0.02299 0 0 0 0 0 0
1 0.02057 0.2674 0.5349 0.432 0.2469 0.2263 0.1234 0.08229 0.02057 0.04114 0.02057 0 0 0 0.02057 0 0 0 0.02057 0
1 0.03549 0.2484 0.3727 0.4082 0.213 0.2484 0.07099 0.03549 0.08873 0.05324 0 0 0 0 0 0 0 0 0 0
1 0.0113 0.113 0.2826 0.2261 0.1469 0.09043 0.07912 0.03391 0.03391 0.06782 0.02261 0.0113 0 0 0.0113 0 0 0 0 0
1 0.03381 0.3212 0.2198 0.3043 0.1352 0.2874 0.1352 0.1183 0.03381 0 0 0.03381 0 0.0169 0.0169 0 0.03381 0 0 0
1 0.03764 0.3576 0.4517 0.3199 0.2258 0.1506 0.1506 0.03764 0.05646 0.01882 0.03764 0.01882 0.01882 0 0 0 0 0 0 0
1 0.01559 0.2183 0.4834 0.2027 0.2651 0.1247 0.07796 0.03118 0.01559 0.01559 0.04678 0.03118 0.03118 0 0 0 0 0 0 0
1 0.0535 0.2497 0.4993 0.3032 0.2497 0.1427 0.07133 0.107 0.03566 0.01783 0.01783 0.03566 0 0 0 0 0 0 0 0
1 0.06603 0.3742 0.7264 0.4182 0.1541 0.1761 0.1321 0.02201 0.06603 0.04402 0 0.02201 0 0 0 0 0 0 0 0
1 0.03834 0.1534 0.5176 0.4217 0.2875 0.1534 0.1534 0.05751 0.03834 0.07668 0 0 0.01917 0 0 0 0 0 0 0
1 0.03487 0.2964 0.4185 0.4882 0.122 0.1918 0.03487 0.08718 0 0.03487 0.03487 0 0 0 0 0 0 0 0 0
1 0.02627 0.289 0.7619 0.2627 0.3941 0.2102 0.1839 0.1576 0.1051 0.07881 0 0 0.05254 0.05254 0 0 0 0 0.05254 0
1 0.05276 0.3693 0.765 0.4748 0.2902 0.1847 0.2374 0.1319 0 0.02638 0.05276 0.02638 0 0 0.02638 0 0 0 0 0
1 0.02056 0.3495 0.5963 0.4112 0.2467 0.2056 0.1439 0.04112 0.02056 0 0.02056 0 0 0 0 0 0 0 0 0
1 0.09608 0.2402 0.4324 0.2402 0.2082 0.1601 0.04804 0.09608 0.03203 0 0.04804 0 0 0 0 0 0 0 0 0
1 0.02014 0.2618 0.4229 0.4431 0.4229 0.08056 0.08056 0.06042 0.08056 0.06042 0 0.06042 0 0 0.02014 0 0 0 0 0
1 0.06614 0.3307 0.7937 0.6614 0.6614 0.3638 0.1984 0.09921 0.1323 0 0 0 0 0 0 0 0 0 0 0
1 0.0626 0.2504 0.4591 0.5008 0.2921 0.1669 0.1461 0.1043 0.0626 0 0 0 0 0.02087 0.02087 0 0 0 0 0
1 0.03832 0.2682 0.4982 0.3066 0.364 0.1916 0.05748 0.03832 0.05748 0.01916 0 0.03832 0.01916 0.01916 0 0 0 0 0 0
1 0.08259 0.2065 0.5781 0.3097 0.3097 0.1445 0.1445 0.08259 0.04129 0.02065 0.04129 0.02065 0.06194 0 0.02065 0 0 0 0 0
1 0.03436 0.4466 0.6184 0.7902 0.3436 0.4466 0.2749 0.1718 0.06871 0.1374 0 0 0.03436 0.03436 0 0.03436 0 0 0 0
1 0 0.2747 0.5886 0.2943 0.2354 0.1373 0.1569 0.03924 0.05886 0.03924 0.01962 0.03924 0 0.05886 0.01962 0 0 0 0 0
1 0.02261 0.2261 0.4975 0.5653 0.3392 0.2714 0.1357 0.02261 0.1131 0.02261 0.02261 0 0.02261 0 0 0 0 0 0 0
1 0.08421 0.3158 0.5053 0.3368 0.3579 0.1474 0.1263 0.08421 0 0.06316 0.0421 0.02105 0.02105 0 0 0 0 0 0 0
1 0.03622 0.2173 0.3622 0.2354 0.5071 0.1449 0.1087 0.1087 0.01811 0.01811 0.01811 0.01811 0 0 0.01811 0 0 0 0 0
1 0.01835 0.2936 0.4403 0.2752 0.2569 0.2385 0.07339 0.07339 0.07339 0.03669 0 0 0.01835 0.01835 0.01835 0 0 0 0 0
1 0.0336 0.1848 0.4032 0.4535 0.2016 0.1176 0.08399 0.08399 0.06719 0.0336 0 0 0.0168 0 0 0 0 0 0 0
1 0.07725 0.2704 0.4828 0.4828 0.1738 0.1352 0.1159 0.07725 0.01931 0.03863 0.01931 0.01931 0 0 0.01931 0 0 0 0 0
1 0.08968 0.426 0.4933 0.4484 0.3587 0.1794 0.02242 0.06726 0.04484 0.06726 0.02242 0.02242 0 0 0 0 0 0 0 0
1 0.1692 0.2031 0.7445 0.643 0.44 0.4061 0.3046 0.06769 0.1015 0.1015 0.03384 0.03384 0.03384 0.03384 0 0 0.03384 0 0 0.03384
1 0 0.3198 0.756 0.6106 0.4071 0.378 0.1745 0.08723 0.08723 0.02908 0.05815 0 0 0 0 0 0 0 0 0
1 0.04702 0.2508 0.4546 0.2351 0.2821 0.0627 0.0627 0.04702 0.03135 0.01567 0.04702 0 0.01567 0.01567 0 0 0 0 0 0
1 0.0569 0.3983 0.7682 0.6259 0.3983 0.2561 0.1138 0.1138 0.0569 0 0 0.02845 0 0.02845 0 0 0 0 0 0
