 landings-at-age - landings.n (units : NA )
1	2	
2	100	
1	20	
1 
0.02659 0.2984 0.8352 0.6934 0.4839 0.3377 0.2357 0.1644 0.1148 0.08008 0.05589 0.039 0.02722 0.01899 0.01325 0.009249 0.006454 0.004504 0.003143 0.007259
0.004465 0.05216 0.1462 0.1214 0.08475 0.05914 0.04127 0.0288 0.0201 0.01403 0.009787 0.00683 0.004766 0.003326 0.002321 0.00162 0.00113 0.0007888 0.0005504 0.001271
0.004823 0.05013 0.1464 0.1219 0.08515 0.05942 0.04147 0.02894 0.02019 0.01409 0.009834 0.006862 0.004789 0.003342 0.002332 0.001627 0.001136 0.0007925 0.000553 0.001277
0.004528 0.05416 0.1407 0.122 0.08549 0.0597 0.04166 0.02907 0.02029 0.01416 0.00988 0.006895 0.004811 0.003358 0.002343 0.001635 0.001141 0.0007963 0.0005557 0.001283
0.002541 0.05084 0.152 0.1173 0.08557 0.05994 0.04186 0.02921 0.02038 0.01423 0.009927 0.006927 0.004834 0.003374 0.002354 0.001643 0.001146 8e-04 0.0005583 0.001289
0.003204 0.02854 0.1427 0.1267 0.08224 0.06 0.04203 0.02935 0.02048 0.01429 0.009974 0.00696 0.004857 0.00339 0.002365 0.001651 0.001152 0.0008038 0.0005609 0.001295
0.008404 0.03598 0.08007 0.119 0.08885 0.05767 0.04207 0.02947 0.02058 0.01436 0.01002 0.006993 0.00488 0.003406 0.002377 0.001658 0.001157 0.0008076 0.0005636 0.001302
0.004614 0.09436 0.101 0.06677 0.08341 0.06229 0.04043 0.0295 0.02066 0.01443 0.01007 0.007026 0.004903 0.003422 0.002388 0.001666 0.001163 0.0008114 0.0005663 0.001308
0.003772 0.05181 0.2648 0.08419 0.04681 0.05848 0.04368 0.02835 0.02068 0.01449 0.01012 0.00706 0.004926 0.003438 0.002399 0.001674 0.001168 0.0008153 0.0005689 0.001314
0.004385 0.04235 0.1454 0.2208 0.05903 0.03282 0.041 0.03062 0.01988 0.0145 0.01016 0.007093 0.00495 0.003454 0.00241 0.001682 0.001174 0.0008191 0.0005716 0.00132
0.006887 0.04923 0.1188 0.1212 0.1548 0.04139 0.02301 0.02875 0.02147 0.01394 0.01017 0.007121 0.004973 0.003471 0.002422 0.00169 0.001179 0.000823 0.0005743 0.001326
0.003075 0.07733 0.1381 0.0991 0.08499 0.1085 0.02902 0.01614 0.02016 0.01505 0.009771 0.007128 0.004993 0.003487 0.002433 0.001698 0.001185 0.0008269 0.0005771 0.001333
0.00557 0.03453 0.217 0.1152 0.06948 0.05959 0.0761 0.02035 0.01131 0.01413 0.01056 0.006851 0.004998 0.003501 0.002445 0.001706 0.001191 0.0008308 0.0005798 0.001339
0.004602 0.06254 0.09689 0.1809 0.08077 0.04872 0.04178 0.05336 0.01427 0.007933 0.009909 0.007401 0.004804 0.003504 0.002455 0.001714 0.001196 0.0008348 0.0005825 0.001345
0.003374 0.05167 0.1755 0.08079 0.1269 0.05663 0.03416 0.0293 0.03741 0.01 0.005562 0.006948 0.005189 0.003368 0.002457 0.001721 0.001202 0.0008387 0.0005853 0.001352
0.002653 0.03788 0.145 0.1463 0.05665 0.08895 0.03971 0.02395 0.02054 0.02623 0.007013 0.0039 0.004871 0.003638 0.002361 0.001723 0.001207 0.0008427 0.0005881 0.001358
0.004615 0.02979 0.1063 0.1209 0.1026 0.03972 0.06237 0.02784 0.01679 0.0144 0.01839 0.004917 0.002734 0.003416 0.002551 0.001656 0.001208 0.000846 0.0005908 0.001365
0.003535 0.05182 0.0836 0.08864 0.08477 0.07193 0.02785 0.04373 0.01952 0.01177 0.0101 0.0129 0.003448 0.001917 0.002395 0.001789 0.001161 0.0008469 0.0005932 0.001371
0.004408 0.0397 0.1454 0.06971 0.06215 0.05943 0.05044 0.01953 0.03066 0.01369 0.008255 0.00708 0.009042 0.002417 0.001344 0.001679 0.001254 0.0008139 0.0005938 0.001377
0.00551 0.04949 0.1114 0.1213 0.04888 0.04358 0.04167 0.03536 0.01369 0.0215 0.009596 0.005788 0.004964 0.006339 0.001695 0.0009424 0.001177 0.0008793 0.0005707 0.001382
0.005096 0.06187 0.1389 0.09289 0.08502 0.03427 0.03055 0.02922 0.02479 0.009599 0.01507 0.006728 0.004058 0.00348 0.004445 0.001188 0.0006608 0.0008254 0.0006165 0.001369
0.003373 0.05723 0.1736 0.1158 0.06513 0.05961 0.02403 0.02142 0.02049 0.01738 0.00673 0.01057 0.004717 0.002845 0.00244 0.003116 0.0008332 0.0004633 0.0005788 0.001392
0.003453 0.03787 0.1606 0.1448 0.0812 0.04566 0.0418 0.01685 0.01502 0.01436 0.01219 0.004719 0.00741 0.003308 0.001995 0.001711 0.002185 0.0005842 0.0003248 0.001382
0.006036 0.03877 0.1063 0.1339 0.1015 0.05693 0.03202 0.0293 0.01181 0.01053 0.01007 0.008546 0.003309 0.005195 0.002319 0.001399 0.0012 0.001532 0.0004096 0.001197
0.003253 0.06777 0.1088 0.08861 0.09388 0.07117 0.03992 0.02245 0.02055 0.008282 0.007384 0.007061 0.005992 0.00232 0.003643 0.001626 0.0009807 0.0008411 0.001074 0.001126
0.003923 0.03653 0.1902 0.09071 0.06213 0.06582 0.0499 0.02799 0.01574 0.01441 0.005807 0.005177 0.004951 0.004201 0.001627 0.002554 0.00114 0.0006876 0.0005898 0.001543
0.004001 0.04405 0.1025 0.1586 0.0636 0.04356 0.04615 0.03499 0.01962 0.01104 0.0101 0.004071 0.00363 0.003471 0.002946 0.00114 0.001791 0.0007993 0.0004821 0.001495
0.005211 0.04492 0.1236 0.08547 0.1112 0.04459 0.03054 0.03236 0.02453 0.01376 0.007738 0.007082 0.002855 0.002545 0.002434 0.002065 0.0007996 0.001256 0.0005604 0.001386
0.004515 0.05852 0.1261 0.1031 0.05993 0.07795 0.03127 0.02142 0.02269 0.0172 0.009647 0.005425 0.004966 0.002001 0.001785 0.001706 0.001448 0.0005606 0.0008803 0.001365
0.005255 0.0507 0.1642 0.1051 0.07227 0.04202 0.05466 0.02192 0.01502 0.01591 0.01206 0.006764 0.003804 0.003482 0.001403 0.001251 0.001196 0.001015 0.0003931 0.001574
0.003482 0.05901 0.1423 0.1369 0.0737 0.05067 0.02946 0.03832 0.01537 0.01053 0.01115 0.008455 0.004742 0.002667 0.002441 0.0009839 0.0008773 0.0008389 0.0007119 0.001379
0.004446 0.0391 0.1656 0.1186 0.096 0.05168 0.03553 0.02066 0.02687 0.01078 0.007382 0.00782 0.005928 0.003325 0.00187 0.001712 0.0006899 0.0006151 0.0005882 0.001466
0.005277 0.04992 0.1097 0.1381 0.08317 0.06731 0.03623 0.02491 0.01448 0.01884 0.007556 0.005176 0.005483 0.004156 0.002331 0.001311 0.0012 0.0004837 0.0004313 0.00144
0.005228 0.05926 0.1401 0.09149 0.09681 0.05832 0.04719 0.0254 0.01747 0.01015 0.01321 0.005298 0.003629 0.003845 0.002914 0.001635 0.0009193 0.0008414 0.0003391 0.001312
0.00362 0.0587 0.1663 0.1168 0.06415 0.06788 0.04089 0.03309 0.01781 0.01225 0.00712 0.009261 0.003715 0.002544 0.002696 0.002043 0.001146 0.0006445 0.0005899 0.001158
0.003107 0.04064 0.1647 0.1386 0.0819 0.04498 0.04759 0.02867 0.0232 0.01249 0.008587 0.004992 0.006494 0.002605 0.001784 0.00189 0.001433 0.0008036 0.0004519 0.001226
0.00253 0.03488 0.114 0.1374 0.09721 0.05742 0.03154 0.03337 0.0201 0.01627 0.008756 0.00602 0.0035 0.004553 0.001826 0.001251 0.001325 0.001004 0.0005634 0.001176
0.005802 0.02841 0.09788 0.0951 0.0963 0.06816 0.04026 0.02211 0.0234 0.01409 0.01141 0.006139 0.004221 0.002454 0.003192 0.00128 0.000877 0.0009291 0.0007043 0.00122
0.004778 0.06515 0.07971 0.08162 0.06668 0.06752 0.04779 0.02823 0.0155 0.0164 0.009881 0.007997 0.004305 0.00296 0.001721 0.002238 0.0008977 0.0006149 0.0006514 0.001349
1.269 13.82 43.64 15.57 13.41 10.95 11.09 7.85 4.637 2.546 2.694 1.623 1.314 0.7071 0.4862 0.2826 0.3676 0.1475 0.101 0.3286
0.9833 13.05 32.17 27.1 7.944 6.839 5.587 5.658 4.005 2.365 1.299 1.375 0.8281 0.6701 0.3607 0.248 0.1442 0.1876 0.07523 0.2192
1.413 12.01 35.83 23.64 16.39 4.804 4.136 3.379 3.422 2.422 1.43 0.7856 0.8312 0.5007 0.4052 0.2181 0.15 0.08719 0.1134 0.178
0.7483 13.95 26.77 21.21 11.48 7.96 2.334 2.009 1.641 1.662 1.176 0.6949 0.3816 0.4038 0.2433 0.1969 0.106 0.07286 0.04236 0.1416
0.8283 7.993 33.8 17.39 11.33 6.135 4.253 1.247 1.073 0.8769 0.888 0.6285 0.3712 0.2039 0.2157 0.13 0.1052 0.05661 0.03892 0.09827
0.8211 9.409 20.55 23.33 9.877 6.437 3.485 2.416 0.7083 0.6098 0.4981 0.5045 0.3571 0.2109 0.1158 0.1226 0.07383 0.05975 0.03216 0.07794
0.7796 8.946 23.18 13.55 12.65 5.355 3.49 1.89 1.31 0.384 0.3306 0.2701 0.2735 0.1936 0.1143 0.0628 0.06645 0.04003 0.03239 0.05969
0.9294 8.878 22.97 15.92 7.651 7.144 3.025 1.971 1.067 0.7399 0.2169 0.1867 0.1526 0.1545 0.1093 0.06459 0.03547 0.03753 0.02261 0.05202
1.063 9.249 20.03 13.83 7.877 3.786 3.535 1.497 0.9755 0.5281 0.3661 0.1073 0.09241 0.07549 0.07645 0.05411 0.03196 0.01755 0.01857 0.03693
0.8661 13.33 26.09 15.17 8.628 4.913 2.361 2.205 0.9336 0.6084 0.3294 0.2283 0.06694 0.05763 0.04708 0.04768 0.03375 0.01993 0.01095 0.03462
0.9593 9.039 31.28 16.25 7.758 4.412 2.512 1.207 1.127 0.4774 0.3111 0.1684 0.1168 0.03423 0.02947 0.02407 0.02438 0.01726 0.01019 0.0233
1.12 10.82 22.91 21.12 9.018 4.304 2.448 1.394 0.6699 0.6255 0.2648 0.1726 0.09345 0.06478 0.01899 0.01635 0.01336 0.01353 0.009574 0.01858
1.358 11.66 25.39 14.28 10.81 4.615 2.203 1.253 0.7133 0.3428 0.3201 0.1355 0.08833 0.04782 0.03315 0.009719 0.008368 0.006836 0.006923 0.01441
0.9232 14.33 27.84 16.19 7.488 5.667 2.419 1.155 0.6566 0.3739 0.1797 0.1678 0.07105 0.0463 0.02507 0.01738 0.005095 0.004386 0.003583 0.01118
0.8319 10.39 36.44 18.96 9.069 4.194 3.174 1.355 0.6467 0.3678 0.2094 0.1007 0.09399 0.03979 0.02593 0.01404 0.009734 0.002854 0.002457 0.00827
1.151 9.3 26.17 24.5 10.48 5.013 2.318 1.754 0.749 0.3575 0.2033 0.1158 0.05564 0.05195 0.022 0.01433 0.007761 0.00538 0.001577 0.005929
1.356 11.67 21.33 16.02 12.32 5.268 2.521 1.166 0.8821 0.3766 0.1797 0.1022 0.0582 0.02798 0.02612 0.01106 0.007208 0.003902 0.002705 0.003774
0.8642 16.69 32.29 15.82 9.776 7.521 3.216 1.539 0.7114 0.5384 0.2299 0.1097 0.06239 0.03553 0.01708 0.01594 0.006751 0.004399 0.002382 0.003955
1.051 8.648 37.67 19.35 7.783 4.809 3.699 1.582 0.7568 0.3499 0.2648 0.1131 0.05397 0.03069 0.01748 0.008399 0.007843 0.003321 0.002164 0.003117
0.6665 11.33 21.11 24.63 10.4 4.184 2.585 1.989 0.8504 0.4069 0.1881 0.1424 0.06079 0.02901 0.0165 0.009395 0.004516 0.004217 0.001785 0.002839
1.193 8.05 30.76 15.33 14.72 6.217 2.5 1.545 1.188 0.5082 0.2431 0.1124 0.08508 0.03633 0.01734 0.009859 0.005614 0.002699 0.00252 0.002764
0.6567 12.91 19.53 19.78 8.095 7.769 3.282 1.32 0.8156 0.6274 0.2683 0.1284 0.05935 0.04492 0.01918 0.009153 0.005205 0.002964 0.001425 0.002789
1.439 7.261 31.97 12.84 10.67 4.367 4.191 1.771 0.7121 0.44 0.3385 0.1447 0.06925 0.03202 0.02423 0.01035 0.004938 0.002808 0.001599 0.002273
0.8397 14.24 16.22 18.95 6.244 5.192 2.124 2.039 0.8613 0.3464 0.214 0.1647 0.0704 0.03368 0.01558 0.01179 0.005033 0.002402 0.001366 0.001884
0.3679 9.446 36.18 11.03 10.6 3.492 2.904 1.188 1.14 0.4817 0.1937 0.1197 0.09209 0.03938 0.01884 0.008711 0.006593 0.002815 0.001343 0.001818
0.821 3.984 23.09 23.62 5.919 5.69 1.874 1.559 0.6378 0.612 0.2586 0.104 0.06425 0.04943 0.02113 0.01011 0.004676 0.003539 0.001511 0.001697
0.7507 9.063 9.925 15.37 12.93 3.239 3.114 1.026 0.8531 0.349 0.335 0.1415 0.05691 0.03517 0.02705 0.01157 0.005534 0.002559 0.001937 0.001755
0.7845 7.711 21.1 6.175 7.862 6.612 1.657 1.593 0.5246 0.4363 0.1785 0.1713 0.07237 0.02911 0.01798 0.01383 0.005916 0.00283 0.001309 0.001888
0.6295 9.62 21.28 15.62 3.762 4.79 4.029 1.009 0.9704 0.3197 0.2658 0.1088 0.1044 0.0441 0.01773 0.01096 0.00843 0.003604 0.001725 0.001948
0.7639 6.505 22.39 13.16 7.928 1.91 2.432 2.045 0.5125 0.4927 0.1623 0.135 0.05522 0.05299 0.02239 0.009004 0.005563 0.00428 0.00183 0.001865
0.4197 7.754 14.98 13.79 6.662 4.013 0.9669 1.231 1.035 0.2594 0.2494 0.08215 0.06831 0.02795 0.02682 0.01133 0.004557 0.002816 0.002166 0.00187
0.8451 4.922 20.57 10.68 8.097 3.912 2.356 0.5677 0.7228 0.6079 0.1523 0.1464 0.04823 0.04011 0.01641 0.01575 0.006654 0.002676 0.001653 0.00237
0.575 9.136 12.02 13.43 5.732 4.345 2.099 1.265 0.3047 0.3879 0.3262 0.08174 0.07858 0.02589 0.02153 0.008808 0.008452 0.003571 0.001436 0.002159
1.145 6.603 23.62 8.308 7.63 3.258 2.469 1.193 0.7187 0.1732 0.2205 0.1854 0.04645 0.04466 0.01471 0.01223 0.005006 0.004804 0.002029 0.002043
0.7441 11.98 15.58 14.84 4.287 3.937 1.681 1.274 0.6156 0.3708 0.08934 0.1138 0.09566 0.02397 0.02304 0.007591 0.006312 0.002583 0.002479 0.002101
0.7395 7.743 28.25 9.833 7.701 2.224 2.043 0.8721 0.6611 0.3194 0.1924 0.04636 0.05902 0.04964 0.01244 0.01196 0.003939 0.003275 0.00134 0.002376
0.4338 8.258 19.6 19.2 5.502 4.309 1.245 1.143 0.488 0.3699 0.1787 0.1077 0.02594 0.03302 0.02777 0.006959 0.00669 0.002204 0.001833 0.00208
0.6664 5.179 22.18 14.09 11.36 3.255 2.55 0.7364 0.6763 0.2887 0.2189 0.1057 0.0637 0.01535 0.01954 0.01643 0.004118 0.003958 0.001304 0.002315
0.6339 6.667 11.71 13.33 6.955 5.607 1.607 1.258 0.3634 0.3338 0.1425 0.108 0.05219 0.03144 0.007574 0.009644 0.00811 0.002032 0.001954 0.001786
0.9328 7.213 17.13 8.058 7.553 3.939 3.176 0.91 0.7127 0.2059 0.1891 0.08071 0.06119 0.02956 0.01781 0.00429 0.005462 0.004594 0.001151 0.002118
0.7305 10.87 18.86 11.94 4.618 4.329 2.258 1.82 0.5215 0.4085 0.118 0.1084 0.04626 0.03507 0.01694 0.01021 0.002459 0.003131 0.002633 0.001874
1.06 7.194 24.16 11.13 5.786 2.237 2.097 1.094 0.8818 0.2526 0.1979 0.05715 0.05249 0.02241 0.01699 0.008207 0.004944 0.001191 0.001517 0.002183
1.332 11.99 18.37 16.53 6.267 3.256 1.259 1.18 0.6155 0.4963 0.1422 0.1114 0.03217 0.02954 0.01261 0.00956 0.004619 0.002782 0.0006704 0.002082
0.8924 14.29 29.07 11.9 8.804 3.337 1.734 0.6706 0.6285 0.3278 0.2643 0.07573 0.05931 0.01713 0.01573 0.006717 0.005092 0.00246 0.001482 0.001466
0.5397 9.988 36.1 19.64 6.614 4.893 1.855 0.9638 0.3727 0.3493 0.1822 0.1469 0.04209 0.03296 0.00952 0.008744 0.003733 0.00283 0.001367 0.001638
0.9459 5.523 23.16 22.37 10.01 3.369 2.493 0.9449 0.491 0.1899 0.1779 0.09281 0.07483 0.02144 0.01679 0.00485 0.004454 0.001902 0.001442 0.001531
1.107 10.63 14.07 15.85 12.6 5.637 1.898 1.404 0.5323 0.2766 0.107 0.1002 0.05228 0.04215 0.01208 0.009459 0.002732 0.002509 0.001071 0.001675
0.5334 12.84 27.78 9.843 9.126 7.256 3.245 1.093 0.8084 0.3064 0.1592 0.06157 0.05771 0.0301 0.02427 0.006953 0.005445 0.001573 0.001445 0.001581
0.7632 5.936 32.11 18.5 5.386 4.994 3.971 1.776 0.5979 0.4423 0.1677 0.08714 0.03369 0.03158 0.01647 0.01328 0.003805 0.00298 0.0008607 0.001656
0.8217 8.418 14.7 21.12 9.996 2.91 2.698 2.145 0.9593 0.323 0.239 0.09059 0.04707 0.0182 0.01706 0.008897 0.007174 0.002055 0.00161 0.001359
0.7013 8.026 18.6 8.638 10.19 4.823 1.404 1.302 1.035 0.4629 0.1558 0.1153 0.04371 0.02271 0.008782 0.008231 0.004293 0.003461 0.0009917 0.001433
1.07 8.615 22.18 13.78 5.269 6.217 2.942 0.8563 0.7939 0.6312 0.2823 0.09505 0.07032 0.02666 0.01385 0.005356 0.00502 0.002618 0.002111 0.001479
0.552 11.35 20.54 14.04 7.161 2.737 3.229 1.528 0.4448 0.4124 0.3279 0.1466 0.04938 0.03653 0.01385 0.007196 0.002782 0.002608 0.00136 0.001865
1.541 6.117 28.26 13.61 7.636 3.896 1.489 1.757 0.8314 0.242 0.2244 0.1784 0.07979 0.02687 0.01987 0.007534 0.003915 0.001514 0.001419 0.001755
0.4543 15.51 13.91 17.1 6.76 3.794 1.936 0.7398 0.8729 0.4131 0.1202 0.1115 0.08864 0.03964 0.01335 0.009874 0.003743 0.001945 0.0007521 0.001577
0.8362 4.928 38.12 9.167 9.272 3.665 2.057 1.049 0.4011 0.4733 0.2239 0.06519 0.06044 0.04805 0.02149 0.007237 0.005354 0.00203 0.001055 0.001263
1.022 9.618 12.8 26.54 5.251 5.311 2.099 1.178 0.6012 0.2298 0.2711 0.1283 0.03734 0.03462 0.02753 0.01231 0.004146 0.003067 0.001163 0.001328
1.119 11.47 24.3 8.626 14.7 2.909 2.942 1.163 0.6527 0.333 0.1273 0.1502 0.07107 0.02069 0.01918 0.01525 0.00682 0.002296 0.001699 0.001379
0.7413 11.56 26.74 15.09 4.398 7.496 1.483 1.5 0.5929 0.3328 0.1698 0.0649 0.07657 0.03623 0.01055 0.009778 0.007775 0.003477 0.001171 0.00157
0.5035 8.833 30.93 19.13 8.876 2.588 4.41 0.8726 0.8826 0.3489 0.1958 0.0999 0.03818 0.04505 0.02132 0.006205 0.005753 0.004574 0.002046 0.001612
