 landings-at-age - landings.n (units : NA )
1	2	
2	100	
1	20	
1 
0.02659 0.2984 0.8352 0.6934 0.4839 0.3377 0.2357 0.1644 0.1148 0.08008 0.05589 0.039 0.02722 0.01899 0.01325 0.009249 0.006454 0.004504 0.003143 0.007259
0.002958 0.05216 0.1462 0.1214 0.08475 0.05914 0.04127 0.0288 0.0201 0.01403 0.009787 0.00683 0.004766 0.003326 0.002321 0.00162 0.00113 0.0007888 0.0005504 0.001271
0.003266 0.03321 0.1464 0.1219 0.08515 0.05942 0.04147 0.02894 0.02019 0.01409 0.009834 0.006862 0.004789 0.003342 0.002332 0.001627 0.001136 0.0007925 0.000553 0.001277
0.003316 0.03667 0.0932 0.122 0.08549 0.0597 0.04166 0.02907 0.02029 0.01416 0.00988 0.006895 0.004811 0.003358 0.002343 0.001635 0.001141 0.0007963 0.0005557 0.001283
0.003397 0.03723 0.1029 0.07772 0.08557 0.05994 0.04186 0.02921 0.02038 0.01423 0.009927 0.006927 0.004834 0.003374 0.002354 0.001643 0.001146 8e-04 0.0005583 0.001289
0.003342 0.03814 0.1045 0.08579 0.05449 0.06 0.04203 0.02935 0.02048 0.01429 0.009974 0.00696 0.004857 0.00339 0.002365 0.001651 0.001152 0.0008038 0.0005609 0.001295
0.003189 0.03753 0.107 0.08712 0.06015 0.03821 0.04207 0.02947 0.02058 0.01436 0.01002 0.006993 0.00488 0.003406 0.002377 0.001658 0.001157 0.0008076 0.0005636 0.001302
0.003206 0.0358 0.1053 0.08924 0.06108 0.04218 0.02679 0.0295 0.02066 0.01443 0.01007 0.007026 0.004903 0.003422 0.002388 0.001666 0.001163 0.0008114 0.0005663 0.001308
0.003367 0.03599 0.1005 0.08781 0.06257 0.04283 0.02957 0.01878 0.02068 0.01449 0.01012 0.00706 0.004926 0.003438 0.002399 0.001674 0.001168 0.0008153 0.0005689 0.001314
0.003702 0.03781 0.101 0.08377 0.06157 0.04387 0.03003 0.02073 0.01317 0.0145 0.01016 0.007093 0.00495 0.003454 0.00241 0.001682 0.001174 0.0008191 0.0005716 0.00132
0.00391 0.04156 0.1061 0.08422 0.05874 0.04317 0.03076 0.02105 0.01454 0.009233 0.01017 0.007121 0.004973 0.003471 0.002422 0.00169 0.001179 0.000823 0.0005743 0.001326
0.004221 0.04391 0.1166 0.08847 0.05905 0.04118 0.03027 0.02157 0.01476 0.01019 0.006474 0.007128 0.004993 0.003487 0.002433 0.001698 0.001185 0.0008269 0.0005771 0.001333
0.00448 0.04739 0.1232 0.09725 0.06203 0.0414 0.02887 0.02122 0.01512 0.01035 0.007147 0.004539 0.004998 0.003501 0.002445 0.001706 0.001191 0.0008308 0.0005798 0.001339
0.004477 0.0503 0.133 0.1027 0.06819 0.04349 0.02903 0.02025 0.01488 0.0106 0.007257 0.005011 0.003183 0.003504 0.002455 0.001714 0.001196 0.0008348 0.0005825 0.001345
0.004747 0.05027 0.1411 0.1109 0.07203 0.04781 0.03049 0.02035 0.0142 0.01043 0.007434 0.005088 0.003513 0.002231 0.002457 0.001721 0.001202 0.0008387 0.0005853 0.001352
0.004596 0.05331 0.1411 0.1177 0.07775 0.0505 0.03352 0.02138 0.01427 0.009953 0.007315 0.005212 0.003568 0.002463 0.001565 0.001723 0.001207 0.0008427 0.0005881 0.001358
0.004783 0.0516 0.1496 0.1176 0.08252 0.05451 0.03541 0.0235 0.01499 0.01001 0.006978 0.005129 0.003654 0.002501 0.001727 0.001097 0.001208 0.000846 0.0005908 0.001365
0.004952 0.05371 0.1448 0.1247 0.08247 0.05786 0.03822 0.02483 0.01648 0.01051 0.007015 0.004893 0.003596 0.002562 0.001754 0.001211 0.0007691 0.0008469 0.0005932 0.001371
0.005085 0.05561 0.1507 0.1207 0.08745 0.05782 0.04057 0.0268 0.01741 0.01155 0.00737 0.004919 0.003431 0.002521 0.001797 0.00123 0.0008491 0.0005393 0.0005938 0.001377
0.00525 0.0571 0.156 0.1257 0.08466 0.06132 0.04054 0.02844 0.01879 0.01221 0.008101 0.005167 0.003449 0.002405 0.001768 0.00126 0.0008622 0.0005953 0.0003781 0.001382
0.00502 0.05895 0.1602 0.1301 0.08811 0.05936 0.04299 0.02843 0.01994 0.01317 0.008558 0.00568 0.003623 0.002418 0.001686 0.001239 0.0008832 0.0006045 0.0004174 0.001234
0.00496 0.05637 0.1654 0.1336 0.09123 0.06178 0.04162 0.03014 0.01993 0.01398 0.009237 0.006 0.003983 0.00254 0.001695 0.001182 0.000869 0.0006192 0.0004239 0.001158
0.004725 0.05569 0.1582 0.1379 0.09368 0.06396 0.04331 0.02918 0.02113 0.01397 0.009804 0.006476 0.004207 0.002792 0.001781 0.001189 0.0008291 0.0006093 0.0004342 0.001109
0.004723 0.05306 0.1563 0.1319 0.09671 0.06568 0.04485 0.03037 0.02046 0.01482 0.009798 0.006874 0.004541 0.00295 0.001958 0.001249 0.0008335 0.0005813 0.0004272 0.001082
0.004837 0.05304 0.1489 0.1303 0.09248 0.06781 0.04605 0.03144 0.02129 0.01435 0.01039 0.00687 0.00482 0.003184 0.002068 0.001373 0.0008756 0.0005844 0.0004076 0.001058
0.004784 0.05431 0.1488 0.1241 0.09136 0.06484 0.04754 0.03229 0.02205 0.01493 0.01006 0.007285 0.004817 0.003379 0.002232 0.00145 0.0009625 0.0006139 0.0004097 0.001028
0.005034 0.05371 0.1524 0.1241 0.08704 0.06406 0.04546 0.03334 0.02264 0.01546 0.01047 0.007052 0.005108 0.003377 0.002369 0.001565 0.001017 0.0006748 0.0004304 0.001008
0.005368 0.05652 0.1507 0.1271 0.08701 0.06103 0.04491 0.03188 0.02337 0.01587 0.01084 0.007339 0.004945 0.003581 0.002368 0.001661 0.001097 0.0007129 0.0004731 0.001008
0.005633 0.06028 0.1586 0.1257 0.0891 0.061 0.04279 0.03149 0.02235 0.01639 0.01113 0.007599 0.005146 0.003467 0.002511 0.00166 0.001165 0.0007694 0.0004998 0.001039
0.005492 0.06325 0.1691 0.1323 0.08812 0.06247 0.04277 0.03 0.02208 0.01567 0.01149 0.007803 0.005328 0.003608 0.002431 0.001761 0.001164 0.0008167 0.0005395 0.001079
0.005392 0.06167 0.1775 0.141 0.09273 0.06178 0.0438 0.02999 0.02104 0.01548 0.01099 0.008056 0.005471 0.003736 0.00253 0.001704 0.001234 0.0008162 0.0005726 0.001135
0.005656 0.06054 0.173 0.148 0.09889 0.06502 0.04332 0.03071 0.02103 0.01475 0.01085 0.007704 0.005649 0.003836 0.002619 0.001774 0.001195 0.0008655 0.0005722 0.001197
0.005716 0.06351 0.1699 0.1443 0.1038 0.06933 0.04559 0.03037 0.02153 0.01474 0.01034 0.00761 0.005401 0.003961 0.00269 0.001837 0.001244 0.0008378 0.0006068 0.001241
0.005885 0.06418 0.1782 0.1416 0.1012 0.07276 0.04861 0.03196 0.0213 0.0151 0.01034 0.007251 0.005336 0.003787 0.002777 0.001886 0.001288 0.000872 0.0005874 0.001295
0.005634 0.06608 0.1801 0.1486 0.09932 0.07094 0.05101 0.03408 0.02241 0.01493 0.01059 0.007248 0.005084 0.003741 0.002655 0.001947 0.001322 0.0009028 0.0006114 0.00132
0.005805 0.06327 0.1854 0.1502 0.1042 0.06963 0.04974 0.03577 0.0239 0.01571 0.01047 0.007422 0.005082 0.003564 0.002623 0.001862 0.001365 0.0009271 0.000633 0.001354
0.00571 0.06518 0.1775 0.1546 0.1053 0.07305 0.04882 0.03487 0.02508 0.01676 0.01102 0.00734 0.005204 0.003563 0.002499 0.001839 0.001305 0.0009571 0.00065 0.001393
0.005584 0.06412 0.1829 0.148 0.1084 0.07382 0.05122 0.03423 0.02445 0.01758 0.01175 0.007724 0.005147 0.003649 0.002498 0.001752 0.00129 0.0009152 0.0006711 0.001433
0.005847 0.0627 0.1799 0.1525 0.1038 0.076 0.05176 0.03591 0.024 0.01714 0.01233 0.008237 0.005416 0.003609 0.002558 0.001752 0.001229 0.0009041 0.0006417 0.001475
0.006314 0.06566 0.1759 0.15 0.1069 0.07277 0.05329 0.03629 0.02518 0.01683 0.01202 0.008644 0.005776 0.003797 0.00253 0.001794 0.001228 0.0008614 0.0006339 0.001484
0.006223 0.0709 0.1842 0.1467 0.1052 0.07497 0.05102 0.03736 0.02545 0.01765 0.0118 0.008428 0.006061 0.00405 0.002662 0.001774 0.001258 0.0008611 0.000604 0.001485
6.819e-08 7.998e-07 2.278e-06 1.759e-06 1.178e-06 8.445e-07 6.019e-07 4.097e-07 3e-07 2.043e-07 1.417e-07 9.473e-08 6.766e-08 4.866e-08 3.251e-08 2.138e-08 1.424e-08 1.01e-08 6.913e-09 1.677e-08
0.09406 0.9879 2.884 2.439 1.584 1.061 0.7605 0.542 0.3689 0.2701 0.184 0.1276 0.0853 0.06093 0.04382 0.02928 0.01925 0.01282 0.009092 0.02133
0.1822 2.106 5.473 4.717 3.35 2.176 1.457 1.045 0.7445 0.5067 0.371 0.2527 0.1753 0.1172 0.08369 0.06018 0.04021 0.02644 0.01762 0.04178
0.2813 3.055 8.687 6.624 4.788 3.401 2.208 1.479 1.06 0.7557 0.5143 0.3766 0.2565 0.1779 0.1189 0.08495 0.06109 0.04082 0.02684 0.06029
0.3703 4.186 11.12 9.219 5.889 4.256 3.023 1.963 1.315 0.9426 0.6718 0.4572 0.3348 0.228 0.1582 0.1057 0.07552 0.05431 0.03629 0.07746
0.4625 5.159 14.17 10.91 7.571 4.836 3.496 2.483 1.612 1.08 0.7741 0.5518 0.3755 0.275 0.1873 0.1299 0.08683 0.06202 0.0446 0.09342
0.5989 6.175 16.65 13.18 8.477 5.882 3.757 2.716 1.929 1.253 0.8388 0.6014 0.4286 0.2917 0.2136 0.1455 0.1009 0.06746 0.04818 0.1072
0.6586 7.762 19.23 14.84 9.806 6.309 4.377 2.796 2.021 1.435 0.9322 0.6242 0.4475 0.319 0.2171 0.159 0.1083 0.07511 0.0502 0.1156
0.7883 8.349 23.5 16.57 10.66 7.044 4.532 3.144 2.008 1.452 1.031 0.6696 0.4484 0.3215 0.2291 0.1559 0.1142 0.07776 0.05395 0.1191
0.8241 9.82 24.7 19.67 11.54 7.429 4.908 3.157 2.191 1.399 1.011 0.7184 0.4665 0.3124 0.224 0.1596 0.1086 0.07956 0.05418 0.1206
0.9608 10.12 28.48 20.15 13.34 7.828 5.037 3.328 2.141 1.485 0.9487 0.6858 0.4871 0.3163 0.2118 0.1519 0.1082 0.07367 0.05394 0.1185
1.091 11.67 28.86 22.69 13.32 8.822 5.178 3.331 2.201 1.416 0.9824 0.6275 0.4536 0.3222 0.2092 0.1401 0.1005 0.07159 0.04872 0.1141
1.049 13.12 32.74 22.49 14.67 8.612 5.702 3.346 2.153 1.422 0.9152 0.635 0.4056 0.2932 0.2082 0.1352 0.09055 0.06492 0.04627 0.1052
1.09 12.5 36.29 25 14.23 9.276 5.447 3.606 2.116 1.362 0.8996 0.5788 0.4016 0.2565 0.1854 0.1317 0.08553 0.05727 0.04106 0.09581
1.135 12.9 34.13 27.18 15.49 8.813 5.746 3.374 2.234 1.311 0.8436 0.5573 0.3585 0.2488 0.1589 0.1149 0.08158 0.05298 0.03548 0.08479
1.165 13.35 34.78 25.09 16.51 9.406 5.352 3.489 2.049 1.357 0.7962 0.5123 0.3384 0.2177 0.1511 0.0965 0.06975 0.04954 0.03217 0.07304
1.223 13.61 35.56 25.12 14.95 9.834 5.603 3.188 2.079 1.221 0.8082 0.4743 0.3052 0.2016 0.1297 0.09 0.05749 0.04155 0.02951 0.06268
1.22 14.21 35.85 25.24 14.69 8.74 5.75 3.276 1.864 1.215 0.7137 0.4725 0.2773 0.1784 0.1179 0.07584 0.05262 0.03361 0.0243 0.0539
1.185 14.1 37.05 25.02 14.49 8.432 5.018 3.301 1.881 1.07 0.6978 0.4097 0.2713 0.1592 0.1024 0.06768 0.04354 0.03021 0.0193 0.0449
1.152 13.64 36.38 25.44 14.11 8.173 4.755 2.83 1.862 1.061 0.6036 0.3935 0.2311 0.153 0.08979 0.05778 0.03817 0.02456 0.01704 0.0362
1.146 12.55 33.27 23.5 13.48 7.478 4.331 2.52 1.5 0.9866 0.5622 0.3199 0.2086 0.1225 0.08108 0.04759 0.03062 0.02023 0.01301 0.02822
1.217 12.49 30.63 21.49 12.45 7.143 3.963 2.295 1.335 0.7947 0.5229 0.2979 0.1695 0.1105 0.0649 0.04297 0.02522 0.01623 0.01072 0.02185
1.211 13.26 30.48 19.79 11.39 6.6 3.785 2.1 1.216 0.7077 0.4212 0.2771 0.1579 0.08983 0.05857 0.03439 0.02277 0.01336 0.008599 0.01726
1.119 13.2 32.37 19.68 10.48 6.035 3.498 2.006 1.113 0.6446 0.375 0.2232 0.1468 0.08367 0.0476 0.03104 0.01823 0.01207 0.007082 0.0137
1.07 12.19 32.21 20.91 10.43 5.556 3.198 1.853 1.063 0.5898 0.3416 0.1987 0.1183 0.07782 0.04434 0.02523 0.01645 0.009658 0.006395 0.01102
1.032 11.67 29.75 20.81 11.08 5.528 2.945 1.695 0.9822 0.5634 0.3126 0.181 0.1053 0.06268 0.04124 0.0235 0.01337 0.008717 0.005118 0.009226
0.9834 11.25 28.47 19.22 11.03 5.871 2.93 1.56 0.8982 0.5205 0.2986 0.1656 0.09593 0.05581 0.03322 0.02185 0.01245 0.007085 0.004619 0.007602
0.9417 10.72 27.46 18.39 10.18 5.844 3.111 1.552 0.8269 0.476 0.2758 0.1582 0.08778 0.05084 0.02958 0.0176 0.01158 0.006599 0.003755 0.006477
0.8667 10.27 26.16 17.74 9.745 5.397 3.097 1.649 0.8227 0.4382 0.2523 0.1462 0.08384 0.04652 0.02694 0.01567 0.009328 0.006137 0.003497 0.005422
0.7406 9.449 25.05 16.9 9.399 5.164 2.86 1.641 0.8737 0.436 0.2322 0.1337 0.07747 0.04443 0.02465 0.01428 0.008307 0.004944 0.003252 0.004727
0.7668 8.074 23.06 16.18 8.954 4.981 2.737 1.516 0.8697 0.463 0.231 0.1231 0.07084 0.04105 0.02355 0.01306 0.007566 0.004402 0.00262 0.004228
0.7513 8.36 19.7 14.89 8.574 4.745 2.64 1.45 0.8032 0.4609 0.2454 0.1224 0.06522 0.03754 0.02176 0.01248 0.006923 0.004009 0.002333 0.003629
0.754 8.191 20.4 12.72 7.892 4.544 2.515 1.399 0.7686 0.4257 0.2442 0.13 0.06489 0.03456 0.01989 0.01153 0.006613 0.003669 0.002125 0.00316
0.7565 8.22 19.99 13.18 6.743 4.182 2.408 1.333 0.7413 0.4073 0.2256 0.1294 0.06891 0.03439 0.01832 0.01054 0.00611 0.003504 0.001944 0.0028
0.6768 8.247 20.06 12.91 6.982 3.574 2.216 1.276 0.7062 0.3928 0.2159 0.1195 0.06859 0.03652 0.01822 0.009706 0.005587 0.003238 0.001857 0.002514
0.676 7.378 20.12 12.95 6.841 3.7 1.894 1.174 0.6762 0.3742 0.2082 0.1144 0.06335 0.03635 0.01935 0.009657 0.005144 0.002961 0.001716 0.002317
0.7226 7.37 18 13 6.865 3.625 1.961 1.004 0.6224 0.3584 0.1983 0.1103 0.06062 0.03357 0.01926 0.01026 0.005118 0.002726 0.001569 0.002137
0.7281 7.878 17.98 11.63 6.888 3.638 1.921 1.039 0.5318 0.3298 0.1899 0.1051 0.05846 0.03212 0.01779 0.01021 0.005435 0.002712 0.001445 0.001964
0.75 7.937 19.22 11.61 6.162 3.65 1.928 1.018 0.5507 0.2818 0.1748 0.1006 0.0557 0.03098 0.01702 0.009428 0.00541 0.00288 0.001437 0.001806
0.7009 7.982 18.94 12.15 6.023 3.196 1.893 0.9998 0.528 0.2856 0.1462 0.09065 0.05219 0.02888 0.01607 0.008828 0.004889 0.002805 0.001494 0.001682
0.6406 7.46 19.1 12.04 6.34 3.143 1.668 0.9878 0.5217 0.2755 0.149 0.07627 0.0473 0.02723 0.01507 0.008384 0.004607 0.002551 0.001464 0.001657
0.6264 6.818 17.9 12.21 6.322 3.329 1.65 0.8756 0.5187 0.2739 0.1447 0.07825 0.04005 0.02484 0.0143 0.007914 0.004402 0.002419 0.00134 0.001639
0.6337 6.668 16.41 11.51 6.451 3.34 1.759 0.8719 0.4626 0.274 0.1447 0.07643 0.04134 0.02116 0.01312 0.007555 0.004181 0.002326 0.001278 0.001574
0.578 6.745 16.09 10.6 6.117 3.429 1.776 0.9349 0.4635 0.2459 0.1457 0.07694 0.04063 0.02198 0.01125 0.006975 0.004016 0.002223 0.001236 0.001516
0.6093 6.152 16.31 10.45 5.671 3.271 1.834 0.9496 0.5 0.2479 0.1315 0.07791 0.04115 0.02173 0.01175 0.006015 0.003731 0.002148 0.001189 0.001472
0.5702 6.484 14.92 10.66 5.625 3.051 1.76 0.9869 0.511 0.2691 0.1334 0.07077 0.04192 0.02214 0.01169 0.006324 0.003237 0.002007 0.001156 0.001432
0.5559 6.068 15.76 9.8 5.77 3.045 1.652 0.9528 0.5342 0.2766 0.1456 0.0722 0.03831 0.02269 0.01199 0.006329 0.003423 0.001752 0.001087 0.001401
0.5327 5.915 14.79 10.41 5.337 3.142 1.658 0.8994 0.5189 0.2909 0.1506 0.07931 0.03932 0.02086 0.01236 0.006526 0.003446 0.001864 0.0009541 0.001354
0.5484 5.665 14.45 9.818 5.703 2.923 1.721 0.9082 0.4927 0.2842 0.1593 0.0825 0.04344 0.02154 0.01143 0.006769 0.003575 0.001888 0.001021 0.001265
0.5048 5.832 13.87 9.644 5.409 3.142 1.611 0.9483 0.5004 0.2714 0.1566 0.08779 0.04546 0.02393 0.01187 0.006295 0.003729 0.00197 0.00104 0.001259
0.4708 5.365 14.31 9.307 5.344 2.998 1.741 0.8925 0.5255 0.2773 0.1504 0.08677 0.04865 0.02519 0.01326 0.006575 0.003488 0.002066 0.001091 0.001274
0.4378 5.001 13.2 9.65 5.187 2.978 1.671 0.9703 0.4974 0.2928 0.1545 0.08382 0.04836 0.02711 0.01404 0.007391 0.003664 0.001944 0.001152 0.001318
0.4303 4.648 12.33 8.942 5.408 2.907 1.669 0.9362 0.5438 0.2787 0.1641 0.0866 0.04698 0.0271 0.01519 0.007867 0.004142 0.002054 0.001089 0.001384
0.4228 4.566 11.48 8.394 5.039 3.047 1.638 0.9404 0.5275 0.3064 0.1571 0.09248 0.0488 0.02647 0.01527 0.008561 0.004433 0.002334 0.001157 0.001394
0.4114 4.483 11.3 7.855 4.756 2.855 1.726 0.9279 0.5328 0.2989 0.1736 0.08898 0.05239 0.02765 0.015 0.008651 0.00485 0.002511 0.001322 0.001445
0.4184 4.358 11.12 7.767 4.474 2.708 1.626 0.9833 0.5285 0.3034 0.1702 0.09886 0.05068 0.02984 0.01574 0.008541 0.004927 0.002762 0.00143 0.001576
0.3942 4.428 10.82 7.675 4.446 2.561 1.55 0.9307 0.5629 0.3025 0.1737 0.09743 0.05659 0.02901 0.01708 0.009013 0.004889 0.00282 0.001581 0.001721
0.3928 4.167 11.01 7.505 4.415 2.558 1.473 0.892 0.5354 0.3238 0.174 0.09993 0.05605 0.03256 0.01669 0.009826 0.005185 0.002813 0.001623 0.0019
