Originally  
101 
A 
2	100	
1	1	NA	NA	
1	20	
1 389.9 158.4 194.9 146.2 97.47 97.47 36.55 24.37 73.11 0 0 0 0 0 0 0 0 0 0 0
1 401.2 272.8 160.5 224.7 160.5 128.4 48.14 16.05 64.19 32.09 32.09 16.05 16.05 0 0 32.09 0 0 0 0
1 241.1 241.1 241.1 227.7 160.7 107.1 66.97 0 0 26.79 0 0 13.39 0 0 13.39 0 0 0 0
1 288.9 119.5 139.5 79.7 159.4 39.85 59.77 49.81 19.92 19.92 9.962 0 0 0 9.962 0 0 0 0 0
1 240.2 144.1 153.7 19.22 115.3 86.47 57.65 57.65 38.43 28.82 0 9.608 9.608 0 0 0 0 0 0 0
1 306.7 284 136.3 113.6 56.79 79.51 45.44 22.72 22.72 45.44 0 11.36 0 0 0 0 0 0 0 11.36
1 373.7 140.1 140.1 175.2 105.1 58.4 58.4 81.75 11.68 0 0 0 0 11.68 0 11.68 0 0 0 0
1 274.7 161 123.1 85.24 75.77 28.41 47.35 37.88 0 66.3 28.41 9.471 0 9.471 0 0 0 0 0 0
1 167.9 149.2 87.05 68.4 43.53 31.09 31.09 6.218 12.44 12.44 6.218 6.218 0 0 0 0 0 0 0 0
1 227 187.8 101.7 62.61 54.78 15.65 23.48 23.48 7.826 15.65 15.65 23.48 7.826 7.826 0 0 7.826 0 0 0
1 361 240.6 98.45 109.4 98.45 10.94 10.94 54.69 43.75 0 21.88 10.94 10.94 0 0 10.94 10.94 0 0 0
1 319.5 255.6 191.7 74.55 63.9 31.95 21.3 21.3 0 21.3 0 21.3 10.65 21.3 0 0 10.65 0 0 0
1 475 296.9 252.4 193 44.53 59.38 59.38 14.84 29.69 14.84 14.84 14.84 0 0 14.84 0 0 0 0 0
1 481.1 593.3 144.3 64.14 128.3 32.07 64.14 0 32.07 32.07 16.04 0 16.04 0 0 0 0 0 0 0
1 468.6 272.1 241.9 226.7 120.9 105.8 15.12 30.23 0 0 15.12 15.12 0 0 0 0 0 0 0 0
1 524.8 410 213.2 196.8 82 98.4 65.6 16.4 0 16.4 0 16.4 0 0 0 0 0 0 0 0
1 361.4 262.8 164.3 43.8 109.5 43.8 21.9 10.95 10.95 0 32.85 10.95 0 21.9 0 0 0 0 0 0
1 588.3 220.6 205.9 161.8 44.12 103 44.12 14.71 44.12 0 14.71 0 0 0 14.71 14.71 0 0 0 0
1 376.2 349.3 134.3 134.3 120.9 80.61 53.74 26.87 13.43 26.87 13.43 0 13.43 0 0 0 0 0 0 0
1 531.1 258.4 157.9 215.3 157.9 43.06 14.35 14.35 0 0 14.35 0 14.35 14.35 0 0 0 0 0 0
1 335 279.2 145.2 156.3 44.66 78.16 11.17 0 11.17 0 33.5 11.17 0 0 0 0 0 0 0 11.17
1 317.9 197.3 208.3 153.5 65.78 54.82 32.89 10.96 10.96 0 10.96 10.96 0 0 0 10.96 10.96 0 0 0
1 547.3 259.2 115.2 144 72.01 100.8 43.2 43.2 28.8 14.4 14.4 14.4 0 14.4 14.4 14.4 0 0 0 0
1 382.4 399.8 312.9 156.5 208.6 86.92 34.77 34.77 17.38 34.77 52.15 0 0 0 0 0 17.38 0 0 0
1 464.4 381.5 215.6 165.9 49.76 182.5 16.59 33.17 16.59 49.76 33.17 16.59 33.17 0 0 0 0 0 0 0
1 415.7 304.8 318.7 96.99 110.8 13.86 41.57 41.57 13.86 13.86 13.86 0 0 0 0 0 0 0 0 0
1 304.4 262.4 188.9 73.46 41.98 31.48 73.46 20.99 20.99 10.49 10.49 0 10.49 0 0 0 0 0 0 0
1 469.8 266.6 127 114.3 101.6 38.09 38.09 38.09 38.09 0 12.7 0 12.7 0 0 12.7 0 0 0 0
1 564.2 350.7 106.7 152.5 122 61 15.25 76.25 15.25 15.25 0 0 30.5 0 0 15.25 0 0 0 0
1 605.2 531.9 256.8 165.1 110 73.36 36.68 18.34 0 18.34 0 18.34 0 0 0 0 0 0 0 0
1 496.8 336.5 272.4 224.4 48.08 0 80.13 16.03 16.03 32.05 16.03 48.08 0 0 0 16.03 0 0 0 0
1 507.1 413.2 356.9 187.8 131.5 112.7 37.56 56.35 18.78 0 18.78 18.78 0 0 18.78 0 0 0 0 0
1 648.6 353.8 235.9 117.9 255.5 78.62 39.31 58.97 78.62 58.97 0 19.66 0 0 0 0 19.66 0 0 0
1 554.2 277.1 247.9 160.4 87.5 58.33 14.58 0 0 14.58 14.58 14.58 14.58 0 0 0 0 0 0 0
1 494.6 384.7 274.8 238.2 109.9 109.9 73.28 18.32 36.64 36.64 36.64 0 18.32 0 0 0 0 0 0 0
1 463.4 319.6 207.7 175.8 143.8 79.89 63.91 15.98 15.98 15.98 15.98 31.96 31.96 15.98 0 0 0 0 0 0
1 523.8 360.1 245.6 180.1 98.22 98.22 49.11 49.11 0 0 16.37 16.37 0 0 0 0 0 0 0 0
1 537.3 397.1 373.8 397.1 210.2 140.2 140.2 23.36 70.08 23.36 0 0 0 0 23.36 0 0 0 0 0
1 525 525 291.7 213.9 77.78 77.78 58.34 38.89 19.45 58.34 38.89 19.45 0 0 0 0 0 0 0 0
1 799.6 260.3 185.9 297.5 92.97 74.38 18.59 18.59 18.59 18.59 0 37.19 0 0 0 0 18.59 0 0 18.59
1 790.3 445.8 263.4 101.3 121.6 81.06 40.53 101.3 40.53 40.53 0 0 0 0 0 0 0 0 0 0
1 602.9 237.5 310.6 274 73.08 146.2 54.81 91.34 0 0 18.27 0 0 18.27 0 0 0 0 0 0
1 548.8 214.2 200.8 160.6 53.55 26.77 80.32 13.39 13.39 0 13.39 13.39 0 0 0 0 0 0 0 0
1 528.2 374.9 272.6 85.2 102.2 136.3 68.16 51.12 17.04 17.04 17.04 0 0 0 0 0 17.04 0 17.04 0
1 560.6 322.8 390.7 84.94 84.94 50.97 33.98 67.95 33.98 50.97 0 16.99 0 0 0 0 0 0 0 0
1 488.2 632.8 235 144.6 72.32 90.4 36.16 18.08 54.24 36.16 0 0 0 0 0 0 0 0 0 0
1 411.5 338 279.2 132.3 102.9 58.78 73.48 29.39 14.7 0 0 0 0 14.7 14.7 0 0 0 0 0
1 527.2 400.7 358.5 253 253 84.35 147.6 21.09 21.09 0 21.09 0 0 21.09 0 0 0 0 0 0
1 533.3 441.9 213.3 121.9 60.95 30.47 60.95 30.47 0 0 15.24 0 0 15.24 0 0 0 0 0 0
1 622.1 319 319 175.5 31.9 31.9 31.9 31.9 0 0 15.95 0 15.95 0 0 0 0 0 0 0
1 345.5 411.9 186 132.9 93.01 66.44 39.86 26.58 26.58 0 0 0 0 0 0 0 0 0 0 0
1 737.8 431.9 287.9 53.98 89.97 71.98 35.99 17.99 17.99 17.99 17.99 0 0 17.99 0 0 0 0 0 0
1 661.9 322.9 274.5 161.4 32.29 48.43 32.29 16.14 0 16.14 0 16.14 16.14 0 16.14 0 0 0 0 0
1 459.4 344.6 377.4 131.3 114.9 49.23 65.63 49.23 0 0 49.23 0 0 0 0 0 0 0 0 0
1 508.9 187.5 254.5 174.1 80.35 66.96 13.39 0 13.39 13.39 0 13.39 0 0 13.39 0 0 0 0 0
1 414.5 460.6 322.4 153.5 30.7 92.11 0 15.35 15.35 15.35 15.35 0 0 0 0 0 0 0 0 0
1 571.5 438.1 285.7 190.5 114.3 133.3 95.25 0 38.1 19.05 19.05 0 0 0 0 0 0 0 0 0
1 378.8 311.9 200.5 122.5 22.28 33.42 11.14 0 0 0 11.14 0 0 0 0 0 11.14 11.14 0 0
1 597.8 231.8 146.4 97.61 97.61 12.2 24.4 0 0 0 0 0 0 0 0 12.2 0 0 0 0
1 441.9 383 250.4 221 88.38 29.46 29.46 14.73 0 14.73 0 0 0 0 0 0 0 0 0 0
1 492.5 273.6 246.2 205.2 95.76 41.04 13.68 0 0 0 0 0 0 0 0 0 0 0 0 0
1 247.9 184.1 148.7 56.65 28.33 0 14.16 0 0 0 7.081 14.16 7.081 0 0 0 0 0 0 0
1 531.7 330.5 229.9 100.6 86.23 43.11 57.49 43.11 14.37 0 0 0 0 0 0 0 0 0 0 0
1 505.8 317.6 152.9 82.35 47.06 58.82 0 0 11.76 0 0 0 0 0 0 0 0 0 0 0
1 364.2 210.8 182.1 57.5 38.33 57.5 19.17 9.583 9.583 0 0 9.583 0 0 0 0 0 0 0 0
1 321.5 245.9 160.8 122.9 37.83 18.91 18.91 0 9.457 9.457 0 0 0 0 0 0 0 0 0 0
1 234.5 210.3 137.5 97.05 56.61 40.44 8.088 8.088 8.088 0 0 8.088 0 0 0 0 0 0 0 0
1 203.1 190 104.8 104.8 39.3 6.55 0 6.55 0 0 0 0 0 0 0 0 0 0 0 0
1 186.6 160.9 148 102.9 25.74 6.434 6.434 6.434 0 0 0 0 0 0 0 0 0 0 0 0
1 349.4 349.4 174.7 131 43.68 21.84 0 21.84 0 0 0 0 0 0 0 0 0 0 0 0
1 253 299.9 196.8 65.6 46.86 18.74 46.86 0 0 9.372 0 0 0 0 0 0 0 0 0 0
1 254.8 161 107.3 80.48 26.83 20.12 0 0 6.706 6.706 0 0 0 6.706 0 0 0 0 0 0
1 352.1 180.4 137.4 85.88 25.76 51.53 8.588 8.588 8.588 0 0 0 0 0 0 0 0 0 0 0
1 280.2 147.5 132.7 81.1 44.24 22.12 7.373 22.12 0 0 0 0 0 0 0 0 0 0 0 0
1 209.7 190 111.4 45.87 26.21 26.21 26.21 6.553 0 6.553 6.553 0 0 0 0 0 0 0 0 0
1 273.7 167.2 167.2 68.42 38.01 30.41 0 7.602 7.602 0 0 0 0 0 0 0 0 0 0 0
1 227.1 155.1 71.99 55.38 22.15 11.08 5.538 5.538 0 0 0 0 0 0 0 0 0 0 0 0
1 252.8 172.6 80.16 67.82 18.5 6.166 6.166 0 12.33 0 0 0 0 0 0 0 0 0 0 0
1 221.8 118.3 64.07 39.43 39.43 4.928 0 0 0 0 0 0 4.928 0 0 0 0 0 0 0
1 303.8 259.1 125.1 116.1 62.54 17.87 0 8.934 0 0 0 0 0 0 0 0 0 0 0 0
1 278.6 233.6 179.7 71.89 62.9 8.986 44.93 8.986 8.986 0 0 0 0 0 0 0 0 0 0 0
1 196.1 177.7 61.29 55.16 73.55 18.39 6.129 6.129 6.129 6.129 6.129 0 0 0 0 0 0 0 0 0
1 253.4 118.2 95.72 33.78 28.15 16.89 0 11.26 0 0 5.63 0 0 0 0 0 0 0 0 0
1 229.8 117.8 106.1 53.03 41.24 11.78 5.892 17.68 0 5.892 0 0 0 0 0 0 0 0 0 0
1 206 199.8 93.64 56.19 24.97 18.73 18.73 0 0 0 0 6.243 0 0 0 0 0 0 0 0
1 241.4 201.1 127.4 53.64 20.11 13.41 0 0 6.705 6.705 0 0 0 0 0 0 0 0 0 0
1 275.1 141.3 171 89.23 37.18 14.87 0 7.436 0 7.436 0 0 0 0 0 0 0 0 0 0
1 164.1 198 67.89 73.55 39.6 16.97 0 0 5.657 0 0 0 0 0 0 0 0 0 0 0
1 241 135.2 94.05 52.91 23.51 23.51 5.878 5.878 0 0 5.878 0 0 0 0 0 0 0 0 0
1 192.3 122.8 122.8 48.07 26.7 10.68 0 0 5.341 5.341 0 0 0 0 0 0 0 0 0 0
1 154.2 224.9 77.12 44.99 77.12 25.71 12.85 12.85 6.427 0 0 0 0 6.427 0 0 0 0 0 0
1 154.2 143.9 77.1 41.12 66.82 5.14 10.28 5.14 10.28 0 0 0 0 0 0 0 0 0 0 0
1 196.5 176.2 135.5 94.88 33.89 20.33 6.777 6.777 6.777 0 0 0 0 0 0 0 0 0 0 0
1 279.1 236.8 152.2 84.57 33.83 16.91 16.91 8.457 16.91 0 0 0 0 0 0 0 0 0 0 0
1 166.8 148.3 117.4 61.79 49.43 12.36 30.9 30.9 0 0 0 0 0 0 0 0 0 0 0 0
1 153.1 137.2 95 79.17 36.94 0 15.83 5.278 0 0 0 5.278 0 0 0 0 0 0 0 0
1 313.1 184.6 128.5 32.11 32.11 24.08 32.11 24.08 24.08 0 0 0 8.028 0 0 0 0 0 0 0
1 204.2 192.2 108.1 42.05 24.03 12.01 6.007 0 0 12.01 0 0 0 0 0 0 0 0 0 0
1 237.1 165.2 150.9 64.66 50.29 28.74 0 0 14.37 0 0 7.185 0 0 0 0 0 0 0 0
