Originally  
101 
A 
42	100	
1	1	NA	NA	
1	20	
1 0.02475 0.198 0.7425 0.6435 0.297 0.1238 0.198 0.099 0.02475 0.02475 0.02475 0 0 0.0495 0.02475 0 0 0 0 0
1 0.1547 0.4642 0.6189 0.967 0.8123 0.1547 0.03868 0.3481 0.03868 0.03868 0.03868 0.07736 0 0.07736 0.03868 0 0 0 0 0
1 0.1062 0.2975 0.4674 0.1487 0.4249 0.1912 0.1487 0.08499 0.06374 0.1062 0.02125 0 0 0.04249 0 0 0 0 0 0.02125
1 0.04159 0.3119 0.2911 0.4367 0.2287 0.3119 0.2079 0 0.06238 0.06238 0.08318 0.02079 0 0 0 0 0 0 0 0.02079
1 0.0286 0.2574 0.8295 0.2288 0.5149 0.286 0.3432 0.2002 0.0286 0.0286 0.05721 0.0286 0 0.0286 0 0 0 0 0 0
1 0.0236 0.1416 0.7316 0.6608 0.236 0.1652 0.0472 0.1416 0.1416 0 0 0 0.0236 0 0.0236 0.0236 0 0 0 0
1 0.02286 0.4344 0.4115 0.4572 0.4801 0.1829 0.04572 0.09145 0.02286 0 0.04572 0 0.04572 0.02286 0 0 0 0 0 0.02286
1 0.02888 0.1877 0.5921 0.13 0.1877 0.1588 0.02888 0.05776 0.01444 0.04332 0.01444 0 0 0 0 0 0 0 0 0
1 0.05157 0.2579 0.5673 0.6446 0.3352 0.1289 0.3094 0 0.1547 0.02579 0 0.02579 0.05157 0 0 0 0.02579 0 0 0
1 0.09928 0.2978 0.4964 0.7198 0.3227 0.1986 0.07446 0.1737 0.02482 0 0 0.02482 0 0.04964 0 0 0 0 0 0
1 0.0367 0.09787 0.3303 0.2936 0.208 0.08564 0.0367 0.0367 0.01223 0.02447 0.0367 0 0 0.01223 0 0 0 0 0.01223 0
1 0.01788 0.3218 0.4112 0.286 0.2324 0.1609 0.1788 0.05363 0 0.01788 0 0 0.03576 0.05363 0 0.01788 0 0 0 0
1 0.01987 0.3974 0.5563 0.2782 0.2384 0.2186 0.01987 0.1192 0.03974 0.01987 0.03974 0.01987 0 0 0 0 0 0 0.01987 0
1 0.01604 0.1123 0.5295 0.4172 0.09627 0.1123 0.09627 0.08022 0.06418 0 0.03209 0.03209 0 0 0 0 0 0 0 0.01604
1 0.0896 0.1195 0.1991 0.1792 0.1593 0.09956 0.03982 0.06969 0 0.009956 0.01991 0 0.009956 0 0 0 0 0 0 0
1 0.03665 0.3299 0.2566 0.11 0.2077 0.1344 0.03665 0.03665 0.02443 0.02443 0.01222 0 0 0.01222 0 0 0 0 0 0
1 0.01833 0.1374 0.3848 0.1374 0.06414 0.11 0.02749 0.009163 0.01833 0 0.009163 0 0 0 0 0 0 0 0 0
1 0.01811 0.1721 0.2174 0.2536 0.09963 0.01811 0.0634 0.03623 0.009057 0 0 0.009057 0 0 0 0.009057 0 0 0 0
1 0.07695 0.2693 0.3848 0.1924 0.1796 0.07695 0 0.03848 0.01283 0.01283 0 0.01283 0.01283 0.01283 0 0 0 0 0 0
1 0 0.2499 0.2129 0.2129 0.1018 0.03703 0.02777 0.01851 0.009257 0.01851 0.02777 0 0 0 0 0 0.009257 0 0 0
1 0.009179 0.1102 0.4131 0.2111 0.08261 0.03672 0.0459 0 0 0 0.009179 0 0 0 0 0 0 0 0 0
1 0 0.2114 0.373 0.3357 0.09946 0.1119 0.04973 0.01243 0.02487 0 0 0.01243 0.01243 0 0 0 0 0 0 0
1 0.01632 0.1061 0.3019 0.1877 0.1387 0.01632 0.02448 0.01632 0.008159 0 0 0 0 0 0 0 0 0 0 0
1 0.03318 0.1327 0.1051 0.1659 0.0553 0.02765 0 0.02212 0.00553 0.00553 0 0 0 0 0 0 0 0 0 0
1 0.03038 0.1899 0.2507 0.1291 0.08356 0.02279 0.04558 0.007596 0 0 0 0 0 0 0 0 0 0 0 0
1 0.03714 0.156 0.2971 0.1114 0.03714 0.05199 0.007428 0.02971 0 0.01486 0 0 0 0 0 0 0 0 0 0
1 0.02182 0.2109 0.1963 0.1236 0.07999 0.02182 0.02909 0.02182 0.007272 0 0.01454 0 0 0 0 0 0 0 0 0
1 0.008743 0.09618 0.4634 0.1224 0.1224 0.04372 0.008743 0.008743 0 0 0 0 0 0 0 0 0 0 0 0
1 0.02474 0.1154 0.1567 0.2886 0.0907 0.07421 0.01649 0.008245 0.01649 0.008245 0.01649 0 0 0 0 0.008245 0 0 0 0
1 0.007998 0.184 0.1999 0.136 0.16 0.06398 0.016 0.02399 0.007998 0 0 0 0 0 0 0 0 0 0 0
1 0.06673 0.1668 0.317 0.07508 0.07508 0.06673 0.01668 0.02503 0.008342 0 0.008342 0.008342 0 0 0 0 0 0 0 0
1 0.03942 0.3153 0.3153 0.1478 0.04927 0.06898 0.01971 0.009854 0.01971 0 0 0 0 0 0 0 0 0 0 0
1 0.03423 0.04792 0.3423 0.1506 0.06846 0.006846 0.02054 0 0.006846 0.006846 0 0 0 0 0 0 0 0 0 0
1 0.0121 0.06455 0.05245 0.1573 0.06052 0.03227 0.008069 0.0121 0.004034 0 0 0 0 0 0 0 0 0 0 0
1 0.00584 0.09927 0.1752 0.07008 0.09343 0.04672 0.03504 0.01168 0.00584 0.02336 0.00584 0.00584 0.00584 0 0 0 0 0 0 0
1 0.007123 0.0463 0.1389 0.05342 0.02493 0.0463 0.003562 0.01068 0.007123 0.007123 0 0.007123 0.003562 0 0 0 0 0 0 0
1 0.03695 0.06004 0.1201 0.1062 0.03233 0.01847 0.03695 0.01847 0.009237 0.01386 0 0.009237 0 0 0 0 0 0 0 0
1 0 0.1172 0.09624 0.05021 0.05021 0.04603 0.01674 0.01674 0.004184 0.01255 0.004184 0 0.004184 0 0 0 0 0 0 0
1 0.007888 0.071 0.1814 0.07494 0.01578 0.01972 0.01972 0 0 0 0 0.003944 0 0 0 0 0 0 0 0
1 0.009308 0.06516 0.1489 0.1489 0.05585 0.004654 0.009308 0.004654 0.004654 0.009308 0 0.004654 0 0 0 0 0 0 0 0
1 0 0.06503 0.04026 0.08051 0.08361 0.02477 0.003097 0.006193 0.003097 0 0 0 0.003097 0 0 0 0 0 0 0
1 0 0.03502 0.09254 0.02751 0.04752 0.02001 0.01751 0.005002 0.002501 0.002501 0 0 0 0 0 0 0 0 0 0
1 0.006918 0.0392 0.06687 0.05303 0.02075 0.01614 0.02306 0 0.002306 0.002306 0 0 0 0 0 0 0 0 0 0
1 0.001902 0.04185 0.04565 0.04756 0.01522 0.005707 0.005707 0.02092 0 0.001902 0.001902 0 0 0.001902 0 0 0 0 0 0
1 0.01466 0.05278 0.09675 0.05278 0.02639 0.008796 0.01173 0.01466 0.01173 0 0 0 0 0 0.002932 0 0 0 0 0
1 0.009957 0.04779 0.04979 0.04979 0.01991 0.005974 0.007966 0 0.003983 0.001991 0.001991 0 0 0 0 0 0 0 0 0
1 0.005914 0.05717 0.069 0.01774 0.01971 0.005914 0.003943 0.007886 0.003943 0.001971 0.003943 0 0 0 0 0 0 0 0 0
1 0.005703 0.05133 0.1198 0.06559 0.01426 0.005703 0 0.005703 0.008555 0.008555 0 0 0 0 0 0 0 0 0 0
1 0.004569 0.01599 0.06397 0.08453 0.04112 0.009138 0.009138 0 0 0 0 0 0 0 0 0 0 0 0 0
1 0.008797 0.05498 0.03739 0.05278 0.03739 0.0132 0.008797 0.002199 0.002199 0 0.002199 0 0 0 0 0 0 0 0 0
1 0.002438 0.02194 0.06826 0.04388 0.03413 0.039 0.01463 0.007313 0.01219 0 0 0 0 0 0 0 0 0 0 0
1 0.004583 0.03896 0.03666 0.06416 0.03208 0.01375 0.01375 0.01375 0.006874 0.004583 0 0 0 0 0 0 0 0 0 0
1 0.01217 0.0142 0.06087 0.0345 0.04261 0.01015 0.01015 0.01015 0.004058 0 0 0.002029 0.002029 0 0 0 0 0 0 0
1 0 0.05072 0.02623 0.05072 0.01224 0.01749 0.006996 0.003498 0.005247 0 0 0.001749 0 0 0 0 0 0 0 0
1 0.007877 0.03938 0.09452 0.05251 0.04464 0.002626 0.01838 0 0.002626 0 0 0 0 0 0 0 0 0 0 0
1 0.007492 0.03247 0.08991 0.04745 0.03746 0.01498 0.004995 0.002497 0.002497 0.002497 0.004995 0.002497 0 0 0 0 0 0 0 0
1 0.001897 0.03415 0.04933 0.05123 0.02656 0.01518 0.005692 0 0 0 0 0.005692 0 0 0 0 0 0 0 0
1 0.002404 0.02645 0.08416 0.03126 0.03847 0.02885 0.01924 0.002404 0 0.004809 0 0 0.002404 0 0 0 0 0 0 0
1 0.01185 0.02667 0.06815 0.08889 0.04148 0.01778 0.03556 0.002963 0 0 0 0.002963 0 0 0 0 0 0 0 0
