 landings-at-age - landings.n (units : NA )
1	2	
42	100	
1	20	
1 
0.005601 0.05117 0.2004 0.1774 0.07888 0.04941 0.04732 0.03823 0.02018 0.01284 0.008178 0.005321 0.004198 0.003629 0.001608 0.00123 0.001172 0.0005205 0.0004424 0.001542
0.004444 0.06289 0.1436 0.1671 0.1244 0.0553 0.03465 0.03318 0.02681 0.01415 0.009003 0.005734 0.003731 0.002943 0.002545 0.001128 0.0008623 0.000822 0.000365 0.001391
0.138 0.784 2.761 1.871 1.831 1.363 0.6059 0.3796 0.3635 0.2937 0.155 0.09863 0.06282 0.04088 0.03225 0.02788 0.01235 0.009447 0.009005 0.01924
0.1719 2.992 4.204 4.368 2.486 2.433 1.811 0.805 0.5043 0.483 0.3902 0.2059 0.131 0.08346 0.05431 0.04285 0.03704 0.01641 0.01255 0.03753
0.1694 2.851 12.2 5.027 4.381 2.494 2.441 1.816 0.8075 0.5059 0.4844 0.3914 0.2065 0.1315 0.08372 0.05448 0.04298 0.03716 0.01646 0.05024
0.4415 2.507 10.31 12.87 4.441 3.87 2.203 2.156 1.604 0.7134 0.4469 0.428 0.3458 0.1825 0.1161 0.07396 0.04812 0.03797 0.03282 0.05892
0.4507 6.128 8.457 10.08 10.52 3.632 3.165 1.802 1.763 1.312 0.5835 0.3655 0.35 0.2828 0.1492 0.09498 0.06049 0.03936 0.03105 0.07504
0.4285 6.004 19.72 7.839 7.809 8.152 2.813 2.452 1.395 1.366 1.016 0.4519 0.2831 0.2711 0.219 0.1156 0.07357 0.04685 0.03049 0.08217
0.5079 5.544 18.66 17.55 5.821 5.798 6.053 2.089 1.821 1.036 1.014 0.7547 0.3356 0.2102 0.2013 0.1626 0.08583 0.05462 0.03479 0.08365
0.5183 6.429 16.76 16.05 12.58 4.174 4.157 4.34 1.498 1.305 0.743 0.7272 0.5412 0.2406 0.1507 0.1443 0.1166 0.06154 0.03917 0.08493
0.7428 6.45 19 14.01 11.17 8.754 2.904 2.892 3.019 1.042 0.9081 0.5169 0.5059 0.3765 0.1674 0.1049 0.1004 0.08113 0.04281 0.08633
0.7776 9.119 18.69 15.48 9.487 7.562 5.928 1.966 1.959 2.045 0.7057 0.615 0.35 0.3426 0.2549 0.1134 0.07101 0.068 0.05494 0.08745
0.3815 9.436 25.97 14.87 10.23 6.268 4.997 3.917 1.299 1.294 1.351 0.4663 0.4063 0.2313 0.2263 0.1684 0.07489 0.04692 0.04493 0.09408
0.5973 4.585 26.46 20.23 9.605 6.603 4.048 3.227 2.529 0.8389 0.8357 0.8724 0.3011 0.2624 0.1493 0.1462 0.1088 0.04836 0.0303 0.08977
1.092 7.118 12.68 20.19 12.78 6.07 4.173 2.558 2.039 1.598 0.5302 0.5281 0.5513 0.1903 0.1658 0.09437 0.09237 0.06874 0.03056 0.07588
0.7013 12.92 19.42 9.49 12.5 7.913 3.758 2.583 1.584 1.262 0.9895 0.3282 0.3269 0.3413 0.1178 0.1026 0.05842 0.05718 0.04255 0.06589
0.8749 8.241 34.82 14.27 5.76 7.588 4.803 2.281 1.568 0.9611 0.7661 0.6006 0.1992 0.1984 0.2071 0.07149 0.0623 0.03546 0.03471 0.06582
0.7325 10.22 21.95 25.14 8.499 3.429 4.518 2.86 1.358 0.9336 0.5723 0.4562 0.3576 0.1186 0.1182 0.1233 0.04257 0.0371 0.02111 0.05986
1.511 8.509 26.92 15.57 14.69 4.967 2.004 2.641 1.671 0.7937 0.5457 0.3345 0.2666 0.209 0.06933 0.06906 0.07209 0.02488 0.02168 0.04733
0.8489 17.47 22.18 18.78 8.939 8.433 2.851 1.15 1.516 0.9593 0.4556 0.3132 0.192 0.153 0.12 0.03979 0.03963 0.04138 0.01428 0.03961
1.357 9.768 45.06 15.22 10.59 5.04 4.755 1.607 0.6487 0.8545 0.5409 0.2569 0.1766 0.1082 0.08629 0.06764 0.02244 0.02235 0.02333 0.03038
0.5603 14.79 23.83 29.11 8.065 5.612 2.671 2.52 0.8519 0.3438 0.4529 0.2866 0.1361 0.09358 0.05736 0.04573 0.03584 0.01189 0.01184 0.02847
0.771 6.109 36.1 15.39 15.43 4.274 2.974 1.415 1.335 0.4514 0.1822 0.24 0.1519 0.07214 0.04959 0.0304 0.02423 0.019 0.006301 0.02136
1.198 8.405 14.91 23.32 8.158 8.175 2.265 1.576 0.7501 0.7076 0.2392 0.09654 0.1272 0.0805 0.03823 0.02628 0.01611 0.01284 0.01007 0.01466
0.9242 13.06 20.51 9.628 12.36 4.323 4.332 1.2 0.8352 0.3975 0.375 0.1268 0.05116 0.0674 0.04266 0.02026 0.01393 0.008537 0.006805 0.0131
1.44 10.08 31.87 13.25 5.102 6.548 2.291 2.296 0.6361 0.4426 0.2107 0.1987 0.06718 0.02711 0.03572 0.02261 0.01074 0.007381 0.004524 0.01055
0.6053 15.7 24.58 20.59 7.02 2.704 3.47 1.214 1.217 0.3371 0.2345 0.1116 0.1053 0.0356 0.01437 0.01893 0.01198 0.005689 0.003911 0.007989
0.5558 6.599 38.31 15.88 10.91 3.72 1.433 1.839 0.6434 0.6447 0.1786 0.1243 0.05916 0.05581 0.01887 0.007614 0.01003 0.006349 0.003015 0.006306
0.7967 6.059 16.1 24.74 8.415 5.781 1.971 0.7593 0.9745 0.341 0.3417 0.09467 0.06587 0.03135 0.02958 0.009999 0.004035 0.005316 0.003365 0.00494
0.7238 8.686 14.78 10.4 13.11 4.46 3.064 1.045 0.4024 0.5164 0.1807 0.1811 0.05017 0.03491 0.01661 0.01567 0.005299 0.002138 0.002817 0.004401
1.025 7.891 21.19 9.55 5.512 6.949 2.363 1.624 0.5537 0.2132 0.2737 0.09576 0.09595 0.02659 0.0185 0.008804 0.008306 0.002808 0.001133 0.003825
0.3404 11.17 19.25 13.69 5.061 2.921 3.682 1.252 0.8604 0.2934 0.113 0.145 0.05075 0.05085 0.01409 0.009803 0.004666 0.004402 0.001488 0.002628
0.5327 3.711 27.26 12.44 7.254 2.682 1.548 1.951 0.6637 0.4559 0.1555 0.05989 0.07686 0.02689 0.02695 0.007466 0.005195 0.002473 0.002333 0.002181
0.5056 5.808 9.055 17.61 6.591 3.844 1.421 0.8203 1.034 0.3517 0.2416 0.0824 0.03174 0.04073 0.01425 0.01428 0.003957 0.002753 0.00131 0.002392
0.312 5.512 14.17 5.849 9.33 3.493 2.037 0.7532 0.4347 0.548 0.1864 0.128 0.04367 0.01682 0.02158 0.007553 0.007568 0.002097 0.001459 0.001962
0.3716 3.401 13.45 9.153 3.1 4.944 1.851 1.08 0.3991 0.2304 0.2904 0.09877 0.06786 0.02314 0.008913 0.01144 0.004002 0.00401 0.001111 0.001813
0.6896 4.051 8.299 8.687 4.85 1.643 2.62 0.9809 0.5721 0.2115 0.1221 0.1539 0.05234 0.03596 0.01226 0.004723 0.006062 0.002121 0.002125 0.00155
0.4554 7.518 9.884 5.36 4.604 2.57 0.8705 1.389 0.5198 0.3032 0.1121 0.06469 0.08156 0.02774 0.01906 0.006499 0.002503 0.003212 0.001124 0.001947
0.1844 4.965 18.34 6.384 2.841 2.44 1.362 0.4613 0.7359 0.2755 0.1607 0.0594 0.03428 0.04322 0.0147 0.0101 0.003444 0.001326 0.001702 0.001628
0.3626 2.01 12.11 11.85 3.383 1.505 1.293 0.7219 0.2445 0.39 0.146 0.08515 0.03148 0.01817 0.02291 0.00779 0.005352 0.001825 0.0007029 0.001765
0.2297 3.86 4.798 7.657 6.144 1.754 0.7807 0.6705 0.3743 0.1268 0.2022 0.0757 0.04416 0.01632 0.009422 0.01188 0.00404 0.002775 0.0009465 0.00128
0.1806 2.445 9.236 3.05 3.996 3.206 0.9155 0.4074 0.3499 0.1953 0.06615 0.1055 0.0395 0.02304 0.008519 0.004917 0.006198 0.002108 0.001448 0.001162
0.2288 1.923 5.868 5.904 1.601 2.098 1.683 0.4807 0.2139 0.1837 0.1026 0.03474 0.05541 0.02074 0.0121 0.004473 0.002582 0.003255 0.001107 0.00137
0.1803 2.436 4.626 3.771 3.119 0.846 1.108 0.8894 0.254 0.113 0.09706 0.05419 0.01835 0.02927 0.01096 0.006392 0.002363 0.001364 0.00172 0.001309
0.2832 1.919 5.876 2.99 2.005 1.658 0.4497 0.5892 0.4728 0.135 0.06008 0.05159 0.02881 0.009755 0.01556 0.005826 0.003398 0.001256 0.0007251 0.00161
0.341 3.014 4.643 3.819 1.599 1.072 0.8868 0.2405 0.3151 0.2529 0.07221 0.03213 0.02759 0.01541 0.005218 0.008323 0.003116 0.001817 0.0006719 0.001249
0.1835 3.629 7.309 3.033 2.055 0.8604 0.577 0.4772 0.1294 0.1696 0.1361 0.03885 0.01729 0.01485 0.00829 0.002807 0.004478 0.001676 0.0009779 0.001033
0.1252 1.953 8.822 4.801 1.642 1.112 0.4657 0.3123 0.2583 0.07006 0.09179 0.07365 0.02103 0.009358 0.008037 0.004488 0.00152 0.002424 0.0009075 0.001089
0.2025 1.332 4.76 5.826 2.615 0.8942 0.6057 0.2536 0.1701 0.1406 0.03815 0.04998 0.04011 0.01145 0.005096 0.004377 0.002444 0.0008275 0.00132 0.001087
0.1056 2.154 3.253 3.16 3.191 1.432 0.4898 0.3318 0.1389 0.09316 0.07704 0.0209 0.02738 0.02197 0.006273 0.002791 0.002397 0.001339 0.0004533 0.001319
0.1349 1.123 5.275 2.171 1.741 1.758 0.7891 0.2698 0.1828 0.07654 0.05132 0.04245 0.01151 0.01508 0.0121 0.003456 0.001538 0.001321 0.0007375 0.0009762
0.1166 1.434 2.756 3.538 1.203 0.9649 0.9744 0.4372 0.1495 0.1013 0.04241 0.02844 0.02352 0.00638 0.008359 0.006707 0.001915 0.0008522 0.0007319 0.0009496
0.1615 1.239 3.527 1.858 1.972 0.6705 0.5377 0.543 0.2437 0.08333 0.05645 0.02364 0.01585 0.01311 0.003555 0.004658 0.003738 0.001067 0.0004749 0.0009371
0.1263 1.714 3.054 2.39 1.041 1.105 0.3758 0.3013 0.3043 0.1366 0.0467 0.03163 0.01325 0.008882 0.007346 0.001992 0.00261 0.002095 0.0005982 0.0007913
0.09716 1.34 4.234 2.079 1.347 0.5868 0.6227 0.2117 0.1698 0.1715 0.07695 0.02632 0.01783 0.007464 0.005005 0.004139 0.001123 0.001471 0.00118 0.000783
0.1358 1.03 3.317 2.897 1.178 0.7629 0.3324 0.3528 0.12 0.0962 0.09714 0.04359 0.01491 0.0101 0.004228 0.002836 0.002345 0.0006361 0.0008334 0.001112
0.06698 1.438 2.554 2.28 1.65 0.6709 0.4345 0.1893 0.2009 0.06832 0.05479 0.05533 0.02483 0.008491 0.005751 0.002408 0.001615 0.001336 0.0003623 0.001108
0.0839 0.7089 3.572 1.763 1.305 0.9445 0.3841 0.2487 0.1084 0.115 0.03911 0.03136 0.03167 0.01421 0.00486 0.003292 0.001379 0.0009244 0.0007645 0.0008417
0.06092 0.8868 1.763 2.477 1.015 0.7508 0.5434 0.2209 0.1431 0.06235 0.06616 0.0225 0.01804 0.01822 0.008176 0.002796 0.001894 0.0007931 0.0005318 0.0009241
