Originally  
101 
A 
2	100	
1	1	NA	NA	
1	20	
1 439 178.9 260.2 227.6 162.6 65.04 97.56 65.04 16.26 16.26 48.78 0 0 16.26 16.26 16.26 0 0 0 0
1 295.4 372.4 154.1 64.21 128.4 64.21 38.53 51.37 25.68 25.68 25.68 12.84 12.84 0 0 0 12.84 0 0 0
1 215.4 166.4 127.3 127.3 117.5 68.53 88.11 29.37 0 19.58 9.79 9.79 0 0 0 0 0 0 0 0
1 153.4 161 99.68 107.3 53.67 46.01 53.67 30.67 38.34 15.34 7.668 0 0 0 0 0 0 0 0 0
1 196 109.7 148.9 39.19 125.4 23.51 31.35 31.35 31.35 15.68 7.838 7.838 0 7.838 0 0 0 0 7.838 0
1 251.4 299.8 96.7 106.4 48.35 38.68 38.68 19.34 29.01 9.67 19.34 0 9.67 0 0 0 0 0 0 0
1 298.8 202.7 149.4 53.35 117.4 42.68 96.04 32.01 0 42.68 10.67 0 10.67 0 0 0 0 0 10.67 0
1 242.9 159.4 83.5 91.09 37.95 30.36 15.18 30.36 15.18 22.77 15.18 15.18 0 0 0 0 0 0 0 0
1 310.2 146 164.2 82.1 54.73 36.49 18.24 27.37 27.37 9.122 27.37 0 9.122 0 0 0 0 0 0 0
1 293.2 124.4 151 115.5 71.07 53.31 8.884 17.77 17.77 0 26.65 0 8.884 0 0 0 0 0 0 0
1 373.2 186.6 74.64 121.3 55.98 27.99 55.98 0 18.66 0 18.66 0 0 0 0 0 0 0 0 0
1 354.1 223.6 74.54 74.54 37.27 65.22 27.95 18.64 0 27.95 0 27.95 0 0 0 0 0 0 0 0
1 458.5 183.4 235.8 117.9 65.5 52.4 52.4 52.4 26.2 13.1 0 26.2 26.2 0 0 0 0 0 0 0
1 483.1 362.3 181.2 151 75.49 75.49 45.29 30.2 45.29 0 30.2 0 0 0 30.2 0 0 0 0 0
1 630.3 389.3 296.6 111.2 148.3 129.8 74.15 18.54 37.07 0 0 0 0 0 0 0 0 0 0 18.54
1 470.9 313.9 282.6 172.7 109.9 94.18 15.7 31.39 15.7 15.7 0 15.7 0 0 0 15.7 0 15.7 0 0
1 406.5 118 196.7 170.4 144.2 91.78 13.11 91.78 26.22 26.22 0 0 0 13.11 0 0 0 0 0 13.11
1 514.7 225.2 144.8 209.1 209.1 112.6 48.25 48.25 32.17 32.17 16.08 0 16.08 0 0 0 0 0 0 0
1 463.9 254.4 239.4 194.5 104.7 59.86 89.78 0 44.89 14.96 0 0 0 29.93 0 0 0 0 0 0
1 652.7 335.1 211.7 176.4 123.5 88.2 52.92 52.92 17.64 0 0 35.28 17.64 0 0 0 0 0 0 0
1 779.3 535.8 243.5 316.6 219.2 73.06 121.8 48.71 73.06 0 24.35 0 0 0 0 0 0 0 0 0
1 298.1 238.5 190.8 155 83.48 47.7 47.7 35.78 35.78 35.78 0 23.85 0 0 0 0 0 0 0 0
1 245.4 181.8 154.5 90.9 54.54 81.81 36.36 18.18 27.27 0 9.09 0 9.09 0 0 0 0 0 0 0
1 289.7 269 93.12 144.8 51.73 31.04 62.08 31.04 31.04 0 10.35 0 0 20.69 0 0 0 0 0 0
1 310.6 310.6 270.1 148.5 94.52 67.51 13.5 67.51 54.01 13.5 0 0 0 0 0 0 0 0 0 0
1 433.2 231 231 130 144.4 28.88 101.1 43.32 43.32 0 28.88 0 14.44 0 0 14.44 0 0 0 0
1 404.9 177.1 189.8 101.2 126.5 101.2 37.96 12.65 12.65 12.65 0 12.65 25.31 12.65 37.96 0 0 0 0 0
1 358.4 257.6 89.61 134.4 78.41 44.8 44.8 11.2 22.4 22.4 22.4 11.2 11.2 0 0 0 0 0 11.2 0
1 405.2 418.3 196.1 52.29 52.29 39.22 52.29 26.14 13.07 26.14 13.07 0 13.07 0 0 0 0 0 0 0
1 517.1 443.2 332.4 221.6 92.33 92.33 18.47 36.93 0 36.93 18.47 0 18.47 0 18.47 0 0 0 0 0
1 343.3 188.2 188.2 88.59 121.8 55.37 33.22 22.15 11.07 11.07 22.15 0 11.07 0 0 0 0 0 0 11.07
1 679.2 452.8 264.1 132.1 188.7 75.47 18.87 0 18.87 18.87 37.73 0 0 0 0 0 0 0 0 0
1 493 262.9 180.8 164.3 147.9 131.5 115 49.3 16.43 16.43 16.43 16.43 16.43 0 0 0 0 0 0 16.43
1 535.6 318.5 217.1 72.38 130.3 14.48 57.9 28.95 14.48 0 14.48 14.48 0 0 0 0 14.48 0 0 14.48
1 413.9 336.3 206.9 155.2 38.8 25.87 64.66 12.93 25.87 0 0 12.93 0 0 0 0 0 0 0 0
1 427.8 312.6 263.2 148.1 131.6 115.2 65.81 49.36 16.45 49.36 16.45 0 49.36 0 0 0 0 0 0 0
1 536.2 482.6 196.6 89.37 143 71.5 89.37 53.62 17.87 17.87 35.75 0 17.87 35.75 0 0 0 0 0 0
1 347.1 303.7 245.9 115.7 188 86.78 43.39 0 28.93 28.93 28.93 0 14.46 0 14.46 0 0 0 0 0
1 417.5 208.7 250.5 236.6 55.66 69.58 27.83 41.75 41.75 13.92 13.92 0 0 0 13.92 0 0 0 0 0
1 603.6 391.6 195.8 179.5 16.31 97.89 81.57 0 16.31 32.63 16.31 0 0 0 0 0 0 0 0 0
1 500.1 453.2 171.9 125 46.88 78.13 62.51 31.25 31.25 0 31.25 15.63 0 0 0 0 0 15.63 0 0
1 340.6 277.5 277.5 201.8 63.07 37.84 0 25.23 25.23 0 0 0 12.61 0 0 0 0 0 0 0
1 311.9 300.4 207.9 161.7 57.76 69.32 11.55 11.55 23.11 0 0 0 0 0 0 0 0 0 0 0
1 403.5 440.2 348.5 220.1 110 55.02 73.36 73.36 55.02 18.34 36.68 0 0 0 0 0 0 0 0 0
1 558.6 378.4 324.3 126.1 162.2 54.05 72.07 54.05 0 0 36.04 18.02 0 18.02 0 0 0 0 0 0
1 409.4 324.7 211.7 225.9 84.7 56.47 28.23 28.23 28.23 14.12 0 0 0 0 0 0 0 0 0 0
1 545.9 338.8 414.1 150.6 131.8 75.29 94.12 0 18.82 37.65 18.82 18.82 18.82 0 18.82 0 0 0 0 0
1 592.7 401 278.9 139.5 174.3 17.43 17.43 0 34.87 17.43 34.87 0 0 34.87 0 0 0 0 0 0
1 608.9 422.9 203 203 101.5 50.74 16.91 16.91 33.83 16.91 16.91 0 0 0 0 0 0 0 0 0
1 547.9 328.7 250.4 109.6 78.27 93.92 31.31 46.96 15.65 31.31 15.65 0 0 0 0 0 15.65 0 0 0
1 410.1 344.5 295.3 262.5 114.8 65.62 82.03 0 16.41 16.41 16.41 0 16.41 0 0 0 0 0 0 0
1 462.9 380.2 314.1 148.8 49.59 198.4 16.53 16.53 33.06 16.53 0 16.53 0 0 0 0 0 0 0 0
1 604.9 380.2 224.7 155.6 51.85 86.42 69.13 69.13 34.57 34.57 0 17.28 0 0 0 0 0 0 0 0
1 398 454.9 454.9 170.6 170.6 56.86 18.95 18.95 0 113.7 0 0 0 18.95 0 0 0 0 0 18.95
1 590.2 327.9 295.1 164 98.37 49.19 16.4 32.79 32.79 16.4 16.4 0 0 0 0 0 0 0 0 0
1 566.1 249.8 183.2 216.5 149.9 66.6 49.95 0 66.6 49.95 16.65 16.65 16.65 0 0 0 0 16.65 0 0
1 765.1 372.2 310.2 144.7 82.71 124.1 82.71 82.71 62.03 20.68 0 0 20.68 0 0 0 0 0 0 0
1 283.3 214.9 127 78.15 97.69 78.15 48.84 19.54 0 9.769 9.769 0 9.769 0 0 0 0 0 0 0
1 513.2 249.6 111 138.7 152.6 55.48 55.48 41.61 41.61 13.87 13.87 0 0 0 0 0 0 0 0 0
1 335.4 242.9 185 104.1 80.96 34.7 34.7 34.7 57.83 34.7 0 11.57 0 0 0 0 0 0 0 0
1 295.8 271.2 197.2 184.9 123.3 73.96 0 49.31 12.33 0 12.33 0 12.33 0 0 0 0 0 0 0
1 662.4 323.1 258.5 129.2 80.78 64.62 32.31 0 0 32.31 16.16 16.16 0 0 0 0 0 0 0 0
1 321.8 217.7 123 94.65 47.33 28.4 47.33 47.33 0 9.465 9.465 0 0 0 0 0 0 0 0 0
1 414 338.7 100.4 112.9 75.26 87.81 62.72 25.09 12.54 12.54 12.54 0 0 0 0 0 0 0 0 0
1 536.7 310.7 113 141.2 84.75 70.62 42.37 42.37 42.37 28.25 0 0 0 0 0 0 0 0 0 0
1 750.9 339.7 178.8 125.1 107.3 107.3 53.64 53.64 17.88 35.76 0 0 0 0 17.88 0 0 0 0 0
1 599.9 541.8 329 154.8 96.75 58.05 58.05 38.7 19.35 0 19.35 0 0 19.35 0 0 0 0 0 0
1 337.2 235 132.8 81.74 71.52 40.87 20.43 30.65 0 20.43 40.87 0 0 10.22 0 0 0 0 0 0
1 455.1 328.7 151.7 113.8 37.93 63.21 63.21 12.64 0 12.64 0 0 0 0 0 25.29 0 0 0 0
1 344.3 331 198.6 185.4 79.45 52.97 39.72 26.48 13.24 26.48 0 13.24 0 13.24 0 0 0 0 0 0
1 433.6 284.9 173.4 99.11 74.33 37.17 24.78 0 37.17 37.17 12.39 24.78 0 0 0 0 0 0 0 0
1 404.3 179.7 112.3 112.3 78.62 78.62 33.69 44.92 56.15 0 11.23 0 11.23 0 0 0 0 0 0 0
1 261.5 244.1 104.6 69.73 34.87 17.43 34.87 43.58 26.15 26.15 8.717 0 0 0 0 0 0 0 0 0
1 275.3 142.1 151 97.69 35.53 79.93 26.64 17.76 17.76 0 17.76 8.881 0 8.881 0 0 8.881 0 0 0
1 376.6 211.3 137.8 45.93 73.49 18.37 9.186 9.186 9.186 0 18.37 0 0 0 9.186 0 0 0 0 0
1 340.1 226.8 192.7 147.4 68.03 56.69 34.01 34.01 11.34 0 0 0 0 0 11.34 11.34 0 0 0 0
1 390 204.8 146.3 58.5 48.75 39 9.751 19.5 29.25 9.751 19.5 0 0 0 0 0 0 0 0 0
1 235.2 165.5 122 130.7 60.98 34.85 43.56 26.14 8.712 8.712 8.712 0 0 8.712 17.42 0 0 0 0 0
1 382.4 298.7 227 59.74 83.64 59.74 35.85 0 23.9 11.95 0 0 11.95 0 0 0 0 0 0 0
1 526.6 398.9 223.4 159.6 31.92 143.6 63.83 15.96 0 0 0 0 0 15.96 0 0 0 15.96 0 0
1 423 251.5 194.4 102.9 57.16 22.87 22.87 45.73 0 11.43 0 0 0 0 0 0 11.43 0 0 0
1 428.2 317.7 290 82.87 69.06 82.87 41.44 41.44 13.81 0 13.81 0 0 0 0 0 0 0 0 0
1 345.6 320.9 209.8 148.1 49.37 61.71 49.37 24.69 0 12.34 0 0 0 12.34 0 0 0 0 0 0
1 285.4 344.8 142.7 166.5 35.67 83.23 59.45 11.89 0 23.78 11.89 0 0 11.89 11.89 0 0 0 0 0
1 399.4 283.4 257.7 103.1 64.42 77.3 51.53 25.77 0 12.88 0 0 0 0 0 0 0 12.88 0 0
1 399.1 266.1 254 133 48.38 48.38 24.19 0 12.1 0 0 12.1 0 0 0 0 0 12.1 0 0
1 567.2 340.3 156 127.6 113.4 42.54 42.54 0 14.18 0 14.18 0 0 0 0 0 0 0 0 0
1 454 177.2 243.6 99.66 22.15 44.29 22.15 11.07 0 22.15 0 11.07 0 0 0 0 0 0 0 0
1 287.2 267.4 108.9 118.9 29.71 59.43 59.43 9.904 9.904 9.904 0 9.904 0 0 0 19.81 0 0 0 0
1 406.7 320.4 209.5 123.2 49.3 73.95 36.97 0 12.32 0 0 0 0 0 0 0 0 0 0 0
1 431.2 199.8 136.7 63.1 52.58 73.61 31.55 31.55 21.03 0 10.52 0 0 0 0 0 0 0 0 0
1 231 220.5 273 94.52 115.5 31.51 31.51 10.5 31.51 0 0 10.5 0 0 0 0 0 0 0 0
1 261.9 261.9 167.6 157.2 94.3 41.91 20.96 10.48 0 20.96 0 10.48 0 0 0 0 0 0 0 0
1 398.2 278.7 172.6 172.6 79.64 66.37 53.09 13.27 39.82 26.55 0 0 13.27 0 0 13.27 0 0 0 0
1 277.9 210.3 82.62 52.58 37.55 22.53 22.53 0 0 7.511 15.02 22.53 0 0 0 0 0 0 0 0
1 211.5 166.1 158.6 105.7 45.31 37.76 15.1 7.552 0 0 7.552 0 0 0 0 0 0 0 0 0
1 327.5 340.6 209.6 117.9 91.7 52.4 65.5 13.1 13.1 26.2 0 13.1 26.2 0 0 13.1 0 0 0 0
1 298.9 107.9 174.4 83.03 66.42 66.42 16.61 8.303 0 0 8.303 0 0 0 0 0 0 0 0 0
1 219 194.7 113.6 73.01 56.79 48.67 24.34 32.45 16.22 0 16.22 16.22 0 0 0 0 0 0 0 0
