 landings-at-age - landings.n (units : NA )
1	2	
2	100	
1	20	
1 
0.02659 0.2984 0.8352 0.6934 0.4839 0.3377 0.2357 0.1644 0.1148 0.08008 0.05589 0.039 0.02722 0.01899 0.01325 0.009249 0.006454 0.004504 0.003143 0.007259
0.002697 0.05216 0.1462 0.1214 0.08475 0.05914 0.04127 0.0288 0.0201 0.01403 0.009787 0.00683 0.004766 0.003326 0.002321 0.00162 0.00113 0.0007888 0.0005504 0.001271
0.002976 0.03028 0.1464 0.1219 0.08515 0.05942 0.04147 0.02894 0.02019 0.01409 0.009834 0.006862 0.004789 0.003342 0.002332 0.001627 0.001136 0.0007925 0.000553 0.001277
0.003013 0.03342 0.08496 0.122 0.08549 0.0597 0.04166 0.02907 0.02029 0.01416 0.00988 0.006895 0.004811 0.003358 0.002343 0.001635 0.001141 0.0007963 0.0005557 0.001283
0.003083 0.03384 0.09377 0.07085 0.08557 0.05994 0.04186 0.02921 0.02038 0.01423 0.009927 0.006927 0.004834 0.003374 0.002354 0.001643 0.001146 8e-04 0.0005583 0.001289
0.003086 0.03462 0.09494 0.07819 0.04968 0.06 0.04203 0.02935 0.02048 0.01429 0.009974 0.00696 0.004857 0.00339 0.002365 0.001651 0.001152 0.0008038 0.0005609 0.001295
0.003041 0.03465 0.09714 0.07917 0.05482 0.03483 0.04207 0.02947 0.02058 0.01436 0.01002 0.006993 0.00488 0.003406 0.002377 0.001658 0.001157 0.0008076 0.0005636 0.001302
0.00314 0.03415 0.09723 0.081 0.05551 0.03844 0.02442 0.0295 0.02066 0.01443 0.01007 0.007026 0.004903 0.003422 0.002388 0.001666 0.001163 0.0008114 0.0005663 0.001308
0.003365 0.03526 0.09581 0.08108 0.05679 0.03892 0.02695 0.01712 0.02068 0.01449 0.01012 0.00706 0.004926 0.003438 0.002399 0.001674 0.001168 0.0008153 0.0005689 0.001314
0.003753 0.03779 0.09894 0.0799 0.05685 0.03982 0.02729 0.0189 0.01201 0.0145 0.01016 0.007093 0.00495 0.003454 0.00241 0.001682 0.001174 0.0008191 0.0005716 0.00132
0.004008 0.04214 0.106 0.0825 0.05602 0.03986 0.02792 0.01913 0.01325 0.008417 0.01017 0.007121 0.004973 0.003471 0.002422 0.00169 0.001179 0.000823 0.0005743 0.001326
0.004362 0.04501 0.1182 0.08842 0.05784 0.03928 0.02795 0.01958 0.01342 0.00929 0.005902 0.007128 0.004993 0.003487 0.002433 0.001698 0.001185 0.0008269 0.0005771 0.001333
0.004652 0.04898 0.1263 0.0986 0.06199 0.04056 0.02754 0.01959 0.01373 0.009406 0.006514 0.004138 0.004998 0.003501 0.002445 0.001706 0.001191 0.0008308 0.0005798 0.001339
0.00465 0.05224 0.1374 0.1053 0.06913 0.04347 0.02844 0.01931 0.01374 0.009623 0.006595 0.004567 0.002901 0.003504 0.002455 0.001714 0.001196 0.0008348 0.0005825 0.001345
0.004907 0.05221 0.1466 0.1146 0.07384 0.04847 0.03048 0.01994 0.01354 0.009633 0.006747 0.004624 0.003202 0.002034 0.002457 0.001721 0.001202 0.0008387 0.0005853 0.001352
0.004703 0.0551 0.1465 0.1222 0.08036 0.05177 0.03399 0.02137 0.01398 0.009492 0.006754 0.004731 0.003242 0.002245 0.001426 0.001723 0.001207 0.0008427 0.0005881 0.001358
0.004819 0.05281 0.1546 0.1222 0.0857 0.05634 0.0363 0.02383 0.01498 0.009802 0.006656 0.004735 0.003317 0.002273 0.001574 0.001 0.001208 0.000846 0.0005908 0.001365
0.004897 0.05411 0.1482 0.1289 0.08566 0.06009 0.0395 0.02545 0.01671 0.0105 0.006872 0.004667 0.00332 0.002326 0.001594 0.001104 0.0007012 0.0008469 0.0005932 0.001371
0.004928 0.05499 0.1518 0.1236 0.0904 0.06006 0.04213 0.0277 0.01784 0.01171 0.007365 0.004819 0.003272 0.002328 0.001631 0.001117 0.0007738 0.0004916 0.0005938 0.001377
0.004988 0.05533 0.1543 0.1266 0.08664 0.06338 0.04211 0.02954 0.01942 0.01251 0.008214 0.005164 0.003378 0.002294 0.001632 0.001143 0.0007835 0.0005426 0.0003447 0.001382
0.004691 0.05601 0.1552 0.1287 0.08878 0.06075 0.04444 0.02953 0.02071 0.01362 0.008773 0.005759 0.003621 0.002369 0.001608 0.001144 0.0008016 0.0005494 0.0003804 0.001211
0.004561 0.05267 0.1572 0.1295 0.09021 0.06225 0.04259 0.03116 0.0207 0.01452 0.009547 0.006151 0.004038 0.002539 0.001661 0.001128 0.0008024 0.0005621 0.0003852 0.001116
0.00428 0.05121 0.1478 0.1311 0.09077 0.06325 0.04364 0.02986 0.02185 0.01451 0.01018 0.006694 0.004313 0.002831 0.00178 0.001164 0.0007907 0.0005626 0.0003941 0.001052
0.004221 0.04806 0.1437 0.1232 0.09189 0.06364 0.04435 0.0306 0.02094 0.01532 0.01018 0.007139 0.004693 0.003024 0.001985 0.001248 0.0008165 0.0005544 0.0003945 0.001014
0.004284 0.0474 0.1349 0.1198 0.08641 0.06443 0.04462 0.03109 0.02146 0.01468 0.01074 0.007135 0.005005 0.003291 0.00212 0.001392 0.000875 0.0005725 0.0003887 0.0009876
0.004227 0.0481 0.133 0.1125 0.08401 0.06059 0.04517 0.03129 0.0218 0.01504 0.01029 0.00753 0.005003 0.003509 0.002307 0.001486 0.0009758 0.0006135 0.0004014 0.000965
0.004466 0.04747 0.135 0.1109 0.07885 0.0589 0.04248 0.03167 0.02194 0.01529 0.01055 0.007217 0.00528 0.003508 0.002461 0.001618 0.001042 0.0006842 0.0004302 0.000958
0.004802 0.05015 0.1332 0.1125 0.07776 0.05528 0.0413 0.02978 0.02221 0.01538 0.01072 0.007395 0.00506 0.003702 0.002459 0.001725 0.001134 0.0007308 0.0004797 0.0009733
0.00508 0.05392 0.1407 0.1111 0.07891 0.05452 0.03876 0.02896 0.02088 0.01557 0.01078 0.007515 0.005185 0.003548 0.002596 0.001724 0.00121 0.0007953 0.0005124 0.001019
0.004987 0.05704 0.1513 0.1173 0.07787 0.05533 0.03823 0.02718 0.0203 0.01464 0.01092 0.007561 0.005269 0.003636 0.002488 0.00182 0.001209 0.0008481 0.0005576 0.001074
0.004913 0.05599 0.1601 0.1262 0.08227 0.0546 0.03879 0.0268 0.01906 0.01424 0.01027 0.007655 0.005301 0.003694 0.002549 0.001744 0.001276 0.0008477 0.0005946 0.001144
0.005138 0.05516 0.1571 0.1335 0.08846 0.05768 0.03828 0.0272 0.01879 0.01336 0.009981 0.007198 0.005367 0.003717 0.00259 0.001787 0.001223 0.0008946 0.0005944 0.001219
0.005141 0.05769 0.1548 0.131 0.09358 0.06202 0.04044 0.02684 0.01907 0.01318 0.009368 0.006998 0.005047 0.003763 0.002606 0.001816 0.001253 0.0008574 0.0006273 0.001271
0.005228 0.05772 0.1619 0.1291 0.09186 0.06561 0.04349 0.02836 0.01882 0.01337 0.009238 0.006568 0.004907 0.003539 0.002638 0.001827 0.001273 0.0008786 0.0006012 0.001331
0.004954 0.0587 0.162 0.135 0.0905 0.06441 0.04601 0.03049 0.01988 0.01319 0.009375 0.006477 0.004605 0.00344 0.002481 0.00185 0.001281 0.0008928 0.000616 0.001355
0.005052 0.05563 0.1647 0.1351 0.09465 0.06345 0.04516 0.03226 0.02138 0.01394 0.009251 0.006573 0.004541 0.003229 0.002412 0.00174 0.001297 0.0008983 0.000626 0.001382
0.004913 0.05672 0.1561 0.1373 0.0947 0.06636 0.04449 0.03166 0.02262 0.01499 0.009774 0.006487 0.004609 0.003184 0.002264 0.001691 0.00122 0.0009094 0.0006298 0.001408
0.004752 0.05517 0.1592 0.1302 0.0963 0.0664 0.04653 0.03119 0.0222 0.01586 0.01051 0.006853 0.004548 0.003232 0.002233 0.001587 0.001186 0.0008552 0.0006376 0.001429
0.004938 0.05336 0.1548 0.1327 0.09126 0.06752 0.04655 0.03262 0.02187 0.01557 0.01112 0.007368 0.004805 0.003189 0.002266 0.001565 0.001113 0.0008314 0.0005996 0.001449
0.292 3.034 8.064 6.924 4.992 3.432 2.539 1.751 1.227 0.8226 0.5854 0.4181 0.2771 0.1807 0.1199 0.08521 0.05887 0.04186 0.03127 0.07704
0.3709 4.189 10.59 8.176 5.876 4.236 2.912 2.155 1.486 1.041 0.698 0.4968 0.3548 0.2352 0.1533 0.1018 0.07231 0.04996 0.03552 0.09191
0.2092 2.361 6.539 4.786 3.087 2.219 1.6 1.1 0.8137 0.561 0.3932 0.2636 0.1876 0.134 0.0888 0.05791 0.03843 0.02731 0.01886 0.04812
0.3405 3.447 9.514 7.696 4.721 3.045 2.189 1.578 1.085 0.8026 0.5534 0.3878 0.26 0.185 0.1322 0.08759 0.05712 0.03791 0.02693 0.06607
0.3053 3.488 8.633 6.916 4.68 2.871 1.852 1.331 0.9595 0.6597 0.4881 0.3365 0.2358 0.1581 0.1125 0.08037 0.05327 0.03474 0.02305 0.05656
0.427 4.577 12.72 9.141 6.129 4.148 2.545 1.641 1.18 0.8504 0.5847 0.4326 0.2983 0.209 0.1401 0.09973 0.07123 0.04721 0.03079 0.07056
0.3612 4.045 10.56 8.476 5.089 3.412 2.31 1.417 0.9138 0.6568 0.4735 0.3255 0.2408 0.1661 0.1164 0.07802 0.05552 0.03966 0.02628 0.05642
0.3118 3.448 9.443 7.15 4.799 2.882 1.932 1.308 0.8022 0.5174 0.3719 0.2681 0.1843 0.1364 0.09403 0.06589 0.04418 0.03144 0.02246 0.04683
0.4225 4.349 11.72 9.33 5.913 3.969 2.383 1.598 1.082 0.6634 0.4279 0.3076 0.2217 0.1524 0.1128 0.07776 0.0545 0.03654 0.026 0.0573
0.4134 4.883 12.23 9.534 6.344 4.021 2.699 1.62 1.087 0.7354 0.4511 0.291 0.2091 0.1507 0.1036 0.07669 0.05287 0.03705 0.02484 0.05664
0.4016 4.255 12.24 8.862 5.776 3.843 2.436 1.635 0.9817 0.6583 0.4455 0.2733 0.1763 0.1267 0.09133 0.0628 0.04646 0.03203 0.02245 0.04937
0.4135 4.927 12.7 10.58 6.403 4.173 2.777 1.76 1.181 0.7094 0.4756 0.3219 0.1975 0.1274 0.09154 0.06599 0.04537 0.03357 0.02315 0.05189
0.4765 5.046 14.59 10.85 7.556 4.575 2.982 1.984 1.257 0.844 0.5068 0.3398 0.23 0.1411 0.091 0.0654 0.04715 0.03242 0.02398 0.05361
0.4424 4.754 12.23 10.19 6.335 4.411 2.67 1.741 1.158 0.734 0.4927 0.2958 0.1984 0.1343 0.08235 0.05312 0.03818 0.02752 0.01892 0.04529
0.4088 5.126 13.39 9.955 6.934 4.31 3.001 1.817 1.184 0.7879 0.4993 0.3352 0.2013 0.1349 0.09133 0.05602 0.03614 0.02597 0.01872 0.04369
0.4298 4.949 15.05 11.34 7.049 4.91 3.052 2.125 1.286 0.8384 0.5579 0.3536 0.2373 0.1425 0.09555 0.06467 0.03967 0.02559 0.01839 0.04419
0.4036 4.598 12.84 11.25 7.081 4.401 3.065 1.905 1.326 0.8031 0.5234 0.3483 0.2207 0.1482 0.08897 0.05965 0.04037 0.02477 0.01597 0.03907
0.3685 4.247 11.75 9.468 6.93 4.362 2.711 1.888 1.174 0.8172 0.4947 0.3225 0.2146 0.136 0.09128 0.05481 0.03675 0.02487 0.01526 0.03391
0.3855 4.3 12.03 9.617 6.475 4.739 2.983 1.854 1.291 0.8028 0.5589 0.3384 0.2205 0.1467 0.09301 0.06243 0.03748 0.02513 0.01701 0.03363
0.3104 3.605 9.794 7.913 5.284 3.558 2.604 1.639 1.019 0.7096 0.4411 0.3071 0.1859 0.1212 0.08063 0.0511 0.0343 0.0206 0.01381 0.02782
0.2806 3.319 9.41 7.412 5.009 3.345 2.252 1.648 1.038 0.6449 0.4492 0.2792 0.1944 0.1177 0.0767 0.05104 0.03235 0.02171 0.01304 0.02635
0.1992 2.355 6.83 5.625 3.707 2.505 1.673 1.126 0.8243 0.5189 0.3225 0.2246 0.1396 0.09721 0.05885 0.03836 0.02552 0.01618 0.01086 0.0197
0.2154 2.355 6.828 5.781 3.988 2.628 1.776 1.186 0.7985 0.5845 0.3679 0.2287 0.1593 0.099 0.06893 0.04173 0.0272 0.0181 0.01147 0.02167
0.3697 3.784 10.07 8.498 6.025 4.157 2.739 1.851 1.236 0.8323 0.6092 0.3835 0.2383 0.166 0.1032 0.07184 0.04349 0.02835 0.01886 0.03454
0.2522 2.748 6.875 5.285 3.727 2.643 1.823 1.201 0.8119 0.5422 0.365 0.2672 0.1682 0.1045 0.07281 0.04526 0.03151 0.01908 0.01243 0.02342
0.2002 2.331 6.239 4.551 2.93 2.066 1.465 1.011 0.666 0.4501 0.3006 0.2024 0.1481 0.09324 0.05795 0.04036 0.02509 0.01747 0.01057 0.01988
0.3491 3.955 11.22 8.763 5.356 3.448 2.431 1.724 1.189 0.7838 0.5297 0.3537 0.2382 0.1743 0.1097 0.0682 0.0475 0.02953 0.02056 0.03584
0.2279 2.602 7.209 5.914 3.859 2.359 1.519 1.071 0.7594 0.5239 0.3452 0.2333 0.1558 0.1049 0.07678 0.04833 0.03004 0.02092 0.013 0.02484
0.2302 2.672 7.475 6.036 4.147 2.706 1.654 1.065 0.7509 0.5325 0.3673 0.2421 0.1636 0.1092 0.07355 0.05383 0.03389 0.02106 0.01467 0.02654
0.2696 3.121 8.845 7.199 4.868 3.344 2.182 1.334 0.8587 0.6056 0.4294 0.2962 0.1952 0.1319 0.0881 0.05931 0.04341 0.02733 0.01699 0.03323
0.2522 3.022 8.532 7.009 4.772 3.226 2.217 1.446 0.8842 0.5691 0.4014 0.2846 0.1963 0.1294 0.08744 0.05839 0.03931 0.02877 0.01811 0.03328
0.1924 2.473 7.242 5.93 4.075 2.774 1.876 1.289 0.8409 0.514 0.3309 0.2333 0.1655 0.1142 0.07522 0.05083 0.03395 0.02286 0.01673 0.02988
0.1615 1.712 5.4 4.601 3.154 2.167 1.475 0.9976 0.6854 0.4473 0.2734 0.176 0.1241 0.088 0.06071 0.04001 0.02704 0.01806 0.01216 0.02479
0.2768 3.09 7.976 7.333 5.235 3.588 2.465 1.679 1.135 0.7798 0.5088 0.311 0.2002 0.1412 0.1001 0.06907 0.04551 0.03076 0.02054 0.04203
0.2146 2.334 6.358 4.738 3.64 2.599 1.781 1.224 0.8332 0.5634 0.3871 0.2526 0.1544 0.09938 0.07009 0.0497 0.03429 0.02259 0.01527 0.03106
0.2083 2.238 5.956 4.715 2.941 2.259 1.613 1.105 0.7596 0.5171 0.3497 0.2402 0.1568 0.09582 0.06168 0.0435 0.03084 0.02128 0.01402 0.02875
0.2569 3.102 8.117 6.278 4.161 2.595 1.994 1.423 0.9755 0.6703 0.4564 0.3086 0.212 0.1383 0.08456 0.05443 0.03839 0.02722 0.01878 0.03775
0.2668 2.911 8.543 6.457 4.175 2.767 1.726 1.326 0.9463 0.6486 0.4457 0.3034 0.2052 0.141 0.09199 0.05623 0.03619 0.02552 0.0181 0.03759
0.2977 3.057 8.1 6.862 4.335 2.803 1.857 1.158 0.8899 0.6353 0.4354 0.2992 0.2037 0.1377 0.09464 0.06175 0.03775 0.0243 0.01714 0.03738
0.2813 3.083 7.695 5.885 4.166 2.632 1.702 1.128 0.7034 0.5403 0.3857 0.2644 0.1817 0.1237 0.08363 0.05746 0.03749 0.02292 0.01475 0.0331
0.2826 3.02 8.059 5.817 3.72 2.633 1.664 1.075 0.7128 0.4446 0.3415 0.2438 0.1671 0.1148 0.07818 0.05286 0.03632 0.0237 0.01449 0.03025
0.2091 2.402 6.28 4.855 2.931 1.874 1.327 0.8381 0.5418 0.3591 0.224 0.1721 0.1228 0.08419 0.05785 0.03938 0.02663 0.0183 0.01194 0.02254
0.2023 2.394 6.736 5.13 3.321 2.005 1.282 0.9074 0.5732 0.3706 0.2456 0.1532 0.1177 0.08401 0.05758 0.03957 0.02694 0.01821 0.01251 0.02358
0.2647 2.949 8.508 6.96 4.438 2.873 1.734 1.109 0.785 0.4959 0.3206 0.2125 0.1325 0.1018 0.07268 0.04981 0.03423 0.0233 0.01576 0.03123
0.2677 2.9 7.865 6.565 4.491 2.863 1.854 1.119 0.7155 0.5065 0.32 0.2069 0.1371 0.08551 0.06569 0.04689 0.03214 0.02209 0.01504 0.03031
0.2312 2.777 7.333 5.759 4.02 2.75 1.753 1.135 0.6851 0.4381 0.3101 0.1959 0.1267 0.08394 0.05236 0.04022 0.02871 0.01968 0.01352 0.02777
0.1994 2.06 6.057 4.643 3.05 2.129 1.456 0.9285 0.6011 0.3628 0.232 0.1643 0.1038 0.06708 0.04446 0.02773 0.0213 0.01521 0.01042 0.02187
0.1634 1.899 4.819 4.132 2.652 1.742 1.216 0.8319 0.5304 0.3434 0.2073 0.1325 0.09383 0.05927 0.03832 0.0254 0.01584 0.01217 0.008687 0.01845
0.2639 2.949 8.361 6.191 4.448 2.855 1.876 1.309 0.8956 0.571 0.3697 0.2231 0.1427 0.101 0.06381 0.04125 0.02734 0.01705 0.0131 0.02921
0.297 3.371 9.138 7.489 4.637 3.331 2.138 1.405 0.9806 0.6708 0.4277 0.2769 0.1671 0.1069 0.07565 0.04779 0.0309 0.02048 0.01277 0.03169
0.3228 3.414 9.384 7.328 5.017 3.107 2.232 1.433 0.9412 0.6569 0.4494 0.2865 0.1855 0.112 0.07159 0.05068 0.03202 0.0207 0.01372 0.02979
0.2708 3.212 8.249 6.53 4.259 2.916 1.806 1.297 0.8327 0.547 0.3818 0.2612 0.1665 0.1078 0.06508 0.04161 0.02946 0.01861 0.01203 0.02529
0.179 2.095 6.078 4.515 2.988 1.949 1.334 0.8261 0.5935 0.3809 0.2503 0.1747 0.1195 0.07619 0.04932 0.02977 0.01904 0.01348 0.008513 0.01707
0.1445 1.695 4.874 4.123 2.565 1.697 1.107 0.7578 0.4692 0.3371 0.2164 0.1421 0.09922 0.06787 0.04327 0.02801 0.01691 0.01081 0.007655 0.01453
0.1556 1.727 4.978 4.183 2.965 1.844 1.22 0.7959 0.5449 0.3374 0.2424 0.1556 0.1022 0.07135 0.04881 0.03112 0.02014 0.01216 0.007775 0.01595
0.1968 2.179 5.919 4.975 3.502 2.483 1.544 1.022 0.6664 0.4563 0.2825 0.203 0.1303 0.08559 0.05974 0.04087 0.02606 0.01687 0.01018 0.01987
0.2444 2.713 7.313 5.767 4.057 2.856 2.024 1.259 0.8332 0.5435 0.3721 0.2304 0.1655 0.1062 0.06979 0.04872 0.03333 0.02125 0.01376 0.02451
0.2964 3.129 8.422 6.557 4.323 3.041 2.141 1.518 0.944 0.6246 0.4074 0.2789 0.1727 0.1241 0.07964 0.05232 0.03652 0.02498 0.01593 0.02868
0.1864 2.13 5.491 4.262 2.772 1.827 1.286 0.9049 0.6414 0.399 0.264 0.1722 0.1179 0.073 0.05244 0.03366 0.02211 0.01544 0.01056 0.01886
0.1889 2.048 5.734 4.305 2.798 1.819 1.199 0.8439 0.594 0.4211 0.2619 0.1733 0.113 0.07739 0.04792 0.03443 0.0221 0.01452 0.01013 0.01931
