Originally  
101 
A 
42	100	
1	1	NA	NA	
1	20	
1 0.05118 0.1876 0.3582 0.2218 0.2388 0.1876 0.06823 0.08529 0.03412 0.1194 0 0 0.01706 0.01706 0.01706 0.05118 0 0.03412 0 0.01706
1 0.06464 0.3879 0.2909 0.2101 0.1778 0.06464 0.0808 0.0808 0.09696 0.06464 0.04848 0.01616 0.01616 0 0 0.01616 0 0 0 0
1 0.06759 0.4281 0.6083 0.4055 0.1126 0.1577 0.1352 0.09012 0.06759 0.04506 0.02253 0.04506 0.02253 0 0.02253 0.02253 0 0 0 0
1 0 0.4452 0.6926 0.4947 0.1979 0.09894 0.1731 0.09894 0.09894 0.02474 0.07421 0.04947 0.02474 0 0 0 0 0 0 0
1 0 0.1119 0.6525 0.4101 0.3356 0.01864 0.1119 0.07457 0 0.03728 0 0.01864 0.01864 0.03728 0.01864 0.01864 0 0 0 0
1 0.01723 0.2067 0.1895 0.4652 0.3446 0.1551 0.08614 0.06891 0.06891 0.03446 0.05169 0.01723 0.01723 0 0 0 0 0 0 0
1 0.04205 0.09812 0.1962 0.1962 0.2383 0.3784 0.09812 0.01402 0.02803 0.04205 0.02803 0 0 0 0 0.01402 0.01402 0 0 0.01402
1 0.09773 0.3351 0.1536 0.1256 0.08377 0.1955 0.1815 0.1256 0 0.05584 0 0.01396 0.01396 0 0 0 0 0 0 0.01396
1 0 0.7387 0.4791 0.09982 0.07986 0.09982 0.1397 0.1198 0.1198 0.01996 0.01996 0 0.03993 0.01996 0 0 0.01996 0 0 0
1 0.03888 0.1944 1.166 0.2333 0.05832 0 0.03888 0.03888 0.05832 0.05832 0 0.01944 0 0.01944 0 0 0 0.01944 0 0
1 0.06043 0.6345 0.3022 1.481 0.2719 0.06043 0.03022 0.09065 0.03022 0 0.03022 0.03022 0 0 0 0 0 0 0 0
1 0 0.6835 0.8699 0.2175 1.087 0.1553 0.06213 0 0 0 0 0 0 0.03107 0 0 0 0 0 0
1 0 0.1012 0.7843 0.7084 0.1771 0.5313 0.0759 0.0253 0.0506 0 0 0.0253 0 0.0506 0 0 0 0 0 0
1 0 0.2271 0.1363 1.022 0.3633 0.09084 0.3633 0.02271 0 0 0 0.02271 0 0 0.02271 0 0 0 0 0
1 0.01451 0.04352 0.1306 0.1596 0.5802 0.2031 0.04352 0.1596 0.05802 0 0 0 0.01451 0.02901 0 0 0 0.01451 0 0
1 0.03399 0.1586 0.1246 0.1586 0.06797 0.2606 0.1699 0.02266 0.09063 0.02266 0.01133 0 0 0 0 0.01133 0 0 0 0
1 0.06212 0.3935 0.5798 0.1035 0.1242 0.1242 0.2899 0.2278 0.04142 0.1035 0.02071 0 0 0 0 0 0 0 0 0
1 0.07897 0.1053 0.5265 0.2238 0.06581 0.05265 0.02632 0.1316 0.09213 0.01316 0 0 0 0 0 0 0 0 0 0
1 0.1446 0.3374 0.699 0.4338 0.3374 0.04821 0.07231 0.07231 0.1446 0.04821 0 0.04821 0.0241 0 0 0 0 0 0 0
1 0.02718 0.2174 0.8426 0.5164 0.5436 0.2446 0.02718 0.05436 0 0.1359 0.05436 0 0.05436 0 0 0 0 0 0 0
1 0.07193 0.3117 0.5994 0.6474 0.1918 0.2877 0.09591 0.04795 0.02398 0 0.07193 0.04795 0 0 0 0 0 0 0 0
1 0.03217 1.126 0.579 0.4825 0.386 0.2252 0.2252 0 0 0.03217 0 0.09651 0.03217 0 0 0 0 0 0 0
1 0.02295 0.02295 1.285 0.1377 0.2525 0.2066 0.1377 0.1148 0.1148 0 0 0 0 0 0 0 0 0 0 0
1 0.0461 0.438 0.1844 1.106 0.1614 0.1153 0.06915 0.06915 0.02305 0.02305 0 0 0.02305 0 0.02305 0 0.02305 0 0 0
1 0 0.07786 0.6073 0.109 0.5606 0.04672 0.09343 0 0 0.03114 0.01557 0 0 0 0 0 0 0.01557 0 0
1 0.02207 0.1104 0.2649 0.6843 0.08829 0.5518 0.1545 0.04415 0.1545 0.04415 0.04415 0.02207 0.02207 0 0 0 0 0 0 0
1 0.02232 0.3013 0.1004 0.07811 0.279 0.04463 0.1562 0 0.05579 0.02232 0.01116 0.02232 0.01116 0 0 0 0 0 0 0.01116
1 0.02019 0.2221 0.9084 0.2221 0.02019 0.2422 0.04037 0.2019 0.04037 0.04037 0.04037 0.02019 0 0 0 0 0 0 0 0
1 0.03815 0.1908 0.3815 0.8012 0.09539 0 0.2098 0 0.09539 0.03815 0.01908 0 0.01908 0.01908 0 0 0 0 0 0
1 0.04005 0.2937 0.2403 0.2536 0.3471 0.01335 0.01335 0.06675 0.01335 0.04005 0 0 0.01335 0 0 0 0 0 0 0
1 0.03376 0.422 0.5064 0.2026 0.1182 0.2701 0.01688 0 0.05064 0 0.01688 0 0.01688 0.01688 0 0.01688 0 0 0 0
1 0.02204 0.1763 0.7052 0.3967 0.1763 0.1763 0.2865 0.04407 0.02204 0.06611 0.04407 0.06611 0 0 0 0.02204 0 0 0 0
1 0.03362 0.1345 0.3531 0.5548 0.1681 0.1849 0.01681 0.1009 0.05044 0.01681 0.01681 0 0.03362 0 0 0.01681 0 0 0 0
1 0.07847 0.07847 0.2354 0.3766 0.2982 0.1883 0.1255 0.07847 0.06277 0.01569 0 0 0.01569 0 0.01569 0 0 0 0 0
1 0.06083 0.1977 0.441 0.1369 0.1217 0.3346 0.09125 0.04562 0.01521 0.01521 0.01521 0 0.01521 0 0.03042 0 0 0 0 0
1 0.08937 0.2458 0.3128 0.4915 0.1787 0.2681 0.3798 0.08937 0.02234 0.02234 0.04469 0.02234 0.02234 0 0 0.02234 0 0 0 0.02234
1 0.05472 0.1313 0.2846 0.1204 0.1642 0.04378 0.08756 0.08756 0.02189 0.02189 0 0.05472 0 0 0.01094 0 0.01094 0 0 0
1 0.03121 0.3277 0.2653 0.4213 0.1872 0.1092 0.04681 0.09362 0.03121 0.03121 0.0156 0 0 0 0 0 0 0 0 0
1 0.02848 0.1851 0.527 0.2136 0.1567 0.07121 0.05697 0.07121 0.02848 0.01424 0 0.02848 0.02848 0.01424 0 0 0 0 0 0
1 0.05506 0.02753 0.468 0.3579 0.1652 0.0826 0.0413 0.02753 0.01377 0.02753 0.05506 0.01377 0.02753 0 0.01377 0 0 0 0 0
1 0.02931 0.1905 0.2052 0.3517 0.2784 0.1612 0.07327 0.02931 0.05862 0.01465 0.01465 0.02931 0.01465 0 0 0 0 0 0.01465 0
1 0.06698 0.2813 0.3349 0.1474 0.1741 0.1875 0.09377 0 0.0134 0 0 0.02679 0 0 0.0134 0 0 0 0 0
1 0 0.3468 0.5201 0.2947 0.1387 0.156 0.06935 0.05201 0.01734 0.01734 0.01734 0 0 0.03468 0.06935 0 0 0 0 0
1 0.02136 0.5341 0.6196 0.47 0.1282 0.06409 0.1068 0.1068 0.04273 0 0 0 0 0.04273 0 0 0 0 0 0
1 0.07537 0.05653 0.4522 0.5087 0.3015 0.1507 0.1696 0.05653 0.07537 0 0 0 0 0.01884 0 0 0 0.01884 0 0
1 0.06522 0.3696 0.1304 0.587 0.3696 0.3913 0.1739 0.04348 0.02174 0 0 0.02174 0 0 0 0 0 0 0 0
1 0.06791 0.3396 0.3848 0.1132 0.6565 0.3169 0.249 0.04527 0.04527 0.02264 0 0.02264 0 0 0 0 0 0 0 0
1 0 0.5682 0.5051 0.3367 0.06314 0.3999 0.1473 0.02105 0.02105 0.02105 0 0.02105 0 0 0 0 0 0 0 0
1 0.05988 0.04491 0.5988 0.1946 0.2545 0.02994 0.08982 0.1198 0.04491 0.02994 0 0.02994 0 0 0 0 0 0 0 0
1 0.03675 0.2756 0.1103 0.7534 0.3124 0.1286 0.03675 0.05513 0.0735 0 0.03675 0.01838 0 0 0 0 0 0 0 0
1 0.07885 0.276 0.6899 0.09856 0.3351 0.138 0.1971 0 0.07885 0 0.03942 0 0 0 0.01971 0.01971 0 0 0 0
1 0.1209 0.3868 0.4593 0.556 0.04835 0.3868 0.145 0.145 0 0.1209 0.04835 0 0 0 0 0 0 0 0 0
1 0 0.2742 0.5118 0.2376 0.3656 0.09139 0.1645 0.09139 0.01828 0 0.05483 0.01828 0 0 0 0 0 0 0 0
1 0.1345 0.1793 0.6499 0.4034 0.2241 0.2689 0.04482 0.1793 0.06723 0.04482 0 0 0.02241 0 0 0 0 0 0 0.02241
1 0 0.3511 0.3663 0.229 0.3205 0.04579 0.09159 0 0.03053 0.01526 0.03053 0.03053 0.01526 0 0 0 0 0 0 0
1 0.05727 0.07636 0.8973 0.2864 0.1336 0.1336 0.05727 0.1718 0.03818 0.01909 0.03818 0 0 0 0 0 0 0 0 0
1 0.02787 0.1672 0.2927 0.5296 0.1254 0.04181 0.09756 0.02787 0.04181 0.01394 0.02787 0 0 0 0 0 0 0 0 0
1 0.08056 0.1813 0.5035 0.3424 0.4834 0.1813 0.06042 0.08056 0 0.06042 0 0.04028 0 0 0 0 0 0 0 0
1 0 0.2058 0.343 0.2195 0.09604 0.2881 0.09604 0.04116 0.02744 0 0.02744 0 0.01372 0 0 0 0 0 0 0.01372
