 landings-at-age - landings.n (units : NA )
1	2	
42	100	
1	20	
1 
0.5934 3.016 10.92 6.53 5.186 4.721 2.466 2.887 1.931 1.2 0.3699 0.4543 0.2905 0.5165 0.1592 0.1992 0.04016 0.158 0.0656 0.08403
0.3287 3.777 4.707 4.933 2.466 1.958 1.783 0.9314 1.09 0.7291 0.4533 0.1397 0.1715 0.1097 0.195 0.0601 0.07523 0.01517 0.05967 0.0565
0.3691 5.416 15.22 5.54 4.866 2.432 1.932 1.758 0.9187 1.075 0.7192 0.4471 0.1378 0.1692 0.1082 0.1924 0.05928 0.0742 0.01496 0.1146
0.153 3.781 13.56 11.07 3.369 2.959 1.479 1.175 1.069 0.5587 0.654 0.4374 0.2719 0.08379 0.1029 0.0658 0.117 0.03605 0.04513 0.07878
0.1656 2.294 13.79 14.36 9.807 2.986 2.623 1.311 1.041 0.9477 0.4951 0.5796 0.3876 0.241 0.07426 0.0912 0.05832 0.1037 0.03195 0.1098
0.1015 1.569 5.293 9.187 7.996 5.46 1.662 1.46 0.7299 0.5797 0.5276 0.2757 0.3227 0.2158 0.1342 0.04135 0.05078 0.03247 0.05773 0.07893
0.281 0.9691 3.663 3.583 5.202 4.528 3.092 0.9413 0.8268 0.4133 0.3282 0.2988 0.1561 0.1827 0.1222 0.07597 0.02341 0.02875 0.01839 0.07738
1.144 3.919 3.295 3.619 2.963 4.302 3.745 2.557 0.7785 0.6838 0.3418 0.2715 0.2471 0.1291 0.1511 0.1011 0.06283 0.01936 0.02378 0.0792
0.1834 13.22 11.02 2.679 2.461 2.015 2.925 2.546 1.739 0.5293 0.4649 0.2324 0.1846 0.168 0.08778 0.1028 0.06872 0.04272 0.01316 0.07002
0.6924 1.888 33.14 7.985 1.623 1.491 1.221 1.772 1.543 1.053 0.3207 0.2817 0.1408 0.1118 0.1018 0.05318 0.06226 0.04163 0.02588 0.0504
1.006 8.495 5.634 28.63 5.769 1.173 1.077 0.882 1.281 1.115 0.761 0.2317 0.2035 0.1017 0.0808 0.07354 0.03842 0.04498 0.03008 0.05512
0.168 12.28 25.15 4.815 20.45 4.122 0.838 0.7696 0.6301 0.9149 0.7963 0.5437 0.1656 0.1454 0.07268 0.05772 0.05254 0.02745 0.03214 0.06087
0.1717 1.676 29.76 17.57 2.811 11.94 2.406 0.4892 0.4492 0.3678 0.534 0.4648 0.3174 0.09664 0.08488 0.04243 0.0337 0.03067 0.01602 0.05429
0.1207 1.989 4.72 24.22 11.95 1.912 8.122 1.637 0.3328 0.3056 0.2502 0.3633 0.3162 0.2159 0.06574 0.05774 0.02886 0.02292 0.02087 0.04784
0.3906 1.461 5.84 3.999 17.15 8.465 1.354 5.751 1.159 0.2356 0.2164 0.1772 0.2572 0.2239 0.1529 0.04655 0.04089 0.02044 0.01623 0.04865
0.5768 4.178 3.792 4.365 2.497 10.71 5.285 0.8453 3.59 0.7236 0.1471 0.1351 0.1106 0.1606 0.1398 0.09545 0.02906 0.02553 0.01276 0.0405
0.284 6.069 10.68 2.796 2.689 1.538 6.596 3.256 0.5208 2.212 0.4458 0.09063 0.08323 0.06815 0.09894 0.08612 0.0588 0.0179 0.01573 0.03281
0.422 3.315 17.2 8.739 1.912 1.839 1.052 4.511 2.227 0.3561 1.513 0.3049 0.06198 0.05692 0.04661 0.06767 0.0589 0.04022 0.01225 0.0332
0.2749 3.946 7.55 11.31 4.802 1.051 1.01 0.578 2.479 1.223 0.1957 0.8312 0.1675 0.03406 0.03128 0.02561 0.03718 0.03236 0.0221 0.02497
0.1896 2.94 10.3 5.713 7.158 3.04 0.6651 0.6396 0.3659 1.569 0.7744 0.1239 0.5261 0.106 0.02156 0.0198 0.01621 0.02353 0.02048 0.02979
0.5363 1.591 6.05 6.156 2.857 3.58 1.52 0.3326 0.3199 0.183 0.7847 0.3873 0.06195 0.2631 0.05303 0.01078 0.009901 0.008107 0.01177 0.02514
0.0979 6.337 4.613 5.121 4.365 2.026 2.538 1.078 0.2358 0.2268 0.1297 0.5564 0.2746 0.04392 0.1866 0.0376 0.007644 0.00702 0.005748 0.02617
0.5817 1.72 27.1 5.741 5.337 4.55 2.112 2.646 1.123 0.2458 0.2364 0.1352 0.5799 0.2862 0.04578 0.1945 0.03919 0.007967 0.007317 0.03327
0.0681 4.323 3.125 14.22 2.518 2.341 1.995 0.9261 1.16 0.4927 0.1078 0.1037 0.05931 0.2543 0.1255 0.02008 0.08528 0.01719 0.003494 0.0178
0.08529 0.6294 9.816 2.069 7.885 1.396 1.298 1.106 0.5134 0.6432 0.2731 0.05976 0.05747 0.03288 0.141 0.06959 0.01113 0.04728 0.009529 0.01181
0.6544 1.685 3.03 13.79 2.435 9.28 1.643 1.527 1.302 0.6042 0.757 0.3214 0.07034 0.06764 0.03869 0.1659 0.0819 0.0131 0.05564 0.02511
0.1941 4.877 3.072 1.597 6.072 1.072 4.087 0.7235 0.6726 0.5734 0.2661 0.3334 0.1416 0.03098 0.02979 0.01704 0.07308 0.03607 0.00577 0.03556
0.2196 2.276 14.01 2.572 1.12 4.258 0.7519 2.866 0.5073 0.4717 0.402 0.1866 0.2338 0.09927 0.02172 0.02089 0.01195 0.05124 0.02529 0.02898
0.4316 2.977 7.535 13.5 2.074 0.9031 3.433 0.6064 2.311 0.4091 0.3804 0.3242 0.1505 0.1885 0.08006 0.01752 0.01685 0.009637 0.04133 0.04377
0.4707 4.837 8.137 5.971 8.945 1.375 0.5986 2.276 0.4019 1.532 0.2712 0.2521 0.2149 0.09974 0.125 0.05306 0.01161 0.01117 0.006387 0.0564
0.2327 4.615 11.59 5.655 3.471 5.2 0.7993 0.348 1.323 0.2337 0.8905 0.1577 0.1466 0.1249 0.05799 0.07265 0.03085 0.00675 0.006491 0.0365
0.1088 2.07 10.08 7.365 3.008 1.846 2.766 0.4251 0.1851 0.7037 0.1243 0.4736 0.08385 0.07795 0.06645 0.03084 0.03864 0.01641 0.00359 0.02287
0.3196 2.082 9.648 13.68 8.379 3.422 2.1 3.146 0.4836 0.2106 0.8005 0.1414 0.5388 0.09539 0.08868 0.07559 0.03508 0.04396 0.01867 0.0301
0.1973 2.695 4.284 5.732 6.793 4.159 1.699 1.043 1.562 0.2401 0.1045 0.3974 0.07018 0.2675 0.04735 0.04402 0.03753 0.01742 0.02182 0.02421
0.2521 2.057 6.878 3.177 3.557 4.216 2.581 1.054 0.6471 0.9694 0.149 0.06487 0.2466 0.04356 0.166 0.02939 0.02732 0.02329 0.01081 0.02857
0.2578 3.754 7.462 7.251 2.804 3.139 3.72 2.278 0.9304 0.571 0.8555 0.1315 0.05725 0.2177 0.03844 0.1465 0.02594 0.02411 0.02055 0.03475
0.4723 2.921 10.34 5.936 4.821 1.864 2.087 2.474 1.515 0.6186 0.3797 0.5688 0.08743 0.03806 0.1447 0.02556 0.09741 0.01724 0.01603 0.03677
0.2881 5.411 8.128 8.304 3.985 3.236 1.252 1.401 1.661 1.017 0.4153 0.2549 0.3819 0.05869 0.02555 0.09715 0.01716 0.06539 0.01158 0.03545
0.1372 2.983 13.62 5.905 5.042 2.419 1.965 0.7599 0.8508 1.008 0.6174 0.2521 0.1548 0.2319 0.03563 0.01552 0.05899 0.01042 0.0397 0.02855
0.3298 1.474 7.799 10.3 3.732 3.187 1.529 1.242 0.4803 0.5378 0.6373 0.3903 0.1594 0.09782 0.1465 0.02252 0.009807 0.03728 0.006585 0.04314
0.3196 2.802 3.064 4.698 5.188 1.88 1.605 0.7704 0.6257 0.242 0.2709 0.3211 0.1966 0.08029 0.04928 0.07383 0.01135 0.00494 0.01878 0.02505
0.3029 3.659 7.859 2.503 3.214 3.549 1.286 1.098 0.5269 0.428 0.1655 0.1853 0.2196 0.1345 0.05492 0.03371 0.0505 0.007761 0.003379 0.02998
0.5068 4.415 13 8.121 2.165 2.78 3.07 1.113 0.95 0.4559 0.3703 0.1432 0.1603 0.19 0.1163 0.04751 0.02916 0.04369 0.006714 0.02886
0.1035 5.551 11.78 10.03 5.24 1.397 1.794 1.981 0.7179 0.6129 0.2941 0.2389 0.09239 0.1034 0.1226 0.07506 0.03065 0.01881 0.02819 0.02295
0.2827 1.074 14.04 8.622 6.143 3.208 0.8554 1.098 1.213 0.4396 0.3753 0.1801 0.1463 0.05657 0.06333 0.07505 0.04596 0.01877 0.01152 0.03131
0.2857 2.518 2.342 8.889 4.566 3.253 1.699 0.453 0.5817 0.6423 0.2328 0.1988 0.09538 0.07747 0.02996 0.03354 0.03975 0.02434 0.00994 0.02268
0.3554 2.72 5.891 1.598 5.078 2.609 1.859 0.9707 0.2588 0.3323 0.3669 0.133 0.1135 0.05449 0.04425 0.01711 0.01916 0.02271 0.0139 0.01864
0.09374 6.412 11.98 7.568 1.72 5.467 2.808 2.001 1.045 0.2786 0.3577 0.395 0.1432 0.1222 0.05866 0.04764 0.01842 0.02063 0.02444 0.03503
0.4256 1.197 19.87 10.73 5.668 1.288 4.094 2.103 1.498 0.7826 0.2087 0.2679 0.2958 0.1072 0.09155 0.04393 0.03568 0.0138 0.01545 0.04455
0.2554 4.891 3.333 15.94 7.188 3.797 0.8629 2.743 1.409 1.004 0.5243 0.1398 0.1795 0.1982 0.07184 0.06133 0.02943 0.0239 0.009245 0.04019
0.4273 2.542 11.82 2.319 9.263 4.178 2.207 0.5016 1.594 0.819 0.5835 0.3047 0.08125 0.1043 0.1152 0.04175 0.03565 0.01711 0.01389 0.02874
0.2315 3.306 4.81 6.469 1.061 4.238 1.911 1.01 0.2295 0.7294 0.3747 0.2669 0.1394 0.03717 0.04773 0.0527 0.0191 0.01631 0.007826 0.0195
0.1642 2.192 7.691 3.262 3.674 0.6026 2.407 1.086 0.5735 0.1303 0.4143 0.2128 0.1516 0.07919 0.02111 0.02711 0.02993 0.01085 0.009263 0.01552
0.4252 1.963 6.436 6.6 2.346 2.642 0.4334 1.731 0.7807 0.4124 0.09372 0.2979 0.153 0.109 0.05694 0.01518 0.01949 0.02153 0.007802 0.01782
0.1824 5.952 6.727 6.433 5.526 1.964 2.212 0.3629 1.449 0.6537 0.3453 0.07848 0.2495 0.1281 0.0913 0.04768 0.01271 0.01632 0.01802 0.02146
0.2998 2.514 19.98 6.554 5.246 4.507 1.602 1.804 0.2959 1.182 0.5331 0.2816 0.064 0.2034 0.1045 0.07445 0.03888 0.01037 0.01331 0.0322
0.3021 3.839 7.804 17.91 4.913 3.933 3.378 1.201 1.352 0.2218 0.8859 0.3996 0.2111 0.04797 0.1525 0.07833 0.05581 0.02915 0.007772 0.03411
0.1734 2.17 6.736 3.949 7.571 2.077 1.662 1.428 0.5075 0.5716 0.09376 0.3745 0.1689 0.08923 0.02028 0.06445 0.03311 0.02359 0.01232 0.0177
0.05865 1.905 5.844 5.281 2.592 4.97 1.363 1.091 0.9373 0.3332 0.3753 0.06155 0.2458 0.1109 0.05857 0.01331 0.04231 0.02174 0.01548 0.01971
