Originally  
101 
A 
2	100	
1	1	NA	NA	
1	20	
1 544.7 432 131.5 169.1 187.8 112.7 131.5 75.14 18.78 0 18.78 0 0 0 18.78 18.78 0 18.78 0 0
1 268.5 315.2 163.5 175.1 58.38 58.38 23.35 46.7 23.35 11.68 0 11.68 0 0 0 0 0 0 0 11.68
1 518 199.2 212.5 92.98 79.7 39.85 53.13 0 26.57 39.85 13.28 13.28 13.28 0 13.28 13.28 0 0 0 0
1 468.2 377.2 104 143.1 52.02 39.02 26.01 39.02 0 13.01 13.01 0 0 0 13.01 0 13.01 0 0 0
1 795 188.7 188.7 40.43 40.43 40.43 13.48 26.95 0 0 0 13.48 0 0 0 0 0 0 0 0
1 399.8 742.4 171.3 304.6 76.15 95.19 19.04 57.11 19.04 0 19.04 0 0 0 0 0 0 0 0 0
1 667.3 391.2 644.3 138.1 207.1 23.01 69.03 69.03 0 0 46.02 23.01 23.01 0 0 0 0 0 0 0
1 807.6 630.9 252.4 454.3 75.71 75.71 25.24 25.24 50.47 75.71 0 25.24 0 0 0 0 25.24 0 0 0
1 508.9 717.1 508.9 161.9 208.2 46.26 23.13 0 0 46.26 23.13 69.39 0 0 0 0 0 0 0 0
1 964.1 401.7 428.5 241 107.1 321.4 107.1 53.56 26.78 0 26.78 0 0 0 0 0 0 0 0 0
1 1848 348.6 383.5 383.5 104.6 139.4 139.4 104.6 0 0 0 0 0 0 0 0 34.86 0 0 0
1 214.5 965.4 278.9 193.1 193.1 171.6 0 21.45 42.91 0 42.91 0 0 0 0 0 21.45 0 0 0
1 804.6 64.37 1030 354 193.1 321.8 160.9 64.37 64.37 32.18 96.55 32.18 0 0 0 0 0 0 0 0
1 256.1 512.3 36.59 622 91.48 36.59 91.48 54.89 18.3 18.3 18.3 36.59 0 18.3 18.3 0 0 0 0 0
1 1418 150.9 633.6 120.7 331.9 241.4 30.17 30.17 30.17 0 0 0 30.17 0 0 0 0 0 0 0
1 292 754.3 97.33 365 73 413.7 97.33 73 73 48.67 0 97.33 24.33 0 0 0 24.33 0 0 0
1 138.7 381.6 607 86.72 156.1 17.34 242.8 34.69 17.34 52.03 0 0 0 0 0 0 0 0 0 0
1 416.5 166.6 83.29 291.5 27.76 97.17 27.76 152.7 27.76 41.65 27.76 0 0 0 0 0 27.76 0 0 0
1 274.2 156.7 52.22 156.7 274.2 26.11 65.28 13.06 156.7 39.17 26.11 39.17 0 0 26.11 0 0 0 0 0
1 943.5 132.1 113.2 113.2 151 151 18.87 75.48 0 56.61 18.87 37.74 18.87 0 18.87 0 18.87 18.87 0 0
1 143.4 561.7 71.7 95.6 59.75 11.95 107.6 11.95 23.9 11.95 83.65 11.95 0 0 0 0 0 0 0 0
1 664.3 154.5 386.2 30.9 30.9 0 77.24 77.24 15.45 0 0 77.24 0 15.45 15.45 0 0 0 0 0
1 848.4 777.7 70.7 329.9 47.13 117.8 23.57 47.13 47.13 23.57 23.57 0 0 0 0 0 0 0 0 0
1 1597 583.6 276.4 122.9 215 61.43 0 61.43 0 61.43 0 61.43 0 30.71 0 0 0 0 0 0
1 495.8 939.3 391.4 365.3 104.4 182.6 0 26.09 0 26.09 26.09 0 26.09 0 26.09 0 0 0 0 0
1 459.5 417.7 689.2 229.7 83.54 20.88 83.54 0 0 0 41.77 20.88 0 0 0 0 0 0 0 41.77
1 546.4 432.6 227.7 523.7 273.2 91.07 68.3 68.3 0 22.77 22.77 0 0 0 0 0 0 0 0 0
1 560.7 314 269.1 269.1 493.4 179.4 67.28 0 44.85 0 22.43 0 0 0 0 0 0 22.43 0 0
1 345.2 379.7 172.6 120.8 138.1 327.9 69.03 86.29 0 34.52 0 0 0 17.26 17.26 0 0 17.26 0 0
1 310.2 206.8 137.9 137.9 114.9 68.93 103.4 0 57.44 0 0 0 0 0 0 11.49 0 0 0 0
1 227.4 659.5 272.9 272.9 136.4 181.9 90.96 295.6 45.48 22.74 0 22.74 0 0 0 22.74 22.74 0 0 0
1 1914 84.43 253.3 281.4 140.7 28.14 28.14 0 28.14 56.29 0 0 0 0 0 0 0 0 0 0
1 271.8 2378 33.97 135.9 135.9 135.9 67.94 67.94 33.97 33.97 0 33.97 33.97 0 33.97 0 0 0 0 0
1 321.8 181 965.5 60.34 60.34 100.6 60.34 100.6 40.23 0 100.6 0 20.11 0 0 0 0 0 0 0
1 1253 174.9 204 874.4 29.15 87.44 58.29 58.29 87.44 0 0 58.29 0 29.15 0 0 0 0 0 0
1 339 757.8 179.5 79.77 438.7 39.89 59.83 39.89 19.94 0 19.94 19.94 0 0 0 0 0 0 0 0
1 218.3 145.6 527.6 36.39 236.5 382.1 18.19 127.4 0 72.78 18.19 0 0 0 0 18.19 0 0 18.19 0
1 149.6 159.5 69.8 239.3 29.91 59.83 209.4 19.94 9.972 9.972 19.94 0 0 0 9.972 0 0 9.972 0 0
1 757.7 429.3 303.1 151.5 328.3 25.26 75.77 303.1 50.51 50.51 0 25.26 0 0 25.26 0 0 0 0 0
1 714.7 584.8 108.3 173.3 130 86.64 21.66 64.98 216.6 0 0 21.66 21.66 21.66 0 0 0 0 0 0
1 155.7 382.2 467.1 56.62 42.46 28.31 84.92 14.15 14.15 84.92 28.31 14.15 0 14.15 14.15 0 0 0 0 14.15
1 127.1 183.6 353 353 84.72 28.24 14.12 98.85 28.24 14.12 70.6 14.12 14.12 14.12 0 0 0 0 0 14.12
1 443 136.3 34.07 147.7 170.4 34.07 11.36 11.36 45.43 11.36 22.72 45.43 0 0 0 11.36 0 0 0 11.36
1 507.6 334.5 80.75 34.61 34.61 80.75 23.07 0 11.54 23.07 0 11.54 11.54 0 0 0 0 0 0 0
1 229.4 415.9 315.5 71.7 28.68 114.7 71.7 28.68 43.02 28.68 43.02 14.34 0 28.68 0 0 0 0 0 0
1 408 128.9 247 85.9 32.21 42.95 64.43 21.48 0 10.74 10.74 10.74 0 0 0 0 0 10.74 0 0
1 387.2 494 40.06 160.2 133.5 13.35 0 26.71 53.41 0 0 0 13.35 0 0 13.35 0 0 0 0
1 257.7 230.1 239.3 36.81 64.42 18.41 18.41 0 18.41 9.203 9.203 0 0 0 0 0 18.41 0 0 0
1 423.4 141.1 97.72 152 32.57 141.1 32.57 0 0 21.71 10.86 0 10.86 0 0 0 0 21.71 0 0
1 243.3 324.3 162.2 139 162.2 0 34.75 57.92 11.58 0 11.58 0 0 0 11.58 0 0 0 0 0
1 637.1 162.4 162.4 74.96 74.96 74.96 12.49 24.99 0 0 0 12.49 12.49 0 0 0 0 0 0 0
1 920.1 567.7 215.4 78.31 19.58 39.16 39.16 0 19.58 19.58 0 0 19.58 19.58 0 0 0 0 0 0
1 970.2 996.4 367.1 104.9 78.66 0 26.22 78.66 0 0 0 0 0 0 0 0 0 0 0 0
1 306.5 835.8 919.4 473.6 111.4 111.4 0 27.86 0 0 0 0 0 0 0 0 0 0 0 0
1 604.5 138.2 414.5 310.9 138.2 34.54 51.81 34.54 0 0 0 0 0 0 0 0 0 0 0 0
1 347.4 513.5 120.8 196.4 196.4 60.42 45.31 0 15.1 0 15.1 0 0 0 0 0 0 0 0 0
1 404.5 134.8 228.2 41.49 114.1 93.34 10.37 0 10.37 0 0 0 0 0 0 0 0 0 0 0
1 1829 327.5 218.4 109.2 27.3 109.2 54.59 54.59 0 0 0 0 0 0 0 0 0 0 0 0
1 178.8 1133 198.7 99.35 99.35 79.48 79.48 79.48 39.74 0 0 0 0 0 0 0 0 0 0 0
1 523.7 240 981.9 218.2 43.64 65.46 0 43.64 21.82 43.64 0 0 0 0 0 0 0 0 0 0
1 531 151.7 151.7 328.7 50.57 12.64 12.64 12.64 0 12.64 0 0 0 0 0 0 0 0 0 0
1 230.7 403.8 126.9 103.8 207.7 46.15 0 11.54 0 0 23.07 0 0 0 0 0 0 0 0 0
1 209.5 95.22 165 44.43 19.04 88.87 6.348 0 6.348 0 0 0 0 0 0 0 0 0 0 0
1 330.5 165.3 120.2 67.6 22.53 7.512 22.53 7.512 0 0 0 0 0 0 7.512 0 0 0 0 0
1 466.7 238.1 95.24 47.62 28.57 9.524 0 57.14 0 0 9.524 0 0 0 0 0 0 0 0 0
1 479.6 234.7 193.9 0 20.41 40.81 0 20.41 30.61 0 0 0 0 0 0 0 0 0 0 0
1 180.7 264 118.1 55.59 27.79 13.9 13.9 6.948 13.9 0 0 0 0 0 0 0 0 0 0 0
1 14.02 175.3 259.4 119.2 70.12 28.05 0 14.02 0 0 14.02 0 0 0 0 7.012 0 0 0 0
1 300.1 0 181.7 181.7 71.09 7.898 23.7 15.8 0 7.898 0 0 0 0 0 0 0 0 0 0
1 541.6 140.1 9.339 93.39 93.39 37.35 9.339 0 0 0 0 0 0 0 0 0 0 0 9.339 0
1 111.6 342.2 81.83 14.88 81.83 59.51 22.32 14.88 0 0 0 7.439 0 7.439 0 0 0 0 0 0
1 236.5 78.83 272.3 28.67 7.166 50.16 21.5 7.166 14.33 0 0 0 0 0 0 0 0 0 0 0
1 75.09 202.2 40.43 167.5 57.76 5.776 11.55 11.55 0 5.776 0 0 0 0 0 0 0 0 0 0
1 487.9 42.8 145.5 42.8 111.3 0 0 17.12 8.56 0 0 0 0 0 0 0 0 0 0 0
1 264.9 429.4 54.81 127.9 0 36.54 0 0 0 0 0 0 0 0 0 0 0 0 0 0
1 874.7 187.4 437.3 15.62 15.62 0 31.24 0 0 0 0 0 0 0 0 0 0 0 0 0
1 191 483 168.5 224.6 11.23 33.7 0 11.23 0 0 0 0 0 0 0 0 0 0 0 0
1 391.8 146.9 440.8 122.5 73.47 12.25 24.49 0 12.25 0 0 0 0 0 0 0 0 0 0 0
1 553.4 283.1 38.61 334.6 38.61 25.74 0 0 0 12.87 0 0 0 0 0 0 0 0 0 0
1 195.8 382.7 115.7 26.7 124.6 17.8 17.8 0 8.901 0 0 0 0 0 0 0 0 0 0 0
1 250.4 250.4 198.6 60.45 25.91 60.45 0 0 0 17.27 0 0 0 0 0 0 0 0 0 0
1 498.5 124.6 115.7 89.01 26.7 0 17.8 0 17.8 0 0 0 0 0 0 0 0 0 0 0
1 448 379.1 103.4 68.93 91.9 34.46 11.49 0 11.49 0 0 0 0 0 0 0 0 0 0 0
1 400.7 294.7 259.3 106.1 35.36 58.93 11.79 0 0 0 0 11.79 0 0 0 0 0 0 0 0
1 261.1 212.2 89.77 155.1 40.8 24.48 24.48 0 0 0 8.161 0 0 0 0 0 0 0 0 0
1 398 308.2 244 166.9 102.7 25.68 12.84 0 0 12.84 12.84 0 0 0 0 0 0 0 0 0
1 594.7 193.9 142.2 142.2 64.65 90.51 12.93 0 38.79 0 0 12.93 0 0 0 0 0 0 0 0
1 180.7 343.4 162.7 81.33 45.18 27.11 63.26 0 0 0 0 0 0 0 0 0 0 0 0 0
1 672.6 190.1 394.8 131.6 58.49 14.62 0 0 0 0 0 0 0 0 0 0 0 0 0 0
1 130.9 392.7 140.3 187 37.4 9.35 18.7 0 9.35 0 0 9.35 0 0 0 0 0 0 0 0
1 747.5 128.9 270.7 25.78 64.44 25.78 25.78 0 0 0 0 0 0 0 0 0 0 0 0 0
1 228.1 525.6 49.58 128.9 19.83 29.75 9.917 0 0 0 0 0 0 0 0 0 0 0 0 0
1 1386 181.8 499.9 0 136.3 0 68.16 0 0 0 0 0 0 0 0 0 0 0 0 0
1 554.9 650 63.42 253.7 0 31.71 15.85 15.85 0 0 0 0 0 0 0 0 0 0 0 0
1 455.6 750.3 1072 107.2 294.8 0 0 0 0 0 0 0 0 0 0 0 0 0 0 0
1 302.1 453.2 453.2 528.8 18.88 75.54 0 37.77 0 18.88 0 0 0 0 0 0 0 0 0 0
1 204 119 119 187 136 25.5 51 0 0 0 8.499 0 0 0 0 0 0 0 0 0
1 969.2 119.5 39.83 66.39 39.83 53.11 13.28 26.55 0 0 0 0 0 0 0 0 0 0 0 0
1 417 1227 441.5 122.7 122.7 49.06 49.06 0 24.53 0 0 0 0 0 0 0 0 0 0 0
