 landings-at-age - landings.n (units : NA )
1	2	
2	100	
1	20	
1 
0.02659 0.2984 0.8352 0.6934 0.4839 0.3377 0.2357 0.1644 0.1148 0.08008 0.05589 0.039 0.02722 0.01899 0.01325 0.009249 0.006454 0.004504 0.003143 0.007259
0.003269 0.05216 0.1462 0.1214 0.08475 0.05914 0.04127 0.0288 0.0201 0.01403 0.009787 0.00683 0.004766 0.003326 0.002321 0.00162 0.00113 0.0007888 0.0005504 0.001271
0.00766 0.0367 0.1464 0.1219 0.08515 0.05942 0.04147 0.02894 0.02019 0.01409 0.009834 0.006862 0.004789 0.003342 0.002332 0.001627 0.001136 0.0007925 0.000553 0.001277
0.005874 0.08601 0.103 0.122 0.08549 0.0597 0.04166 0.02907 0.02029 0.01416 0.00988 0.006895 0.004811 0.003358 0.002343 0.001635 0.001141 0.0007963 0.0005557 0.001283
0.01243 0.06596 0.2413 0.08588 0.08557 0.05994 0.04186 0.02921 0.02038 0.01423 0.009927 0.006927 0.004834 0.003374 0.002354 0.001643 0.001146 8e-04 0.0005583 0.001289
0.005045 0.1396 0.1851 0.2012 0.06021 0.06 0.04203 0.02935 0.02048 0.01429 0.009974 0.00696 0.004857 0.00339 0.002365 0.001651 0.001152 0.0008038 0.0005609 0.001295
0.006632 0.05664 0.3916 0.1543 0.1411 0.04222 0.04207 0.02947 0.02058 0.01436 0.01002 0.006993 0.00488 0.003406 0.002377 0.001658 0.001157 0.0008076 0.0005636 0.001302
0.01062 0.07447 0.1589 0.3266 0.1082 0.09893 0.0296 0.0295 0.02066 0.01443 0.01007 0.007026 0.004903 0.003422 0.002388 0.001666 0.001163 0.0008114 0.0005663 0.001308
0.005568 0.1192 0.209 0.1325 0.229 0.07587 0.06936 0.02076 0.02068 0.01449 0.01012 0.00706 0.004926 0.003438 0.002399 0.001674 0.001168 0.0008153 0.0005689 0.001314
0.007861 0.06252 0.3345 0.1742 0.09293 0.1605 0.0532 0.04863 0.01455 0.0145 0.01016 0.007093 0.00495 0.003454 0.00241 0.001682 0.001174 0.0008191 0.0005716 0.00132
0.02188 0.08826 0.1754 0.2789 0.1222 0.06516 0.1126 0.0373 0.0341 0.0102 0.01017 0.007121 0.004973 0.003471 0.002422 0.00169 0.001179 0.000823 0.0005743 0.001326
0.002424 0.2457 0.2477 0.1463 0.1956 0.08566 0.04568 0.07892 0.02615 0.02391 0.007154 0.007128 0.004993 0.003487 0.002433 0.001698 0.001185 0.0008269 0.0005771 0.001333
0.009182 0.02722 0.6895 0.2065 0.1026 0.1371 0.06006 0.03203 0.05534 0.01834 0.01676 0.005016 0.004998 0.003501 0.002445 0.001706 0.001191 0.0008308 0.0005798 0.001339
0.002991 0.1031 0.07638 0.575 0.1448 0.07192 0.09614 0.04211 0.02246 0.0388 0.01286 0.01175 0.003517 0.003504 0.002455 0.001714 0.001196 0.0008348 0.0005825 0.001345
0.01242 0.03359 0.2893 0.06369 0.4031 0.1015 0.05042 0.06741 0.02953 0.01575 0.0272 0.009014 0.008241 0.002466 0.002457 0.001721 0.001202 0.0008387 0.0005853 0.001352
0.005047 0.1395 0.09424 0.2412 0.04466 0.2826 0.07118 0.03535 0.04726 0.0207 0.01104 0.01907 0.00632 0.005778 0.001729 0.001723 0.001207 0.0008427 0.0005881 0.001358
0.001779 0.05667 0.3915 0.07859 0.1691 0.03131 0.1982 0.04991 0.02479 0.03314 0.01451 0.007741 0.01337 0.004431 0.004051 0.001212 0.001208 0.000846 0.0005908 0.001365
0.003377 0.01997 0.159 0.3264 0.0551 0.1186 0.02195 0.139 0.03499 0.01738 0.02323 0.01018 0.005427 0.009376 0.003107 0.00284 0.0008499 0.0008469 0.0005932 0.001371
0.002248 0.03792 0.05604 0.1326 0.2289 0.03863 0.08315 0.01539 0.09742 0.02454 0.01219 0.01629 0.007136 0.003805 0.006574 0.002178 0.001992 0.0005959 0.0005938 0.001377
0.009801 0.02524 0.1064 0.04673 0.09297 0.1605 0.02709 0.0583 0.01079 0.06831 0.0172 0.008544 0.01142 0.005003 0.002668 0.004609 0.001527 0.001396 0.0004178 0.001382
0.002727 0.11 0.07082 0.08873 0.03277 0.06518 0.1125 0.01899 0.04088 0.007567 0.04789 0.01206 0.005991 0.008009 0.003508 0.001871 0.003232 0.001071 0.0009791 0.001262
0.009896 0.03062 0.3088 0.05905 0.06221 0.02297 0.0457 0.07889 0.01332 0.02866 0.005306 0.03358 0.008457 0.0042 0.005615 0.002459 0.001312 0.002266 0.0007508 0.001571
0.008588 0.1111 0.08593 0.2575 0.0414 0.04362 0.01611 0.03205 0.05531 0.009337 0.0201 0.00372 0.02354 0.00593 0.002945 0.003937 0.001724 0.0009197 0.001589 0.001628
0.01765 0.09643 0.3118 0.07166 0.1805 0.02903 0.03058 0.01129 0.02247 0.03878 0.006546 0.01409 0.002608 0.01651 0.004158 0.002065 0.00276 0.001209 0.0006448 0.002256
0.005667 0.1982 0.2706 0.26 0.05024 0.1266 0.02035 0.02144 0.007919 0.01575 0.02719 0.00459 0.009879 0.001829 0.01157 0.002915 0.001448 0.001935 0.0008477 0.002034
0.006742 0.06363 0.5562 0.2256 0.1823 0.03523 0.08875 0.01427 0.01504 0.005552 0.01105 0.01907 0.003218 0.006926 0.001282 0.008115 0.002044 0.001015 0.001357 0.00202
0.005319 0.0757 0.1786 0.4638 0.1582 0.1278 0.0247 0.06223 0.01001 0.01054 0.003893 0.007744 0.01337 0.002256 0.004856 0.000899 0.00569 0.001433 0.0007117 0.002368
0.006335 0.05972 0.2124 0.1489 0.3252 0.1109 0.08961 0.01732 0.04363 0.007016 0.007392 0.00273 0.00543 0.009373 0.001582 0.003405 0.0006304 0.00399 0.001005 0.002159
0.005507 0.07114 0.1676 0.1771 0.1044 0.228 0.07777 0.06283 0.01214 0.03059 0.004919 0.005183 0.001914 0.003807 0.006571 0.001109 0.002387 0.000442 0.002797 0.002218
0.006096 0.06184 0.1996 0.1397 0.1242 0.0732 0.1599 0.05453 0.04405 0.008513 0.02145 0.003449 0.003634 0.001342 0.002669 0.004608 0.0007778 0.001674 0.0003099 0.003517
0.003078 0.06845 0.1735 0.1664 0.09797 0.08708 0.05132 0.1121 0.03823 0.03089 0.005969 0.01504 0.002418 0.002548 0.0009408 0.001872 0.003231 0.0005453 0.001174 0.002683
0.02595 0.03457 0.1921 0.1447 0.1167 0.06869 0.06105 0.03598 0.07858 0.02681 0.02166 0.004185 0.01054 0.001696 0.001786 0.0006596 0.001312 0.002265 0.0003823 0.002704
0.004346 0.2914 0.09699 0.1601 0.1015 0.08183 0.04816 0.04281 0.02523 0.0551 0.01879 0.01518 0.002934 0.007393 0.001189 0.001252 0.0004625 0.0009201 0.001588 0.002164
0.003706 0.0488 0.8177 0.08088 0.1123 0.07113 0.05737 0.03377 0.03001 0.01769 0.03863 0.01318 0.01065 0.002057 0.005184 0.0008335 0.0008782 0.0003243 0.0006451 0.002631
0.0104 0.04162 0.1369 0.6819 0.05671 0.07873 0.04987 0.04023 0.02368 0.02104 0.0124 0.02709 0.00924 0.007465 0.001443 0.003635 0.0005844 0.0006157 0.0002274 0.002297
0.002405 0.1168 0.1168 0.1142 0.4781 0.03976 0.0552 0.03497 0.0282 0.0166 0.01475 0.008696 0.01899 0.006478 0.005234 0.001011 0.002548 0.0004098 0.0004317 0.00177
0.003247 0.02701 0.3278 0.09738 0.08005 0.3352 0.02788 0.0387 0.02452 0.01977 0.01164 0.01035 0.006097 0.01332 0.004542 0.00367 0.0007092 0.001787 0.0002873 0.001544
0.002603 0.03646 0.07578 0.2733 0.06827 0.05613 0.235 0.01955 0.02714 0.01719 0.01387 0.008161 0.007253 0.004275 0.009336 0.003185 0.002573 0.0004972 0.001253 0.001284
0.008745 0.02923 0.1023 0.06319 0.1916 0.04787 0.03935 0.1648 0.0137 0.01903 0.01205 0.009721 0.005722 0.005086 0.002997 0.006546 0.002233 0.001804 0.0003486 0.001778
0.005942 0.09819 0.08202 0.0853 0.0443 0.1344 0.03356 0.02759 0.1155 0.009609 0.01334 0.008451 0.006816 0.004012 0.003566 0.002102 0.00459 0.001566 0.001265 0.001491
0.001707 0.06672 0.2755 0.06839 0.05981 0.03106 0.09421 0.02353 0.01935 0.08101 0.006737 0.009354 0.005925 0.004779 0.002813 0.0025 0.001474 0.003218 0.001098 0.001933
2.382e-08 2.194e-07 2.143e-06 2.631e-06 5.491e-07 4.802e-07 2.494e-07 7.564e-07 1.889e-07 1.553e-07 6.504e-07 5.409e-08 7.51e-08 4.757e-08 3.837e-08 2.258e-08 2.007e-08 1.183e-08 2.584e-08 2.433e-08
0.08329 0.345 0.791 2.295 2.369 0.4944 0.4324 0.2246 0.6811 0.1701 0.1399 0.5857 0.04871 0.06762 0.04284 0.03455 0.02034 0.01807 0.01065 0.04517
0.2072 1.865 1.912 1.294 3.153 3.254 0.6791 0.5939 0.3085 0.9356 0.2337 0.1921 0.8045 0.0669 0.09288 0.05884 0.04746 0.02793 0.02483 0.07668
0.11 3.473 7.692 2.313 1.313 3.2 3.303 0.6894 0.6029 0.3131 0.9496 0.2372 0.195 0.8166 0.06791 0.09428 0.05972 0.04817 0.02835 0.103
0.4966 1.637 12.64 8.163 2.057 1.167 2.845 2.936 0.6129 0.536 0.2784 0.8443 0.2109 0.1734 0.726 0.06037 0.08382 0.0531 0.04282 0.1168
0.3455 6.917 5.543 12.41 6.704 1.689 0.9587 2.337 2.412 0.5033 0.4402 0.2286 0.6933 0.1732 0.1424 0.5962 0.04958 0.06884 0.04361 0.1311
0.2887 4.613 22.32 5.153 9.638 5.208 1.312 0.7448 1.815 1.873 0.391 0.3419 0.1776 0.5386 0.1345 0.1106 0.4632 0.03852 0.05347 0.1357
0.4595 3.742 14.37 19.9 3.835 7.173 3.876 0.9765 0.5542 1.351 1.394 0.291 0.2545 0.1322 0.4008 0.1001 0.08231 0.3447 0.02866 0.1408
0.4567 5.824 11.33 12.38 14.3 2.755 5.152 2.784 0.7014 0.3981 0.9703 1.001 0.209 0.1828 0.09494 0.2879 0.07192 0.05912 0.2476 0.1217
1.118 5.69 17.23 9.482 8.626 9.96 1.919 3.59 1.94 0.4887 0.2774 0.676 0.6977 0.1456 0.1274 0.06614 0.2006 0.05011 0.04119 0.2573
2.032 13.73 16.5 14.05 6.429 5.849 6.754 1.301 2.434 1.315 0.3314 0.1881 0.4584 0.4731 0.09874 0.08635 0.04485 0.136 0.03398 0.2024
1.424 24.68 39.15 13.15 9.295 4.252 3.868 4.467 0.8607 1.61 0.8699 0.2192 0.1244 0.3032 0.3129 0.06531 0.05711 0.02966 0.08997 0.1563
0.3908 17.12 69.26 30.51 8.497 6.008 2.748 2.5 2.887 0.5563 1.041 0.5622 0.1417 0.0804 0.196 0.2022 0.04221 0.03691 0.01917 0.1592
1.27 4.66 47.36 52.89 19.3 5.374 3.8 1.738 1.581 1.826 0.3518 0.6581 0.3556 0.08959 0.05085 0.1239 0.1279 0.0267 0.02335 0.1128
0.7824 15.03 12.72 35.48 32.77 11.96 3.329 2.354 1.077 0.9796 1.131 0.2179 0.4077 0.2203 0.0555 0.0315 0.07677 0.07924 0.01654 0.08435
1.338 9.197 40.51 9.353 21.54 19.9 7.26 2.022 1.429 0.6539 0.5949 0.6869 0.1324 0.2476 0.1338 0.0337 0.01913 0.04662 0.04812 0.06127
3.68 15.63 24.5 29.26 5.572 12.83 11.85 4.325 1.204 0.8515 0.3896 0.3544 0.4092 0.07885 0.1475 0.07969 0.02008 0.0114 0.02777 0.06516
0.7832 42.76 41.19 17.39 17.11 3.258 7.504 6.931 2.529 0.7042 0.4979 0.2278 0.2072 0.2393 0.0461 0.08623 0.04659 0.01174 0.006663 0.05434
1.135 9.056 111.5 28.75 9.986 9.822 1.87 4.308 3.979 1.452 0.4043 0.2858 0.1308 0.119 0.1374 0.02647 0.04951 0.02675 0.00674 0.03502
1.427 13.06 23.36 76.51 16.21 5.632 5.539 1.055 2.43 2.244 0.8188 0.228 0.1612 0.07375 0.06709 0.07747 0.01493 0.02792 0.01509 0.02355
0.8603 15.55 31.86 15.09 40.55 8.592 2.984 2.935 0.559 1.288 1.189 0.4339 0.1208 0.08543 0.03908 0.03555 0.04105 0.00791 0.0148 0.02048
0.8429 9.379 37.95 20.58 7.997 21.49 4.553 1.582 1.556 0.2962 0.6823 0.6302 0.2299 0.06403 0.04527 0.02071 0.01884 0.02176 0.004192 0.01869
1.29 9.19 22.88 24.51 10.9 4.238 11.39 2.413 0.8381 0.8244 0.157 0.3616 0.334 0.1219 0.03393 0.02399 0.01098 0.009985 0.01153 0.01213
1.521 14.06 22.42 14.78 12.99 5.779 2.246 6.034 1.279 0.4442 0.4369 0.08319 0.1916 0.177 0.06458 0.01798 0.01271 0.005817 0.005291 0.01254
2.018 16.59 34.31 14.48 7.833 6.883 3.062 1.19 3.198 0.6776 0.2354 0.2315 0.04409 0.1016 0.0938 0.03422 0.00953 0.006738 0.003082 0.009448
0.9764 22.01 40.47 22.16 7.675 4.151 3.648 1.623 0.6307 1.695 0.3591 0.1247 0.1227 0.02336 0.05382 0.04971 0.01814 0.00505 0.003571 0.006641
0.1542 10.64 53.69 26.14 11.74 4.067 2.2 1.933 0.86 0.3342 0.8981 0.1903 0.0661 0.06502 0.01238 0.02852 0.02634 0.009611 0.002676 0.005411
0.8755 1.681 25.97 34.68 13.85 6.223 2.155 1.166 1.024 0.4558 0.1771 0.4759 0.1009 0.03503 0.03446 0.006561 0.01511 0.01396 0.005093 0.004286
2.246 9.545 4.101 16.78 18.38 7.341 3.298 1.142 0.6178 0.5429 0.2415 0.09386 0.2522 0.05344 0.01856 0.01826 0.003477 0.008009 0.007398 0.00497
0.3739 24.49 23.29 2.649 8.89 9.739 3.89 1.748 0.6053 0.3274 0.2877 0.128 0.04974 0.1337 0.02832 0.009838 0.009676 0.001843 0.004244 0.006554
0.9242 4.076 59.75 15.04 1.404 4.711 5.161 2.062 0.9262 0.3208 0.1735 0.1525 0.06783 0.02636 0.07083 0.01501 0.005214 0.005128 0.0009765 0.005723
0.2748 10.08 9.946 38.59 7.972 0.7439 2.497 2.735 1.092 0.4908 0.17 0.09194 0.08079 0.03595 0.01397 0.03754 0.007954 0.002763 0.002718 0.00355
2.045 2.995 24.58 6.424 20.45 4.225 0.3942 1.323 1.449 0.5789 0.2601 0.09009 0.04872 0.04282 0.01905 0.007403 0.01989 0.004215 0.001464 0.003322
0.7505 22.29 7.309 15.88 3.404 10.84 2.239 0.2089 0.7012 0.7681 0.3068 0.1378 0.04774 0.02582 0.02269 0.0101 0.003923 0.01054 0.002234 0.002536
2.792 8.182 54.4 4.721 8.415 1.804 5.744 1.186 0.1107 0.3716 0.4071 0.1626 0.07305 0.0253 0.01368 0.01202 0.00535 0.002079 0.005586 0.002528
0.5645 30.44 19.96 35.14 2.502 4.46 0.9561 3.044 0.6287 0.05867 0.1969 0.2157 0.08616 0.03871 0.01341 0.007251 0.006372 0.002835 0.001102 0.0043
0.7987 6.155 74.27 12.89 18.62 1.326 2.363 0.5067 1.613 0.3332 0.03109 0.1044 0.1143 0.04566 0.02051 0.007105 0.003843 0.003377 0.001502 0.002863
1.597 8.708 15.02 47.97 6.833 9.868 0.7026 1.252 0.2685 0.8548 0.1766 0.01648 0.0553 0.06058 0.0242 0.01087 0.003765 0.002036 0.00179 0.002313
0.8563 17.41 21.25 9.7 25.42 3.621 5.229 0.3723 0.6637 0.1423 0.453 0.09357 0.008732 0.02931 0.0321 0.01282 0.005761 0.001995 0.001079 0.002174
0.7485 9.114 41.56 13.43 5.03 13.18 1.878 2.712 0.1931 0.3442 0.07379 0.2349 0.04852 0.004528 0.0152 0.01665 0.00665 0.002988 0.001035 0.001687
2.04 7.967 21.81 26.41 7.008 2.625 6.879 0.9799 1.415 0.1008 0.1796 0.0385 0.1226 0.02532 0.002363 0.007931 0.008688 0.00347 0.001559 0.00142
1.212 21.72 19.12 13.94 13.87 3.68 1.378 3.612 0.5145 0.743 0.0529 0.09431 0.02022 0.06437 0.0133 0.001241 0.004164 0.004562 0.001822 0.001564
1.073 12.9 52.25 12.29 7.365 7.328 1.944 0.7282 1.908 0.2718 0.3926 0.02795 0.04982 0.01068 0.03401 0.007025 0.0006555 0.0022 0.00241 0.001789
1 11.42 31.11 33.77 6.532 3.915 3.895 1.033 0.3871 1.014 0.1445 0.2087 0.01486 0.02649 0.005678 0.01808 0.003734 0.0003484 0.00117 0.002232
0.9848 10.65 27.63 20.22 18.06 3.494 2.094 2.083 0.5527 0.207 0.5426 0.07729 0.1116 0.007947 0.01417 0.003037 0.009668 0.001997 0.0001864 0.001819
1.525 10.48 25.82 18.05 10.88 9.719 1.88 1.127 1.121 0.2974 0.1114 0.2919 0.04159 0.06005 0.004276 0.007622 0.001634 0.005202 0.001075 0.001079
0.5253 16.23 25.48 16.96 9.773 5.889 5.261 1.018 0.6099 0.6068 0.161 0.0603 0.158 0.02251 0.03251 0.002315 0.004126 0.0008846 0.002816 0.001166
1.493 5.589 39.55 16.83 9.235 5.322 3.207 2.865 0.5541 0.3321 0.3304 0.08766 0.03284 0.08605 0.01226 0.0177 0.00126 0.002247 0.0004817 0.002168
0.3969 15.88 13.65 26.26 9.218 5.059 2.915 1.757 1.569 0.3035 0.1819 0.181 0.04802 0.01799 0.04714 0.006715 0.009696 0.0006904 0.001231 0.001452
2.176 4.22 38.88 9.112 14.47 5.079 2.787 1.606 0.9678 0.8646 0.1672 0.1002 0.09972 0.02646 0.009909 0.02597 0.003699 0.005342 0.0003804 0.001478
0.5302 23.13 10.36 26.08 5.049 8.017 2.814 1.544 0.89 0.5363 0.4791 0.09267 0.05554 0.05526 0.01466 0.005491 0.01439 0.00205 0.00296 0.00103
2.919 5.632 56.89 6.983 14.54 2.814 4.468 1.568 0.8607 0.496 0.2989 0.267 0.05164 0.03095 0.03079 0.00817 0.00306 0.00802 0.001142 0.002224
1.237 30.99 13.88 38.55 3.913 8.146 1.577 2.504 0.8789 0.4823 0.2779 0.1675 0.1496 0.02894 0.01735 0.01726 0.004578 0.001715 0.004494 0.001886
0.8795 13.13 76.55 9.454 21.72 2.205 4.59 0.8886 1.411 0.4953 0.2718 0.1566 0.09437 0.08431 0.01631 0.009774 0.009725 0.00258 0.0009664 0.003596
0.3627 9.325 32.49 52.38 5.356 12.31 1.249 2.601 0.5034 0.7993 0.2806 0.154 0.08873 0.05347 0.04777 0.009239 0.005538 0.005509 0.001462 0.002585
0.5232 3.842 23.12 22.33 29.83 3.05 7.009 0.7115 1.481 0.2867 0.4552 0.1598 0.08769 0.05053 0.03045 0.0272 0.005262 0.003154 0.003138 0.002304
2.606 5.536 9.541 15.96 12.78 17.08 1.746 4.012 0.4073 0.8478 0.1641 0.2606 0.09148 0.0502 0.02893 0.01743 0.01557 0.003012 0.001805 0.003115
0.7759 27.55 13.77 6.617 9.184 7.355 9.823 1.005 2.308 0.2343 0.4877 0.09442 0.1499 0.05263 0.02888 0.01664 0.01003 0.008959 0.001733 0.002831
