 landings-at-age - landings.n (units : NA )
1	2	
42	100	
1	20	
1 
0.005417 0.04753 0.1128 0.1056 0.05538 0.05431 0.199 0.04358 0.01261 0.007974 0.007272 0.00683 0.004539 0.002489 0.004126 0.001866 0.0006131 0.0003974 0.0022 0.002219
0.008339 0.06082 0.1334 0.09405 0.07407 0.03883 0.03808 0.1396 0.03055 0.008839 0.005591 0.005099 0.004788 0.003182 0.001745 0.002893 0.001308 0.0004299 0.0002786 0.003099
0.08788 1.471 2.67 1.738 1.03 0.8115 0.4254 0.4172 1.529 0.3347 0.09684 0.06125 0.05586 0.05246 0.03486 0.01912 0.0317 0.01434 0.00471 0.037
0.1127 1.905 7.888 4.224 2.309 1.369 1.078 0.5652 0.5543 2.031 0.4447 0.1287 0.08138 0.07422 0.0697 0.04632 0.0254 0.04212 0.01905 0.05542
0.2907 1.869 7.768 9.434 4.237 2.316 1.373 1.081 0.5669 0.556 2.038 0.4461 0.1291 0.08163 0.07444 0.06992 0.04647 0.02548 0.04224 0.0747
0.1598 4.301 6.761 8.192 8.334 3.743 2.046 1.213 0.9554 0.5008 0.4912 1.8 0.3941 0.114 0.07211 0.06576 0.06177 0.04105 0.02251 0.1033
0.2261 2.219 14.51 6.61 6.7 6.816 3.061 1.673 0.9922 0.7814 0.4096 0.4017 1.472 0.3223 0.09325 0.05898 0.05379 0.05052 0.03357 0.1029
0.2297 3.012 7.14 13.45 5.12 5.19 5.279 2.371 1.296 0.7685 0.6052 0.3173 0.3112 1.14 0.2497 0.07222 0.04568 0.04166 0.03913 0.1057
0.7696 2.972 9.361 6.353 9.987 3.801 3.853 3.92 1.761 0.9624 0.5706 0.4494 0.2356 0.2311 0.8467 0.1854 0.05363 0.03392 0.03093 0.1075
1.804 9.742 8.986 8.053 4.555 7.161 2.726 2.763 2.811 1.262 0.6901 0.4092 0.3222 0.1689 0.1657 0.6071 0.1329 0.03845 0.02432 0.09929
0.374 22.46 28.79 7.511 5.602 3.169 4.982 1.896 1.922 1.955 0.8782 0.4801 0.2846 0.2242 0.1175 0.1153 0.4224 0.09247 0.02675 0.086
0.4144 4.591 65.08 23.45 5.086 3.794 2.146 3.374 1.284 1.302 1.324 0.5947 0.3251 0.1928 0.1518 0.07958 0.07805 0.286 0.06262 0.07635
0.4549 5.029 13.08 51.79 15.49 3.361 2.507 1.418 2.229 0.8484 0.86 0.8749 0.3929 0.2148 0.1274 0.1003 0.05258 0.05157 0.189 0.09182
0.3748 5.467 14.1 10.18 33.44 10.01 2.17 1.619 0.9156 1.439 0.5479 0.5554 0.565 0.2537 0.1387 0.08224 0.06477 0.03395 0.0333 0.1813
1.402 4.467 15.11 10.76 6.436 21.13 6.323 1.371 1.023 0.5786 0.9097 0.3462 0.351 0.357 0.1603 0.08766 0.05197 0.04093 0.02146 0.1356
0.7767 16.58 12.19 11.31 6.662 3.984 13.08 3.914 0.849 0.6333 0.3582 0.5631 0.2143 0.2173 0.221 0.09927 0.05427 0.03217 0.02534 0.09725
0.2738 9.126 44.68 8.956 6.866 4.043 2.418 7.941 2.376 0.5153 0.3844 0.2174 0.3418 0.1301 0.1319 0.1342 0.06025 0.03294 0.01953 0.07441
0.6684 3.199 24.31 32.25 5.333 4.089 2.408 1.44 4.728 1.415 0.3068 0.2289 0.1295 0.2035 0.07746 0.07852 0.07988 0.03588 0.01961 0.05593
1.429 7.765 8.425 17.25 18.85 3.117 2.39 1.407 0.8415 2.764 0.8268 0.1793 0.1338 0.07566 0.1189 0.04527 0.04589 0.04669 0.02097 0.04415
1.797 16.52 20.24 5.878 9.899 10.82 1.789 1.372 0.8076 0.483 1.586 0.4746 0.1029 0.07677 0.04343 0.06827 0.02598 0.02634 0.0268 0.03738
0.4636 20.67 42.6 13.89 3.314 5.582 6.1 1.009 0.7733 0.4554 0.2723 0.8943 0.2676 0.05803 0.04329 0.02449 0.03849 0.01465 0.01485 0.03618
0.6362 5.054 50.44 27.52 7.36 1.756 2.958 3.233 0.5346 0.4098 0.2413 0.1443 0.4739 0.1418 0.03075 0.02294 0.01298 0.0204 0.007764 0.02705
2.132 6.936 12.33 32.58 14.58 3.9 0.9308 1.568 1.713 0.2833 0.2172 0.1279 0.07648 0.2512 0.07515 0.0163 0.01216 0.006876 0.01081 0.01845
1.018 23.24 16.92 7.965 17.27 7.728 2.067 0.4933 0.8307 0.9079 0.1501 0.1151 0.06777 0.04053 0.1331 0.03982 0.008637 0.006442 0.003644 0.01551
0.7383 11.09 56.71 10.93 4.221 9.15 4.095 1.095 0.2614 0.4402 0.4811 0.07956 0.06099 0.03592 0.02148 0.07054 0.0211 0.004577 0.003414 0.01015
2.169 8.049 27.07 36.63 5.793 2.237 4.849 2.17 0.5805 0.1385 0.2333 0.255 0.04216 0.03232 0.01903 0.01138 0.03738 0.01118 0.002426 0.007187
0.5871 23.65 19.64 17.48 19.41 3.07 1.185 2.57 1.15 0.3076 0.07341 0.1236 0.1351 0.02234 0.01713 0.01009 0.006032 0.01981 0.005927 0.005094
0.4173 6.4 57.7 12.68 9.265 10.29 1.627 0.6282 1.362 0.6095 0.163 0.0389 0.06552 0.07161 0.01184 0.009077 0.005345 0.003197 0.0105 0.00584
2.043 4.549 15.62 37.27 6.722 4.91 5.452 0.8622 0.3329 0.7217 0.323 0.08639 0.02062 0.03472 0.03795 0.006275 0.00481 0.002833 0.001694 0.008658
2.153 22.27 11.1 10.09 19.75 3.562 2.602 2.889 0.4569 0.1764 0.3824 0.1712 0.04578 0.01093 0.0184 0.02011 0.003325 0.002549 0.001501 0.005486
3.928 23.47 54.34 7.17 5.345 10.47 1.888 1.379 1.531 0.2421 0.09349 0.2027 0.0907 0.02426 0.00579 0.00975 0.01066 0.001762 0.001351 0.003703
0.7526 42.83 57.27 35.1 3.8 2.833 5.547 1 0.7307 0.8114 0.1283 0.04955 0.1074 0.04807 0.01286 0.003068 0.005167 0.005648 0.0009338 0.002678
2.977 8.205 104.5 36.99 18.6 2.014 1.501 2.939 0.5302 0.3872 0.43 0.068 0.02626 0.05692 0.02547 0.006813 0.001626 0.002738 0.002993 0.001914
0.6303 32.46 20.02 67.49 19.6 9.857 1.067 0.7955 1.558 0.2809 0.2052 0.2279 0.03603 0.01391 0.03016 0.0135 0.003611 0.0008617 0.001451 0.0026
1.34 6.872 79.2 12.93 35.77 10.39 5.224 0.5655 0.4216 0.8255 0.1489 0.1087 0.1208 0.0191 0.007374 0.01598 0.007154 0.001913 0.0004566 0.002147
1.975 14.61 16.77 51.15 6.853 18.95 5.506 2.768 0.2997 0.2234 0.4375 0.0789 0.05763 0.06399 0.01012 0.003908 0.008471 0.003791 0.001014 0.00138
0.5441 21.53 35.65 10.83 27.11 3.631 10.04 2.918 1.467 0.1588 0.1184 0.2318 0.04181 0.03054 0.03391 0.005363 0.002071 0.004489 0.002009 0.001269
0.4302 5.932 52.52 23.03 5.739 14.37 1.924 5.323 1.546 0.7774 0.08416 0.06274 0.1229 0.02216 0.01618 0.01797 0.002842 0.001097 0.002379 0.001737
0.8362 4.69 14.47 33.93 12.2 3.041 7.613 1.02 2.821 0.8194 0.412 0.0446 0.03325 0.06511 0.01174 0.008577 0.009524 0.001506 0.0005816 0.002181
2.768 9.116 11.44 9.348 17.98 6.468 1.612 4.034 0.5405 1.495 0.4342 0.2183 0.02363 0.01762 0.0345 0.006223 0.004545 0.005047 0.0007981 0.001464
1.038 29.46 21.76 7.233 4.848 9.324 3.354 0.8358 2.092 0.2803 0.7753 0.2252 0.1132 0.01226 0.009137 0.01789 0.003227 0.002357 0.002617 0.001173
3.822 11.04 70.51 13.83 3.774 2.53 4.865 1.75 0.4361 1.092 0.1463 0.4045 0.1175 0.05908 0.006396 0.004768 0.009337 0.001684 0.00123 0.001978
2.29 40.68 26.5 45.07 7.261 1.982 1.328 2.555 0.919 0.229 0.5733 0.07679 0.2124 0.0617 0.03102 0.003358 0.002504 0.004903 0.0008842 0.001684
2.263 24.38 97.87 17.03 23.81 3.836 1.047 0.7018 1.35 0.4855 0.121 0.3029 0.04057 0.1122 0.0326 0.01639 0.001774 0.001323 0.00259 0.001357
1.241 24.09 58.82 63.26 9.054 12.66 2.039 0.5566 0.373 0.7175 0.2581 0.06432 0.161 0.02157 0.05966 0.01733 0.008712 0.0009432 0.0007032 0.002098
0.5098 13.21 58.26 38.22 33.83 4.843 6.77 1.091 0.2977 0.1995 0.3837 0.138 0.0344 0.08611 0.01154 0.03191 0.009268 0.00466 0.0005044 0.001498
0.59 5.426 32.04 38.07 20.57 18.2 2.606 3.643 0.5869 0.1602 0.1074 0.2065 0.07428 0.01851 0.04633 0.006207 0.01717 0.004987 0.002507 0.001078
0.6141 6.278 13.19 21.05 20.61 11.13 9.854 1.41 1.972 0.3177 0.0867 0.05811 0.1118 0.04021 0.01002 0.02508 0.00336 0.009294 0.002699 0.001941
3.248 6.534 15.3 8.712 11.46 11.22 6.062 5.366 0.7681 1.074 0.173 0.04721 0.03164 0.06086 0.02189 0.005456 0.01366 0.00183 0.005061 0.002527
2.438 34.55 15.96 10.16 4.772 6.279 6.146 3.321 2.939 0.4207 0.5882 0.09476 0.02586 0.01733 0.03334 0.01199 0.002989 0.007481 0.001002 0.004156
1.268 25.92 84.6 10.65 5.597 2.629 3.459 3.386 1.83 1.619 0.2318 0.324 0.05221 0.01425 0.00955 0.01837 0.006607 0.001647 0.004122 0.002842
0.6571 13.48 63.62 56.75 5.903 3.101 1.457 1.917 1.877 1.014 0.8974 0.1284 0.1796 0.02893 0.007896 0.005292 0.01018 0.003661 0.0009124 0.003859
1.216 6.98 33.16 42.9 31.63 3.29 1.728 0.8119 1.068 1.046 0.565 0.5001 0.07158 0.1001 0.01612 0.0044 0.002949 0.005672 0.00204 0.002659
0.5584 12.91 17.21 22.47 24.04 17.72 1.844 0.9686 0.455 0.5987 0.5861 0.3166 0.2803 0.04011 0.05608 0.009035 0.002466 0.001653 0.003179 0.002634
1.783 5.925 31.89 11.72 12.66 13.55 9.987 1.039 0.5458 0.2564 0.3373 0.3302 0.1784 0.1579 0.0226 0.0316 0.005091 0.00139 0.0009313 0.003275
2.156 18.9 14.66 21.82 6.638 7.173 7.674 5.658 0.5886 0.3092 0.1453 0.1911 0.1871 0.1011 0.08947 0.01281 0.0179 0.002884 0.0007872 0.002383
0.8547 22.84 46.86 10.08 12.42 3.78 4.085 4.371 3.222 0.3352 0.1761 0.08273 0.1088 0.1066 0.05757 0.05095 0.007293 0.0102 0.001643 0.001806
0.2606 9.044 56.73 32.36 5.77 7.112 2.164 2.338 2.502 1.845 0.1919 0.1008 0.04736 0.06231 0.06099 0.03295 0.02917 0.004175 0.005837 0.001974
0.5878 2.754 22.5 39.34 18.61 3.319 4.092 1.245 1.345 1.439 1.061 0.1104 0.058 0.02724 0.03585 0.03509 0.01896 0.01678 0.002402 0.004493
