 landings-at-age - landings.n (units : NA )
1	2	
2	100	
1	20	
1 
0.02659 0.2984 0.8352 0.6934 0.4839 0.3377 0.2357 0.1644 0.1148 0.08008 0.05589 0.039 0.02722 0.01899 0.01325 0.009249 0.006454 0.004504 0.003143 0.007259
0.005376 0.05216 0.1462 0.1214 0.08475 0.05914 0.04127 0.0288 0.0201 0.01403 0.009787 0.00683 0.004766 0.003326 0.002321 0.00162 0.00113 0.0007888 0.0005504 0.001271
0.00332 0.06036 0.1464 0.1219 0.08515 0.05942 0.04147 0.02894 0.02019 0.01409 0.009834 0.006862 0.004789 0.003342 0.002332 0.001627 0.001136 0.0007925 0.000553 0.001277
0.004066 0.03728 0.1694 0.122 0.08549 0.0597 0.04166 0.02907 0.02029 0.01416 0.00988 0.006895 0.004811 0.003358 0.002343 0.001635 0.001141 0.0007963 0.0005557 0.001283
0.004161 0.04566 0.1046 0.1412 0.08557 0.05994 0.04186 0.02921 0.02038 0.01423 0.009927 0.006927 0.004834 0.003374 0.002354 0.001643 0.001146 8e-04 0.0005583 0.001289
0.003795 0.04672 0.1281 0.08723 0.09902 0.06 0.04203 0.02935 0.02048 0.01429 0.009974 0.00696 0.004857 0.00339 0.002365 0.001651 0.001152 0.0008038 0.0005609 0.001295
0.003853 0.04261 0.1311 0.1068 0.06116 0.06943 0.04207 0.02947 0.02058 0.01436 0.01002 0.006993 0.00488 0.003406 0.002377 0.001658 0.001157 0.0008076 0.0005636 0.001302
0.004453 0.04327 0.1196 0.1093 0.0749 0.04288 0.04868 0.0295 0.02066 0.01443 0.01007 0.007026 0.004903 0.003422 0.002388 0.001666 0.001163 0.0008114 0.0005663 0.001308
0.003296 0.05 0.1214 0.09969 0.07664 0.05252 0.03007 0.03413 0.02068 0.01449 0.01012 0.00706 0.004926 0.003438 0.002399 0.001674 0.001168 0.0008153 0.0005689 0.001314
0.005552 0.03701 0.1403 0.1012 0.0699 0.05374 0.03682 0.02108 0.02393 0.0145 0.01016 0.007093 0.00495 0.003454 0.00241 0.001682 0.001174 0.0008191 0.0005716 0.00132
0.004105 0.06234 0.1038 0.117 0.07098 0.04901 0.03768 0.02582 0.01478 0.01678 0.01017 0.007121 0.004973 0.003471 0.002422 0.00169 0.001179 0.000823 0.0005743 0.001326
0.003806 0.0461 0.1749 0.08659 0.08203 0.04977 0.03436 0.02642 0.0181 0.01036 0.01176 0.007128 0.004993 0.003487 0.002433 0.001698 0.001185 0.0008269 0.0005771 0.001333
0.003231 0.04274 0.1293 0.1459 0.06071 0.05752 0.03489 0.02409 0.01852 0.01269 0.007266 0.008249 0.004998 0.003501 0.002445 0.001706 0.001191 0.0008308 0.0005798 0.001339
0.00514 0.03628 0.1199 0.1079 0.1023 0.04257 0.04033 0.02447 0.01689 0.01299 0.008899 0.005095 0.005784 0.003504 0.002455 0.001714 0.001196 0.0008348 0.0005825 0.001345
0.004525 0.05772 0.1018 0.1 0.07562 0.07171 0.02984 0.02828 0.01715 0.01184 0.009106 0.006239 0.003572 0.004055 0.002457 0.001721 0.001202 0.0008387 0.0005853 0.001352
0.003459 0.05081 0.162 0.0849 0.07011 0.05302 0.05028 0.02093 0.01983 0.01203 0.008305 0.006384 0.004375 0.002505 0.002843 0.001723 0.001207 0.0008427 0.0005881 0.001358
0.00457 0.03884 0.1426 0.135 0.05952 0.04916 0.03718 0.03525 0.01467 0.0139 0.008433 0.005823 0.004476 0.003067 0.001756 0.001994 0.001208 0.000846 0.0005908 0.001365
0.004542 0.05132 0.109 0.1189 0.09469 0.04174 0.03447 0.02607 0.02472 0.01029 0.009746 0.005913 0.004083 0.003139 0.002151 0.001231 0.001398 0.0008469 0.0005932 0.001371
0.003958 0.05099 0.144 0.09088 0.08336 0.06639 0.02926 0.02417 0.01828 0.01733 0.007213 0.006833 0.004146 0.002862 0.002201 0.001508 0.0008633 0.00098 0.0005938 0.001377
0.003533 0.04444 0.1431 0.1201 0.06372 0.05844 0.04655 0.02052 0.01694 0.01281 0.01215 0.005057 0.004791 0.002907 0.002007 0.001543 0.001057 0.0006053 0.0006871 0.001382
0.003854 0.03967 0.1247 0.1193 0.08419 0.04468 0.04098 0.03264 0.01439 0.01188 0.008985 0.00852 0.003546 0.003359 0.002038 0.001407 0.001082 0.0007413 0.0004244 0.001451
0.003604 0.04327 0.1113 0.104 0.08366 0.05903 0.03133 0.02873 0.02288 0.01009 0.00833 0.0063 0.005974 0.002486 0.002355 0.001429 0.0009866 0.0007585 0.0005197 0.001315
0.006357 0.04047 0.1214 0.09283 0.07291 0.05866 0.04139 0.02196 0.02014 0.01604 0.007072 0.005841 0.004417 0.004188 0.001743 0.001651 0.001002 0.0006918 0.0005318 0.001286
0.001986 0.07138 0.1135 0.1012 0.06509 0.05112 0.04113 0.02902 0.0154 0.01412 0.01125 0.004958 0.004095 0.003097 0.002937 0.001222 0.001158 0.0007025 0.000485 0.001275
0.003071 0.0223 0.2003 0.09469 0.07099 0.04564 0.03584 0.02884 0.02035 0.0108 0.009903 0.007888 0.003477 0.002871 0.002171 0.002059 0.0008569 0.0008118 0.0004925 0.001234
0.00397 0.03448 0.06258 0.167 0.06639 0.04977 0.032 0.02513 0.02022 0.01427 0.007571 0.006944 0.00553 0.002438 0.002013 0.001522 0.001444 0.0006008 0.0005692 0.00121
0.006017 0.04458 0.09675 0.05218 0.1171 0.04655 0.0349 0.02243 0.01762 0.01418 0.01 0.005308 0.004868 0.003878 0.001709 0.001411 0.001067 0.001012 0.0004213 0.001248
0.004485 0.06756 0.1251 0.08068 0.03659 0.08211 0.03264 0.02447 0.01573 0.01235 0.009939 0.007013 0.003722 0.003413 0.002719 0.001198 0.0009897 0.0007484 0.0007097 0.00117
0.006069 0.05036 0.1896 0.1043 0.05657 0.02565 0.05757 0.02288 0.01716 0.01103 0.008662 0.006969 0.004917 0.00261 0.002393 0.001906 0.0008402 0.0006939 0.0005247 0.001318
0.003992 0.06815 0.1413 0.1581 0.07313 0.03966 0.01799 0.04036 0.01604 0.01203 0.007733 0.006074 0.004886 0.003448 0.00183 0.001678 0.001337 0.0005891 0.0004865 0.001292
0.0043 0.04482 0.1912 0.1178 0.1108 0.05128 0.02781 0.01261 0.0283 0.01125 0.008434 0.005422 0.004258 0.003426 0.002417 0.001283 0.001177 0.0009371 0.000413 0.001247
0.003508 0.04829 0.1258 0.1595 0.08261 0.07772 0.03595 0.0195 0.008842 0.01984 0.007887 0.005914 0.003802 0.002986 0.002402 0.001695 0.0008995 0.0008249 0.000657 0.001164
0.003263 0.03939 0.1355 0.1049 0.1118 0.05792 0.05449 0.02521 0.01367 0.0062 0.01391 0.00553 0.004146 0.002665 0.002093 0.001684 0.001188 0.0006306 0.0005784 0.001277
0.003689 0.03664 0.1105 0.113 0.07353 0.07839 0.04061 0.03821 0.01767 0.009585 0.004347 0.009755 0.003877 0.002907 0.001869 0.001468 0.001181 0.0008332 0.0004422 0.001301
0.004404 0.04142 0.1028 0.09217 0.07922 0.05155 0.05496 0.02848 0.02679 0.01239 0.00672 0.003048 0.00684 0.002719 0.002038 0.00131 0.001029 0.000828 0.0005842 0.001222
0.004813 0.04945 0.1162 0.08574 0.06463 0.05554 0.03615 0.03854 0.01997 0.01878 0.008689 0.004712 0.002137 0.004796 0.001906 0.001429 0.0009187 0.0007216 0.0005805 0.001266
0.006189 0.05405 0.1388 0.09691 0.06011 0.04531 0.03894 0.02534 0.02702 0.014 0.01317 0.006092 0.003304 0.001498 0.003362 0.001336 0.001002 0.0006441 0.0005059 0.001295
0.003945 0.06949 0.1516 0.1157 0.06795 0.04215 0.03177 0.02731 0.01777 0.01895 0.009815 0.009233 0.004271 0.002316 0.001051 0.002358 0.0009371 0.0007026 0.0004516 0.001263
0.01008 0.0443 0.195 0.1265 0.08112 0.04764 0.02955 0.02228 0.01914 0.01246 0.01328 0.006882 0.006474 0.002995 0.001624 0.0007366 0.001653 0.000657 0.0004926 0.001202
0.2036 6.191 6.694 8.722 4.756 3.051 1.792 1.111 0.8378 0.72 0.4686 0.4996 0.2588 0.2435 0.1126 0.06108 0.0277 0.06217 0.02471 0.06373
0.3131 2.92 21.62 6.787 7.401 4.036 2.589 1.52 0.9432 0.7109 0.611 0.3976 0.4239 0.2196 0.2066 0.09558 0.05183 0.02351 0.05275 0.07505
0.2219 1.993 4.558 9.767 2.563 2.795 1.524 0.9777 0.5741 0.3562 0.2685 0.2307 0.1502 0.1601 0.08293 0.07802 0.03609 0.01957 0.008877 0.04826
0.2561 3.656 8.034 5.364 9.634 2.528 2.757 1.503 0.9643 0.5663 0.3513 0.2648 0.2276 0.1481 0.1579 0.0818 0.07696 0.0356 0.01931 0.05636
0.1852 2.624 9.155 5.839 3.262 5.859 1.537 1.676 0.9142 0.5865 0.3444 0.2136 0.161 0.1384 0.09007 0.09603 0.04975 0.0468 0.02165 0.04602
0.3735 2.777 9.57 9.694 5.175 2.891 5.193 1.363 1.486 0.8102 0.5198 0.3052 0.1893 0.1427 0.1227 0.07983 0.08511 0.04409 0.04148 0.05997
0.3052 3.539 6.409 6.376 5.397 2.881 1.61 2.891 0.7586 0.8272 0.4511 0.2894 0.1699 0.1054 0.07946 0.06829 0.04444 0.04738 0.02455 0.05648
0.2095 2.914 8.261 4.339 3.61 3.056 1.632 0.9115 1.637 0.4295 0.4684 0.2554 0.1639 0.09622 0.05969 0.04499 0.03867 0.02516 0.02683 0.04588
0.2202 2.922 9.908 8.161 3.588 2.986 2.528 1.349 0.7538 1.354 0.3553 0.3874 0.2112 0.1355 0.07958 0.04937 0.03721 0.03198 0.02081 0.06013
0.2472 2.545 8.214 8.057 5.549 2.44 2.03 1.719 0.9174 0.5125 0.9205 0.2415 0.2634 0.1436 0.09214 0.05411 0.03357 0.0253 0.02174 0.05504
0.5806 2.545 6.38 5.953 4.881 3.362 1.478 1.23 1.041 0.5558 0.3105 0.5577 0.1463 0.1596 0.08702 0.05582 0.03278 0.02034 0.01533 0.04652
0.3148 7.124 7.594 5.512 4.301 3.527 2.429 1.068 0.8887 0.7523 0.4016 0.2244 0.403 0.1057 0.1153 0.06287 0.04033 0.02369 0.01469 0.04469
0.4204 3.842 21.09 6.491 3.938 3.073 2.52 1.735 0.763 0.6349 0.5375 0.2869 0.1603 0.2879 0.07554 0.08237 0.04492 0.02882 0.01692 0.04242
0.453 4.194 9.313 14.74 3.789 2.299 1.794 1.471 1.013 0.4454 0.3706 0.3137 0.1675 0.09357 0.1681 0.0441 0.04809 0.02622 0.01682 0.03464
0.2637 5.249 11.81 7.579 10.02 2.577 1.564 1.22 1.001 0.6892 0.303 0.2521 0.2134 0.1139 0.06366 0.1143 0.03 0.03271 0.01784 0.03501
0.364 3.193 15.41 10.01 5.366 7.098 1.825 1.107 0.8641 0.7085 0.488 0.2145 0.1785 0.1511 0.08068 0.04507 0.08095 0.02124 0.02316 0.03742
0.2712 3.893 8.284 11.52 6.246 3.35 4.432 1.139 0.6913 0.5395 0.4423 0.3047 0.1339 0.1115 0.09435 0.05037 0.02814 0.05054 0.01326 0.03782
0.1631 2.854 9.953 6.108 7.095 3.848 2.064 2.73 0.702 0.4259 0.3324 0.2725 0.1877 0.08252 0.06867 0.05813 0.03103 0.01734 0.03114 0.03147
0.2316 1.904 8.086 8.144 4.177 4.853 2.632 1.412 1.867 0.4801 0.2913 0.2273 0.1864 0.1284 0.05644 0.04696 0.03975 0.02122 0.01186 0.04282
0.1869 2.166 4.336 5.317 4.475 2.295 2.666 1.446 0.7756 1.026 0.2638 0.16 0.1249 0.1024 0.07053 0.03101 0.0258 0.02184 0.01166 0.03004
0.3056 1.999 5.654 3.282 3.366 2.832 1.453 1.688 0.9154 0.491 0.6494 0.167 0.1013 0.07905 0.06482 0.04465 0.01963 0.01633 0.01383 0.0264
0.1653 2.565 4.114 3.38 1.641 1.683 1.417 0.7266 0.844 0.4578 0.2455 0.3248 0.0835 0.05066 0.03954 0.03242 0.02233 0.009816 0.008168 0.02012
0.203 1.954 7.438 3.482 2.396 1.164 1.193 1.004 0.5152 0.5984 0.3246 0.1741 0.2303 0.05921 0.03592 0.02803 0.02298 0.01583 0.00696 0.02005
0.3051 3.566 8.354 9.257 3.63 2.498 1.213 1.244 1.047 0.537 0.6238 0.3383 0.1815 0.24 0.06171 0.03744 0.02922 0.02396 0.0165 0.02816
0.1689 2.268 6.479 4.385 4.06 1.592 1.095 0.5319 0.5455 0.4591 0.2355 0.2736 0.1484 0.07958 0.1053 0.02707 0.01642 0.01281 0.01051 0.01959
0.1168 1.561 5.15 4.289 2.431 2.251 0.8825 0.6073 0.2949 0.3024 0.2545 0.1306 0.1517 0.08226 0.04412 0.05836 0.015 0.009103 0.007104 0.01668
0.3933 2.308 7.515 7.232 5.048 2.861 2.649 1.039 0.7147 0.347 0.3559 0.2995 0.1537 0.1785 0.0968 0.05192 0.06868 0.01766 0.01071 0.02799
0.2194 2.931 4.207 3.96 3.185 2.223 1.26 1.167 0.4574 0.3148 0.1528 0.1568 0.1319 0.06767 0.07861 0.04264 0.02287 0.03025 0.007777 0.01705
0.3603 2.573 8.421 3.522 2.777 2.234 1.559 0.8835 0.818 0.3207 0.2207 0.1072 0.1099 0.09251 0.04745 0.05512 0.0299 0.01603 0.02121 0.01741
0.3082 4.885 8.517 8.11 2.841 2.24 1.801 1.257 0.7125 0.6597 0.2587 0.178 0.08643 0.08864 0.0746 0.03827 0.04445 0.02411 0.01293 0.03114
0.3151 3.455 13.35 6.749 5.376 1.883 1.484 1.194 0.8333 0.4722 0.4372 0.1714 0.118 0.05729 0.05875 0.04945 0.02536 0.02946 0.01598 0.02921
0.245 3.089 8.279 9.28 3.924 3.125 1.095 0.863 0.6941 0.4844 0.2745 0.2542 0.09967 0.06859 0.0333 0.03416 0.02875 0.01475 0.01713 0.02627
0.1517 2.179 6.745 5.261 4.936 2.087 1.662 0.5822 0.459 0.3692 0.2576 0.146 0.1352 0.05301 0.03648 0.01771 0.01817 0.01529 0.007843 0.02308
0.309 2.903 10.16 9.16 5.985 5.615 2.374 1.891 0.6623 0.5222 0.42 0.2931 0.1661 0.1538 0.06031 0.0415 0.02015 0.02067 0.01739 0.03518
0.5363 2.606 5.974 6.033 4.547 2.971 2.787 1.178 0.9387 0.3288 0.2592 0.2085 0.1455 0.08246 0.07635 0.02994 0.0206 0.01 0.01026 0.0261
0.3393 5.592 6.649 4.43 3.745 2.822 1.844 1.73 0.7314 0.5826 0.204 0.1609 0.1294 0.0903 0.05118 0.04738 0.01858 0.01279 0.006208 0.02257
0.4586 5.054 20.29 7.009 3.91 3.305 2.49 1.627 1.527 0.6455 0.5141 0.1801 0.142 0.1142 0.07969 0.04517 0.04182 0.0164 0.01128 0.02539
0.2236 5.197 13.92 16.14 4.66 2.599 2.197 1.656 1.082 1.015 0.4292 0.3419 0.1197 0.0944 0.07592 0.05299 0.03003 0.0278 0.0109 0.02439
0.2432 2.562 14.46 11.18 10.83 3.129 1.745 1.475 1.112 0.7264 0.6814 0.2881 0.2295 0.08038 0.06337 0.05097 0.03557 0.02016 0.01867 0.02369
0.3067 2.518 6.45 10.5 6.787 6.577 1.9 1.06 0.8956 0.6749 0.441 0.4137 0.1749 0.1393 0.0488 0.03848 0.03095 0.0216 0.01224 0.02572
0.2807 3.294 6.582 4.876 6.64 4.29 4.157 1.201 0.6697 0.5661 0.4266 0.2787 0.2615 0.1106 0.08807 0.03085 0.02432 0.01956 0.01365 0.02399
0.1678 2.386 6.849 3.966 2.456 3.345 2.161 2.094 0.6049 0.3374 0.2852 0.2149 0.1404 0.1317 0.0557 0.04437 0.01554 0.01225 0.009854 0.01896
0.2001 1.92 6.691 5.594 2.712 1.68 2.288 1.478 1.433 0.4137 0.2308 0.1951 0.147 0.09605 0.09011 0.0381 0.03035 0.01063 0.00838 0.01971
0.4541 2.916 6.824 6.913 4.84 2.347 1.454 1.979 1.279 1.239 0.3579 0.1996 0.1687 0.1272 0.08309 0.07796 0.03296 0.02625 0.009195 0.0243
0.1844 4.974 7.778 5.266 4.461 3.123 1.514 0.9378 1.277 0.8252 0.7996 0.2309 0.1288 0.1089 0.08205 0.05361 0.0503 0.02127 0.01694 0.02161
0.2203 1.912 12.58 5.695 3.224 2.731 1.912 0.927 0.5742 0.7819 0.5052 0.4896 0.1414 0.07887 0.06667 0.05024 0.03283 0.0308 0.01302 0.02361
0.09482 1.963 4.172 7.964 3.016 1.708 1.446 1.013 0.491 0.3041 0.4141 0.2676 0.2593 0.07489 0.04177 0.03531 0.02661 0.01739 0.01631 0.0194
0.1983 0.9028 4.592 2.846 4.55 1.723 0.9755 0.8263 0.5785 0.2805 0.1737 0.2366 0.1529 0.1481 0.04278 0.02386 0.02017 0.0152 0.009932 0.0204
0.3838 3.578 3.975 5.9 3.064 4.898 1.855 1.05 0.8896 0.6227 0.3019 0.187 0.2547 0.1646 0.1595 0.04605 0.02569 0.02171 0.01636 0.03265
0.4312 4.901 11.09 3.561 4.418 2.295 3.668 1.389 0.7865 0.6662 0.4664 0.2261 0.1401 0.1907 0.1232 0.1194 0.03449 0.01924 0.01626 0.03671
0.3738 4.955 13.65 8.893 2.386 2.96 1.537 2.458 0.9307 0.5269 0.4464 0.3125 0.1515 0.09385 0.1278 0.08257 0.08001 0.02311 0.01289 0.03549
0.2849 3.72 11.97 9.496 5.169 1.387 1.721 0.8935 1.428 0.5409 0.3063 0.2594 0.1816 0.08805 0.05455 0.07427 0.04799 0.0465 0.01343 0.02812
0.3171 2.204 7.039 6.554 4.344 2.365 0.6344 0.7871 0.4088 0.6535 0.2475 0.1401 0.1187 0.08309 0.04028 0.02495 0.03398 0.02196 0.02128 0.01901
0.189 3.002 5.127 4.775 3.723 2.468 1.343 0.3603 0.4471 0.2322 0.3712 0.1406 0.07958 0.06741 0.04719 0.02288 0.01417 0.0193 0.01247 0.02288
0.1744 2.26 8.817 4.4 3.433 2.677 1.774 0.9658 0.2591 0.3215 0.167 0.2669 0.1011 0.05723 0.04848 0.03394 0.01645 0.01019 0.01388 0.02542
0.2719 2.442 7.744 8.813 3.684 2.875 2.242 1.486 0.8087 0.217 0.2692 0.1398 0.2235 0.08464 0.04792 0.04059 0.02842 0.01378 0.008534 0.03291
0.2439 3.747 8.195 7.545 7.186 3.004 2.344 1.828 1.212 0.6595 0.1769 0.2195 0.114 0.1823 0.06902 0.03908 0.0331 0.02317 0.01123 0.03379
0.2502 3.123 11.63 7.348 5.656 5.387 2.252 1.757 1.37 0.9083 0.4944 0.1326 0.1646 0.08546 0.1366 0.05174 0.02929 0.02481 0.01737 0.03375
0.3426 1.798 5.48 5.887 3.106 2.391 2.277 0.9519 0.7428 0.5792 0.3839 0.209 0.05606 0.06956 0.03612 0.05775 0.02187 0.01238 0.01049 0.02161
0.1845 3.765 4.84 4.297 3.865 2.039 1.569 1.495 0.6249 0.4876 0.3802 0.252 0.1372 0.0368 0.04566 0.02371 0.03791 0.01436 0.008127 0.02107
