Originally  
101 
A 
2	100	
1	1	NA	NA	
1	20	
1 495.4 315.2 195.1 120.1 120.1 60.05 60.05 45.03 30.02 0 0 0 45.03 0 15.01 0 0 0 0 0
1 336.5 300.5 168.3 84.13 84.13 120.2 60.09 24.04 12.02 0 12.02 0 0 0 0 0 0 0 0 0
1 349.4 232.9 258.8 142.3 51.76 90.58 77.64 38.82 38.82 12.94 0 0 0 0 0 0 0 0 0 0
1 409.8 166.5 179.3 166.5 128.1 51.22 38.42 51.22 12.81 38.42 12.81 0 12.81 0 0 0 0 0 12.81 0
1 329.9 301.2 129.1 315.6 86.07 100.4 86.07 43.04 14.35 28.69 0 0 0 0 0 0 0 0 0 0
1 272 215.3 170 147.3 136 79.32 56.66 11.33 0 0 0 11.33 0 11.33 0 0 11.33 0 11.33 0
1 404.7 202.4 190.5 119 47.62 83.33 35.71 35.71 11.9 23.81 0 23.81 11.9 0 0 0 0 0 0 0
1 306.9 200.1 320.2 173.5 53.37 120.1 0 53.37 53.37 13.34 13.34 0 13.34 13.34 0 0 0 0 0 0
1 288 216 180 84 120 120 36 48 36 0 36 0 12 12 0 12 0 0 0 0
1 494 149.7 254.5 209.6 89.81 134.7 29.94 29.94 59.87 0 14.97 0 0 0 0 29.94 0 0 0 0
1 817.1 606.3 237.2 395.4 184.5 131.8 79.08 0 26.36 52.72 52.72 0 0 0 0 0 0 26.36 0 26.36
1 337.1 258.5 146.1 179.8 33.71 22.48 33.71 44.95 44.95 0 0 11.24 0 11.24 0 0 0 0 0 0
1 194.6 168 141.5 150.4 53.07 61.91 35.38 17.69 17.69 8.845 0 8.845 0 8.845 0 0 17.69 0 0 0
1 471.5 282.9 188.6 67.36 121.2 13.47 53.89 40.41 0 13.47 40.41 0 13.47 13.47 0 13.47 0 13.47 0 0
1 506.6 597.1 162.8 180.9 108.6 54.28 18.09 54.28 36.19 18.09 36.19 18.09 0 0 18.09 0 0 0 0 0
1 344.7 517 258.5 57.44 71.81 86.17 14.36 0 0 28.72 14.36 14.36 14.36 0 0 0 0 0 0 14.36
1 415.4 143.3 300.8 186.2 85.95 71.63 57.3 57.3 28.65 28.65 14.33 14.33 0 14.33 0 14.33 0 0 0 0
1 350.6 193.5 169.3 157.2 157.2 60.46 48.37 36.27 24.18 0 0 0 0 12.09 0 0 0 0 0 0
1 415.4 308.2 227.8 53.6 107.2 67 40.2 40.2 13.4 53.6 13.4 0 0 0 0 0 0 0 0 0
1 340.8 176.7 202 189.4 164.1 75.74 12.62 37.87 12.62 12.62 25.25 12.62 0 0 0 0 0 0 0 0
1 439.4 537.1 130.2 130.2 81.38 48.83 16.28 81.38 32.55 32.55 32.55 48.83 0 0 16.28 0 0 0 0 0
1 339.3 312.1 162.8 162.8 162.8 54.28 40.71 27.14 27.14 27.14 0 0 13.57 0 13.57 0 13.57 0 0 0
1 527.1 175.7 202.7 175.7 94.61 54.06 54.06 13.52 27.03 27.03 0 0 0 0 0 0 0 0 0 0
1 96.38 518 192.8 120.5 60.24 60.24 72.28 48.19 0 24.09 0 0 0 12.05 0 0 0 0 0 0
1 293.2 117.3 244.4 68.42 58.65 9.775 87.97 0 19.55 19.55 9.775 19.55 9.775 9.775 9.775 0 0 0 0 0
1 364.2 154.5 88.29 231.8 44.15 66.22 22.07 44.15 33.11 11.04 22.07 0 0 0 11.04 0 0 0 0 11.04
1 474.5 174.8 99.9 62.44 224.8 37.46 87.42 0 12.49 24.98 12.49 0 12.49 24.98 0 0 0 0 0 0
1 555.6 590.3 208.3 173.6 52.08 52.08 17.36 52.08 0 0 0 17.36 0 0 0 0 17.36 0 0 0
1 763.6 316.6 353.9 93.12 0 55.87 167.6 37.25 0 18.62 18.62 18.62 18.62 0 0 0 0 0 0 0
1 282.9 385.8 180 180 154.3 64.3 12.86 0 0 0 0 12.86 12.86 0 0 0 0 0 0 0
1 432.6 374.9 259.6 144.2 86.53 57.68 14.42 28.84 0 0 0 28.84 0 0 0 0 14.42 0 0 0
1 244.2 407 176.4 149.2 122.1 122.1 27.14 27.14 27.14 40.7 0 13.57 0 0 0 0 0 0 0 0
1 253 187.4 131.2 93.71 93.71 74.97 56.23 28.11 9.371 0 9.371 0 0 0 0 0 0 0 0 0
1 327.2 105.2 268.8 140.2 46.74 116.9 58.43 58.43 0 11.69 11.69 0 0 0 0 0 11.69 0 0 11.69
1 443.2 304.7 193.9 180.1 124.7 13.85 41.55 27.7 27.7 0 0 13.85 0 0 0 0 13.85 0 0 0
1 476.3 238.2 100.3 87.74 100.3 62.67 75.21 50.14 25.07 0 25.07 0 0 0 12.53 0 0 0 0 0
1 467.5 194.8 155.8 129.9 77.91 90.9 64.93 25.97 0 38.96 38.96 12.99 0 0 0 0 0 0 0 0
1 206.1 381.3 144.3 92.76 82.45 30.92 41.23 30.92 0 0 0 0 0 0 0 0 10.31 0 0 10.31
1 913.5 284.2 243.6 182.7 101.5 121.8 40.6 81.2 0 0 20.3 0 20.3 0 0 0 20.3 0 0 0
1 391.8 748 142.5 160.3 89.05 71.24 71.24 0 17.81 0 0 35.62 17.81 17.81 17.81 0 0 0 0 0
1 222.5 158.9 349.7 84.77 127.1 31.79 31.79 10.6 21.19 21.19 0 0 0 0 0 0 0 0 0 0
1 484.6 242.3 151.4 181.7 136.3 136.3 60.57 15.14 45.43 15.14 15.14 15.14 15.14 0 0 0 0 0 0 0
1 368 325.6 141.6 127.4 212.3 14.16 84.93 70.78 14.16 14.16 14.16 0 14.16 0 14.16 0 0 0 0 0
1 155 222.8 222.8 87.17 87.17 77.49 29.06 58.11 0 0 9.686 0 0 19.37 0 0 0 0 0 0
1 469.6 356.2 323.8 97.15 145.7 64.77 80.96 0 32.38 16.19 0 0 0 0 16.19 0 0 16.19 0 0
1 401.6 255.5 133.9 85.18 133.9 73.01 36.5 73.01 24.34 0 0 0 0 0 0 0 0 0 0 0
1 306.8 360.2 293.5 93.37 66.69 66.69 26.68 26.68 53.36 13.34 0 13.34 0 13.34 0 0 0 0 0 0
1 239.5 270.7 187.4 93.72 72.89 72.89 62.48 20.83 0 10.41 0 10.41 0 0 0 0 0 0 0 0
1 329.2 223.4 152.8 152.8 129.3 70.54 35.27 47.02 11.76 0 23.51 0 0 0 0 0 0 0 0 0
1 1062 270.1 54.02 54.02 126 72.02 36.01 54.02 0 36.01 18.01 18.01 0 0 0 0 0 0 0 0
1 423.3 423.3 218.9 72.98 87.57 58.38 43.79 14.6 43.79 29.19 0 0 43.79 0 0 0 0 0 0 0
1 440.2 188.6 402.5 100.6 50.31 25.15 12.58 37.73 0 0 0 0 0 0 0 0 0 0 0 0
1 607.8 445.7 324.1 384.9 101.3 60.78 40.52 0 20.26 20.26 0 0 0 0 20.26 0 0 0 0 0
1 450.8 433.5 364.1 86.69 242.7 52.02 34.68 0 17.34 34.68 0 0 17.34 0 0 0 0 0 0 0
1 479 425.8 283.9 195.2 177.4 106.5 17.74 35.48 17.74 0 17.74 17.74 0 0 0 0 0 0 0 0
1 196.3 217 144.7 175.7 82.67 124 51.67 0 20.67 10.33 0 10.33 0 0 0 0 0 0 0 0
1 240.2 297.4 160.2 91.52 114.4 91.52 68.64 45.76 0 0 11.44 11.44 11.44 0 0 0 0 0 0 0
1 341.7 161.3 85.41 142.4 56.94 37.96 47.45 18.98 28.47 0 9.49 9.49 0 0 9.49 0 0 0 0 0
1 343.6 229.1 206.1 126 57.26 68.72 68.72 11.45 0 34.36 0 0 0 0 0 0 0 0 0 0
1 698.9 219.2 95.92 54.81 123.3 68.51 13.7 54.81 13.7 0 13.7 0 0 0 0 0 13.7 0 0 0
1 321 243 86.77 52.06 26.03 17.35 52.06 17.35 26.03 17.35 8.677 0 0 0 0 0 0 0 0 0
1 382 191 222.8 95.49 63.66 42.44 10.61 10.61 21.22 0 21.22 0 0 0 0 0 0 0 0 0
1 309.5 309.5 103.2 82.52 72.21 51.58 30.95 41.26 0 10.32 20.63 0 0 0 0 0 0 0 0 0
1 482.1 336 219.1 102.3 219.1 43.83 29.22 0 29.22 0 0 0 0 0 0 0 0 0 0 0
1 269.5 235.8 202.1 146 89.82 89.82 0 44.91 11.23 11.23 0 22.46 0 0 0 0 0 0 0 0
1 368.8 122.9 163.9 143.4 102.5 81.97 30.74 10.25 0 0 0 0 0 0 0 0 0 0 0 0
1 634.5 671.8 112 112 149.3 37.32 74.65 18.66 37.32 18.66 0 0 0 0 0 0 0 0 0 0
1 506.5 160.6 234.7 111.2 37.06 37.06 86.48 12.35 12.35 12.35 0 12.35 0 12.35 0 0 0 0 0 0
1 725.7 635 272.1 249.5 136.1 68.04 68.04 45.36 22.68 45.36 0 0 0 0 0 0 0 0 0 0
1 529.6 367.8 279.5 88.27 103 29.42 44.13 29.42 0 0 0 0 0 0 0 0 0 0 0 0
1 402.9 388.5 230.2 215.8 86.33 28.78 28.78 14.39 28.78 14.39 0 0 0 0 0 0 0 0 0 0
1 418.1 291.4 164.7 152 63.35 88.68 38.01 12.67 25.34 0 0 12.67 0 0 0 0 0 0 0 0
1 284 113.6 105.5 121.7 89.25 24.34 24.34 40.57 8.114 0 0 0 0 0 0 0 0 0 0 0
1 840.6 324.8 191.1 229.3 114.6 19.11 95.53 57.32 19.11 0 0 0 0 0 0 0 0 0 0 19.11
1 616.3 761.3 126.9 90.63 36.25 36.25 54.38 72.51 18.13 0 0 0 0 0 0 0 0 0 0 0
1 1265 932.4 732.6 33.3 66.6 133.2 66.6 66.6 33.3 0 0 0 0 0 0 0 0 0 0 0
1 298.2 403.4 368.3 491.1 87.7 70.16 0 0 17.54 17.54 0 0 0 0 0 0 0 0 0 0
1 316.6 94.99 200.5 179.4 147.8 10.55 21.11 52.77 21.11 0 0 0 0 0 0 10.55 0 0 0 0
1 499.4 149.8 124.8 174.8 87.39 87.39 24.97 37.45 24.97 24.97 0 12.48 0 0 0 0 0 0 0 0
1 463.7 289.8 173.9 72.45 188.4 72.45 101.4 72.45 0 0 0 0 14.49 0 0 0 0 0 0 0
1 242.6 164.1 85.61 42.81 21.4 35.67 42.81 49.94 21.4 0 0 7.135 0 0 0 0 0 0 0 0
1 384.3 266.9 138.8 74.73 85.41 42.7 42.7 21.35 10.68 0 0 0 0 0 0 0 0 0 0 0
1 844.9 377.5 161.8 107.9 89.89 53.93 17.98 35.96 71.91 0 17.98 17.98 0 0 0 0 0 0 0 0
1 274.3 521.2 219.4 41.15 54.86 109.7 54.86 0 41.15 41.15 13.72 0 0 0 0 0 0 0 0 0
1 225.3 153.6 307.2 112.6 51.2 71.67 30.72 40.96 0 0 10.24 20.48 0 0 0 0 0 0 0 0
1 237.5 205.1 162 194.3 97.17 64.78 75.58 32.39 0 0 0 10.8 0 0 0 0 0 0 0 0
1 581.8 183.7 260.3 137.8 168.4 45.93 61.24 15.31 30.62 0 15.31 0 15.31 0 0 15.31 0 0 0 0
1 352.7 244.1 54.25 90.42 72.34 27.13 18.08 9.042 9.042 18.08 9.042 0 0 0 0 0 0 0 0 0
1 285.3 190.2 138.3 69.16 34.58 25.93 77.8 8.645 8.645 8.645 0 0 0 0 0 0 17.29 0 0 0
1 479.9 260.5 233.1 246.8 0 41.14 13.71 41.14 13.71 13.71 13.71 13.71 0 0 0 0 0 0 0 0
1 437.5 277.1 262.5 160.4 116.7 0 43.75 29.17 72.92 14.58 14.58 0 0 0 14.58 14.58 0 0 0 0
1 594.7 274.5 350.7 106.7 76.24 91.49 0 0 15.25 0 0 15.25 0 0 0 0 0 0 0 0
1 345.7 368.8 92.19 126.8 69.14 57.62 23.05 11.52 0 23.05 11.52 0 0 11.52 0 11.52 0 0 0 0
1 350.4 322.4 252.3 126.1 140.2 84.1 0 42.05 14.02 14.02 0 42.05 14.02 0 0 0 0 0 0 0
1 443.6 326.2 169.6 104.4 91.33 26.09 39.14 65.24 0 0 13.05 0 26.09 0 0 0 0 0 0 0
1 378.7 267.3 133.7 100.2 66.83 44.55 55.69 33.41 11.14 0 0 22.28 0 0 0 0 0 0 0 0
1 180.5 348.1 232.1 90.26 116 141.8 38.68 25.79 25.79 25.79 25.79 12.89 12.89 0 12.89 0 0 0 0 0
1 762.9 242.7 190.7 312.1 52.02 34.68 52.02 34.68 0 17.34 17.34 0 17.34 0 0 0 0 0 0 0
1 306.2 278.4 120.6 55.68 46.4 27.84 64.96 18.56 0 0 9.28 0 0 0 0 0 0 0 0 0
