Originally  
101 
A 
2	100	
1	1	NA	NA	
1	20	
1 506.8 289.6 120.7 72.4 48.27 72.4 24.13 0 12.07 36.2 12.07 0 12.07 0 0 0 0 0 0 0
1 234.8 274 221.8 156.6 130.5 13.05 52.19 52.19 26.09 26.09 52.19 39.14 13.05 13.05 0 0 0 0 0 0
1 245.6 110.1 144 93.18 59.29 33.88 25.41 42.35 16.94 25.41 8.471 8.471 16.94 0 16.94 0 0 0 0 0
1 189.7 207.7 90.32 144.5 81.29 72.26 54.19 9.032 9.032 18.06 9.032 0 0 9.032 0 0 9.032 0 0 0
1 240.6 210.5 120.3 100.3 100.3 100.3 30.08 50.13 10.03 20.05 0 20.05 0 0 0 0 0 0 0 0
1 248.3 173.8 140.7 74.5 33.11 49.66 49.66 33.11 0 16.55 8.277 0 0 0 0 0 0 0 0 0
1 243.4 142.7 92.32 100.7 58.75 41.96 41.96 75.53 16.78 0 25.18 0 0 0 0 0 0 0 0 0
1 322.7 203.2 203.2 155.4 71.71 47.81 23.9 11.95 35.86 35.86 11.95 23.9 11.95 0 11.95 0 23.9 0 0 0
1 301.8 204.8 150.9 75.44 96.99 43.11 10.78 43.11 32.33 43.11 10.78 43.11 0 0 10.78 0 0 0 10.78 0
1 428 324.7 265.6 118.1 132.8 29.51 73.79 44.27 14.76 14.76 14.76 14.76 0 0 0 0 0 0 0 0
1 344.4 208.5 117.8 45.32 45.32 45.32 18.13 9.064 18.13 0 9.064 36.25 9.064 0 0 0 0 0 0 0
1 397.3 240.8 168.6 108.4 108.4 36.12 60.2 24.08 36.12 0 0 0 12.04 0 0 0 12.04 0 0 0
1 276.3 254.2 165.8 77.37 110.5 55.27 44.21 44.21 0 22.11 0 22.11 11.05 11.05 11.05 0 0 0 0 0
1 392.6 294.5 152.7 87.25 87.25 21.81 0 21.81 0 10.91 10.91 10.91 0 0 0 0 0 0 0 0
1 752.1 341.9 307.7 102.6 102.6 17.09 51.28 0 0 0 17.09 0 0 0 0 0 0 17.09 0 0
1 501.9 290.6 145.3 145.3 39.62 79.25 52.83 26.42 26.42 0 0 13.21 0 0 0 0 0 0 0 0
1 577.8 288.9 288.9 50.98 186.9 152.9 67.97 50.98 16.99 16.99 0 0 0 0 0 0 0 0 0 0
1 560.2 390.4 220.7 152.8 152.8 84.88 33.95 0 16.98 50.93 0 0 16.98 0 0 0 0 0 0 16.98
1 546.5 234.2 234.2 187.4 93.68 62.45 78.07 62.45 0 31.23 0 15.61 0 0 0 0 15.61 0 0 0
1 415.7 273.2 166.3 83.15 71.27 47.51 35.63 35.63 23.76 0 35.63 0 0 0 0 0 0 0 0 0
1 384.6 251.4 221.9 207.1 103.5 88.75 59.16 59.16 29.58 29.58 29.58 0 14.79 0 0 0 0 0 0 0
1 603.7 474.4 215.6 237.2 150.9 172.5 86.25 86.25 64.69 0 64.69 0 0 0 0 0 0 0 0 0
1 449.3 369.1 272.8 160.5 128.4 64.19 64.19 32.1 48.14 0 16.05 0 0 0 0 0 0 0 0 0
1 536.1 339.5 232.3 268 214.4 71.48 35.74 0 71.48 17.87 0 0 0 0 0 0 0 0 0 0
1 370.5 432.3 169.8 231.6 46.32 77.19 61.75 30.88 30.88 15.44 15.44 30.88 0 0 15.44 15.44 0 0 0 0
1 247.9 330.5 289.2 124 137.7 124 41.32 41.32 13.77 0 0 13.77 13.77 0 0 0 0 0 0 0
1 334.2 264.6 334.2 153.2 153.2 27.85 41.77 27.85 27.85 27.85 0 0 0 0 0 0 0 0 0 0
1 669.8 466.8 243.5 101.5 142.1 142.1 121.8 40.59 60.89 20.3 20.3 0 0 0 0 0 0 0 0 0
1 621.5 260.2 202.3 115.6 115.6 28.91 28.91 43.36 0 0 14.45 0 0 0 14.45 0 0 0 0 0
1 635.5 365.4 206.5 127.1 79.44 63.55 15.89 31.77 0 15.89 31.77 15.89 0 0 0 0 0 0 0 0
1 334.3 334.3 286.5 302.5 127.4 31.84 79.6 31.84 15.92 0 15.92 0 15.92 0 0 0 0 0 0 15.92
1 385.7 371.4 200 157.1 114.3 57.14 42.85 42.85 0 0 0 42.85 0 14.28 0 0 0 0 0 0
1 426.1 386.1 119.8 93.2 133.1 79.89 39.94 0 26.63 13.31 0 0 0 0 0 13.31 0 0 0 0
1 406.4 249.1 183.5 131.1 183.5 52.44 13.11 26.22 26.22 13.11 13.11 0 0 0 0 0 13.11 0 0 0
1 677.9 381.3 211.8 233 190.6 148.3 148.3 105.9 0 0 0 0 21.18 0 0 0 0 0 0 0
1 570.8 423.5 239.4 239.4 92.07 147.3 36.83 18.41 18.41 36.83 18.41 0 0 0 0 0 0 0 0 0
1 681.7 495.8 268.6 144.6 165.3 61.98 82.64 41.32 41.32 20.66 0 20.66 20.66 0 0 20.66 0 0 0 0
1 508.6 491.1 245.5 157.8 140.3 52.62 52.62 35.08 35.08 17.54 17.54 0 0 0 0 0 0 0 0 0
1 452.5 452.5 211.2 105.6 120.7 60.34 15.08 30.17 15.08 15.08 15.08 15.08 0 0 0 0 0 0 0 0
1 697.6 369.3 328.3 205.2 143.6 82.07 102.6 41.03 0 20.52 0 41.03 20.52 0 0 0 0 0 0 0
1 710 557.9 355 253.6 152.1 202.9 25.36 50.72 76.07 25.36 0 25.36 50.72 0 25.36 0 25.36 0 0 0
1 457.5 351.9 246.4 299.1 70.39 176 70.39 35.19 0 17.6 17.6 17.6 0 0 0 0 0 0 0 0
1 634 235.5 344.2 144.9 108.7 108.7 18.11 72.46 72.46 36.23 18.11 0 18.11 0 0 0 0 0 0 0
1 537.7 319.3 386.5 151.2 134.4 67.21 0 33.61 16.8 0 16.8 0 0 0 16.8 0 0 0 0 0
1 503.4 387.2 425.9 174.2 96.8 135.5 116.2 19.36 38.72 19.36 0 19.36 0 0 0 0 0 0 0 0
1 556.6 430.9 197.5 269.3 125.7 89.77 53.86 17.95 17.95 17.95 17.95 0 0 0 0 0 0 0 0 0
1 535 498.1 202.9 202.9 184.5 18.45 92.24 55.34 18.45 18.45 0 0 18.45 0 0 0 0 0 0 0
1 664.3 487.2 420.7 221.4 155 0 44.29 44.29 44.29 44.29 22.14 22.14 22.14 22.14 0 0 0 0 0 0
1 430.3 537.9 197.2 215.2 125.5 53.79 125.5 17.93 0 17.93 17.93 0 17.93 0 17.93 0 0 17.93 0 0
1 528.3 340.8 391.9 187.5 153.4 51.12 17.04 17.04 0 0 0 0 17.04 0 0 0 0 0 0 0
1 268.2 566.2 327.8 119.2 89.4 44.7 0 14.9 0 0 29.8 0 14.9 0 0 0 14.9 0 0 0
1 985.8 399 422.5 234.7 70.41 93.88 23.47 23.47 23.47 0 23.47 23.47 23.47 0 0 0 0 0 0 0
1 616.4 500.9 269.7 173.4 134.8 96.32 19.26 19.26 19.26 19.26 38.53 19.26 0 0 0 0 0 0 0 0
1 611.8 611.8 326.3 183.5 142.8 40.79 20.39 40.79 20.39 0 0 0 0 20.39 0 20.39 0 0 0 0
1 629.6 449.7 359.7 197.9 35.97 35.97 17.99 53.96 0 17.99 0 0 0 0 0 0 0 0 0 0
1 592.8 351.3 483.1 241.5 197.6 87.83 65.87 43.91 87.83 21.96 21.96 0 0 0 0 0 0 0 0 0
1 926.6 617.7 463.3 154.4 51.48 231.7 0 51.48 25.74 25.74 0 0 0 25.74 0 0 0 0 0 0
1 542.8 383.1 239.5 175.6 63.85 47.89 63.85 47.89 15.96 0 15.96 0 0 0 0 0 0 0 0 0
1 352.4 201.4 191.3 90.61 50.34 70.47 30.2 0 0 10.07 10.07 0 0 0 0 0 0 0 0 0
1 481.7 204.7 240.9 96.34 24.09 60.21 72.26 0 0 0 12.04 12.04 0 0 0 0 0 0 0 0
1 328.2 235.9 194.9 102.6 51.28 30.77 41.02 30.77 0 0 0 10.26 0 0 0 0 0 0 0 0
1 544.3 324 181.4 90.72 51.84 25.92 25.92 12.96 0 12.96 25.92 0 0 0 0 0 0 0 0 0
1 328.3 209.8 127.7 118.6 45.6 45.6 9.121 9.121 9.121 0 0 0 9.121 0 0 0 0 0 0 0
1 311.2 223.7 214 126.4 48.63 29.18 9.725 9.725 0 0 0 0 0 0 0 0 0 0 0 0
1 400.9 279.4 230.8 121.5 72.89 48.6 36.45 12.15 12.15 0 0 0 0 0 0 0 0 0 0 0
1 459.9 376.3 264.8 111.5 83.63 41.81 27.88 0 13.94 0 13.94 0 0 0 0 0 0 0 0 0
1 334.7 184.1 92.05 75.31 83.68 50.21 8.368 8.368 0 0 0 0 0 0 0 0 0 0 0 0
1 350.2 210.1 170.1 80.04 40.02 80.04 20.01 10.01 20.01 10.01 0 10.01 0 0 0 0 0 0 0 0
1 232.5 176.3 112.2 104.2 104.2 16.03 24.05 24.05 0 0 8.016 0 0 0 0 0 0 0 0 0
1 257.9 185.4 137 80.6 88.67 48.36 8.06 0 0 0 0 0 0 0 0 0 0 0 0 0
1 206.9 177.3 147.8 88.65 73.88 14.78 14.78 7.388 7.388 0 0 0 0 0 0 0 0 0 0 0
1 247.5 119.5 239 102.4 59.75 34.14 0 17.07 25.61 0 8.535 0 0 0 0 0 0 0 0 0
1 148.9 170.9 99.25 44.11 49.62 11.03 22.05 0 0 5.514 0 0 0 0 0 0 0 0 0 0
1 100.2 92.18 92.18 36.07 32.06 16.03 24.05 0 4.008 0 4.008 0 0 0 0 0 0 0 0 0
1 199.1 187.3 76.11 52.69 52.69 5.855 5.855 0 0 5.855 0 0 0 0 0 0 0 0 0 0
1 100.9 123.3 56.03 29.88 22.41 7.471 18.68 7.471 3.735 0 3.735 0 0 0 0 0 0 0 0 0
1 127.3 79.99 50.9 43.63 21.81 14.54 10.91 7.272 3.636 0 0 0 3.636 0 0 0 0 0 0 0
1 127.2 89.37 41.25 41.25 20.62 13.75 6.875 3.437 0 0 0 0 0 0 0 0 0 0 0 0
1 77.57 116.4 45.25 38.79 19.39 16.16 6.465 0 3.232 0 0 0 0 0 0 0 0 0 0 0
1 96.5 75.39 66.34 30.16 18.09 9.047 3.016 0 0 3.016 0 0 0 0 0 0 0 0 0 0
1 120.4 85.01 46.05 53.13 24.8 7.084 10.63 3.542 3.542 0 0 0 0 0 0 0 0 0 0 0
1 53.77 53.77 45.5 18.61 20.68 2.068 8.273 2.068 2.068 0 0 0 0 0 0 0 0 0 0 0
1 54.6 42.46 40.44 28.31 12.13 14.15 4.044 0 4.044 2.022 0 0 0 0 0 0 0 0 0 0
1 67.72 40.63 34.83 25.15 9.674 7.739 5.805 1.935 0 0 0 0 0 0 0 0 0 0 0 0
1 51.36 44.42 16.66 6.941 5.553 1.388 4.165 4.165 2.776 0 0 1.388 0 0 0 0 0 0 0 0
1 71.36 29.47 23.27 9.307 10.86 4.654 3.102 1.551 1.551 0 0 0 0 0 0 0 0 0 0 0
1 72.03 51.12 37.18 27.88 23.24 6.971 4.647 4.647 4.647 0 0 0 0 0 0 0 0 0 0 0
1 29.92 29.92 12.97 12.97 7.979 2.992 0.9974 0.9974 0.9974 0 0 0 0 0 0 0 0 0 0 0
1 40.47 23.12 24.28 15.03 5.781 3.469 2.312 1.156 0 0 0 0 0 0 0 0 0 0 0 0
1 49.98 35.47 25.8 20.96 12.9 6.449 6.449 3.224 0 0 0 0 0 0 0 0 0 0 0 0
1 39.85 24.35 16.61 14.39 7.749 2.214 2.214 2.214 0 1.107 0 0 0 0 0 0 0 0 0 0
1 42.99 28.25 17.2 17.2 7.37 2.457 2.457 0 1.228 1.228 2.457 0 0 0 0 0 0 0 0 0
1 30.35 25.11 21.97 8.371 10.46 4.186 2.093 2.093 0 0 0 0 0 0 0 0 0 0 0 0
1 34.74 15.96 15.96 12.21 3.756 4.695 0.939 2.817 0.939 0.939 0 0 0 0.939 0 0 0 0 0 0
1 27.44 20.12 11.89 14.63 8.231 1.829 2.744 1.829 1.829 0 0 0 0 0 0 0 0 0.9145 0 0
1 52.57 18.87 22.91 10.78 17.52 4.044 1.348 4.044 1.348 0 1.348 0 0 0 0 0 0 0 0 0
1 34.17 20.5 11.71 17.57 4.881 0.9762 4.881 1.952 0 0 0 0 0 0.9762 0 0 0 0 0 0
1 30.85 17.74 10.8 6.17 3.085 3.857 0.7713 2.314 0.7713 0 0 0 0 0.7713 0 0 0 0 0 0
1 33.88 27.72 17.45 6.16 8.213 2.053 2.053 2.053 1.027 0 1.027 0 1.027 0 0 0 0 0 0 0
