 landings-at-age - landings.n (units : NA )
1	2	
2	100	
1	20	
1 
0.02659 0.2984 0.8352 0.6934 0.4839 0.3377 0.2357 0.1644 0.1148 0.08008 0.05589 0.039 0.02722 0.01899 0.01325 0.009249 0.006454 0.004504 0.003143 0.007259
0.002853 0.05216 0.1462 0.1214 0.08475 0.05914 0.04127 0.0288 0.0201 0.01403 0.009787 0.00683 0.004766 0.003326 0.002321 0.00162 0.00113 0.0007888 0.0005504 0.001271
0.00315 0.03204 0.1464 0.1219 0.08515 0.05942 0.04147 0.02894 0.02019 0.01409 0.009834 0.006862 0.004789 0.003342 0.002332 0.001627 0.001136 0.0007925 0.000553 0.001277
0.003196 0.03537 0.0899 0.122 0.08549 0.0597 0.04166 0.02907 0.02029 0.01416 0.00988 0.006895 0.004811 0.003358 0.002343 0.001635 0.001141 0.0007963 0.0005557 0.001283
0.003273 0.03589 0.09924 0.07496 0.08557 0.05994 0.04186 0.02921 0.02038 0.01423 0.009927 0.006927 0.004834 0.003374 0.002354 0.001643 0.001146 8e-04 0.0005583 0.001289
0.003232 0.03675 0.1007 0.08275 0.05256 0.06 0.04203 0.02935 0.02048 0.01429 0.009974 0.00696 0.004857 0.00339 0.002365 0.001651 0.001152 0.0008038 0.0005609 0.001295
0.003105 0.03629 0.1031 0.08398 0.05802 0.03685 0.04207 0.02947 0.02058 0.01436 0.01002 0.006993 0.00488 0.003406 0.002377 0.001658 0.001157 0.0008076 0.0005636 0.001302
0.003143 0.03487 0.1018 0.086 0.05888 0.04068 0.02584 0.0295 0.02066 0.01443 0.01007 0.007026 0.004903 0.003422 0.002388 0.001666 0.001163 0.0008114 0.0005663 0.001308
0.003323 0.0353 0.09783 0.0849 0.0603 0.04128 0.02852 0.01812 0.02068 0.01449 0.01012 0.00706 0.004926 0.003438 0.002399 0.001674 0.001168 0.0008153 0.0005689 0.001314
0.003672 0.03731 0.09904 0.08158 0.05953 0.04228 0.02895 0.02 0.0127 0.0145 0.01016 0.007093 0.00495 0.003454 0.00241 0.001682 0.001174 0.0008191 0.0005716 0.00132
0.003899 0.04123 0.1047 0.08259 0.0572 0.04174 0.02964 0.0203 0.01402 0.008906 0.01017 0.007121 0.004973 0.003471 0.002422 0.00169 0.001179 0.000823 0.0005743 0.001326
0.004228 0.04378 0.1157 0.08729 0.05791 0.04011 0.02926 0.02078 0.01423 0.009832 0.006245 0.007128 0.004993 0.003487 0.002433 0.001698 0.001185 0.0008269 0.0005771 0.001333
0.004503 0.04748 0.1228 0.09647 0.06121 0.0406 0.02812 0.02052 0.01457 0.009977 0.006893 0.004378 0.004998 0.003501 0.002445 0.001706 0.001191 0.0008308 0.0005798 0.001339
0.004503 0.05056 0.1332 0.1024 0.06764 0.04291 0.02847 0.01972 0.01439 0.01022 0.006996 0.004833 0.00307 0.003504 0.002455 0.001714 0.001196 0.0008348 0.0005825 0.001345
0.004766 0.05057 0.1419 0.1111 0.07182 0.04742 0.03009 0.01996 0.01382 0.01009 0.007164 0.004905 0.003389 0.002152 0.002457 0.001721 0.001202 0.0008387 0.0005853 0.001352
0.004593 0.05351 0.1419 0.1183 0.07789 0.05036 0.03325 0.0211 0.01399 0.009692 0.007073 0.005023 0.003439 0.002376 0.001509 0.001723 0.001207 0.0008427 0.0005881 0.001358
0.004752 0.05158 0.1501 0.1183 0.08295 0.05461 0.03531 0.02331 0.01479 0.009812 0.006796 0.004959 0.003522 0.002411 0.001666 0.001058 0.001208 0.000846 0.0005908 0.001365
0.00489 0.05336 0.1447 0.1252 0.08296 0.05816 0.03829 0.02475 0.01635 0.01037 0.00688 0.004765 0.003477 0.002469 0.001691 0.001168 0.0007419 0.0008469 0.0005932 0.001371
0.004991 0.0549 0.1497 0.1207 0.08778 0.05816 0.04078 0.02685 0.01736 0.01146 0.007272 0.004824 0.003341 0.002438 0.001731 0.001185 0.000819 0.0005202 0.0005938 0.001377
0.005127 0.05605 0.1541 0.1248 0.08461 0.06155 0.04078 0.02859 0.01882 0.01217 0.008036 0.005098 0.003382 0.002342 0.001709 0.001214 0.0008311 0.0005742 0.0003647 0.001382
0.004881 0.05756 0.1573 0.1285 0.08753 0.05933 0.04316 0.02859 0.02005 0.0132 0.008533 0.005634 0.003575 0.002371 0.001642 0.001198 0.0008511 0.0005827 0.0004026 0.001225
0.004802 0.05481 0.1615 0.1311 0.09007 0.06137 0.0416 0.03026 0.02005 0.01406 0.009254 0.005983 0.003951 0.002506 0.001663 0.001152 0.0008403 0.0005967 0.0004086 0.001141
0.004557 0.05392 0.1538 0.1347 0.09195 0.06315 0.04303 0.02916 0.02122 0.01406 0.009855 0.006488 0.004195 0.00277 0.001757 0.001166 0.0008074 0.0005891 0.0004184 0.001086
0.004538 0.05117 0.1513 0.1282 0.09444 0.06447 0.04428 0.03017 0.02045 0.01487 0.009856 0.00691 0.004549 0.002941 0.001942 0.001232 0.0008173 0.0005661 0.0004131 0.001055
0.004633 0.05095 0.1436 0.1262 0.08992 0.06621 0.0452 0.03105 0.02115 0.01434 0.01043 0.00691 0.004845 0.00319 0.002062 0.001362 0.0008639 0.0005731 0.0003969 0.001029
0.004573 0.05202 0.143 0.1197 0.08846 0.06305 0.04643 0.03169 0.02177 0.01483 0.01005 0.007313 0.004845 0.003397 0.002236 0.001446 0.0009547 0.0006057 0.0004018 0.001
0.00481 0.05135 0.146 0.1192 0.08394 0.06202 0.0442 0.03255 0.02222 0.01526 0.0104 0.007048 0.005127 0.003397 0.002382 0.001568 0.001014 0.0006694 0.0004247 0.0009829
0.00513 0.054 0.1441 0.1217 0.08358 0.05885 0.04349 0.03099 0.02282 0.01558 0.0107 0.007292 0.004942 0.003595 0.002382 0.00167 0.001099 0.0007108 0.0004693 0.0009869
0.005385 0.0576 0.1515 0.1202 0.08534 0.0586 0.04127 0.03049 0.02173 0.016 0.01092 0.007503 0.005112 0.003465 0.002521 0.00167 0.001171 0.0007709 0.0004983 0.001021
0.005251 0.06046 0.1616 0.1264 0.08425 0.05983 0.04109 0.02893 0.02138 0.01524 0.01122 0.007659 0.005261 0.003585 0.002429 0.001767 0.001171 0.0008209 0.0005405 0.001065
0.005153 0.05896 0.1697 0.1348 0.0886 0.05907 0.04195 0.02881 0.02029 0.01499 0.01068 0.007867 0.00537 0.003689 0.002513 0.001703 0.001239 0.000821 0.0005756 0.001126
0.005398 0.05786 0.1654 0.1415 0.0945 0.06212 0.04142 0.02941 0.0202 0.01422 0.01051 0.00749 0.005516 0.003765 0.002586 0.001762 0.001194 0.0008688 0.0005756 0.001193
0.005441 0.06061 0.1623 0.1379 0.09919 0.06626 0.04355 0.02904 0.02062 0.01416 0.009973 0.007369 0.005252 0.003867 0.00264 0.001813 0.001236 0.0008374 0.0006091 0.00124
0.005587 0.06109 0.1701 0.1354 0.09672 0.06955 0.04646 0.03054 0.02036 0.01446 0.00993 0.006992 0.005167 0.003682 0.002711 0.001851 0.001271 0.0008663 0.0005871 0.001297
0.005339 0.06273 0.1714 0.1418 0.09492 0.06781 0.04876 0.03257 0.02141 0.01428 0.01014 0.006963 0.004903 0.003623 0.002582 0.001901 0.001298 0.0008914 0.0006074 0.001321
0.005491 0.05995 0.176 0.1429 0.09943 0.06655 0.04755 0.03419 0.02284 0.01501 0.01001 0.007109 0.004882 0.003437 0.00254 0.00181 0.001333 0.00091 0.000625 0.001352
0.005391 0.06165 0.1682 0.1468 0.1002 0.06971 0.04666 0.03334 0.02397 0.01601 0.01053 0.007018 0.004984 0.003423 0.00241 0.001781 0.001269 0.0009346 0.000638 0.001386
0.005261 0.06053 0.173 0.1403 0.1029 0.07027 0.04888 0.03272 0.02337 0.01681 0.01123 0.00738 0.00492 0.003495 0.0024 0.00169 0.001249 0.0008899 0.0006553 0.001419
0.0055 0.05908 0.1698 0.1443 0.09835 0.07216 0.04927 0.03427 0.02294 0.01639 0.01178 0.007872 0.005175 0.00345 0.00245 0.001683 0.001185 0.0008755 0.0006239 0.001455
0.005933 0.06176 0.1658 0.1416 0.1011 0.06896 0.05059 0.03455 0.02403 0.01608 0.01149 0.008263 0.005519 0.003628 0.002419 0.001718 0.00118 0.0008307 0.0006138 0.001457
0.005842 0.06662 0.1733 0.1382 0.09931 0.07092 0.04835 0.03547 0.02422 0.01685 0.01128 0.008057 0.005793 0.00387 0.002544 0.001696 0.001205 0.0008272 0.0005825 0.001452
6.399e-08 7.508e-07 2.14e-06 1.655e-06 1.11e-06 7.973e-07 5.694e-07 3.882e-07 2.848e-07 1.945e-07 1.353e-07 9.054e-08 6.468e-08 4.651e-08 3.107e-08 2.042e-08 1.362e-08 9.671e-09 6.641e-09 1.633e-08
0.08822 0.927 2.707 2.292 1.49 0.9994 0.7179 0.5127 0.3495 0.2565 0.1751 0.1218 0.08153 0.05825 0.04188 0.02798 0.01839 0.01226 0.008708 0.02069
0.1707 1.975 5.136 4.428 3.148 2.047 1.373 0.9861 0.7042 0.4801 0.3522 0.2405 0.1673 0.112 0.08 0.05753 0.03843 0.02526 0.01684 0.04038
0.2634 2.861 8.147 6.215 4.494 3.195 2.077 1.393 1.001 0.7148 0.4873 0.3575 0.2441 0.1698 0.1137 0.08121 0.05839 0.03901 0.02564 0.05808
0.3475 3.92 10.41 8.646 5.526 3.996 2.841 1.847 1.239 0.8899 0.6355 0.4333 0.3179 0.217 0.151 0.1011 0.0722 0.05191 0.03468 0.07443
0.4355 4.84 13.27 10.22 7.101 4.538 3.282 2.333 1.517 1.017 0.7308 0.5219 0.3558 0.2611 0.1783 0.124 0.08299 0.05929 0.04263 0.08961
0.5665 5.814 15.62 12.34 7.94 5.516 3.525 2.549 1.812 1.178 0.7903 0.5677 0.4054 0.2764 0.2028 0.1385 0.09632 0.06447 0.04606 0.1027
0.6267 7.342 18.1 13.93 9.183 5.909 4.105 2.623 1.897 1.349 0.8769 0.5881 0.4225 0.3017 0.2057 0.1509 0.1031 0.07168 0.04798 0.1107
0.7551 7.943 22.23 15.6 10 6.596 4.244 2.949 1.884 1.363 0.9689 0.6299 0.4225 0.3035 0.2167 0.1478 0.1084 0.07402 0.05149 0.114
0.7957 9.408 23.5 18.61 10.87 6.97 4.596 2.957 2.055 1.313 0.9495 0.675 0.4389 0.2943 0.2115 0.151 0.1029 0.07553 0.05157 0.1153
0.935 9.776 27.29 19.17 12.62 7.371 4.726 3.116 2.005 1.393 0.8902 0.6438 0.4577 0.2976 0.1996 0.1434 0.1024 0.0698 0.05121 0.1132
1.071 11.35 27.87 21.74 12.68 8.345 4.875 3.126 2.061 1.326 0.9214 0.5888 0.4258 0.3027 0.1968 0.132 0.09483 0.06772 0.04617 0.1087
1.039 12.87 31.86 21.72 14.05 8.194 5.393 3.151 2.02 1.332 0.8572 0.5955 0.3806 0.2752 0.1957 0.1272 0.08532 0.06129 0.04377 0.1001
1.091 12.38 35.62 24.33 13.74 8.886 5.182 3.411 1.993 1.278 0.8425 0.5421 0.3766 0.2407 0.1741 0.1237 0.08045 0.05396 0.03876 0.09099
1.149 12.91 33.8 26.68 15.07 8.51 5.505 3.21 2.113 1.234 0.7916 0.5219 0.3358 0.2333 0.1491 0.1078 0.07666 0.04984 0.03343 0.08038
1.192 13.51 34.81 24.85 16.2 9.154 5.168 3.343 1.95 1.283 0.7497 0.4807 0.3169 0.2039 0.1417 0.09055 0.06548 0.04655 0.03027 0.06911
1.268 13.92 36 25.14 14.81 9.651 5.453 3.079 1.991 1.161 0.7644 0.4466 0.2864 0.1888 0.1215 0.08441 0.05394 0.03901 0.02773 0.0592
1.287 14.74 36.68 25.55 14.7 8.657 5.643 3.189 1.8 1.164 0.679 0.447 0.2611 0.1674 0.1104 0.07104 0.04935 0.03154 0.02281 0.05083
1.276 14.88 38.42 25.6 14.67 8.439 4.97 3.24 1.831 1.033 0.6685 0.3899 0.2566 0.1499 0.09613 0.06338 0.04078 0.02833 0.01811 0.04228
1.268 14.69 38.4 26.37 14.44 8.274 4.759 2.803 1.827 1.032 0.5828 0.377 0.2199 0.1447 0.08455 0.05421 0.03575 0.023 0.01598 0.03406
1.256 13.83 35.83 24.8 13.98 7.652 4.385 2.522 1.485 0.9683 0.5471 0.3089 0.1998 0.1165 0.07669 0.04481 0.02873 0.01894 0.01219 0.02652
1.262 13.7 33.74 23.15 13.14 7.407 4.055 2.324 1.337 0.7872 0.5131 0.2899 0.1637 0.1059 0.06175 0.04064 0.02374 0.01523 0.01004 0.02051
1.197 13.76 33.42 21.79 12.27 6.966 3.925 2.149 1.231 0.7083 0.4172 0.2719 0.1537 0.08674 0.05611 0.03272 0.02154 0.01258 0.008069 0.01619
1.06 13.05 33.58 21.58 11.55 6.5 3.691 2.08 1.139 0.6525 0.3754 0.2211 0.1441 0.08143 0.04597 0.02973 0.01734 0.01141 0.006668 0.01286
0.9799 11.55 31.85 21.69 11.44 6.12 3.445 1.956 1.102 0.6035 0.3458 0.1989 0.1172 0.07637 0.04315 0.02436 0.01576 0.009189 0.006049 0.01035
0.9199 10.68 28.19 20.57 11.49 6.061 3.243 1.825 1.037 0.5841 0.3198 0.1833 0.1054 0.06208 0.04047 0.02287 0.01291 0.00835 0.00487 0.008689
0.8512 10.03 26.07 18.21 10.9 6.091 3.212 1.719 0.9674 0.5494 0.3096 0.1695 0.09712 0.05586 0.0329 0.02145 0.01212 0.006841 0.004425 0.007185
0.782 9.279 24.47 16.84 9.65 5.778 3.228 1.702 0.9108 0.5127 0.2911 0.164 0.08981 0.05147 0.0296 0.01744 0.01137 0.006422 0.003625 0.006153
0.6834 8.526 22.64 15.8 8.922 5.114 3.062 1.711 0.9021 0.4826 0.2717 0.1543 0.08694 0.04759 0.02727 0.01569 0.00924 0.006023 0.003403 0.005182
0.553 7.451 20.8 14.62 8.376 4.728 2.71 1.623 0.9065 0.4781 0.2558 0.144 0.08176 0.04607 0.02522 0.01445 0.008314 0.004897 0.003192 0.00455
0.5418 6.029 18.18 13.44 7.75 4.439 2.506 1.436 0.8599 0.4804 0.2533 0.1355 0.0763 0.04333 0.02441 0.01337 0.007659 0.004406 0.002595 0.004103
0.5009 5.907 14.71 11.74 7.121 4.107 2.352 1.328 0.7611 0.4557 0.2546 0.1343 0.07183 0.04043 0.02296 0.01294 0.007083 0.004059 0.002335 0.003549
0.4706 5.461 14.41 9.502 6.223 3.773 2.176 1.247 0.7037 0.4033 0.2415 0.1349 0.07115 0.03807 0.02143 0.01217 0.006857 0.003754 0.002151 0.003118
0.4361 5.131 13.32 9.309 5.035 3.298 2 1.153 0.6606 0.3729 0.2137 0.128 0.0715 0.0377 0.02017 0.01135 0.006448 0.003634 0.001989 0.002792
0.3591 4.755 12.52 8.606 4.933 2.668 1.748 1.06 0.6112 0.3501 0.1976 0.1133 0.06782 0.03789 0.01998 0.01069 0.006017 0.003417 0.001926 0.002534
0.332 3.915 11.6 8.086 4.561 2.614 1.414 0.9261 0.5616 0.3239 0.1855 0.1047 0.06002 0.03594 0.02008 0.01059 0.005665 0.003189 0.001811 0.002363
0.3294 3.619 9.553 7.493 4.285 2.417 1.385 0.7494 0.4908 0.2976 0.1717 0.09831 0.0555 0.03181 0.01905 0.01064 0.005611 0.003002 0.00169 0.002212
0.3081 3.591 8.831 6.17 3.971 2.271 1.281 0.7342 0.3971 0.2601 0.1577 0.09097 0.0521 0.02941 0.01686 0.01009 0.005639 0.002974 0.001591 0.002068
0.2923 3.359 8.762 5.704 3.27 2.104 1.203 0.6787 0.3891 0.2105 0.1378 0.08358 0.04821 0.02761 0.01559 0.008933 0.005349 0.002988 0.001576 0.001939
0.25 3.111 8.016 5.538 2.958 1.696 1.091 0.624 0.352 0.2018 0.1091 0.07147 0.04334 0.025 0.01432 0.008083 0.004633 0.002774 0.00155 0.001823
0.2102 2.661 7.445 5.095 2.89 1.544 0.8849 0.5695 0.3256 0.1837 0.1053 0.05695 0.0373 0.02262 0.01305 0.007471 0.004218 0.002417 0.001447 0.00176
0.191 2.237 6.385 4.759 2.675 1.517 0.8105 0.4646 0.299 0.171 0.09644 0.05528 0.0299 0.01958 0.01188 0.00685 0.003923 0.002215 0.001269 0.001684
0.1806 2.033 5.383 4.104 2.514 1.413 0.8017 0.4282 0.2455 0.158 0.09034 0.05095 0.02921 0.0158 0.01035 0.006274 0.003619 0.002073 0.00117 0.00156
0.1539 1.923 4.905 3.479 2.181 1.337 0.7514 0.4262 0.2276 0.1305 0.08398 0.04802 0.02709 0.01553 0.008398 0.0055 0.003335 0.001924 0.001102 0.001451
0.1506 1.638 4.65 3.188 1.861 1.167 0.7148 0.4019 0.2279 0.1217 0.06979 0.04492 0.02568 0.01449 0.008304 0.004492 0.002942 0.001784 0.001029 0.001366
0.1307 1.603 3.972 3.038 1.715 1.001 0.6278 0.3846 0.2162 0.1226 0.06551 0.03755 0.02417 0.01382 0.007795 0.004468 0.002417 0.001583 0.0009599 0.001288
0.1189 1.391 3.898 2.61 1.645 0.9285 0.5419 0.3398 0.2082 0.117 0.06639 0.03546 0.02033 0.01308 0.007481 0.004219 0.002419 0.001308 0.0008568 0.001217
0.1067 1.265 3.391 2.574 1.421 0.8956 0.5056 0.2951 0.185 0.1134 0.06374 0.03615 0.01931 0.01107 0.007124 0.004074 0.002298 0.001317 0.0007124 0.001129
0.1033 1.135 3.091 2.251 1.41 0.7784 0.4906 0.2769 0.1616 0.1014 0.0621 0.03491 0.0198 0.01058 0.006063 0.003902 0.002231 0.001259 0.0007215 0.001009
0.08974 1.099 2.78 2.063 1.24 0.7768 0.4288 0.2703 0.1526 0.08906 0.05585 0.03421 0.01924 0.01091 0.005827 0.003341 0.00215 0.001229 0.0006934 0.0009533
0.07897 0.9538 2.696 1.865 1.143 0.6873 0.4305 0.2376 0.1498 0.08455 0.04935 0.03095 0.01896 0.01066 0.006046 0.003229 0.001851 0.001191 0.0006812 0.0009125
0.06941 0.839 2.346 1.818 1.039 0.6371 0.383 0.2399 0.1324 0.08347 0.04712 0.0275 0.01725 0.01057 0.00594 0.003369 0.0018 0.001032 0.0006639 0.0008882
0.06484 0.737 2.068 1.59 1.019 0.5824 0.3571 0.2146 0.1344 0.07422 0.04678 0.02641 0.01541 0.009665 0.005921 0.003329 0.001888 0.001008 0.0005781 0.0008698
0.06075 0.688 1.821 1.408 0.8959 0.5741 0.3282 0.2012 0.121 0.07575 0.04182 0.02636 0.01488 0.008685 0.005446 0.003337 0.001876 0.001064 0.0005683 0.0008159
0.05621 0.6441 1.703 1.246 0.7978 0.5075 0.3253 0.1859 0.114 0.06852 0.04292 0.02369 0.01493 0.00843 0.00492 0.003085 0.00189 0.001063 0.0006028 0.0007842
0.05428 0.5954 1.597 1.17 0.7094 0.4544 0.2891 0.1852 0.1059 0.06492 0.03902 0.02444 0.01349 0.008505 0.004801 0.002802 0.001757 0.001077 0.0006052 0.0007899
0.04865 0.5744 1.479 1.103 0.67 0.4061 0.2601 0.1655 0.106 0.06061 0.03716 0.02234 0.01399 0.007724 0.004868 0.002748 0.001604 0.001006 0.0006163 0.0007986
0.0464 0.5142 1.429 1.026 0.6343 0.3854 0.2336 0.1496 0.09519 0.061 0.03487 0.02138 0.01285 0.008049 0.004444 0.002801 0.001581 0.0009229 0.0005787 0.000814
