Originally  
101 
A 
2	100	
1	1	NA	NA	
1	20	
1 411.4 261.8 174.5 149.6 137.1 49.87 0 24.93 24.93 12.47 0 0 0 0 0 0 0 0 0 0
1 570.9 195.3 240.4 195.3 120.2 60.1 45.07 15.02 15.02 30.05 0 0 0 0 0 15.02 0 0 0 0
1 543.3 582.1 232.8 194 58.21 116.4 58.21 58.21 19.4 19.4 19.4 19.4 0 0 0 0 0 0 0 19.4
1 238 223.1 446.2 133.9 104.1 74.36 104.1 44.62 14.87 59.49 14.87 0 29.74 0 0 0 0 0 0 0
1 220.1 98.66 121.4 136.6 60.72 22.77 22.77 22.77 15.18 7.589 15.18 15.18 0 0 0 0 0 0 0 0
1 490 230.6 187.3 187.3 201.8 43.23 14.41 43.23 0 0 28.82 0 14.41 0 0 0 0 0 0 0
1 221.1 178.6 102 34.01 59.52 93.54 42.52 85.04 0 0 17.01 8.504 0 0 8.504 0 0 0 0 0
1 227.4 149 117.6 54.88 23.52 47.04 31.36 54.88 15.68 39.2 15.68 0 0 7.84 0 0 0 0 0 0
1 295.8 152.4 116.5 143.4 26.9 71.72 17.93 35.86 8.965 8.965 0 0 8.965 0 0 0 0 0 0 8.965
1 245 216.7 141.3 56.53 56.53 65.95 28.27 18.84 56.53 18.84 18.84 9.422 0 9.422 0 0 0 0 0 0
1 477 168.3 266.6 140.3 42.09 42.09 42.09 14.03 70.14 70.14 28.06 0 0 14.03 14.03 0 14.03 0 0 0
1 592.2 418 209 156.8 121.9 104.5 52.25 17.42 0 17.42 17.42 0 17.42 0 0 17.42 0 0 0 0
1 291.3 266 341.9 37.99 114 101.3 12.66 25.33 37.99 25.33 0 12.66 0 0 0 0 0 0 0 0
1 477.6 217.1 231.6 202.6 72.37 72.37 28.95 43.42 43.42 14.47 0 0 14.47 0 14.47 0 0 0 0 14.47
1 422.3 268.8 128 153.6 140.8 51.19 25.6 25.6 0 12.8 0 12.8 0 0 25.6 0 0 0 12.8 0
1 451.9 353 211.8 113 84.73 84.73 28.24 14.12 28.24 28.24 0 14.12 0 0 0 0 0 0 0 0
1 303.9 290.7 277.5 66.06 105.7 66.06 39.64 26.42 79.27 0 13.21 26.42 13.21 0 13.21 0 0 0 0 0
1 429 158.9 429 190.7 174.8 63.55 63.55 63.55 0 0 15.89 0 0 0 0 0 0 0 0 0
1 265.5 499.7 140.5 281.1 78.08 93.7 46.85 62.46 15.62 15.62 31.23 15.62 0 0 0 0 15.62 0 0 0
1 530.6 156.1 280.9 124.9 124.9 156.1 15.61 46.82 15.61 31.21 0 15.61 15.61 15.61 15.61 0 0 0 15.61 0
1 509.9 401.8 123.6 108.2 46.36 77.26 92.72 61.81 77.26 30.91 0 0 0 15.45 0 0 0 0 0 0
1 705.6 423.4 362.9 141.1 141.1 80.64 40.32 20.16 0 20.16 40.32 0 20.16 20.16 0 0 0 0 0 0
1 318.9 372 199.3 199.3 66.44 39.86 26.57 39.86 39.86 13.29 13.29 0 0 0 0 0 0 0 0 0
1 206.2 134 164.9 164.9 185.5 51.54 20.62 10.31 41.23 20.62 20.62 0 10.31 0 0 0 0 0 0 0
1 289.7 156 211.7 178.3 55.71 77.99 11.14 33.42 11.14 11.14 33.42 22.28 11.14 0 0 0 0 0 0 11.14
1 180.2 204.7 81.9 73.71 81.9 57.33 40.95 8.19 32.76 0 8.19 8.19 16.38 8.19 0 8.19 0 8.19 0 0
1 343.9 239.2 209.3 134.6 194.4 104.7 119.6 29.9 14.95 14.95 14.95 29.9 14.95 14.95 14.95 0 0 0 0 0
1 291.5 176.7 167.8 70.66 8.833 53 35.33 26.5 44.16 0 8.833 0 0 0 0 0 0 0 0 0
1 311.3 355.8 118.6 163.1 207.6 44.48 14.83 59.3 118.6 74.13 0 14.83 0 0 0 0 0 0 0 0
1 403.7 343.9 314 59.8 119.6 89.71 29.9 14.95 44.85 14.95 29.9 14.95 0 14.95 0 0 0 0 0 0
1 307.3 216.3 182.1 159.4 56.92 22.77 102.4 45.53 11.38 11.38 0 0 0 11.38 0 0 0 11.38 0 0
1 465.7 171.6 122.6 159.3 85.79 61.28 36.77 0 12.26 36.77 24.51 12.26 12.26 12.26 12.26 0 0 0 0 0
1 604.1 228.2 228.2 67.12 40.27 67.12 0 53.69 0 26.85 0 13.42 0 0 0 13.42 0 0 0 0
1 552.8 221.1 276.4 110.6 55.28 13.82 55.28 27.64 13.82 27.64 13.82 0 0 0 13.82 0 0 0 0 0
1 834 341.2 189.6 246.4 37.91 37.91 75.82 56.87 18.96 0 0 0 37.91 0 0 18.96 0 0 0 0
1 291.4 244.8 174.9 174.9 69.94 93.26 46.63 58.29 11.66 0 0 0 0 0 0 0 0 0 0 0
1 365.9 259.2 213.5 274.5 183 30.5 30.5 60.99 15.25 30.5 15.25 15.25 15.25 0 0 0 0 0 0 15.25
1 973.3 438 219 243.3 243.3 48.67 73 48.67 0 0 73 24.33 24.33 24.33 0 0 0 0 0 0
1 882 476.8 309.9 190.7 143 143 119.2 47.68 23.84 23.84 0 0 0 0 0 23.84 0 0 0 0
1 255 405 405 120 135 105 30 15 15 0 15 0 0 0 0 0 0 0 0 0
1 673 320.5 240.4 144.2 80.12 64.09 0 0 32.05 16.02 16.02 0 0 16.02 0 0 0 0 0 0
1 353.6 392.9 170.2 261.9 78.58 39.29 0 0 0 0 0 0 0 0 0 0 0 0 0 13.1
1 983.7 322 161 53.66 71.55 35.77 71.55 53.66 0 0 0 0 17.89 0 0 17.89 0 0 0 0
1 538.6 363.5 121.2 134.6 80.79 26.93 26.93 0 26.93 13.46 13.46 0 0 0 0 0 0 0 0 0
1 446.9 363.1 251.4 153.6 83.8 13.97 27.93 27.93 13.97 0 13.97 0 0 0 0 0 0 0 0 0
1 707.2 235.7 252.6 235.7 84.19 84.19 0 50.51 16.84 16.84 0 0 0 0 0 0 0 0 0 0
1 525.2 636.6 143.2 159.2 79.58 31.83 15.92 0 0 0 0 0 0 0 0 0 0 0 0 0
1 563.8 547.7 289.9 112.8 16.11 64.43 0 16.11 0 0 0 0 0 0 0 0 0 0 0 0
1 487.9 287 229.6 287 57.39 14.35 43.05 0 0 14.35 0 14.35 0 0 0 0 0 0 0 0
1 368.5 379.7 178.7 89.34 44.67 22.34 11.17 0 11.17 0 11.17 0 0 0 0 0 0 0 0 0
1 358.9 242.8 221.7 63.34 63.34 73.9 0 21.11 10.56 0 0 0 0 0 0 0 0 0 0 0
1 365.5 344 172 107.5 21.5 43 10.75 0 0 10.75 0 0 0 0 0 0 0 0 0 0
1 137.1 390.3 232 147.7 52.74 21.09 31.64 21.09 0 10.55 10.55 0 0 0 0 0 0 0 0 0
1 258.9 91.85 175.4 158.7 50.1 58.45 16.7 8.35 8.35 0 8.35 0 0 0 0 0 0 0 0 0
1 404.8 207.1 94.14 141.2 56.48 18.83 9.414 0 0 9.414 0 0 0 0 0 0 0 0 0 0
1 279.2 296.6 95.96 61.07 78.52 26.17 17.45 0 8.724 0 8.724 0 0 0 0 0 0 0 0 0
1 173.7 117.7 151.3 44.82 28.01 33.62 0 5.603 5.603 0 0 0 0 0 0 0 0 0 0 0
1 184.1 243 73.64 162 22.09 14.73 14.73 14.73 7.364 0 0 0 0 0 0 0 0 0 0 0
1 350 79.54 143.2 71.58 79.54 15.91 0 39.77 0 7.954 7.954 0 0 0 0 0 0 0 0 0
1 355.7 346.4 46.8 74.89 46.8 37.44 9.361 0 0 9.361 9.361 0 0 0 0 0 0 0 0 0
1 545.1 307.5 251.6 97.84 55.91 27.95 83.86 13.98 13.98 0 0 0 0 0 0 0 0 0 0 0
1 183.9 367.9 174.2 106.5 19.36 67.76 29.04 9.68 9.68 0 0 0 0 0 0 0 0 0 0 0
1 191.1 182.8 216.1 124.6 66.48 33.24 0 0 8.31 0 8.31 0 0 0 0 0 0 0 0 0
1 575.6 155.9 119.9 227.8 23.98 71.95 0 0 23.98 0 0 0 0 0 0 0 0 0 0 0
1 254.6 273.4 198 84.86 103.7 0 18.86 0 0 9.429 0 0 0 0 0 0 0 0 0 0
1 589.3 242.7 184.9 80.89 34.67 11.56 0 11.56 0 0 0 0 0 0 0 0 0 0 0 0
1 324.2 428.4 231.6 115.8 23.16 34.74 0 0 0 0 0 0 0 0 0 0 0 0 0 0
1 331.9 217.8 300.8 51.86 51.86 10.37 20.74 41.49 10.37 0 0 0 0 0 0 0 0 0 0 0
1 447.6 166.6 156.1 177 83.28 10.41 0 0 0 0 0 0 0 0 0 0 0 0 0 0
1 500.2 297.4 256.9 135.2 67.59 40.56 27.04 13.52 13.52 0 0 0 0 0 0 0 0 0 0 0
1 651.9 326 226.8 113.4 56.69 14.17 14.17 14.17 0 0 0 0 0 0 0 0 0 0 0 0
1 185.3 344.1 141.2 97.06 44.12 8.824 35.3 0 17.65 0 0 8.824 0 0 0 0 0 0 0 0
1 369.1 270.7 319.9 147.6 61.52 0 12.3 12.3 36.91 0 0 0 0 0 0 0 0 0 0 0
1 386.1 294.6 81.28 132.1 40.64 40.64 0 0 20.32 10.16 10.16 0 0 0 0 0 0 0 0 0
1 182.2 174.6 197.4 53.14 75.91 53.14 15.18 7.591 0 0 0 0 0 0 0 0 0 0 0 0
1 245.3 98.14 98.14 79.74 18.4 42.94 12.27 18.4 0 0 0 0 0 0 0 0 0 0 0 0
1 388.4 182.8 53.31 60.92 53.31 7.616 7.616 7.616 0 0 0 0 0 0 0 0 0 0 0 0
1 316.8 366.3 148.5 59.4 49.5 39.6 0 9.899 0 0 0 0 0 0 0 0 0 0 0 0
1 178.7 321.7 232.3 53.62 17.87 26.81 8.936 17.87 26.81 0 8.936 0 0 0 0 0 0 0 0 0
1 315.8 63.16 213.1 110.5 31.58 15.79 15.79 15.79 0 7.894 0 0 0 0 0 0 0 0 0 0
1 225.3 225.3 56.31 119.7 63.35 7.039 7.039 0 0 0 0 0 0 0 0 0 0 0 0 0
1 142.9 107.2 178.6 59.54 53.59 29.77 5.954 0 5.954 11.91 0 0 0 0 0 0 0 0 0 0
1 213.4 142.3 54.73 82.09 21.89 16.42 16.42 0 0 0 0 0 0 0 0 0 0 0 0 0
1 343.9 218.1 100.6 92.26 58.71 0 16.77 8.387 0 0 0 0 0 0 0 0 0 0 0 0
1 388.4 141.2 105.9 28.25 14.12 28.25 0 0 0 0 0 0 0 0 0 0 0 0 0 0
1 421.5 214.5 44.37 22.19 14.79 7.395 7.395 7.395 0 0 0 0 0 0 0 0 0 0 0 0
1 207 273.5 103.5 88.7 51.74 14.78 0 0 0 0 0 0 0 0 0 0 0 0 0 0
1 239.7 157 305.8 82.65 0 8.265 8.265 8.265 16.53 0 0 0 0 0 0 0 0 0 0 0
1 354.5 157.6 102.4 86.66 55.15 15.76 7.879 0 0 0 0 0 7.879 0 0 0 0 0 0 0
1 107.6 221.3 77.74 59.8 89.7 29.9 5.98 5.98 0 0 0 0 0 0 0 0 0 0 0 0
1 284.5 94.83 240.7 51.06 36.47 7.294 7.294 7.294 0 0 0 0 0 0 0 0 0 0 0 0
1 249.9 181.8 128.8 106 45.44 0 15.15 15.15 7.574 7.574 0 0 0 0 0 0 0 0 0 0
1 360 160 96.01 64.01 64.01 0 32 16 8.001 0 0 0 0 0 0 0 0 0 0 0
1 226.5 239.8 79.94 59.95 0 13.32 6.661 13.32 26.65 0 0 0 0 0 0 0 0 0 0 0
1 260 212.8 165.5 102.4 31.52 7.88 0 0 7.88 0 0 0 0 0 0 0 0 0 0 0
1 415.1 207.5 162.4 63.17 27.07 27.07 0 0 0 0 0 0 0 0 0 0 0 0 0 0
1 155.3 207.1 57.52 80.53 57.52 0 11.5 0 5.752 0 0 0 0 0 0 0 0 0 0 0
1 242.4 199.1 207.8 69.27 77.92 25.97 17.32 17.32 0 8.658 0 0 0 0 0 0 0 0 0 0
1 139.7 97.79 60.54 65.19 60.54 18.63 9.313 4.657 4.657 0 0 0 4.657 0 0 0 0 0 0 0
