Originally  
101 
A 
2	100	
1	1	NA	NA	
1	20	
1 368.7 245.8 196.6 122.9 49.16 36.87 86.02 36.87 12.29 12.29 12.29 12.29 0 24.58 0 0 0 0 12.29 0
1 679.2 284.3 158 110.6 94.77 63.18 63.18 31.59 15.8 31.59 15.8 15.8 15.8 0 0 0 0 0 0 0
1 641.6 687.4 275 183.3 160.4 68.74 114.6 0 45.83 0 22.91 45.83 22.91 22.91 0 0 0 0 0 0
1 511.2 373.6 471.9 216.3 98.31 78.65 78.65 39.33 58.99 0 0 19.66 0 19.66 0 0 0 0 0 0
1 506.4 287 236.3 202.6 101.3 84.41 50.64 67.53 67.53 33.76 0 33.76 16.88 0 0 0 0 0 0 0
1 704.9 422.9 322.2 201.4 141 60.42 20.14 60.42 20.14 20.14 20.14 0 0 0 0 0 0 0 0 20.14
1 352.9 521.6 230.1 107.4 92.05 107.4 15.34 15.34 30.68 15.34 15.34 15.34 0 15.34 0 0 0 0 0 0
1 276.1 230 356.6 138 46.01 23 23 11.5 11.5 11.5 11.5 0 0 11.5 0 0 0 0 0 0
1 617.8 338.8 219.2 418.5 99.65 39.86 79.72 119.6 0 19.93 19.93 0 0 0 0 0 19.93 0 0 0
1 472.8 513.9 143.9 102.8 452.3 82.23 0 123.3 41.11 41.11 61.67 0 20.56 0 0 0 0 0 0 0
1 720.9 279.1 395.3 139.5 139.5 302.3 46.51 116.3 0 93.02 46.51 23.26 0 0 23.26 0 0 0 0 0
1 519 608.4 125.3 214.7 107.4 53.68 89.47 0 17.89 35.79 17.89 0 0 0 0 0 0 0 0 0
1 651.3 120 411.3 68.56 171.4 68.56 34.28 68.56 34.28 34.28 17.14 0 0 0 0 0 17.14 0 0 17.14
1 532.6 512.9 217 374.8 59.18 118.4 78.9 0 19.73 39.45 19.73 0 0 0 0 0 0 0 0 0
1 500.6 343.3 185.9 14.3 157.3 42.91 57.21 85.82 0 28.61 0 14.3 0 0 0 0 0 0 0 0
1 466.9 530.5 275.9 254.7 127.3 169.8 21.22 84.88 42.44 42.44 63.66 21.22 0 0 0 21.22 0 0 0 0
1 337.3 305.2 321.2 208.8 176.7 16.06 80.31 0 0 64.25 16.06 0 48.19 0 16.06 0 0 0 0 16.06
1 253.7 121.4 198.6 253.7 44.13 88.26 33.1 22.06 33.1 0 11.03 0 0 22.06 11.03 11.03 0 0 0 0
1 584.2 248.3 204.5 175.3 29.21 102.2 58.42 0 43.82 0 0 0 0 14.61 0 0 0 0 0 0
1 568.8 751.7 182.8 142.2 101.6 101.6 81.26 20.31 0 20.31 0 0 0 20.31 0 0 0 20.31 0 20.31
1 118.2 221.6 502.4 162.5 103.4 73.88 133 29.55 29.55 0 59.11 0 0 14.78 0 29.55 0 0 0 0
1 314.4 128.6 271.5 285.8 142.9 71.45 57.16 14.29 42.87 28.58 28.58 14.29 0 28.58 0 0 0 0 0 0
1 429.2 128.8 85.84 42.92 171.7 42.92 32.19 32.19 21.46 42.92 21.46 10.73 0 0 0 0 10.73 0 0 0
1 676.9 457.4 201.2 73.18 128.1 182.9 18.29 18.29 0 0 18.29 0 0 0 0 18.29 18.29 0 18.29 0
1 286.6 354.8 245.6 136.5 81.88 122.8 54.58 13.65 13.65 13.65 13.65 0 0 13.65 13.65 0 0 0 0 0
1 386.8 185.7 325 278.5 108.3 15.47 139.3 46.42 0 15.47 0 15.47 0 15.47 0 0 0 0 0 15.47
1 480.2 240.1 110.8 387.9 147.8 184.7 36.94 55.41 129.3 18.47 18.47 0 18.47 18.47 0 0 0 0 0 0
1 455.9 267.2 220.1 94.32 172.9 141.5 47.16 15.72 78.6 47.16 0 0 15.72 15.72 0 0 0 0 0 0
1 560.3 350.2 192.6 210.1 35.02 122.6 87.54 70.03 35.02 52.52 17.51 0 0 0 17.51 0 0 0 0 0
1 533.5 441.5 220.8 147.2 202.4 73.58 128.8 18.4 18.4 36.79 18.4 0 0 0 0 0 0 0 0 0
1 671.3 318.9 184.6 218.2 16.78 100.7 16.78 50.35 16.78 33.57 16.78 0 33.57 0 0 0 0 0 0 0
1 350.2 296.4 134.7 161.7 107.8 53.88 40.41 67.35 67.35 13.47 13.47 13.47 0 0 13.47 0 0 0 0 13.47
1 437.1 247.7 247.7 145.7 72.86 116.6 43.71 43.71 14.57 14.57 43.71 0 0 0 0 0 29.14 0 0 0
1 373.5 249 79.23 113.2 158.5 45.27 22.64 22.64 22.64 22.64 11.32 11.32 0 0 0 0 0 0 0 0
1 468.7 91.7 112.1 50.95 81.51 81.51 30.57 40.76 20.38 20.38 0 0 10.19 0 0 0 10.19 0 0 0
1 596 513.2 99.34 132.5 115.9 66.23 66.23 16.56 33.11 0 16.56 0 0 0 0 0 0 0 0 0
1 401.2 224.2 271.4 70.8 106.2 35.4 23.6 0 11.8 0 11.8 0 0 11.8 0 0 0 11.8 0 0
1 347.8 546.5 521.7 472 49.68 74.52 99.36 74.52 24.84 99.36 124.2 24.84 0 0 24.84 0 0 0 0 0
1 578.9 187.3 221.4 238.4 153.2 34.05 136.2 51.08 51.08 17.03 0 0 0 0 0 17.03 0 0 0 17.03
1 407.3 228.1 114.1 277 211.8 179.2 48.88 32.59 16.29 32.59 16.29 32.59 0 0 0 0 0 16.29 0 16.29
1 386.5 360.7 219 51.53 64.41 64.41 38.65 25.77 38.65 0 12.88 12.88 12.88 0 0 0 0 0 0 0
1 810.8 446 344.6 202.7 60.81 81.08 40.54 20.27 0 0 0 0 20.27 0 0 0 0 0 0 0
1 494 640.4 329.3 146.4 73.19 54.89 0 54.89 18.3 0 0 0 0 0 0 0 0 0 0 18.3
1 175.3 328.7 284.9 153.4 54.79 43.83 0 0 21.92 32.87 0 0 0 0 0 0 0 0 0 0
1 98.39 98.39 227.1 174.1 83.25 37.84 7.569 15.14 7.569 7.569 0 0 0 0 0 0 0 0 0 0
1 832.5 190.8 104.1 294.8 86.72 138.7 17.34 34.69 0 17.34 0 17.34 0 0 0 0 0 0 0 0
1 182.4 470.3 86.39 28.8 86.39 57.59 0 28.8 9.599 0 0 0 9.599 0 0 0 0 0 0 0
1 383 180.2 360.5 78.85 45.06 33.79 11.26 11.26 0 11.26 0 0 0 0 0 0 0 0 11.26 0
1 274.2 144.3 57.72 151.5 14.43 21.64 0 28.86 14.43 0 0 7.215 0 7.215 0 0 0 0 0 0
1 155 208.9 161.8 40.44 67.4 26.96 6.74 0 0 0 0 0 0 6.74 0 0 0 0 0 0
1 138.8 96.06 101.4 101.4 10.67 53.37 10.67 5.337 10.67 5.337 0 0 0 0 0 0 0 0 0 0
1 555.7 175 102.9 82.33 51.46 41.17 10.29 10.29 0 0 0 0 0 0 0 0 0 0 0 0
1 348.5 267.4 72.93 48.62 48.62 16.21 0 8.104 0 0 0 0 0 0 0 0 0 0 0 0
1 234 372.6 147.3 51.99 8.666 17.33 8.666 8.666 17.33 0 0 0 0 0 0 0 0 0 0 0
1 375.2 162.2 324.5 81.12 60.84 0 0 10.14 0 0 0 0 0 0 0 0 0 0 0 0
1 210.2 371.9 80.84 72.76 32.34 16.17 8.084 16.17 0 0 0 0 0 0 0 0 0 0 0 0
1 514.2 308.5 411.4 88.15 88.15 0 29.38 0 14.69 14.69 0 0 0 0 0 0 0 0 0 0
1 209.9 139.9 82.69 120.9 19.08 31.8 19.08 0 12.72 0 0 0 0 0 0 0 0 0 0 0
1 405.8 277.1 138.6 69.29 59.39 19.8 9.898 9.898 0 0 0 0 0 0 0 0 0 0 0 0
1 504.9 269.3 134.6 112.2 11.22 44.88 22.44 11.22 11.22 0 0 0 0 0 0 0 0 0 0 0
1 166.3 272.1 166.3 75.57 45.34 7.557 15.11 7.557 0 0 0 0 0 0 0 0 0 0 0 0
1 404.4 266.3 59.18 98.63 39.45 49.31 19.73 29.59 0 9.863 0 9.863 0 0 0 0 0 0 0 0
1 253.6 126.8 88.2 49.61 16.54 5.512 5.512 0 5.512 0 0 0 0 0 0 0 0 0 0 0
1 202.9 176.7 104.7 85.09 19.64 19.64 26.18 13.09 6.545 0 0 0 0 0 0 0 0 0 0 0
1 331 153.4 177.6 96.88 0 32.29 8.073 8.073 0 0 0 0 0 0 0 0 0 0 0 0
1 308.5 221.5 79.11 102.8 47.47 15.82 15.82 0 0 0 0 0 0 0 0 0 0 0 0 0
1 144.5 334.7 98.87 76.06 76.06 15.21 7.606 7.606 0 0 0 0 0 0 0 0 0 0 0 0
1 193.3 86.49 162.8 25.44 15.26 25.44 0 0 0 0 0 0 0 0 0 0 0 0 0 0
1 432.7 164.4 112.5 77.89 25.96 17.31 17.31 8.654 0 0 8.654 0 0 0 0 0 0 0 0 0
1 513.9 301.6 122.9 67.03 78.2 11.17 11.17 0 0 11.17 0 0 0 0 0 0 0 0 0 0
1 290.2 164 94.62 31.54 12.62 25.23 12.62 0 0 0 0 0 0 0 0 0 0 0 0 0
1 201.7 188.7 110.6 104.1 39.05 6.508 0 0 0 0 0 0 0 0 0 0 0 0 0 0
1 426.3 133.2 133.2 62.17 35.52 44.4 17.76 35.52 0 0 0 0 0 0 0 0 0 0 0 0
1 406.8 385.9 52.15 41.72 52.15 73.01 31.29 0 0 0 0 0 0 0 0 0 0 0 0 0
1 361.7 303 156.4 9.775 87.97 48.87 0 0 9.775 0 0 0 0 0 0 0 0 0 0 0
1 284.3 248.8 168.8 97.73 44.42 26.65 0 8.884 0 0 0 8.884 0 0 0 0 0 0 0 0
1 287.4 327 99.11 138.7 89.2 19.82 9.911 19.82 0 0 0 0 0 0 0 0 0 0 0 0
1 200.1 223.2 130.8 100 69.26 30.78 0 7.696 0 0 0 0 7.696 0 0 0 0 0 0 0
1 168.2 135.9 129.4 90.59 25.88 45.3 32.35 0 0 0 6.471 6.471 0 0 0 6.471 0 0 0 0
1 223.7 133 120.9 48.37 30.23 30.23 18.14 0 0 0 0 0 0 0 0 0 0 0 0 0
1 320.1 185.3 193.7 42.11 42.11 33.69 8.422 8.422 8.422 0 0 0 0 0 0 0 0 0 0 0
1 329.7 187.3 104.9 59.95 44.96 0 14.99 0 0 7.494 0 0 0 0 0 0 0 0 0 0
1 398.5 262.7 126.8 45.29 27.17 0 9.058 27.17 0 0 9.058 0 0 0 0 0 0 0 0 0
1 245.7 286.7 131.1 40.95 32.76 8.191 32.76 24.57 0 8.191 0 8.191 0 0 0 0 0 0 0 0
1 144.5 266.2 144.5 98.89 38.03 38.03 15.21 0 15.21 0 0 0 0 0 0 0 0 0 0 0
1 137.3 153.2 89.8 58.11 47.54 21.13 10.56 10.56 0 0 0 0 0 0 0 0 0 0 0 0
1 357.3 87.34 103.2 127 71.46 31.76 0 0 15.88 0 0 0 0 0 0 0 0 0 0 0
1 192.1 245.9 161.4 61.47 46.1 38.42 15.37 0 7.684 0 0 0 0 0 0 0 0 0 0 0
1 302.7 194 100.9 46.57 54.33 54.33 15.52 0 0 7.762 0 0 0 0 0 0 0 0 0 0
1 341.3 155.8 118.7 74.2 14.84 7.42 14.84 14.84 0 0 0 0 0 0 0 0 0 0 0 0
1 387 339.8 122.7 66.08 18.88 9.44 0 0 0 0 0 0 0 0 0 0 0 0 0 0
1 187 157.8 105.2 52.59 35.06 23.37 5.843 11.69 0 5.843 0 0 0 0 0 0 0 0 0 0
1 226.9 198.6 226.9 179.7 66.19 0 28.37 0 9.456 0 9.456 0 0 0 0 0 0 0 0 0
1 123.3 75.9 128.1 47.44 75.9 18.97 0 0 4.744 0 0 0 0 0 0 0 0 0 0 0
1 221.4 123 123 49.19 49.19 36.9 6.149 6.149 0 0 0 0 0 0 0 0 0 0 0 0
1 281.1 152.8 67.23 36.67 24.45 12.22 18.33 6.112 0 6.112 0 0 6.112 0 0 0 0 0 0 0
1 255.3 255.3 60.46 33.59 6.717 33.59 13.43 6.717 0 0 6.717 0 0 0 0 0 0 0 0 0
1 318.4 253.1 163.3 32.65 16.33 16.33 8.163 0 0 8.163 0 0 0 0 0 0 0 0 0 0
1 225.1 191 163.7 54.56 13.64 13.64 6.821 6.821 0 0 6.821 0 0 0 0 0 0 0 0 0
