Originally  
101 
A 
42	100	
1	1	NA	NA	
1	20	
1 0.03627 0.1451 0.1935 0.1572 0.04836 0.1088 0.3748 0.08464 0.02418 0 0.01209 0.01209 0 0 0 0 0 0 0 0.01209
1 0.06493 0.2759 0.422 0.1461 0.1623 0.03246 0.06493 0.2597 0.06493 0 0.03246 0.03246 0.01623 0 0.01623 0 0.01623 0 0 0.01623
1 0.02467 0.333 0.3207 0.1973 0.08634 0.037 0.02467 0.04934 0.09867 0.02467 0.02467 0.01233 0 0 0 0 0 0 0 0
1 0.01668 0.3503 0.7005 0.3002 0.1334 0.05004 0.03336 0.01668 0.01668 0.05004 0 0 0 0 0 0 0 0 0 0
1 0.01727 0.3109 0.4319 0.4664 0.2764 0.1036 0.0691 0.01727 0 0 0.01727 0.01727 0 0 0 0 0 0 0 0
1 0 0.3664 0.3523 0.2396 0.2537 0.1127 0.04228 0 0.01409 0 0 0.02818 0 0 0 0 0 0 0 0
1 0.04802 0.07203 0.5042 0.2281 0.1681 0.108 0.02401 0 0.01201 0.03602 0 0 0 0 0 0 0 0 0 0
1 0.02421 0.1815 0.1937 0.3631 0.1937 0.09683 0.121 0.0121 0.0121 0 0 0 0 0.0121 0 0 0 0 0 0
1 0.0289 0.0867 0.2095 0.1156 0.1806 0.05057 0.007225 0.02167 0.007225 0.007225 0.007225 0 0 0 0 0 0 0 0 0
1 0.1531 0.2735 0.1969 0.186 0.07657 0.1094 0.03282 0.01094 0.03282 0 0.01094 0 0.01094 0 0 0 0 0 0 0
1 0 0.7375 0.5363 0.1508 0.06704 0.05028 0.1173 0 0.01676 0 0 0 0 0 0 0 0 0 0 0
1 0 0.04173 0.6676 0.2191 0.04173 0.03129 0.02086 0.01043 0.01043 0 0 0 0 0 0 0 0 0 0 0
1 0 0.06496 0.1407 0.563 0.2382 0.05413 0 0 0.01083 0 0.01083 0 0 0 0 0 0 0 0 0
1 0.01618 0.0728 0.2103 0.08898 0.3155 0.06471 0.008089 0.008089 0.008089 0.01618 0 0 0 0 0 0 0 0 0 0
1 0.04454 0.09651 0.1336 0.05197 0.08909 0.2524 0.05939 0 0.01485 0 0 0 0 0 0 0 0 0 0 0
1 0.03016 0.4122 0.1709 0.1307 0.07038 0.03016 0.1207 0.04022 0 0 0 0 0 0 0 0 0 0 0 0
1 0 0.08452 0.655 0.08452 0.05282 0.02113 0.01056 0.09508 0.05282 0 0 0 0 0 0 0 0 0 0 0
1 0.01071 0.07496 0.3748 0.4712 0.04284 0.02142 0 0 0.05354 0 0.01071 0 0.01071 0 0 0 0 0 0 0
1 0.03579 0.04176 0.07755 0.1312 0.2327 0.02983 0.0179 0 0.005965 0.0179 0.005965 0 0 0 0 0 0 0 0 0
1 0.04359 0.279 0.1482 0.06103 0.1133 0.1831 0 0 0.008718 0 0.02616 0.008718 0 0 0 0 0 0 0 0
1 0.006355 0.2224 0.2415 0.08897 0.01271 0.02542 0.01907 0 0 0.006355 0 0.006355 0.006355 0 0 0 0 0 0 0
1 0.007419 0.07419 0.3561 0.1929 0.007419 0.007419 0.03709 0.02967 0 0.007419 0 0.007419 0.007419 0.007419 0 0 0 0 0 0
1 0.02387 0.09549 0.05968 0.2686 0.05968 0.04775 0.005968 0.01194 0.02387 0 0 0 0 0 0 0 0 0 0 0
1 0.03037 0.167 0.08603 0.04049 0.0911 0.07085 0.005061 0.005061 0.005061 0 0 0.005061 0 0 0 0 0 0 0 0
1 0.01507 0.07533 0.2461 0.04018 0.02009 0.06027 0.03516 0 0.005022 0 0 0 0 0.005022 0 0 0 0 0 0
1 0.02281 0.05702 0.07222 0.1216 0.02661 0.007602 0.04181 0.007602 0.0152 0.003801 0 0.003801 0 0 0 0 0 0 0 0
1 0.004734 0.1562 0.08521 0.08995 0.08521 0.009468 0 0.01894 0.0142 0.004734 0 0.004734 0 0 0 0 0 0 0 0
1 0 0.05349 0.1404 0.04346 0.03343 0.05015 0.006686 0 0 0.003343 0 0 0.003343 0 0 0 0 0 0 0
1 0.02162 0.01802 0.04324 0.1514 0.05045 0.01802 0.02883 0.007207 0.007207 0.007207 0.007207 0 0 0 0 0 0 0 0 0
1 0.01596 0.1437 0.0439 0.03192 0.1038 0.02793 0.01197 0.01596 0 0 0 0 0 0 0 0 0.003991 0 0 0
1 0.04185 0.1744 0.2511 0.07672 0.006975 0.0837 0.01395 0.02092 0.006975 0 0.01395 0 0.006975 0 0 0 0 0 0 0
1 0 0.2257 0.1693 0.1072 0 0.02821 0.01693 0.005642 0.005642 0 0 0.005642 0 0 0 0 0 0 0 0
1 0.02798 0.01679 0.3357 0.1007 0.06155 0 0.01119 0.005595 0 0 0 0 0 0 0 0 0 0 0 0
1 0.004989 0.1297 0.05987 0.1896 0.07483 0.01497 0.01497 0 0.004989 0 0 0.004989 0 0 0 0 0 0 0 0
1 0.01076 0.03945 0.1327 0.03228 0.08607 0.03586 0.01434 0 0 0 0.003586 0 0.003586 0 0 0 0 0 0 0
1 0.03016 0.09048 0.07755 0.09478 0.03447 0.06893 0.008617 0.01293 0 0.004308 0.004308 0.004308 0 0 0 0 0 0 0 0
1 0.005248 0.1784 0.1207 0.03149 0.08922 0 0.06298 0.01574 0.005248 0 0.0105 0 0.005248 0 0 0 0 0 0 0
1 0.003903 0.03122 0.1639 0.07806 0.01951 0.05074 0.003903 0.03122 0.003903 0.003903 0 0 0 0 0 0 0 0 0 0
1 0.002707 0.03249 0.04873 0.08664 0.05144 0.008122 0.02437 0 0.008122 0.005415 0.002707 0 0 0 0 0 0 0 0 0
1 0.02377 0.04753 0.03802 0.02139 0.07367 0.02139 0.002377 0.004753 0 0.004753 0 0 0 0 0 0 0 0 0 0
1 0.002099 0.09027 0.03988 0.01469 0.008397 0.02729 0.01679 0 0.002099 0 0.006298 0 0 0 0 0.002099 0 0 0 0
1 0.01934 0.07736 0.2707 0.04835 0.004835 0.0145 0.02901 0.004835 0 0.009669 0 0 0 0 0 0 0.004835 0 0 0
1 0.01168 0.2103 0.1227 0.1635 0.04673 0 0.01752 0.01168 0 0 0 0 0 0 0 0 0 0 0 0
1 0.006149 0.07379 0.3382 0.07379 0.09839 0.006149 0.006149 0.006149 0.006149 0 0 0 0 0 0 0 0 0 0 0
1 0.007399 0.1221 0.1036 0.08878 0.0185 0.0222 0 0.003699 0 0 0.003699 0 0 0 0 0 0 0 0 0
1 0.00327 0.04579 0.09157 0.06868 0.07522 0.01962 0.01308 0 0 0.00327 0.00327 0 0.00327 0 0 0 0 0 0 0
1 0.003391 0.02713 0.08816 0.09494 0.02713 0.0373 0.02035 0.03052 0 0.003391 0 0.003391 0 0.003391 0 0 0 0 0 0
1 0.004614 0.02768 0.04844 0.05767 0.04152 0.01384 0.02076 0.002307 0.01153 0 0 0 0 0.002307 0 0 0 0 0 0
1 0.03739 0.04487 0.06481 0.01994 0.02742 0.02243 0.004985 0.01496 0.007478 0.002493 0 0 0 0 0.002493 0 0 0 0 0
1 0.01255 0.2342 0.07528 0.04182 0.008364 0.01255 0.01255 0.008364 0.004182 0 0.004182 0.004182 0 0 0 0 0 0 0 0
1 0.005881 0.147 0.3587 0.02352 0.02352 0.01176 0 0.01176 0 0 0.005881 0 0 0 0 0 0 0 0 0
1 0 0.0908 0.23 0.2421 0.02421 0.01211 0 0.006054 0 0 0 0 0 0 0 0 0 0 0 0
1 0.008658 0.02598 0.0736 0.1472 0.1385 0.01299 0.004329 0.008658 0 0.004329 0.004329 0.004329 0 0 0 0 0 0 0 0
1 0.007197 0.1152 0.05038 0.03599 0.08277 0.05758 0.003599 0 0.003599 0.003599 0 0 0 0 0 0 0 0 0 0
1 0.01434 0.02868 0.0932 0.01912 0.02868 0.03346 0.01912 0 0 0 0 0 0 0.00239 0 0 0 0 0 0
1 0.02498 0.1748 0.09991 0.1099 0.01499 0.02498 0.02997 0.009991 0 0 0.004996 0 0 0 0.004996 0 0 0 0 0
1 0.007871 0.244 0.3227 0.05509 0.07084 0.03148 0.03148 0.01574 0 0 0 0.007871 0 0 0 0 0 0 0 0
1 0 0.08281 0.2994 0.172 0.01911 0.02548 0.01911 0.00637 0.00637 0.00637 0 0 0 0 0 0 0 0 0 0
1 0.003751 0.02251 0.08252 0.15 0.06752 0.01875 0.015 0 0.003751 0.003751 0.007502 0 0 0 0 0 0 0 0 0
