 landings-at-age - landings.n (units : NA )
1	2	
42	100	
1	20	
1 
1.361 11.64 24.4 19.01 9.558 9.374 34.35 7.521 2.176 1.376 1.255 1.179 0.7833 0.4295 0.7122 0.3221 0.1058 0.06859 0.3798 0.383
2.346 16.63 31.93 17.93 11.5 5.779 5.668 20.77 4.548 1.316 0.8322 0.7589 0.7128 0.4737 0.2597 0.4307 0.1948 0.06399 0.04148 0.4613
1.42 23.17 37.07 18.9 8.71 5.585 2.808 2.754 10.09 2.209 0.6392 0.4043 0.3687 0.3463 0.2301 0.1262 0.2092 0.09462 0.03109 0.2442
0.9182 15.17 56.13 24.07 10.1 4.653 2.984 1.5 1.471 5.391 1.18 0.3415 0.216 0.197 0.185 0.1229 0.06741 0.1118 0.05055 0.1471
1.658 10.43 38.99 38.74 13.68 5.737 2.643 1.695 0.8521 0.8357 3.063 0.6705 0.194 0.1227 0.1119 0.1051 0.06984 0.0383 0.0635 0.1123
0.6854 18.07 25.69 25.7 21 7.415 3.111 1.433 0.919 0.462 0.4531 1.661 0.3635 0.1052 0.06652 0.06067 0.05698 0.03787 0.02076 0.0953
0.8116 7.805 46.39 17.65 14.52 11.86 4.188 1.757 0.8095 0.5191 0.261 0.2559 0.9379 0.2053 0.0594 0.03758 0.03427 0.03218 0.02139 0.06556
0.6061 8.077 17.61 27.94 8.733 7.184 5.871 2.072 0.8695 0.4006 0.2569 0.1291 0.1267 0.4641 0.1016 0.0294 0.01859 0.01696 0.01593 0.04303
1.878 7.598 22.78 13.34 17.42 5.446 4.481 3.662 1.293 0.5423 0.2499 0.1602 0.08054 0.07899 0.2895 0.06338 0.01833 0.0116 0.01058 0.03677
3.432 19.6 17.84 14.19 6.82 8.91 2.785 2.291 1.872 0.6609 0.2773 0.1278 0.08192 0.04118 0.04039 0.148 0.03241 0.009375 0.00593 0.02421
0.5509 38.72 49.68 12.04 7.875 3.784 4.943 1.545 1.271 1.039 0.3667 0.1538 0.07088 0.04545 0.02285 0.02241 0.08212 0.01798 0.005201 0.01672
0.4576 5.736 90.83 30.97 6.163 4.03 1.937 2.53 0.7907 0.6505 0.5316 0.1877 0.07873 0.03627 0.02326 0.01169 0.01147 0.04203 0.009201 0.01122
0.4715 4.831 13.7 57.93 16.24 3.231 2.113 1.015 1.326 0.4145 0.341 0.2787 0.09837 0.04127 0.01902 0.01219 0.00613 0.006012 0.02203 0.01071
0.5088 5.308 12.28 9.325 32.44 9.093 1.81 1.183 0.5686 0.7427 0.2322 0.191 0.1561 0.0551 0.02312 0.01065 0.006829 0.003433 0.003367 0.01834
1.942 5.688 13.37 8.259 5.154 17.93 5.026 1 0.654 0.3143 0.4105 0.1283 0.1056 0.08627 0.03045 0.01278 0.005887 0.003775 0.001898 0.012
0.7518 19.68 13.05 8.181 4.153 2.592 9.017 2.527 0.5029 0.3289 0.158 0.2064 0.06452 0.05308 0.04338 0.01531 0.006424 0.00296 0.001898 0.006986
0.2194 9.253 54.45 9.677 4.994 2.535 1.582 5.504 1.543 0.307 0.2007 0.09645 0.126 0.03938 0.0324 0.02648 0.009347 0.003921 0.001807 0.005423
0.3868 2.195 20.89 32.64 4.76 2.456 1.247 0.7781 2.707 0.7588 0.151 0.09874 0.04744 0.06198 0.01937 0.01594 0.01302 0.004598 0.001929 0.003556
0.8272 4.171 5.359 13.65 17.55 2.559 1.321 0.6703 0.4183 1.455 0.4079 0.08118 0.05309 0.02551 0.03332 0.01042 0.008569 0.007002 0.002472 0.002949
1.189 9.991 11.32 3.893 8.159 10.49 1.529 0.7891 0.4006 0.25 0.8698 0.2438 0.04851 0.03172 0.01524 0.01991 0.006224 0.00512 0.004184 0.003239
0.2471 12.86 24.24 7.283 2.055 4.307 5.535 0.8074 0.4166 0.2115 0.132 0.4592 0.1287 0.02561 0.01675 0.008047 0.01051 0.003286 0.002703 0.003919
0.2715 2.732 31.87 15.93 3.929 1.109 2.324 2.986 0.4356 0.2247 0.1141 0.0712 0.2477 0.06943 0.01382 0.009035 0.004341 0.005671 0.001773 0.003573
0.7754 2.687 6.103 18.89 7.749 1.911 0.5393 1.13 1.453 0.2119 0.1093 0.05549 0.03463 0.1205 0.03377 0.006721 0.004395 0.002112 0.002759 0.0026
0.4184 8.722 6.826 4.149 10.57 4.334 1.069 0.3016 0.6322 0.8124 0.1185 0.06115 0.03104 0.01937 0.06739 0.01889 0.003759 0.002458 0.001181 0.002997
0.2904 4.531 21.32 4.457 2.227 5.671 2.326 0.5738 0.1619 0.3393 0.4361 0.0636 0.03282 0.01666 0.0104 0.03617 0.01014 0.002018 0.001319 0.002243
0.7086 3.206 11.29 14.2 2.439 1.219 3.104 1.273 0.314 0.08861 0.1857 0.2387 0.03481 0.01796 0.009118 0.00569 0.0198 0.005549 0.001104 0.00195
0.1731 7.279 7.463 7.022 7.26 1.247 0.6234 1.587 0.6511 0.1606 0.04531 0.09498 0.1221 0.0178 0.009186 0.004663 0.00291 0.01012 0.002838 0.001562
0.1385 2.123 20.09 5.524 4.279 4.423 0.7601 0.3798 0.9671 0.3967 0.09785 0.02761 0.05787 0.07437 0.01085 0.005597 0.002841 0.001773 0.006169 0.002681
0.5855 1.431 4.942 12.42 2.804 2.172 2.246 0.3859 0.1928 0.491 0.2014 0.04968 0.01402 0.02938 0.03776 0.005507 0.002842 0.001442 0.0009002 0.004493
0.5579 5.943 3.294 3.043 6.288 1.42 1.1 1.137 0.1953 0.09761 0.2485 0.1019 0.02515 0.007095 0.01487 0.01911 0.002788 0.001438 0.0007301 0.00273
1.029 6.543 15.76 2.349 1.787 3.692 0.8335 0.6456 0.6674 0.1147 0.05731 0.1459 0.05986 0.01476 0.004166 0.008732 0.01122 0.001637 0.0008446 0.002032
0.1615 11.12 15.98 10.29 1.261 0.9589 1.981 0.4473 0.3465 0.3582 0.06155 0.03076 0.07831 0.03213 0.007924 0.002236 0.004686 0.006022 0.0008784 0.001544
0.661 1.855 28.76 11.05 5.848 0.7165 0.545 1.126 0.2542 0.1969 0.2036 0.03498 0.01748 0.04451 0.01826 0.004503 0.001271 0.002663 0.003423 0.001376
0.1584 6.914 4.376 18.07 5.699 3.018 0.3697 0.2812 0.581 0.1312 0.1016 0.105 0.01805 0.009019 0.02296 0.00942 0.002324 0.0006556 0.001374 0.002476
0.3984 1.649 16.31 2.761 9.375 2.957 1.566 0.1918 0.1459 0.3015 0.06806 0.05272 0.0545 0.009365 0.00468 0.01192 0.004888 0.001206 0.0003402 0.001998
0.6167 4.449 4.172 11.09 1.545 5.246 1.655 0.8761 0.1073 0.08164 0.1687 0.03808 0.0295 0.0305 0.00524 0.002619 0.006667 0.002735 0.0006746 0.001308
0.1753 7.363 11.95 3 6.56 0.9143 3.104 0.979 0.5184 0.06351 0.0483 0.09981 0.02253 0.01745 0.01804 0.003101 0.001549 0.003945 0.001618 0.001173
0.1158 1.754 16.64 7.184 1.481 3.237 0.4512 1.532 0.4832 0.2558 0.03134 0.02384 0.04926 0.01112 0.008614 0.008905 0.00153 0.0007647 0.001947 0.001378
0.2063 1.318 4.507 11.46 4.069 0.8386 1.834 0.2556 0.8676 0.2737 0.1449 0.01775 0.0135 0.0279 0.006299 0.004879 0.005044 0.0008667 0.0004331 0.001883
0.7654 2.403 3.446 3.143 6.566 2.332 0.4807 1.051 0.1465 0.4973 0.1569 0.08305 0.01017 0.007739 0.01599 0.00361 0.002796 0.002891 0.0004967 0.001328
0.2495 7.538 5.343 2.034 1.522 3.181 1.13 0.2328 0.5091 0.07095 0.2409 0.07598 0.04023 0.004929 0.003749 0.007746 0.001749 0.001355 0.0014 0.0008837
0.7698 2.82 19.25 3.655 1.145 0.8568 1.79 0.6358 0.131 0.2865 0.03993 0.1356 0.04276 0.02264 0.002774 0.00211 0.00436 0.0009842 0.0007623 0.001285
0.3968 8.26 6.839 12.47 1.947 0.6097 0.4563 0.9534 0.3386 0.06979 0.1526 0.02127 0.0722 0.02277 0.01206 0.001477 0.001124 0.002322 0.0005242 0.001091
0.48 4.441 20.86 4.621 6.93 1.082 0.3389 0.2536 0.5298 0.1882 0.03879 0.0848 0.01182 0.04013 0.01266 0.006702 0.000821 0.0006245 0.00129 0.0008974
0.289 4.912 10.3 12.93 2.354 3.53 0.5512 0.1726 0.1292 0.2699 0.09586 0.01976 0.0432 0.006021 0.02044 0.006448 0.003414 0.0004182 0.0003181 0.001115
0.1425 3.248 12.51 7.048 7.285 1.326 1.989 0.3105 0.09724 0.07277 0.1521 0.054 0.01113 0.02434 0.003392 0.01152 0.003632 0.001923 0.0002356 0.0008071
0.2016 1.652 8.486 8.754 4.057 4.194 0.7635 1.145 0.1787 0.05598 0.0419 0.08754 0.03109 0.006408 0.01401 0.001953 0.00663 0.002091 0.001107 0.0006003
0.2197 2.244 4.133 5.653 4.79 2.22 2.295 0.4178 0.6265 0.09781 0.03064 0.02293 0.0479 0.01701 0.003507 0.007667 0.001069 0.003628 0.001144 0.0009344
1.124 2.423 5.555 2.719 3.054 2.588 1.199 1.24 0.2257 0.3385 0.05284 0.01655 0.01238 0.02588 0.00919 0.001894 0.004142 0.0005772 0.00196 0.001123
0.6474 10.98 5.355 3.265 1.312 1.473 1.249 0.5787 0.5982 0.1089 0.1633 0.02549 0.007985 0.005976 0.01249 0.004434 0.000914 0.001998 0.0002785 0.001487
0.3187 7.952 30.35 3.968 1.992 0.8001 0.8986 0.7615 0.353 0.3648 0.06642 0.0996 0.01555 0.00487 0.003645 0.007615 0.002705 0.0005575 0.001219 0.001077
0.1541 3.382 18.96 19.2 2.061 1.035 0.4156 0.4668 0.3956 0.1834 0.1895 0.0345 0.05174 0.008078 0.00253 0.001893 0.003956 0.001405 0.0002896 0.001193
0.4138 1.707 8.419 12.56 10.45 1.121 0.5629 0.2261 0.254 0.2152 0.09976 0.1031 0.01877 0.02815 0.004395 0.001376 0.00103 0.002152 0.0007644 0.0008065
0.2429 4.165 3.883 5.094 6.24 5.191 0.5572 0.2796 0.1123 0.1262 0.1069 0.04956 0.05123 0.009327 0.01399 0.002184 0.0006839 0.0005118 0.001069 0.0007805
0.7887 2.635 10.24 2.559 2.762 3.383 2.814 0.3021 0.1516 0.06091 0.06841 0.05797 0.02687 0.02778 0.005057 0.007583 0.001184 0.0003708 0.0002775 0.001003
0.889 9.072 6.843 7.127 1.466 1.582 1.938 1.612 0.1731 0.08686 0.03489 0.03919 0.03321 0.01539 0.01591 0.002897 0.004344 0.0006782 0.0002124 0.0007335
0.335 9.983 22.92 4.612 3.948 0.812 0.8764 1.074 0.8931 0.09586 0.04811 0.01933 0.02171 0.0184 0.008527 0.008814 0.001605 0.002406 0.0003757 0.000524
0.09516 3.459 23.27 14.23 2.351 2.013 0.414 0.4468 0.5473 0.4554 0.04887 0.02453 0.009855 0.01107 0.00938 0.004348 0.004494 0.0008181 0.001227 0.0004587
0.2832 1.134 9.259 16.65 8.372 1.383 1.184 0.2436 0.2629 0.322 0.2679 0.02876 0.01443 0.005798 0.006512 0.005519 0.002558 0.002644 0.0004814 0.0009917
