 landings-at-age - landings.n (units : NA )
1	2	
2	100	
1	20	
1 
0.02659 0.2984 0.8352 0.6934 0.4839 0.3377 0.2357 0.1644 0.1148 0.08008 0.05589 0.039 0.02722 0.01899 0.01325 0.009249 0.006454 0.004504 0.003143 0.007259
0.002951 0.05216 0.1462 0.1214 0.08475 0.05914 0.04127 0.0288 0.0201 0.01403 0.009787 0.00683 0.004766 0.003326 0.002321 0.00162 0.00113 0.0007888 0.0005504 0.001271
0.005546 0.03313 0.1464 0.1219 0.08515 0.05942 0.04147 0.02894 0.02019 0.01409 0.009834 0.006862 0.004789 0.003342 0.002332 0.001627 0.001136 0.0007925 0.000553 0.001277
0.004261 0.06227 0.09297 0.122 0.08549 0.0597 0.04166 0.02907 0.02029 0.01416 0.00988 0.006895 0.004811 0.003358 0.002343 0.001635 0.001141 0.0007963 0.0005557 0.001283
0.003981 0.04784 0.1747 0.07753 0.08557 0.05994 0.04186 0.02921 0.02038 0.01423 0.009927 0.006927 0.004834 0.003374 0.002354 0.001643 0.001146 8e-04 0.0005583 0.001289
0.005153 0.0447 0.1342 0.1457 0.05436 0.06 0.04203 0.02935 0.02048 0.01429 0.009974 0.00696 0.004857 0.00339 0.002365 0.001651 0.001152 0.0008038 0.0005609 0.001295
0.0027 0.05786 0.1254 0.1119 0.1022 0.03811 0.04207 0.02947 0.02058 0.01436 0.01002 0.006993 0.00488 0.003406 0.002377 0.001658 0.001157 0.0008076 0.0005636 0.001302
0.007744 0.03032 0.1624 0.1046 0.07848 0.07163 0.02672 0.0295 0.02066 0.01443 0.01007 0.007026 0.004903 0.003422 0.002388 0.001666 0.001163 0.0008114 0.0005663 0.001308
0.002578 0.08695 0.08507 0.1354 0.07334 0.05503 0.05022 0.01874 0.02068 0.01449 0.01012 0.00706 0.004926 0.003438 0.002399 0.001674 0.001168 0.0008153 0.0005689 0.001314
0.007441 0.02894 0.244 0.07094 0.09493 0.05142 0.03858 0.03521 0.01314 0.0145 0.01016 0.007093 0.00495 0.003454 0.00241 0.001682 0.001174 0.0008191 0.0005716 0.00132
0.005047 0.08355 0.08121 0.2034 0.04974 0.06656 0.03605 0.02705 0.02469 0.009211 0.01017 0.007121 0.004973 0.003471 0.002422 0.00169 0.001179 0.000823 0.0005743 0.001326
0.01078 0.05667 0.2344 0.06772 0.1426 0.03487 0.04667 0.02528 0.01897 0.01731 0.006458 0.007128 0.004993 0.003487 0.002433 0.001698 0.001185 0.0008269 0.0005771 0.001333
0.006737 0.1211 0.159 0.1955 0.04748 0.1 0.02445 0.03272 0.01772 0.0133 0.01214 0.004528 0.004998 0.003501 0.002445 0.001706 0.001191 0.0008308 0.0005798 0.001339
0.002734 0.07564 0.3397 0.1326 0.1371 0.03329 0.07012 0.01714 0.02294 0.01243 0.009324 0.00851 0.003175 0.003504 0.002455 0.001714 0.001196 0.0008348 0.0005825 0.001345
0.006255 0.0307 0.2123 0.2833 0.09296 0.0961 0.02334 0.04917 0.01202 0.01609 0.008713 0.006538 0.005966 0.002226 0.002457 0.001721 0.001202 0.0008387 0.0005853 0.001352
0.005485 0.07023 0.08613 0.177 0.1986 0.06518 0.06738 0.01637 0.03447 0.008428 0.01128 0.006109 0.004584 0.004183 0.001561 0.001723 0.001207 0.0008427 0.0005881 0.001358
0.005633 0.06158 0.1971 0.07182 0.1241 0.1393 0.0457 0.04724 0.01148 0.02417 0.005909 0.007908 0.004283 0.003214 0.002933 0.001094 0.001208 0.000846 0.0005908 0.001365
0.003821 0.06325 0.1728 0.1643 0.05036 0.08701 0.09765 0.03204 0.03312 0.008046 0.01695 0.004143 0.005544 0.003003 0.002253 0.002057 0.0007673 0.0008469 0.0005932 0.001371
0.01699 0.0429 0.1775 0.1441 0.1152 0.03531 0.06101 0.06847 0.02247 0.02323 0.005641 0.01188 0.002905 0.003887 0.002106 0.00158 0.001442 0.000538 0.0005938 0.001377
0.003811 0.1908 0.1204 0.148 0.101 0.08079 0.02476 0.04277 0.04801 0.01575 0.01628 0.003955 0.008331 0.002037 0.002726 0.001476 0.001108 0.001011 0.0003772 0.001382
0.008324 0.04279 0.5354 0.1004 0.1038 0.07084 0.05664 0.01736 0.02999 0.03366 0.01104 0.01142 0.002773 0.005841 0.001428 0.001911 0.001035 0.0007767 0.0007089 0.001233
0.007359 0.09347 0.1201 0.4465 0.07038 0.07275 0.04967 0.03972 0.01217 0.02103 0.0236 0.007744 0.008005 0.001945 0.004096 0.001001 0.00134 0.0007258 0.0005446 0.001362
0.01743 0.08263 0.2623 0.1001 0.3131 0.04935 0.05101 0.03482 0.02785 0.008533 0.01474 0.01655 0.00543 0.005613 0.001363 0.002872 0.000702 0.0009395 0.0005089 0.001337
0.002207 0.1957 0.2318 0.2187 0.0702 0.2195 0.0346 0.03577 0.02442 0.01952 0.005983 0.01034 0.0116 0.003807 0.003935 0.0009559 0.002013 0.0004922 0.0006587 0.001294
0.002388 0.02478 0.5491 0.1933 0.1533 0.04922 0.1539 0.02426 0.02508 0.01712 0.01369 0.004195 0.007248 0.008134 0.002669 0.002759 0.0006702 0.001412 0.0003451 0.001369
0.005095 0.02681 0.06954 0.4579 0.1356 0.1075 0.03451 0.1079 0.01701 0.01758 0.012 0.009598 0.002941 0.005082 0.005703 0.001871 0.001935 0.0004699 0.0009898 0.001202
0.007899 0.05721 0.07522 0.05799 0.3211 0.09504 0.07538 0.0242 0.07566 0.01193 0.01233 0.008416 0.00673 0.002062 0.003563 0.003999 0.001312 0.001356 0.0003295 0.001537
0.00334 0.0887 0.1605 0.06273 0.04066 0.2251 0.06664 0.05285 0.01697 0.05305 0.008362 0.008644 0.005901 0.004718 0.001446 0.002498 0.002804 0.00092 0.0009511 0.001308
0.004271 0.03751 0.2489 0.1339 0.04398 0.02851 0.1578 0.04672 0.03706 0.0119 0.03719 0.005863 0.00606 0.004137 0.003308 0.001014 0.001752 0.001966 0.0006451 0.001584
0.004506 0.04796 0.1052 0.2075 0.09386 0.03084 0.01999 0.1107 0.03276 0.02598 0.00834 0.02608 0.004111 0.004249 0.002901 0.00232 0.0007108 0.001228 0.001378 0.001563
0.003364 0.0506 0.1346 0.08776 0.1455 0.06581 0.02162 0.01401 0.07759 0.02297 0.01822 0.005848 0.01828 0.002882 0.002979 0.002034 0.001626 0.0004984 0.0008611 0.002062
0.002587 0.03777 0.142 0.1122 0.06153 0.102 0.04614 0.01516 0.009826 0.0544 0.0161 0.01277 0.0041 0.01282 0.002021 0.002089 0.001426 0.00114 0.0003494 0.00205
0.002867 0.02904 0.106 0.1184 0.07868 0.04314 0.07153 0.03235 0.01063 0.00689 0.03815 0.01129 0.008956 0.002875 0.008989 0.001417 0.001465 0.0009999 0.0007995 0.001682
0.006949 0.03219 0.08149 0.08839 0.08301 0.05517 0.03025 0.05016 0.02268 0.007453 0.004831 0.02675 0.007917 0.006279 0.002016 0.006302 0.0009935 0.001027 0.0007011 0.00174
0.02225 0.07802 0.09033 0.06795 0.06197 0.0582 0.03868 0.02121 0.03517 0.0159 0.005225 0.003387 0.01875 0.005551 0.004403 0.001413 0.004419 0.0006966 0.00072 0.001712
0.004258 0.2499 0.2189 0.07532 0.04765 0.04345 0.04081 0.02712 0.01487 0.02466 0.01115 0.003664 0.002375 0.01315 0.003892 0.003087 0.0009909 0.003098 0.0004884 0.001705
0.003044 0.04781 0.7011 0.1826 0.05281 0.03341 0.03047 0.02861 0.01902 0.01043 0.01729 0.007819 0.002569 0.001665 0.009219 0.002729 0.002164 0.0006948 0.002172 0.001538
0.004071 0.03418 0.1341 0.5847 0.128 0.03703 0.02342 0.02136 0.02006 0.01333 0.00731 0.01212 0.005482 0.001801 0.001167 0.006464 0.001913 0.001518 0.0004871 0.002601
0.003624 0.04571 0.0959 0.1119 0.4099 0.08975 0.02596 0.01642 0.01498 0.01407 0.009348 0.005126 0.008499 0.003844 0.001263 0.0008185 0.004532 0.001342 0.001064 0.002165
1.132 10.49 30.62 18.73 18.37 67.34 14.74 4.265 2.698 2.46 2.31 1.535 0.8419 1.396 0.6314 0.2074 0.1345 0.7444 0.2204 0.5305
1.361 11.64 24.4 19.01 9.558 9.374 34.35 7.521 2.176 1.376 1.255 1.179 0.7833 0.4295 0.7122 0.3221 0.1058 0.06859 0.3798 0.383
2.346 16.63 31.93 17.93 11.5 5.779 5.668 20.77 4.548 1.316 0.8322 0.7589 0.7128 0.4737 0.2597 0.4307 0.1948 0.06399 0.04148 0.4613
1.42 23.17 37.07 18.9 8.71 5.585 2.808 2.754 10.09 2.209 0.6392 0.4043 0.3687 0.3463 0.2301 0.1262 0.2092 0.09462 0.03109 0.2442
0.9182 15.17 56.13 24.07 10.1 4.653 2.984 1.5 1.471 5.391 1.18 0.3415 0.216 0.197 0.185 0.1229 0.06741 0.1118 0.05055 0.1471
1.658 10.43 38.99 38.74 13.68 5.737 2.643 1.695 0.8521 0.8357 3.063 0.6705 0.194 0.1227 0.1119 0.1051 0.06984 0.0383 0.0635 0.1123
0.6854 18.07 25.69 25.7 21 7.415 3.111 1.433 0.919 0.462 0.4531 1.661 0.3635 0.1052 0.06652 0.06067 0.05698 0.03787 0.02076 0.0953
0.8116 7.805 46.39 17.65 14.52 11.86 4.188 1.757 0.8095 0.5191 0.261 0.2559 0.9379 0.2053 0.0594 0.03758 0.03427 0.03218 0.02139 0.06556
0.6061 8.077 17.61 27.94 8.733 7.184 5.871 2.072 0.8695 0.4006 0.2569 0.1291 0.1267 0.4641 0.1016 0.0294 0.01859 0.01696 0.01593 0.04303
1.878 7.598 22.78 13.34 17.42 5.446 4.481 3.662 1.293 0.5423 0.2499 0.1602 0.08054 0.07899 0.2895 0.06338 0.01833 0.0116 0.01058 0.03677
3.432 19.6 17.84 14.19 6.82 8.91 2.785 2.291 1.872 0.6609 0.2773 0.1278 0.08192 0.04118 0.04039 0.148 0.03241 0.009375 0.00593 0.02421
0.5509 38.72 49.68 12.04 7.875 3.784 4.943 1.545 1.271 1.039 0.3667 0.1538 0.07088 0.04545 0.02285 0.02241 0.08212 0.01798 0.005201 0.01672
0.4576 5.736 90.83 30.97 6.163 4.03 1.937 2.53 0.7907 0.6505 0.5316 0.1877 0.07873 0.03627 0.02326 0.01169 0.01147 0.04203 0.009201 0.01122
0.4715 4.831 13.7 57.93 16.24 3.231 2.113 1.015 1.326 0.4145 0.341 0.2787 0.09837 0.04127 0.01902 0.01219 0.00613 0.006012 0.02203 0.01071
0.5088 5.308 12.28 9.325 32.44 9.093 1.81 1.183 0.5686 0.7427 0.2322 0.191 0.1561 0.0551 0.02312 0.01065 0.006829 0.003433 0.003367 0.01834
1.942 5.688 13.37 8.259 5.154 17.93 5.026 1 0.654 0.3143 0.4105 0.1283 0.1056 0.08627 0.03045 0.01278 0.005887 0.003775 0.001898 0.012
0.7518 19.68 13.05 8.181 4.153 2.592 9.017 2.527 0.5029 0.3289 0.158 0.2064 0.06452 0.05308 0.04338 0.01531 0.006424 0.00296 0.001898 0.006986
0.2194 9.253 54.45 9.677 4.994 2.535 1.582 5.504 1.543 0.307 0.2007 0.09645 0.126 0.03938 0.0324 0.02648 0.009347 0.003921 0.001807 0.005423
0.3868 2.195 20.89 32.64 4.76 2.456 1.247 0.7781 2.707 0.7588 0.151 0.09874 0.04744 0.06198 0.01937 0.01594 0.01302 0.004598 0.001929 0.003556
0.8272 4.171 5.359 13.65 17.55 2.559 1.321 0.6703 0.4183 1.455 0.4079 0.08118 0.05309 0.02551 0.03332 0.01042 0.008569 0.007002 0.002472 0.002949
1.189 9.991 11.32 3.893 8.159 10.49 1.529 0.7891 0.4006 0.25 0.8698 0.2438 0.04851 0.03172 0.01524 0.01991 0.006224 0.00512 0.004184 0.003239
0.2471 12.86 24.24 7.283 2.055 4.307 5.535 0.8074 0.4166 0.2115 0.132 0.4592 0.1287 0.02561 0.01675 0.008047 0.01051 0.003286 0.002703 0.003919
0.2715 2.732 31.87 15.93 3.929 1.109 2.324 2.986 0.4356 0.2247 0.1141 0.0712 0.2477 0.06943 0.01382 0.009035 0.004341 0.005671 0.001773 0.003573
0.7754 2.687 6.103 18.89 7.749 1.911 0.5393 1.13 1.453 0.2119 0.1093 0.05549 0.03463 0.1205 0.03377 0.006721 0.004395 0.002112 0.002759 0.0026
0.4184 8.722 6.826 4.149 10.57 4.334 1.069 0.3016 0.6322 0.8124 0.1185 0.06115 0.03104 0.01937 0.06739 0.01889 0.003759 0.002458 0.001181 0.002997
0.2904 4.531 21.32 4.457 2.227 5.671 2.326 0.5738 0.1619 0.3393 0.4361 0.0636 0.03282 0.01666 0.0104 0.03617 0.01014 0.002018 0.001319 0.002243
0.7086 3.206 11.29 14.2 2.439 1.219 3.104 1.273 0.314 0.08861 0.1857 0.2387 0.03481 0.01796 0.009118 0.00569 0.0198 0.005549 0.001104 0.00195
0.1731 7.279 7.463 7.022 7.26 1.247 0.6234 1.587 0.6511 0.1606 0.04531 0.09498 0.1221 0.0178 0.009186 0.004663 0.00291 0.01012 0.002838 0.001562
0.1385 2.123 20.09 5.524 4.279 4.423 0.7601 0.3798 0.9671 0.3967 0.09785 0.02761 0.05787 0.07437 0.01085 0.005597 0.002841 0.001773 0.006169 0.002681
0.5855 1.431 4.942 12.42 2.804 2.172 2.246 0.3859 0.1928 0.491 0.2014 0.04968 0.01402 0.02938 0.03776 0.005507 0.002842 0.001442 0.0009002 0.004493
0.5579 5.943 3.294 3.043 6.288 1.42 1.1 1.137 0.1953 0.09761 0.2485 0.1019 0.02515 0.007095 0.01487 0.01911 0.002788 0.001438 0.0007301 0.00273
1.029 6.543 15.76 2.349 1.787 3.692 0.8335 0.6456 0.6674 0.1147 0.05731 0.1459 0.05986 0.01476 0.004166 0.008732 0.01122 0.001637 0.0008446 0.002032
0.1615 11.12 15.98 10.29 1.261 0.9589 1.981 0.4473 0.3465 0.3582 0.06155 0.03076 0.07831 0.03213 0.007924 0.002236 0.004686 0.006022 0.0008784 0.001544
0.661 1.855 28.76 11.05 5.848 0.7165 0.545 1.126 0.2542 0.1969 0.2036 0.03498 0.01748 0.04451 0.01826 0.004503 0.001271 0.002663 0.003423 0.001376
0.1584 6.914 4.376 18.07 5.699 3.018 0.3697 0.2812 0.581 0.1312 0.1016 0.105 0.01805 0.009019 0.02296 0.00942 0.002324 0.0006556 0.001374 0.002476
0.3984 1.649 16.31 2.761 9.375 2.957 1.566 0.1918 0.1459 0.3015 0.06806 0.05272 0.0545 0.009365 0.00468 0.01192 0.004888 0.001206 0.0003402 0.001998
0.6167 4.449 4.172 11.09 1.545 5.246 1.655 0.8761 0.1073 0.08164 0.1687 0.03808 0.0295 0.0305 0.00524 0.002619 0.006667 0.002735 0.0006746 0.001308
0.1753 7.363 11.95 3 6.56 0.9143 3.104 0.979 0.5184 0.06351 0.0483 0.09981 0.02253 0.01745 0.01804 0.003101 0.001549 0.003945 0.001618 0.001173
0.1158 1.754 16.64 7.184 1.481 3.237 0.4512 1.532 0.4832 0.2558 0.03134 0.02384 0.04926 0.01112 0.008614 0.008905 0.00153 0.0007647 0.001947 0.001378
0.2063 1.318 4.507 11.46 4.069 0.8386 1.834 0.2556 0.8676 0.2737 0.1449 0.01775 0.0135 0.0279 0.006299 0.004879 0.005044 0.0008667 0.0004331 0.001883
0.7654 2.403 3.446 3.143 6.566 2.332 0.4807 1.051 0.1465 0.4973 0.1569 0.08305 0.01017 0.007739 0.01599 0.00361 0.002796 0.002891 0.0004967 0.001328
0.2495 7.538 5.343 2.034 1.522 3.181 1.13 0.2328 0.5091 0.07095 0.2409 0.07598 0.04023 0.004929 0.003749 0.007746 0.001749 0.001355 0.0014 0.0008837
0.7698 2.82 19.25 3.655 1.145 0.8568 1.79 0.6358 0.131 0.2865 0.03993 0.1356 0.04276 0.02264 0.002774 0.00211 0.00436 0.0009842 0.0007623 0.001285
0.3968 8.26 6.839 12.47 1.947 0.6097 0.4563 0.9534 0.3386 0.06979 0.1526 0.02127 0.0722 0.02277 0.01206 0.001477 0.001124 0.002322 0.0005242 0.001091
0.48 4.441 20.86 4.621 6.93 1.082 0.3389 0.2536 0.5298 0.1882 0.03879 0.0848 0.01182 0.04013 0.01266 0.006702 0.000821 0.0006245 0.00129 0.0008974
0.289 4.912 10.3 12.93 2.354 3.53 0.5512 0.1726 0.1292 0.2699 0.09586 0.01976 0.0432 0.006021 0.02044 0.006448 0.003414 0.0004182 0.0003181 0.001115
0.1425 3.248 12.51 7.048 7.285 1.326 1.989 0.3105 0.09724 0.07277 0.1521 0.054 0.01113 0.02434 0.003392 0.01152 0.003632 0.001923 0.0002356 0.0008071
0.2016 1.652 8.486 8.754 4.057 4.194 0.7635 1.145 0.1787 0.05598 0.0419 0.08754 0.03109 0.006408 0.01401 0.001953 0.00663 0.002091 0.001107 0.0006003
0.2197 2.244 4.133 5.653 4.79 2.22 2.295 0.4178 0.6265 0.09781 0.03064 0.02293 0.0479 0.01701 0.003507 0.007667 0.001069 0.003628 0.001144 0.0009344
1.124 2.423 5.555 2.719 3.054 2.588 1.199 1.24 0.2257 0.3385 0.05284 0.01655 0.01238 0.02588 0.00919 0.001894 0.004142 0.0005772 0.00196 0.001123
0.6474 10.98 5.355 3.265 1.312 1.473 1.249 0.5787 0.5982 0.1089 0.1633 0.02549 0.007985 0.005976 0.01249 0.004434 0.000914 0.001998 0.0002785 0.001487
0.3187 7.952 30.35 3.968 1.992 0.8001 0.8986 0.7615 0.353 0.3648 0.06642 0.0996 0.01555 0.00487 0.003645 0.007615 0.002705 0.0005575 0.001219 0.001077
0.1541 3.382 18.96 19.2 2.061 1.035 0.4156 0.4668 0.3956 0.1834 0.1895 0.0345 0.05174 0.008078 0.00253 0.001893 0.003956 0.001405 0.0002896 0.001193
0.4138 1.707 8.419 12.56 10.45 1.121 0.5629 0.2261 0.254 0.2152 0.09976 0.1031 0.01877 0.02815 0.004395 0.001376 0.00103 0.002152 0.0007644 0.0008065
0.2429 4.165 3.883 5.094 6.24 5.191 0.5572 0.2796 0.1123 0.1262 0.1069 0.04956 0.05123 0.009327 0.01399 0.002184 0.0006839 0.0005118 0.001069 0.0007805
0.7887 2.635 10.24 2.559 2.762 3.383 2.814 0.3021 0.1516 0.06091 0.06841 0.05797 0.02687 0.02778 0.005057 0.007583 0.001184 0.0003708 0.0002775 0.001003
0.889 9.072 6.843 7.127 1.466 1.582 1.938 1.612 0.1731 0.08686 0.03489 0.03919 0.03321 0.01539 0.01591 0.002897 0.004344 0.0006782 0.0002124 0.0007335
0.335 9.983 22.92 4.612 3.948 0.812 0.8764 1.074 0.8931 0.09586 0.04811 0.01933 0.02171 0.0184 0.008527 0.008814 0.001605 0.002406 0.0003757 0.000524
0.09516 3.459 23.27 14.23 2.351 2.013 0.414 0.4468 0.5473 0.4554 0.04887 0.02453 0.009855 0.01107 0.00938 0.004348 0.004494 0.0008181 0.001227 0.0004587
0.2832 1.134 9.259 16.65 8.372 1.383 1.184 0.2436 0.2629 0.322 0.2679 0.02876 0.01443 0.005798 0.006512 0.005519 0.002558 0.002644 0.0004814 0.0009917
