Originally  
101 
A 
2	100	
1	1	NA	NA	
1	20	
1 317.4 304.7 152.3 165 101.6 63.48 63.48 25.39 25.39 25.39 25.39 0 0 0 0 0 0 0 0 0
1 84.39 278.5 143.5 118.1 75.95 67.51 25.32 25.32 8.439 0 0 8.439 0 0 0 0 0 8.439 0 0
1 305 169.4 203.3 135.5 79.06 79.06 33.88 33.88 45.18 11.29 22.59 0 0 0 11.29 0 0 0 0 0
1 168.2 91.75 68.81 160.6 122.3 68.81 15.29 30.58 15.29 0 0 7.646 0 0 0 0 7.646 7.646 0 0
1 208 133.7 81.7 51.99 66.85 51.99 37.14 44.56 29.71 7.427 0 7.427 0 0 14.85 0 0 0 7.427 0
1 346.7 168.4 89.16 59.44 29.72 118.9 19.81 39.63 19.81 29.72 9.906 9.906 9.906 9.906 9.906 9.906 0 0 0 9.906
1 155.3 112.9 134.1 77.64 35.29 28.23 56.47 21.17 28.23 0 0 14.12 0 21.17 0 0 0 14.12 0 7.058
1 183.4 161.4 117.4 73.38 51.36 36.69 29.35 22.01 7.338 7.338 0 29.35 14.68 0 0 0 0 0 0 0
1 147.5 154.5 105.4 112.4 56.19 14.05 14.05 14.05 21.07 14.05 0 21.07 7.023 7.023 0 7.023 7.023 0 0 0
1 246.3 156 82.1 49.26 98.52 49.26 32.84 32.84 8.21 24.63 8.21 8.21 0 16.42 8.21 0 0 0 0 0
1 212 230.4 119.8 101.4 64.51 9.216 46.08 18.43 27.65 9.216 18.43 9.216 18.43 9.216 27.65 0 0 0 0 0
1 169.1 192.2 76.88 92.26 53.82 76.88 0 15.38 23.06 7.688 7.688 15.38 7.688 7.688 0 7.688 7.688 0 0 7.688
1 204.3 98.86 112 85.68 39.54 19.77 26.36 19.77 13.18 6.591 0 6.591 6.591 6.591 0 6.591 0 0 6.591 0
1 254.1 169.4 98.82 77.64 42.35 14.12 7.058 7.058 7.058 7.058 21.18 0 0 0 0 0 0 0 0 0
1 277.6 212.8 166.5 92.52 64.77 18.5 9.252 18.5 18.5 0 18.5 9.252 9.252 0 0 0 9.252 0 0 0
1 470.9 261.6 170 183.1 52.32 65.4 39.24 26.16 13.08 13.08 0 0 0 0 0 0 0 13.08 0 0
1 383.3 264.3 237.9 105.7 158.6 39.65 13.22 39.65 0 0 39.65 0 0 13.22 13.22 0 0 0 0 13.22
1 299.8 244.3 177.7 144.4 66.63 66.63 55.52 11.1 33.31 11.1 0 0 0 0 0 0 0 0 0 0
1 369.1 256.3 92.27 112.8 82.01 20.5 10.25 30.76 20.5 10.25 0 0 10.25 10.25 0 0 0 0 0 0
1 323.5 232.5 141.5 80.87 70.76 50.54 30.33 30.33 20.22 10.11 10.11 0 10.11 0 0 0 0 0 0 0
1 383.8 291.2 225 172.1 52.94 79.41 26.47 26.47 26.47 0 13.24 0 0 13.24 0 0 0 0 0 13.24
1 376.5 207.7 246.7 155.8 90.87 103.9 38.95 38.95 25.96 0 0 12.98 0 0 0 0 0 0 0 0
1 501.1 250.6 125.3 102.5 68.34 34.17 22.78 22.78 0 0 11.39 0 0 0 0 0 0 0 0 0
1 426.2 363.1 205.2 236.8 142.1 94.71 63.14 0 0 15.79 0 0 0 0 0 0 0 31.57 0 0
1 699.8 162.8 276.7 179 146.5 48.83 81.38 0 32.55 0 0 0 0 0 0 0 0 0 0 0
1 538.9 459.1 379.2 199.6 159.7 39.92 59.88 39.92 59.88 19.96 19.96 19.96 0 0 0 0 0 0 0 0
1 705.5 432.4 341.4 227.6 204.8 113.8 68.28 0 22.76 45.52 45.52 0 22.76 0 22.76 0 22.76 0 0 0
1 336.5 276.4 180.3 144.2 60.1 72.12 60.1 24.04 12.02 12.02 0 12.02 0 12.02 0 0 0 0 0 0
1 494.1 282.3 141.2 70.58 112.9 112.9 56.47 14.12 28.23 14.12 14.12 14.12 0 14.12 28.23 0 0 14.12 0 0
1 351.3 351.3 198.6 259.7 91.65 76.38 45.83 45.83 15.28 45.83 15.28 0 0 15.28 15.28 0 0 0 0 0
1 428.4 367.2 275.4 183.6 107.1 30.6 45.9 15.3 45.9 0 0 0 30.6 0 0 0 0 0 0 0
1 537.9 519.3 315.3 185.5 37.09 37.09 74.19 0 74.19 37.09 0 0 0 0 0 18.55 0 0 18.55 0
1 540.7 475.8 302.8 237.9 259.5 129.8 64.88 0 86.51 21.63 0 0 21.63 0 21.63 0 0 0 0 0
1 642.9 359.3 359.3 132.4 132.4 75.64 37.82 37.82 56.73 18.91 0 18.91 0 18.91 0 0 0 0 0 0
1 606.5 374.6 267.6 196.2 124.9 35.68 35.68 107 17.84 17.84 0 0 0 0 0 0 0 0 0 0
1 343.9 332.1 118.6 118.6 94.87 71.15 0 59.3 11.86 11.86 11.86 0 0 0 0 0 11.86 0 0 0
1 563.2 273.1 341.3 204.8 85.33 17.07 136.5 51.2 17.07 17.07 0 0 0 0 0 0 0 0 0 0
1 589.2 269.4 319.9 134.7 67.34 101 67.34 33.67 16.83 33.67 0 0 16.83 16.83 16.83 0 0 0 0 0
1 444.5 215.9 165.1 177.8 88.89 38.1 25.4 12.7 50.8 25.4 0 12.7 0 0 12.7 0 0 0 0 0
1 589.8 387.1 258 165.9 110.6 129 55.29 55.29 18.43 18.43 36.86 0 18.43 0 0 0 0 0 0 0
1 533.7 371.9 258.7 129.4 80.86 80.86 32.34 32.34 32.34 0 32.34 16.17 0 16.17 0 0 0 0 0 0
1 484 484 224.7 207.4 86.43 51.86 103.7 51.86 0 17.29 0 0 0 17.29 0 0 0 0 0 0
1 472.6 391.6 202.5 162 54.01 13.5 27 13.5 0 0 0 0 13.5 0 0 0 0 0 0 0
1 421.8 253.1 192.8 120.5 84.37 36.16 24.11 24.11 24.11 0 12.05 0 0 12.05 0 0 0 0 0 0
1 646 520.4 197.4 179.5 107.7 89.73 35.89 0 0 0 17.95 0 0 0 0 0 0 0 0 0
1 459.7 287.3 287.3 201.1 86.19 57.46 28.73 14.37 14.37 0 0 0 0 0 0 0 0 0 0 0
1 465.9 334.8 320.3 58.23 160.1 43.67 14.56 29.12 14.56 0 14.56 0 0 0 0 0 0 0 0 0
1 427.3 297.8 271.9 116.5 90.63 12.95 38.84 25.9 12.95 0 0 0 0 0 0 0 0 0 0 0
1 305.7 236.7 177.5 88.75 88.75 39.44 29.58 9.861 0 0 9.861 0 0 0 0 0 0 0 0 0
1 296.7 229.7 162.7 86.14 95.71 28.71 47.85 0 9.571 0 0 0 0 0 0 0 0 0 0 0
1 384.7 307.8 197.9 43.97 43.97 43.97 32.98 21.98 21.98 0 0 0 0 0 0 0 0 0 0 0
1 458.9 263.9 149.1 103.3 45.89 34.42 34.42 11.47 34.42 11.47 0 0 0 0 0 0 0 0 0 0
1 360.5 336.4 216.3 156.2 60.08 36.05 12.02 0 24.03 0 0 0 0 0 0 0 0 0 0 0
1 351.7 304.8 246.2 82.06 82.06 58.62 23.45 11.72 0 0 11.72 0 0 0 0 0 0 0 0 0
1 486.6 328.2 113.2 101.9 45.27 0 22.63 11.32 0 22.63 0 0 0 0 0 0 0 0 0 0
1 290 270 200 120 59.99 39.99 20 0 0 0 0 0 0 0 0 0 0 0 0 0
1 431.8 312.7 327.5 208.4 44.66 104.2 29.78 14.89 14.89 0 0 0 0 0 0 0 0 0 0 0
1 333.4 266.7 177.8 100 155.6 33.34 22.23 22.23 0 0 0 0 0 0 0 0 0 0 0 0
1 290.8 255.5 132.2 79.3 35.25 44.06 35.25 0 0 8.812 0 0 0 0 0 0 0 0 0 0
1 294.1 294.1 124.8 35.65 89.12 35.65 0 17.82 0 0 0 0 0 0 0 0 0 0 0 0
1 246.6 222.7 119.3 111.4 31.82 31.82 15.91 7.955 7.955 0 0 0 0 0 0 0 0 0 0 0
1 216 151.8 87.57 40.87 35.03 11.68 5.838 23.35 0 5.838 5.838 0 0 0 0 0 0 0 0 0
1 383.3 172.5 182.1 67.08 67.08 47.91 28.75 0 0 0 0 9.583 0 0 0 0 0 0 0 0
1 287.8 217.8 147.8 77.79 38.89 0 7.779 0 0 0 0 0 0 0 0 0 0 0 0 0
1 256.2 232.9 163 31.05 23.29 38.82 7.764 15.53 0 0 0 7.764 0 0 0 0 0 0 0 0
1 260.1 251.7 125.9 109.1 50.34 16.78 25.17 0 0 0 0 0 0 0 0 0 0 0 0 0
1 373.4 262.4 121.1 121.1 70.64 30.28 20.18 0 10.09 0 0 0 0 0 0 0 0 0 0 0
1 253.4 152 88.68 63.34 57.01 12.67 0 6.334 0 0 0 0 0 0 0 0 0 0 0 0
1 253.5 171.5 134.2 67.11 59.66 22.37 14.91 7.457 14.91 0 0 0 0 0 0 0 0 0 0 0
1 267.3 204 105.5 49.23 7.033 35.17 21.1 0 14.07 0 0 0 0 0 0 0 0 0 0 0
1 215.6 128.2 99.04 69.91 34.96 11.65 17.48 0 5.826 0 0 0 0 0 0 0 0 0 0 0
1 379.9 289.9 160 69.98 69.98 19.99 0 9.997 0 0 0 0 0 0 0 0 0 0 0 0
1 262.8 192.7 183.9 131.4 43.8 52.56 8.759 0 0 0 0 0 0 0 0 0 0 0 0 0
1 326.7 297 138.6 138.6 39.6 29.7 19.8 0 0 0 0 0 0 0 0 0 0 0 0 0
1 322.7 161.4 96.82 129.1 64.55 16.14 8.068 0 0 0 8.068 0 0 0 0 0 0 0 0 0
1 260.4 141.5 90.58 39.63 16.98 5.661 0 11.32 0 0 0 0 0 0 0 0 0 0 0 0
1 396.6 306 158.7 113.3 68 45.33 34 0 0 11.33 0 0 0 0 0 0 0 0 0 0
1 223.2 199 96.5 48.25 24.13 12.06 0 0 0 0 0 0 0 0 0 0 0 0 0 0
1 346.4 383.5 235.1 111.4 86.61 49.49 12.37 0 12.37 0 0 0 0 0 0 0 0 0 0 0
1 247.4 287.3 127.7 71.83 31.92 15.96 0 0 0 0 15.96 0 0 0 0 0 0 0 0 0
1 263.1 219.3 73.09 80.4 21.93 58.47 7.309 0 7.309 0 0 0 0 0 0 0 0 0 0 0
1 330.1 243.3 147.7 60.82 52.13 26.06 0 0 8.688 0 0 0 0 0 0 0 0 0 0 0
1 289.6 204.4 110.7 136.3 25.55 51.1 17.03 0 0 8.517 8.517 0 0 0 0 0 0 0 0 0
1 383 244.7 117 106.4 127.7 21.28 53.19 0 10.64 0 0 0 0 0 0 0 0 0 0 0
1 359.4 255.4 151.3 104 47.29 9.459 9.459 9.459 0 0 0 0 0 0 0 0 0 0 0 0
1 412.6 319.8 123.8 92.83 30.94 20.63 20.63 0 0 10.31 0 0 0 0 0 0 0 0 0 0
1 344.6 333.8 204.6 96.92 43.08 21.54 10.77 10.77 0 0 10.77 0 0 0 0 0 0 0 0 0
1 251.2 157 94.21 62.81 31.4 18.84 12.56 0 0 0 0 0 0 0 0 0 0 0 0 0
1 376.8 179.4 179.4 44.85 53.82 17.94 0 8.97 26.91 0 8.97 0 0 0 0 0 0 0 0 0
1 385.1 338.4 268.4 93.36 35.01 23.34 23.34 0 0 0 0 0 0 0 0 0 0 0 0 0
1 284.4 169.1 123 69.18 84.55 30.75 0 7.686 0 0 0 0 0 0 0 0 0 0 0 0
1 284.3 156.4 106.6 56.87 49.76 21.33 14.22 7.109 14.22 0 0 0 0 0 0 0 0 0 0 0
1 387.3 353.1 193.7 56.96 56.96 34.17 34.17 11.39 11.39 0 0 0 0 0 0 0 0 0 0 0
1 583.7 408.6 233.5 145.9 43.77 29.18 0 0 14.59 0 0 0 0 0 0 0 0 0 0 0
1 360.4 302.3 255.8 116.3 34.88 46.5 34.88 0 0 0 11.63 0 0 0 0 0 0 0 0 0
1 397.1 150.9 158.9 31.77 47.66 7.943 0 0 0 0 0 0 0 0 0 0 0 0 0 0
1 455.4 275.4 190.6 74.14 42.37 10.59 0 0 0 0 0 0 0 0 0 0 0 10.59 0 0
1 417.7 370 131.3 155.1 59.67 11.93 35.8 0 0 11.93 0 0 0 0 0 0 0 0 0 0
1 421.4 262 125.3 227.8 68.34 22.78 11.39 0 0 0 0 0 0 0 0 0 0 0 0 0
