 landings-at-age - landings.n (units : NA )
1	2	
2	100	
1	20	
1 
0.02659 0.2984 0.8352 0.6934 0.4839 0.3377 0.2357 0.1644 0.1148 0.08008 0.05589 0.039 0.02722 0.01899 0.01325 0.009249 0.006454 0.004504 0.003143 0.007259
0.002299 0.05216 0.1462 0.1214 0.08475 0.05914 0.04127 0.0288 0.0201 0.01403 0.009787 0.00683 0.004766 0.003326 0.002321 0.00162 0.00113 0.0007888 0.0005504 0.001271
0.002376 0.02582 0.1464 0.1219 0.08515 0.05942 0.04147 0.02894 0.02019 0.01409 0.009834 0.006862 0.004789 0.003342 0.002332 0.001627 0.001136 0.0007925 0.000553 0.001277
0.002592 0.02668 0.07244 0.122 0.08549 0.0597 0.04166 0.02907 0.02029 0.01416 0.00988 0.006895 0.004811 0.003358 0.002343 0.001635 0.001141 0.0007963 0.0005557 0.001283
0.00236 0.0291 0.07487 0.06041 0.08557 0.05994 0.04186 0.02921 0.02038 0.01423 0.009927 0.006927 0.004834 0.003374 0.002354 0.001643 0.001146 8e-04 0.0005583 0.001289
0.002227 0.02649 0.08167 0.06243 0.04235 0.06 0.04203 0.02935 0.02048 0.01429 0.009974 0.00696 0.004857 0.00339 0.002365 0.001651 0.001152 0.0008038 0.0005609 0.001295
0.002263 0.025 0.07434 0.0681 0.04377 0.0297 0.04207 0.02947 0.02058 0.01436 0.01002 0.006993 0.00488 0.003406 0.002377 0.001658 0.001157 0.0008076 0.0005636 0.001302
0.00245 0.02541 0.07016 0.06199 0.04775 0.03069 0.02082 0.0295 0.02066 0.01443 0.01007 0.007026 0.004903 0.003422 0.002388 0.001666 0.001163 0.0008114 0.0005663 0.001308
0.00256 0.02751 0.07129 0.0585 0.04347 0.03348 0.02152 0.0146 0.02068 0.01449 0.01012 0.00706 0.004926 0.003438 0.002399 0.001674 0.001168 0.0008153 0.0005689 0.001314
0.002504 0.02875 0.07719 0.05945 0.04102 0.03048 0.02347 0.01509 0.01024 0.0145 0.01016 0.007093 0.00495 0.003454 0.00241 0.001682 0.001174 0.0008191 0.0005716 0.00132
0.002575 0.02811 0.08067 0.06437 0.04168 0.02876 0.02137 0.01646 0.01058 0.007177 0.01017 0.007121 0.004973 0.003471 0.002422 0.00169 0.001179 0.000823 0.0005743 0.001326
0.002726 0.02891 0.07888 0.06727 0.04513 0.02923 0.02017 0.01498 0.01154 0.007417 0.005032 0.007128 0.004993 0.003487 0.002433 0.001698 0.001185 0.0008269 0.0005771 0.001333
0.002988 0.03061 0.08111 0.06578 0.04716 0.03164 0.02049 0.01414 0.0105 0.008091 0.0052 0.003528 0.004998 0.003501 0.002445 0.001706 0.001191 0.0008308 0.0005798 0.001339
0.003029 0.03355 0.08588 0.06764 0.04612 0.03307 0.02219 0.01437 0.009913 0.007365 0.005673 0.003646 0.002474 0.003504 0.002455 0.001714 0.001196 0.0008348 0.0005825 0.001345
0.003207 0.03401 0.09413 0.07161 0.04742 0.03234 0.02319 0.01556 0.01007 0.006951 0.005164 0.003977 0.002557 0.001734 0.002457 0.001721 0.001202 0.0008387 0.0005853 0.001352
0.003249 0.03601 0.09544 0.0785 0.05021 0.03325 0.02267 0.01626 0.01091 0.007063 0.004873 0.003621 0.002789 0.001792 0.001216 0.001723 0.001207 0.0008427 0.0005881 0.001358
0.003514 0.03648 0.101 0.07959 0.05504 0.03521 0.02331 0.0159 0.0114 0.007647 0.004952 0.003417 0.002539 0.001955 0.001257 0.0008526 0.001208 0.000846 0.0005908 0.001365
0.003533 0.03945 0.1024 0.08426 0.0558 0.03859 0.02468 0.01635 0.01115 0.007992 0.005362 0.003472 0.002396 0.00178 0.001371 0.0008812 0.0005978 0.0008469 0.0005932 0.001371
0.0041 0.03967 0.1107 0.08536 0.05908 0.03913 0.02706 0.01731 0.01146 0.007815 0.005603 0.003759 0.002435 0.00168 0.001248 0.0009612 0.0006178 0.0004192 0.0005938 0.001377
0.004176 0.04604 0.1113 0.09231 0.05985 0.04142 0.02743 0.01897 0.01214 0.008036 0.00548 0.003929 0.002636 0.001707 0.001178 0.000875 0.000674 0.0004332 0.0002939 0.001382
0.004241 0.04689 0.1292 0.09282 0.06473 0.04196 0.02904 0.01923 0.0133 0.008508 0.005634 0.003842 0.002755 0.001848 0.001197 0.0008258 0.0006135 0.0004725 0.0003037 0.001175
0.004572 0.04761 0.1316 0.1077 0.06508 0.04538 0.02942 0.02036 0.01349 0.009326 0.005966 0.003951 0.002694 0.001931 0.001296 0.0008392 0.000579 0.0004302 0.0003313 0.001037
0.004926 0.05133 0.1336 0.1097 0.07552 0.04563 0.03182 0.02063 0.01428 0.009456 0.006539 0.004183 0.00277 0.001889 0.001354 0.0009085 0.0005884 0.0004059 0.0003016 0.0009592
0.004965 0.05531 0.144 0.1114 0.07692 0.05295 0.03199 0.02231 0.01446 0.01001 0.00663 0.004585 0.002933 0.001942 0.001324 0.0009495 0.000637 0.0004125 0.0002846 0.000884
0.00525 0.05575 0.1552 0.1201 0.07811 0.05393 0.03713 0.02243 0.01564 0.01014 0.007019 0.004648 0.003214 0.002056 0.001362 0.0009285 0.0006657 0.0004466 0.0002892 0.0008194
0.005006 0.05895 0.1564 0.1294 0.08421 0.05477 0.03781 0.02603 0.01573 0.01097 0.00711 0.004921 0.003259 0.002254 0.001442 0.0009547 0.000651 0.0004668 0.0003132 0.0007773
0.005085 0.05621 0.1654 0.1304 0.09074 0.05904 0.0384 0.02651 0.01825 0.01103 0.00769 0.004985 0.00345 0.002285 0.00158 0.001011 0.0006694 0.0004564 0.0003273 0.0007646
0.005501 0.05709 0.1577 0.1379 0.09146 0.06362 0.0414 0.02692 0.01859 0.0128 0.007732 0.005392 0.003496 0.002419 0.001602 0.001108 0.0007088 0.0004693 0.00032 0.0007655
0.005759 0.06176 0.1602 0.1315 0.09671 0.06413 0.04461 0.02903 0.01888 0.01303 0.008973 0.005421 0.00378 0.002451 0.001696 0.001123 0.0007768 0.0004969 0.0003291 0.0007611
0.005552 0.06467 0.1733 0.1336 0.09222 0.06781 0.04496 0.03128 0.02035 0.01324 0.009139 0.006291 0.003801 0.002651 0.001718 0.001189 0.0007877 0.0005447 0.0003484 0.0007644
0.005642 0.06234 0.1815 0.1445 0.09366 0.06466 0.04754 0.03152 0.02193 0.01427 0.009281 0.006407 0.004411 0.002665 0.001858 0.001205 0.0008339 0.0005523 0.0003819 0.0007803
0.005836 0.06335 0.1749 0.1513 0.1013 0.06567 0.04534 0.03334 0.0221 0.01538 0.01 0.006507 0.004493 0.003093 0.001869 0.001303 0.0008448 0.0005847 0.0003872 0.0008148
0.005772 0.06553 0.1778 0.1459 0.1061 0.07105 0.04605 0.03179 0.02337 0.0155 0.01078 0.007015 0.004562 0.00315 0.002169 0.00131 0.0009136 0.0005923 0.0004099 0.0008428
0.005734 0.06481 0.1839 0.1482 0.1023 0.07438 0.04981 0.03228 0.02229 0.01639 0.01087 0.007559 0.004918 0.003199 0.002209 0.00152 0.0009186 0.0006406 0.0004153 0.0008783
0.006046 0.06439 0.1819 0.1533 0.1039 0.0717 0.05215 0.03493 0.02264 0.01563 0.01149 0.007619 0.0053 0.003449 0.002243 0.001549 0.001066 0.0006441 0.0004491 0.000907
0.005851 0.06789 0.1807 0.1517 0.1075 0.07287 0.05027 0.03657 0.02449 0.01587 0.01096 0.008056 0.005342 0.003716 0.002418 0.001573 0.001086 0.0007474 0.0004516 0.0009509
0.006508 0.06569 0.1905 0.1507 0.1063 0.07538 0.05109 0.03525 0.02564 0.01717 0.01113 0.007682 0.005649 0.003745 0.002605 0.001695 0.001103 0.0007612 0.0005241 0.0009833
0.006478 0.07308 0.1843 0.1589 0.1056 0.07455 0.05285 0.03582 0.02472 0.01798 0.01204 0.007802 0.005386 0.00396 0.002626 0.001827 0.001189 0.0007731 0.0005337 0.001057
0.006418 0.07273 0.2051 0.1537 0.1114 0.07406 0.05227 0.03706 0.02512 0.01733 0.0126 0.008441 0.005471 0.003776 0.002777 0.001841 0.001281 0.0008334 0.000542 0.001115
1.79 18.57 48.72 40.06 25.25 18.29 12.17 8.586 6.087 4.126 2.846 2.07 1.386 0.8986 0.6203 0.4561 0.3024 0.2104 0.1369 0.2722
1.663 18.41 43.2 30.25 20.44 12.88 9.333 6.206 4.38 3.105 2.105 1.452 1.056 0.7073 0.4584 0.3165 0.2327 0.1543 0.1073 0.2087
1.878 20.31 50.52 31.75 18.29 12.36 7.789 5.644 3.753 2.649 1.878 1.273 0.8781 0.6387 0.4277 0.2772 0.1914 0.1407 0.0933 0.1911
1.496 18.55 45.28 29.91 15.42 8.887 6.003 3.784 2.742 1.823 1.287 0.9122 0.6183 0.4266 0.3103 0.2078 0.1347 0.09297 0.06836 0.1382
1.344 15.98 44.93 29.41 15.98 8.24 4.748 3.207 2.022 1.465 0.9741 0.6874 0.4873 0.3303 0.2279 0.1658 0.111 0.07195 0.04967 0.1103
1.213 15.26 41.08 31.01 16.71 9.077 4.681 2.697 1.822 1.148 0.8321 0.5533 0.3905 0.2769 0.1877 0.1295 0.09417 0.06306 0.04087 0.0909
1.152 13.21 37.6 27.08 16.81 9.057 4.921 2.538 1.462 0.9878 0.6226 0.4512 0.3 0.2117 0.1501 0.1017 0.07019 0.05106 0.03419 0.07144
1.181 13.11 33.92 25.82 15.3 9.497 5.116 2.78 1.433 0.8259 0.558 0.3517 0.2548 0.1695 0.1196 0.08478 0.05747 0.03965 0.02884 0.05967
1.035 11.75 29.59 20.43 12.78 7.57 4.7 2.532 1.376 0.7094 0.4087 0.2761 0.174 0.1261 0.08386 0.05918 0.04196 0.02844 0.01962 0.0438
1.166 12.98 33.14 22.41 12.74 7.97 4.721 2.931 1.579 0.8579 0.4424 0.2549 0.1722 0.1085 0.07865 0.0523 0.03691 0.02617 0.01774 0.03955
1.156 12.17 30.47 20.65 11.46 6.514 4.075 2.414 1.499 0.8074 0.4387 0.2262 0.1303 0.08805 0.0555 0.04022 0.02674 0.01887 0.01338 0.02929
1.231 13.05 30.85 20.57 11.46 6.358 3.614 2.261 1.339 0.8315 0.4479 0.2434 0.1255 0.07232 0.04885 0.03079 0.02231 0.01484 0.01047 0.02368
1.152 12.82 30.6 19.23 10.53 5.863 3.254 1.85 1.157 0.6854 0.4255 0.2292 0.1246 0.06423 0.03701 0.025 0.01576 0.01142 0.007593 0.01748
1.066 12.16 30.6 19.52 10.08 5.519 3.073 1.706 0.9696 0.6066 0.3593 0.2231 0.1202 0.06529 0.03367 0.0194 0.01311 0.008261 0.005986 0.01314
1.066 12 30.93 20.84 10.93 5.646 3.091 1.721 0.9554 0.5431 0.3397 0.2012 0.1249 0.06731 0.03657 0.01886 0.01087 0.007341 0.004627 0.01071
1.119 11.91 30.23 20.79 11.52 6.042 3.121 1.708 0.9514 0.5281 0.3002 0.1878 0.1112 0.06906 0.0372 0.02021 0.01042 0.006006 0.004057 0.008479
0.9864 11.34 27.33 18.5 10.46 5.791 3.038 1.569 0.859 0.4784 0.2655 0.1509 0.09442 0.05593 0.03472 0.01871 0.01016 0.005241 0.00302 0.006304
1.068 12.14 31.39 20.27 11.29 6.382 3.535 1.854 0.9578 0.5243 0.292 0.1621 0.09212 0.05763 0.03414 0.02119 0.01142 0.006204 0.003199 0.005691
0.9625 10.69 27.4 18.81 9.97 5.555 3.139 1.739 0.9121 0.4711 0.2579 0.1436 0.07972 0.04531 0.02835 0.01679 0.01043 0.005616 0.003051 0.004373
0.9956 10.38 26.1 17.91 10.11 5.36 2.987 1.688 0.9348 0.4904 0.2533 0.1387 0.07722 0.04286 0.02436 0.01524 0.009028 0.005605 0.00302 0.003992
1.056 12.02 28.18 18.96 10.7 6.044 3.203 1.785 1.009 0.5586 0.293 0.1514 0.08286 0.04614 0.02561 0.01456 0.009108 0.005395 0.003349 0.00419
0.9839 11.42 29.17 18.12 10.01 5.651 3.19 1.691 0.9422 0.5324 0.2949 0.1547 0.07991 0.04374 0.02436 0.01352 0.007686 0.004808 0.002848 0.00398
0.9201 10.88 28.29 19.17 9.778 5.399 3.049 1.721 0.9122 0.5083 0.2872 0.1591 0.08346 0.04311 0.0236 0.01314 0.007294 0.004146 0.002594 0.003684
0.8384 9.107 24.3 16.77 9.326 4.756 2.626 1.483 0.8373 0.4438 0.2473 0.1397 0.07739 0.0406 0.02097 0.01148 0.006393 0.003548 0.002017 0.003054
0.8654 9.43 23.13 16.52 9.379 5.216 2.66 1.469 0.8295 0.4683 0.2482 0.1383 0.07815 0.04328 0.02271 0.01173 0.006421 0.003576 0.001985 0.002836
0.861 9.371 23.06 15.1 8.868 5.034 2.8 1.428 0.7883 0.4452 0.2513 0.1332 0.07422 0.04194 0.02323 0.01219 0.006295 0.003446 0.001919 0.002587
0.831 9.504 23.34 15.35 8.266 4.854 2.755 1.532 0.7814 0.4315 0.2437 0.1376 0.07291 0.04062 0.02296 0.01271 0.00667 0.003445 0.001886 0.002466
0.7417 8.536 22.12 14.52 7.849 4.227 2.482 1.409 0.7837 0.3996 0.2207 0.1246 0.07035 0.03729 0.02078 0.01174 0.006503 0.003411 0.001762 0.002226
0.8697 9.094 23.56 16.38 8.849 4.783 2.576 1.512 0.8585 0.4775 0.2435 0.1344 0.07593 0.04287 0.02272 0.01266 0.007153 0.003962 0.002078 0.00243
0.8275 8.987 21.17 14.57 8.314 4.493 2.428 1.308 0.7678 0.4359 0.2424 0.1236 0.06826 0.03855 0.02176 0.01153 0.006427 0.003632 0.002012 0.002289
0.801 8.4 20.69 13.04 7.374 4.208 2.274 1.229 0.6619 0.3887 0.2206 0.1227 0.06258 0.03455 0.01951 0.01102 0.005838 0.003253 0.001838 0.002177
0.902 9.393 22.28 14.76 7.654 4.33 2.471 1.335 0.7216 0.3887 0.2282 0.1295 0.07205 0.03674 0.02029 0.01146 0.006468 0.003428 0.00191 0.002358
0.8628 9.752 22.94 14.54 7.919 4.108 2.324 1.326 0.7166 0.3873 0.2086 0.1225 0.06952 0.03867 0.01972 0.01089 0.006149 0.003471 0.00184 0.00229
0.8709 9.909 25.22 15.86 8.266 4.501 2.334 1.321 0.7536 0.4072 0.2201 0.1185 0.0696 0.03951 0.02197 0.01121 0.006187 0.003494 0.001973 0.002347
0.844 9.11 23.38 15.84 8.182 4.265 2.322 1.205 0.6814 0.3888 0.2101 0.1136 0.06116 0.03591 0.02039 0.01134 0.005782 0.003193 0.001803 0.002229
0.8461 8.784 21.49 14.76 8.219 4.245 2.213 1.205 0.625 0.3535 0.2018 0.109 0.05893 0.03174 0.01863 0.01058 0.005883 0.003 0.001657 0.002092
0.8668 9.447 22.23 14.61 8.256 4.599 2.375 1.238 0.6742 0.3497 0.1978 0.1129 0.06101 0.03297 0.01776 0.01043 0.005919 0.003292 0.001679 0.002098
0.8991 10.35 25.38 15.99 8.643 4.885 2.721 1.406 0.7327 0.3989 0.2069 0.117 0.0668 0.0361 0.01951 0.01051 0.006169 0.003502 0.001948 0.002234
0.8316 8.995 23.39 15.26 7.889 4.265 2.411 1.343 0.6937 0.3616 0.1969 0.1021 0.05777 0.03297 0.01781 0.009628 0.005185 0.003045 0.001728 0.002064
0.9522 9.462 23.11 16.1 8.641 4.468 2.416 1.366 0.7607 0.3929 0.2048 0.1115 0.05784 0.03272 0.01867 0.01009 0.005453 0.002937 0.001725 0.002148
1.005 11.09 24.74 16.11 9.229 4.952 2.561 1.385 0.7826 0.436 0.2252 0.1174 0.06391 0.03315 0.01875 0.0107 0.005783 0.003126 0.001683 0.00222
0.8967 9.899 24.67 14.61 7.806 4.471 2.399 1.241 0.6708 0.3791 0.2112 0.1091 0.05686 0.03096 0.01606 0.009084 0.005184 0.002802 0.001514 0.001891
0.8019 10.14 25.28 16.88 8.221 4.393 2.516 1.35 0.6982 0.3775 0.2134 0.1189 0.06139 0.032 0.01742 0.009038 0.005112 0.002918 0.001577 0.001916
0.8474 8.605 24.58 16.38 8.988 4.378 2.34 1.34 0.7191 0.3718 0.201 0.1136 0.0633 0.03269 0.01704 0.009279 0.004813 0.002723 0.001554 0.00186
0.9143 9.485 21.74 16.61 9.101 4.995 2.433 1.3 0.7447 0.3996 0.2066 0.1117 0.06315 0.03518 0.01817 0.009471 0.005157 0.002675 0.001513 0.001897
0.8587 9.357 22 13.47 8.462 4.636 2.545 1.24 0.6625 0.3794 0.2036 0.1053 0.05692 0.03217 0.01792 0.009257 0.004825 0.002627 0.001363 0.001737
0.9 9.651 23.83 15.05 7.589 4.767 2.612 1.433 0.6983 0.3732 0.2137 0.1147 0.0593 0.03206 0.01812 0.0101 0.005215 0.002718 0.00148 0.001746
0.9475 10.43 25.22 16.68 8.666 4.369 2.744 1.504 0.8252 0.402 0.2148 0.123 0.06602 0.03414 0.01846 0.01043 0.005812 0.003002 0.001565 0.001858
0.9134 10.55 26.09 16.8 9.125 4.742 2.391 1.502 0.8228 0.4516 0.22 0.1176 0.06733 0.03613 0.01868 0.0101 0.00571 0.003181 0.001643 0.001873
0.9528 10.08 26.11 17.17 9.074 4.929 2.562 1.292 0.8112 0.4445 0.2439 0.1188 0.06351 0.03637 0.01952 0.01009 0.005457 0.003084 0.001718 0.001899
0.855 9.306 22.27 15.35 8.283 4.378 2.378 1.236 0.6232 0.3914 0.2145 0.1177 0.05734 0.03064 0.01755 0.009417 0.00487 0.002633 0.001488 0.001745
0.9573 10.5 25.72 16.5 9.36 5.052 2.67 1.451 0.7539 0.3801 0.2387 0.1308 0.07179 0.03497 0.01869 0.0107 0.005744 0.00297 0.001606 0.001972
0.9811 10.16 25.04 16.27 8.571 4.862 2.624 1.387 0.7536 0.3916 0.1974 0.124 0.06795 0.03729 0.01817 0.009709 0.00556 0.002984 0.001543 0.001859
1.039 10.87 25.29 16.59 8.855 4.663 2.645 1.428 0.7548 0.41 0.2131 0.1074 0.06747 0.03697 0.02029 0.009884 0.005282 0.003025 0.001623 0.001851
0.9678 10.46 24.72 15.3 8.24 4.399 2.317 1.314 0.7094 0.375 0.2037 0.1059 0.05337 0.03352 0.01837 0.01008 0.004911 0.002624 0.001503 0.001726
0.9198 10.5 25.71 16.29 8.295 4.468 2.385 1.256 0.7126 0.3846 0.2033 0.1104 0.05739 0.02894 0.01817 0.009958 0.005465 0.002662 0.001423 0.001751
0.9608 10.58 27.26 17.9 9.334 4.752 2.559 1.366 0.7196 0.4082 0.2203 0.1165 0.06327 0.03288 0.01658 0.01041 0.005705 0.003131 0.001525 0.001818
1.063 10.79 26.73 18.37 9.914 5.171 2.632 1.418 0.7569 0.3986 0.2261 0.122 0.06452 0.03505 0.01821 0.009183 0.005768 0.00316 0.001734 0.001852
0.971 10.97 25.15 16.59 9.368 5.055 2.636 1.342 0.7228 0.3859 0.2032 0.1153 0.06222 0.03289 0.01787 0.009286 0.004682 0.002941 0.001611 0.001829
1.104 11.57 29.37 17.99 9.764 5.512 2.974 1.551 0.7896 0.4253 0.227 0.1196 0.06783 0.03661 0.01935 0.01051 0.005463 0.002754 0.00173 0.002024
