 landings-at-age - landings.n (units : NA )
1	2	
42	100	
1	20	
1 
0.001707 0.06672 0.2755 0.06839 0.05981 0.03106 0.09421 0.02353 0.01935 0.08101 0.006737 0.009354 0.005925 0.004779 0.002813 0.0025 0.001474 0.003218 0.001098 0.001933
0.002081 0.01916 0.1872 0.2298 0.04795 0.04194 0.02178 0.06606 0.0165 0.01356 0.0568 0.004724 0.006558 0.004155 0.003351 0.001972 0.001753 0.001033 0.002256 0.002125
0.08863 0.3671 0.8411 2.439 2.517 0.5254 0.4594 0.2386 0.7237 0.1808 0.1486 0.6223 0.05175 0.07185 0.04552 0.03671 0.02161 0.0192 0.01132 0.048
0.2134 1.921 1.968 1.331 3.241 3.344 0.698 0.6104 0.317 0.9616 0.2402 0.1975 0.8268 0.06876 0.09547 0.06048 0.04878 0.02871 0.02552 0.07881
0.1121 3.539 7.834 2.354 1.335 3.251 3.355 0.7002 0.6123 0.318 0.9645 0.2409 0.1981 0.8294 0.06897 0.09576 0.06066 0.04893 0.0288 0.1046
0.503 1.658 12.8 8.262 2.08 1.179 2.872 2.964 0.6185 0.5409 0.2809 0.8521 0.2128 0.175 0.7327 0.06093 0.08459 0.05359 0.04322 0.1179
0.3488 6.983 5.594 12.51 6.757 1.701 0.9645 2.349 2.424 0.5059 0.4424 0.2298 0.6969 0.1741 0.1431 0.5992 0.04983 0.06919 0.04383 0.1318
0.2908 4.646 22.47 5.186 9.693 5.234 1.317 0.7471 1.819 1.877 0.3918 0.3427 0.178 0.5398 0.1348 0.1108 0.4642 0.0386 0.05359 0.136
0.462 3.762 14.44 20 3.85 7.197 3.886 0.9782 0.5547 1.351 1.394 0.291 0.2544 0.1321 0.4008 0.1001 0.0823 0.3446 0.02866 0.1408
0.4587 5.849 11.37 12.42 14.34 2.761 5.16 2.786 0.7014 0.3977 0.9686 0.9995 0.2086 0.1824 0.09475 0.2874 0.07178 0.05901 0.2471 0.1215
1.122 5.708 17.28 9.507 8.643 9.974 1.921 3.59 1.938 0.488 0.2767 0.6738 0.6954 0.1451 0.1269 0.06592 0.1999 0.04994 0.04105 0.2564
2.038 13.77 16.54 14.08 6.438 5.853 6.755 1.301 2.431 1.313 0.3304 0.1874 0.4563 0.4709 0.09828 0.08595 0.04464 0.1354 0.03382 0.2015
1.427 24.73 39.22 13.16 9.303 4.254 3.867 4.463 0.8594 1.606 0.8673 0.2183 0.1238 0.3015 0.3111 0.06494 0.05679 0.02949 0.08945 0.1555
0.3914 17.14 69.34 30.54 8.501 6.007 2.747 2.497 2.882 0.5549 1.037 0.5601 0.141 0.07995 0.1947 0.2009 0.04193 0.03667 0.01905 0.1582
1.271 4.664 47.4 52.92 19.3 5.372 3.796 1.736 1.578 1.821 0.3507 0.6555 0.3539 0.0891 0.05052 0.123 0.127 0.0265 0.02317 0.112
0.783 15.04 12.73 35.48 32.76 11.95 3.326 2.35 1.075 0.977 1.127 0.2171 0.4058 0.2191 0.05516 0.03128 0.07617 0.0786 0.01641 0.08367
1.339 9.201 40.52 9.352 21.53 19.88 7.252 2.018 1.426 0.6522 0.593 0.6843 0.1318 0.2463 0.133 0.03348 0.01898 0.04623 0.04771 0.06074
3.681 15.64 24.51 29.25 5.568 12.82 11.84 4.318 1.202 0.8493 0.3883 0.3531 0.4075 0.07846 0.1467 0.07919 0.01993 0.0113 0.02753 0.06457
0.7832 42.76 41.19 17.39 17.1 3.255 7.494 6.92 2.524 0.7024 0.4964 0.227 0.2064 0.2381 0.04586 0.08572 0.04628 0.01165 0.006607 0.05383
1.134 9.054 111.4 28.74 9.981 9.813 1.868 4.301 3.972 1.449 0.4032 0.2849 0.1303 0.1184 0.1367 0.02632 0.0492 0.02656 0.006687 0.03469
1.426 13.05 23.35 76.48 16.2 5.627 5.533 1.053 2.425 2.239 0.8167 0.2273 0.1606 0.07345 0.06678 0.07707 0.01484 0.02774 0.01498 0.02333
0.8601 15.55 31.85 15.08 40.53 8.588 2.982 2.932 0.5581 1.285 1.187 0.4328 0.1205 0.08513 0.03893 0.03539 0.04084 0.007865 0.0147 0.0203
0.8428 9.377 37.93 20.57 7.994 21.48 4.551 1.58 1.554 0.2958 0.6811 0.6289 0.2294 0.06384 0.04511 0.02063 0.01875 0.02164 0.004168 0.01855
1.29 9.188 22.88 24.5 10.9 4.236 11.38 2.412 0.8375 0.8234 0.1567 0.361 0.3333 0.1216 0.03383 0.02391 0.01093 0.009939 0.01147 0.01204
1.521 14.06 22.42 14.78 12.98 5.777 2.245 6.032 1.278 0.4438 0.4364 0.08307 0.1913 0.1766 0.06442 0.01793 0.01267 0.005793 0.005267 0.01246
2.018 16.58 34.3 14.48 7.831 6.881 3.061 1.19 3.197 0.6773 0.2352 0.2313 0.04402 0.1014 0.0936 0.03414 0.009501 0.006714 0.00307 0.009393
0.9763 22 40.46 22.16 7.674 4.15 3.646 1.622 0.6304 1.694 0.3589 0.1246 0.1225 0.02333 0.05372 0.0496 0.01809 0.005035 0.003558 0.006605
0.1542 10.64 53.68 26.13 11.74 4.067 2.199 1.932 0.8597 0.3341 0.8977 0.1902 0.06605 0.06494 0.01236 0.02847 0.02629 0.009587 0.002668 0.005386
0.8755 1.681 25.97 34.68 13.85 6.222 2.155 1.166 1.024 0.4556 0.177 0.4757 0.1008 0.035 0.03442 0.006551 0.01509 0.01393 0.00508 0.004268
2.246 9.544 4.1 16.77 18.38 7.34 3.297 1.142 0.6176 0.5427 0.2414 0.09383 0.2521 0.05342 0.01855 0.01824 0.003472 0.007995 0.007382 0.004954
0.3739 24.49 23.29 2.649 8.889 9.738 3.89 1.747 0.6052 0.3273 0.2876 0.1279 0.04972 0.1336 0.02831 0.009831 0.009665 0.00184 0.004237 0.006538
0.9242 4.076 59.74 15.04 1.404 4.711 5.161 2.061 0.926 0.3207 0.1735 0.1524 0.0678 0.02635 0.0708 0.015 0.00521 0.005122 0.000975 0.00571
0.2747 10.08 9.945 38.59 7.971 0.7438 2.496 2.735 1.092 0.4907 0.17 0.09192 0.08076 0.03593 0.01396 0.03752 0.00795 0.002761 0.002714 0.003543
2.045 2.995 24.58 6.424 20.45 4.224 0.3942 1.323 1.449 0.5789 0.2601 0.09007 0.04871 0.0428 0.01904 0.0074 0.01988 0.004213 0.001463 0.003316
0.7504 22.29 7.308 15.88 3.404 10.84 2.239 0.2089 0.7011 0.768 0.3068 0.1378 0.04773 0.02582 0.02268 0.01009 0.003922 0.01054 0.002233 0.002533
2.792 8.181 54.4 4.721 8.415 1.804 5.743 1.186 0.1107 0.3715 0.407 0.1626 0.07303 0.0253 0.01368 0.01202 0.005348 0.002078 0.005584 0.002525
0.5645 30.44 19.96 35.13 2.502 4.459 0.956 3.044 0.6287 0.05866 0.1969 0.2157 0.08615 0.0387 0.01341 0.00725 0.00637 0.002834 0.001101 0.004297
0.7987 6.155 74.26 12.89 18.62 1.326 2.363 0.5066 1.613 0.3332 0.03109 0.1043 0.1143 0.04565 0.02051 0.007104 0.003842 0.003376 0.001502 0.002861
1.597 8.707 15.02 47.97 6.833 9.867 0.7025 1.252 0.2685 0.8547 0.1766 0.01647 0.05529 0.06057 0.02419 0.01087 0.003765 0.002036 0.001789 0.002312
0.8563 17.41 21.25 9.699 25.42 3.621 5.229 0.3723 0.6637 0.1423 0.453 0.09356 0.008731 0.0293 0.0321 0.01282 0.00576 0.001995 0.001079 0.002173
0.7485 9.114 41.56 13.43 5.03 13.18 1.878 2.712 0.1931 0.3442 0.07378 0.2349 0.04852 0.004528 0.0152 0.01665 0.006649 0.002987 0.001035 0.001687
2.04 7.967 21.81 26.41 7.007 2.625 6.879 0.9799 1.415 0.1007 0.1796 0.0385 0.1226 0.02532 0.002363 0.007929 0.008687 0.00347 0.001559 0.00142
1.212 21.72 19.12 13.94 13.87 3.679 1.378 3.612 0.5145 0.743 0.0529 0.0943 0.02022 0.06436 0.01329 0.001241 0.004164 0.004561 0.001822 0.001564
1.073 12.9 52.25 12.29 7.365 7.328 1.944 0.7281 1.908 0.2718 0.3925 0.02795 0.04982 0.01068 0.034 0.007024 0.0006554 0.0022 0.00241 0.001789
1 11.42 31.11 33.77 6.532 3.915 3.895 1.033 0.3871 1.014 0.1445 0.2087 0.01486 0.02648 0.005678 0.01808 0.003734 0.0003484 0.001169 0.002232
0.9848 10.65 27.63 20.22 18.06 3.494 2.094 2.083 0.5527 0.207 0.5425 0.07728 0.1116 0.007946 0.01416 0.003037 0.009668 0.001997 0.0001863 0.001819
1.525 10.48 25.82 18.05 10.88 9.719 1.88 1.127 1.121 0.2974 0.1114 0.2919 0.04158 0.06005 0.004276 0.007622 0.001634 0.005202 0.001075 0.001079
0.5253 16.23 25.48 16.96 9.773 5.889 5.261 1.018 0.6099 0.6068 0.161 0.0603 0.158 0.02251 0.03251 0.002314 0.004126 0.0008845 0.002816 0.001166
1.493 5.589 39.55 16.83 9.235 5.322 3.207 2.865 0.5541 0.3321 0.3304 0.08766 0.03283 0.08605 0.01226 0.0177 0.00126 0.002247 0.0004817 0.002168
0.3968 15.88 13.65 26.26 9.218 5.059 2.915 1.756 1.569 0.3035 0.1819 0.181 0.04802 0.01799 0.04714 0.006714 0.009696 0.0006904 0.001231 0.001451
2.176 4.22 38.88 9.112 14.47 5.079 2.787 1.606 0.9677 0.8646 0.1672 0.1002 0.09972 0.02645 0.009909 0.02597 0.003699 0.005342 0.0003804 0.001478
0.5302 23.13 10.36 26.08 5.049 8.017 2.814 1.544 0.89 0.5363 0.4791 0.09267 0.05554 0.05526 0.01466 0.005491 0.01439 0.00205 0.00296 0.00103
2.919 5.632 56.89 6.983 14.54 2.814 4.468 1.568 0.8607 0.496 0.2989 0.267 0.05164 0.03095 0.03079 0.00817 0.00306 0.00802 0.001142 0.002224
1.237 30.99 13.88 38.55 3.913 8.146 1.577 2.504 0.8789 0.4823 0.2779 0.1675 0.1496 0.02894 0.01735 0.01726 0.004578 0.001715 0.004494 0.001886
0.8795 13.13 76.55 9.454 21.72 2.205 4.59 0.8886 1.411 0.4953 0.2718 0.1566 0.09437 0.08431 0.01631 0.009774 0.009724 0.00258 0.0009663 0.003595
0.3627 9.325 32.49 52.38 5.356 12.31 1.249 2.601 0.5034 0.7993 0.2806 0.154 0.08873 0.05347 0.04776 0.009239 0.005538 0.005509 0.001462 0.002584
0.5232 3.842 23.12 22.33 29.83 3.05 7.009 0.7115 1.481 0.2867 0.4552 0.1598 0.08769 0.05053 0.03045 0.0272 0.005262 0.003154 0.003138 0.002304
2.606 5.536 9.541 15.96 12.78 17.08 1.746 4.012 0.4073 0.8478 0.1641 0.2606 0.09148 0.0502 0.02893 0.01743 0.01557 0.003012 0.001805 0.003115
0.7759 27.55 13.77 6.617 9.184 7.355 9.823 1.005 2.308 0.2343 0.4877 0.09442 0.1499 0.05262 0.02888 0.01664 0.01003 0.008959 0.001733 0.002831
