Originally  
101 
A 
42	100	
1	1	NA	NA	
1	20	
1 0.02833 0.6232 0.9065 0.17 0.17 0.1416 0.255 0.08499 0.08499 0.255 0.02833 0 0.05666 0 0 0 0 0 0.02833 0
1 0.03677 0.03677 0.4596 0.5883 0.09193 0.1839 0.01839 0.07354 0.07354 0.03677 0.1839 0 0.01839 0 0.01839 0.01839 0 0 0 0
1 0.03678 0.1839 0.2023 0.4598 0.4414 0.03678 0.1471 0.03678 0.07357 0.03678 0.01839 0.1287 0 0 0 0.01839 0 0 0.01839 0
1 0.05287 0.3525 0.1762 0.05287 0.282 0.3701 0.1057 0 0.05287 0.1057 0.05287 0.01762 0.05287 0.01762 0.03525 0.03525 0 0 0 0
1 0.04082 0.3674 0.4899 0.1633 0.1225 0.3674 0.2858 0.02041 0.04082 0 0.04082 0.04082 0.02041 0.02041 0.02041 0 0 0 0 0
1 0.1778 0.1067 1.209 0.7825 0.249 0.1423 0.1778 0.3201 0.07114 0 0.03557 0.1778 0 0 0.1067 0 0 0 0 0
1 0.07224 0.3251 0.2348 0.4334 0.307 0.05418 0.03612 0.07224 0.1625 0 0.01806 0 0.07224 0.01806 0 0 0 0 0 0
1 0.03718 0.2231 0.6879 0.2417 0.2045 0.07437 0.03718 0 0.07437 0.1301 0.01859 0.01859 0.01859 0.05578 0 0 0.01859 0 0.01859 0
1 0.05181 0.259 0.3281 0.5353 0.08635 0.2072 0.1382 0 0.01727 0 0.05181 0 0.03454 0 0 0.01727 0 0 0 0
1 0.01318 0.1977 0.1714 0.29 0.3295 0.05272 0.1054 0.0659 0.02636 0 0 0.02636 0.01318 0 0 0.02636 0 0 0 0
1 0.08245 0.1319 0.4617 0.2968 0.2144 0.2308 0.09894 0.04947 0.04947 0 0 0.01649 0.01649 0 0 0 0 0 0 0
1 0.08808 0.4404 0.4756 0.2466 0.1409 0.07046 0.08808 0.03523 0.03523 0.03523 0 0.01762 0 0.07046 0 0 0 0 0 0.01762
1 0.02566 0.4618 0.4362 0.1155 0.07697 0.05132 0.02566 0.06415 0 0.01283 0.01283 0 0 0 0 0 0 0 0 0
1 0 0.4893 0.9088 0.4427 0.2097 0.09321 0.0466 0.0233 0 0.0466 0 0.0233 0.0233 0 0.0233 0 0 0 0 0
1 0.1017 0.0678 1.085 1.492 0.3051 0.1356 0.0678 0.0339 0.0678 0 0 0 0 0 0 0.0339 0 0 0 0
1 0.06861 0.3602 0.3259 0.3602 0.3774 0.1029 0.05146 0.01715 0 0.01715 0.01715 0.01715 0 0 0 0 0 0 0 0
1 0.06199 0.09918 0.4587 0.09918 0.2232 0.1612 0.06199 0.0248 0 0.0124 0 0.0248 0 0.0124 0 0 0 0 0 0
1 0.2127 0.4061 0.5028 0.2321 0.03868 0.2707 0.174 0.03868 0.05801 0 0 0 0 0 0 0 0 0 0 0
1 0 1.01 0.5162 0.1795 0.3142 0.04489 0.08977 0.04489 0 0 0.02244 0 0.02244 0 0 0 0 0 0 0
1 0.04247 0.1062 1.274 0.2761 0.1274 0.1274 0.04247 0.06371 0.02124 0.02124 0 0 0 0 0 0 0 0.02124 0 0
1 0.03854 0.2698 0.2698 0.8478 0.212 0.09635 0.09635 0.01927 0 0.03854 0.01927 0 0 0.01927 0 0 0 0 0 0
1 0.02521 0.3025 0.2647 0.1639 0.4033 0.03781 0.0126 0 0 0.0126 0 0.0126 0 0.0126 0.0126 0 0 0 0 0
1 0.01208 0.09666 0.3504 0.1933 0.1087 0.3383 0.06041 0.02417 0.01208 0 0 0 0.01208 0 0 0 0 0 0 0
1 0.009968 0.1495 0.2891 0.2392 0.09968 0.05981 0.1097 0.01994 0.009968 0.009968 0 0 0 0 0 0 0 0 0 0
1 0.03943 0.2366 0.1873 0.1676 0.1873 0.06899 0.01971 0.05914 0 0 0 0 0 0.01971 0 0 0 0 0 0
1 0.03742 0.3493 0.3992 0.237 0.0499 0.06237 0.0499 0 0.0499 0 0 0.01247 0 0 0 0 0 0 0 0
1 0.02601 0.3381 0.4812 0.2211 0.1171 0.05202 0.03902 0.01301 0.01301 0 0 0 0 0 0 0 0 0 0 0
1 0 0.1081 0.5729 0.2162 0.09729 0.04324 0.03243 0 0 0 0 0.01081 0 0 0 0 0 0 0 0
1 0.03227 0.02151 0.3119 0.398 0.1613 0.05378 0.03227 0.03227 0.02151 0 0 0 0.01076 0 0 0 0 0 0 0
1 0.05516 0.1261 0.0394 0.2128 0.26 0.04728 0.03152 0 0.01576 0 0 0 0 0 0 0 0 0 0 0
1 0 0.4623 0.2627 0.01051 0.1156 0.1051 0.04203 0.02101 0.01051 0 0.01051 0.01051 0 0 0 0 0 0 0 0
1 0.0148 0.1332 0.8733 0.1776 0.0296 0.074 0.08881 0.0444 0.0148 0.0148 0.0148 0 0 0 0 0 0 0 0 0
1 0.007923 0.1188 0.1188 0.4278 0.03962 0.01585 0.02377 0.02377 0.007923 0 0.007923 0 0 0 0 0 0 0 0 0
1 0.05029 0.06466 0.2443 0.06466 0.1796 0.05029 0.01437 0.01437 0 0.03592 0 0 0 0 0 0 0 0 0 0
1 0.01222 0.2932 0.0733 0.09773 0.01833 0.08552 0.02443 0 0 0.006108 0 0 0 0 0 0 0 0 0 0
1 0.1421 0.199 0.7674 0.07106 0.1279 0.04263 0.05685 0.01421 0 0 0 0 0 0 0 0 0 0 0 0
1 0.03666 0.5622 0.11 0.3911 0.01222 0.04889 0 0.03666 0.01222 0 0 0.01222 0 0 0 0 0 0 0 0
1 0.01497 0.1198 0.9583 0.1797 0.1497 0.01497 0.01497 0.01497 0 0.01497 0 0.01497 0 0 0 0 0 0 0 0
1 0.04587 0.09174 0.2141 0.8103 0.1529 0.1682 0.03058 0 0 0 0.01529 0 0 0 0 0 0 0 0 0
1 0.04783 0.2152 0.275 0.1315 0.3348 0.04783 0.1076 0.01196 0.01196 0 0.01196 0 0 0 0 0 0 0 0 0
1 0.009721 0.1653 0.4472 0.07777 0.0486 0.1361 0.02916 0.03888 0 0.009721 0 0.009721 0 0 0 0 0 0 0 0
1 0.04938 0.1481 0.2173 0.316 0.06913 0.0395 0.1086 0.01975 0.01975 0 0 0 0 0 0 0 0 0 0 0
1 0.06878 0.3439 0.1572 0.1081 0.1965 0.05895 0.009825 0.0393 0 0 0 0 0 0 0 0 0 0 0 0
1 0.01588 0.3812 0.683 0.2065 0.09531 0.1271 0.04765 0 0.03177 0 0 0 0 0 0 0 0 0 0 0
1 0 0.1851 0.4362 0.4891 0.03966 0.09253 0.0661 0 0 0.01322 0 0 0 0 0 0 0 0 0 0
1 0.04454 0.167 0.3563 0.2004 0.2227 0.04454 0.05567 0.02227 0 0 0 0 0 0 0 0 0 0 0 0
1 0.05917 0.2012 0.3668 0.2485 0.1538 0.142 0 0 0 0 0 0.01183 0 0 0 0 0 0 0 0
1 0.01388 0.4164 0.4581 0.2221 0.1388 0.06941 0.05553 0 0 0.01388 0 0 0 0 0 0 0 0 0 0
1 0.1004 0.1254 0.5896 0.1254 0.1129 0.07526 0.06272 0.01254 0.01254 0 0.01254 0 0 0.02509 0 0 0 0 0 0
1 0 0.4811 0.2026 0.2785 0.1772 0.03798 0.02532 0.01266 0.02532 0.01266 0 0 0 0.01266 0 0 0 0 0 0
1 0.1304 0.0913 0.6652 0.06522 0.2869 0.05217 0.01304 0 0 0 0 0 0 0 0 0 0 0 0 0
1 0 0.597 0.0728 0.4514 0.1165 0.131 0.02912 0.04368 0.01456 0 0 0 0 0 0 0 0 0 0 0
1 0.08729 0.08729 0.9776 0.1397 0.192 0.06983 0.1397 0.01746 0.01746 0.01746 0 0 0 0 0 0 0 0 0 0
1 0.0885 0.7522 0.3982 0.6859 0.04425 0.1106 0.04425 0.06637 0.02212 0 0 0 0 0 0 0 0 0 0 0
1 0.04332 0.1516 1.343 0.13 0.3899 0.02166 0.02166 0.04332 0 0 0.02166 0 0 0 0 0 0 0 0 0
1 0.03349 0.1172 0.3684 0.7871 0.06698 0.2344 0.01675 0.05024 0 0 0 0 0 0 0 0 0 0 0 0
1 0.01451 0.116 0.3191 0.3336 0.3916 0.05802 0.1305 0.02901 0.04352 0 0.01451 0 0 0 0 0 0 0 0 0
1 0.1893 0.1578 0.2051 0.3155 0.1104 0.4575 0 0.09466 0.03155 0.01578 0 0 0 0 0 0 0 0 0 0
1 0 0.8907 0.4143 0.1864 0.1864 0.1243 0.1657 0 0.06214 0 0.04143 0 0 0 0 0 0 0 0 0
