Originally  
101 
A 
42	100	
1	1	NA	NA	
1	20	
1 0.06927 0.2078 0.3637 0.2944 0.1905 0.2251 0.08659 0.1039 0.05195 0.05195 0.03464 0.01732 0 0.03464 0 0 0 0 0 0
1 0.02169 0.347 0.5856 0.3036 0.2603 0.1735 0.1301 0.1084 0.08675 0 0.02169 0.08675 0.02169 0.02169 0 0 0 0 0 0
1 0 0.2421 0.5723 0.4843 0.3522 0.1321 0.1541 0.04402 0.04402 0.04402 0.06604 0 0.02201 0.02201 0 0.02201 0 0 0 0
1 0.08494 0.3964 0.5946 0.5663 0.453 0.2831 0.08494 0.1133 0.08494 0.05663 0.05663 0 0 0 0.02831 0 0 0 0 0.02831
1 0 0.2739 0.4303 0.4108 0.2934 0.1956 0.1369 0.1369 0.03912 0.01956 0 0 0 0 0.01956 0 0 0 0 0
1 0.01966 0.2752 0.4128 0.4718 0.1769 0.2359 0.09829 0.1376 0.07863 0.01966 0.01966 0 0.01966 0 0 0 0 0 0 0
1 0.1505 0.6398 0.828 0.6774 0.4516 0.5269 0.1882 0.07527 0.03764 0.03764 0.07527 0.03764 0 0.03764 0 0 0 0 0 0
1 0 0.2032 0.6773 0.5419 0.2935 0.158 0.1806 0.06773 0.06773 0.04516 0.02258 0 0 0 0 0 0 0 0 0
1 0.1054 0.3954 0.7381 0.3691 0.3954 0.2636 0.07909 0.05272 0.02636 0.02636 0.1054 0.02636 0 0.02636 0 0 0 0 0 0.02636
1 0.05732 0.2484 0.6305 0.2866 0.2484 0.2102 0.09553 0.07642 0.01911 0.01911 0.01911 0 0 0 0 0 0 0 0 0
1 0.02258 0.3161 0.6774 0.3387 0.3613 0.2032 0.1129 0.09032 0.06774 0 0.02258 0 0.02258 0.02258 0 0 0 0 0 0
1 0.08603 0.3656 0.7312 0.3441 0.2151 0.129 0.08603 0.02151 0.04301 0.04301 0.04301 0 0 0.02151 0 0 0.02151 0 0 0
1 0.04871 0.3653 0.8281 0.3897 0.2436 0.1461 0.1461 0.09742 0.07307 0 0.02436 0.02436 0.02436 0 0 0 0 0 0 0.02436
1 0.01959 0.3723 0.4702 0.4702 0.2351 0.07837 0.07837 0.09797 0.05878 0.03919 0.03919 0 0 0 0 0 0 0 0 0
1 0.04504 0.2702 0.3903 0.4054 0.09008 0.03003 0.07507 0.04504 0.1051 0.03003 0 0.01501 0 0 0 0 0 0 0 0
1 0.02843 0.2701 0.526 0.2559 0.1279 0.09951 0.08529 0.01422 0.01422 0 0 0 0 0 0 0 0 0 0 0
1 0.04829 0.6519 0.6761 0.3622 0.1932 0.2173 0.04829 0.02415 0.02415 0.04829 0.02415 0 0.02415 0.07244 0 0 0 0 0 0
1 0.0293 0.3369 0.5127 0.2197 0.1172 0.07324 0.05859 0.04395 0.04395 0.0293 0 0 0 0 0 0 0 0 0 0
1 0.02793 0.2374 0.377 0.2234 0.1955 0.1257 0.08378 0.04189 0.02793 0.01396 0.01396 0.01396 0 0 0.01396 0 0 0 0 0
1 0.02281 0.2053 0.3764 0.2738 0.1027 0.07985 0.02281 0.01141 0.02281 0.01141 0 0.01141 0 0 0 0 0 0 0 0
1 0.02396 0.2756 0.2516 0.2756 0.1797 0.08387 0.03595 0.01198 0.02396 0 0.01198 0 0.01198 0.01198 0 0 0 0 0 0
1 0.09898 0.2227 0.4825 0.2103 0.1114 0.06187 0.03712 0 0.01237 0 0 0 0 0 0 0 0 0 0 0
1 0.02981 0.1987 0.2782 0.2186 0.1789 0.01987 0.02981 0.01987 0.009937 0.009937 0 0 0 0 0 0 0 0 0 0
1 0.09368 0.1472 0.4818 0.281 0.1472 0.05353 0.02677 0.06691 0 0.01338 0.02677 0 0 0 0 0 0 0 0 0
1 0.02817 0.216 0.3192 0.216 0.07511 0.03756 0.009389 0 0.009389 0.009389 0 0 0 0.009389 0.009389 0 0 0 0 0
1 0.04814 0.2166 0.3851 0.2647 0.0722 0.09627 0.02407 0.0361 0.02407 0 0.01203 0.01203 0 0 0.01203 0 0 0 0 0
1 0.01132 0.1812 0.4756 0.2265 0.07926 0.03397 0.06794 0 0.03397 0.01132 0.01132 0 0 0 0 0 0 0 0 0
1 0.03595 0.1708 0.3056 0.1618 0.1258 0.04494 0.02697 0 0.008988 0.01798 0 0 0 0 0 0 0 0 0 0
1 0.09272 0.2086 0.3477 0.255 0.1159 0.08113 0.01159 0.03477 0 0 0 0 0 0.01159 0 0 0 0 0 0
1 0.02102 0.1472 0.3994 0.2418 0.1156 0.05256 0.03154 0 0.01051 0.02102 0.01051 0 0 0 0 0 0 0 0 0
1 0.03033 0.2528 0.2326 0.2022 0.1517 0.07078 0.04044 0 0.01011 0 0 0.01011 0 0.01011 0 0 0 0 0 0
1 0.02012 0.2415 0.2717 0.1308 0.1308 0.0805 0.06037 0.04025 0.01006 0.01006 0.01006 0 0 0 0 0 0 0 0 0
1 0.04222 0.1689 0.2955 0.152 0.1098 0.04222 0.01689 0 0 0.008444 0 0 0.008444 0 0 0 0 0 0 0
1 0.01785 0.1874 0.2677 0.1428 0.1249 0.09817 0.02677 0.01785 0.008924 0 0 0 0 0 0 0 0 0 0 0
1 0.01014 0.213 0.3246 0.2942 0.06087 0.01014 0.03043 0.05072 0.01014 0 0.01014 0 0 0 0 0 0 0 0 0
1 0.03413 0.3641 0.3641 0.1707 0.06826 0.09101 0.02275 0 0 0.01138 0 0 0.01138 0 0 0 0 0 0 0
1 0.02894 0.1447 0.2677 0.1592 0.05065 0.01447 0.01447 0.01447 0.02171 0.007236 0 0 0 0 0 0 0 0 0 0
1 0.02678 0.1339 0.2008 0.1071 0.1004 0.05356 0.02008 0.01339 0 0 0.006695 0.006695 0 0 0 0 0 0 0 0
1 0.03688 0.08852 0.2656 0.177 0.1033 0.03688 0.01475 0.01475 0 0 0 0 0 0 0 0 0 0 0 0
1 0.05393 0.1708 0.2517 0.2517 0.07191 0.05393 0.03596 0.008989 0 0 0 0 0 0 0 0 0 0 0 0
1 0.02414 0.177 0.2896 0.1448 0.09655 0.04023 0.01609 0 0.008046 0.008046 0 0 0 0 0 0 0 0 0 0
1 0.03658 0.2317 0.3902 0.1585 0.2195 0.08536 0.03658 0.02439 0.01219 0 0.02439 0 0 0 0 0 0 0 0 0
1 0.03514 0.1494 0.2987 0.2284 0.09665 0.04393 0 0.01757 0 0.008786 0 0 0 0 0 0 0 0 0 0
1 0.02041 0.1939 0.3673 0.1837 0.1327 0.07143 0.0102 0.02041 0.0102 0 0.0102 0 0 0 0 0 0 0 0 0
1 0.02997 0.1898 0.3297 0.2298 0.06994 0.06994 0.03996 0.01998 0 0.009991 0 0 0 0 0.009991 0 0 0 0 0
1 0.01082 0.2597 0.2921 0.2921 0.09737 0.07574 0.02164 0 0.01082 0 0.02164 0 0 0 0 0 0 0 0 0
1 0.02797 0.1818 0.1678 0.1119 0.0979 0.05594 0.02797 0.006993 0.006993 0 0.01399 0 0 0 0 0 0 0 0 0
1 0.02415 0.2174 0.2657 0.09661 0.1127 0.04025 0.0161 0.0161 0 0 0.008051 0.008051 0 0 0 0 0 0 0 0
1 0.01013 0.2026 0.3546 0.2026 0.1317 0.05066 0.05066 0.01013 0 0 0 0 0 0 0 0 0 0 0 0
1 0.008754 0.2276 0.2977 0.2014 0.06128 0.03502 0.02626 0.008754 0.008754 0 0 0 0 0 0 0 0 0 0 0
1 0.0132 0.06598 0.2045 0.1518 0.1056 0.05278 0.04619 0 0.0132 0 0.006598 0 0 0 0 0 0 0 0 0
1 0.02951 0.09835 0.3147 0.2459 0.118 0.07868 0.05901 0.009835 0.009835 0.009835 0.009835 0 0 0 0 0 0 0 0 0
1 0.02102 0.1121 0.1752 0.1822 0.09809 0.07707 0.02803 0.007006 0 0 0 0 0 0 0 0 0 0 0 0
1 0.02432 0.09728 0.2108 0.154 0.1378 0.06486 0.07296 0.008107 0.01621 0.01621 0 0.008107 0 0 0 0 0 0 0 0
1 0.03413 0.2503 0.3185 0.2048 0.1479 0.09101 0.0455 0.01138 0.01138 0 0.01138 0.01138 0 0 0 0 0 0 0 0
1 0.03818 0.28 0.3055 0.2673 0.1655 0.07636 0.06364 0.03818 0.01273 0.01273 0.01273 0 0 0 0 0 0 0 0 0
1 0.06536 0.2288 0.2397 0.2397 0.1416 0.05447 0.02179 0.03268 0.02179 0.02179 0.01089 0.01089 0 0 0 0 0 0 0 0
1 0.06356 0.2161 0.3305 0.3051 0.1144 0.1144 0.05085 0.03814 0.01271 0 0.01271 0 0 0.01271 0 0 0 0 0 0
1 0.03586 0.1004 0.1721 0.1506 0.1004 0.02868 0.0502 0.03586 0.02151 0.02151 0 0 0 0 0 0 0 0 0 0
