 landings-at-age - landings.n (units : NA )
1	2	
2	100	
1	20	
1 
0.02659 0.2984 0.8352 0.6934 0.4839 0.3377 0.2357 0.1644 0.1148 0.08008 0.05589 0.039 0.02722 0.01899 0.01325 0.009249 0.006454 0.004504 0.003143 0.007259
0.00661 0.05216 0.1462 0.1214 0.08475 0.05914 0.04127 0.0288 0.0201 0.01403 0.009787 0.00683 0.004766 0.003326 0.002321 0.00162 0.00113 0.0007888 0.0005504 0.001271
0.003632 0.07422 0.1464 0.1219 0.08515 0.05942 0.04147 0.02894 0.02019 0.01409 0.009834 0.006862 0.004789 0.003342 0.002332 0.001627 0.001136 0.0007925 0.000553 0.001277
0.003044 0.04078 0.2083 0.122 0.08549 0.0597 0.04166 0.02907 0.02029 0.01416 0.00988 0.006895 0.004811 0.003358 0.002343 0.001635 0.001141 0.0007963 0.0005557 0.001283
0.004815 0.03418 0.1144 0.1737 0.08557 0.05994 0.04186 0.02921 0.02038 0.01423 0.009927 0.006927 0.004834 0.003374 0.002354 0.001643 0.001146 8e-04 0.0005583 0.001289
0.008341 0.05406 0.0959 0.09541 0.1218 0.06 0.04203 0.02935 0.02048 0.01429 0.009974 0.00696 0.004857 0.00339 0.002365 0.001651 0.001152 0.0008038 0.0005609 0.001295
0.002204 0.09366 0.1517 0.07997 0.0669 0.08537 0.04207 0.02947 0.02058 0.01436 0.01002 0.006993 0.00488 0.003406 0.002377 0.001658 0.001157 0.0008076 0.0005636 0.001302
0.003556 0.02475 0.2628 0.1265 0.05607 0.0469 0.05986 0.0295 0.02066 0.01443 0.01007 0.007026 0.004903 0.003422 0.002388 0.001666 0.001163 0.0008114 0.0005663 0.001308
0.0007772 0.03993 0.06944 0.2191 0.08869 0.03931 0.03289 0.04197 0.02068 0.01449 0.01012 0.00706 0.004926 0.003438 0.002399 0.001674 0.001168 0.0008153 0.0005689 0.001314
0.003511 0.008727 0.112 0.05791 0.1537 0.06219 0.02756 0.02306 0.02943 0.0145 0.01016 0.007093 0.00495 0.003454 0.00241 0.001682 0.001174 0.0008191 0.0005716 0.00132
0.003658 0.03942 0.02449 0.09343 0.0406 0.1077 0.0436 0.01933 0.01617 0.02063 0.01017 0.007121 0.004973 0.003471 0.002422 0.00169 0.001179 0.000823 0.0005743 0.001326
0.003674 0.04107 0.1106 0.02042 0.06551 0.02847 0.07554 0.03057 0.01355 0.01134 0.01447 0.007128 0.004993 0.003487 0.002433 0.001698 0.001185 0.0008269 0.0005771 0.001333
0.004627 0.04126 0.1152 0.09223 0.01432 0.04593 0.01996 0.05296 0.02143 0.009501 0.007948 0.01014 0.004998 0.003501 0.002445 0.001706 0.001191 0.0008308 0.0005798 0.001339
0.002221 0.05196 0.1158 0.0961 0.06467 0.01004 0.0322 0.01399 0.03713 0.01503 0.006661 0.005573 0.007112 0.003504 0.002455 0.001714 0.001196 0.0008348 0.0005825 0.001345
0.008997 0.02494 0.1458 0.09654 0.06738 0.04534 0.007038 0.02258 0.009812 0.02604 0.01054 0.00467 0.003907 0.004986 0.002457 0.001721 0.001202 0.0008387 0.0005853 0.001352
0.01911 0.101 0.06998 0.1216 0.06769 0.04724 0.03179 0.004935 0.01583 0.00688 0.01826 0.007388 0.003275 0.002739 0.003496 0.001723 0.001207 0.0008427 0.0005881 0.001358
0.00332 0.2145 0.2835 0.05836 0.08524 0.04746 0.03312 0.02229 0.00346 0.0111 0.004824 0.0128 0.00518 0.002296 0.001921 0.002451 0.001208 0.000846 0.0005908 0.001365
0.003054 0.03727 0.602 0.2364 0.04092 0.05976 0.03327 0.02322 0.01563 0.002426 0.007783 0.003382 0.008974 0.003632 0.00161 0.001347 0.001719 0.0008469 0.0005932 0.001371
0.005623 0.0343 0.1046 0.502 0.1657 0.02869 0.0419 0.02333 0.01628 0.01096 0.001701 0.005457 0.002371 0.006292 0.002547 0.001129 0.0009443 0.001205 0.0005938 0.001377
0.009928 0.06314 0.09623 0.08722 0.352 0.1162 0.02011 0.02938 0.01636 0.01142 0.007683 0.001193 0.003826 0.001663 0.004412 0.001786 0.0007914 0.0006621 0.0008449 0.001382
0.001879 0.1115 0.1772 0.08024 0.06115 0.2468 0.08148 0.0141 0.0206 0.01147 0.008005 0.005387 0.0008362 0.002683 0.001166 0.003093 0.001252 0.0005549 0.0004642 0.001561
0.002019 0.0211 0.3128 0.1477 0.05626 0.04288 0.173 0.05713 0.009889 0.01444 0.008042 0.005613 0.003777 0.0005863 0.001881 0.0008173 0.002169 0.0008778 0.0003891 0.00142
0.00298 0.02267 0.05921 0.2608 0.1036 0.03945 0.03006 0.1213 0.04006 0.006933 0.01013 0.005638 0.003935 0.002648 0.0004111 0.001319 0.0005731 0.001521 0.0006154 0.001269
0.003713 0.03347 0.06361 0.04937 0.1829 0.07263 0.02766 0.02108 0.08506 0.02808 0.004861 0.0071 0.003953 0.002759 0.001857 0.0002882 0.0009246 0.0004018 0.001066 0.001321
0.009979 0.04169 0.0939 0.05304 0.03462 0.1282 0.05092 0.01939 0.01478 0.05964 0.01969 0.003408 0.004978 0.002772 0.001935 0.001302 0.0002021 0.0006483 0.0002817 0.001674
0.004562 0.112 0.117 0.0783 0.03719 0.02427 0.08991 0.0357 0.0136 0.01036 0.04182 0.01381 0.00239 0.00349 0.001943 0.001356 0.0009128 0.0001417 0.0004545 0.001371
0.008992 0.05123 0.3144 0.09754 0.0549 0.02608 0.01702 0.06304 0.02503 0.009534 0.007265 0.02932 0.00968 0.001676 0.002447 0.001363 0.000951 0.00064 9.935e-05 0.00128
0.004319 0.101 0.1437 0.2622 0.06839 0.03849 0.01828 0.01193 0.0442 0.01755 0.006684 0.005094 0.02056 0.006787 0.001175 0.001716 0.0009554 0.0006668 0.0004487 0.0009671
0.008519 0.0485 0.2833 0.1199 0.1838 0.04795 0.02699 0.01282 0.008366 0.03099 0.01231 0.004687 0.003572 0.01441 0.004759 0.0008237 0.001203 0.0006699 0.0004675 0.0009927
0.005561 0.09566 0.1361 0.2362 0.08404 0.1289 0.03362 0.01892 0.008988 0.005866 0.02173 0.008629 0.003286 0.002504 0.01011 0.003337 0.0005775 0.0008435 0.0004697 0.001024
0.001903 0.06244 0.2684 0.1135 0.1656 0.05893 0.09036 0.02357 0.01327 0.006302 0.004113 0.01523 0.00605 0.002304 0.001756 0.007086 0.002339 0.0004049 0.0005914 0.001047
0.006254 0.02137 0.1752 0.2238 0.07956 0.1161 0.04132 0.06336 0.01653 0.009303 0.004419 0.002884 0.01068 0.004242 0.001615 0.001231 0.004968 0.00164 0.0002839 0.001149
0.0131 0.07023 0.05997 0.1461 0.1569 0.05578 0.08143 0.02897 0.04442 0.01159 0.006523 0.003098 0.002022 0.007489 0.002974 0.001133 0.0008631 0.003483 0.00115 0.001005
0.001152 0.1471 0.1971 0.05 0.1024 0.11 0.03911 0.05709 0.02031 0.03115 0.008125 0.004573 0.002172 0.001418 0.005251 0.002085 0.0007942 0.0006052 0.002442 0.001511
0.003129 0.01293 0.4127 0.1643 0.03506 0.07183 0.07715 0.02742 0.04003 0.01424 0.02184 0.005697 0.003207 0.001523 0.000994 0.003682 0.001462 0.0005568 0.0004243 0.002772
0.002431 0.03513 0.03629 0.3442 0.1152 0.02458 0.05036 0.05409 0.01923 0.02807 0.009985 0.01531 0.003994 0.002248 0.001068 0.0006969 0.002581 0.001025 0.0003904 0.002241
0.005131 0.02729 0.09857 0.03026 0.2413 0.08078 0.01724 0.03531 0.03793 0.01348 0.01968 0.007001 0.01074 0.002801 0.001576 0.0007487 0.0004886 0.00181 0.0007188 0.001845
0.008182 0.05761 0.07659 0.0822 0.02122 0.1692 0.05664 0.01208 0.02476 0.02659 0.009453 0.0138 0.004909 0.007527 0.001964 0.001105 0.000525 0.0003426 0.001269 0.001797
0.007351 0.09187 0.1616 0.06386 0.05763 0.01488 0.1186 0.03971 0.008473 0.01736 0.01864 0.006628 0.009674 0.003442 0.005278 0.001377 0.0007749 0.0003681 0.0002402 0.00215
0.3451 4.517 13.88 7.23 2.402 2.167 0.5595 4.461 1.494 0.3187 0.6528 0.7012 0.2493 0.3638 0.1294 0.1985 0.05178 0.02914 0.01384 0.0899
0.925 4.951 15.77 14.07 6.136 2.038 1.839 0.4748 3.786 1.267 0.2704 0.554 0.595 0.2115 0.3087 0.1098 0.1684 0.04394 0.02473 0.08803
0.3219 5.888 7.727 7.125 5.315 2.317 0.7697 0.6945 0.1793 1.43 0.4786 0.1021 0.2092 0.2247 0.07987 0.1166 0.04148 0.0636 0.01659 0.04258
0.2565 5.304 23.73 9.095 7.028 5.242 2.285 0.7592 0.6851 0.1769 1.41 0.4721 0.1007 0.2063 0.2216 0.07878 0.115 0.04091 0.06274 0.05837
0.1639 2.628 13.28 17.25 5.531 4.274 3.188 1.39 0.4617 0.4166 0.1076 0.8575 0.2871 0.06125 0.1255 0.1348 0.04791 0.06993 0.02488 0.07365
0.2956 2.457 9.584 14.06 15.29 4.902 3.788 2.826 1.232 0.4092 0.3692 0.09532 0.76 0.2544 0.05429 0.1112 0.1195 0.04246 0.06198 0.08732
0.1634 2.8 5.67 6.386 7.83 8.511 2.729 2.109 1.573 0.6858 0.2278 0.2056 0.05307 0.4231 0.1417 0.03022 0.06192 0.06651 0.02364 0.08313
0.1143 1.56 6.537 3.839 3.616 4.434 4.819 1.545 1.194 0.8908 0.3883 0.129 0.1164 0.03005 0.2396 0.08021 0.01711 0.03506 0.03766 0.06045
0.3253 1.595 5.305 6.458 3.175 2.99 3.667 3.986 1.278 0.9877 0.7367 0.3211 0.1067 0.09627 0.02485 0.1982 0.06634 0.01415 0.029 0.08114
0.3564 3.76 4.483 4.314 4.391 2.159 2.033 2.493 2.71 0.869 0.6715 0.5009 0.2184 0.07254 0.06546 0.0169 0.1347 0.0451 0.009624 0.07489
0.3529 3.668 9.425 3.249 2.613 2.66 1.308 1.232 1.51 1.642 0.5265 0.4069 0.3035 0.1323 0.04395 0.03966 0.01024 0.08163 0.02733 0.0512
0.3501 4.329 10.95 8.142 2.348 1.888 1.922 0.9449 0.89 1.091 1.186 0.3804 0.294 0.2193 0.09559 0.03175 0.02865 0.007397 0.05898 0.05674
0.5917 4.272 12.82 9.356 5.817 1.677 1.349 1.373 0.6751 0.6359 0.7797 0.8476 0.2718 0.21 0.1567 0.06829 0.02269 0.02047 0.005285 0.08267
0.3096 5.902 10.36 8.955 5.462 3.396 0.9791 0.7875 0.8017 0.3941 0.3712 0.4552 0.4948 0.1587 0.1226 0.09145 0.03986 0.01324 0.01195 0.05135
0.1127 3.587 16.62 8.428 6.092 3.715 2.31 0.6661 0.5357 0.5454 0.2681 0.2525 0.3096 0.3366 0.1079 0.0834 0.06221 0.02712 0.009009 0.04306
0.1933 1.365 10.53 14.08 5.968 4.314 2.631 1.636 0.4716 0.3793 0.3862 0.1898 0.1788 0.2192 0.2383 0.07642 0.05905 0.04405 0.0192 0.03687
0.4334 2.068 3.541 7.871 8.792 3.726 2.693 1.642 1.021 0.2944 0.2368 0.2411 0.1185 0.1116 0.1369 0.1488 0.04771 0.03687 0.0275 0.03501
0.2692 4.561 5.287 2.611 4.849 5.416 2.295 1.659 1.012 0.6292 0.1814 0.1459 0.1485 0.07301 0.06877 0.08433 0.09166 0.02939 0.02271 0.03851
0.265 3.141 12.92 4.326 1.786 3.316 3.704 1.57 1.135 0.692 0.4303 0.1241 0.09978 0.1016 0.04993 0.04703 0.05767 0.06269 0.0201 0.04187
0.5058 2.478 7.155 8.498 2.377 0.9811 1.822 2.035 0.8626 0.6235 0.3802 0.2364 0.06817 0.05483 0.05581 0.02744 0.02584 0.03169 0.03445 0.03405
0.1602 5.409 6.468 5.414 5.379 1.505 0.621 1.153 1.288 0.546 0.3947 0.2407 0.1497 0.04315 0.03471 0.03533 0.01737 0.01636 0.02006 0.04336
0.06446 1.345 11.13 3.866 2.708 2.69 0.7524 0.3106 0.5768 0.6443 0.273 0.1974 0.1204 0.07484 0.02158 0.01736 0.01767 0.008685 0.008181 0.03171
0.3511 0.7618 3.899 9.421 2.741 1.92 1.907 0.5335 0.2202 0.409 0.4568 0.1936 0.1399 0.08534 0.05306 0.0153 0.01231 0.01253 0.006158 0.02829
0.3454 6.169 3.257 4.852 9.82 2.857 2.001 1.988 0.5561 0.2295 0.4263 0.4762 0.2018 0.1459 0.08896 0.05531 0.01595 0.01283 0.01306 0.0359
0.1303 2.567 11.21 1.71 2.128 4.307 1.253 0.8776 0.8719 0.2439 0.1007 0.187 0.2088 0.0885 0.06397 0.03901 0.02426 0.006994 0.005626 0.02147
0.1645 1.204 5.829 7.42 0.9478 1.18 2.388 0.6947 0.4865 0.4834 0.1352 0.05581 0.1036 0.1158 0.04906 0.03547 0.02163 0.01345 0.003877 0.01502
0.2455 3.25 5.798 8.186 8.732 1.115 1.388 2.81 0.8176 0.5726 0.5689 0.1591 0.06568 0.122 0.1363 0.05774 0.04174 0.02545 0.01583 0.02224
0.179 1.829 5.925 3.055 3.605 3.846 0.4913 0.6115 1.238 0.3601 0.2522 0.2505 0.07008 0.02893 0.05372 0.06001 0.02543 0.01838 0.01121 0.01677
0.1968 2.098 5.256 4.961 2.142 2.528 2.697 0.3445 0.4288 0.8678 0.2525 0.1768 0.1757 0.04914 0.02028 0.03767 0.04208 0.01783 0.01289 0.01962
0.3132 2.668 6.946 5.062 4.001 1.728 2.039 2.175 0.2778 0.3458 0.6998 0.2036 0.1426 0.1417 0.03963 0.01636 0.03038 0.03393 0.01438 0.02622
0.6447 3.511 7.294 5.504 3.355 2.652 1.145 1.351 1.441 0.1841 0.2292 0.4638 0.135 0.09451 0.0939 0.02627 0.01084 0.02014 0.02249 0.02691
0.2638 6.321 8.414 5.069 3.2 1.951 1.542 0.6658 0.7856 0.838 0.1071 0.1332 0.2697 0.07846 0.05495 0.05459 0.01527 0.006303 0.01171 0.02872
0.3302 2.348 13.8 5.346 2.696 1.702 1.037 0.8199 0.3541 0.4178 0.4457 0.05694 0.07087 0.1434 0.04173 0.02922 0.02903 0.008121 0.003352 0.0215
0.2222 6.319 10.94 18.74 6.082 3.067 1.936 1.18 0.9328 0.4028 0.4753 0.5071 0.06477 0.08062 0.1632 0.04748 0.03325 0.03303 0.009239 0.02827
0.3569 1.874 13 6.499 9.304 3.019 1.523 0.9611 0.5859 0.463 0.2 0.236 0.2517 0.03215 0.04002 0.081 0.02357 0.0165 0.0164 0.01862
0.3959 3.721 4.781 9.641 4.033 5.774 1.874 0.945 0.5965 0.3636 0.2874 0.1241 0.1464 0.1562 0.01996 0.02484 0.05027 0.01463 0.01024 0.02173
0.4939 5.896 13.5 5.04 8.508 3.56 5.096 1.654 0.8339 0.5264 0.3209 0.2536 0.1095 0.1292 0.1379 0.01761 0.02192 0.04436 0.01291 0.02822
0.1937 5.597 16.24 10.74 3.351 5.657 2.367 3.388 1.099 0.5545 0.35 0.2134 0.1686 0.07282 0.08593 0.09167 0.01171 0.01457 0.0295 0.02735
0.4209 2.219 15.57 13.04 7.208 2.25 3.798 1.589 2.275 0.7381 0.3723 0.235 0.1432 0.1132 0.04889 0.05769 0.06154 0.007861 0.009785 0.03816
0.4395 4.358 5.586 11.31 7.919 4.377 1.366 2.306 0.9647 1.381 0.4482 0.226 0.1427 0.08697 0.06873 0.02968 0.03503 0.03736 0.004773 0.02911
0.2246 4.72 11.39 4.223 7.152 5.005 2.766 0.8633 1.457 0.6098 0.8729 0.2833 0.1429 0.09017 0.05497 0.04344 0.01876 0.02214 0.02362 0.02142
0.06165 1.909 9.813 6.864 2.127 3.603 2.522 1.394 0.4349 0.7342 0.3072 0.4398 0.1427 0.07197 0.04543 0.02769 0.02189 0.009452 0.01115 0.02269
0.2309 0.7058 5.354 8.016 4.695 1.455 2.464 1.725 0.9532 0.2975 0.5022 0.2101 0.3008 0.09761 0.04923 0.03107 0.01894 0.01497 0.006465 0.02315
0.3317 3.364 2.508 5.532 6.934 4.061 1.259 2.132 1.492 0.8246 0.2574 0.4345 0.1818 0.2602 0.08444 0.04259 0.02688 0.01639 0.01295 0.02562
0.1769 3.633 8.974 1.935 3.569 4.474 2.62 0.8122 1.376 0.9627 0.5321 0.1661 0.2803 0.1173 0.1679 0.05448 0.02748 0.01734 0.01057 0.02488
0.2468 1.835 9.189 6.571 1.185 2.185 2.74 1.604 0.4973 0.8422 0.5894 0.3258 0.1017 0.1716 0.07181 0.1028 0.03336 0.01682 0.01062 0.02171
0.3506 2.199 4.003 5.817 3.48 0.6275 1.157 1.451 0.8498 0.2634 0.4461 0.3122 0.1725 0.05385 0.0909 0.03803 0.05444 0.01767 0.00891 0.01712
0.09451 3.338 5.144 2.73 3.323 1.988 0.3585 0.6612 0.8288 0.4854 0.1505 0.2548 0.1783 0.09856 0.03076 0.05193 0.02173 0.0311 0.01009 0.01487
0.2439 1.705 14.7 6.608 2.939 3.578 2.14 0.3859 0.7118 0.8923 0.5226 0.162 0.2743 0.192 0.1061 0.03311 0.0559 0.02339 0.03348 0.02687
0.2104 3.115 5.285 13.17 4.949 2.201 2.679 1.603 0.289 0.5331 0.6683 0.3914 0.1213 0.2054 0.1438 0.07947 0.0248 0.04187 0.01752 0.0452
0.544 2.418 8.673 4.238 8.821 3.316 1.475 1.795 1.074 0.1936 0.3572 0.4477 0.2622 0.08128 0.1376 0.09633 0.05324 0.01662 0.02805 0.04202
0.3595 5.414 5.844 6.035 2.463 5.127 1.927 0.8572 1.043 0.6241 0.1125 0.2076 0.2602 0.1524 0.04724 0.08 0.05599 0.03095 0.009658 0.04073
0.1423 2.781 10.24 3.198 2.761 1.127 2.346 0.8817 0.3922 0.4773 0.2855 0.05149 0.09497 0.119 0.06972 0.02161 0.0366 0.02561 0.01416 0.02305
0.1022 1.347 6.47 6.948 1.817 1.568 0.6401 1.332 0.5008 0.2227 0.2711 0.1622 0.02924 0.05394 0.06762 0.0396 0.01228 0.02079 0.01455 0.02113
0.08591 1.221 3.956 5.553 4.996 1.306 1.128 0.4603 0.958 0.3601 0.1602 0.195 0.1166 0.02103 0.03879 0.04862 0.02848 0.008827 0.01495 0.02566
0.2347 1.203 4.185 3.954 4.65 4.184 1.094 0.9443 0.3854 0.8022 0.3015 0.1341 0.1632 0.09766 0.01761 0.03248 0.04072 0.02385 0.007391 0.034
0.3767 3.235 4.036 4.077 3.224 3.791 3.412 0.892 0.77 0.3143 0.6542 0.2459 0.1094 0.1331 0.07964 0.01436 0.02649 0.0332 0.01945 0.03376
0.3161 4.823 10.04 3.619 3.057 2.417 2.842 2.557 0.6687 0.5772 0.2356 0.4904 0.1843 0.08199 0.09979 0.0597 0.01076 0.01985 0.02489 0.03988
0.2795 2.271 8.463 5.082 1.53 1.292 1.022 1.201 1.081 0.2826 0.244 0.09958 0.2073 0.07791 0.03465 0.04218 0.02523 0.00455 0.008392 0.02738
0.2211 3.071 6.115 6.636 3.336 1.004 0.8481 0.6707 0.7886 0.7096 0.1855 0.1602 0.06537 0.1361 0.05114 0.02275 0.02769 0.01656 0.002987 0.02348
