Originally  
101 
A 
2	100	
1	1	NA	NA	
1	20	
1 547.8 334.8 228.3 137 106.5 15.22 15.22 30.43 15.22 0 45.65 30.43 0 15.22 0 0 0 0 0 0
1 494.3 329.5 179.7 209.7 44.93 89.86 29.95 29.95 14.98 14.98 14.98 0 14.98 14.98 14.98 0 0 0 0 0
1 307.5 410.1 234.3 161.1 102.5 102.5 29.29 29.29 29.29 0 14.64 14.64 14.64 0 0 14.64 0 0 0 0
1 265.5 219.3 265.5 127 92.35 46.17 46.17 46.17 11.54 11.54 0 11.54 0 0 11.54 0 0 0 0 0
1 323.4 173.3 127.1 184.8 127.1 46.21 34.66 46.21 23.1 23.1 23.1 11.55 0 0 0 0 0 0 11.55 0
1 754.8 545.1 209.7 209.7 167.7 83.86 41.93 41.93 0 0 0 41.93 0 0 0 0 0 0 0 0
1 151.6 591.2 333.5 15.16 90.95 121.3 45.48 45.48 45.48 15.16 0 30.32 0 15.16 0 0 0 0 0 15.16
1 421.4 145.9 437.6 307.9 81.03 64.82 32.41 64.82 0 32.41 16.21 0 0 0 16.21 0 0 0 0 0
1 31.44 180.8 78.6 180.8 117.9 39.3 31.44 39.3 47.16 23.58 0 0 0 7.86 0 7.86 0 0 0 0
1 355.4 88.85 190.4 88.85 228.5 63.46 76.15 38.08 50.77 38.08 25.38 0 12.69 0 0 0 12.69 0 0 0
1 395 260.1 48.18 77.08 19.27 38.54 28.91 9.635 0 48.18 9.635 9.635 9.635 0 0 0 0 0 0 9.635
1 317 186.5 149.2 9.324 74.6 55.95 46.62 37.3 9.324 0 18.65 9.324 9.324 0 9.324 0 0 0 0 0
1 364.8 192 134.4 96 0 38.4 19.2 105.6 0 0 9.6 0 0 0 0 0 0 0 0 0
1 267.7 521.3 225.4 140.9 70.45 14.09 70.45 0 28.18 14.09 14.09 28.18 14.09 0 0 0 0 0 0 0
1 1068 84.77 220.4 118.7 101.7 16.95 0 33.91 0 16.95 0 16.95 0 16.95 0 0 0 0 0 0
1 1668 608.8 26.47 105.9 105.9 79.41 52.94 0 0 0 0 0 0 0 0 0 0 0 0 0
1 258.6 1034 474.1 21.55 129.3 129.3 21.55 21.55 21.55 0 0 0 0 0 21.55 0 0 0 0 21.55
1 216.5 126.3 956 180.4 54.12 126.3 108.2 18.04 18.04 0 0 0 0 0 0 0 0 0 0 0
1 520 195 81.26 520 162.5 32.5 65 0 0 32.5 0 0 16.25 0 0 0 0 0 0 0
1 612.8 331.3 99.38 82.81 215.3 149.1 49.69 49.69 33.13 33.13 0 0 0 0 0 0 0 0 0 0
1 170.7 527.7 217.3 93.12 31.04 357 77.6 31.04 0 0 0 15.52 0 15.52 0 0 0 0 0 15.52
1 182.4 125.4 319.2 125.4 45.6 57.01 159.6 79.81 11.4 11.4 11.4 11.4 0 0 0 0 0 0 0 0
1 343.7 114.6 163.7 441.9 196.4 65.47 81.83 114.6 0 32.73 16.37 0 16.37 16.37 0 16.37 16.37 0 0 0
1 346.5 145.3 78.25 22.36 257.1 123 33.54 22.36 44.71 22.36 11.18 0 0 0 0 0 0 0 11.18 0
1 936.8 195.2 234.2 78.06 0 156.1 39.03 78.06 19.52 58.55 39.03 39.03 0 19.52 39.03 0 0 19.52 0 0
1 833.6 914.2 242 242 80.67 53.78 80.67 53.78 0 26.89 107.6 53.78 0 0 0 0 0 0 0 0
1 1229 491.7 546.3 81.95 54.63 54.63 27.32 136.6 54.63 27.32 0 0 0 0 0 0 0 0 0 27.32
1 291.6 539.4 116.6 262.4 87.47 58.32 0 0 43.74 14.58 0 0 43.74 0 0 0 0 0 0 0
1 999.6 295.3 318.1 159 204.5 113.6 68.15 22.72 68.15 22.72 0 0 0 0 0 0 0 0 0 0
1 571.5 594.3 205.7 434.3 137.2 228.6 45.72 45.72 0 0 0 22.86 0 0 0 0 0 0 0 0
1 166.7 348.6 363.7 151.5 197 106.1 45.46 90.93 15.15 0 0 0 15.15 0 0 15.15 0 0 0 0
1 518.2 172.7 345.5 310.9 86.37 69.1 69.1 34.55 34.55 0 0 0 69.1 0 0 0 17.27 0 0 0
1 977 521.1 108.6 152 173.7 130.3 0 21.71 43.42 0 21.71 0 0 0 0 0 0 0 21.71 0
1 240.8 1180 289 96.32 72.24 216.7 72.24 120.4 0 96.32 0 0 0 0 24.08 0 0 0 0 0
1 313 202.5 754.9 202.5 0 55.24 110.5 0 55.24 18.41 92.06 18.41 0 18.41 0 0 0 0 0 0
1 122.7 130.4 15.34 237.8 92.06 15.34 38.36 46.03 7.672 23.02 15.34 15.34 0 7.672 0 0 0 0 0 0
1 229.5 62.6 90.42 13.91 180.8 27.82 13.91 20.87 13.91 13.91 0 13.91 6.956 6.956 0 0 0 0 0 0
1 569.2 249.9 111.1 97.19 27.77 194.4 55.53 13.88 27.77 13.88 0 13.88 0 13.88 0 0 0 0 0 0
1 844.3 549.8 274.9 98.18 19.64 19.64 117.8 19.64 0 0 19.64 0 0 0 0 0 0 0 0 0
1 801.9 583.2 486 243 121.5 24.3 0 72.9 48.6 0 48.6 0 0 0 0 0 0 0 0 0
1 1078 211.3 253.6 211.3 126.8 84.52 21.13 0 63.39 21.13 21.13 0 21.13 0 0 0 0 0 0 0
1 504.7 539.5 191.4 156.6 191.4 69.62 0 17.4 0 34.81 17.4 0 0 0 0 17.4 0 0 0 0
1 193 386 514.7 160.8 96.5 128.7 48.25 16.08 32.17 16.08 16.08 0 0 0 0 0 0 0 0 0
1 284.4 284.4 609.4 325 223.4 81.25 101.6 40.62 20.31 40.62 0 0 20.31 0 0 0 0 0 0 0
1 370.9 109.9 206.1 247.3 261 109.9 27.48 27.48 13.74 0 0 0 0 0 0 0 0 0 0 0
1 219.9 239.9 109.9 99.95 99.95 129.9 19.99 49.97 19.99 9.995 0 0 0 0 0 0 0 0 0 0
1 172.8 187.2 288.1 158.4 86.42 129.6 244.8 43.21 28.81 57.61 14.4 0 28.81 0 0 0 0 0 0 0
1 595 119 251.2 39.67 52.89 79.34 39.67 79.34 26.45 13.22 13.22 13.22 0 0 0 0 0 0 0 0
1 607.3 247.9 99.15 37.18 49.58 61.97 24.79 49.58 61.97 0 0 0 0 0 0 0 0 0 0 0
1 443.3 426.9 295.5 147.8 98.51 16.42 0 65.67 65.67 49.26 16.42 16.42 0 0 0 0 0 0 0 0
1 299.2 288.5 138.9 160.3 42.74 21.37 53.43 0 10.69 32.06 0 10.69 0 0 0 10.69 0 0 0 0
1 714 323 306 68 68 68 0 34 17 34 17 0 34 0 17 0 0 0 0 0
1 481.3 421.1 285.8 90.24 90.24 45.12 0 15.04 0 15.04 0 15.04 0 0 15.04 15.04 0 0 0 15.04
1 123.5 356.8 329.4 137.2 178.4 82.35 82.35 0 27.45 13.72 0 0 13.72 13.72 13.72 0 0 0 0 0
1 333 153.7 268.9 268.9 76.84 51.23 38.42 12.81 12.81 25.61 25.61 0 0 0 12.81 0 0 0 0 0
1 446.9 182.8 40.63 111.7 101.6 20.31 30.47 60.94 0 0 0 0 0 10.16 0 0 0 0 10.16 0
1 367.8 345.6 122.6 44.59 122.6 44.59 11.15 33.44 11.15 0 11.15 0 0 0 0 0 0 0 0 0
1 193.3 233.5 177.2 48.32 8.053 88.58 32.21 16.11 0 8.053 0 0 0 0 0 0 0 0 0 0
1 817.8 208.5 144.3 176.4 64.14 32.07 32.07 48.11 48.11 0 16.04 0 0 0 16.04 0 0 0 0 0
1 260.4 748.7 146.5 146.5 162.8 16.28 16.28 48.83 81.38 0 0 0 0 0 0 0 0 0 0 0
1 157.7 157.7 512.5 144.5 105.1 118.3 13.14 13.14 13.14 52.56 0 13.14 0 13.14 0 0 0 0 0 0
1 846.9 239.4 36.82 405.1 92.06 73.65 55.24 55.24 0 36.82 0 0 0 0 0 0 0 0 0 0
1 299.2 371.4 20.63 30.95 196 51.58 20.63 30.95 10.32 0 0 0 0 0 0 0 0 0 0 0
1 273.5 298.4 397.8 62.16 62.16 62.16 24.86 24.86 24.86 0 0 0 0 0 0 12.43 0 0 0 0
1 411.1 279 249.6 249.6 14.68 88.09 73.41 14.68 44.05 14.68 14.68 0 14.68 0 0 0 0 0 0 0
1 412.9 471.9 206.4 147.5 147.5 14.75 0 14.75 14.75 0 29.49 0 0 0 14.75 0 0 0 0 0
1 290.6 249.1 218 93.41 72.66 41.52 20.76 10.38 31.14 10.38 0 0 0 0 0 0 0 0 0 0
1 492 393.6 246 196.8 65.6 49.2 131.2 32.8 16.4 0 0 0 0 0 16.4 0 0 0 0 0
1 401.1 316 182.3 72.93 72.93 24.31 60.78 60.78 0 0 12.16 0 0 12.16 0 0 0 0 0 0
1 1541 342.5 269.1 122.3 48.93 48.93 0 24.47 48.93 0 0 0 0 0 0 0 0 0 0 0
1 404.1 431.1 175.1 107.8 80.82 13.47 40.41 13.47 40.41 13.47 0 13.47 0 0 0 0 13.47 0 0 0
1 448.3 217.4 312.4 176.6 95.09 40.75 27.17 27.17 0 0 13.58 0 0 0 0 0 0 0 0 0
1 240.1 514.5 188.6 548.8 120 51.45 0 17.15 0 0 17.15 17.15 0 0 0 0 0 0 0 0
1 568.3 223.9 344.5 172.2 172.2 120.6 51.67 34.45 0 34.45 0 0 0 0 0 0 0 0 0 0
1 616.5 398.9 126.9 253.9 145.1 181.3 36.27 18.13 18.13 0 18.13 0 0 0 0 0 0 0 0 0
1 778.1 345.8 216.1 21.61 259.4 151.3 194.5 43.23 21.61 21.61 43.23 0 43.23 0 0 0 21.61 0 0 0
1 294.7 372.3 279.2 186.1 77.56 108.6 46.54 77.56 31.02 46.54 0 31.02 0 0 0 0 0 0 0 0
1 336.9 119.6 260.8 173.9 65.21 32.61 21.74 65.21 0 0 0 10.87 0 0 0 0 0 0 0 0
1 545.1 344.3 57.38 243.9 114.8 28.69 43.04 57.38 0 0 0 0 0 0 0 0 0 0 0 0
1 410 357.1 198.4 26.45 52.9 132.3 26.45 13.23 52.9 13.23 13.23 13.23 0 0 13.23 0 0 0 0 0
1 179.5 269.2 307.7 141 115.4 128.2 51.28 12.82 0 25.64 25.64 25.64 0 0 0 0 0 0 0 0
1 338.3 73.99 105.7 179.7 137.4 42.28 52.85 52.85 52.85 10.57 0 10.57 0 0 0 0 0 0 0 0
1 367.4 344.5 11.48 103.3 103.3 91.85 0 57.41 45.93 0 11.48 0 11.48 0 0 0 0 0 0 0
1 229.6 530.9 287 28.7 57.39 100.4 28.7 0 100.4 28.7 14.35 0 14.35 0 0 14.35 0 0 0 0
1 201.1 111.7 141.5 111.7 44.69 37.25 29.8 29.8 0 14.9 7.449 7.449 0 0 7.449 0 0 0 0 0
1 637.4 245.2 114.4 212.5 163.4 0 65.38 98.06 16.34 16.34 16.34 32.69 16.34 0 0 0 0 0 0 0
1 255.9 511.9 182.8 60.94 73.13 36.56 12.19 24.38 12.19 12.19 12.19 12.19 12.19 0 0 0 0 0 0 0
1 311.3 168.6 376.1 129.7 51.88 103.8 64.85 0 12.97 38.91 0 12.97 12.97 0 12.97 0 0 0 0 0
1 294 352.8 58.8 211.7 82.32 35.28 35.28 23.52 23.52 11.76 35.28 11.76 0 0 0 0 0 0 0 0
1 719.1 82.97 221.2 69.14 152.1 41.48 27.66 41.48 0 0 0 0 13.83 0 0 13.83 0 0 0 0
1 410.4 472.6 74.61 111.9 62.18 12.44 24.87 12.44 12.44 24.87 0 0 0 0 0 12.44 0 12.44 0 0
1 267.7 412.7 256.5 44.62 66.92 0 22.31 22.31 11.15 0 0 0 0 0 0 0 0 11.15 0 0
1 216.4 229.2 318.3 254.6 63.66 50.93 0 101.9 0 12.73 0 12.73 0 12.73 0 0 0 0 0 0
1 160.8 125.8 97.87 132.8 76.9 27.96 13.98 27.96 20.97 0 13.98 0 0 0 0 0 0 0 0 0
1 239 115.6 77.1 100.2 69.39 77.1 46.26 23.13 0 15.42 0 7.71 0 0 0 0 0 0 0 0
1 765 476 102 51 85 68 119 0 0 0 0 0 0 0 17 0 0 0 17 0
1 343.7 375.9 150.3 42.96 32.22 42.96 42.96 42.96 0 0 0 0 0 0 0 0 0 0 0 0
1 418.2 250.9 239 83.64 47.79 47.79 23.9 35.85 23.9 11.95 0 0 0 11.95 0 0 0 0 0 0
1 422.2 395.8 197.9 105.5 52.77 39.58 0 39.58 0 39.58 26.39 0 0 0 0 0 0 0 0 0
