Originally  
101 
A 
42	100	
1	1	NA	NA	
1	20	
1 0.04015 0.4819 0.522 0.261 0.1606 0.06023 0.1606 0.1205 0.04015 0.02008 0.08031 0 0 0.02008 0.02008 0 0.02008 0 0 0
1 0 0.07802 0.3277 0.3589 0.1716 0.09362 0.1404 0.1404 0.06241 0.04681 0.03121 0.03121 0.0156 0.03121 0.0156 0 0.0156 0 0 0
1 0.04353 0.1451 0.2321 0.2176 0.3482 0.1451 0.1306 0.08705 0.04353 0.02902 0 0 0 0 0.01451 0 0 0 0 0.01451
1 0.09227 0.5306 0.2537 0.3921 0.3691 0.2076 0.04613 0.2076 0.0692 0.04613 0.02307 0.02307 0.02307 0.02307 0 0 0 0 0 0
1 0.04844 0.2099 0.3875 0.2099 0.226 0.226 0.09687 0.08073 0.03229 0.01615 0.03229 0.03229 0 0.01615 0 0 0 0 0 0
1 0.09287 0.0743 0.4458 0.4272 0.1857 0.1486 0.1486 0.1486 0.01857 0.05572 0.03715 0 0 0 0.01857 0 0.03715 0.01857 0 0
1 0.06913 0.2189 0.0576 0.1959 0.2535 0.0576 0.0576 0.06913 0.08065 0.01152 0.02304 0.01152 0.01152 0 0 0.01152 0.01152 0 0 0.01152
1 0.02583 0.465 0.6975 0.1033 0.465 0.2842 0.0775 0.0775 0.1292 0.0775 0.02583 0.05166 0 0.05166 0 0.05166 0 0 0 0
1 0.03816 0.1336 0.7631 0.4579 0.1336 0.09539 0.09539 0.05724 0.03816 0.03816 0.03816 0 0 0 0.01908 0 0 0 0 0
1 0.01699 0.2208 0.3058 0.5266 0.3567 0.01699 0.06795 0.06795 0 0.03397 0.01699 0.01699 0.01699 0 0.03397 0 0 0 0 0
1 0.06002 0.09002 0.3751 0.2401 0.4201 0.15 0.03001 0.04501 0.06002 0 0 0 0 0 0 0 0.015 0.015 0 0
1 0.03323 0.1551 0.1661 0.2326 0.07753 0.2215 0.09968 0.01108 0.06645 0.01108 0.01108 0 0.01108 0.01108 0 0 0 0 0 0
1 0.04377 0.1094 0.3392 0.1751 0.08754 0.08754 0.1094 0.04377 0.02188 0.02188 0.01094 0.01094 0.03283 0 0 0 0 0 0 0
1 0.02761 0.2761 0.2485 0.428 0.1657 0.02761 0.08284 0.09665 0.02761 0 0 0 0 0 0 0 0 0 0 0
1 0.0308 0.308 0.4773 0.2772 0.1078 0.07699 0.06159 0.0308 0.09239 0.04619 0.0154 0 0 0 0 0 0.0154 0 0 0
1 0.04321 0.2016 0.5041 0.2593 0.1008 0.1728 0.04321 0.02881 0.04321 0.0144 0.0144 0 0 0 0 0 0.0144 0 0 0
1 0.08022 0.1872 0.4679 0.3075 0.1471 0.05348 0.04011 0.02674 0.01337 0 0 0 0 0 0 0 0 0 0 0.01337
1 0.04715 0.3144 0.2672 0.4087 0.2672 0.11 0.01572 0.04715 0.01572 0.03144 0.01572 0.01572 0.01572 0 0 0 0 0 0 0
1 0.03199 0.1839 0.2559 0.112 0.08797 0.04798 0.03998 0.007997 0.01599 0.01599 0 0 0 0 0 0 0 0 0 0
1 0.09094 0.2728 0.3789 0.3637 0.1667 0.1212 0.07578 0.01516 0.01516 0 0 0.01516 0 0 0 0 0 0 0 0
1 0.06082 0.3284 0.3892 0.2433 0.09731 0.01216 0.02433 0.01216 0.02433 0.01216 0 0 0 0.01216 0 0 0 0 0 0
1 0.05041 0.1764 0.5923 0.189 0.1638 0.03781 0.0126 0 0.0126 0.0126 0 0.0126 0 0 0 0 0 0 0 0
1 0.05113 0.5624 0.392 0.3579 0.1193 0.1363 0.03408 0.03408 0 0.01704 0 0 0 0 0 0 0 0 0 0
1 0.04469 0.2532 0.5661 0.2234 0.1788 0.149 0.04469 0.0149 0.0149 0 0 0 0 0 0 0 0 0 0 0
1 0.03245 0.1947 0.238 0.3894 0.08653 0.07571 0.02163 0.03245 0.01082 0 0 0 0 0 0 0 0 0 0 0
1 0.05191 0.2466 0.4282 0.2725 0.1947 0.06488 0.03893 0 0 0 0 0 0 0 0 0 0 0 0 0
1 0.01279 0.1279 0.4733 0.3454 0.1023 0.1663 0.01279 0.03837 0 0 0 0 0 0 0 0 0 0 0 0
1 0.04709 0.2001 0.2943 0.3414 0.1648 0.05886 0.05886 0 0.01177 0 0 0 0 0 0 0 0 0 0 0
1 0.04292 0.2897 0.279 0.118 0.1717 0.06437 0.03219 0.05365 0.01073 0.01073 0 0 0 0 0 0 0 0 0 0
1 0.03857 0.1774 0.2314 0.1157 0.07715 0.054 0.007715 0.03086 0.03086 0 0.007715 0 0 0 0 0 0 0 0 0
1 0.07651 0.4591 0.4744 0.2908 0.06121 0.04591 0.0153 0.04591 0.0153 0.03061 0 0.0153 0 0 0 0 0 0 0 0
1 0.02586 0.181 0.6206 0.2844 0.05172 0.03879 0.05172 0.01293 0.01293 0.01293 0 0 0 0 0 0 0 0 0 0
1 0.08758 0.2335 0.4233 0.4671 0.1314 0.07298 0.04379 0 0 0 0 0 0 0 0 0 0 0 0 0
1 0.06853 0.1762 0.1958 0.186 0.2154 0.08811 0.03916 0.00979 0 0 0 0 0 0 0 0 0 0 0 0
1 0.0464 0.2042 0.2784 0.1578 0.1392 0.06496 0.02784 0.00928 0 0 0 0 0 0 0 0 0 0 0 0
1 0.06667 0.3555 0.4111 0.1667 0.03333 0.03333 0.02222 0.01111 0 0 0 0.01111 0 0 0 0 0 0 0 0
1 0.07441 0.3473 0.3597 0.2232 0.09922 0.08681 0 0.03721 0 0 0 0 0 0 0 0.0124 0 0 0 0
1 0.1285 0.2285 0.3856 0.3999 0.1143 0.05713 0.02856 0.04284 0.01428 0.01428 0 0.01428 0 0 0 0 0 0 0 0
1 0.07815 0.4845 0.5158 0.2501 0.09378 0.07815 0.04689 0 0.01563 0 0 0 0 0 0 0 0 0 0 0
1 0.05427 0.2985 0.6377 0.2442 0.05427 0.02714 0.0407 0 0 0 0 0 0 0 0 0 0 0 0 0
1 0.09108 0.1822 0.3302 0.2846 0.1252 0.09108 0.01139 0.02277 0 0 0 0 0 0 0 0 0 0 0 0
1 0.06659 0.3196 0.4528 0.2131 0.1731 0.05327 0.01332 0.01332 0.02664 0 0 0 0 0 0 0 0 0 0 0
1 0.03368 0.3874 0.5726 0.3537 0.1684 0.05053 0 0.05053 0.06737 0 0 0 0 0 0 0 0 0 0 0
1 0.05389 0.2587 0.3233 0.2048 0.1078 0.05389 0.04311 0.01078 0.02156 0 0 0 0 0 0 0 0 0 0 0
1 0.05276 0.3517 0.5452 0.3869 0.08793 0.1407 0.05276 0.07035 0.05276 0 0.01759 0 0 0 0 0 0 0 0 0
1 0.04025 0.2147 0.3354 0.3086 0.1342 0.1208 0.09393 0.02684 0.05367 0.01342 0 0 0 0 0 0 0 0 0 0
1 0.0449 0.4266 0.5837 0.5837 0.3592 0.1572 0.02245 0.02245 0 0 0.02245 0.02245 0 0 0 0 0 0 0 0
1 0.02219 0.1331 0.3772 0.1886 0.1553 0.1109 0.04438 0.03328 0.04438 0 0 0 0 0 0 0 0 0 0 0
1 0.04986 0.1745 0.3241 0.3116 0.2243 0.08725 0.04986 0.01246 0.01246 0 0 0 0 0 0 0 0 0 0 0
1 0.01608 0.08842 0.2412 0.1929 0.09646 0.08038 0.01608 0.03215 0.02412 0 0.008038 0.008038 0 0 0 0 0 0 0 0
1 0.009807 0.1471 0.255 0.2648 0.05884 0.1275 0.009807 0.01961 0.03923 0 0.03923 0 0 0.009807 0 0 0 0 0 0
1 0.02558 0.1215 0.1727 0.1983 0.05116 0.03198 0.01919 0.01279 0.006395 0 0 0 0 0 0 0 0 0 0 0
1 0.03742 0.1871 0.2245 0.1778 0.1778 0.05613 0.02807 0.03742 0 0 0 0 0.009356 0 0 0 0 0 0 0
1 0.04661 0.2517 0.2144 0.1771 0.08389 0.09321 0.02796 0.009321 0.009321 0 0 0.009321 0.009321 0 0 0 0 0 0 0
1 0.0155 0.3256 0.5271 0.2946 0.155 0.07752 0.04651 0.06202 0 0 0.03101 0.0155 0 0 0 0 0 0 0 0
1 0.03884 0.1683 0.5438 0.2719 0.1554 0.06473 0.02589 0.02589 0 0 0 0 0 0 0 0 0 0 0 0
1 0.03326 0.266 0.3824 0.4656 0.1995 0.1663 0.08314 0.01663 0 0.03326 0 0 0 0.01663 0 0 0 0 0 0
1 0.03301 0.2091 0.3522 0.1321 0.1651 0.04402 0.05502 0.03301 0.02201 0.03301 0 0.011 0 0 0 0 0.011 0 0 0
1 0 0.2803 0.2936 0.3871 0.1068 0.1335 0.09343 0.01335 0 0.01335 0.01335 0 0 0 0 0 0 0 0 0
