 landings-at-age - landings.n (units : NA )
1	2	
42	100	
1	20	
1 
0.003523 0.06542 0.171 0.09593 0.08908 0.04915 0.03204 0.02689 0.01596 0.01928 0.01356 0.005613 0.005633 0.003014 0.001784 0.001542 0.0008757 0.001211 0.0004216 0.001248
0.00297 0.03955 0.1836 0.1426 0.06726 0.06246 0.03446 0.02246 0.01885 0.01119 0.01352 0.009506 0.003935 0.003949 0.002113 0.001251 0.001081 0.000614 0.0008489 0.001171
0.09079 0.5239 1.736 2.392 1.562 0.7369 0.6843 0.3775 0.2461 0.2066 0.1226 0.1481 0.1041 0.04311 0.04327 0.02315 0.01371 0.01185 0.006726 0.02213
0.1525 1.968 2.809 2.747 3.178 2.076 0.9791 0.9092 0.5016 0.327 0.2744 0.1629 0.1968 0.1384 0.05728 0.05749 0.03076 0.01821 0.01574 0.03834
0.0797 2.529 8.025 3.36 2.755 3.188 2.082 0.9821 0.912 0.5032 0.328 0.2753 0.1634 0.1974 0.1388 0.05746 0.05766 0.03086 0.01827 0.05425
0.3386 1.179 9.147 8.463 2.968 2.434 2.816 1.839 0.8676 0.8057 0.4445 0.2897 0.2432 0.1444 0.1744 0.1226 0.05076 0.05094 0.02726 0.06406
0.6803 4.7 3.979 8.942 6.922 2.427 1.991 2.303 1.504 0.7096 0.6589 0.3635 0.237 0.1989 0.1181 0.1426 0.1003 0.04152 0.04166 0.07469
0.3257 9.061 15.13 3.688 6.926 5.361 1.88 1.542 1.784 1.165 0.5496 0.5104 0.2816 0.1836 0.1541 0.09145 0.1105 0.07767 0.03216 0.09012
0.3659 4.214 28.16 13.46 2.738 5.143 3.981 1.396 1.145 1.325 0.8652 0.4081 0.379 0.2091 0.1363 0.1144 0.06791 0.08202 0.05767 0.09079
0.4592 4.632 12.74 24.23 9.651 1.964 3.688 2.854 1.001 0.8209 0.9498 0.6203 0.2926 0.2717 0.1499 0.09772 0.08202 0.04869 0.05881 0.1065
0.6918 5.715 13.69 10.65 16.86 6.714 1.366 2.565 1.986 0.6964 0.5711 0.6608 0.4316 0.2036 0.189 0.1043 0.06799 0.05706 0.03387 0.115
0.4566 8.492 16.56 11.15 7.21 11.41 4.547 0.925 1.737 1.345 0.4716 0.3868 0.4475 0.2923 0.1379 0.128 0.07063 0.04604 0.03864 0.1008
0.7701 5.541 24.18 13.18 7.367 4.764 7.542 3.004 0.6112 1.148 0.8885 0.3116 0.2555 0.2956 0.1931 0.09108 0.08458 0.04667 0.03042 0.09213
1.082 9.254 15.54 18.84 8.51 4.757 3.076 4.87 1.94 0.3947 0.7412 0.5737 0.2012 0.165 0.1909 0.1247 0.05882 0.05462 0.03013 0.07914
0.9817 12.89 25.58 11.86 11.9 5.378 3.006 1.944 3.078 1.226 0.2494 0.4684 0.3626 0.1271 0.1043 0.1206 0.0788 0.03717 0.03452 0.06905
0.7827 11.61 35.17 19.15 7.341 7.369 3.329 1.861 1.204 1.905 0.7589 0.1544 0.29 0.2245 0.07871 0.06456 0.07469 0.04878 0.02301 0.06412
0.9982 9.197 31.29 25.85 11.62 4.455 4.472 2.021 1.13 0.7305 1.156 0.4606 0.09371 0.176 0.1362 0.04777 0.03918 0.04533 0.02961 0.05288
0.9104 11.66 24.5 22.59 15.39 6.921 2.653 2.663 1.203 0.6726 0.4349 0.6886 0.2743 0.0558 0.1048 0.08112 0.02845 0.02333 0.02699 0.04912
1.055 10.58 30.71 17.38 13.2 8.996 4.045 1.551 1.556 0.7032 0.3931 0.2542 0.4024 0.1603 0.03261 0.06125 0.04741 0.01663 0.01364 0.04449
1.928 12.19 27.56 21.43 9.976 7.578 5.163 2.322 0.8899 0.8933 0.4036 0.2256 0.1459 0.231 0.09201 0.01872 0.03516 0.02721 0.009543 0.03336
1.28 22.19 31.45 18.92 12.08 5.625 4.273 2.911 1.309 0.5018 0.5037 0.2276 0.1272 0.08227 0.1302 0.05188 0.01055 0.01982 0.01534 0.02419
2.354 13.95 54.14 20.31 10.02 6.403 2.981 2.264 1.543 0.6938 0.2659 0.2669 0.1206 0.06742 0.0436 0.06902 0.02749 0.005593 0.0105 0.02095
1.238 25.66 34.04 34.97 10.76 5.312 3.393 1.58 1.2 0.8176 0.3677 0.1409 0.1415 0.06391 0.03573 0.0231 0.03658 0.01457 0.002964 0.01667
1.417 13.5 62.62 21.99 18.53 5.704 2.815 1.798 0.8371 0.6359 0.4333 0.1948 0.07468 0.07496 0.03387 0.01893 0.01224 0.01938 0.007721 0.0104
1.633 15.45 32.94 40.45 11.65 9.82 3.023 1.492 0.9529 0.4436 0.337 0.2296 0.1033 0.03957 0.03973 0.01795 0.01003 0.006488 0.01027 0.009606
0.9027 17.8 37.69 21.27 21.43 6.175 5.204 1.602 0.7906 0.505 0.2351 0.1786 0.1217 0.05472 0.02097 0.02105 0.009512 0.005317 0.003438 0.01053
1.172 9.841 43.43 24.34 11.27 11.36 3.272 2.758 0.8489 0.419 0.2676 0.1246 0.09464 0.06448 0.029 0.01111 0.01116 0.005041 0.002818 0.007405
1.399 12.78 24.01 28.05 12.9 5.974 6.02 1.734 1.462 0.4499 0.222 0.1418 0.06602 0.05015 0.03417 0.01537 0.00589 0.005912 0.002671 0.005417
1.375 15.25 31.18 15.51 14.86 6.837 3.166 3.19 0.919 0.7745 0.2384 0.1177 0.07515 0.03499 0.02658 0.01811 0.008143 0.003121 0.003133 0.004287
1.673 14.99 37.21 20.14 8.219 7.877 3.623 1.678 1.691 0.487 0.4104 0.1263 0.06235 0.03983 0.01854 0.01409 0.009596 0.004316 0.001654 0.003932
1.254 18.24 36.58 24.03 10.67 4.356 4.175 1.92 0.8891 0.8959 0.2581 0.2175 0.06695 0.03304 0.02111 0.009826 0.007464 0.005086 0.002287 0.00296
0.9679 13.67 44.49 23.63 12.74 5.655 2.308 2.212 1.017 0.4712 0.4748 0.1368 0.1153 0.03548 0.01751 0.01118 0.005207 0.003956 0.002695 0.002781
0.8984 10.55 33.35 28.74 12.52 6.749 2.997 1.223 1.172 0.5392 0.2497 0.2516 0.07248 0.06109 0.0188 0.00928 0.005927 0.00276 0.002096 0.002902
1.514 9.794 25.75 21.54 15.23 6.636 3.577 1.588 0.6482 0.6213 0.2857 0.1323 0.1333 0.03841 0.03237 0.009964 0.004918 0.003141 0.001462 0.002649
1.533 16.51 23.9 16.63 11.41 8.071 3.517 1.895 0.8417 0.3435 0.3292 0.1514 0.07012 0.07066 0.02035 0.01716 0.005281 0.002606 0.001665 0.002179
1.42 16.71 40.28 15.44 8.813 6.049 4.277 1.864 1.004 0.446 0.1821 0.1745 0.08025 0.03716 0.03744 0.01079 0.009091 0.002798 0.001381 0.002037
1.32 15.48 40.78 26.02 8.18 4.67 3.205 2.267 0.9876 0.5323 0.2364 0.09648 0.09246 0.04253 0.01969 0.01984 0.005716 0.004818 0.001483 0.001811
1.799 14.39 37.78 26.34 13.79 4.335 2.475 1.699 1.201 0.5234 0.2821 0.1253 0.05113 0.049 0.02254 0.01044 0.01052 0.003029 0.002553 0.001746
1.698 19.61 35.11 24.4 13.96 7.306 2.297 1.312 0.9002 0.6365 0.2774 0.1495 0.06638 0.02709 0.02597 0.01194 0.005531 0.005573 0.001605 0.002278
1.415 18.51 47.86 22.68 12.93 7.397 3.872 1.217 0.695 0.477 0.3373 0.147 0.07922 0.03518 0.01436 0.01376 0.006329 0.002931 0.002953 0.002058
1.398 15.06 44.18 30.25 11.76 6.707 3.836 2.008 0.6313 0.3604 0.2474 0.1749 0.07622 0.04108 0.01824 0.007446 0.007136 0.003282 0.00152 0.002599
1.203 14.89 36.03 28.08 15.79 6.137 3.5 2.002 1.048 0.3294 0.1881 0.1291 0.09128 0.03978 0.02144 0.00952 0.003885 0.003724 0.001713 0.002149
1.199 12.81 35.72 23.03 14.74 8.288 3.223 1.838 1.051 0.5501 0.173 0.09876 0.06778 0.04793 0.02089 0.01126 0.004999 0.00204 0.001955 0.002028
0.9531 12.77 30.81 22.96 12.17 7.79 4.379 1.703 0.9708 0.5553 0.2907 0.09139 0.05218 0.03581 0.02532 0.01103 0.005947 0.002641 0.001078 0.002104
0.9156 10.15 30.8 19.92 12.2 6.469 4.141 2.328 0.9051 0.5161 0.2952 0.1545 0.04858 0.02774 0.01904 0.01346 0.005866 0.003162 0.001404 0.001692
1.182 9.745 24.54 20.01 10.65 6.527 3.46 2.215 1.245 0.484 0.276 0.1579 0.08263 0.02598 0.01483 0.01018 0.0072 0.003137 0.001691 0.001656
0.7857 12.57 23.63 16.03 10.77 5.731 3.512 1.862 1.192 0.6699 0.2605 0.1485 0.08495 0.04446 0.01398 0.007982 0.005479 0.003874 0.001688 0.001801
1.18 8.361 30.57 15.52 8.679 5.829 3.102 1.901 1.008 0.6451 0.3626 0.141 0.0804 0.04599 0.02407 0.007568 0.004321 0.002966 0.002097 0.001889
1.07 12.56 20.38 20.19 8.454 4.726 3.174 1.689 1.035 0.5487 0.3513 0.1975 0.07677 0.04378 0.02504 0.01311 0.004121 0.002353 0.001615 0.00217
0.7335 11.38 30.68 13.53 11.06 4.631 2.589 1.739 0.9254 0.5671 0.3006 0.1924 0.1082 0.04205 0.02398 0.01372 0.007179 0.002257 0.001289 0.002073
0.7418 7.799 27.88 20.47 7.454 6.093 2.551 1.426 0.9579 0.5098 0.3124 0.1656 0.106 0.05959 0.02317 0.01321 0.007557 0.003955 0.001244 0.001852
0.832 7.884 19.14 18.7 11.35 4.131 3.376 1.414 0.7904 0.5308 0.2825 0.1731 0.09177 0.05874 0.03302 0.01284 0.007321 0.004188 0.002192 0.001716
0.983 8.839 19.39 12.91 10.42 6.323 2.302 1.882 0.7879 0.4405 0.2958 0.1574 0.09648 0.05114 0.03274 0.0184 0.007155 0.00408 0.002334 0.002178
1.073 10.44 21.79 13.14 7.233 5.841 3.543 1.29 1.054 0.4415 0.2468 0.1658 0.08823 0.05407 0.02866 0.01835 0.01031 0.00401 0.002286 0.002528
0.5843 11.38 25.78 14.84 7.405 4.076 3.291 1.997 0.7269 0.5942 0.2488 0.1391 0.09342 0.04972 0.03047 0.01615 0.01034 0.005811 0.002259 0.002713
0.6897 6.195 28.17 17.64 8.405 4.195 2.309 1.865 1.131 0.4118 0.3366 0.141 0.0788 0.05292 0.02817 0.01726 0.009149 0.005857 0.003292 0.002817
0.6104 7.306 15.36 19.36 10.05 4.787 2.389 1.315 1.062 0.6442 0.2345 0.1917 0.08028 0.04488 0.03014 0.01604 0.00983 0.005211 0.003336 0.003479
0.5856 6.46 18.14 10.61 11.08 5.751 2.74 1.368 0.7528 0.6079 0.3688 0.1343 0.1097 0.04595 0.02569 0.01725 0.009183 0.005627 0.002983 0.003901
0.5445 6.19 16.07 12.58 6.101 6.377 3.308 1.576 0.7868 0.4331 0.3497 0.2122 0.07724 0.06314 0.02644 0.01478 0.009926 0.005283 0.003237 0.00396
