Originally  
101 
A 
42	100	
1	1	NA	NA	
1	20	
1 0.05642 0.1881 0.583 0.3949 0.1316 0.2257 0.1128 0.01881 0.03761 0.07522 0 0 0.01881 0 0 0 0.01881 0 0.01881 0
1 0.022 0.33 0.6381 0.286 0.264 0.198 0.08801 0.11 0.08801 0.08801 0.022 0.022 0 0 0.022 0 0 0 0 0.022
1 0.02562 0.205 0.5894 0.4869 0.3331 0.2819 0.1281 0.1281 0.07687 0.07687 0.05125 0.05125 0.07687 0.02562 0.02562 0 0 0 0 0
1 0 0.2296 0.7908 0.5612 0.2041 0.2296 0.153 0.1275 0.102 0.07652 0 0.02551 0 0 0.05102 0 0 0 0 0
1 0.06941 0.2314 0.856 0.2314 0.2082 0.1851 0.1851 0.06941 0.04627 0.04627 0.06941 0 0.06941 0.02314 0 0 0 0 0 0.02314
1 0.01418 0.1843 0.3545 0.2553 0.1702 0.1418 0.08508 0.02836 0.02836 0.0709 0.02836 0.01418 0.01418 0.01418 0 0.01418 0 0 0 0
1 0 0.5935 0.7065 0.4239 0.4522 0.2826 0.08478 0.113 0.08478 0.02826 0 0 0.02826 0 0 0 0.02826 0 0 0
1 0.08341 0.3058 0.6117 0.5005 0.1668 0.3893 0.139 0.1668 0.08341 0.05561 0.05561 0.08341 0.0278 0.0278 0.05561 0 0 0 0 0.0278
1 0.07075 0.4009 0.5424 0.4009 0.3773 0.1415 0.09433 0.09433 0.04717 0.04717 0.04717 0.04717 0.02358 0 0.02358 0 0 0 0 0
1 0.03907 0.3126 0.5274 0.3516 0.3321 0.1367 0.1563 0.05861 0 0.01954 0 0.01954 0 0 0 0 0 0 0 0
1 0.03727 0.3913 0.3541 0.2422 0.2236 0.1491 0.1491 0.1118 0.09317 0.01863 0.01863 0.01863 0.01863 0 0.01863 0 0.01863 0 0 0
1 0.08076 0.5114 0.7806 0.3499 0.4576 0.02692 0.1884 0.1077 0.08076 0.02692 0 0 0.02692 0.05384 0 0 0 0 0 0
1 0.03267 0.2777 0.392 0.2777 0.147 0.147 0.1143 0.08166 0.06533 0.03267 0.01633 0 0.01633 0.01633 0 0.01633 0 0 0 0
1 0.08638 0.2448 0.4175 0.2592 0.1872 0.1152 0.02879 0.04319 0.0144 0.0144 0.0144 0 0.0144 0 0 0 0 0 0 0
1 0.07014 0.3975 0.7248 0.3507 0.3039 0.1637 0.07014 0.07014 0.09352 0.04676 0.02338 0 0.02338 0 0 0 0 0 0 0
1 0.04074 0.1426 0.4889 0.5501 0.4074 0.163 0.1222 0 0.04074 0.02037 0.06112 0 0 0 0 0 0 0 0 0
1 0.04411 0.3235 0.3529 0.3087 0.2058 0.07351 0.07351 0.0294 0.0147 0.0147 0.0147 0 0.0147 0 0 0 0 0 0 0
1 0.0486 0.2754 0.5509 0.2754 0.2268 0.09721 0.0486 0.0162 0.0324 0 0.0162 0 0 0 0 0.0162 0 0.0162 0 0
1 0.01266 0.2406 0.3925 0.2659 0.1646 0.06331 0.01266 0.06331 0 0.02532 0 0.01266 0.01266 0 0 0 0 0 0 0
1 0.01898 0.1234 0.2752 0.2278 0.1139 0.07593 0.03796 0.02847 0.03796 0.009491 0 0 0 0 0 0 0 0 0 0
1 0 0.1913 0.6376 0.6589 0.255 0.1275 0.06376 0.1488 0 0.02125 0 0 0.02125 0 0 0 0 0 0 0
1 0.03812 0.1906 0.4575 0.2796 0.1398 0.1144 0.01271 0.01271 0 0 0 0.01271 0 0 0 0.01271 0 0 0 0
1 0.07304 0.1948 0.3408 0.2678 0.1461 0.07304 0.01217 0.03652 0.01217 0.02435 0.01217 0 0.01217 0.01217 0 0 0 0 0 0
1 0.03242 0.2486 0.3783 0.2053 0.08646 0.04323 0.03242 0.04323 0 0.01081 0 0 0 0 0 0 0 0 0 0
1 0.01252 0.2755 0.3381 0.2254 0.1503 0.1252 0.07513 0.02504 0.02504 0 0 0 0 0 0 0 0 0 0 0
1 0.04362 0.1418 0.3599 0.2399 0.1309 0.08724 0.05452 0.0109 0.0109 0 0 0.0109 0 0 0 0 0 0 0 0
1 0.008789 0.1494 0.3076 0.2022 0.08789 0.04395 0.03516 0.01758 0 0.01758 0 0.008789 0 0 0 0 0 0 0 0
1 0.04004 0.1441 0.2643 0.1682 0.07207 0.04805 0.04004 0.008008 0 0 0.008008 0.008008 0 0 0 0 0 0 0 0
1 0.02794 0.1956 0.3353 0.1677 0.1118 0.02794 0.03726 0 0.01863 0 0.009314 0 0 0 0 0 0 0 0 0
1 0.02579 0.129 0.3267 0.2149 0.07738 0.03439 0.0172 0.0172 0.008598 0 0.008598 0 0 0 0 0 0 0 0 0
1 0.009237 0.157 0.3048 0.2125 0.1201 0.06466 0.02771 0.009237 0.009237 0 0.009237 0 0 0 0 0 0 0 0 0
1 0.03015 0.1357 0.196 0.1583 0.1357 0.08291 0.007537 0 0.007537 0 0 0 0 0 0 0 0 0 0 0
1 0.01465 0.1319 0.2418 0.1685 0.08059 0.0293 0.0293 0.01465 0 0.007326 0 0.01465 0 0 0 0 0 0 0 0
1 0.02065 0.1514 0.2684 0.09635 0.02065 0.04129 0.02753 0.03441 0.02753 0 0 0 0 0 0 0 0 0 0 0
1 0.05449 0.1012 0.3425 0.1168 0.07784 0.03892 0.03114 0 0 0 0.01557 0 0 0 0 0 0 0 0 0
1 0.04296 0.1804 0.2148 0.1976 0.06014 0.08591 0.03437 0.02577 0.008591 0 0 0.008591 0 0 0 0 0 0 0 0
1 0.01734 0.1734 0.2514 0.1734 0.13 0.05201 0.04335 0.01734 0 0.008669 0 0 0 0 0 0 0 0 0 0
1 0.01802 0.1382 0.1322 0.1442 0.06008 0.04806 0.03605 0 0.01202 0.01202 0 0 0 0 0 0 0 0 0 0
1 0.01399 0.1889 0.2099 0.1469 0.08394 0.02798 0.01399 0.006995 0.006995 0 0 0 0 0 0 0 0 0 0 0
1 0.03385 0.1015 0.2539 0.1862 0.1015 0.1015 0.01692 0.03385 0.008462 0.008462 0 0 0 0 0 0 0 0 0 0
1 0.006701 0.1005 0.2412 0.1608 0.05361 0.0268 0.04021 0.0134 0.0134 0 0.0134 0 0 0 0 0 0 0 0 0
1 0.01581 0.1343 0.2687 0.1581 0.09483 0.06322 0.03161 0.007903 0.007903 0.007903 0 0 0 0 0 0 0 0 0 0
1 0.0225 0.1237 0.1744 0.09 0.1012 0.01687 0.005625 0.01125 0 0.01125 0.005625 0 0 0 0 0 0 0 0 0
1 0.05802 0.1032 0.2063 0.1612 0.06447 0.01289 0.01289 0.01934 0.006447 0 0 0 0 0 0 0 0 0 0 0
1 0.01494 0.1494 0.2391 0.127 0.09714 0.05978 0.02242 0.02242 0 0.01494 0 0 0 0 0 0 0 0 0 0
1 0.03734 0.1568 0.2539 0.1419 0.0672 0.0448 0.02987 0.007467 0 0.007467 0 0 0 0 0 0 0 0 0 0
1 0.03211 0.1541 0.1734 0.1092 0.06422 0.04495 0.03853 0.01927 0 0.006422 0 0 0 0 0 0 0 0 0 0
1 0.01523 0.1117 0.1676 0.0914 0.05585 0.02539 0.02031 0.01016 0.01016 0 0 0 0 0 0 0 0 0 0 0
1 0 0.1583 0.2216 0.133 0.07598 0.019 0.006332 0.019 0 0 0 0 0 0 0 0 0 0 0 0
1 0.01153 0.09226 0.173 0.1269 0.06343 0.05767 0.0173 0.02883 0 0 0.005767 0 0 0 0 0 0 0 0 0
1 0.02721 0.1429 0.2109 0.1565 0.08164 0.01361 0.02041 0.006803 0.01361 0.006803 0 0 0 0 0 0 0 0 0 0
1 0.02274 0.07391 0.2217 0.1194 0.02843 0.05117 0.01706 0.01137 0.005686 0.005686 0.005686 0.005686 0 0 0 0 0 0 0 0
1 0.02462 0.2133 0.1887 0.1969 0.1067 0.05744 0.01641 0.01641 0 0 0 0 0 0 0 0 0 0 0 0
1 0.06724 0.09712 0.2167 0.1793 0.1046 0.04482 0.007471 0.007471 0.02241 0 0 0 0 0 0 0 0 0 0 0
1 0.01722 0.109 0.2066 0.1033 0.05165 0.03443 0.01148 0.01148 0.01148 0.005739 0.01148 0 0 0 0 0 0 0 0 0
1 0.01154 0.06927 0.1558 0.1039 0.1443 0.03463 0.02886 0.01154 0.005772 0.005772 0 0 0.005772 0 0 0 0 0 0 0
1 0.007645 0.13 0.2599 0.1835 0.09174 0.03058 0.03058 0.02293 0 0.007645 0 0 0 0 0 0 0 0 0 0
1 0.007954 0.05966 0.1114 0.1114 0.04375 0.01989 0.01591 0.01193 0.007954 0.003977 0 0 0 0 0.003977 0 0 0 0 0
1 0.01352 0.1082 0.2299 0.1285 0.0879 0.03381 0.006762 0.01352 0.02705 0 0 0.01352 0.01352 0 0 0 0 0 0 0
