Originally  
101 
A 
42	100	
1	1	NA	NA	
1	20	
1 0.1166 0.2332 0.583 0.4664 0.2138 0.01943 0.0583 0.01943 0.0583 0.0583 0 0.01943 0.07774 0 0 0 0.01943 0 0 0
1 0.02773 0.6377 0.4991 0.4991 0.4991 0.1664 0.1109 0.05545 0 0.1386 0.08318 0 0 0 0.02773 0 0.02773 0 0 0
1 0.04108 0.493 1.643 0.4108 0.3287 0.493 0.2876 0.08217 0.04108 0 0.2054 0 0 0 0.08217 0 0 0 0 0
1 0.0311 0.3733 0.8087 0.902 0.4355 0.2177 0.1244 0.06221 0.0311 0.06221 0 0.0311 0 0 0.0311 0 0 0 0 0
1 0.03645 0.09113 0.1458 0.3645 0.5832 0.1823 0.2187 0.1276 0.03645 0.01823 0.01823 0 0 0 0 0 0 0 0 0
1 0.0519 0.1557 0.3287 0.2595 0.2768 0.3287 0.1211 0.1211 0.0692 0 0 0.0173 0 0 0 0 0 0 0 0
1 0.02085 0.2085 0.4588 0.3337 0.2085 0.2503 0.3545 0.08342 0.06256 0.04171 0.04171 0 0 0 0 0 0.02085 0 0 0
1 0.04202 0.1891 0.3782 0.3152 0.1891 0.3152 0.1471 0.1681 0.1261 0.06303 0.08405 0.02101 0 0.02101 0 0.04202 0 0 0 0
1 0.06205 0.393 0.3723 0.1655 0.3516 0.04136 0.1034 0.2275 0.1655 0.06205 0.08273 0 0 0 0.02068 0 0.02068 0 0 0
1 0.06013 0.2556 0.451 0.1203 0.1654 0.0902 0.1203 0.03007 0.06013 0.07516 0.01503 0.01503 0.01503 0 0 0 0 0.01503 0 0.01503
1 0.06437 0.3433 0.7081 0.4077 0.1287 0.1502 0.04291 0.08583 0.04291 0.06437 0.04291 0.04291 0.02146 0 0 0 0 0 0 0
1 0.0425 0.2975 0.6162 0.425 0.2762 0.1062 0.08499 0.08499 0.06374 0.02125 0.06374 0.02125 0 0.02125 0 0 0 0 0 0
1 0.0181 0.4162 0.3438 0.4886 0.1629 0.1267 0.09048 0.05429 0.05429 0.0181 0 0 0.03619 0 0 0 0 0 0 0
1 0 0.2152 0.6302 0.3535 0.1537 0.09222 0.04611 0 0.04611 0 0 0 0 0 0 0 0 0 0 0
1 0 0.0772 0.3088 0.4117 0.1673 0.1029 0.1287 0.05147 0 0 0.0386 0 0 0 0 0 0 0 0 0
1 0.09112 0.09112 0.167 0.1974 0.3341 0.3645 0.09112 0.1367 0.03037 0 0 0.01519 0 0 0 0 0 0 0 0
1 0.0214 0.214 0.1605 0.09628 0.1819 0.2033 0.05349 0.07488 0.0214 0.03209 0 0 0 0.0107 0 0 0 0 0 0
1 0 0.5894 0.6876 0.3192 0.04911 0.1965 0.2947 0.04911 0.09823 0.07367 0 0 0.04911 0 0 0.02456 0 0 0 0.02456
1 0.09326 0.1865 0.3264 0.4818 0.1088 0.04663 0.09326 0.07771 0.06217 0.04663 0.01554 0.01554 0 0 0 0 0 0 0 0
1 0.02015 0.4836 0.4433 0.4433 0.1612 0.1209 0.02015 0.1209 0.1007 0.06045 0 0.02015 0.02015 0 0 0 0 0 0 0
1 0 0.09763 1.196 0.2441 0.2441 0.1953 0.09763 0.02441 0.09763 0.09763 0 0.02441 0.02441 0.02441 0.04881 0 0 0 0 0.02441
1 0.07571 0.03028 0.318 0.636 0.1363 0.106 0.04543 0 0.04543 0.01514 0.06057 0.01514 0 0.03028 0 0 0 0 0 0
1 0.05224 0.4527 0.2264 0.209 0.4702 0.06965 0.08707 0.08707 0.01741 0.01741 0.01741 0.01741 0.01741 0 0 0 0 0 0 0
1 0.01303 0.1694 0.5994 0.05212 0.1173 0.1694 0.05212 0.02606 0.05212 0.01303 0 0.01303 0 0.01303 0 0.01303 0 0 0 0
1 0.05651 0.1884 0.7346 0.4144 0.07534 0.03767 0.113 0.09418 0.09418 0.07534 0 0 0 0 0 0 0 0 0 0
1 0.01271 0.1653 0.267 0.2924 0.2161 0.01271 0.05086 0.1399 0.02543 0.06357 0 0.01271 0 0 0 0 0.01271 0 0 0
1 0.01142 0.1485 0.3313 0.1599 0.2171 0.2056 0.01142 0.01142 0.02285 0.01142 0 0 0 0 0 0.01142 0 0 0 0
1 0.02301 0.138 0.2301 0.3106 0.05752 0.138 0.1035 0.03451 0.0115 0.08052 0 0.0115 0.0115 0 0 0 0 0 0 0
1 0.06661 0.2165 0.3164 0.3997 0.1499 0.06661 0.1832 0.08326 0.01665 0 0.09991 0.01665 0.0333 0.01665 0 0 0 0 0 0
1 0.1203 0.2707 0.3759 0.3008 0.09023 0.1504 0.04511 0.1053 0.04511 0 0 0 0 0 0 0 0 0 0 0
1 0.07926 0.6737 0.4558 0.218 0.2576 0.09908 0.01982 0.03963 0.03963 0.05945 0 0 0.03963 0 0 0 0 0 0 0
1 0.04679 0.3275 1.123 0.3977 0.1871 0.1404 0 0.07018 0.02339 0 0.02339 0 0 0 0 0 0 0 0 0
1 0.02209 0.2651 0.486 0.9278 0.1988 0.06627 0.1546 0.04418 0.04418 0 0 0 0 0 0 0 0 0 0 0
1 0.05651 0.1695 0.5086 0.3014 0.4332 0.1507 0.1319 0.03767 0.05651 0 0 0 0.01884 0 0 0.01884 0 0 0 0
1 0.03781 0.3213 0.1512 0.6049 0.3213 0.2646 0.07561 0.05671 0 0.0189 0.03781 0 0 0 0 0 0 0 0 0
1 0.2849 0.451 0.6409 0.2136 0.3561 0.09495 0.1662 0.07121 0.02374 0.02374 0 0 0 0 0.02374 0 0 0.02374 0 0
1 0.04727 0.4964 0.5909 0.4255 0.04727 0.26 0.1418 0.1891 0.02364 0.07091 0.02364 0 0 0 0.04727 0 0 0 0 0
1 0.04428 0.01476 0.5461 0.2509 0.369 0.04428 0.1033 0.02952 0.05903 0 0.01476 0 0 0 0 0 0 0 0 0
1 0.03898 0.3508 0.2144 0.6042 0.2339 0.2144 0.01949 0.07796 0.07796 0.05847 0.01949 0.03898 0 0 0 0 0 0 0 0
1 0 0.4349 0.5265 0.2976 0.3205 0.2747 0.1373 0.04578 0.04578 0.02289 0.1145 0.02289 0 0 0 0 0 0.04578 0 0
1 0.01938 0.2132 0.7558 0.4457 0.1744 0.1744 0.1163 0.01938 0.01938 0 0 0 0 0 0 0 0 0 0 0
1 0.03405 0.08513 0.3405 0.4597 0.2554 0.08513 0.2384 0.05108 0.1192 0 0 0 0.01703 0.01703 0 0 0 0 0 0
1 0.03753 0.2502 0.08757 0.1877 0.2752 0.1251 0.03753 0.1001 0.06255 0.05004 0.01251 0 0.01251 0 0 0.01251 0 0 0 0
1 0 0.3991 0.4831 0.126 0.21 0.273 0.21 0.08401 0.08401 0.126 0.04201 0.021 0 0.021 0.021 0 0 0 0 0
1 0.01475 0.1475 0.5754 0.2213 0.118 0.08853 0.1328 0.07377 0 0.05902 0 0.02951 0 0.01475 0 0 0 0 0 0
1 0.1311 0.2247 0.2995 0.4119 0.2808 0.03744 0.05617 0.1685 0.09361 0.01872 0.07489 0 0.03744 0.01872 0 0 0.01872 0 0 0
1 0.0112 0.2464 0.28 0.1344 0.168 0.1232 0 0.0224 0.056 0.0112 0.0112 0.0112 0.0112 0.0112 0 0 0.0112 0 0 0.0112
1 0.05733 0.2006 1.576 0.3726 0.08599 0.2006 0.172 0 0.08599 0.08599 0 0.02866 0 0 0 0 0 0 0 0
1 0.05313 0.1594 0.2125 0.6376 0.2834 0.1063 0.07084 0.1063 0.01771 0.05313 0.01771 0 0.01771 0 0.01771 0.01771 0 0 0 0
1 0.09555 0.08494 0.2548 0.09555 0.2654 0.1062 0.03185 0.01062 0.07432 0 0.01062 0.01062 0 0 0.02123 0 0 0 0 0
1 0.01442 0.3028 0.2163 0.274 0.1153 0.2884 0.07209 0.04326 0.01442 0.07209 0 0.01442 0 0.01442 0 0 0 0 0 0
1 0.01676 0.2514 0.637 0.1341 0.1676 0.05029 0.1844 0.08381 0.05029 0.05029 0.01676 0 0 0.01676 0 0.01676 0 0 0 0
1 0.02772 0.04158 0.4158 0.4158 0.1663 0.1109 0.05544 0.06931 0.01386 0.01386 0 0.02772 0 0.01386 0 0.01386 0 0 0 0
1 0 0.1874 0.2498 0.3591 0.406 0.1249 0.06246 0 0.07808 0.03123 0.01562 0.03123 0 0 0 0 0.01562 0 0 0
1 0.03973 0.1324 0.3046 0.1854 0.1987 0.2384 0.03973 0.06622 0.02649 0.02649 0.01324 0.01324 0.03973 0 0 0 0 0 0 0
1 0.06748 0.2024 0.2362 0.1237 0.1125 0.135 0.1574 0.03374 0.01125 0.01125 0.02249 0 0 0 0 0 0.01125 0 0 0
1 0.02906 0.1889 0.5666 0.1308 0.05812 0.1017 0.08717 0.2179 0.01453 0.02906 0 0.02906 0 0 0 0 0 0 0 0
1 0.01747 0.2969 0.5938 0.3842 0.1223 0.08733 0.06986 0.0524 0.0524 0.03493 0.03493 0 0 0 0 0 0 0 0 0
1 0.09773 0.4105 0.4495 0.4495 0.3127 0.03909 0 0.03909 0.1368 0 0 0.01955 0 0 0 0 0 0 0 0
