Originally  
101 
A 
42	100	
1	1	NA	NA	
1	20	
1 0.1024 0.1707 0.3529 0.2504 0.1024 0.02277 0.03415 0 0.05691 0.02277 0 0 0.01138 0 0 0.01138 0 0 0 0
1 0.07703 0.6933 0.4237 0.2889 0.2504 0.1541 0 0.01926 0 0.01926 0 0 0 0 0 0 0 0 0 0
1 0.0515 0.4377 1.159 0.4635 0.1802 0.02575 0.0515 0.02575 0.02575 0 0.103 0.02575 0 0 0.02575 0 0 0 0 0
1 0.01144 0.09155 0.4577 0.3433 0.0801 0.09155 0.01144 0.02289 0 0 0 0.03433 0 0 0 0 0 0 0 0
1 0.07104 0.1243 0.2486 0.6571 0.373 0.1066 0.03552 0.03552 0 0.03552 0.01776 0 0 0.03552 0.01776 0.01776 0 0 0 0
1 0.02182 0.2509 0.2073 0.2291 0.1636 0.1309 0.03273 0.02182 0 0 0.02182 0 0 0 0 0 0.01091 0 0 0
1 0.03906 0.1563 0.2539 0.1465 0.1172 0.1367 0.06836 0 0.01953 0.01953 0 0 0 0.009766 0 0.009766 0 0 0 0
1 0.03962 0.1585 0.1505 0.1902 0.07923 0.06338 0.06338 0.03962 0 0 0.007923 0 0 0 0 0 0 0 0 0
1 0.02868 0.2677 0.2103 0.1721 0.1147 0.02868 0.03824 0.0478 0.03824 0 0 0 0.00956 0 0 0 0 0 0 0
1 0.01803 0.1803 0.4058 0.09017 0.07214 0.02705 0.02705 0.009017 0.01803 0.01803 0.01803 0.009017 0 0 0 0 0 0.009017 0 0
1 0.01024 0.2252 0.3685 0.2662 0.01024 0.05118 0.05118 0.01024 0 0.03071 0 0 0 0 0 0 0 0 0 0
1 0.0618 0.2119 0.3002 0.1501 0.07946 0.008829 0.01766 0.02649 0.01766 0 0 0 0.008829 0 0 0 0 0 0 0
1 0.009387 0.2347 0.3286 0.1784 0.09387 0.03755 0 0.01877 0.03755 0 0 0 0 0 0 0 0 0 0 0
1 0.01122 0.2244 0.4152 0.2356 0.08977 0.101 0.03366 0 0 0.01122 0 0 0 0 0 0 0 0 0 0
1 0 0.0554 0.2124 0.3139 0.12 0.09233 0.09233 0.009233 0.01847 0 0.009233 0 0 0 0 0 0 0 0 0
1 0.04229 0.1099 0.1438 0.2537 0.1522 0.03383 0.02537 0.03383 0.01691 0.008457 0.008457 0.01691 0 0 0 0 0 0 0 0
1 0.01206 0.3978 0.2532 0.1688 0.1326 0.1447 0.03617 0 0.04822 0.01206 0 0 0 0 0 0 0 0 0 0
1 0.01131 0.2489 0.5205 0.1245 0.05657 0.06788 0.04526 0.05657 0 0 0 0 0 0 0 0 0 0 0 0
1 0.05491 0.1167 0.2128 0.1716 0.03432 0.02059 0.01373 0.02746 0.006864 0.02059 0.006864 0 0 0 0 0 0 0 0 0
1 0.02426 0.1456 0.2588 0.1941 0.1051 0.03235 0.008087 0.03235 0.008087 0 0 0 0 0 0 0 0 0 0 0
1 0 0.1252 0.313 0.133 0.06259 0.1017 0.0313 0.007824 0.007824 0 0 0 0 0 0 0 0 0 0 0
1 0.04783 0.01913 0.1435 0.4687 0.1244 0.06696 0.06696 0 0 0.009566 0 0.009566 0 0 0 0 0 0 0 0
1 0.02295 0.2123 0.09754 0.06885 0.1148 0.04017 0 0.005738 0.005738 0 0.005738 0 0 0 0 0 0 0 0 0
1 0.01609 0.177 0.346 0.03219 0.03219 0.1287 0.01609 0.04023 0.008047 0 0.008047 0 0 0 0 0 0 0 0 0
1 0.01911 0.08917 0.1911 0.2165 0.01274 0.03185 0.05095 0.01274 0.006369 0.006369 0 0 0 0 0 0 0 0 0 0
1 0.03659 0.1372 0.2013 0.2745 0.1555 0.03659 0.0183 0.04574 0 0 0 0.009149 0 0 0 0 0 0 0 0
1 0.01541 0.131 0.2697 0.1079 0.1233 0.07705 0.02311 0.007705 0 0.007705 0 0 0.007705 0 0 0 0 0 0 0
1 0.01379 0.06437 0.1655 0.1058 0.02299 0.05978 0.009196 0.004598 0 0.01379 0 0 0 0 0 0 0 0 0 0
1 0.03333 0.09999 0.2866 0.09332 0.09332 0.01333 0.01333 0.02666 0 0 0.006666 0 0 0 0 0 0 0 0 0
1 0.101 0.1399 0.2021 0.1166 0.1166 0.03109 0.03886 0.02332 0 0 0 0.007772 0 0 0 0 0 0 0 0
1 0.008766 0.3945 0.2367 0.1052 0.05259 0.03506 0.0263 0 0.008766 0.008766 0 0 0 0 0 0 0 0 0 0
1 0.02034 0.1322 0.4781 0.1831 0.1322 0.03052 0.02034 0.01017 0.01017 0 0 0 0 0 0 0 0 0 0 0
1 0.01085 0.2604 0.2062 0.3689 0.09766 0.07596 0.0434 0.01085 0.01085 0 0 0 0 0 0 0 0 0 0 0
1 0.03199 0.02559 0.3007 0.1216 0.1088 0.02559 0.02559 0 0 0 0 0 0 0 0 0 0 0 0 0
1 0.03248 0.2761 0.1137 0.1786 0.0812 0.0812 0.01624 0.00812 0.00812 0 0 0.01624 0 0 0 0 0 0 0 0
1 0.08187 0.4912 0.5567 0.1474 0.1801 0.04912 0.08187 0.01637 0.01637 0 0.01637 0 0 0 0 0 0 0 0 0
1 0 0.1743 0.3573 0.1482 0.07844 0.06972 0 0.02615 0.008715 0 0 0 0.008715 0 0 0 0 0 0 0
1 0.03731 0.07462 0.3545 0.2239 0.1492 0.02798 0.02798 0.009328 0.01866 0.009328 0 0 0 0 0 0 0 0 0 0
1 0.04405 0.3194 0.1872 0.2313 0.1762 0.06608 0.03304 0.02203 0 0.02203 0 0 0 0 0 0 0 0 0 0
1 0.01241 0.2607 0.5089 0.04965 0.1986 0.1117 0.06207 0 0.01241 0.01241 0.01241 0 0 0 0 0 0 0 0 0
1 0.01054 0.2319 0.3268 0.2636 0.03163 0.08434 0.06325 0.01054 0 0.03163 0 0 0 0 0 0 0 0 0 0
1 0.02461 0.03281 0.2051 0.3035 0.1231 0.02461 0.04922 0.03281 0.01641 0.008204 0 0 0 0 0 0 0 0 0 0
1 0.03023 0.139 0.07859 0.1814 0.08463 0.03627 0.03023 0.01814 0 0 0.006045 0 0 0 0 0 0 0 0 0
1 0.008508 0.2552 0.2382 0.07657 0.1106 0.09359 0.03403 0.008508 0.008508 0.008508 0 0 0.008508 0 0 0 0 0 0 0
1 0.03811 0.1143 0.343 0.1906 0.03811 0.08575 0.09528 0.03811 0 0 0.009528 0 0 0 0 0 0 0 0 0
1 0.04385 0.1754 0.228 0.2544 0.114 0.008771 0.008771 0.008771 0.02631 0.008771 0 0 0 0 0 0 0 0 0 0
1 0.04088 0.2371 0.1962 0.1308 0.08994 0.06541 0.008176 0.01635 0 0.01635 0.008176 0.008176 0 0 0 0 0 0 0 0
1 0.01878 0.05008 0.338 0.1377 0.02504 0.02504 0.02504 0 0 0.00626 0 0 0 0 0 0 0 0 0 0
1 0.006909 0.1313 0.1244 0.228 0.08982 0.04836 0.04146 0.01382 0 0.006909 0 0 0 0 0 0 0 0 0 0
1 0.03986 0.1116 0.3189 0.06378 0.1196 0.06378 0.01595 0.04784 0.007973 0 0 0 0 0 0.007973 0 0 0 0 0
1 0.01414 0.1627 0.1273 0.191 0.08487 0.06365 0.04243 0.007072 0.007072 0 0 0 0.007072 0 0 0 0 0 0 0
1 0.01304 0.1369 0.2803 0.1108 0.01304 0.03259 0.04563 0.006518 0.006518 0 0.006518 0 0 0 0 0 0 0 0 0
1 0.006999 0.112 0.28 0.231 0.028 0.021 0.014 0.006999 0 0 0 0 0 0 0 0 0 0 0 0
1 0.02729 0.1274 0.2456 0.2456 0.1911 0.03639 0.0182 0 0.0182 0 0 0 0 0 0 0 0 0 0 0
1 0.04467 0.04467 0.1191 0.1142 0.07445 0.06948 0.01985 0.004963 0.004963 0 0 0 0 0 0 0 0 0 0 0
1 0.04441 0.1171 0.07671 0.06863 0.03633 0.04441 0.004037 0.004037 0 0.004037 0.004037 0 0 0 0 0 0 0 0 0
1 0.01928 0.1398 0.1543 0.05785 0.02893 0.0241 0.01928 0.02893 0.004821 0 0 0.004821 0 0 0 0 0 0 0 0
1 0.01719 0.1547 0.3783 0.1805 0.02579 0.04298 0.01719 0.01719 0.008597 0 0.01719 0 0 0 0 0 0 0 0 0
1 0.01453 0.1888 0.2252 0.1816 0.06537 0.02905 0 0 0.01453 0.007263 0 0 0 0 0 0 0 0 0 0
