 landings-at-age - landings.n (units : NA )
1	2	
42	100	
1	20	
1 
3.157 15.82 43.16 30.97 13.39 4.702 4.122 1.039 8.648 3.005 0.6665 1.404 1.535 0.543 0.7516 0.2436 0.3326 0.08334 0.04718 0.2051
2.292 38.55 43.43 31.72 18.73 8.095 2.843 2.493 0.6282 5.229 1.817 0.403 0.8492 0.9279 0.3284 0.4545 0.1473 0.2011 0.0504 0.1526
1.121 22.64 85.96 25.71 15.41 9.099 3.933 1.381 1.211 0.3052 2.541 0.8829 0.1958 0.4126 0.4508 0.1595 0.2208 0.07158 0.0977 0.09861
0.7514 11.98 54.83 55.82 13.73 8.231 4.861 2.101 0.7379 0.647 0.163 1.357 0.4717 0.1046 0.2204 0.2408 0.08522 0.118 0.03824 0.1049
1.056 8.535 30.79 37.84 31.71 7.803 4.676 2.761 1.194 0.4192 0.3675 0.09262 0.771 0.268 0.05942 0.1252 0.1368 0.04841 0.06701 0.0813
0.6891 11.5 21.03 20.3 20.52 17.19 4.23 2.535 1.497 0.6471 0.2273 0.1993 0.05022 0.418 0.1453 0.03222 0.06789 0.07418 0.02625 0.08041
0.5842 7.848 29.53 14.44 11.47 11.59 9.711 2.389 1.432 0.8457 0.3655 0.1284 0.1126 0.02836 0.2361 0.08206 0.0182 0.03835 0.0419 0.06025
1.169 5.814 17.71 17.78 7.146 5.674 5.735 4.806 1.182 0.7086 0.4185 0.1809 0.06353 0.0557 0.01404 0.1168 0.04061 0.009005 0.01898 0.05055
1.341 14.66 16.4 13.41 11.09 4.457 3.539 3.577 2.997 0.7375 0.442 0.261 0.1128 0.03962 0.03474 0.008754 0.07288 0.02533 0.005616 0.04336
1.292 14 34.41 10.22 6.858 5.671 2.279 1.809 1.829 1.533 0.3771 0.226 0.1335 0.05768 0.02026 0.01776 0.004476 0.03726 0.01295 0.02504
1.09 14.58 35.48 23.24 5.669 3.805 3.146 1.264 1.004 1.015 0.8503 0.2092 0.1254 0.07404 0.032 0.01124 0.009855 0.002484 0.02067 0.02108
1.55 11.35 34.19 22.12 11.89 2.901 1.947 1.61 0.6471 0.5138 0.5193 0.4351 0.1071 0.06417 0.03789 0.01638 0.005752 0.005044 0.001271 0.02137
0.9024 16.37 27.09 21.81 11.59 6.234 1.521 1.021 0.8441 0.3392 0.2693 0.2722 0.2281 0.05613 0.03364 0.01986 0.008586 0.003016 0.002644 0.01187
0.3368 10.16 41.62 18.44 12.21 6.493 3.491 0.8518 0.5717 0.4728 0.19 0.1508 0.1525 0.1278 0.03144 0.01884 0.01113 0.004809 0.001689 0.008128
0.5528 3.765 25.58 27.98 10.2 6.75 3.589 1.93 0.4708 0.316 0.2613 0.105 0.08337 0.08427 0.07062 0.01738 0.01041 0.006149 0.002658 0.005426
1.224 5.602 8.638 15.66 14.07 5.126 3.394 1.805 0.9703 0.2367 0.1589 0.1314 0.0528 0.04192 0.04237 0.03551 0.008737 0.005236 0.003092 0.004065
0.9054 15.06 15.5 6.406 9.556 8.589 3.129 2.072 1.102 0.5923 0.1445 0.09699 0.0802 0.03223 0.02559 0.02586 0.02167 0.005333 0.003196 0.004369
0.7223 9.06 33.99 9.291 3.151 4.7 4.225 1.539 1.019 0.5418 0.2913 0.07108 0.04771 0.03945 0.01585 0.01259 0.01272 0.01066 0.002623 0.003721
1.437 7.79 22.12 22.22 4.995 1.694 2.527 2.271 0.8275 0.5479 0.2913 0.1566 0.03821 0.02565 0.02121 0.008523 0.006767 0.00684 0.005732 0.003411
0.5305 17.36 21.14 16.07 13.28 2.985 1.012 1.51 1.357 0.4945 0.3274 0.1741 0.0936 0.02283 0.01533 0.01267 0.005093 0.004044 0.004087 0.005463
0.293 5.74 42.1 13.6 8.482 7.01 1.576 0.5344 0.7972 0.7165 0.261 0.1728 0.0919 0.04941 0.01205 0.008091 0.006691 0.002689 0.002135 0.005042
1.497 3.239 14.22 27.67 7.338 4.576 3.782 0.8501 0.2883 0.4301 0.3866 0.1408 0.09325 0.04958 0.02666 0.006503 0.004365 0.00361 0.001451 0.003872
0.8775 14.82 7.235 8.429 13.46 3.569 2.226 1.84 0.4135 0.1402 0.2092 0.188 0.06851 0.04536 0.02412 0.01297 0.003164 0.002123 0.001756 0.002589
0.5059 9.871 37.63 4.92 4.714 7.529 1.996 1.245 1.029 0.2313 0.07844 0.117 0.1052 0.03832 0.02537 0.01349 0.007252 0.001769 0.001188 0.00243
0.6917 5.479 24.13 24.57 2.641 2.53 4.041 1.071 0.6682 0.5523 0.1241 0.0421 0.0628 0.05645 0.02056 0.01362 0.00724 0.003893 0.0009497 0.001942
0.5979 7.635 13.65 16.07 13.45 1.445 1.385 2.212 0.5864 0.3657 0.3023 0.06794 0.02304 0.03437 0.03089 0.01126 0.007452 0.003962 0.00213 0.001583
0.6548 6.141 17.77 8.491 8.216 6.877 0.7391 0.7083 1.131 0.2999 0.187 0.1546 0.03475 0.01178 0.01758 0.0158 0.005756 0.003811 0.002026 0.001899
0.7453 8.03 16.95 13.16 5.174 5.006 4.19 0.4503 0.4315 0.6891 0.1827 0.114 0.09419 0.02117 0.00718 0.01071 0.009627 0.003507 0.002322 0.002392
0.8797 7.701 18.69 10.48 6.679 2.627 2.542 2.127 0.2286 0.2191 0.3499 0.09278 0.05785 0.04782 0.01075 0.003645 0.005438 0.004888 0.001781 0.002393
1.589 8.93 17.73 11.51 5.305 3.381 1.33 1.286 1.077 0.1157 0.1109 0.1771 0.04696 0.02928 0.0242 0.005441 0.001845 0.002753 0.002474 0.002113
0.7747 18.63 23.69 12.64 6.758 3.115 1.985 0.7807 0.7553 0.6322 0.06795 0.06511 0.104 0.02757 0.01719 0.01421 0.003195 0.001083 0.001616 0.002693
1.219 8.375 45.51 15.46 6.786 3.627 1.672 1.065 0.419 0.4054 0.3393 0.03647 0.03494 0.0558 0.0148 0.009228 0.007627 0.001714 0.0005815 0.002313
0.5245 14 21.66 31.45 8.787 3.857 2.061 0.9501 0.6054 0.2381 0.2304 0.1928 0.02072 0.01986 0.03171 0.00841 0.005244 0.004335 0.0009744 0.001645
1.219 5.486 33.04 13.61 16.23 4.534 1.99 1.064 0.4902 0.3124 0.1229 0.1189 0.0995 0.01069 0.01025 0.01636 0.004339 0.002706 0.002237 0.001351
1.458 12.68 12.94 20.85 7.059 8.421 2.353 1.033 0.5518 0.2544 0.1621 0.06375 0.06168 0.05163 0.005549 0.005317 0.008491 0.002252 0.001404 0.001862
1.403 16.28 32.1 8.797 11.67 3.95 4.712 1.316 0.5777 0.3088 0.1423 0.09069 0.03567 0.03451 0.02889 0.003105 0.002975 0.004751 0.00126 0.001827
0.581 16.75 43.72 23.08 5.205 6.904 2.337 2.788 0.7789 0.3418 0.1827 0.08421 0.05366 0.0211 0.02042 0.01709 0.001837 0.00176 0.002811 0.001827
1.117 5.813 37.86 26.28 11.39 2.569 3.407 1.153 1.376 0.3844 0.1687 0.09017 0.04156 0.02648 0.01042 0.01008 0.008435 0.0009066 0.0008688 0.002289
1.385 12.71 14.94 26.06 14.89 6.453 1.455 1.93 0.6533 0.7793 0.2177 0.09555 0.05107 0.02354 0.015 0.005899 0.005708 0.004778 0.0005135 0.001789
0.8292 16.14 33.23 10.41 14.94 8.532 3.698 0.8339 1.106 0.3744 0.4466 0.1248 0.05477 0.02927 0.01349 0.008597 0.003381 0.003272 0.002738 0.001319
0.2629 8.166 35.89 19.61 5.045 7.237 4.133 1.792 0.4039 0.5358 0.1814 0.2164 0.06045 0.02653 0.01418 0.006536 0.004165 0.001638 0.001585 0.001966
0.9519 2.972 20.85 24.55 11.04 2.839 4.073 2.326 1.008 0.2273 0.3015 0.1021 0.1218 0.03402 0.01493 0.00798 0.003678 0.002344 0.0009218 0.001998
1.052 10.21 7.206 13.51 13.07 5.879 1.512 2.169 1.239 0.537 0.1211 0.1606 0.05437 0.06485 0.01812 0.007952 0.00425 0.001959 0.001248 0.001555
0.5771 11.78 25.8 4.869 7.507 7.266 3.267 0.8404 1.205 0.6884 0.2984 0.06729 0.08925 0.03021 0.03604 0.01007 0.004419 0.002362 0.001089 0.001558
0.7378 5.906 27.31 15.99 2.481 3.825 3.702 1.664 0.4281 0.6141 0.3507 0.152 0.03428 0.04547 0.01539 0.01836 0.00513 0.002251 0.001203 0.001348
1.263 8.292 15.04 18.69 9.008 1.397 2.154 2.085 0.9377 0.2412 0.3459 0.1976 0.08564 0.01931 0.02561 0.008671 0.01034 0.00289 0.001268 0.001437
0.4385 14.64 21.67 10.52 10.76 5.186 0.8045 1.24 1.2 0.5398 0.1388 0.1992 0.1137 0.04931 0.01112 0.01475 0.004992 0.005954 0.001664 0.001558
0.7064 4.881 36.62 14.43 5.759 5.888 2.838 0.4402 0.6787 0.6569 0.2954 0.07598 0.109 0.06224 0.02698 0.006083 0.008069 0.002732 0.003258 0.001763
0.5186 7.792 12.08 24.09 7.797 3.111 3.181 1.533 0.2378 0.3666 0.3549 0.1596 0.04104 0.05887 0.03362 0.01458 0.003286 0.004359 0.001476 0.002712
1.204 5.066 17.22 7.102 11.62 3.762 1.501 1.535 0.7397 0.1147 0.1769 0.1712 0.07699 0.0198 0.02841 0.01622 0.007032 0.001586 0.002103 0.002021
0.9867 14.79 14 12.76 4.332 7.09 2.295 0.9156 0.936 0.4511 0.06998 0.1079 0.1044 0.04696 0.01208 0.01733 0.009895 0.004289 0.0009671 0.002515
0.5162 10.47 35.26 8.859 6.628 2.25 3.683 1.192 0.4756 0.4862 0.2344 0.03636 0.05605 0.05425 0.02439 0.006275 0.009 0.00514 0.002228 0.001809
0.4179 5.72 26.06 23.36 4.82 3.606 1.224 2.004 0.6485 0.2588 0.2646 0.1275 0.01978 0.0305 0.02952 0.01327 0.003414 0.004897 0.002797 0.002197
0.317 4.206 13.01 15.77 11.6 2.395 1.792 0.6083 0.9956 0.3222 0.1286 0.1314 0.06335 0.009827 0.01515 0.01466 0.006594 0.001696 0.002433 0.002481
0.7325 3.438 10.34 8.573 8.55 6.291 1.298 0.9714 0.3298 0.5398 0.1747 0.0697 0.07126 0.03435 0.005328 0.008215 0.007951 0.003575 0.0009196 0.002664
0.979 8.425 8.928 7.198 4.911 4.898 3.604 0.7438 0.5565 0.1889 0.3092 0.1001 0.03993 0.04082 0.01968 0.003052 0.004706 0.004555 0.002048 0.002053
0.6709 10.99 21.29 6.018 3.987 2.721 2.713 1.996 0.412 0.3083 0.1047 0.1713 0.05543 0.02212 0.02261 0.0109 0.001691 0.002607 0.002523 0.002272
0.772 6.926 25.63 13.22 3.068 2.033 1.387 1.383 1.018 0.2101 0.1572 0.05336 0.08733 0.02826 0.01128 0.01153 0.005557 0.000862 0.001329 0.002445
0.6606 9.199 18.54 18.33 7.775 1.805 1.196 0.8161 0.8139 0.5989 0.1236 0.09247 0.03139 0.05138 0.01663 0.006635 0.006784 0.003269 0.0005072 0.00222
