Originally  
101 
A 
42	100	
1	1	NA	NA	
1	20	
1 0.03223 0.3868 0.5801 0.7091 0.3868 0.2578 0.3545 0.1289 0.09669 0.09669 0.09669 0.03223 0 0.03223 0.03223 0 0 0 0 0
1 0.0233 0.2563 0.5826 0.4661 0.2797 0.1165 0.233 0.1165 0.09322 0.0233 0.04661 0 0.04661 0 0.0233 0.0233 0 0 0 0
1 0.04686 0.3749 0.5389 0.4452 0.164 0.2343 0.164 0.164 0.0703 0.04686 0.04686 0 0 0 0.02343 0 0 0.02343 0 0
1 0.01835 0.2386 0.3854 0.4038 0.2569 0.1285 0.09177 0.1468 0.07341 0.03671 0 0.01835 0 0.01835 0 0 0.01835 0 0 0
1 0.08241 0.1854 0.618 0.4326 0.2884 0.206 0.0412 0.103 0.0412 0.0412 0 0 0 0 0 0 0.0206 0 0 0
1 0.02984 0.3581 0.6863 0.746 0.2686 0.1194 0.1492 0.179 0.08952 0.1194 0.1194 0.05968 0.02984 0.02984 0 0 0 0 0 0
1 0.02105 0.4 0.5052 0.4421 0.3368 0.1684 0.1053 0.0421 0.0421 0.0421 0 0 0 0 0 0 0 0 0 0
1 0.05433 0.1992 0.4527 0.3622 0.2354 0.2535 0.07243 0.1087 0.01811 0.01811 0.01811 0 0 0 0 0 0 0 0.01811 0
1 0.04163 0.3746 0.5411 0.4163 0.1249 0.1249 0.1665 0.04163 0.08325 0.04163 0.08325 0 0.04163 0 0 0 0 0 0 0
1 0.1221 0.157 0.4709 0.3837 0.1918 0.1918 0.06976 0.0872 0.03488 0 0 0.01744 0 0 0 0 0.01744 0 0 0
1 0.03646 0.2734 0.4922 0.4192 0.1276 0.1094 0.1276 0.07291 0.03646 0.01823 0.03646 0.05468 0.01823 0 0 0 0 0 0 0
1 0.08127 0.2709 1.002 0.596 0.298 0.1354 0.1896 0.02709 0.02709 0 0.02709 0 0.02709 0 0 0 0 0 0.02709 0
1 0.03767 0.3014 0.4897 0.339 0.226 0.1319 0.1319 0.05651 0.03767 0.03767 0.05651 0.03767 0 0 0 0 0 0 0 0
1 0.04733 0.2367 0.3787 0.2682 0.1736 0.1736 0.09467 0.1262 0 0.03156 0.01578 0 0.01578 0 0 0 0 0 0.01578 0
1 0.01736 0.2256 0.6422 0.3298 0.2083 0.08678 0.03471 0.08678 0.01736 0.01736 0.06942 0 0 0 0 0 0 0 0 0
1 0.03127 0.1564 0.4066 0.3597 0.2502 0.1407 0.06255 0.06255 0.01564 0.03127 0.01564 0.03127 0 0 0 0 0 0 0 0
1 0.07219 0.4091 0.6016 0.2887 0.3128 0.3128 0.2166 0.04812 0.04812 0.02406 0.02406 0 0 0.02406 0.02406 0 0 0 0 0
1 0.07675 0.2303 0.7675 0.4861 0.3326 0.307 0.1279 0.05117 0.05117 0.1023 0 0 0 0 0 0 0 0 0 0.02558
1 0.04589 0.4819 0.5966 0.4819 0.1836 0.2065 0.09179 0.04589 0 0.04589 0.02295 0.06884 0 0 0 0.02295 0 0 0 0
1 0 0.2241 0.6274 0.4257 0.2913 0.2241 0.04482 0.1793 0.04482 0.06722 0.02241 0.04482 0.02241 0 0 0 0 0 0 0.02241
1 0 0.3435 0.4961 0.3244 0.2671 0.1526 0.05724 0.1145 0.05724 0.03816 0.01908 0 0.01908 0 0 0.01908 0 0 0 0
1 0.01616 0.2585 0.3232 0.4039 0.2908 0.09695 0.06463 0.04847 0.01616 0.06463 0.01616 0.01616 0 0 0 0 0 0 0 0
1 0.1572 0.334 0.5108 0.2751 0.1768 0.2358 0.1375 0.01965 0.05894 0.01965 0.01965 0 0 0 0.01965 0 0 0 0 0
1 0.03283 0.2134 0.4268 0.3612 0.1313 0.197 0.1149 0.04925 0 0.04925 0 0.01642 0 0.04925 0 0 0 0 0 0
1 0 0.4366 0.8732 0.5393 0.3852 0.07704 0.07704 0.1284 0 0.02568 0 0.02568 0 0 0 0 0 0 0 0
1 0.01508 0.2714 0.3618 0.4372 0.1206 0.03015 0.1357 0.04523 0.03015 0.03015 0 0 0 0.01508 0 0 0.01508 0 0 0
1 0.06727 0.1682 0.5045 0.2522 0.185 0.1513 0.1009 0.03363 0.05045 0.05045 0.08408 0.01682 0 0 0.01682 0 0 0 0 0
1 0.01342 0.2014 0.2953 0.1745 0.2685 0.1074 0.06712 0.09397 0.06712 0.01342 0.01342 0 0 0.01342 0.01342 0 0 0 0 0
1 0.07258 0.3387 0.5081 0.5807 0.4355 0.1936 0.04839 0.04839 0.04839 0.02419 0.04839 0 0.04839 0 0 0.02419 0 0 0 0
1 0.02034 0.2441 0.5086 0.4272 0.2848 0.2441 0.1017 0.1221 0.02034 0.02034 0 0 0 0.02034 0 0 0 0.02034 0 0
1 0 0.1528 0.2419 0.3438 0.2037 0.1019 0.1019 0.05094 0.02547 0.01273 0.01273 0 0 0 0 0 0.01273 0 0.01273 0
1 0.01366 0.1093 0.3006 0.4099 0.164 0.1093 0.1093 0.05465 0.05465 0 0 0 0 0.01366 0 0.01366 0.01366 0 0 0
1 0 0.2172 0.3413 0.3723 0.2017 0.1551 0.04654 0.03102 0.06205 0.03102 0.01551 0.01551 0.01551 0 0.03102 0 0 0.01551 0 0
1 0.01582 0.2215 0.3638 0.2215 0.2689 0.1265 0.1424 0.04746 0.09491 0.04746 0 0.01582 0.01582 0 0 0 0 0 0 0
1 0.02727 0.3137 0.2046 0.2182 0.1773 0.09546 0.1091 0.05455 0.02727 0.05455 0.01364 0.04091 0.02727 0 0 0 0 0 0 0
1 0.01964 0.2356 0.5302 0.3338 0.2356 0.1374 0.1767 0.07854 0.03927 0.05891 0.07854 0.01964 0 0.01964 0 0 0 0 0 0
1 0.0465 0.217 0.3255 0.2325 0.2325 0.155 0.1085 0.062 0.0155 0.093 0.062 0 0 0 0 0 0 0 0 0
1 0.04075 0.3464 0.489 0.3668 0.2038 0.2241 0.1019 0.04075 0.02038 0.06113 0.06113 0.04075 0.02038 0 0 0 0 0 0 0.02038
1 0.04203 0.1576 0.3047 0.1891 0.06304 0.06304 0.1051 0.05254 0.02101 0.03152 0.01051 0 0 0 0.01051 0 0 0 0 0
1 0.02215 0.1883 0.2436 0.1993 0.1218 0.1107 0.06645 0.03322 0.05537 0 0.02215 0.02215 0.02215 0 0 0 0 0 0 0
1 0 0.1273 0.1498 0.1423 0.1498 0.06741 0.02996 0.02996 0.02247 0.00749 0.01498 0.00749 0 0 0 0 0 0 0 0
1 0.01361 0.177 0.422 0.245 0.177 0.1225 0.02723 0.05445 0.02723 0.02723 0.01361 0.01361 0.02723 0 0.01361 0 0 0 0 0
1 0.05105 0.2042 0.4084 0.4084 0.2042 0.2383 0.06807 0.05105 0.03404 0.01702 0 0.01702 0 0 0 0 0 0 0 0
1 0.05467 0.1913 0.328 0.287 0.205 0.1093 0.06834 0.041 0.041 0.01367 0 0.01367 0 0 0.01367 0 0 0 0 0
1 0.01167 0.105 0.21 0.2917 0.21 0.1867 0.07 0.01167 0.01167 0.01167 0.01167 0.02333 0.01167 0 0 0 0 0 0 0
1 0.06095 0.1016 0.3556 0.1117 0.1117 0.1117 0.08127 0.01016 0.02032 0.03048 0 0.01016 0 0.01016 0 0 0 0 0 0
1 0 0.1385 0.245 0.2343 0.1172 0.1278 0.05326 0.0426 0.0426 0.03195 0.0213 0 0 0 0 0.01065 0 0 0 0
1 0.03415 0.09106 0.3073 0.2163 0.1821 0.09106 0.09106 0.04553 0.03415 0 0.02277 0.01138 0.01138 0 0 0 0 0 0 0
1 0.01267 0.114 0.266 0.2787 0.1774 0.06334 0.152 0.05068 0.06334 0.07601 0 0 0 0 0.01267 0 0 0 0 0
1 0.01351 0.1487 0.4189 0.2433 0.1892 0.1351 0.1216 0.02703 0.01351 0 0.01351 0.01351 0 0 0 0 0 0 0 0.01351
1 0.02936 0.2642 0.4257 0.2495 0.1321 0.1174 0.08807 0.1027 0.01468 0.01468 0.01468 0 0.01468 0 0 0 0 0 0 0
1 0.06748 0.2024 0.3205 0.3543 0.3374 0.1518 0.1181 0.05061 0.05061 0 0.03374 0 0 0 0 0 0 0 0 0
1 0.1027 0.08806 0.3229 0.3522 0.2201 0.1027 0.02935 0.1321 0.04403 0.02935 0.01468 0 0.01468 0 0.01468 0 0 0 0 0
1 0.0416 0.2219 0.3744 0.305 0.1525 0.1248 0.0832 0.06933 0 0 0 0 0 0.01387 0 0 0 0 0 0
1 0.06069 0.1972 0.3338 0.2427 0.2427 0.1214 0.07586 0.1062 0.03034 0.04552 0.04552 0 0 0 0 0.01517 0 0 0 0
1 0.03623 0.09662 0.2778 0.1812 0.2415 0.1449 0.08454 0.04831 0.02415 0.04831 0.01208 0 0 0.01208 0 0 0 0 0 0
1 0 0.1485 0.3375 0.2295 0.1755 0.1215 0.1215 0.135 0.027 0 0.0135 0 0.027 0 0 0.0135 0 0 0 0
1 0.02593 0.2333 0.2852 0.1945 0.1426 0.1815 0.06482 0.05185 0.07778 0.01296 0.01296 0 0 0 0.01296 0 0 0 0 0
1 0.03431 0.1601 0.3545 0.2173 0.1258 0.05719 0.05719 0.04575 0.03431 0.02287 0.01144 0.02287 0 0 0 0 0 0 0 0
