 landings-at-age - landings.n (units : NA )
1	2	
2	100	
1	20	
1 
0.02659 0.2984 0.8352 0.6934 0.4839 0.3377 0.2357 0.1644 0.1148 0.08008 0.05589 0.039 0.02722 0.01899 0.01325 0.009249 0.006454 0.004504 0.003143 0.007259
0.005688 0.05216 0.1462 0.1214 0.08475 0.05914 0.04127 0.0288 0.0201 0.01403 0.009787 0.00683 0.004766 0.003326 0.002321 0.00162 0.00113 0.0007888 0.0005504 0.001271
0.003514 0.06387 0.1464 0.1219 0.08515 0.05942 0.04147 0.02894 0.02019 0.01409 0.009834 0.006862 0.004789 0.003342 0.002332 0.001627 0.001136 0.0007925 0.000553 0.001277
0.004313 0.03945 0.1792 0.122 0.08549 0.0597 0.04166 0.02907 0.02029 0.01416 0.00988 0.006895 0.004811 0.003358 0.002343 0.001635 0.001141 0.0007963 0.0005557 0.001283
0.004425 0.04843 0.1107 0.1494 0.08557 0.05994 0.04186 0.02921 0.02038 0.01423 0.009927 0.006927 0.004834 0.003374 0.002354 0.001643 0.001146 8e-04 0.0005583 0.001289
0.004063 0.04969 0.1359 0.09232 0.1048 0.06 0.04203 0.02935 0.02048 0.01429 0.009974 0.00696 0.004857 0.00339 0.002365 0.001651 0.001152 0.0008038 0.0005609 0.001295
0.004114 0.04562 0.1394 0.1133 0.06473 0.07346 0.04207 0.02947 0.02058 0.01436 0.01002 0.006993 0.00488 0.003406 0.002377 0.001658 0.001157 0.0008076 0.0005636 0.001302
0.004685 0.04619 0.128 0.1163 0.07946 0.04538 0.05151 0.0295 0.02066 0.01443 0.01007 0.007026 0.004903 0.003422 0.002388 0.001666 0.001163 0.0008114 0.0005663 0.001308
0.003436 0.05261 0.1296 0.1067 0.08152 0.05571 0.03182 0.03612 0.02068 0.01449 0.01012 0.00706 0.004926 0.003438 0.002399 0.001674 0.001168 0.0008153 0.0005689 0.001314
0.005739 0.03859 0.1476 0.1081 0.07484 0.05716 0.03906 0.02231 0.02532 0.0145 0.01016 0.007093 0.00495 0.003454 0.00241 0.001682 0.001174 0.0008191 0.0005716 0.00132
0.004206 0.06444 0.1083 0.1231 0.07578 0.05248 0.04007 0.02739 0.01564 0.01775 0.01017 0.007121 0.004973 0.003471 0.002422 0.00169 0.001179 0.000823 0.0005743 0.001326
0.003884 0.04723 0.1808 0.09028 0.08631 0.05313 0.03679 0.0281 0.0192 0.01097 0.01245 0.007128 0.004993 0.003487 0.002433 0.001698 0.001185 0.0008269 0.0005771 0.001333
0.003283 0.04362 0.1325 0.1508 0.0633 0.06051 0.03725 0.0258 0.0197 0.01346 0.00769 0.008728 0.004998 0.003501 0.002445 0.001706 0.001191 0.0008308 0.0005798 0.001339
0.005234 0.03687 0.1224 0.1105 0.1057 0.04438 0.04243 0.02612 0.01809 0.01381 0.00944 0.005392 0.00612 0.003504 0.002455 0.001714 0.001196 0.0008348 0.0005825 0.001345
0.004648 0.05877 0.1034 0.1021 0.07748 0.07413 0.03112 0.02975 0.01831 0.01268 0.009685 0.006619 0.00378 0.004291 0.002457 0.001721 0.001202 0.0008387 0.0005853 0.001352
0.003546 0.05219 0.1649 0.08626 0.07155 0.05432 0.05197 0.02182 0.02086 0.01284 0.008892 0.00679 0.004641 0.002651 0.003008 0.001723 0.001207 0.0008427 0.0005881 0.001358
0.004646 0.03981 0.1464 0.1375 0.06048 0.05017 0.03809 0.03644 0.0153 0.01462 0.009003 0.006235 0.004761 0.003254 0.001858 0.002109 0.001208 0.000846 0.0005908 0.001365
0.004612 0.05217 0.1117 0.1221 0.09642 0.04241 0.03518 0.02671 0.02555 0.01073 0.01025 0.006312 0.004371 0.003338 0.002281 0.001303 0.001479 0.0008469 0.0005932 0.001371
0.004052 0.05179 0.1464 0.09316 0.08562 0.0676 0.02973 0.02466 0.01872 0.01791 0.007521 0.00719 0.004426 0.003065 0.002341 0.0016 0.0009136 0.001037 0.0005938 0.001377
0.003615 0.0455 0.1453 0.1221 0.06532 0.06003 0.0474 0.02085 0.01729 0.01313 0.01256 0.005273 0.005041 0.003103 0.002149 0.001641 0.001122 0.0006406 0.000727 0.001382
0.003935 0.04059 0.1277 0.1212 0.08558 0.0458 0.04209 0.03323 0.01462 0.01212 0.009205 0.008807 0.003697 0.003534 0.002176 0.001507 0.001151 0.0007863 0.0004491 0.001479
0.003695 0.04418 0.1139 0.1065 0.08496 0.06 0.03211 0.02951 0.0233 0.01025 0.008501 0.006454 0.006175 0.002592 0.002478 0.001526 0.001056 0.0008067 0.0005513 0.001352
0.006525 0.04149 0.124 0.09497 0.07464 0.05957 0.04207 0.02251 0.02069 0.01634 0.007186 0.005961 0.004525 0.004329 0.001818 0.001738 0.00107 0.0007407 0.0005656 0.001334
0.002027 0.07327 0.1164 0.1034 0.06659 0.05233 0.04177 0.0295 0.01579 0.01451 0.01146 0.005038 0.004179 0.003173 0.003036 0.001274 0.001218 0.0007499 0.0005193 0.001332
0.003111 0.02276 0.2056 0.09709 0.07248 0.04669 0.03669 0.02928 0.02068 0.01107 0.01017 0.008032 0.003533 0.00293 0.002225 0.002128 0.0008935 0.0008542 0.0005258 0.001298
0.004002 0.03493 0.06385 0.1714 0.06807 0.05082 0.03273 0.02573 0.02053 0.0145 0.00776 0.007132 0.005631 0.002477 0.002055 0.00156 0.001492 0.0006265 0.0005989 0.001279
0.006117 0.04494 0.098 0.05324 0.1202 0.04773 0.03563 0.02295 0.01804 0.0144 0.01017 0.005441 0.005001 0.003948 0.001737 0.001441 0.001094 0.001046 0.0004392 0.001317
0.004568 0.06868 0.1261 0.08172 0.03733 0.08428 0.03346 0.02498 0.01609 0.01265 0.01009 0.007129 0.003815 0.003506 0.002768 0.001218 0.00101 0.0007668 0.0007336 0.001231
0.006072 0.05129 0.1927 0.1051 0.0573 0.02617 0.05909 0.02346 0.01752 0.01128 0.008868 0.007077 0.004998 0.002675 0.002458 0.001941 0.0008537 0.0007082 0.0005376 0.001378
0.003966 0.06818 0.1439 0.1607 0.07372 0.04018 0.01835 0.04143 0.01645 0.01228 0.007911 0.006217 0.004962 0.003505 0.001875 0.001724 0.001361 0.0005986 0.0004965 0.001343
0.004315 0.04453 0.1913 0.12 0.1127 0.05169 0.02817 0.01287 0.02905 0.01153 0.008611 0.005547 0.004359 0.003479 0.002457 0.001315 0.001208 0.0009542 0.0004197 0.00129
0.003584 0.04845 0.125 0.1595 0.08414 0.079 0.03624 0.01975 0.009022 0.02037 0.008088 0.006037 0.003889 0.003057 0.002439 0.001723 0.0009219 0.0008473 0.000669 0.001198
0.0034 0.04024 0.1359 0.1042 0.1119 0.05899 0.05539 0.02541 0.01385 0.006326 0.01428 0.005671 0.004233 0.002727 0.002143 0.00171 0.001208 0.0006464 0.0005941 0.001309
0.003904 0.03817 0.1129 0.1134 0.07306 0.07843 0.04136 0.03884 0.01782 0.009709 0.004435 0.01001 0.003976 0.002968 0.001912 0.001503 0.001199 0.000847 0.0004532 0.001335
0.004656 0.04383 0.1071 0.09416 0.07948 0.05122 0.05499 0.029 0.02723 0.01249 0.006808 0.00311 0.00702 0.002788 0.002081 0.00134 0.001054 0.0008408 0.0005938 0.001254
0.005045 0.05228 0.123 0.08932 0.06602 0.05573 0.03592 0.03856 0.02033 0.01909 0.008759 0.004773 0.00218 0.004922 0.001955 0.001459 0.0009399 0.0007387 0.0005895 0.001295
0.00638 0.05664 0.1467 0.1026 0.06263 0.04629 0.03907 0.02518 0.02703 0.01426 0.01339 0.006141 0.003347 0.001529 0.003451 0.00137 0.001023 0.000659 0.0005179 0.001322
0.004011 0.07163 0.1589 0.1223 0.07191 0.04391 0.03246 0.02739 0.01766 0.01895 0.009997 0.009386 0.004306 0.002346 0.001072 0.00242 0.0009608 0.0007173 0.000462 0.00129
0.0102 0.04503 0.201 0.1325 0.08577 0.05042 0.03079 0.02276 0.01921 0.01238 0.01329 0.007009 0.006581 0.003019 0.001645 0.0007515 0.001697 0.0006737 0.0005029 0.001228
0.9942 29.5 30.17 39.27 21.77 14.09 8.282 5.057 3.738 3.155 2.033 2.183 1.151 1.081 0.4959 0.2702 0.1234 0.2787 0.1107 0.2844
1.136 10.22 68.64 18.73 20.03 11.11 7.188 4.225 2.58 1.907 1.61 1.037 1.114 0.5873 0.5515 0.253 0.1379 0.06298 0.1422 0.2015
1.573 13.87 28.06 50.44 11.33 12.11 6.716 4.346 2.555 1.56 1.153 0.9733 0.6273 0.6734 0.3552 0.3335 0.153 0.08337 0.03808 0.2078
1.123 15.54 30.93 16.61 24.51 5.502 5.885 3.263 2.111 1.241 0.7579 0.5602 0.4728 0.3048 0.3272 0.1725 0.162 0.07432 0.0405 0.1195
0.884 12 37.64 20.08 8.874 13.09 2.939 3.144 1.743 1.128 0.6631 0.4049 0.2993 0.2526 0.1628 0.1748 0.09218 0.08655 0.0397 0.08546
1.344 10.04 30.85 25.98 11.41 5.041 7.437 1.67 1.786 0.9902 0.6408 0.3767 0.23 0.17 0.1435 0.09249 0.09929 0.05237 0.04917 0.07111
1.256 14.65 24.74 20.34 14.09 6.186 2.733 4.032 0.9053 0.9683 0.5369 0.3474 0.2042 0.1247 0.09218 0.07781 0.05015 0.05383 0.02839 0.06521
0.955 14.3 37.6 16.99 11.49 7.956 3.494 1.544 2.278 0.5114 0.5469 0.3032 0.1962 0.1154 0.07044 0.05207 0.04395 0.02832 0.03041 0.05287
0.6478 9.503 32.27 22.65 8.407 5.685 3.937 1.729 0.764 1.127 0.2531 0.2707 0.1501 0.09711 0.05709 0.03486 0.02577 0.02175 0.01402 0.04121
0.7543 8.122 26.81 24.44 14.13 5.244 3.545 2.456 1.078 0.4765 0.7029 0.1578 0.1688 0.09359 0.06057 0.03561 0.02174 0.01607 0.01356 0.03445
1.845 7.872 19.07 16.7 12.5 7.223 2.681 1.813 1.256 0.5514 0.2436 0.3594 0.0807 0.08631 0.04785 0.03097 0.01821 0.01112 0.008217 0.02455
0.874 20.82 19.96 12.87 9.266 6.934 4.007 1.488 1.006 0.6966 0.3059 0.1352 0.1994 0.04478 0.04789 0.02655 0.01718 0.0101 0.006168 0.01818
0.8977 9.101 48.82 12.44 6.588 4.742 3.549 2.051 0.7613 0.5147 0.3565 0.1566 0.06918 0.1021 0.02291 0.02451 0.01359 0.008794 0.005169 0.01246
0.9254 9.478 21.73 31.14 6.521 3.454 2.486 1.86 1.075 0.3991 0.2698 0.1869 0.08207 0.03626 0.0535 0.01201 0.01285 0.007123 0.00461 0.009242
0.581 10.42 24.1 14.8 17.44 3.652 1.934 1.392 1.042 0.6021 0.2235 0.1511 0.1047 0.04597 0.02031 0.02996 0.006728 0.007196 0.003989 0.007758
0.819 6.495 26.23 16.2 8.178 9.64 2.019 1.069 0.7695 0.5759 0.3328 0.1235 0.08353 0.05786 0.02541 0.01123 0.01656 0.003719 0.003977 0.006493
0.5594 8.3 14.9 16.05 8.147 4.112 4.847 1.015 0.5376 0.3869 0.2896 0.1673 0.06212 0.042 0.02909 0.01278 0.005645 0.008328 0.00187 0.005265
0.3849 6.885 22.97 11.05 9.8 4.973 2.51 2.959 0.6196 0.3281 0.2362 0.1768 0.1021 0.03792 0.02564 0.01776 0.007798 0.003445 0.005083 0.004355
0.4441 3.852 15.54 13.76 5.436 4.82 2.446 1.235 1.455 0.3048 0.1614 0.1162 0.08694 0.05024 0.01865 0.01261 0.008734 0.003836 0.001695 0.004642
0.3777 4.79 9.404 10.16 7.4 2.922 2.592 1.315 0.6637 0.7824 0.1638 0.08678 0.06246 0.04674 0.02701 0.01003 0.00678 0.004696 0.002062 0.003407
0.6582 4.562 13 6.83 6.071 4.422 1.746 1.549 0.7859 0.3966 0.4675 0.09791 0.05186 0.03732 0.02793 0.01614 0.005992 0.004051 0.002806 0.003268
0.4084 7.121 11.07 8.363 3.606 3.205 2.335 0.9219 0.8176 0.4149 0.2094 0.2468 0.05169 0.02738 0.0197 0.01475 0.008522 0.003163 0.002139 0.003207
0.408 4.516 17.64 7.273 4.512 1.945 1.729 1.259 0.4974 0.4411 0.2238 0.113 0.1332 0.02789 0.01477 0.01063 0.007955 0.004597 0.001707 0.002884
0.3127 4.039 10.09 10.46 3.538 2.195 0.9463 0.8411 0.6127 0.2419 0.2146 0.1089 0.05495 0.06477 0.01356 0.007184 0.005171 0.00387 0.002236 0.002233
0.2571 3.517 10.26 6.859 5.849 1.979 1.228 0.5293 0.4704 0.3427 0.1353 0.12 0.06089 0.03073 0.03623 0.007587 0.004018 0.002892 0.002164 0.0025
0.2106 2.784 8.599 6.698 3.681 3.139 1.062 0.6589 0.2841 0.2525 0.1839 0.07263 0.06441 0.03268 0.0165 0.01944 0.004072 0.002157 0.001552 0.002503
0.3764 2.324 6.934 5.724 3.666 2.015 1.718 0.5813 0.3606 0.1555 0.1382 0.1007 0.03975 0.03525 0.01789 0.009028 0.01064 0.002229 0.00118 0.00222
0.2717 3.867 5.411 4.314 2.927 1.875 1.03 0.8787 0.2973 0.1844 0.07951 0.07067 0.05148 0.02033 0.01803 0.009148 0.004617 0.005443 0.00114 0.001739
0.4267 3.332 10.67 4.005 2.629 1.784 1.142 0.6278 0.5354 0.1811 0.1124 0.04845 0.04306 0.03137 0.01239 0.01098 0.005574 0.002813 0.003316 0.001754
0.253 4.409 7.755 6.599 2.033 1.335 0.9056 0.58 0.3187 0.2718 0.09196 0.05705 0.0246 0.02186 0.01592 0.006289 0.005577 0.00283 0.001428 0.002574
0.2248 2.569 10.15 4.775 3.34 1.029 0.6755 0.4584 0.2936 0.1613 0.1376 0.04655 0.02888 0.01245 0.01107 0.00806 0.003183 0.002823 0.001432 0.002026
0.2148 2.637 6.813 7.24 2.804 1.961 0.6043 0.3966 0.2691 0.1724 0.09473 0.08078 0.02733 0.01696 0.00731 0.006497 0.004733 0.001869 0.001657 0.002031
0.1736 2.323 6.44 4.447 3.886 1.505 1.053 0.3243 0.2129 0.1444 0.0925 0.05084 0.04335 0.01467 0.009099 0.003923 0.003487 0.00254 0.001003 0.001979
0.2178 1.993 6.006 4.451 2.527 2.208 0.8552 0.5982 0.1843 0.121 0.08209 0.05257 0.02889 0.02464 0.008336 0.005171 0.00223 0.001982 0.001443 0.001695
0.4492 2.279 4.703 3.773 2.296 1.304 1.139 0.4413 0.3087 0.0951 0.06242 0.04236 0.02713 0.01491 0.01271 0.004301 0.002668 0.00115 0.001023 0.001619
0.2619 4.675 5.375 2.968 1.958 1.192 0.6767 0.5912 0.229 0.1602 0.04935 0.03239 0.02198 0.01407 0.007735 0.006596 0.002232 0.001384 0.0005969 0.001371
0.243 2.924 11.83 3.654 1.661 1.095 0.6667 0.3786 0.3308 0.1281 0.08961 0.02761 0.01812 0.0123 0.007875 0.004328 0.003691 0.001249 0.0007747 0.001101
0.1206 2.901 7.856 8.508 2.162 0.9827 0.6482 0.3945 0.224 0.1957 0.0758 0.05302 0.01634 0.01072 0.007276 0.00466 0.002561 0.002184 0.0007389 0.00111
0.133 1.207 6.558 4.722 4.199 1.067 0.485 0.3199 0.1947 0.1106 0.0966 0.03741 0.02617 0.008063 0.005292 0.003591 0.0023 0.001264 0.001078 0.0009124
0.2107 1.513 3.1 4.515 2.675 2.378 0.6043 0.2747 0.1812 0.1103 0.06262 0.05471 0.02119 0.01482 0.004567 0.002997 0.002034 0.001303 0.0007159 0.001127
0.2135 2.456 3.958 2.162 2.588 1.533 1.363 0.3464 0.1574 0.1038 0.0632 0.03589 0.03136 0.01214 0.008495 0.002617 0.001718 0.001166 0.0007465 0.001056
0.1321 2.102 5.46 2.336 1.047 1.253 0.7426 0.6603 0.1678 0.07627 0.0503 0.03062 0.01739 0.01519 0.005883 0.004115 0.001268 0.0008322 0.0005647 0.0008734
0.1292 1.493 5.368 3.735 1.315 0.5894 0.7055 0.4179 0.3716 0.09443 0.04292 0.02831 0.01723 0.009785 0.008549 0.003311 0.002316 0.0007136 0.0004683 0.0008094
0.2039 1.386 3.621 3.478 1.989 0.7002 0.3139 0.3757 0.2226 0.1979 0.05029 0.02286 0.01508 0.009177 0.005211 0.004553 0.001763 0.001233 0.00038 0.0006805
0.08508 2.282 3.502 2.447 1.933 1.105 0.3892 0.1744 0.2088 0.1237 0.11 0.02795 0.0127 0.008379 0.0051 0.002896 0.00253 0.00098 0.0006855 0.0005894
0.0966 0.8706 5.291 2.17 1.247 0.9846 0.5632 0.1983 0.08887 0.1064 0.06302 0.05603 0.01424 0.006472 0.004269 0.002598 0.001475 0.001289 0.0004992 0.0006495
0.04888 1.086 2.217 3.621 1.223 0.7022 0.5547 0.3172 0.1117 0.05006 0.05992 0.0355 0.03157 0.008021 0.003646 0.002405 0.001464 0.0008312 0.0007262 0.0006471
0.1273 0.5665 2.837 1.552 2.085 0.7039 0.4043 0.3193 0.1826 0.0643 0.02882 0.0345 0.02044 0.01817 0.004618 0.002099 0.001384 0.0008426 0.0004785 0.0007906
0.1477 1.417 1.417 1.89 0.8491 1.141 0.3852 0.2212 0.1747 0.09994 0.03518 0.01577 0.01888 0.01118 0.009944 0.002527 0.001149 0.0007576 0.0004611 0.0006945
0.1259 1.629 3.508 0.9323 1.021 0.4587 0.6162 0.2081 0.1195 0.0944 0.05399 0.01901 0.00852 0.0102 0.006041 0.005372 0.001365 0.0006205 0.0004092 0.0006243
0.07895 1.23 3.6 2.062 0.4498 0.4925 0.2213 0.2973 0.1004 0.05766 0.04555 0.02605 0.00917 0.004111 0.00492 0.002915 0.002592 0.0006586 0.0002994 0.0004987
0.06894 0.9697 3.398 2.668 1.258 0.2744 0.3004 0.135 0.1813 0.06123 0.03517 0.02778 0.01589 0.005593 0.002507 0.003001 0.001778 0.001581 0.0004017 0.0004867
0.1147 0.7314 2.312 2.15 1.386 0.6533 0.1425 0.1561 0.07012 0.0942 0.03181 0.01827 0.01443 0.008254 0.002906 0.001302 0.001559 0.0009236 0.0008212 0.0004615
0.08396 1.271 1.821 1.532 1.17 0.754 0.3555 0.07754 0.0849 0.03815 0.05125 0.01731 0.00994 0.007851 0.004491 0.001581 0.0007086 0.0008482 0.0005025 0.0006979
0.0636 0.845 2.889 1.102 0.7609 0.5812 0.3746 0.1766 0.03853 0.04218 0.01895 0.02546 0.008598 0.004939 0.003901 0.002231 0.0007854 0.0003521 0.0004214 0.0005964
0.07039 0.6899 2.077 1.904 0.5974 0.4125 0.3151 0.2031 0.09575 0.02089 0.02287 0.01028 0.01381 0.004662 0.002678 0.002115 0.00121 0.0004258 0.0001909 0.0005518
0.05251 0.8096 1.792 1.446 1.091 0.3422 0.2363 0.1805 0.1164 0.05485 0.01197 0.0131 0.005887 0.007909 0.002671 0.001534 0.001212 0.000693 0.0002439 0.0004255
0.04824 0.5897 2.046 1.208 0.801 0.6043 0.1896 0.1309 0.1 0.06445 0.03038 0.006628 0.007258 0.003261 0.004381 0.001479 0.0008497 0.0006711 0.0003839 0.0003708
0.0894 0.4981 1.375 1.27 0.6157 0.4084 0.3081 0.09665 0.06675 0.05099 0.03286 0.01549 0.003379 0.0037 0.001663 0.002234 0.0007543 0.0004332 0.0003422 0.0003848
0.0489 1.065 1.333 0.9834 0.7472 0.3622 0.2403 0.1813 0.05686 0.03927 0.03 0.01933 0.009114 0.001988 0.002177 0.0009782 0.001314 0.0004438 0.0002549 0.0004277
