 landings-at-age - landings.n (units : NA )
1	2	
2	100	
1	20	
1 
0.02659 0.2984 0.8352 0.6934 0.4839 0.3377 0.2357 0.1644 0.1148 0.08008 0.05589 0.039 0.02722 0.01899 0.01325 0.009249 0.006454 0.004504 0.003143 0.007259
0.004135 0.05216 0.1462 0.1214 0.08475 0.05914 0.04127 0.0288 0.0201 0.01403 0.009787 0.00683 0.004766 0.003326 0.002321 0.00162 0.00113 0.0007888 0.0005504 0.001271
0.004148 0.04643 0.1464 0.1219 0.08515 0.05942 0.04147 0.02894 0.02019 0.01409 0.009834 0.006862 0.004789 0.003342 0.002332 0.001627 0.001136 0.0007925 0.000553 0.001277
0.003691 0.04658 0.1303 0.122 0.08549 0.0597 0.04166 0.02907 0.02029 0.01416 0.00988 0.006895 0.004811 0.003358 0.002343 0.001635 0.001141 0.0007963 0.0005557 0.001283
0.003433 0.04144 0.1307 0.1086 0.08557 0.05994 0.04186 0.02921 0.02038 0.01423 0.009927 0.006927 0.004834 0.003374 0.002354 0.001643 0.001146 8e-04 0.0005583 0.001289
0.00365 0.03854 0.1163 0.109 0.07617 0.06 0.04203 0.02935 0.02048 0.01429 0.009974 0.00696 0.004857 0.00339 0.002365 0.001651 0.001152 0.0008038 0.0005609 0.001295
0.00394 0.04099 0.1082 0.09696 0.07641 0.0534 0.04207 0.02947 0.02058 0.01436 0.01002 0.006993 0.00488 0.003406 0.002377 0.001658 0.001157 0.0008076 0.0005636 0.001302
0.00404 0.04424 0.115 0.09018 0.06799 0.05358 0.03744 0.0295 0.02066 0.01443 0.01007 0.007026 0.004903 0.003422 0.002388 0.001666 0.001163 0.0008114 0.0005663 0.001308
0.003923 0.04536 0.1241 0.0959 0.06323 0.04767 0.03757 0.02625 0.02068 0.01449 0.01012 0.00706 0.004926 0.003438 0.002399 0.001674 0.001168 0.0008153 0.0005689 0.001314
0.003876 0.04405 0.1273 0.1035 0.06724 0.04434 0.03342 0.02634 0.01841 0.0145 0.01016 0.007093 0.00495 0.003454 0.00241 0.001682 0.001174 0.0008191 0.0005716 0.00132
0.003849 0.04352 0.1236 0.1061 0.07257 0.04715 0.03109 0.02343 0.01847 0.01291 0.01017 0.007121 0.004973 0.003471 0.002422 0.00169 0.001179 0.000823 0.0005743 0.001326
0.004037 0.04322 0.1221 0.1031 0.07442 0.05089 0.03306 0.0218 0.01643 0.01295 0.009049 0.007128 0.004993 0.003487 0.002433 0.001698 0.001185 0.0008269 0.0005771 0.001333
0.003958 0.04533 0.1213 0.1018 0.07227 0.05218 0.03568 0.02318 0.01528 0.01152 0.009079 0.006345 0.004998 0.003501 0.002445 0.001706 0.001191 0.0008308 0.0005798 0.001339
0.003942 0.04445 0.1272 0.1011 0.07139 0.05067 0.03658 0.02502 0.01625 0.01071 0.008077 0.006365 0.004449 0.003504 0.002455 0.001714 0.001196 0.0008348 0.0005825 0.001345
0.003763 0.04426 0.1247 0.1061 0.07091 0.05006 0.03553 0.02565 0.01754 0.01139 0.007512 0.005663 0.004463 0.003119 0.002457 0.001721 0.001202 0.0008387 0.0005853 0.001352
0.003791 0.04225 0.1242 0.104 0.07437 0.04972 0.0351 0.02491 0.01798 0.0123 0.007989 0.005267 0.003971 0.003129 0.002187 0.001723 0.001207 0.0008427 0.0005881 0.001358
0.003654 0.04257 0.1185 0.1036 0.07292 0.05214 0.03486 0.02461 0.01747 0.01261 0.008622 0.005601 0.003693 0.002784 0.002194 0.001533 0.001208 0.000846 0.0005908 0.001365
0.003376 0.04102 0.1194 0.09886 0.07261 0.05113 0.03656 0.02444 0.01725 0.01225 0.008841 0.006046 0.003927 0.002589 0.001952 0.001538 0.001075 0.0008469 0.0005932 0.001371
0.003472 0.0379 0.1151 0.0996 0.06931 0.05091 0.03585 0.02563 0.01714 0.0121 0.008586 0.006199 0.004239 0.002754 0.001816 0.001369 0.001079 0.0007538 0.0005938 0.001377
0.003418 0.03899 0.1064 0.09599 0.06983 0.0486 0.0357 0.02513 0.01797 0.01202 0.008482 0.00602 0.004346 0.002972 0.001931 0.001273 0.0009596 0.0007562 0.0005285 0.001382
0.003375 0.03837 0.1094 0.08869 0.0673 0.04896 0.03407 0.02503 0.01762 0.0126 0.008425 0.005947 0.004221 0.003047 0.002084 0.001354 0.0008925 0.0006728 0.0005302 0.00134
0.003497 0.0379 0.1077 0.09122 0.06218 0.04719 0.03433 0.02389 0.01755 0.01236 0.008836 0.005907 0.00417 0.00296 0.002137 0.001461 0.0009491 0.0006258 0.0004718 0.001311
0.003489 0.03926 0.1063 0.08979 0.06396 0.0436 0.03309 0.02407 0.01675 0.0123 0.008663 0.006195 0.004142 0.002924 0.002075 0.001498 0.001024 0.0006655 0.0004388 0.00125
0.003507 0.03918 0.1102 0.08867 0.06296 0.04485 0.03057 0.0232 0.01688 0.01174 0.008627 0.006074 0.004344 0.002904 0.00205 0.001455 0.00105 0.0007182 0.0004666 0.001184
0.003616 0.03938 0.1099 0.09187 0.06217 0.04414 0.03144 0.02143 0.01627 0.01183 0.008235 0.006049 0.004259 0.003046 0.002036 0.001437 0.00102 0.0007365 0.0005036 0.001157
0.003401 0.0406 0.1105 0.09168 0.06442 0.04359 0.03095 0.02205 0.01503 0.0114 0.008297 0.005774 0.004241 0.002986 0.002135 0.001428 0.001008 0.0007152 0.0005164 0.001165
0.003253 0.03819 0.1139 0.09214 0.06428 0.04517 0.03056 0.0217 0.01546 0.01054 0.007996 0.005817 0.004048 0.002974 0.002094 0.001497 0.001001 0.0007065 0.0005015 0.001179
0.003267 0.03653 0.1072 0.09499 0.0646 0.04507 0.03167 0.02143 0.01521 0.01084 0.007388 0.005606 0.004079 0.002838 0.002085 0.001468 0.00105 0.0007018 0.0004954 0.001178
0.003097 0.03668 0.1025 0.08936 0.0666 0.0453 0.0316 0.0222 0.01502 0.01067 0.007599 0.00518 0.003931 0.00286 0.00199 0.001462 0.001029 0.000736 0.000492 0.001173
0.003689 0.03478 0.1029 0.08547 0.06266 0.0467 0.03176 0.02216 0.01557 0.01053 0.00748 0.005328 0.003632 0.002756 0.002005 0.001395 0.001025 0.0007216 0.0005161 0.001168
0.003963 0.04142 0.09759 0.08583 0.05992 0.04393 0.03274 0.02227 0.01553 0.01092 0.007386 0.005244 0.003736 0.002546 0.001932 0.001406 0.0009783 0.0007186 0.000506 0.00118
0.003845 0.0445 0.1162 0.08138 0.06018 0.04202 0.0308 0.02296 0.01561 0.01089 0.007653 0.005179 0.003677 0.002619 0.001785 0.001355 0.0009857 0.000686 0.0005039 0.001182
0.003928 0.04317 0.1249 0.09692 0.05706 0.0422 0.02946 0.0216 0.0161 0.01095 0.007637 0.005366 0.003631 0.002578 0.001836 0.001252 0.00095 0.0006911 0.000481 0.001182
0.003949 0.0441 0.1211 0.1041 0.06796 0.04 0.02959 0.02066 0.01514 0.01129 0.007676 0.005354 0.003762 0.002546 0.001808 0.001288 0.0008777 0.0006661 0.0004846 0.001166
0.003621 0.04434 0.1238 0.101 0.07301 0.04765 0.02805 0.02074 0.01448 0.01062 0.007913 0.005382 0.003754 0.002638 0.001785 0.001267 0.0009028 0.0006154 0.000467 0.001157
0.003569 0.04065 0.1244 0.1032 0.07083 0.05119 0.03341 0.01967 0.01454 0.01015 0.007444 0.005548 0.003773 0.002632 0.00185 0.001252 0.0008886 0.000633 0.0004315 0.001139
0.003542 0.04008 0.1141 0.1037 0.07235 0.04966 0.03589 0.02342 0.01379 0.0102 0.00712 0.005219 0.00389 0.002646 0.001846 0.001297 0.0008775 0.0006231 0.0004438 0.001101
0.003476 0.03977 0.1125 0.09512 0.07274 0.05073 0.03482 0.02517 0.01642 0.009668 0.00715 0.004992 0.003659 0.002727 0.001855 0.001294 0.0009092 0.0006153 0.0004368 0.001083
0.003786 0.03903 0.1116 0.09377 0.0667 0.051 0.03557 0.02441 0.01764 0.01151 0.006779 0.005013 0.0035 0.002566 0.001912 0.001301 0.0009073 0.0006375 0.0004314 0.001066
0.003971 0.04252 0.1095 0.09305 0.06575 0.04676 0.03576 0.02494 0.01712 0.01237 0.008074 0.004753 0.003515 0.002454 0.001799 0.001341 0.0009119 0.0006361 0.000447 0.00105
0.003906 0.04459 0.1193 0.09131 0.06524 0.0461 0.03279 0.02507 0.01749 0.012 0.008674 0.005661 0.003332 0.002464 0.001721 0.001261 0.0009401 0.0006394 0.000446 0.001049
4.549e-08 5.02e-07 1.433e-06 1.139e-06 7.331e-07 5.238e-07 3.701e-07 2.632e-07 2.013e-07 1.404e-07 9.635e-08 6.964e-08 4.545e-08 2.675e-08 1.979e-08 1.381e-08 1.013e-08 7.548e-09 5.133e-09 1.201e-08
0.06176 0.659 1.81 1.534 1.026 0.6602 0.4717 0.3333 0.237 0.1813 0.1264 0.08676 0.06271 0.04092 0.02409 0.01782 0.01244 0.009119 0.006796 0.01543
0.1284 1.383 3.651 2.961 2.107 1.409 0.9068 0.6478 0.4578 0.3256 0.249 0.1736 0.1192 0.08613 0.05621 0.03309 0.02447 0.01709 0.01253 0.03053
0.1962 2.153 5.703 4.418 3.005 2.139 1.43 0.9204 0.6576 0.4647 0.3305 0.2527 0.1762 0.121 0.08743 0.05706 0.03359 0.02484 0.01734 0.04371
0.2879 2.92 7.836 6.053 3.928 2.672 1.901 1.271 0.8183 0.5846 0.4131 0.2938 0.2247 0.1567 0.1075 0.07773 0.05073 0.02986 0.02208 0.05428
0.3569 4.011 9.888 7.691 4.971 3.226 2.194 1.562 1.044 0.672 0.4801 0.3393 0.2413 0.1845 0.1287 0.08832 0.06384 0.04166 0.02452 0.06271
0.4417 4.765 12.94 9.193 5.975 3.862 2.506 1.705 1.213 0.8112 0.522 0.373 0.2636 0.1874 0.1433 0.09997 0.06861 0.04959 0.03236 0.06777
0.4999 5.724 14.84 11.54 6.841 4.446 2.874 1.865 1.269 0.9028 0.6037 0.3885 0.2776 0.1961 0.1395 0.1067 0.07439 0.05106 0.0369 0.07452
0.5401 6.337 17.33 12.79 8.29 4.914 3.194 2.064 1.34 0.9112 0.6485 0.4336 0.2791 0.1994 0.1409 0.1002 0.07663 0.05344 0.03668 0.08004
0.5757 6.729 18.75 14.51 8.909 5.776 3.424 2.225 1.438 0.9334 0.6349 0.4518 0.3021 0.1944 0.1389 0.09816 0.06982 0.05339 0.03723 0.08132
0.7365 7.072 19.52 15.29 9.836 6.041 3.916 2.322 1.509 0.9752 0.6329 0.4305 0.3063 0.2048 0.1318 0.09419 0.06656 0.04734 0.0362 0.08038
0.7985 8.944 20.16 15.55 10.11 6.506 3.996 2.59 1.535 0.998 0.645 0.4186 0.2847 0.2026 0.1355 0.0872 0.0623 0.04402 0.03131 0.07711
0.8359 9.601 25.1 15.71 10.05 6.537 4.205 2.582 1.674 0.9924 0.645 0.4169 0.2706 0.184 0.131 0.08757 0.05636 0.04027 0.02845 0.07008
0.8657 9.966 26.56 19.17 9.938 6.356 4.134 2.659 1.633 1.059 0.6277 0.4079 0.2637 0.1711 0.1164 0.08283 0.05538 0.03564 0.02547 0.06231
0.9797 10.24 27.21 19.89 11.87 6.156 3.937 2.561 1.647 1.012 0.6559 0.3888 0.2527 0.1633 0.106 0.0721 0.05131 0.03431 0.02208 0.05438
1.014 11.52 27.62 20 12.08 7.211 3.739 2.391 1.555 1 0.6144 0.3983 0.2361 0.1535 0.09919 0.06437 0.04378 0.03116 0.02084 0.04643
1.117 11.85 30.68 19.95 11.92 7.197 4.296 2.227 1.424 0.9265 0.596 0.366 0.2373 0.1407 0.09142 0.05909 0.03835 0.02608 0.01856 0.04007
1.205 12.98 31.23 21.78 11.66 6.968 4.208 2.512 1.302 0.8328 0.5417 0.3485 0.214 0.1387 0.08224 0.05345 0.03455 0.02242 0.01525 0.03428
1.168 13.93 33.83 21.79 12.5 6.696 4 2.416 1.442 0.7476 0.4781 0.311 0.2001 0.1229 0.07965 0.04722 0.03069 0.01984 0.01287 0.02844
1.127 13.45 35.93 23.22 12.29 7.052 3.776 2.256 1.363 0.8132 0.4216 0.2697 0.1754 0.1128 0.06929 0.04492 0.02663 0.01731 0.01119 0.0233
1.119 12.28 32.81 23.21 12.31 6.514 3.737 2.001 1.196 0.7221 0.431 0.2234 0.1429 0.09295 0.05979 0.03672 0.02381 0.01411 0.009172 0.01828
1.065 12.2 29.97 21.19 12.3 6.522 3.452 1.98 1.06 0.6336 0.3826 0.2284 0.1184 0.07573 0.04926 0.03169 0.01946 0.01262 0.007479 0.01455
1.006 11.62 29.77 19.36 11.23 6.518 3.456 1.829 1.05 0.562 0.3358 0.2028 0.121 0.06275 0.04013 0.0261 0.01679 0.01031 0.006686 0.01167
0.9463 10.97 28.34 19.23 10.26 5.952 3.454 1.832 0.9694 0.5562 0.2978 0.1779 0.1075 0.06414 0.03325 0.02127 0.01383 0.008899 0.005465 0.009728
0.87 10.32 26.77 18.31 10.19 5.437 3.154 1.83 0.9707 0.5137 0.2947 0.1578 0.09429 0.05695 0.03399 0.01762 0.01127 0.007331 0.004716 0.008052
0.7733 9.485 25.17 17.29 9.701 5.4 2.881 1.672 0.97 0.5144 0.2722 0.1562 0.08364 0.04997 0.03018 0.01801 0.009339 0.005973 0.003885 0.006766
0.7571 8.43 23.14 16.26 9.164 5.141 2.862 1.527 0.8858 0.514 0.2726 0.1443 0.08277 0.04432 0.02648 0.01599 0.009545 0.004949 0.003165 0.005644
0.7125 8.254 20.57 14.95 8.617 4.856 2.724 1.516 0.8091 0.4694 0.2724 0.1445 0.07645 0.04386 0.02349 0.01403 0.008475 0.005058 0.002623 0.004669
0.6796 7.768 20.14 13.29 7.921 4.566 2.574 1.444 0.8037 0.4288 0.2488 0.1444 0.07656 0.04052 0.02325 0.01245 0.007437 0.004491 0.002681 0.003864
0.6463 7.409 18.95 13.01 7.041 4.198 2.42 1.364 0.7651 0.4259 0.2272 0.1318 0.0765 0.04057 0.02147 0.01232 0.006597 0.003941 0.00238 0.003468
0.6771 7.046 18.08 12.24 6.893 3.731 2.225 1.282 0.7227 0.4054 0.2257 0.1204 0.06986 0.04054 0.0215 0.01138 0.006528 0.003496 0.002089 0.003099
0.6607 7.381 17.19 11.68 6.488 3.653 1.977 1.179 0.6796 0.383 0.2149 0.1196 0.06381 0.03702 0.02148 0.01139 0.00603 0.00346 0.001853 0.002749
0.6391 7.203 18.01 11.1 6.188 3.438 1.936 1.048 0.6248 0.3601 0.203 0.1139 0.06338 0.03382 0.01962 0.01139 0.006038 0.003196 0.001833 0.002439
0.6289 6.968 17.57 11.63 5.885 3.279 1.822 1.026 0.5553 0.3311 0.1908 0.1076 0.06034 0.03359 0.01792 0.0104 0.006034 0.0032 0.001693 0.002264
0.6498 6.857 17 11.35 6.165 3.119 1.738 0.9655 0.5437 0.2943 0.1755 0.1011 0.057 0.03198 0.0178 0.009497 0.00551 0.003198 0.001696 0.002097
0.694 7.084 16.73 10.98 6.016 3.267 1.653 0.921 0.5117 0.2881 0.1559 0.09298 0.0536 0.03021 0.01695 0.009433 0.005033 0.00292 0.001695 0.00201
0.6351 7.566 17.28 10.81 5.819 3.188 1.731 0.8758 0.4881 0.2712 0.1527 0.08264 0.04927 0.0284 0.01601 0.00898 0.004999 0.002667 0.001547 0.001963
0.6201 6.924 18.46 11.16 5.727 3.084 1.689 0.9175 0.4641 0.2586 0.1437 0.08091 0.04379 0.02611 0.01505 0.008483 0.004759 0.002649 0.001413 0.00186
0.6095 6.76 16.89 11.92 5.916 3.035 1.634 0.8953 0.4862 0.246 0.1371 0.07615 0.04288 0.02321 0.01384 0.007977 0.004496 0.002522 0.001404 0.001735
0.6172 6.487 16.13 10.68 6.183 3.068 1.574 0.8475 0.4643 0.2521 0.1275 0.07108 0.03949 0.02224 0.01204 0.007176 0.004137 0.002331 0.001308 0.001628
0.558 6.569 15.52 10.25 5.572 3.227 1.601 0.8212 0.4422 0.2423 0.1316 0.06656 0.03709 0.02061 0.0116 0.006281 0.003745 0.002159 0.001217 0.001532
0.5079 5.94 15.76 9.923 5.384 2.926 1.694 0.8407 0.4312 0.2322 0.1272 0.06909 0.03495 0.01948 0.01082 0.006093 0.003298 0.001966 0.001133 0.001443
0.5406 5.406 14.29 10.13 5.243 2.845 1.546 0.8951 0.4441 0.2278 0.1227 0.06721 0.0365 0.01846 0.01029 0.005717 0.003219 0.001742 0.001039 0.001361
0.5069 5.754 13.04 9.237 5.386 2.787 1.512 0.8218 0.4758 0.2361 0.1211 0.06522 0.03573 0.0194 0.009815 0.00547 0.003039 0.001711 0.0009262 0.001276
0.4701 5.395 13.92 8.475 4.94 2.88 1.49 0.8088 0.4395 0.2545 0.1263 0.06477 0.03488 0.01911 0.01038 0.00525 0.002925 0.001625 0.0009152 0.001178
0.437 5.003 13.08 9.094 4.56 2.658 1.55 0.802 0.4352 0.2365 0.1369 0.06794 0.03485 0.01877 0.01028 0.005584 0.002825 0.001574 0.0008745 0.001126
0.3784 4.65 12.16 8.595 4.923 2.469 1.439 0.839 0.4341 0.2356 0.128 0.07413 0.03678 0.01887 0.01016 0.005566 0.003023 0.001529 0.0008521 0.001083
0.3631 4.026 11.33 8.033 4.68 2.681 1.344 0.7836 0.4569 0.2364 0.1283 0.06971 0.04036 0.02003 0.01027 0.005532 0.003031 0.001646 0.0008326 0.001054
0.3631 3.862 9.835 7.524 4.4 2.564 1.468 0.7363 0.4292 0.2502 0.1295 0.07026 0.03818 0.02211 0.01097 0.005627 0.00303 0.00166 0.0009016 0.001033
0.3436 3.861 9.456 6.564 4.145 2.424 1.412 0.809 0.4057 0.2365 0.1379 0.07134 0.03871 0.02104 0.01218 0.006044 0.0031 0.00167 0.0009147 0.001066
0.3336 3.652 9.476 6.344 3.637 2.297 1.343 0.7827 0.4483 0.2248 0.131 0.0764 0.03953 0.02145 0.01166 0.00675 0.003349 0.001718 0.0009252 0.001098
0.3356 3.544 8.983 6.389 3.535 2.027 1.28 0.7486 0.4362 0.2498 0.1253 0.07302 0.04258 0.02203 0.01195 0.006497 0.003762 0.001867 0.0009574 0.001127
0.3267 3.564 8.735 6.087 3.58 1.981 1.136 0.7174 0.4195 0.2444 0.14 0.07021 0.04092 0.02386 0.01235 0.0067 0.003641 0.002108 0.001046 0.001168
0.314 3.466 8.802 5.948 3.43 2.018 1.116 0.6401 0.4042 0.2364 0.1377 0.07889 0.03956 0.02306 0.01345 0.006957 0.003775 0.002052 0.001188 0.001248
0.3205 3.329 8.579 6.022 3.37 1.943 1.143 0.6325 0.3626 0.229 0.1339 0.07803 0.04469 0.02241 0.01306 0.007617 0.003942 0.002139 0.001162 0.00138
0.3412 3.395 8.254 5.896 3.43 1.919 1.107 0.651 0.3602 0.2065 0.1304 0.07628 0.04444 0.02545 0.01276 0.00744 0.004338 0.002245 0.001218 0.001448
0.3413 3.611 8.431 5.699 3.375 1.963 1.099 0.6335 0.3726 0.2062 0.1182 0.07466 0.04366 0.02544 0.01457 0.007307 0.004259 0.002483 0.001285 0.001526
0.3309 3.607 8.981 5.847 3.279 1.942 1.13 0.632 0.3644 0.2144 0.1186 0.06801 0.04295 0.02512 0.01464 0.008383 0.004204 0.00245 0.001429 0.001617
