Originally  
101 
A 
2	100	
1	1	NA	NA	
1	20	
1 582.8 394.2 274.2 120 120 51.42 51.42 85.7 34.28 0 0 0 0 0 0 0 0 0 0 0
1 348.4 306.6 236.9 139.4 111.5 69.68 41.81 41.81 27.87 13.94 27.87 13.94 0 0 0 0 0 0 0 13.94
1 321.1 235.5 192.6 139.1 32.11 32.11 53.51 32.11 10.7 0 0 10.7 10.7 0 0 0 0 0 0 0
1 363.4 265.6 237.6 125.8 83.87 13.98 83.87 55.91 27.96 69.89 13.98 13.98 0 13.98 0 13.98 13.98 0 0 0
1 345.7 172.8 239.3 186.1 106.4 26.59 53.18 26.59 53.18 66.47 13.29 26.59 13.29 0 0 0 0 0 0 0
1 425.8 264.3 176.2 161.5 161.5 88.09 58.73 0 0 88.09 14.68 14.68 14.68 0 0 0 0 0 0 0
1 303.8 282.1 195.3 43.4 86.8 21.7 21.7 32.55 32.55 10.85 10.85 10.85 0 21.7 0 0 10.85 0 0 0
1 310.4 310.4 186.3 99.34 99.34 62.08 62.08 12.42 49.67 12.42 0 12.42 12.42 0 0 0 0 0 0 12.42
1 340.2 195.9 123.7 103.1 61.85 82.47 51.54 30.93 20.62 10.31 0 10.31 0 0 0 0 0 0 0 0
1 335.5 210.9 115 95.86 28.76 38.34 38.34 38.34 9.586 19.17 0 9.586 0 19.17 0 0 0 0 0 0
1 425.1 239.8 109 119.9 54.5 32.7 43.6 10.9 10.9 21.8 21.8 0 0 0 0 0 0 0 0 0
1 262.8 231.3 189.2 84.1 105.1 84.1 21.03 31.54 21.03 0 10.51 10.51 0 0 0 0 0 0 0 0
1 242.2 261.6 155 58.13 58.13 67.82 29.06 9.688 38.75 0 19.38 19.38 0 0 9.688 0 0 0 0 0
1 293.9 293.9 129.3 152.8 58.79 82.3 70.55 35.27 11.76 11.76 11.76 0 0 11.76 0 11.76 0 0 0 0
1 324.1 310 197.3 183.2 84.56 140.9 42.28 56.37 14.09 42.28 0 0 0 0 0 0 0 0 0 14.09
1 304.9 181 85.75 85.75 66.69 38.11 66.69 66.69 28.58 19.06 9.528 0 0 0 0 0 0 0 0 0
1 245.7 122.8 86.71 65.04 36.13 36.13 65.04 14.45 7.226 14.45 14.45 7.226 0 7.226 0 0 0 0 0 0
1 317.8 235.4 117.7 141.2 117.7 58.84 11.77 94.15 23.54 11.77 11.77 11.77 0 0 11.77 0 0 0 0 11.77
1 308.1 240.7 96.27 67.39 86.64 86.64 19.25 9.627 9.627 9.627 19.25 0 0 0 0 0 0 0 0 9.627
1 224.3 233.7 149.5 74.77 65.43 56.08 46.73 37.39 9.347 37.39 0 0 0 0 0 0 0 0 0 0
1 323.2 236.2 223.7 74.58 74.58 124.3 87.01 37.29 12.43 12.43 0 12.43 12.43 0 0 0 0 0 0 12.43
1 299.6 205.5 128.4 59.93 42.81 34.25 42.81 17.12 0 8.561 17.12 0 0 0 0 0 0 0 0 0
1 418 154 187 44 88 44 33 55 44 0 0 11 0 0 0 22 0 0 0 0
1 398.1 215.2 118.4 64.56 118.4 21.52 43.04 32.28 32.28 21.52 0 0 10.76 0 0 0 0 0 0 0
1 353.6 353.6 250.5 147.3 147.3 29.47 44.2 88.4 0 0 29.47 14.73 0 14.73 0 0 0 0 0 0
1 359 307.7 153.9 89.75 76.93 64.11 102.6 64.11 12.82 12.82 38.47 0 0 0 0 0 0 0 0 0
1 392.9 301.2 157.2 104.8 91.68 65.49 52.39 39.29 39.29 13.1 0 13.1 13.1 13.1 13.1 0 0 0 0 0
1 275.3 236 127.8 98.33 49.16 68.83 49.16 29.5 0 0 9.833 0 19.67 0 9.833 0 0 0 0 9.833
1 233.4 208.4 75.02 108.4 58.35 50.01 16.67 25.01 25.01 0 8.335 8.335 8.335 0 8.335 0 0 0 0 0
1 273.7 169.9 141.6 132.1 28.32 56.63 66.07 37.76 18.88 9.439 0 0 0 0 0 0 0 0 9.439 0
1 314.7 213.6 168.6 134.9 67.44 33.72 67.44 33.72 22.48 33.72 11.24 0 11.24 0 11.24 0 0 0 0 0
1 297.9 252.1 229.2 91.67 57.29 68.75 45.83 22.92 11.46 22.92 11.46 11.46 11.46 0 11.46 0 0 0 0 0
1 394.3 292.6 178.1 101.8 76.32 50.88 38.16 12.72 63.6 25.44 25.44 12.72 0 0 0 0 0 0 0 0
1 329.7 164.9 145.5 96.97 38.79 96.97 9.697 19.39 0 19.39 29.09 0 0 0 19.39 0 0 0 0 0
1 308.5 216 216 82.27 92.55 51.42 20.57 10.28 10.28 0 0 0 0 0 20.57 0 0 0 0 0
1 256.5 174.4 133.4 112.9 71.83 92.35 41.05 61.57 10.26 10.26 10.26 20.52 10.26 20.52 0 0 0 0 0 0
1 373.4 293.4 186.7 146.7 53.34 53.34 66.67 26.67 26.67 13.33 26.67 13.33 13.33 40 0 0 0 0 0 0
1 521.9 208.8 208.8 104.4 104.4 39.14 39.14 52.19 0 13.05 0 13.05 0 0 0 0 0 0 0 0
1 299.4 183.5 154.5 86.91 96.57 38.63 19.31 19.31 9.657 9.657 0 19.31 9.657 0 0 0 19.31 0 0 0
1 261 143.1 75.76 126.3 75.76 50.51 33.67 33.67 16.84 0 8.418 8.418 0 0 8.418 0 0 0 0 0
1 399.2 212.1 199.6 124.7 74.84 62.37 24.95 99.79 24.95 0 12.47 0 0 12.47 0 0 0 0 0 0
1 540.3 366.6 366.6 193 193 57.89 77.19 57.89 38.59 19.3 19.3 0 0 0 0 0 0 0 0 0
1 224.1 245.4 213.4 128.1 74.7 32.01 53.36 42.69 42.69 0 0 10.67 0 0 0 0 0 0 0 0
1 386.8 150.4 161.1 85.95 118.2 10.74 53.72 42.97 21.49 0 21.49 21.49 0 0 0 0 0 0 0 0
1 331.5 356 159.6 135 24.55 24.55 73.66 49.11 24.55 0 0 0 12.28 24.55 12.28 0 0 0 0 0
1 621.5 272.8 181.9 90.95 90.95 45.47 106.1 30.32 15.16 45.47 0 0 0 0 15.16 0 0 0 0 0
1 490.4 291.6 251.9 119.3 26.51 92.79 26.51 0 13.26 0 0 0 0 13.26 0 0 0 0 0 0
1 456.2 331.7 235 124.4 110.6 82.94 13.82 0 0 27.65 0 0 0 0 0 0 0 0 0 0
1 294.2 199 155.7 51.91 43.26 17.3 17.3 8.652 17.3 25.96 0 0 8.652 0 0 8.652 0 0 0 17.3
1 486.1 249.6 262.8 118.2 65.69 26.28 52.55 13.14 13.14 13.14 0 0 13.14 0 0 0 0 0 0 0
1 382 254.7 115.8 185.2 127.3 23.15 23.15 34.73 0 11.58 0 0 0 0 0 0 0 0 0 0
1 588.7 309.1 191.3 147.2 73.59 73.59 29.44 14.72 0 0 14.72 14.72 0 0 0 0 0 0 0 14.72
1 526.7 365.8 146.3 234.1 73.16 14.63 14.63 29.26 0 29.26 0 14.63 0 0 0 0 0 0 0 14.63
1 739.8 544 282.9 239.3 195.8 65.28 43.52 43.52 0 0 0 21.76 0 0 0 0 0 0 0 0
1 263.5 242.5 253 137 42.17 21.08 63.25 21.08 0 10.54 0 0 0 0 0 0 0 0 0 0
1 278 210.9 163 163 38.35 47.94 9.587 9.587 0 28.76 0 0 0 9.587 0 0 0 0 0 0
1 493.7 421.1 217.8 145.2 58.08 43.56 43.56 29.04 0 0 0 0 0 0 0 0 0 0 0 0
1 463.8 309.2 190.3 118.9 71.36 11.89 23.79 0 0 0 0 0 0 0 0 0 0 0 0 0
1 445.8 445.8 292.1 123 92.24 61.5 46.12 0 30.75 0 0 0 0 0 0 0 0 0 0 0
1 405.7 310.3 190.9 143.2 83.53 47.73 11.93 0 0 0 0 0 0 0 0 0 0 0 0 0
1 385.7 218.9 177.2 156.4 41.7 10.42 20.85 0 10.42 10.42 10.42 0 0 0 0 0 0 0 0 0
1 596.5 238.6 268.4 193.9 119.3 44.74 14.91 0 0 0 0 0 0 0 0 0 0 0 0 14.91
1 505.4 283.5 135.6 135.6 73.97 24.66 36.98 24.66 0 0 0 0 0 0 0 0 0 12.33 0 0
1 256.4 194.2 155.4 77.69 38.85 7.769 38.85 0 0 0 0 7.769 0 0 0 0 0 0 0 0
1 330.3 320 154.8 103.2 72.25 30.96 0 10.32 0 0 10.32 0 0 0 0 0 0 0 0 0
1 367.3 295.9 193.9 102 30.61 10.2 20.41 0 0 0 0 0 0 0 0 0 0 0 0 0
1 253 235.6 192 104.7 34.9 26.18 8.725 17.45 0 0 0 0 0 0 0 0 0 0 0 0
1 266.7 175.2 114.3 68.58 68.58 15.24 45.72 7.619 0 0 0 0 0 0 0 0 0 0 0 0
1 219.6 171.5 164.7 41.17 34.31 27.45 13.72 13.72 0 0 0 0 0 0 0 0 0 0 0 0
1 298 182.6 163.4 163.4 57.67 48.06 28.84 9.612 0 0 0 0 0 0 0 9.612 0 0 0 0
1 199 141.2 122 102.7 32.1 19.26 12.84 6.419 0 0 6.419 0 0 0 0 0 0 0 0 0
1 211 70.34 102.8 86.57 5.41 27.05 10.82 21.64 0 0 0 0 0 0 0 5.41 0 0 0 0
1 222.5 91.3 114.1 51.36 45.65 28.53 11.41 5.706 0 0 0 0 0 0 0 0 0 0 0 0
1 166.4 97.38 56.8 36.52 32.46 4.057 12.17 0 0 0 0 0 0 0 0 0 0 0 0 0
1 154.4 144.4 114.5 34.86 19.92 9.96 9.96 0 4.98 0 4.98 0 0 0 0 0 0 0 0 0
1 206 100.5 90.44 25.12 40.19 10.05 15.07 5.024 0 0 5.024 0 0 5.024 0 0 0 0 0 0
1 242.1 186.2 68.28 68.28 43.45 6.208 0 6.208 0 0 0 0 0 0 0 0 0 0 0 0
1 161.1 122.1 122.1 53.71 19.53 4.883 0 4.883 0 0 0 0 0 0 0 0 0 0 0 0
1 148.6 128.8 94.09 69.33 34.67 14.86 0 0 4.952 0 0 0 0 0 0 0 0 0 0 0
1 234.7 162.5 90.27 66.2 18.05 12.04 6.018 6.018 0 0 6.018 0 0 0 0 0 0 0 0 0
1 167.9 116.2 60.26 38.74 21.52 4.305 8.609 0 4.305 4.305 0 0 4.305 0 0 0 0 0 0 0
1 147.7 255.1 100.7 60.42 33.57 33.57 33.57 0 0 6.714 0 0 0 0 0 0 0 0 0 0
1 147.1 108.4 54.19 34.84 19.35 11.61 7.742 0 3.871 0 0 0 0 0 0 0 0 0 0 0
1 172 69.73 79.03 69.73 41.84 9.297 9.297 0 13.95 0 0 0 0 0 0 0 0 0 0 0
1 157.6 93.81 30.02 45.03 18.76 15.01 11.26 0 0 0 0 0 3.752 0 0 0 0 0 0 0
1 98.62 98.62 78.21 20.4 20.4 17 3.401 3.401 0 0 0 0 0 0 0 0 0 0 0 0
1 181.8 126.7 126.7 49.57 27.54 16.52 22.03 0 0 0 0 0 0 0 0 0 0 0 0 0
1 126.1 100.1 63.03 29.66 25.95 18.54 3.708 0 3.708 0 0 0 0 0 0 0 0 0 0 0
1 136.6 111.3 101.2 65.76 50.58 25.29 5.058 5.058 0 5.058 0 0 0 0 0 0 0 0 0 0
1 121.3 56 52.89 31.11 28 6.222 9.333 0 3.111 3.111 0 0 0 0 0 0 0 0 0 0
1 140.9 90.01 74.36 43.05 19.57 11.74 7.827 0 3.913 0 0 0 0 0 0 0 0 0 0 0
1 127.7 72.5 65.59 37.97 17.26 3.452 10.36 3.452 3.452 3.452 0 0 0 0 0 0 0 0 0 0
1 209.2 123.1 116.9 49.23 30.77 24.61 18.46 18.46 0 18.46 0 0 0 6.154 0 0 0 0 0 0
1 195.2 195.2 68.89 22.96 40.19 22.96 11.48 11.48 0 0 0 5.741 0 0 0 0 0 0 0 0
1 118.6 118.6 101.7 33.89 16.94 16.94 8.472 0 0 0 4.236 0 0 0 4.236 0 0 0 0 0
1 265.6 123.5 80.29 49.41 55.58 30.88 6.176 0 0 0 6.176 0 0 0 0 0 0 0 0 0
1 151.7 146.8 97.88 58.73 19.58 9.788 0 0 0 0 0 4.894 0 0 0 0 0 0 0 0
1 215.5 161.7 53.89 64.66 26.94 16.17 0 0 0 0 0 0 0 0 0 0 0 0 0 0
1 223.3 143.9 54.58 29.77 9.924 14.89 14.89 4.962 0 0 0 0 0 0 0 0 0 0 0 0
