Originally  
101 
A 
42	100	
1	1	NA	NA	
1	20	
1 0.0411 0.3904 0.6164 0.2466 0.3288 0.1849 0.1027 0.02055 0.0411 0.0411 0 0.02055 0 0 0 0.02055 0 0 0 0
1 0.05761 0.2016 0.5041 0.288 0.1152 0.08641 0.0288 0.0288 0.0288 0.0144 0.05761 0.0144 0 0.0144 0 0 0 0 0 0
1 0.06878 0.2476 0.2751 0.3577 0.1926 0.06878 0.05503 0.01376 0.04127 0 0.02751 0.01376 0 0 0.01376 0 0 0 0 0
1 0.02648 0.384 0.2648 0.1986 0.1854 0.1192 0.06621 0.02648 0.01324 0.02648 0 0.01324 0 0 0 0 0 0 0 0
1 0 0.1516 0.4007 0.1733 0.1299 0.08663 0.05414 0 0.03249 0.01083 0.01083 0 0 0.01083 0 0.01083 0.01083 0 0 0
1 0.01259 0.07556 0.5163 0.3652 0.07556 0.08815 0.01259 0.05037 0.02519 0 0.02519 0.01259 0 0 0 0 0 0 0 0
1 0.02546 0.1273 0.1273 0.28 0.1612 0.0594 0.01697 0.02546 0.01697 0 0 0 0 0.008486 0 0 0 0 0 0
1 0.02831 0.4105 0.5378 0.1274 0.1557 0.04246 0.04246 0.04246 0.02831 0 0 0 0 0 0 0 0 0 0 0
1 0.02567 0.1027 0.6162 0.2696 0.06419 0.1412 0.03851 0 0 0.02567 0 0 0 0 0 0 0 0 0 0
1 0.03487 0.1627 0.2441 0.4301 0.186 0.01162 0.06975 0.01162 0.01162 0 0 0 0 0 0 0 0 0 0 0
1 0.02477 0.1403 0.1486 0.1734 0.1816 0.09081 0.02477 0 0.03302 0.008256 0 0 0 0 0 0 0 0 0 0
1 0.04046 0.1281 0.1349 0.1416 0.08092 0.08766 0.03372 0.006743 0.006743 0.006743 0.006743 0 0 0 0 0 0 0 0 0
1 0.02867 0.1075 0.2293 0.1505 0.07167 0.05017 0.043 0.02867 0.007167 0 0 0 0 0 0 0 0 0 0 0
1 0.04181 0.1603 0.1603 0.1881 0.05575 0.04878 0.006968 0.0209 0.006968 0 0 0.006968 0 0 0 0 0 0 0 0
1 0.02713 0.1085 0.2781 0.06105 0.1153 0.0407 0.01357 0 0.02713 0 0.006784 0 0 0 0 0 0 0 0 0
1 0.01722 0.1463 0.2841 0.2152 0.07747 0.06026 0.01722 0 0.008608 0.008608 0.01722 0 0.008608 0 0 0 0 0 0 0
1 0.01529 0.1146 0.2216 0.1758 0.1146 0.0535 0.02293 0 0.02293 0.007643 0.007643 0 0.007643 0 0 0 0 0 0 0
1 0.01043 0.1095 0.146 0.1251 0.06256 0.03649 0.01043 0.005213 0.01043 0.005213 0 0 0 0 0 0 0 0 0 0
1 0.01949 0.1104 0.1559 0.1104 0.1559 0.05846 0.01299 0.01949 0.006495 0 0 0 0 0 0 0 0 0 0 0
1 0.02692 0.07538 0.1561 0.1077 0.06461 0.03231 0.03231 0.02692 0.01077 0.005384 0 0 0 0 0 0 0 0 0 0
1 0.04489 0.1272 0.2319 0.1347 0.1197 0.02992 0.02992 0.01496 0.007481 0 0 0.007481 0 0 0 0 0 0 0 0
1 0.02184 0.04804 0.1878 0.07862 0.04368 0.0131 0.02184 0.008735 0.0131 0 0 0 0 0 0 0 0 0 0 0
1 0.007263 0.2034 0.1453 0.2324 0.07263 0.02905 0.01453 0.02179 0 0 0 0 0 0 0 0 0 0 0 0
1 0.0129 0.04301 0.2021 0.06451 0.06021 0.02581 0.0129 0 0.004301 0.004301 0 0 0 0 0 0 0 0 0 0
1 0.009011 0.07659 0.1081 0.1171 0.05407 0.03154 0.02703 0.009011 0.004505 0 0 0.004505 0.004505 0 0 0.004505 0 0 0 0
1 0.02373 0.1008 0.1661 0.1068 0.1008 0.005931 0.03559 0.01186 0.02966 0 0.005931 0 0.005931 0 0 0 0 0 0 0
1 0.01499 0.04496 0.1461 0.05246 0.04496 0.04871 0.007494 0.01124 0 0.003747 0 0 0 0 0 0 0 0 0 0
1 0.00852 0.09373 0.08094 0.1193 0.0426 0.03408 0.02982 0.00852 0.00426 0 0.00426 0 0 0 0 0 0 0 0 0
1 0.005677 0.06245 0.0738 0.04542 0.04542 0.02555 0.01419 0.008516 0.002839 0 0 0 0 0 0 0 0 0 0 0
1 0.02567 0.08557 0.1369 0.0984 0.04706 0.01284 0.008557 0 0.004278 0.004278 0.004278 0 0 0 0 0 0 0 0 0
1 0.00844 0.09706 0.1182 0.09706 0.05486 0.00844 0.01688 0.01266 0 0.00844 0 0 0 0 0 0 0 0 0 0
1 0.008392 0.04616 0.1637 0.09651 0.05875 0.02098 0.008392 0.008392 0 0 0.004196 0 0 0 0 0.004196 0 0 0 0
1 0.007979 0.05984 0.1237 0.1037 0.03192 0.03192 0.007979 0.01995 0 0.007979 0.00399 0 0 0 0 0 0 0 0 0
1 0.0113 0.03107 0.06778 0.05084 0.06214 0.03389 0.0113 0.002824 0.002824 0.002824 0 0.005649 0 0 0 0 0 0 0 0
1 0.009846 0.06893 0.07877 0.05251 0.04923 0.0361 0.01641 0.006564 0.006564 0 0 0 0.003282 0 0 0 0 0 0 0
1 0.01178 0.07461 0.1453 0.07461 0.01571 0.03534 0.01178 0.007854 0.003927 0 0.003927 0.007854 0 0 0 0 0 0 0 0
1 0.006362 0.07634 0.1113 0.05725 0.02227 0.01908 0 0.01272 0.009542 0 0 0.003181 0 0 0 0 0 0 0 0
1 0.009524 0.04445 0.1111 0.08254 0.04445 0.0127 0.006349 0.003175 0.003175 0 0 0 0 0 0 0 0 0 0 0
1 0.0106 0.07775 0.07775 0.07422 0.06362 0.02827 0.0106 0 0.003534 0.007068 0 0 0 0 0 0 0 0 0 0
1 0.0127 0.07113 0.07875 0.04319 0.01778 0.01778 0.005081 0 0.005081 0.00254 0 0 0 0 0 0 0 0 0 0
1 0.01721 0.04819 0.117 0.06196 0.03442 0.03786 0.01377 0.006884 0 0 0.003442 0 0 0 0.003442 0 0 0 0 0
1 0.004165 0.04165 0.05414 0.04373 0.02707 0.01666 0.008329 0.008329 0.002082 0 0 0 0.002082 0 0 0 0 0 0 0
1 0.009564 0.02869 0.04782 0.05738 0.02295 0.009564 0.003825 0.009564 0 0 0 0.001913 0 0 0 0 0 0 0 0
1 0.004688 0.02344 0.06095 0.06798 0.0211 0.02344 0.01172 0.004688 0.01172 0 0.002344 0 0 0 0 0.002344 0 0 0 0
1 0.006737 0.03818 0.06962 0.04716 0.02695 0.01797 0.01123 0.004492 0.002246 0 0 0 0 0 0 0 0 0 0 0
1 0.01601 0.02401 0.04402 0.05002 0.02401 0.02401 0.008003 0.01 0 0 0 0 0 0 0 0 0 0 0 0
1 0.006404 0.0619 0.05123 0.03842 0.02988 0.01708 0.002135 0.002135 0 0.004269 0 0 0 0 0 0 0 0 0 0
1 0.007268 0.04845 0.08479 0.04118 0.03392 0.01454 0.007268 0.004845 0 0 0 0 0 0 0 0 0 0 0 0
1 0.006214 0.02952 0.0435 0.04039 0.01398 0.01243 0.007767 0 0 0 0 0.001553 0 0 0 0 0 0 0 0
1 0.00516 0.02838 0.03999 0.02322 0.01548 0.009031 0.00387 0.00129 0.00129 0 0 0.00129 0 0 0 0 0 0 0 0
1 0.004107 0.01643 0.05339 0.03559 0.01095 0.005476 0.002738 0.002738 0.001369 0.001369 0.002738 0 0 0 0 0 0 0 0 0
1 0.00499 0.02329 0.03992 0.05157 0.02828 0.00499 0.003327 0.003327 0.003327 0 0 0 0 0.001663 0 0.001663 0 0 0 0
1 0.001046 0.01779 0.03558 0.0157 0.01988 0.008372 0.002093 0.001046 0 0.003139 0 0 0 0 0 0 0 0 0 0
1 0.01001 0.04504 0.04004 0.02502 0.01501 0.01501 0.008341 0 0.001668 0.001668 0 0 0.001668 0.003336 0 0 0 0 0 0
1 0.00595 0.0476 0.06347 0.04165 0.009917 0.00595 0.007933 0.007933 0 0.003967 0.001983 0 0 0.001983 0 0 0 0 0 0
1 0.00475 0.01267 0.06175 0.04275 0.01583 0.0095 0.006334 0.001583 0.003167 0 0 0 0 0 0 0 0 0 0 0
1 0.001712 0.03081 0.03423 0.04793 0.03252 0.01198 0.003423 0.003423 0.005135 0 0 0 0 0 0 0 0 0 0 0
1 0.0007831 0.01175 0.02349 0.01566 0.006265 0.007048 0.005482 0.001566 0.003132 0.001566 0.0007831 0.0007831 0 0 0 0 0 0 0 0
1 0 0.02061 0.03471 0.02603 0.005423 0.01518 0.003254 0.002169 0.001085 0 0 0 0 0 0 0 0 0 0 0
