 landings-at-age - landings.n (units : NA )
1	2	
42	100	
1	20	
1 
0.4448 5.014 12.93 10.48 7.332 4.632 3.365 2.244 1.59 1.132 0.7702 0.5335 0.3902 0.2631 0.1719 0.1197 0.08869 0.05931 0.04165 0.08261
0.2633 2.832 7.827 5.841 3.957 2.769 1.749 1.271 0.8474 0.6003 0.4274 0.2909 0.2015 0.1474 0.09937 0.06491 0.04518 0.03349 0.0224 0.04692
0.3535 4.338 11.41 9.212 5.761 3.904 2.731 1.725 1.253 0.8358 0.5921 0.4216 0.2869 0.1987 0.1453 0.09801 0.06402 0.04457 0.03303 0.06838
0.3084 3.622 10.86 8.295 5.602 3.504 2.374 1.661 1.049 0.7622 0.5083 0.3601 0.2564 0.1745 0.1209 0.08839 0.05961 0.03894 0.0271 0.06167
0.3682 4.624 13.21 11.5 7.352 4.965 3.105 2.104 1.472 0.9299 0.6755 0.4505 0.3191 0.2272 0.1546 0.1071 0.07834 0.05283 0.03451 0.07868
0.3023 3.489 10.67 8.8 6.405 4.093 2.764 1.729 1.171 0.8195 0.5177 0.3761 0.2508 0.1777 0.1265 0.08609 0.05963 0.04362 0.02941 0.06302
0.2579 2.886 8.144 7.224 4.983 3.627 2.318 1.565 0.9789 0.6633 0.464 0.2931 0.213 0.142 0.1006 0.07163 0.04875 0.03377 0.0247 0.05234
0.3164 3.597 9.813 8.046 5.974 4.121 3 1.917 1.295 0.8096 0.5485 0.3838 0.2424 0.1761 0.1175 0.08321 0.05924 0.04031 0.02793 0.06371
0.3291 3.657 10.11 7.979 5.471 4.062 2.802 2.039 1.303 0.8802 0.5505 0.373 0.2609 0.1648 0.1198 0.07986 0.05657 0.04028 0.02741 0.06231
0.3213 3.387 9.168 7.329 4.834 3.314 2.461 1.698 1.236 0.7896 0.5333 0.3335 0.226 0.1581 0.09987 0.07255 0.04838 0.03428 0.0244 0.05436
0.3739 3.942 10.11 7.921 5.295 3.493 2.395 1.778 1.227 0.8928 0.5705 0.3853 0.241 0.1633 0.1142 0.07216 0.05242 0.03496 0.02477 0.05691
0.4105 4.562 11.67 8.639 5.659 3.783 2.496 1.711 1.27 0.8763 0.6378 0.4076 0.2753 0.1722 0.1166 0.08161 0.05155 0.03745 0.02498 0.05835
0.3589 4.095 11.06 8.155 5.043 3.303 2.208 1.457 0.9988 0.7416 0.5115 0.3723 0.2379 0.1607 0.1005 0.06809 0.04764 0.03009 0.02186 0.04864
0.3651 4.159 11.53 9.001 5.548 3.431 2.247 1.502 0.991 0.6794 0.5045 0.348 0.2533 0.1619 0.1093 0.06837 0.04632 0.03241 0.02047 0.04796
0.4069 4.42 12.21 9.769 6.373 3.928 2.429 1.591 1.064 0.7017 0.4811 0.3572 0.2464 0.1794 0.1146 0.07741 0.04841 0.0328 0.02295 0.04846
0.3719 4.353 11.47 9.125 6.099 3.979 2.452 1.517 0.9934 0.6641 0.4381 0.3004 0.223 0.1538 0.112 0.07156 0.04833 0.03022 0.02048 0.04458
0.3385 3.913 11.13 8.456 5.622 3.758 2.451 1.511 0.9343 0.612 0.4092 0.2699 0.185 0.1374 0.09478 0.06898 0.04408 0.02977 0.01862 0.04008
0.3495 3.95 11.09 9.104 5.783 3.845 2.57 1.676 1.033 0.639 0.4186 0.2798 0.1846 0.1266 0.09397 0.06482 0.04718 0.03015 0.02036 0.04015
0.3104 3.268 8.997 7.29 5.003 3.178 2.113 1.412 0.9212 0.5678 0.3511 0.23 0.1538 0.1014 0.06953 0.05163 0.03561 0.02592 0.01657 0.03325
0.2857 3.32 8.531 6.808 4.615 3.167 2.011 1.337 0.8938 0.5831 0.3594 0.2222 0.1456 0.09732 0.0642 0.04401 0.03268 0.02254 0.01641 0.03153
0.2027 2.398 6.831 5.099 3.405 2.308 1.584 1.006 0.6688 0.447 0.2916 0.1797 0.1111 0.0728 0.04867 0.03211 0.02201 0.01634 0.01127 0.02397
0.2006 2.396 6.953 5.782 3.616 2.414 1.636 1.123 0.7132 0.4742 0.3169 0.2067 0.1274 0.0788 0.05162 0.03451 0.02276 0.01561 0.01159 0.02499
0.3213 3.524 10.24 8.653 6.027 3.769 2.516 1.706 1.17 0.7434 0.4942 0.3303 0.2155 0.1328 0.08214 0.0538 0.03597 0.02373 0.01627 0.03813
0.216 2.388 6.403 5.377 3.795 2.643 1.653 1.104 0.748 0.5133 0.326 0.2168 0.1449 0.09451 0.05826 0.03603 0.0236 0.01578 0.01041 0.02386
0.1798 1.997 5.422 4.239 2.981 2.104 1.465 0.9163 0.6118 0.4147 0.2846 0.1808 0.1202 0.08032 0.0524 0.0323 0.01997 0.01308 0.008746 0.01899
0.3076 3.552 9.613 7.615 4.988 3.508 2.476 1.724 1.078 0.72 0.488 0.3349 0.2127 0.1414 0.09452 0.06166 0.03801 0.0235 0.0154 0.03265
0.1973 2.292 6.475 5.066 3.354 2.197 1.545 1.09 0.7595 0.475 0.3171 0.2149 0.1475 0.09369 0.06229 0.04163 0.02716 0.01674 0.01035 0.02116
0.218 2.313 6.586 5.422 3.552 2.352 1.541 1.083 0.7646 0.5326 0.333 0.2224 0.1507 0.1034 0.06569 0.04367 0.02919 0.01904 0.01174 0.0221
0.2667 2.955 7.658 6.343 4.372 2.865 1.896 1.242 0.8736 0.6166 0.4295 0.2686 0.1793 0.1215 0.0834 0.05298 0.03522 0.02354 0.01536 0.02728
0.2832 2.989 8.077 6.068 4.204 2.898 1.899 1.257 0.8234 0.5791 0.4087 0.2847 0.178 0.1189 0.08056 0.05528 0.03511 0.02334 0.0156 0.02826
0.2635 2.776 7.164 5.613 3.528 2.444 1.685 1.104 0.7308 0.4787 0.3366 0.2376 0.1655 0.1035 0.0691 0.04684 0.03214 0.02041 0.01357 0.0255
0.203 2.344 6.063 4.552 2.985 1.876 1.3 0.896 0.5871 0.3887 0.2546 0.179 0.1264 0.08802 0.05504 0.03675 0.02491 0.01709 0.01086 0.02078
0.3352 3.884 10.92 8.232 5.179 3.396 2.134 1.479 1.019 0.6679 0.4422 0.2897 0.2037 0.1438 0.1001 0.06262 0.04181 0.02834 0.01945 0.03599
0.2559 2.827 7.992 6.49 4.087 2.571 1.686 1.06 0.7341 0.506 0.3316 0.2195 0.1438 0.1011 0.07137 0.04971 0.03108 0.02075 0.01407 0.02752
0.2513 2.669 7.213 5.927 4.028 2.536 1.596 1.046 0.6576 0.4556 0.3141 0.2058 0.1362 0.08924 0.06275 0.04429 0.03085 0.01929 0.01288 0.02581
0.3348 3.743 9.681 7.604 5.23 3.555 2.238 1.408 0.9235 0.5803 0.4021 0.2772 0.1816 0.1202 0.07876 0.05538 0.03909 0.02723 0.01703 0.03415
0.321 3.794 10.31 7.701 5.056 3.478 2.363 1.488 0.9362 0.614 0.3859 0.2674 0.1843 0.1207 0.07993 0.05236 0.03682 0.02599 0.0181 0.03402
0.3336 3.678 10.55 8.278 5.17 3.394 2.335 1.587 0.9991 0.6285 0.4122 0.259 0.1795 0.1237 0.08106 0.05366 0.03515 0.02472 0.01745 0.03499
0.342 3.454 9.26 7.668 5.026 3.139 2.061 1.417 0.9634 0.6066 0.3816 0.2503 0.1573 0.109 0.07512 0.04922 0.03258 0.02134 0.01501 0.03184
0.3234 3.673 9.03 7 4.847 3.177 1.984 1.303 0.8959 0.6089 0.3834 0.2412 0.1582 0.09941 0.06888 0.04748 0.03111 0.02059 0.01349 0.02961
0.244 2.748 7.636 5.44 3.527 2.442 1.6 0.9995 0.6562 0.4514 0.3068 0.1932 0.1215 0.07969 0.05008 0.0347 0.02392 0.01567 0.01037 0.02171
0.218 2.794 7.707 6.238 3.721 2.412 1.67 1.095 0.6836 0.4488 0.3087 0.2098 0.1321 0.08311 0.05451 0.03425 0.02373 0.01636 0.01072 0.02195
0.304 3.177 9.926 7.964 5.396 3.219 2.087 1.445 0.947 0.5914 0.3883 0.2671 0.1815 0.1143 0.0719 0.04716 0.02963 0.02053 0.01415 0.02826
0.3117 3.33 8.474 7.66 5.138 3.482 2.077 1.346 0.9323 0.611 0.3816 0.2505 0.1723 0.1171 0.07375 0.04639 0.03043 0.01912 0.01325 0.02737
0.2893 3.233 8.423 6.205 4.69 3.146 2.132 1.272 0.8244 0.5708 0.3741 0.2337 0.1534 0.1055 0.07171 0.04516 0.02841 0.01863 0.01171 0.02487
0.2366 2.577 7.053 5.333 3.286 2.484 1.666 1.129 0.6735 0.4366 0.3023 0.1981 0.1237 0.08124 0.05588 0.03798 0.02391 0.01504 0.009866 0.01937
0.2004 2.253 6.029 4.811 3.046 1.877 1.419 0.9518 0.645 0.3847 0.2494 0.1727 0.1132 0.07069 0.04641 0.03192 0.0217 0.01366 0.008594 0.0167
0.3059 3.616 9.922 7.745 5.179 3.279 2.021 1.528 1.025 0.6943 0.4142 0.2685 0.1859 0.1219 0.0761 0.04996 0.03437 0.02336 0.01471 0.02723
0.3619 3.906 11.21 8.888 5.801 3.879 2.456 1.514 1.144 0.7675 0.52 0.3102 0.2011 0.1392 0.09126 0.057 0.03742 0.02574 0.01749 0.03141
0.376 4.16 10.88 8.988 5.954 3.886 2.599 1.646 1.014 0.7665 0.5142 0.3484 0.2078 0.1347 0.09329 0.06114 0.03819 0.02507 0.01724 0.03276
0.3343 3.741 10.05 7.568 5.224 3.461 2.259 1.511 0.9564 0.5894 0.4455 0.2988 0.2025 0.1208 0.07831 0.05422 0.03554 0.02219 0.01457 0.02907
0.2431 2.587 7.08 5.502 3.462 2.39 1.583 1.033 0.691 0.4376 0.2696 0.2038 0.1367 0.09264 0.05526 0.03583 0.0248 0.01626 0.01015 0.01996
0.2162 2.302 6.018 4.802 3.125 1.967 1.357 0.8993 0.587 0.3925 0.2485 0.1532 0.1158 0.07765 0.05262 0.03139 0.02035 0.01409 0.009234 0.01711
0.2344 2.585 6.759 5.164 3.453 2.247 1.414 0.9762 0.6467 0.4221 0.2823 0.1787 0.1101 0.08325 0.05584 0.03784 0.02257 0.01463 0.01013 0.01894
0.2821 3.281 8.856 6.756 4.324 2.892 1.882 1.184 0.8174 0.5415 0.3534 0.2363 0.1496 0.09222 0.06971 0.04676 0.03168 0.0189 0.01225 0.02434
0.3426 3.888 11.01 8.629 5.509 3.526 2.358 1.534 0.9656 0.6665 0.4416 0.2882 0.1927 0.122 0.0752 0.05684 0.03813 0.02584 0.01541 0.02984
0.4177 4.386 12.07 9.875 6.469 4.13 2.643 1.768 1.15 0.7238 0.4996 0.331 0.216 0.1445 0.09148 0.05637 0.04261 0.02858 0.01937 0.03392
0.2579 3.001 7.696 6.108 4.174 2.734 1.746 1.117 0.7471 0.4862 0.3059 0.2112 0.1399 0.09132 0.06107 0.03866 0.02383 0.01801 0.01208 0.02253
0.2638 2.834 8.08 6.034 4.01 2.74 1.795 1.146 0.7334 0.4904 0.3191 0.2008 0.1386 0.09184 0.05995 0.04009 0.02538 0.01564 0.01182 0.02272
