Originally  
101 
A 
42	100	
1	1	NA	NA	
1	20	
1 0 0.1687 0.4498 0.1125 0.08434 0.02811 0.239 0.02811 0.04217 0.1125 0 0.01406 0.01406 0.01406 0.02811 0 0.02811 0.02811 0.01406 0
1 0.05217 0.06957 0.3652 0.4696 0.1739 0.1739 0.06957 0.1565 0.08696 0.01739 0.08696 0 0 0 0 0 0 0 0.01739 0
1 0.04004 0.1602 0.09343 0.3203 0.4405 0.08008 0.02669 0.01335 0.05339 0.01335 0.01335 0.05339 0 0.01335 0 0 0.01335 0 0 0
1 0.07351 0.2205 0.1911 0.07351 0.3088 0.3088 0.0147 0.04411 0.02941 0.07351 0.02941 0.0147 0.05881 0 0 0 0 0.0147 0 0.0147
1 0.01733 0.4159 0.5718 0.1386 0.05198 0.03466 0.2599 0.01733 0.05198 0 0.08664 0.01733 0.01733 0 0 0 0 0.01733 0.01733 0.01733
1 0.04343 0.1086 0.8252 0.4777 0.1737 0.06514 0.1086 0.08686 0.08686 0.02171 0 0.06514 0.04343 0 0.02171 0 0.04343 0 0 0
1 0.03422 0.2738 0.2567 0.616 0.2567 0 0.03422 0.1198 0.03422 0.03422 0.01711 0.01711 0 0.01711 0 0 0 0 0 0
1 0.02334 0.105 0.5485 0.14 0.105 0.09336 0.04668 0 0.03501 0.01167 0.02334 0.01167 0.01167 0.01167 0 0 0 0 0 0
1 0 0.07495 0.2698 0.5996 0.1349 0.2099 0.04497 0 0.05996 0.04497 0.01499 0.01499 0 0 0.01499 0.01499 0 0 0 0
1 0.01072 0.15 0.225 0.2036 0.225 0.05358 0.0643 0.05358 0 0.01072 0.02143 0.03215 0.01072 0 0 0.01072 0 0 0 0
1 0.07467 0.1942 0.4331 0.1643 0.2091 0.2091 0.07467 0.02987 0.0448 0 0.01493 0 0.02987 0 0 0 0.01493 0 0 0
1 0.1492 0.373 0.2536 0.2536 0.1044 0.08951 0.1641 0.01492 0.01492 0.01492 0.01492 0.02984 0 0 0 0 0 0.01492 0 0
1 0.05544 0.9702 0.8593 0.2772 0.194 0.08316 0.05544 0.1386 0 0.05544 0.02772 0 0.02772 0 0.02772 0 0 0 0 0
1 0 0.412 1.262 0.4377 0.206 0.05149 0.05149 0.02575 0.103 0.02575 0 0 0 0 0 0 0 0 0 0
1 0.01833 0.07331 0.5131 0.7331 0.3299 0.07331 0.03665 0 0.03665 0.01833 0 0 0 0 0 0 0 0 0 0
1 0 0.4833 0.2856 0.5932 0.4833 0.1758 0.04394 0.04394 0.04394 0.02197 0 0 0.02197 0 0 0 0 0 0 0
1 0.04613 0.123 0.5382 0.09227 0.2614 0.2768 0.123 0.01538 0.01538 0 0 0.01538 0.01538 0 0.01538 0 0 0 0 0
1 0.1847 0.4387 0.5542 0.4387 0.1155 0.2078 0.1385 0.09236 0.02309 0.02309 0.04618 0 0.04618 0 0 0 0 0 0 0
1 0.06894 0.9882 0.4137 0.3447 0.2528 0 0.06894 0.1149 0 0.02298 0 0 0 0.02298 0 0 0 0 0 0
1 0.04357 0.04357 1.198 0.4574 0.1307 0.1307 0.04357 0.02178 0.06535 0.02178 0 0.02178 0 0 0 0 0 0 0 0
1 0.0967 0.2901 0.3675 0.6963 0.2127 0.07736 0.1354 0 0.03868 0.01934 0 0 0 0 0 0 0 0 0 0
1 0.01568 0.3606 0.2665 0.2038 0.5017 0.04704 0.06272 0.03136 0 0.03136 0.03136 0 0 0.01568 0 0 0 0 0 0
1 0.02559 0.1151 0.5246 0.2047 0.06397 0.2431 0.03838 0.03838 0.02559 0 0 0 0 0 0 0 0 0 0 0
1 0.05527 0.1437 0.3206 0.2763 0.1437 0.01105 0.1216 0.02211 0 0 0 0.01105 0 0 0 0 0 0 0 0
1 0.07889 0.2268 0.2169 0.1578 0.1479 0.05917 0 0.05917 0.03945 0 0 0 0 0 0 0 0 0 0 0
1 0.08939 0.3277 0.2781 0.09932 0.04966 0.05959 0.009932 0.0298 0.03973 0.009932 0 0 0 0 0 0 0 0 0 0
1 0.01425 0.4134 0.5559 0.2281 0.09977 0 0.04276 0.02851 0.01425 0 0.01425 0 0.01425 0 0 0 0 0 0 0
1 0.01791 0.197 0.9313 0.4119 0.1433 0.01791 0 0.01791 0 0.01791 0.03582 0 0 0 0 0 0 0 0 0
1 0.05431 0 0.5612 0.6517 0.1991 0.1629 0.1086 0.03621 0.0181 0.0181 0 0 0 0 0 0 0 0 0 0
1 0.08759 0.1051 0.06131 0.2453 0.1664 0.1226 0.06131 0.008759 0 0.008759 0 0 0.008759 0 0 0 0 0 0 0
1 0.01049 0.3565 0.2831 0.04195 0.1363 0.1154 0.06292 0.02097 0.01049 0 0.01049 0 0 0 0 0 0 0 0 0
1 0.03828 0.1021 0.8038 0.1786 0 0.06379 0.06379 0.01276 0 0.01276 0 0 0 0 0 0 0 0 0 0
1 0 0.226 0.113 0.493 0.08217 0.02054 0.03082 0.04109 0.02054 0 0 0 0 0 0 0 0 0 0 0
1 0.0788 0.02955 0.3841 0.06895 0.3053 0.0394 0 0.02955 0.0394 0 0.00985 0 0 0 0 0 0 0 0 0
1 0.007142 0.2571 0.08571 0.1571 0.04285 0.1071 0.02143 0.007142 0.01428 0.007142 0 0.007142 0 0 0 0 0 0 0 0
1 0.105 0.1366 0.5462 0.08404 0.08404 0.04202 0.03151 0 0.0105 0 0 0.0105 0 0 0 0 0 0 0 0
1 0 0.5339 0.2865 0.4167 0 0.03907 0 0.02604 0 0 0 0 0 0 0 0 0 0 0 0
1 0 0.09981 0.8484 0.1248 0.1248 0.02495 0.01248 0 0 0.01248 0 0 0 0 0 0 0 0 0 0
1 0.06569 0.1533 0.1642 0.4818 0.08759 0.08759 0.01095 0.0219 0 0.01095 0 0 0 0 0.01095 0 0 0 0 0
1 0 0.2678 0.2357 0.02143 0.3214 0.07499 0.1071 0 0.02143 0.01071 0.01071 0 0 0 0 0 0 0 0 0
1 0.0118 0.2242 0.4366 0.1534 0.059 0.2006 0.0472 0.0354 0.0118 0 0 0 0 0 0 0 0 0 0 0
1 0.05294 0.1412 0.1853 0.2559 0.1059 0.02647 0.07059 0.008823 0.03529 0 0 0 0 0 0 0 0 0 0 0
1 0.08437 0.4821 0.229 0.1205 0.2049 0.02411 0.01205 0.03616 0 0.01205 0 0 0 0 0 0 0 0 0 0
1 0.05808 0.2468 0.7115 0.1452 0.1452 0.1016 0.02904 0 0.01452 0 0 0 0 0 0 0 0 0 0 0
1 0.04134 0.155 0.3824 0.2997 0.04134 0.05167 0.02067 0 0.01033 0.02067 0 0.01033 0 0 0 0 0 0 0 0
1 0.01429 0.2714 0.4143 0.3286 0.2429 0.05715 0.02857 0.04286 0 0 0 0 0.02857 0 0 0 0 0 0 0
1 0.03304 0.2313 0.2533 0.2973 0.1542 0.1101 0.02202 0 0 0 0 0 0 0 0 0 0 0 0 0
1 0.03396 0.2264 0.3622 0.2038 0.1585 0.06792 0.0566 0.01132 0.01132 0 0 0 0 0 0 0 0 0 0 0
1 0.08696 0.1242 0.5466 0.1988 0.09938 0.03727 0.01242 0.1242 0 0 0.01242 0 0 0 0 0 0 0 0 0
1 0.0144 0.4464 0.2448 0.4608 0.1152 0.072 0.0432 0.0288 0 0.0144 0 0 0 0 0 0 0 0 0 0
1 0.1231 0.1077 0.6614 0.1077 0.2615 0.1231 0.04614 0.06153 0.01538 0.03076 0 0 0 0 0 0 0 0 0 0
1 0.05125 0.7858 0.1538 0.3588 0.1025 0.1538 0.01708 0.03417 0.05125 0 0 0 0 0 0 0 0 0 0 0
1 0.185 0.1645 1.028 0.1439 0.2879 0.06168 0.08224 0.02056 0.04112 0 0 0.02056 0.02056 0 0 0 0 0 0 0
1 0.06408 0.8544 0.2777 0.7262 0 0.1068 0.02136 0.04272 0.02136 0 0 0.02136 0 0 0 0 0 0 0 0
1 0.04784 0.311 1.363 0.1435 0.311 0.07176 0.07176 0.04784 0.02392 0 0 0 0 0 0 0 0 0 0 0
1 0.1134 0.3402 0.7088 1.276 0.1418 0.1418 0.02835 0.08505 0 0 0 0 0 0 0 0 0 0 0 0
1 0.01225 0.06123 0.2571 0.3184 0.3674 0.04898 0.1225 0.01225 0 0.02449 0 0 0 0 0 0 0 0 0 0
1 0.07054 0.1058 0.1411 0.2116 0.3057 0.2351 0.04702 0.05878 0 0 0 0 0 0 0 0 0 0 0 0
1 0.05148 0.7722 0.1544 0.0858 0.1716 0.1201 0.1544 0.1373 0.06864 0 0 0 0 0 0 0 0 0 0 0
