 landings-at-age - landings.n (units : NA )
1	2	
42	100	
1	20	
1 
0.001387 0.04973 0.2012 0.04915 0.04098 0.02372 0.07661 0.0177 0.01326 0.05075 0.003925 0.005278 0.003427 0.003349 0.002391 0.002313 0.001391 0.003053 0.001027 0.001515
0.001827 0.01558 0.1395 0.1678 0.03446 0.02873 0.01663 0.05371 0.01241 0.009298 0.03558 0.002752 0.0037 0.002403 0.002348 0.001676 0.001622 0.0009753 0.00214 0.001782
0.07999 0.3223 0.6838 1.818 1.838 0.3776 0.3148 0.1822 0.5885 0.1359 0.1019 0.3899 0.03015 0.04054 0.02632 0.02573 0.01837 0.01777 0.01069 0.04298
0.1917 1.734 1.728 1.082 2.416 2.442 0.5017 0.4183 0.242 0.7819 0.1806 0.1353 0.518 0.04006 0.05387 0.03497 0.03419 0.0244 0.02361 0.0713
0.1043 3.179 7.071 2.067 1.085 2.423 2.45 0.5032 0.4196 0.2428 0.7843 0.1812 0.1358 0.5196 0.04019 0.05403 0.03508 0.03429 0.02448 0.0952
0.4927 1.543 11.5 7.456 1.826 0.9586 2.14 2.164 0.4446 0.3706 0.2145 0.6928 0.16 0.1199 0.459 0.0355 0.04773 0.03099 0.03029 0.1057
0.3501 6.84 5.205 11.24 6.099 1.493 0.7841 1.751 1.77 0.3636 0.3031 0.1754 0.5667 0.1309 0.09809 0.3754 0.02904 0.03904 0.02535 0.1112
0.2925 4.663 22.01 4.825 8.709 4.724 1.157 0.6073 1.356 1.371 0.2816 0.2348 0.1359 0.4389 0.1014 0.07598 0.2908 0.02249 0.03024 0.1058
0.4698 3.785 14.49 19.59 3.583 6.466 3.507 0.8589 0.4509 1.007 1.018 0.2091 0.1743 0.1009 0.3259 0.07528 0.05642 0.2159 0.0167 0.101
0.4694 5.947 11.44 12.47 14.04 2.569 4.637 2.515 0.6158 0.3233 0.7219 0.7299 0.1499 0.125 0.07234 0.2337 0.05398 0.04045 0.1548 0.0844
1.147 5.842 17.57 9.564 8.674 9.77 1.787 3.226 1.75 0.4284 0.2249 0.5022 0.5078 0.1043 0.08697 0.05033 0.1626 0.03755 0.02814 0.1664
2.13 14.09 16.93 14.32 6.477 5.874 6.616 1.21 2.184 1.185 0.2901 0.1523 0.3401 0.3439 0.07064 0.05889 0.03408 0.1101 0.02543 0.1318
1.522 25.85 40.12 13.47 9.459 4.279 3.881 4.371 0.7997 1.443 0.7828 0.1917 0.1006 0.2247 0.2272 0.04667 0.03891 0.02252 0.07274 0.1039
0.4229 18.29 72.49 31.24 8.699 6.108 2.763 2.506 2.823 0.5164 0.932 0.5055 0.1238 0.06499 0.1451 0.1467 0.03014 0.02513 0.01454 0.114
1.376 5.04 50.57 55.32 19.74 5.497 3.86 1.746 1.584 1.784 0.3263 0.589 0.3195 0.07822 0.04107 0.0917 0.09271 0.01905 0.01588 0.08125
0.819 16.27 13.75 37.85 34.24 12.22 3.403 2.39 1.081 0.9805 1.104 0.202 0.3646 0.1978 0.04843 0.02543 0.05677 0.0574 0.01179 0.06013
1.345 9.624 43.85 10.11 22.97 20.78 7.419 2.065 1.45 0.6562 0.5951 0.6703 0.1226 0.2213 0.12 0.02939 0.01543 0.03446 0.03484 0.04365
3.829 15.71 25.63 31.66 6.017 13.68 12.38 4.417 1.23 0.8636 0.3907 0.3544 0.3991 0.07301 0.1318 0.07147 0.0175 0.009189 0.02052 0.04674
0.847 44.49 41.39 18.19 18.5 3.517 7.995 7.233 2.582 0.7188 0.5047 0.2284 0.2071 0.2333 0.04267 0.07701 0.04177 0.01023 0.005371 0.03931
1.251 9.791 115.9 28.88 10.44 10.62 2.018 4.589 4.152 1.482 0.4126 0.2897 0.1311 0.1189 0.1339 0.02449 0.0442 0.02398 0.005871 0.02564
1.581 14.39 25.25 79.56 16.28 5.886 5.988 1.138 2.587 2.341 0.8355 0.2326 0.1633 0.0739 0.06702 0.07549 0.01381 0.02492 0.01352 0.01777
0.9432 17.23 35.12 16.31 42.16 8.629 3.119 3.173 0.6031 1.371 1.241 0.4428 0.1233 0.08656 0.03916 0.03552 0.04 0.007318 0.01321 0.01658
0.9233 10.28 42.04 22.68 8.644 22.34 4.573 1.653 1.682 0.3196 0.7266 0.6574 0.2346 0.06533 0.04587 0.02075 0.01882 0.0212 0.003878 0.01579
1.432 10.07 25.09 27.16 12.02 4.581 11.84 2.423 0.876 0.8911 0.1694 0.3851 0.3484 0.1243 0.03462 0.02431 0.011 0.009975 0.01123 0.01042
1.691 15.61 24.56 16.21 14.39 6.37 2.427 6.275 1.284 0.4642 0.4722 0.08976 0.2041 0.1846 0.0659 0.01835 0.01288 0.005828 0.005286 0.01148
2.227 18.44 38.08 15.86 8.588 7.626 3.376 1.286 3.325 0.6806 0.246 0.2503 0.04757 0.1081 0.09784 0.03492 0.009723 0.006827 0.003089 0.008883
1.058 24.28 44.98 24.6 8.406 4.551 4.041 1.789 0.6817 1.762 0.3607 0.1304 0.1326 0.02521 0.05731 0.05185 0.01851 0.005152 0.003618 0.006345
0.1659 11.54 59.25 29.05 13.04 4.455 2.412 2.142 0.948 0.3613 0.9339 0.1911 0.06909 0.07028 0.01336 0.03037 0.02748 0.009807 0.002731 0.00528
0.9534 1.809 28.15 38.27 15.4 6.908 2.361 1.278 1.135 0.5024 0.1915 0.4949 0.1013 0.03661 0.03724 0.007079 0.01609 0.01456 0.005197 0.004245
2.487 10.39 4.414 18.18 20.28 8.159 3.661 1.251 0.6773 0.6015 0.2662 0.1015 0.2623 0.05368 0.0194 0.01974 0.003752 0.008529 0.007716 0.005004
0.4138 27.11 25.36 2.851 9.636 10.75 4.324 1.94 0.663 0.3589 0.3187 0.1411 0.05377 0.139 0.02845 0.01028 0.01046 0.001988 0.00452 0.006741
0.9921 4.511 66.15 16.38 1.511 5.106 5.696 2.291 1.028 0.3513 0.1902 0.1689 0.07477 0.02849 0.07365 0.01507 0.005449 0.005543 0.001054 0.005968
0.2853 10.82 11.01 42.73 8.681 0.8007 2.706 3.018 1.214 0.5449 0.1862 0.1008 0.08952 0.03962 0.0151 0.03903 0.007989 0.002888 0.002937 0.003721
2.187 3.11 26.39 7.11 22.64 4.6 0.4243 1.434 1.6 0.6435 0.2887 0.09867 0.05342 0.04744 0.021 0.008002 0.02068 0.004233 0.00153 0.003529
0.8067 23.84 7.588 17.05 3.768 12 2.438 0.2249 0.7599 0.8476 0.341 0.153 0.05229 0.02831 0.02514 0.01113 0.004241 0.01096 0.002244 0.002681
2.923 8.795 58.17 4.901 9.033 1.997 6.359 1.292 0.1192 0.4027 0.4492 0.1807 0.08109 0.02771 0.015 0.01332 0.005897 0.002247 0.005809 0.00261
0.572 31.87 21.46 37.57 2.597 4.787 1.058 3.37 0.6846 0.06315 0.2134 0.238 0.09577 0.04297 0.01468 0.00795 0.00706 0.003125 0.001191 0.004461
0.8218 6.236 77.76 13.86 19.91 1.376 2.537 0.5607 1.786 0.3628 0.03347 0.1131 0.1262 0.05075 0.02277 0.007782 0.004213 0.003741 0.001656 0.002995
1.682 8.96 15.21 50.22 7.345 10.55 0.7294 1.344 0.2972 0.9464 0.1923 0.01774 0.05994 0.06685 0.0269 0.01207 0.004124 0.002233 0.001983 0.002465
0.9269 18.33 21.86 9.827 26.62 3.893 5.592 0.3866 0.7124 0.1575 0.5015 0.1019 0.009399 0.03176 0.03543 0.01425 0.006395 0.002186 0.001183 0.002357
0.8134 9.865 43.75 13.82 5.096 13.8 2.019 2.9 0.2005 0.3695 0.08167 0.2601 0.05284 0.004874 0.01647 0.01837 0.007392 0.003317 0.001133 0.001836
2.162 8.657 23.61 27.81 7.211 2.659 7.202 1.053 1.513 0.1046 0.1928 0.04262 0.1357 0.02757 0.002543 0.008595 0.009587 0.003857 0.001731 0.00155
1.28 23.01 20.77 15.09 14.6 3.786 1.396 3.782 0.5531 0.7945 0.05493 0.1012 0.02238 0.07126 0.01448 0.001335 0.004513 0.005034 0.002025 0.001722
1.136 13.63 55.37 13.35 7.972 7.715 2 0.7377 1.998 0.2922 0.4198 0.02902 0.05348 0.01182 0.03765 0.007649 0.0007056 0.002384 0.00266 0.00198
1.05 12.09 32.88 35.79 7.098 4.238 4.101 1.063 0.3922 1.062 0.1553 0.2231 0.01543 0.02843 0.006284 0.02001 0.004066 0.0003751 0.001268 0.002466
1.057 11.17 29.25 21.37 19.14 3.796 2.267 2.194 0.5687 0.2097 0.5681 0.08308 0.1193 0.00825 0.01521 0.003361 0.0107 0.002175 0.0002006 0.001997
1.667 11.25 27.1 19.11 11.5 10.3 2.043 1.22 1.18 0.306 0.1129 0.3057 0.0447 0.06422 0.004439 0.008182 0.001809 0.00576 0.00117 0.001183
0.5749 17.74 27.36 17.8 10.35 6.223 5.575 1.106 0.6602 0.6389 0.1656 0.06109 0.1655 0.0242 0.03476 0.002403 0.004429 0.000979 0.003118 0.001274
1.63 6.117 43.24 18.07 9.693 5.633 3.389 3.036 0.6021 0.3595 0.3479 0.0902 0.03327 0.0901 0.01318 0.01893 0.001309 0.002412 0.0005331 0.002391
0.4334 17.34 14.94 28.71 9.896 5.309 3.086 1.856 1.663 0.3298 0.1969 0.1906 0.04941 0.01822 0.04935 0.007218 0.01037 0.0007168 0.001321 0.001602
2.403 4.608 42.46 9.974 15.82 5.452 2.925 1.7 1.023 0.9162 0.1817 0.1085 0.105 0.02722 0.01004 0.02719 0.003977 0.005713 0.0003949 0.00161
0.5875 25.54 11.31 28.48 5.527 8.766 3.021 1.621 0.9421 0.5667 0.5077 0.1007 0.06012 0.05818 0.01508 0.005563 0.01507 0.002204 0.003166 0.001111
3.247 6.242 62.82 7.626 15.87 3.08 4.885 1.684 0.9033 0.525 0.3158 0.2829 0.05612 0.0335 0.03242 0.008406 0.0031 0.008397 0.001228 0.002383
1.38 34.48 15.39 42.56 4.274 8.895 1.726 2.738 0.9436 0.5062 0.2942 0.177 0.1586 0.03145 0.01878 0.01817 0.004711 0.001737 0.004706 0.002024
0.9863 14.64 85.17 10.48 23.98 2.408 5.012 0.9726 1.543 0.5317 0.2853 0.1658 0.09973 0.08935 0.01772 0.01058 0.01024 0.002655 0.0009791 0.003792
0.4052 10.46 36.23 58.27 5.935 13.59 1.364 2.84 0.551 0.8739 0.3012 0.1616 0.09393 0.0565 0.05062 0.01004 0.005994 0.005801 0.001504 0.002703
0.5675 4.293 25.93 24.9 33.19 3.38 7.739 0.777 1.617 0.3138 0.4977 0.1716 0.09204 0.05349 0.03218 0.02883 0.005718 0.003414 0.003304 0.002396
2.668 6.005 10.66 17.9 14.26 19 1.935 4.43 0.4448 0.9258 0.1796 0.2849 0.09821 0.05269 0.03062 0.01842 0.0165 0.003273 0.001954 0.003263
0.7998 28.2 14.94 7.393 10.3 8.201 10.93 1.113 2.548 0.2559 0.5326 0.1033 0.1639 0.0565 0.03031 0.01762 0.0106 0.009494 0.001883 0.003001
