 landings-at-age - landings.n (units : NA )
1	2	
2	100	
1	20	
1 
0.02659 0.2984 0.8352 0.6934 0.4839 0.3377 0.2357 0.1644 0.1148 0.08008 0.05589 0.039 0.02722 0.01899 0.01325 0.009249 0.006454 0.004504 0.003143 0.007259
0.007737 0.05216 0.1462 0.1214 0.08475 0.05914 0.04127 0.0288 0.0201 0.01403 0.009787 0.00683 0.004766 0.003326 0.002321 0.00162 0.00113 0.0007888 0.0005504 0.001271
0.005515 0.08687 0.1464 0.1219 0.08515 0.05942 0.04147 0.02894 0.02019 0.01409 0.009834 0.006862 0.004789 0.003342 0.002332 0.001627 0.001136 0.0007925 0.000553 0.001277
0.005308 0.06192 0.2438 0.122 0.08549 0.0597 0.04166 0.02907 0.02029 0.01416 0.00988 0.006895 0.004811 0.003358 0.002343 0.001635 0.001141 0.0007963 0.0005557 0.001283
0.005944 0.0596 0.1737 0.2033 0.08557 0.05994 0.04186 0.02921 0.02038 0.01423 0.009927 0.006927 0.004834 0.003374 0.002354 0.001643 0.001146 8e-04 0.0005583 0.001289
0.008569 0.06674 0.1672 0.1449 0.1425 0.06 0.04203 0.02935 0.02048 0.01429 0.009974 0.00696 0.004857 0.00339 0.002365 0.001651 0.001152 0.0008038 0.0005609 0.001295
0.004279 0.09622 0.1873 0.1395 0.1016 0.09992 0.04207 0.02947 0.02058 0.01436 0.01002 0.006993 0.00488 0.003406 0.002377 0.001658 0.001157 0.0008076 0.0005636 0.001302
0.004504 0.04805 0.27 0.1562 0.09778 0.07123 0.07006 0.0295 0.02066 0.01443 0.01007 0.007026 0.004903 0.003422 0.002388 0.001666 0.001163 0.0008114 0.0005663 0.001308
0.005645 0.05057 0.1348 0.2251 0.1095 0.06856 0.04994 0.04912 0.02068 0.01449 0.01012 0.00706 0.004926 0.003438 0.002399 0.001674 0.001168 0.0008153 0.0005689 0.001314
0.002897 0.06339 0.1419 0.1124 0.1579 0.07677 0.04807 0.03501 0.03444 0.0145 0.01016 0.007093 0.00495 0.003454 0.00241 0.001682 0.001174 0.0008191 0.0005716 0.00132
0.007369 0.03253 0.1779 0.1183 0.07882 0.1107 0.05383 0.0337 0.02455 0.02415 0.01017 0.007121 0.004973 0.003471 0.002422 0.00169 0.001179 0.000823 0.0005743 0.001326
0.003527 0.08274 0.09127 0.1483 0.08296 0.05527 0.0776 0.03774 0.02363 0.01721 0.01693 0.007128 0.004993 0.003487 0.002433 0.001698 0.001185 0.0008269 0.0005771 0.001333
0.006364 0.03961 0.2322 0.07611 0.104 0.05817 0.03875 0.05441 0.02646 0.01657 0.01207 0.01187 0.004998 0.003501 0.002445 0.001706 0.001191 0.0008308 0.0005798 0.001339
0.004914 0.07145 0.1111 0.1936 0.05336 0.07291 0.04078 0.02717 0.03815 0.01855 0.01162 0.008462 0.008324 0.003504 0.002455 0.001714 0.001196 0.0008348 0.0005825 0.001345
0.006568 0.05518 0.2005 0.09267 0.1357 0.03741 0.05112 0.0286 0.01905 0.02675 0.01301 0.008145 0.005933 0.005836 0.002457 0.001721 0.001202 0.0008387 0.0005853 0.001352
0.003899 0.07375 0.1548 0.1672 0.06498 0.09517 0.02623 0.03584 0.02005 0.01336 0.01875 0.009121 0.005711 0.00416 0.004092 0.001723 0.001207 0.0008427 0.0005881 0.001358
0.003821 0.04378 0.2069 0.1291 0.1172 0.04556 0.06673 0.01839 0.02513 0.01406 0.009365 0.01315 0.006395 0.004004 0.002917 0.002869 0.001208 0.000846 0.0005908 0.001365
0.004065 0.0429 0.1228 0.1726 0.09052 0.08219 0.03194 0.04679 0.0129 0.01762 0.009857 0.006566 0.00922 0.004484 0.002808 0.002045 0.002012 0.0008469 0.0005932 0.001371
0.009771 0.04564 0.1204 0.1024 0.121 0.06347 0.05763 0.0224 0.0328 0.009042 0.01236 0.006911 0.004604 0.006464 0.003144 0.001968 0.001434 0.00141 0.0005938 0.001377
0.004821 0.1097 0.1281 0.1004 0.07182 0.08483 0.0445 0.0404 0.0157 0.023 0.00634 0.008663 0.004846 0.003228 0.004532 0.002204 0.00138 0.001005 0.0009889 0.001382
0.002747 0.05413 0.3078 0.1068 0.07038 0.05036 0.05948 0.0312 0.02833 0.01101 0.01613 0.004445 0.006074 0.003397 0.002263 0.003178 0.001545 0.0009677 0.0007049 0.001662
0.003935 0.03085 0.1519 0.2567 0.07487 0.04935 0.03531 0.0417 0.02188 0.01986 0.00772 0.01131 0.003117 0.004259 0.002382 0.001587 0.002228 0.001084 0.0006785 0.00166
0.006721 0.04419 0.08656 0.1267 0.18 0.0525 0.0346 0.02476 0.02924 0.01534 0.01393 0.005413 0.007928 0.002185 0.002986 0.00167 0.001113 0.001562 0.0007597 0.001639
0.006664 0.07546 0.124 0.07218 0.0888 0.1262 0.03681 0.02426 0.01736 0.0205 0.01075 0.009765 0.003795 0.005559 0.001532 0.002094 0.001171 0.0007801 0.001095 0.001682
0.003426 0.07482 0.2118 0.1034 0.05061 0.06227 0.08848 0.02581 0.01701 0.01217 0.01437 0.00754 0.006846 0.002661 0.003897 0.001074 0.001468 0.0008211 0.000547 0.001947
0.00408 0.03846 0.21 0.1766 0.07249 0.03548 0.04366 0.06204 0.0181 0.01193 0.008533 0.01008 0.005287 0.0048 0.001866 0.002733 0.0007532 0.001029 0.0005757 0.001749
0.003454 0.04582 0.1079 0.1751 0.1238 0.05083 0.02488 0.03061 0.0435 0.01269 0.008362 0.005983 0.007067 0.003707 0.003366 0.001308 0.001916 0.0005281 0.0007216 0.00163
0.00439 0.03879 0.1286 0.09 0.1228 0.0868 0.03564 0.01744 0.02146 0.0305 0.008896 0.005863 0.004195 0.004955 0.002599 0.00236 0.0009171 0.001343 0.0003703 0.001649
0.004418 0.0493 0.1088 0.1072 0.0631 0.08607 0.06086 0.02499 0.01223 0.01505 0.02138 0.006237 0.004111 0.002941 0.003474 0.001822 0.001655 0.000643 0.0009419 0.001416
0.005151 0.04961 0.1383 0.09075 0.07516 0.04424 0.06035 0.04267 0.01752 0.008576 0.01055 0.01499 0.004373 0.002882 0.002062 0.002436 0.001278 0.00116 0.0004509 0.001653
0.004267 0.05783 0.1392 0.1153 0.06363 0.0527 0.03102 0.04231 0.02992 0.01228 0.006013 0.007398 0.01051 0.003066 0.002021 0.001446 0.001708 0.0008958 0.0008134 0.001475
0.003534 0.04791 0.1623 0.1161 0.08087 0.04461 0.03695 0.02175 0.02967 0.02098 0.008613 0.004216 0.005187 0.00737 0.00215 0.001417 0.001014 0.001197 0.0006281 0.001605
0.005043 0.03968 0.1344 0.1353 0.08138 0.0567 0.03128 0.02591 0.01525 0.0208 0.01471 0.006039 0.002956 0.003637 0.005168 0.001507 0.0009935 0.0007108 0.0008395 0.001565
0.003087 0.05663 0.1114 0.1121 0.09488 0.05706 0.03976 0.02193 0.01816 0.01069 0.01458 0.01031 0.004234 0.002073 0.00255 0.003623 0.001057 0.0006966 0.0004984 0.001686
0.007142 0.03466 0.1589 0.09285 0.0786 0.06653 0.04001 0.02788 0.01538 0.01274 0.007497 0.01023 0.007231 0.002969 0.001453 0.001788 0.00254 0.000741 0.0004884 0.001532
0.005161 0.0802 0.09725 0.1325 0.0651 0.05511 0.04664 0.02805 0.01954 0.01078 0.00893 0.005257 0.00717 0.00507 0.002081 0.001019 0.001253 0.001781 0.0005195 0.001416
0.005901 0.05795 0.225 0.08109 0.0929 0.04565 0.03864 0.0327 0.01967 0.0137 0.00756 0.006261 0.003686 0.005027 0.003555 0.001459 0.0007144 0.0008789 0.001249 0.001357
0.003037 0.06626 0.1626 0.1877 0.05686 0.06514 0.032 0.02709 0.02293 0.01379 0.009608 0.0053 0.00439 0.002584 0.003525 0.002492 0.001023 0.0005009 0.0006162 0.001827
0.005167 0.0341 0.1859 0.1356 0.1316 0.03987 0.04567 0.02244 0.01899 0.01608 0.009669 0.006737 0.003716 0.003078 0.001812 0.002471 0.001747 0.0007174 0.0003512 0.001713
1.601 14.95 22.85 36.32 22.27 21.61 6.548 7.502 3.686 3.12 2.641 1.588 1.107 0.6105 0.5056 0.2976 0.4059 0.287 0.1178 0.3391
1.454 16.46 34.78 14.18 18.53 11.36 11.03 3.341 3.827 1.88 1.592 1.347 0.8102 0.5645 0.3114 0.2579 0.1518 0.2071 0.1464 0.2331
1.852 17.76 45.18 25.56 8.577 11.2 6.87 6.667 2.02 2.314 1.137 0.9625 0.8147 0.4899 0.3414 0.1883 0.156 0.09181 0.1252 0.2295
1.475 18.29 39.6 26.75 12.42 4.167 5.443 3.338 3.239 0.9814 1.124 0.5524 0.4676 0.3958 0.238 0.1658 0.09149 0.07577 0.0446 0.1723
0.5533 15.76 44.3 25.71 14.29 6.634 2.226 2.908 1.783 1.73 0.5243 0.6006 0.2951 0.2498 0.2114 0.1272 0.0886 0.04888 0.04048 0.1159
0.6367 6.285 40.51 30.57 14.61 8.118 3.769 1.265 1.652 1.013 0.983 0.2978 0.3412 0.1677 0.1419 0.1201 0.07224 0.05033 0.02777 0.08884
2.228 6.937 15.48 26.71 16.58 7.92 4.401 2.043 0.6857 0.8957 0.5492 0.5329 0.1615 0.185 0.0909 0.07694 0.06513 0.03917 0.02729 0.06322
0.7646 25.38 17.81 10.63 15.09 9.363 4.474 2.486 1.154 0.3873 0.5059 0.3102 0.301 0.09121 0.1045 0.05134 0.04346 0.03679 0.02212 0.05112
0.8846 7.609 57.26 10.73 5.262 7.465 4.633 2.214 1.23 0.5711 0.1917 0.2504 0.1535 0.149 0.04514 0.05171 0.02541 0.02151 0.0182 0.03625
0.8118 11.09 21.46 43.37 6.69 3.282 4.656 2.89 1.381 0.7673 0.3562 0.1195 0.1561 0.09574 0.09291 0.02815 0.03225 0.01585 0.01341 0.03396
0.5972 8.472 26.03 13.37 22.17 3.421 1.678 2.381 1.478 0.706 0.3923 0.1821 0.06112 0.07984 0.04896 0.04751 0.01439 0.01649 0.008103 0.02422
0.5939 6.739 21.48 17.58 7.419 12.3 1.898 0.9311 1.321 0.8198 0.3917 0.2177 0.1011 0.03391 0.0443 0.02716 0.02636 0.007987 0.009149 0.01794
0.8699 6.184 15.81 13.39 8.996 3.797 6.296 0.9712 0.4765 0.676 0.4195 0.2005 0.1114 0.05172 0.01735 0.02267 0.0139 0.01349 0.004087 0.01386
0.8194 9.185 14.76 10.08 7.018 4.716 1.99 3.301 0.5091 0.2498 0.3543 0.2199 0.1051 0.0584 0.02711 0.009097 0.01188 0.007287 0.007071 0.009409
0.4359 9.223 23.35 10.05 5.646 3.931 2.641 1.115 1.849 0.2852 0.1399 0.1985 0.1232 0.05885 0.03271 0.01518 0.005095 0.006656 0.004081 0.00923
0.9084 4.873 23.23 15.7 5.556 3.121 2.173 1.46 0.6161 1.022 0.1576 0.07732 0.1097 0.06808 0.03253 0.01808 0.008393 0.002816 0.003679 0.007358
0.4219 9.205 11.18 14.22 7.895 2.794 1.569 1.092 0.7341 0.3098 0.5137 0.07925 0.03888 0.05516 0.03423 0.01636 0.00909 0.00422 0.001416 0.005549
0.5604 5.192 25.47 8.29 8.677 4.819 1.705 0.9578 0.6668 0.4481 0.1891 0.3136 0.04837 0.02373 0.03367 0.0209 0.009984 0.005548 0.002576 0.004252
0.457 5.608 11.72 15.27 4.078 4.268 2.37 0.8388 0.4711 0.328 0.2204 0.09301 0.1543 0.02379 0.01167 0.01656 0.01028 0.004911 0.002729 0.003358
0.5409 4.929 13.69 7.662 8.208 2.192 2.295 1.274 0.451 0.2533 0.1763 0.1185 0.05001 0.08293 0.01279 0.006276 0.008903 0.005526 0.00264 0.003273
0.5199 6.533 13.38 9.944 4.579 4.905 1.31 1.371 0.7615 0.2695 0.1514 0.1054 0.07081 0.02988 0.04956 0.007645 0.00375 0.00532 0.003302 0.003534
0.3104 5.625 15.85 8.605 5.249 2.417 2.589 0.6916 0.7239 0.402 0.1423 0.0799 0.05563 0.03738 0.01578 0.02616 0.004036 0.00198 0.002809 0.003609
0.4289 3.432 13.94 10.42 4.643 2.832 1.304 1.397 0.3731 0.3905 0.2169 0.07675 0.04311 0.03001 0.02017 0.008511 0.01411 0.002177 0.001068 0.003462
0.3691 4.246 7.666 8.261 5.067 2.258 1.378 0.6343 0.6795 0.1815 0.19 0.1055 0.03734 0.02097 0.0146 0.00981 0.00414 0.006866 0.001059 0.002204
0.2533 4.152 10.78 5.213 4.62 2.834 1.263 0.7705 0.3548 0.38 0.1015 0.1063 0.05901 0.02088 0.01173 0.008165 0.005487 0.002316 0.00384 0.001825
0.282 2.743 10.15 7.041 2.798 2.48 1.521 0.6779 0.4135 0.1904 0.204 0.05449 0.05703 0.03167 0.01121 0.006295 0.004382 0.002945 0.001243 0.003041
0.4313 3.113 6.832 6.757 3.854 1.531 1.357 0.8325 0.371 0.2263 0.1042 0.1116 0.02982 0.03121 0.01733 0.006134 0.003445 0.002398 0.001612 0.002344
0.2008 4.431 7.247 4.251 3.456 1.971 0.7831 0.6941 0.4258 0.1898 0.1158 0.0533 0.05709 0.01525 0.01596 0.008865 0.003137 0.001762 0.001227 0.002023
0.2731 2.462 12.23 5.364 2.59 2.105 1.201 0.4771 0.4229 0.2594 0.1156 0.07053 0.03247 0.03479 0.009292 0.009726 0.005401 0.001911 0.001074 0.00198
0.3269 2.822 5.731 7.562 2.723 1.315 1.069 0.6096 0.2422 0.2147 0.1317 0.0587 0.03581 0.01649 0.01766 0.004718 0.004938 0.002742 0.0009705 0.00155
0.3045 3.319 6.499 3.529 3.828 1.379 0.6656 0.5411 0.3086 0.1226 0.1087 0.06667 0.02971 0.01812 0.008345 0.00894 0.002388 0.002499 0.001388 0.001276
0.3591 3.571 8.802 4.634 2.072 2.247 0.8094 0.3908 0.3177 0.1812 0.072 0.06381 0.03914 0.01745 0.01064 0.0049 0.005249 0.001402 0.001468 0.001564
0.1717 3.883 8.722 5.746 2.487 1.112 1.206 0.4344 0.2097 0.1705 0.09724 0.03864 0.03425 0.02101 0.009362 0.005711 0.00263 0.002817 0.0007525 0.001627
0.4106 1.972 10.04 6.028 3.266 1.413 0.632 0.6855 0.2469 0.1192 0.0969 0.05526 0.02196 0.01946 0.01194 0.005321 0.003246 0.001495 0.001601 0.001352
0.3765 4.295 4.654 6.307 3.11 1.685 0.7293 0.3261 0.3537 0.1274 0.0615 0.05 0.02851 0.01133 0.01004 0.00616 0.002745 0.001675 0.0007712 0.001524
0.2425 3.918 10.13 2.937 3.273 1.614 0.8743 0.3784 0.1692 0.1835 0.06609 0.03191 0.02594 0.01479 0.005879 0.005211 0.003196 0.001425 0.000869 0.001191
0.2307 2.708 9.914 6.886 1.643 1.831 0.903 0.4892 0.2117 0.09468 0.1027 0.03698 0.01786 0.01452 0.008278 0.00329 0.002916 0.001788 0.0007971 0.001153
0.2459 2.754 7.274 7.13 4.075 0.9723 1.084 0.5343 0.2895 0.1253 0.05602 0.06076 0.02188 0.01057 0.008589 0.004898 0.001946 0.001725 0.001058 0.001154
0.173 2.46 6.225 4.372 3.519 2.011 0.4799 0.5347 0.2637 0.1429 0.06183 0.02765 0.02998 0.0108 0.005214 0.004239 0.002417 0.0009606 0.0008514 0.001092
0.2212 1.968 6.32 4.285 2.476 1.993 1.139 0.2718 0.3029 0.1494 0.08091 0.03502 0.01566 0.01698 0.006117 0.002953 0.002401 0.001369 0.0005441 0.001101
0.1777 2.577 5.147 4.407 2.456 1.419 1.142 0.6528 0.1558 0.1736 0.0856 0.04637 0.02007 0.008975 0.009734 0.003506 0.001693 0.001376 0.0007847 0.0009426
0.1571 1.75 5.73 3.038 2.135 1.19 0.6876 0.5534 0.3162 0.07546 0.08409 0.04147 0.02246 0.009723 0.004348 0.004715 0.001698 0.0008199 0.0006666 0.0008368
0.1663 1.776 4.469 3.92 1.71 1.201 0.6696 0.387 0.3114 0.178 0.04247 0.04732 0.02334 0.01264 0.005472 0.002447 0.002654 0.0009558 0.0004615 0.0008461
0.1739 1.785 4.307 2.895 2.088 0.9107 0.6399 0.3566 0.2061 0.1659 0.09478 0.02262 0.0252 0.01243 0.006733 0.002914 0.001303 0.001413 0.000509 0.0006964
0.1523 1.946 4.508 2.91 1.609 1.16 0.5061 0.3556 0.1982 0.1145 0.09217 0.05267 0.01257 0.01401 0.006907 0.003742 0.00162 0.0007242 0.0007855 0.0006699
0.1062 1.559 4.513 2.794 1.483 0.8198 0.591 0.2578 0.1812 0.101 0.05835 0.04696 0.02683 0.006404 0.007136 0.003519 0.001906 0.0008251 0.0003689 0.0007414
0.06311 1.194 3.97 3.088 1.574 0.8352 0.4618 0.3329 0.1452 0.1021 0.05688 0.03287 0.02645 0.01512 0.003607 0.00402 0.001982 0.001074 0.0004648 0.0006255
0.1447 0.7315 3.119 2.778 1.778 0.9062 0.4808 0.2659 0.1917 0.08362 0.05875 0.03274 0.01892 0.01523 0.008703 0.002077 0.002314 0.001141 0.0006182 0.0006277
0.1187 1.611 1.83 2.078 1.52 0.9729 0.4959 0.2631 0.1455 0.1049 0.04576 0.03215 0.01792 0.01035 0.008333 0.004762 0.001136 0.001266 0.0006245 0.0006818
0.1277 1.309 3.988 1.204 1.122 0.8213 0.5256 0.2679 0.1421 0.07859 0.05666 0.02472 0.01737 0.009679 0.005594 0.004502 0.002573 0.0006139 0.0006841 0.0007057
0.1278 1.247 2.894 2.344 0.5809 0.5415 0.3963 0.2536 0.1292 0.06858 0.03792 0.02734 0.01193 0.00838 0.00467 0.002699 0.002172 0.001241 0.0002962 0.0006706
0.1045 1.569 3.446 2.144 1.43 0.3543 0.3303 0.2417 0.1547 0.07883 0.04183 0.02313 0.01667 0.007274 0.005111 0.002848 0.001646 0.001325 0.0007571 0.0005897
0.08346 1.108 3.742 2.181 1.114 0.7427 0.184 0.1716 0.1255 0.08034 0.04095 0.02173 0.01201 0.008662 0.003779 0.002655 0.00148 0.0008551 0.0006882 0.0006996
0.05656 0.9248 2.759 2.478 1.187 0.606 0.4041 0.1001 0.09335 0.06831 0.04371 0.02228 0.01182 0.006537 0.004713 0.002056 0.001445 0.0008051 0.0004653 0.0007551
0.04694 0.5693 2.103 1.67 1.231 0.5895 0.3011 0.2008 0.04975 0.04638 0.03394 0.02172 0.01107 0.005874 0.003248 0.002341 0.001021 0.0007177 4e-04 0.0006063
0.05795 0.5091 1.399 1.386 0.9052 0.6676 0.3196 0.1632 0.1088 0.02697 0.02514 0.0184 0.01177 0.006002 0.003185 0.001761 0.001269 0.0005538 0.0003891 0.0005456
0.08693 0.6665 1.322 0.9741 0.794 0.5186 0.3824 0.1831 0.09352 0.06236 0.01545 0.0144 0.01054 0.006746 0.003438 0.001824 0.001009 0.0007272 0.0003172 0.0005355
0.08759 0.9763 1.684 0.8912 0.5396 0.4398 0.2873 0.2119 0.1014 0.0518 0.03454 0.008559 0.007979 0.005839 0.003737 0.001905 0.001011 0.0005587 0.0004029 0.0004724
0.0689 0.9043 2.276 1.045 0.4544 0.2751 0.2242 0.1465 0.108 0.05171 0.02641 0.01761 0.004364 0.004068 0.002977 0.001905 0.000971 0.0005152 0.0002849 0.0004462
0.05021 0.8209 2.421 1.628 0.6151 0.2673 0.1619 0.1319 0.08617 0.06355 0.03042 0.01554 0.01036 0.002567 0.002393 0.001751 0.001121 0.0005713 0.0003031 0.0004301
