Originally  
101 
A 
2	100	
1	1	NA	NA	
1	20	
1 400.1 416.2 272.1 48.02 176.1 96.04 96.04 16.01 16.01 16.01 0 16.01 16.01 0 16.01 0 0 0 0 0
1 257.3 289.4 273.3 225.1 160.8 112.5 112.5 48.23 32.16 16.08 32.16 0 0 16.08 16.08 0 0 16.08 0 0
1 283.5 153.5 271.6 200.8 106.3 47.24 23.62 35.43 35.43 11.81 11.81 0 0 0 0 0 0 0 0 0
1 240.2 104.1 64.06 112.1 120.1 48.05 56.05 24.02 8.008 8.008 0 8.008 0 8.008 0 0 0 0 0 0
1 272.2 150.2 93.85 46.92 93.85 93.85 65.69 18.77 46.92 18.77 28.15 0 0 9.385 0 0 0 0 0 0
1 238.8 301.6 150.8 113.1 87.96 150.8 62.83 50.26 62.83 0 12.57 0 12.57 0 0 0 0 0 0 12.57
1 184 167.2 83.62 83.62 66.89 91.98 50.17 25.08 33.45 16.72 16.72 0 8.362 0 0 0 0 8.362 0 0
1 142.6 71.29 44.56 40.1 57.92 13.37 13.37 8.912 22.28 4.456 13.37 4.456 0 4.456 4.456 0 0 0 0 0
1 237.7 156 111.4 44.57 37.15 29.72 22.29 7.429 7.429 37.15 0 14.86 14.86 0 7.429 0 7.429 0 0 7.429
1 183.7 134.7 97.95 61.22 36.73 42.85 12.24 6.122 0 6.122 0 12.24 6.122 0 12.24 0 0 0 0 0
1 161.1 103.5 126.6 69.03 34.52 23.01 5.753 5.753 5.753 5.753 5.753 0 23.01 0 0 0 5.753 0 0 0
1 339.2 306.3 153.2 109.4 76.59 43.76 10.94 10.94 21.88 10.94 0 0 0 0 10.94 0 0 0 0 0
1 320.3 188.4 141.3 84.79 37.69 37.69 56.53 18.84 28.26 9.422 0 9.422 0 0 0 0 0 0 0 9.422
1 231.1 191.3 111.6 103.6 31.88 0 15.94 31.88 23.91 0 7.969 0 7.969 0 7.969 15.94 0 7.969 7.969 0
1 268.4 167.7 134.2 92.25 50.32 41.93 41.93 0 8.387 8.387 0 0 0 0 16.77 0 0 0 0 8.387
1 462.3 203 191.7 90.21 67.66 22.55 0 33.83 11.28 11.28 0 22.55 0 0 0 11.28 0 0 0 0
1 434.9 258.6 129.3 117.5 105.8 35.26 47.02 0 11.75 0 11.75 11.75 0 0 11.75 0 0 0 0 0
1 281 199.4 190.4 72.52 63.45 36.26 27.19 9.065 0 9.065 0 0 0 18.13 0 0 0 0 0 0
1 398.1 241.3 217.1 132.7 72.38 48.25 12.06 12.06 36.19 0 0 0 24.13 0 0 12.06 0 0 0 0
1 234.9 244.3 187.9 75.16 37.58 56.37 18.79 28.18 9.395 18.79 9.395 0 0 0 0 0 9.395 9.395 0 0
1 489 230.9 176.6 176.6 81.5 40.75 67.92 27.17 13.58 0 27.17 13.58 0 0 0 0 0 0 0 13.58
1 343.7 261.2 302.5 123.7 151.2 54.99 54.99 54.99 13.75 0 0 0 0 0 13.75 0 0 0 0 0
1 421.5 148.1 216.4 91.12 91.12 113.9 34.17 0 11.39 0 0 11.39 0 0 0 0 0 0 0 0
1 568.2 235.6 221.7 69.29 138.6 13.86 69.29 13.86 0 27.72 13.86 0 0 13.86 0 0 0 0 0 0
1 511.2 346.3 280.3 181.4 131.9 82.46 32.98 32.98 16.49 0 0 16.49 0 0 16.49 0 0 0 0 0
1 391.2 208.6 339 91.27 130.4 52.16 13.04 13.04 26.08 13.04 13.04 13.04 0 0 0 0 0 0 0 0
1 522.1 424.2 195.8 163.1 97.89 97.89 32.63 16.31 32.63 0 16.31 0 32.63 0 0 0 0 0 0 0
1 383.2 298 127.7 227.1 85.15 141.9 85.15 28.38 0 0 28.38 14.19 0 0 0 0 0 0 0 0
1 461.6 342.9 131.9 105.5 65.94 26.38 52.75 52.75 26.38 26.38 13.19 13.19 0 0 0 0 0 0 0 0
1 391.4 377.4 223.7 55.92 83.88 27.96 69.9 55.92 27.96 41.94 13.98 0 13.98 0 0 0 0 13.98 0 0
1 408.8 350.4 233.6 146 131.4 72.99 29.2 14.6 43.79 0 0 14.6 0 0 0 0 14.6 0 0 0
1 402 435.5 251.3 117.3 167.5 67 100.5 50.25 16.75 33.5 16.75 0 16.75 0 0 0 0 0 0 0
1 623.9 472.7 245.8 226.9 56.72 113.4 56.72 18.91 37.81 0 18.91 0 0 0 0 0 0 0 18.91 0
1 446.1 209.1 223.1 181.2 125.5 41.83 69.71 0 41.83 13.94 27.88 13.94 0 0 0 0 0 0 0 0
1 570.4 375.3 255.2 105.1 75.05 90.06 0 0 0 15.01 0 0 0 15.01 0 0 0 0 0 0
1 586.2 234.5 219.8 117.2 146.6 58.62 29.31 43.97 14.66 14.66 0 0 0 0 0 0 0 0 0 0
1 498.9 460.5 307 191.9 172.7 57.56 38.37 76.75 19.19 38.37 19.19 19.19 19.19 0 0 0 0 0 0 0
1 552.1 456.9 323.6 152.3 95.18 38.07 95.18 76.15 38.07 19.04 0 0 0 19.04 19.04 0 0 0 0 19.04
1 730.7 269.2 211.5 230.8 173.1 0 38.46 96.15 96.15 19.23 0 38.46 0 0 0 19.23 0 0 0 0
1 487.5 452.7 208.9 191.5 156.7 87.06 52.24 34.82 52.24 0 0 17.41 0 0 0 0 0 0 0 0
1 443.6 494.8 290 102.4 119.4 85.3 102.4 17.06 34.12 0 17.06 0 0 0 0 0 0 0 0 0
1 844.1 288.2 185.3 350 144.1 41.18 41.18 61.77 20.59 20.59 20.59 41.18 0 0 0 0 0 0 0 0
1 448.4 448.4 176.7 81.53 67.95 67.95 13.59 13.59 27.18 0 13.59 0 0 0 0 0 0 0 0 0
1 576.8 458 288.4 169.6 50.89 50.89 16.96 16.96 16.96 16.96 0 0 0 16.96 16.96 0 0 0 0 0
1 415.7 388 235.6 166.3 97 55.43 13.86 0 0 0 13.86 0 0 0 0 0 0 0 0 0
1 534.8 414 293.3 138 138 103.5 51.76 0 17.25 0 17.25 0 17.25 0 0 0 0 0 0 0
1 548.1 568.4 365.4 345.1 60.9 40.6 20.3 60.9 0 0 0 0 0 0 20.3 0 0 0 0 0
1 289.5 289.5 206.8 103.4 93.04 20.68 10.34 20.68 0 0 0 0 0 0 0 0 0 0 0 0
1 485.2 242.6 150.2 69.31 80.86 46.2 11.55 11.55 11.55 11.55 23.1 0 11.55 0 0 0 0 0 0 0
1 420.8 264.5 240.5 96.19 108.2 36.07 36.07 0 0 0 0 0 0 0 0 0 0 0 0 0
1 280.5 255.7 156.7 49.49 49.49 24.75 8.249 0 0 0 0 0 0 0 0 0 0 0 0 0
1 377.8 280.7 215.9 75.56 32.38 32.38 21.59 0 0 21.59 10.79 0 10.79 0 0 0 0 0 0 0
1 318.6 281.9 257.3 171.6 110.3 36.76 12.25 12.25 24.51 0 0 0 0 0 0 0 0 0 0 0
1 358.3 380 76 173.7 43.43 21.71 10.86 10.86 0 10.86 0 0 0 0 0 0 0 0 0 0
1 242.4 169.6 145.4 113.1 48.47 32.31 16.16 16.16 8.079 16.16 0 0 0 0 0 0 0 0 0 0
1 406.2 291.6 208.3 62.49 31.24 10.41 0 10.41 10.41 0 10.41 0 0 0 0 0 0 0 0 0
1 324.3 245.7 196.6 88.45 58.97 19.66 19.66 19.66 0 0 9.828 0 0 0 0 0 0 0 0 0
1 280.4 143.6 102.6 47.88 61.56 20.52 13.68 0 6.84 6.84 0 0 0 0 0 0 0 0 0 0
1 179.9 109 76.33 70.88 43.62 32.71 5.452 5.452 5.452 5.452 10.9 0 0 0 0 0 0 0 0 0
1 248 157.8 172.9 60.13 52.61 7.516 45.1 0 0 0 7.516 0 0 0 0 0 0 0 0 0
1 261.7 261.7 153.4 63.16 54.14 63.16 36.09 9.023 0 0 0 0 0 0 0 0 0 0 0 0
1 215.1 164.5 107.6 63.27 37.96 25.31 12.65 6.327 0 0 0 0 0 0 0 0 0 0 0 0
1 174.5 142.2 181 77.57 12.93 45.25 6.465 0 0 6.465 0 0 0 0 0 0 0 0 0 0
1 140.1 134.7 107.8 64.66 26.94 21.55 21.55 0 10.78 5.389 5.389 0 0 0 0 0 0 0 0 0
1 168 120.8 94.5 47.25 47.25 31.5 0 5.25 10.5 0 0 0 0 0 0 0 0 0 0 0
1 157.2 133.3 57.15 57.15 19.05 23.81 14.29 4.762 9.525 0 0 0 0 0 0 0 0 0 0 0
1 173.7 156.3 104.2 69.48 40.53 17.37 11.58 0 0 0 5.79 0 0 0 0 0 0 0 0 0
1 153.3 105.4 52.69 76.64 43.11 14.37 0 4.79 14.37 4.79 9.58 0 0 0 0 0 0 0 0 0
1 139.4 115.5 67.7 31.86 19.91 15.93 0 7.964 0 0 0 0 0 0 0 0 0 0 0 0
1 105.1 93.86 67.58 33.79 26.28 26.28 18.77 3.754 0 0 0 0 0 0 0 0 0 0 0 0
1 132.6 100.6 96.03 50.3 27.44 22.86 9.146 9.146 9.146 0 0 0 0 0 0 0 0 0 0 0
1 138.1 98.62 74.95 35.5 15.78 19.72 7.89 0 0 0 3.945 0 0 0 0 0 0 0 0 0
1 136.5 79.27 114.5 70.46 22.02 0 8.807 4.404 0 4.404 0 0 0 0 0 0 0 0 0 0
1 120.6 73.69 63.64 26.8 16.75 13.4 3.349 6.699 0 6.699 3.349 0 0 0 0 0 0 0 0 0
1 132.6 127.9 71.04 47.36 33.15 18.95 4.736 18.95 9.473 4.736 4.736 0 0 0 0 0 0 0 0 0
1 119.3 75.01 37.51 64.78 13.64 6.819 10.23 3.41 6.819 3.41 0 0 0 0 0 0 0 0 0 0
1 164.9 94.24 103.7 37.69 28.27 28.27 0 4.712 9.424 0 0 0 0 0 0 0 0 0 0 0
1 90.19 73.79 46.46 30.06 13.66 10.93 5.466 0 2.733 0 0 0 0 0 0 0 0 0 0 0
1 81.92 64.37 67.3 43.89 8.778 2.926 14.63 2.926 0 2.926 2.926 0 0 0 0 0 0 0 0 0
1 141.2 60.53 40.36 53.81 16.82 13.45 10.09 0 0 0 0 0 0 0 0 0 0 0 0 0
1 146.8 151.6 102.7 53.81 4.892 19.57 9.784 0 0 0 0 0 0 0 0 0 0 0 0 0
1 49.64 39.37 37.66 18.83 11.98 5.136 5.136 1.712 0 1.712 0 0 0 0 0 0 0 0 0 0
1 78.05 55.75 20.44 13.01 11.15 5.575 0 1.858 0 0 0 0 0 0 0 0 0 0 0 0
1 127.6 68.26 44.52 32.65 11.87 11.87 0 0 0 0 0 0 0 0 0 0 0 0 0 0
1 112.2 65.25 23.49 13.05 26.1 7.83 5.22 0 5.22 0 0 2.61 0 0 0 0 0 0 0 0
1 82.66 47.59 40.08 45.09 12.52 10.02 7.514 0 2.505 0 2.505 0 0 0 0 0 0 0 0 0
1 69.48 67.08 40.73 23.96 21.56 9.583 0 4.792 0 0 2.396 0 0 0 0 0 0 0 0 0
1 73.44 50.16 26.87 16.12 5.374 3.583 1.791 0 0 1.791 0 0 0 0 0 0 0 0 0 0
1 50.94 39.8 25.47 20.7 6.368 7.96 4.776 0 1.592 0 0 1.592 0 0 0 0 0 0 0 0
1 60.67 36.4 42.47 30.33 16.18 6.067 2.022 2.022 6.067 0 0 0 0 0 0 0 0 0 0 0
1 61.72 33.23 33.23 14.24 6.33 3.165 0 1.583 0 1.583 1.583 0 0 1.583 0 0 0 0 0 0
1 84.37 68.41 25.08 22.8 13.68 0 6.841 2.28 2.28 0 2.28 0 0 0 0 0 0 0 0 0
1 45.67 30.44 20.76 12.45 13.84 9.687 4.151 0 0 1.384 0 0 0 0 0 0 0 0 0 0
1 50.78 44.62 26.16 9.232 10.77 3.077 4.616 0 3.077 0 0 1.539 0 0 0 0 0 0 0 0
1 30.85 25.87 19.9 7.96 7.96 5.97 0.995 0 0 0 0 0 0 0 0 0 0 0 0 0
1 41.96 23.98 27.57 7.193 8.392 9.591 0 0 0 1.199 0 0 0 0 0 0 0 0 0 0
1 43.98 28.86 19.24 19.24 16.49 5.497 1.374 1.374 0 0 1.374 0 0 0 0 0 0 0 0 0
1 46.95 35.57 22.77 15.65 7.114 4.268 4.268 1.423 1.423 2.846 0 0 0 0 0 0 0 0 0 0
1 38.5 37.26 22.35 13.66 1.242 4.968 2.484 2.484 0 0 0 1.242 0 0 0 0 0 0 0 0
