 landings-at-age - landings.n (units : NA )
1	2	
2	100	
1	20	
1 
0.02659 0.2984 0.8352 0.6934 0.4839 0.3377 0.2357 0.1644 0.1148 0.08008 0.05589 0.039 0.02722 0.01899 0.01325 0.009249 0.006454 0.004504 0.003143 0.007259
0.002789 0.05216 0.1462 0.1214 0.08475 0.05914 0.04127 0.0288 0.0201 0.01403 0.009787 0.00683 0.004766 0.003326 0.002321 0.00162 0.00113 0.0007888 0.0005504 0.001271
0.00524 0.03132 0.1464 0.1219 0.08515 0.05942 0.04147 0.02894 0.02019 0.01409 0.009834 0.006862 0.004789 0.003342 0.002332 0.001627 0.001136 0.0007925 0.000553 0.001277
0.004017 0.05884 0.08787 0.122 0.08549 0.0597 0.04166 0.02907 0.02029 0.01416 0.00988 0.006895 0.004811 0.003358 0.002343 0.001635 0.001141 0.0007963 0.0005557 0.001283
0.00375 0.0451 0.1651 0.07327 0.08557 0.05994 0.04186 0.02921 0.02038 0.01423 0.009927 0.006927 0.004834 0.003374 0.002354 0.001643 0.001146 8e-04 0.0005583 0.001289
0.00491 0.0421 0.1265 0.1377 0.05137 0.06 0.04203 0.02935 0.02048 0.01429 0.009974 0.00696 0.004857 0.00339 0.002365 0.001651 0.001152 0.0008038 0.0005609 0.001295
0.002597 0.05514 0.1181 0.1055 0.09653 0.03602 0.04207 0.02947 0.02058 0.01436 0.01002 0.006993 0.00488 0.003406 0.002377 0.001658 0.001157 0.0008076 0.0005636 0.001302
0.007441 0.02916 0.1547 0.09851 0.07399 0.06768 0.02526 0.0295 0.02066 0.01443 0.01007 0.007026 0.004903 0.003422 0.002388 0.001666 0.001163 0.0008114 0.0005663 0.001308
0.002494 0.08356 0.08181 0.129 0.06907 0.05188 0.04745 0.01771 0.02068 0.01449 0.01012 0.00706 0.004926 0.003438 0.002399 0.001674 0.001168 0.0008153 0.0005689 0.001314
0.007217 0.02801 0.2345 0.06822 0.09045 0.04843 0.03637 0.03327 0.01242 0.0145 0.01016 0.007093 0.00495 0.003454 0.00241 0.001682 0.001174 0.0008191 0.0005716 0.00132
0.004924 0.08104 0.07858 0.1955 0.04783 0.06342 0.03395 0.0255 0.02333 0.008705 0.01017 0.007121 0.004973 0.003471 0.002422 0.00169 0.001179 0.000823 0.0005743 0.001326
0.01044 0.05529 0.2274 0.06553 0.1371 0.03354 0.04447 0.02381 0.01788 0.01636 0.006104 0.007128 0.004993 0.003487 0.002433 0.001698 0.001185 0.0008269 0.0005771 0.001333
0.006439 0.1172 0.1551 0.1896 0.04594 0.09611 0.02351 0.03118 0.01669 0.01254 0.01147 0.00428 0.004998 0.003501 0.002445 0.001706 0.001191 0.0008308 0.0005798 0.001339
0.002587 0.0723 0.329 0.1294 0.1329 0.03221 0.06739 0.01649 0.02186 0.0117 0.00879 0.008041 0.003001 0.003504 0.002455 0.001714 0.001196 0.0008348 0.0005825 0.001345
0.005732 0.02905 0.2029 0.2743 0.09071 0.09321 0.02259 0.04725 0.01156 0.01533 0.008206 0.006163 0.005638 0.002104 0.002457 0.001721 0.001202 0.0008387 0.0005853 0.001352
0.00472 0.06436 0.08151 0.1692 0.1923 0.0636 0.06536 0.01584 0.03313 0.008105 0.01075 0.005754 0.004321 0.003953 0.001475 0.001723 0.001207 0.0008427 0.0005881 0.001358
0.004462 0.05299 0.1806 0.06797 0.1186 0.1349 0.04459 0.04582 0.0111 0.02323 0.005683 0.007535 0.004034 0.00303 0.002771 0.001034 0.001208 0.000846 0.0005908 0.001365
0.003035 0.0501 0.1487 0.1506 0.04766 0.08317 0.09455 0.03127 0.03213 0.007785 0.01629 0.003984 0.005283 0.002828 0.002124 0.001943 0.0007252 0.0008469 0.0005932 0.001371
0.01393 0.03408 0.1406 0.124 0.1056 0.03341 0.05831 0.06629 0.02192 0.02253 0.005459 0.01142 0.002794 0.003704 0.001983 0.00149 0.001362 0.0005084 0.0005938 0.001377
0.003168 0.1564 0.09563 0.1172 0.08694 0.07403 0.02343 0.04089 0.04648 0.01537 0.01579 0.003827 0.008006 0.001959 0.002597 0.00139 0.001044 0.0009553 0.0003565 0.001382
0.007091 0.03557 0.439 0.07974 0.08219 0.06096 0.05191 0.01643 0.02867 0.03259 0.01078 0.01107 0.002683 0.005613 0.001373 0.001821 0.0009749 0.0007322 0.0006698 0.001219
0.006461 0.07962 0.09982 0.366 0.05591 0.05762 0.04274 0.03639 0.01152 0.0201 0.02285 0.007556 0.007765 0.001881 0.003936 0.0009629 0.001277 0.0006836 0.0005134 0.001324
0.01449 0.07255 0.2234 0.08324 0.2566 0.0392 0.0404 0.02997 0.02552 0.008075 0.01409 0.01602 0.005298 0.005444 0.001319 0.00276 0.0006752 0.0008952 0.0004793 0.001288
0.001694 0.1627 0.2036 0.1863 0.05836 0.1799 0.02749 0.02833 0.02101 0.01789 0.005662 0.009881 0.01123 0.003715 0.003817 0.0009249 0.001935 0.0004734 0.0006277 0.001239
0.001829 0.01902 0.4567 0.1697 0.1306 0.04092 0.1262 0.01927 0.01986 0.01473 0.01254 0.00397 0.006928 0.007876 0.002604 0.002676 0.0006485 0.001357 0.0003319 0.001309
0.003786 0.02053 0.05338 0.3808 0.119 0.09158 0.02869 0.08846 0.01351 0.01393 0.01033 0.008795 0.002783 0.004858 0.005522 0.001826 0.001877 0.0004547 0.0009512 0.001151
0.005266 0.04251 0.05762 0.04451 0.267 0.08345 0.06421 0.02012 0.06202 0.009474 0.009764 0.007242 0.006167 0.001952 0.003406 0.003872 0.00128 0.001316 0.0003188 0.001474
0.002101 0.05913 0.1193 0.04805 0.03121 0.1872 0.05851 0.04502 0.0141 0.04349 0.006643 0.006846 0.005078 0.004324 0.001368 0.002388 0.002715 0.0008977 0.0009225 0.001257
0.003028 0.02359 0.1659 0.09947 0.03369 0.02188 0.1313 0.04102 0.03157 0.009889 0.03049 0.004658 0.0048 0.00356 0.003032 0.0009594 0.001674 0.001903 0.0006294 0.001528
0.00356 0.034 0.06619 0.1384 0.06974 0.02362 0.01534 0.09203 0.02876 0.02213 0.006934 0.02138 0.003266 0.003366 0.002496 0.002126 0.0006727 0.001174 0.001335 0.001513
0.002816 0.03998 0.09541 0.0552 0.09701 0.0489 0.01656 0.01076 0.06452 0.02017 0.01552 0.004862 0.01499 0.00229 0.00236 0.00175 0.00149 0.0004716 0.0008231 0.001996
0.002287 0.03162 0.1122 0.07956 0.0387 0.06802 0.03429 0.01161 0.007543 0.04524 0.01414 0.01088 0.003409 0.01051 0.001605 0.001655 0.001227 0.001045 0.0003307 0.001977
0.00269 0.02567 0.08873 0.09354 0.05578 0.02713 0.04769 0.02404 0.008142 0.005289 0.03172 0.009914 0.007629 0.00239 0.007369 0.001126 0.00116 0.0008604 0.0007326 0.001618
0.006754 0.03021 0.07204 0.07399 0.06559 0.03911 0.01903 0.03344 0.01685 0.005708 0.003708 0.02224 0.006951 0.005349 0.001676 0.005167 0.0007892 0.0008134 0.0006033 0.001648
0.02215 0.07584 0.08476 0.06007 0.05188 0.04598 0.02742 0.01334 0.02344 0.01182 0.004002 0.0026 0.01559 0.004874 0.00375 0.001175 0.003622 0.0005533 0.0005703 0.001579
0.004327 0.2487 0.2128 0.07068 0.04212 0.03637 0.03224 0.01923 0.009353 0.01644 0.008286 0.002806 0.001823 0.01093 0.003417 0.002629 0.0008238 0.00254 0.000388 0.001507
0.00313 0.04859 0.698 0.1774 0.04956 0.02953 0.0255 0.02261 0.01348 0.006558 0.01153 0.00581 0.001968 0.001278 0.007666 0.002396 0.001844 0.0005776 0.001781 0.001328
0.004146 0.03515 0.1363 0.582 0.1244 0.03475 0.02071 0.01788 0.01585 0.009452 0.004598 0.008081 0.004073 0.00138 0.0008962 0.005375 0.00168 0.001293 0.000405 0.00218
0.003168 0.04655 0.09862 0.1137 0.4081 0.08723 0.02436 0.01452 0.01254 0.01111 0.006628 0.003224 0.005666 0.002856 0.0009673 0.0006283 0.003769 0.001178 0.0009063 0.001812
0.1628 1.947 7.035 4.411 4.276 15.35 3.281 0.9163 0.546 0.4715 0.418 0.2493 0.1212 0.2131 0.1074 0.03638 0.02363 0.1417 0.0443 0.1023
0.2692 2.335 6.797 7.133 3.743 3.628 13.02 2.784 0.7775 0.4633 0.4001 0.3547 0.2115 0.1029 0.1808 0.09115 0.03087 0.02005 0.1203 0.1244
0.2646 1.713 3.645 3.071 2.693 1.414 1.37 4.918 1.051 0.2936 0.175 0.1511 0.1339 0.07987 0.03885 0.06828 0.03442 0.01166 0.007572 0.09238
0.2925 4.359 6.906 4.29 3.029 2.657 1.394 1.351 4.851 1.037 0.2896 0.1726 0.149 0.1321 0.07878 0.03832 0.06735 0.03395 0.0115 0.09859
0.1917 2.996 10.92 5.02 2.609 1.842 1.616 0.8479 0.8218 2.95 0.6306 0.1761 0.105 0.09063 0.08034 0.04791 0.0233 0.04096 0.02065 0.06695
0.4723 2.874 10.93 11.56 4.449 2.312 1.633 1.432 0.7515 0.7284 2.615 0.5589 0.1561 0.09302 0.08033 0.0712 0.04246 0.02065 0.0363 0.07763
0.1687 4.475 6.633 7.28 6.436 2.477 1.287 0.909 0.7972 0.4184 0.4055 1.456 0.3112 0.08691 0.05179 0.04472 0.03964 0.02364 0.0115 0.06343
0.1647 1.611 10.45 4.49 4.122 3.644 1.403 0.7289 0.5147 0.4514 0.2369 0.2296 0.8243 0.1762 0.04921 0.02932 0.02532 0.02245 0.01339 0.04243
0.1765 2.297 5.476 10.32 3.714 3.409 3.014 1.16 0.6028 0.4257 0.3733 0.1959 0.1899 0.6817 0.1457 0.0407 0.02425 0.02094 0.01856 0.04616
0.527 2.04 6.458 4.453 7.017 2.525 2.318 2.049 0.7887 0.4099 0.2894 0.2538 0.1332 0.1291 0.4635 0.09908 0.02767 0.01649 0.01424 0.04401
1.004 5.424 5.113 4.681 2.698 4.251 1.53 1.404 1.242 0.4778 0.2483 0.1753 0.1538 0.08071 0.07823 0.2808 0.06003 0.01676 0.00999 0.03529
0.2061 12.32 16.19 4.417 3.382 1.949 3.072 1.105 1.015 0.8971 0.3452 0.1794 0.1267 0.1111 0.05832 0.05652 0.2029 0.04337 0.01211 0.03272
0.226 2.515 36.48 13.84 3.156 2.416 1.393 2.195 0.7897 0.725 0.6409 0.2467 0.1282 0.09052 0.07939 0.04166 0.04038 0.145 0.03099 0.03203
0.2018 2.254 6.097 25.49 8.077 1.842 1.41 0.813 1.281 0.461 0.4232 0.3741 0.144 0.07483 0.05284 0.04634 0.02432 0.02357 0.08462 0.03679
0.1519 2.339 6.348 4.962 17.34 5.494 1.253 0.9595 0.5531 0.8715 0.3136 0.2879 0.2545 0.09795 0.0509 0.03595 0.03153 0.01655 0.01604 0.08259
0.538 1.839 6.867 5.378 3.513 12.28 3.89 0.8874 0.6794 0.3916 0.6171 0.222 0.2039 0.1802 0.06936 0.03604 0.02545 0.02232 0.01172 0.06984
0.2749 5.755 4.773 5.132 3.357 2.193 7.666 2.429 0.554 0.4242 0.2445 0.3853 0.1386 0.1273 0.1125 0.0433 0.0225 0.01589 0.01394 0.05091
0.08883 2.893 14.71 3.519 3.162 2.068 1.351 4.723 1.496 0.3413 0.2613 0.1506 0.2373 0.0854 0.07841 0.06932 0.02668 0.01386 0.009789 0.03995
0.218 1.037 8.197 12.04 2.407 2.162 1.415 0.9242 3.23 1.023 0.2334 0.1787 0.103 0.1623 0.05841 0.05362 0.04741 0.01824 0.009481 0.03402
0.3693 2.039 2.361 5.39 6.614 1.322 1.188 0.7773 0.5078 1.775 0.5623 0.1283 0.0982 0.0566 0.08919 0.03209 0.02946 0.02605 0.01002 0.0239
0.4204 3.949 5.322 1.787 3.412 4.187 0.8371 0.7521 0.492 0.3214 1.123 0.3559 0.08119 0.06216 0.03583 0.05646 0.02031 0.01865 0.01649 0.02148
0.07739 3.528 8.127 3.181 0.8935 1.706 2.094 0.4186 0.3761 0.2461 0.1607 0.5618 0.178 0.0406 0.03109 0.01792 0.02823 0.01016 0.009327 0.01899
0.1117 0.9145 10.23 6.878 2.255 0.6335 1.21 1.484 0.2968 0.2667 0.1745 0.114 0.3983 0.1262 0.02879 0.02204 0.0127 0.02002 0.007203 0.02007
0.5918 1.962 3.911 12.73 7.17 2.351 0.6604 1.261 1.547 0.3094 0.278 0.1818 0.1188 0.4152 0.1316 0.03001 0.02297 0.01324 0.02087 0.02843
0.1883 4.398 3.565 2.053 5.585 3.144 1.031 0.2896 0.553 0.6786 0.1357 0.1219 0.07975 0.0521 0.1821 0.0577 0.01316 0.01008 0.005808 0.02162
0.1128 1.74 9.987 2.36 1.138 3.096 1.743 0.5716 0.1606 0.3066 0.3762 0.07522 0.06758 0.04421 0.02888 0.101 0.03198 0.007296 0.005586 0.01521
0.5887 2.23 8.377 14.03 2.777 1.339 3.644 2.052 0.6727 0.189 0.3608 0.4428 0.08853 0.07953 0.05203 0.03399 0.1188 0.03764 0.008586 0.02447
0.1062 4.387 4.064 4.415 6.178 1.223 0.5898 1.605 0.9035 0.2963 0.08322 0.1589 0.195 0.03899 0.03503 0.02292 0.01497 0.05233 0.01658 0.01456
0.07892 1.245 12.6 3.403 3.095 4.332 0.8577 0.4136 1.125 0.6336 0.2077 0.05835 0.1114 0.1367 0.02734 0.02456 0.01607 0.0105 0.03669 0.02183
0.4701 1.07 4.122 12.14 2.744 2.496 3.493 0.6917 0.3335 0.9074 0.5109 0.1675 0.04706 0.08986 0.1103 0.02205 0.01981 0.01296 0.008466 0.0472
0.4955 5.269 2.925 3.266 8.047 1.819 1.655 2.315 0.4585 0.2211 0.6014 0.3386 0.111 0.03119 0.05956 0.07309 0.01461 0.01313 0.008589 0.03689
0.7918 4.858 12.63 2.033 1.899 4.678 1.058 0.9619 1.346 0.2665 0.1285 0.3497 0.1969 0.06455 0.01813 0.03463 0.04249 0.008496 0.007633 0.02644
0.1219 7.045 10.61 8.023 1.081 1.01 2.488 0.5624 0.5116 0.7159 0.1418 0.06835 0.186 0.1047 0.03433 0.009644 0.01842 0.0226 0.004518 0.01812
0.8279 2.334 32.83 14.41 9.128 1.23 1.149 2.831 0.6399 0.582 0.8145 0.1613 0.07776 0.2116 0.1191 0.03906 0.01097 0.02095 0.02571 0.02576
0.1295 6.982 4.802 19.5 7.151 4.531 0.6105 0.5704 1.405 0.3176 0.2889 0.4043 0.08006 0.0386 0.105 0.05913 0.01939 0.005446 0.0104 0.02555
0.2388 1.35 17.82 3.561 12.1 4.438 2.812 0.3789 0.354 0.8721 0.1971 0.1793 0.2509 0.04969 0.02396 0.06518 0.0367 0.01203 0.00338 0.02231
0.4397 3.557 4.898 18.78 3.143 10.68 3.917 2.482 0.3344 0.3124 0.7696 0.174 0.1582 0.2214 0.04385 0.02114 0.05752 0.03239 0.01062 0.02267
0.1202 4.983 9.797 3.896 12.49 2.09 7.103 2.604 1.65 0.2223 0.2077 0.5117 0.1157 0.1052 0.1472 0.02916 0.01406 0.03825 0.02154 0.02214
0.09857 1.377 13.86 7.869 2.616 8.383 1.403 4.768 1.748 1.108 0.1493 0.1395 0.3435 0.07766 0.07064 0.09885 0.01957 0.009437 0.02568 0.02932
0.1896 1.021 3.468 10.07 4.778 1.588 5.09 0.8517 2.895 1.062 0.6726 0.09063 0.08467 0.2086 0.04715 0.04289 0.06001 0.01188 0.00573 0.03339
0.6247 2.036 2.668 2.622 6.366 3.02 1.004 3.217 0.5383 1.83 0.6709 0.4251 0.05728 0.05352 0.1318 0.0298 0.02711 0.03793 0.007511 0.02473
0.1894 5.309 4.233 1.607 1.321 3.207 1.521 0.5057 1.621 0.2712 0.9218 0.338 0.2142 0.02886 0.02696 0.06642 0.01501 0.01366 0.01911 0.01624
0.7623 2.168 14.89 3.458 1.099 0.9034 2.194 1.041 0.3459 1.109 0.1855 0.6305 0.2312 0.1465 0.01974 0.01844 0.04543 0.01027 0.009341 0.02418
0.6182 11.11 7.704 15.38 2.992 0.9511 0.7815 1.898 0.9002 0.2992 0.9591 0.1605 0.5455 0.2 0.1267 0.01708 0.01595 0.0393 0.008884 0.029
0.615 6.772 29.63 5.945 9.926 1.93 0.6137 0.5042 1.225 0.5808 0.1931 0.6188 0.1035 0.352 0.129 0.08177 0.01102 0.01029 0.02536 0.02444
0.3188 6.379 17.13 21.7 3.64 6.077 1.182 0.3758 0.3087 0.7498 0.3556 0.1182 0.3789 0.0634 0.2155 0.07902 0.05007 0.006746 0.006302 0.03049
0.1024 2.84 13.91 10.84 11.49 1.928 3.219 0.6259 0.199 0.1635 0.3971 0.1883 0.06261 0.2007 0.03358 0.1141 0.04185 0.02652 0.003573 0.01949
0.09293 0.9754 6.643 9.492 6.194 6.564 1.101 1.839 0.3576 0.1137 0.09341 0.2268 0.1076 0.03576 0.1146 0.01918 0.0652 0.02391 0.01515 0.01317
0.148 1.677 4.295 8.535 10.22 6.668 7.067 1.186 1.979 0.3849 0.1224 0.1006 0.2442 0.1158 0.0385 0.1234 0.02065 0.07019 0.02574 0.03049
0.9012 1.889 5.197 3.847 6.392 7.653 4.994 5.293 0.8879 1.483 0.2883 0.09166 0.07531 0.1829 0.08675 0.02884 0.09242 0.01546 0.05257 0.04211
0.7847 10.36 5.261 4.167 2.578 4.283 5.127 3.346 3.546 0.5949 0.9932 0.1932 0.06141 0.05046 0.1225 0.05812 0.01932 0.06192 0.01036 0.06343
0.4185 7.809 25.03 3.661 2.422 1.498 2.489 2.98 1.945 2.061 0.3457 0.5773 0.1123 0.03569 0.02933 0.07122 0.03378 0.01123 0.03599 0.04289
0.1655 3.238 14.78 13.7 1.675 1.108 0.6854 1.139 1.363 0.8897 0.9429 0.1582 0.2641 0.05136 0.01633 0.01342 0.03258 0.01545 0.005137 0.03609
0.2674 1.567 7.533 10.02 7.781 0.9513 0.6294 0.3893 0.6468 0.7744 0.5053 0.5355 0.08984 0.15 0.02917 0.009274 0.00762 0.01851 0.008778 0.02341
0.1272 3.196 4.602 6.465 7.207 5.595 0.6841 0.4526 0.2799 0.4651 0.5569 0.3634 0.3851 0.0646 0.1079 0.02098 0.006669 0.00548 0.01331 0.02315
0.5022 1.78 10.95 4.6 5.413 6.035 4.685 0.5728 0.379 0.2344 0.3895 0.4663 0.3043 0.3225 0.0541 0.09032 0.01757 0.005585 0.004589 0.03053
0.7917 6.921 5.974 10.67 3.751 4.414 4.921 3.821 0.4671 0.3091 0.1912 0.3176 0.3802 0.2481 0.263 0.04411 0.07366 0.01432 0.004554 0.02864
0.3866 10.14 21.49 5.357 8 2.812 3.309 3.689 2.864 0.3501 0.2317 0.1433 0.2381 0.285 0.186 0.1971 0.03307 0.05521 0.01074 0.02488
0.08171 2.777 17.79 10.87 2.264 3.381 1.189 1.399 1.559 1.211 0.148 0.09792 0.06056 0.1006 0.1205 0.07862 0.08332 0.01398 0.02334 0.01505
0.1914 0.898 7.478 13.95 7.138 1.486 2.22 0.7802 0.9181 1.024 0.7947 0.09715 0.06428 0.03976 0.06606 0.07909 0.05161 0.05469 0.009175 0.0252
