 landings-at-age - landings.n (units : NA )
1	2	
42	100	
1	20	
1 
0.2748 3.674 9.875 9.615 2.925 2.523 2.057 2.085 1.48 0.877 0.4823 0.5093 0.3058 0.2479 0.1336 0.0915 0.05323 0.06962 0.02803 0.08084
0.2104 1.749 5.734 4.461 3.631 1.104 0.9526 0.7769 0.7873 0.5589 0.3312 0.1821 0.1923 0.1155 0.0936 0.05044 0.03455 0.0201 0.02629 0.04111
0.1892 3.467 7.05 6.749 4.401 3.581 1.089 0.9396 0.7663 0.7765 0.5512 0.3267 0.1796 0.1897 0.1139 0.09233 0.04976 0.03408 0.01983 0.06648
0.2054 1.938 8.682 5.124 4.104 2.676 2.178 0.6625 0.5714 0.466 0.4722 0.3352 0.1987 0.1092 0.1154 0.06927 0.05615 0.03026 0.02073 0.05249
0.2726 3.08 7.07 9.194 4.542 3.638 2.372 1.93 0.5872 0.5065 0.413 0.4185 0.2971 0.1761 0.09682 0.1022 0.06139 0.04976 0.02682 0.06489
0.2254 2.583 7.106 4.71 5.119 2.529 2.025 1.321 1.075 0.3269 0.282 0.23 0.233 0.1654 0.09802 0.05391 0.05693 0.03418 0.02771 0.05106
0.2266 2.153 6.03 4.811 2.667 2.898 1.432 1.147 0.7477 0.6085 0.1851 0.1597 0.1302 0.1319 0.09366 0.0555 0.03052 0.03223 0.01935 0.0446
0.37 3.161 7.318 5.958 3.979 2.206 2.397 1.184 0.9484 0.6184 0.5033 0.1531 0.132 0.1077 0.1091 0.07746 0.0459 0.02524 0.02666 0.05289
0.281 4.276 8.886 5.951 4.051 2.705 1.5 1.63 0.8051 0.6448 0.4205 0.3422 0.1041 0.08978 0.07322 0.07419 0.05267 0.03121 0.01716 0.05409
0.307 2.893 10.72 6.44 3.606 2.454 1.639 0.9087 0.9874 0.4878 0.3907 0.2547 0.2073 0.06306 0.05439 0.04436 0.04495 0.03191 0.01891 0.04317
0.3889 3.767 8.633 9.261 4.653 2.605 1.773 1.184 0.6566 0.7134 0.3524 0.2823 0.1841 0.1498 0.04556 0.0393 0.03205 0.03248 0.02306 0.04485
0.5367 4.745 11.15 7.378 6.616 3.325 1.861 1.267 0.846 0.4691 0.5097 0.2518 0.2017 0.1315 0.107 0.03255 0.02808 0.0229 0.0232 0.04852
0.3385 5.354 11.5 7.792 4.307 3.862 1.941 1.086 0.7395 0.4939 0.2738 0.2975 0.147 0.1177 0.07676 0.06247 0.019 0.01639 0.01337 0.04187
0.3091 3.923 15.08 9.361 5.301 2.93 2.627 1.32 0.7391 0.5031 0.336 0.1863 0.2024 0.09999 0.08009 0.05222 0.0425 0.01293 0.01115 0.03758
0.4474 3.742 11.52 12.77 6.628 3.754 2.075 1.86 0.9348 0.5234 0.3562 0.2379 0.1319 0.1433 0.0708 0.05671 0.03698 0.03009 0.009153 0.0345
0.5308 4.786 9.709 8.607 7.975 4.138 2.343 1.295 1.162 0.5836 0.3267 0.2224 0.1485 0.08235 0.08948 0.0442 0.0354 0.02308 0.01879 0.02726
0.2803 5.585 12.24 7.158 5.303 4.913 2.549 1.444 0.798 0.7156 0.3596 0.2013 0.137 0.0915 0.05073 0.05513 0.02723 0.02181 0.01422 0.02836
0.3938 3.271 15.82 10.01 4.896 3.626 3.36 1.743 0.9874 0.5457 0.4894 0.2459 0.1377 0.09371 0.06258 0.0347 0.0377 0.01862 0.01492 0.02913
0.214 3.683 7.451 10.41 5.501 2.69 1.993 1.846 0.958 0.5425 0.2999 0.2689 0.1351 0.07564 0.05149 0.03438 0.01906 0.02072 0.01023 0.0242
0.3231 2.289 9.613 5.638 6.587 3.482 1.703 1.261 1.169 0.6064 0.3434 0.1898 0.1702 0.08553 0.04788 0.03259 0.02176 0.01207 0.01311 0.0218
0.134 2.711 4.709 5.746 2.82 3.294 1.741 0.8515 0.6308 0.5845 0.3033 0.1717 0.09492 0.08512 0.04277 0.02395 0.0163 0.01088 0.006035 0.01746
0.3124 1.584 7.862 3.986 4.074 1.999 2.336 1.235 0.6038 0.4472 0.4144 0.215 0.1218 0.0673 0.06035 0.03033 0.01698 0.01156 0.007717 0.01666
0.3256 5.489 6.774 9.785 4.155 4.247 2.084 2.434 1.287 0.6293 0.4662 0.432 0.2241 0.1269 0.07015 0.06291 0.03161 0.0177 0.01205 0.02541
0.09374 2.419 9.973 3.555 4.291 1.822 1.862 0.9139 1.068 0.5644 0.276 0.2045 0.1894 0.09829 0.05567 0.03077 0.02759 0.01386 0.007761 0.01643
0.176 0.8664 5.494 6.602 1.971 2.379 1.01 1.033 0.5067 0.5919 0.3129 0.153 0.1133 0.105 0.05449 0.03086 0.01706 0.0153 0.007686 0.01341
0.2792 3.477 4.171 7.716 7.77 2.32 2.8 1.189 1.215 0.5963 0.6966 0.3682 0.1801 0.1334 0.1236 0.06413 0.03632 0.02007 0.018 0.02483
0.2048 2.081 6.338 2.198 3.399 3.422 1.022 1.233 0.5236 0.5352 0.2626 0.3068 0.1622 0.07931 0.05875 0.05444 0.02824 0.016 0.008841 0.01886
0.1601 2.401 5.979 5.307 1.541 2.383 2.4 0.7163 0.8647 0.3671 0.3753 0.1841 0.2151 0.1137 0.05561 0.04119 0.03817 0.0198 0.01122 0.01942
0.2583 2.171 7.949 5.759 4.28 1.243 1.922 1.935 0.5777 0.6973 0.2961 0.3026 0.1485 0.1735 0.09171 0.04485 0.03322 0.03078 0.01597 0.02471
0.1557 2.895 5.933 6.298 3.817 2.837 0.8239 1.274 1.283 0.3829 0.4622 0.1962 0.2006 0.09843 0.115 0.06078 0.02973 0.02202 0.0204 0.02696
0.2567 1.527 6.939 4.124 3.662 2.219 1.649 0.479 0.7405 0.7457 0.2226 0.2687 0.1141 0.1166 0.05722 0.06685 0.03534 0.01728 0.0128 0.02754
0.1412 2.284 3.334 4.409 2.193 1.947 1.18 0.8771 0.2548 0.3939 0.3966 0.1184 0.1429 0.06068 0.06202 0.03043 0.03555 0.01879 0.009191 0.02145
0.4658 2.703 10.64 4.528 5.016 2.495 2.215 1.343 0.9978 0.2898 0.4481 0.4512 0.1347 0.1626 0.06903 0.07056 0.03462 0.04045 0.02138 0.03486
0.2449 3.928 5.561 6.323 2.248 2.49 1.239 1.1 0.6665 0.4953 0.1439 0.2224 0.224 0.06686 0.0807 0.03427 0.03503 0.01719 0.02008 0.02792
0.242 2.554 10.02 4.124 3.924 1.395 1.545 0.7687 0.6826 0.4137 0.3074 0.08929 0.138 0.139 0.0415 0.05009 0.02127 0.02174 0.01067 0.02979
0.1844 3.605 9.266 10.57 3.64 3.463 1.231 1.364 0.6784 0.6024 0.365 0.2713 0.0788 0.1218 0.1227 0.03662 0.0442 0.01877 0.01918 0.0357
0.2533 2.089 9.927 7.37 7.026 2.42 2.303 0.8185 0.9068 0.4511 0.4005 0.2427 0.1804 0.05239 0.081 0.08157 0.02435 0.02939 0.01248 0.03649
0.2626 2.902 5.813 7.974 4.948 4.716 1.625 1.546 0.5495 0.6087 0.3028 0.2689 0.1629 0.1211 0.03517 0.05438 0.05476 0.01635 0.01973 0.03288
0.3476 2.719 7.307 4.223 4.841 3.004 2.864 0.9864 0.9385 0.3336 0.3696 0.1839 0.1632 0.09894 0.07353 0.02136 0.03302 0.03325 0.009925 0.03194
0.2523 3.733 7.108 5.524 2.669 3.06 1.899 1.81 0.6235 0.5932 0.2109 0.2336 0.1162 0.1032 0.06253 0.04647 0.0135 0.02087 0.02101 0.02646
0.3215 2.144 7.761 4.282 2.783 1.345 1.542 0.9566 0.9118 0.3141 0.2988 0.1062 0.1177 0.05854 0.05198 0.0315 0.02341 0.0068 0.01051 0.02392
0.4069 3.68 6.014 6.339 2.929 1.903 0.9198 1.054 0.6543 0.6237 0.2148 0.2044 0.07267 0.0805 0.04004 0.03556 0.02155 0.01601 0.004651 0.02355
0.3526 5.929 13.08 6.214 5.484 2.534 1.647 0.7958 0.9122 0.566 0.5396 0.1859 0.1768 0.06286 0.06964 0.03464 0.03076 0.01864 0.01385 0.0244
0.1999 3.862 15.82 10.09 4.009 3.538 1.635 1.062 0.5134 0.5886 0.3652 0.3481 0.1199 0.1141 0.04056 0.04493 0.02235 0.01985 0.01203 0.02468
0.3356 2.073 9.769 11.58 6.179 2.455 2.167 1.001 0.6506 0.3144 0.3604 0.2236 0.2132 0.07342 0.06986 0.02484 0.02751 0.01369 0.01215 0.02248
0.2876 2.989 4.523 6.184 6.133 3.272 1.3 1.147 0.5302 0.3445 0.1665 0.1909 0.1184 0.1129 0.03889 0.037 0.01315 0.01457 0.007248 0.01834
0.1081 2.738 6.993 3.085 3.533 3.504 1.869 0.7427 0.6555 0.3029 0.1968 0.09511 0.109 0.06765 0.06449 0.02221 0.02114 0.007514 0.008323 0.01462
0.2513 1.951 12.06 8.985 3.321 3.803 3.772 2.012 0.7995 0.7057 0.326 0.2119 0.1024 0.1174 0.07283 0.06943 0.02391 0.02275 0.008089 0.0247
0.3129 3.21 6.047 10.8 6.729 2.488 2.849 2.825 1.507 0.5988 0.5285 0.2442 0.1587 0.07669 0.08791 0.05455 0.052 0.01791 0.01704 0.02455
0.305 3.596 8.937 4.85 7.237 4.508 1.667 1.908 1.893 1.01 0.4012 0.3541 0.1636 0.1063 0.05138 0.0589 0.03655 0.03484 0.012 0.02787
0.3764 3.035 8.689 6.219 2.819 4.206 2.62 0.9686 1.109 1.1 0.5869 0.2332 0.2058 0.09509 0.06179 0.02986 0.03423 0.02124 0.02025 0.02317
0.1426 2.912 5.743 4.756 2.845 1.29 1.924 1.199 0.4431 0.5074 0.5032 0.2685 0.1067 0.09415 0.0435 0.02827 0.01366 0.01566 0.009717 0.01986
0.3385 1.35 6.775 3.895 2.701 1.616 0.7324 1.093 0.6809 0.2517 0.2882 0.2858 0.1525 0.06059 0.05348 0.02471 0.01606 0.007759 0.008895 0.0168
0.1169 4.047 3.964 5.814 2.801 1.943 1.162 0.5267 0.786 0.4896 0.181 0.2073 0.2055 0.1097 0.04357 0.03846 0.01777 0.01155 0.00558 0.01848
0.2689 1.636 13.87 3.962 4.868 2.346 1.627 0.973 0.441 0.6581 0.41 0.1516 0.1736 0.1721 0.09183 0.03648 0.0322 0.01488 0.009669 0.02015
0.3839 3.705 5.49 13.51 3.231 3.97 1.913 1.326 0.7935 0.3596 0.5367 0.3343 0.1236 0.1415 0.1403 0.07488 0.02975 0.02626 0.01213 0.02431
0.4526 4.915 11.5 4.923 10.13 2.422 2.976 1.434 0.9943 0.5948 0.2696 0.4023 0.2506 0.09265 0.1061 0.1052 0.05613 0.0223 0.01968 0.02732
0.2023 3.251 8.625 5.822 2.081 4.281 1.024 1.258 0.606 0.4203 0.2514 0.114 0.17 0.1059 0.03916 0.04484 0.04447 0.02373 0.009427 0.01987
0.1268 2.224 8.754 6.762 3.822 1.366 2.81 0.672 0.8257 0.3978 0.2759 0.165 0.0748 0.1116 0.06954 0.02571 0.02944 0.02919 0.01557 0.01923
