Originally  
101 
A 
42	100	
1	1	NA	NA	
1	20	
1 0.01549 0.1549 0.4491 0.3562 0.06195 0.1084 0.1858 0.07743 0.06195 0.01549 0.01549 0.03097 0 0.01549 0 0 0 0 0 0
1 0.03187 0.239 0.4302 0.3665 0.1593 0.07966 0.03187 0 0.07966 0.07966 0.03187 0.03187 0.01593 0.01593 0 0 0 0 0 0
1 0 0.3101 0.4135 0.5169 0.1654 0.2895 0.06203 0.02068 0.1241 0.08271 0.02068 0.02068 0 0 0 0.04135 0 0 0 0
1 0.01173 0.1525 0.3753 0.2111 0.1759 0.05865 0.08211 0.02346 0 0.02346 0.01173 0.02346 0.01173 0.01173 0 0 0 0 0 0
1 0.06421 0.1926 0.2568 0.3692 0.2087 0.1124 0.1445 0.1766 0.01605 0.0321 0 0.01605 0.01605 0 0 0 0 0 0 0
1 0 0.1862 0.2527 0.2394 0.266 0.09309 0.07979 0.07979 0.09309 0 0.0133 0.0133 0.0133 0 0 0 0 0 0 0
1 0 0.1175 0.3655 0.3655 0.06527 0.03916 0.1305 0.05222 0.03916 0 0.01305 0.02611 0.06527 0 0.01305 0.01305 0 0 0 0
1 0.08611 0.287 0.3588 0.2009 0.1579 0.1005 0.1292 0.0574 0 0 0.0287 0 0 0.01435 0 0.01435 0 0 0 0
1 0 0.1698 0.3134 0.2612 0.1567 0.1306 0.0653 0.0653 0.03918 0.03918 0.01306 0.03918 0 0.01306 0 0 0 0 0 0
1 0.05317 0.2481 0.4431 0.3013 0.195 0.3545 0.07089 0.01772 0 0.03545 0.01772 0 0.03545 0 0 0 0 0 0 0
1 0.04081 0.2857 0.4081 0.2177 0.1905 0.09523 0.0136 0.04081 0.02721 0.0136 0.0136 0 0 0.0136 0 0 0 0 0 0
1 0.08396 0.3358 0.5667 0.3149 0.4198 0.1679 0.04198 0.06297 0.02099 0.02099 0.02099 0.04198 0 0 0 0 0 0 0 0
1 0.0189 0.3969 0.5102 0.2457 0.2646 0.189 0.1134 0.05669 0.0378 0.0189 0 0 0.0189 0.0189 0 0 0 0 0 0
1 0.04756 0.2219 0.539 0.2853 0.2378 0.09511 0.0317 0.07926 0 0 0.0317 0 0 0 0 0 0 0 0 0.01585
1 0.0551 0.202 0.6612 0.3857 0.1286 0.1286 0.09183 0.1102 0.03673 0 0.01837 0 0 0 0 0.01837 0 0 0 0
1 0.1155 0.2502 0.308 0.5005 0.3272 0.1732 0.09624 0.05775 0.0385 0.01925 0.01925 0 0 0 0 0 0 0.01925 0 0
1 0.02265 0.3397 0.7701 0.3624 0.3171 0.2491 0.06795 0.0453 0.0453 0.02265 0 0 0.02265 0 0 0 0 0 0 0
1 0 0.309 0.8447 0.2884 0.206 0.1648 0.1442 0.0206 0.0412 0.0412 0 0 0 0 0 0 0 0 0 0
1 0.01529 0.2447 0.26 0.413 0.26 0.07647 0.06118 0.06118 0.03059 0.03059 0 0.04588 0.01529 0 0 0.01529 0 0 0 0
1 0 0.2118 0.4024 0.3177 0.4659 0.2753 0.1271 0.08471 0.06353 0.04235 0.04235 0.02118 0.02118 0.02118 0 0.02118 0 0 0 0
1 0.02007 0.261 0.3814 0.3413 0.3413 0.2409 0.1807 0.04015 0.0803 0.06022 0.02007 0.02007 0.02007 0 0 0 0 0 0 0
1 0.07175 0.1256 0.5919 0.3408 0.08968 0.07175 0.2332 0.1076 0.01794 0.05381 0.01794 0.01794 0.01794 0 0.01794 0 0.01794 0 0 0
1 0.01465 0.3077 0.1612 0.381 0.08791 0.1319 0.1172 0.1319 0.04396 0.01465 0.04396 0 0.01465 0 0 0 0 0 0.01465 0
1 0 0.2381 0.619 0.1746 0.1587 0.06349 0.1111 0.04761 0.07936 0.03174 0 0 0.04761 0.01587 0 0 0 0 0 0
1 0.01668 0.1168 0.367 0.5505 0.1334 0.2169 0.08341 0 0.03336 0.05004 0.01668 0.03336 0.01668 0.03336 0 0 0 0 0 0
1 0.0488 0.244 0.1789 0.3091 0.4067 0.1301 0.1139 0.03253 0.06507 0.03253 0.03253 0.03253 0 0 0 0 0 0 0 0
1 0.02063 0.1341 0.2475 0.09282 0.1547 0.1753 0.06188 0.09282 0.02063 0.01031 0 0 0.01031 0 0 0.01031 0 0 0 0
1 0.01992 0.1693 0.1793 0.2191 0.08965 0.08965 0.1096 0.03984 0.03984 0.02988 0 0 0.009961 0 0 0 0 0 0 0
1 0.01204 0.1324 0.301 0.2769 0.2046 0.04815 0.1324 0.02408 0.01204 0.02408 0.02408 0.01204 0 0 0 0 0 0 0 0
1 0.009798 0.147 0.2352 0.196 0.1078 0.07838 0.04899 0.07838 0.03919 0.009798 0.0196 0 0.009798 0 0 0 0 0 0 0
1 0.04089 0.06815 0.4498 0.2044 0.1499 0.1363 0.109 0.01363 0.06815 0.04089 0.02726 0.02726 0.01363 0.01363 0 0 0 0 0 0
1 0.02121 0.1802 0.1166 0.2757 0.1272 0.07422 0.106 0.09542 0.0106 0.0106 0.0106 0.0106 0.0106 0 0 0 0.0106 0 0 0
1 0.08688 0.1117 0.3972 0.1614 0.2234 0.1241 0.06206 0 0.03724 0 0 0.01241 0.01241 0 0 0.01241 0 0 0 0
1 0.01854 0.3522 0.3893 0.4078 0.1483 0.1483 0.1112 0.1668 0.03707 0.03707 0.01854 0 0 0 0 0.01854 0 0 0 0
1 0.05583 0.1396 0.4745 0.1675 0.1535 0.0977 0.1117 0.05583 0.05583 0.04187 0.01396 0 0.01396 0.01396 0 0 0 0 0 0
1 0.01804 0.1985 0.433 0.5052 0.1985 0.2346 0.05413 0.07217 0.03609 0.03609 0.01804 0 0 0 0 0 0 0 0 0
1 0.04667 0.1167 0.2567 0.175 0.385 0.01167 0.1283 0.01167 0.01167 0 0 0 0 0 0 0.01167 0.01167 0 0 0
1 0 0.1524 0.1742 0.2613 0.1633 0.1524 0.07621 0.02177 0 0.05444 0 0.02177 0 0 0 0 0.01089 0 0 0
1 0.1236 0.1648 0.3295 0.2059 0.2334 0.08238 0.1236 0.02746 0 0.02746 0.02746 0 0.01373 0 0 0 0.01373 0 0 0
1 0.03699 0.148 0.3206 0.2466 0.1356 0.1356 0.04932 0.06165 0.07398 0.02466 0 0 0 0 0 0 0 0 0 0
1 0.101 0.3232 0.6262 0.2222 0.1414 0.2222 0.1616 0.101 0.0202 0.0202 0.0606 0 0 0 0.0202 0 0 0 0 0
1 0.04141 0.3037 0.2622 0.3589 0.1518 0.05521 0.04141 0.06901 0.04141 0.0138 0.02761 0.0138 0 0 0 0 0 0 0 0
1 0.02688 0.2419 0.3628 0.1881 0.1613 0.09407 0.1478 0 0.05375 0.04031 0 0.02688 0 0 0 0 0 0 0 0
1 0.02561 0.3585 0.9731 0.5378 0.3073 0.1537 0.1537 0 0 0.02561 0.02561 0 0 0 0 0 0 0 0 0
1 0.01849 0.1109 0.4807 0.6101 0.3513 0.09245 0.09245 0.05547 0.01849 0 0.01849 0 0 0 0 0 0 0 0 0
1 0.03545 0.3722 0.2304 0.319 0.3899 0.2304 0.05317 0.05317 0.01772 0.01772 0.01772 0.01772 0 0.01772 0 0 0 0 0 0
1 0.06812 0.3633 0.6358 0.3406 0.2498 0.2725 0.1135 0.09082 0.02271 0.06812 0.04541 0 0 0 0 0 0 0 0 0
1 0.06346 0.2115 0.6134 0.6769 0.08461 0.1269 0.1269 0.1269 0.02115 0.02115 0 0.0423 0 0 0 0 0 0 0 0
1 0 0.2764 0.2114 0.4391 0.2114 0.1301 0.09757 0.1138 0.06505 0 0.01626 0 0.01626 0 0.01626 0.01626 0 0 0 0.01626
1 0.03491 0.2094 0.2793 0.1164 0.1745 0.1862 0.02327 0.05818 0.05818 0.01164 0 0 0.01164 0 0 0 0 0 0 0
1 0.0935 0.3272 0.4052 0.2182 0.07792 0.1558 0.07792 0.07792 0.04675 0.03117 0.03117 0 0 0 0 0.01558 0 0 0 0
1 0.02722 0.2722 0.3403 0.2994 0.1225 0.08167 0.08167 0.05444 0.02722 0 0.01361 0.01361 0 0.01361 0.01361 0 0 0 0 0
1 0.06009 0.1202 0.4957 0.2103 0.2103 0.1502 0.03004 0.1352 0.03004 0.01502 0.01502 0.03004 0 0 0 0 0 0 0 0
1 0 0.2523 0.1376 0.3441 0.172 0.1032 0.03441 0.01147 0.01147 0.02294 0.01147 0.02294 0.01147 0.01147 0 0 0 0 0 0
1 0.06207 0.1448 0.8276 0.1862 0.4138 0.1448 0.08276 0 0 0.1862 0.02069 0 0 0 0 0 0 0 0 0
1 0.04539 0.3177 0.1816 0.5749 0.1059 0.121 0.06052 0.01513 0.01513 0.01513 0.04539 0 0.01513 0 0 0 0 0 0 0
1 0 0.3027 0.4351 0.3405 0.4541 0.1135 0.1135 0 0.01892 0.01892 0.03784 0 0.03784 0 0.01892 0 0 0 0 0
1 0.02928 0.2342 0.4246 0.3367 0.05856 0.1903 0.04392 0.08784 0.02928 0 0.01464 0 0.01464 0 0 0 0 0 0 0
1 0 0.1745 0.4295 0.1879 0.2147 0.08053 0.1342 0.02684 0.04026 0.01342 0.02684 0 0 0 0 0 0 0.01342 0 0
