 landings-at-age - landings.n (units : NA )
1	2	
2	100	
1	20	
1 
0.02659 0.2984 0.8352 0.6934 0.4839 0.3377 0.2357 0.1644 0.1148 0.08008 0.05589 0.039 0.02722 0.01899 0.01325 0.009249 0.006454 0.004504 0.003143 0.007259
0.003923 0.05216 0.1462 0.1214 0.08475 0.05914 0.04127 0.0288 0.0201 0.01403 0.009787 0.00683 0.004766 0.003326 0.002321 0.00162 0.00113 0.0007888 0.0005504 0.001271
0.004107 0.04404 0.1464 0.1219 0.08515 0.05942 0.04147 0.02894 0.02019 0.01409 0.009834 0.006862 0.004789 0.003342 0.002332 0.001627 0.001136 0.0007925 0.000553 0.001277
0.004024 0.04612 0.1236 0.122 0.08549 0.0597 0.04166 0.02907 0.02029 0.01416 0.00988 0.006895 0.004811 0.003358 0.002343 0.001635 0.001141 0.0007963 0.0005557 0.001283
0.003868 0.04518 0.1294 0.1031 0.08557 0.05994 0.04186 0.02921 0.02038 0.01423 0.009927 0.006927 0.004834 0.003374 0.002354 0.001643 0.001146 8e-04 0.0005583 0.001289
0.003636 0.04344 0.1268 0.1079 0.07226 0.06 0.04203 0.02935 0.02048 0.01429 0.009974 0.00696 0.004857 0.00339 0.002365 0.001651 0.001152 0.0008038 0.0005609 0.001295
0.003435 0.04083 0.1219 0.1057 0.07566 0.05066 0.04207 0.02947 0.02058 0.01436 0.01002 0.006993 0.00488 0.003406 0.002377 0.001658 0.001157 0.0008076 0.0005636 0.001302
0.003336 0.03857 0.1146 0.1016 0.07413 0.05305 0.03552 0.0295 0.02066 0.01443 0.01007 0.007026 0.004903 0.003422 0.002388 0.001666 0.001163 0.0008114 0.0005663 0.001308
0.003498 0.03745 0.1082 0.09553 0.07126 0.05197 0.03719 0.02491 0.02068 0.01449 0.01012 0.00706 0.004926 0.003438 0.002399 0.001674 0.001168 0.0008153 0.0005689 0.001314
0.003367 0.03928 0.1051 0.09026 0.06698 0.04996 0.03644 0.02608 0.01746 0.0145 0.01016 0.007093 0.00495 0.003454 0.00241 0.001682 0.001174 0.0008191 0.0005716 0.00132
0.00368 0.03781 0.1102 0.08764 0.06328 0.04696 0.03503 0.02555 0.01828 0.01224 0.01017 0.007121 0.004973 0.003471 0.002422 0.00169 0.001179 0.000823 0.0005743 0.001326
0.004049 0.04132 0.1061 0.09191 0.06145 0.04437 0.03293 0.02456 0.01791 0.01282 0.008585 0.007128 0.004993 0.003487 0.002433 0.001698 0.001185 0.0008269 0.0005771 0.001333
0.004374 0.04546 0.1159 0.08847 0.06444 0.04308 0.03111 0.02309 0.01722 0.01256 0.008989 0.006019 0.004998 0.003501 0.002445 0.001706 0.001191 0.0008308 0.0005798 0.001339
0.003927 0.04912 0.1276 0.09668 0.06203 0.04518 0.03021 0.02181 0.01619 0.01207 0.008807 0.006302 0.00422 0.003504 0.002455 0.001714 0.001196 0.0008348 0.0005825 0.001345
0.003955 0.04409 0.1378 0.1064 0.06779 0.04349 0.03168 0.02118 0.01529 0.01135 0.008466 0.006175 0.004419 0.002959 0.002457 0.001721 0.001202 0.0008387 0.0005853 0.001352
0.003532 0.04441 0.1237 0.1149 0.07458 0.04753 0.03049 0.02221 0.01485 0.01072 0.007957 0.005936 0.004329 0.003098 0.002075 0.001723 0.001207 0.0008427 0.0005881 0.001358
0.003503 0.03966 0.1246 0.1032 0.08058 0.05229 0.03332 0.02138 0.01557 0.01041 0.007519 0.005579 0.004162 0.003036 0.002172 0.001455 0.001208 0.000846 0.0005908 0.001365
0.003841 0.03933 0.1113 0.1039 0.07233 0.0565 0.03666 0.02336 0.01499 0.01092 0.0073 0.005272 0.003912 0.002918 0.002128 0.001523 0.00102 0.0008469 0.0005932 0.001371
0.00389 0.04313 0.1104 0.09279 0.07286 0.05072 0.03961 0.02571 0.01638 0.01051 0.007656 0.005119 0.003696 0.002743 0.002046 0.001492 0.001068 0.0007151 0.0005938 0.001377
0.00378 0.04368 0.121 0.09203 0.06506 0.05108 0.03556 0.02778 0.01802 0.01149 0.00737 0.005368 0.003589 0.002592 0.001923 0.001435 0.001046 0.0007488 0.0005014 0.001382
0.003674 0.04244 0.1226 0.1009 0.06453 0.04562 0.03582 0.02493 0.01947 0.01264 0.008053 0.005167 0.003764 0.002516 0.001817 0.001348 0.001006 0.0007336 0.000525 0.00132
0.004001 0.04126 0.1191 0.1022 0.07075 0.04524 0.03198 0.02511 0.01748 0.01365 0.00886 0.005647 0.003623 0.002639 0.001764 0.001274 0.0009454 0.0007052 0.0005144 0.001294
0.004182 0.04492 0.1158 0.09931 0.07166 0.04961 0.03172 0.02243 0.01761 0.01226 0.009574 0.006212 0.003959 0.00254 0.00185 0.001237 0.0008932 0.0006629 0.0004945 0.001268
0.004072 0.04695 0.126 0.09654 0.06963 0.05025 0.03478 0.02224 0.01572 0.01235 0.008594 0.006712 0.004356 0.002776 0.001781 0.001297 0.0008673 0.0006263 0.0004648 0.001236
0.004286 0.04573 0.1318 0.1051 0.06769 0.04882 0.03523 0.02439 0.01559 0.01102 0.008656 0.006025 0.004706 0.003054 0.001946 0.001249 0.0009096 0.0006081 0.0004391 0.001192
0.004133 0.04812 0.1283 0.1099 0.0737 0.04746 0.03423 0.0247 0.0171 0.01093 0.00773 0.006069 0.004225 0.0033 0.002141 0.001365 0.0008756 0.0006378 0.0004264 0.001144
0.004276 0.04641 0.135 0.107 0.07703 0.05167 0.03327 0.024 0.01732 0.01199 0.007666 0.00542 0.004255 0.002962 0.002314 0.001501 0.0009568 0.0006139 0.0004472 0.001101
0.004617 0.04801 0.1302 0.1126 0.07502 0.05401 0.03623 0.02333 0.01683 0.01214 0.008406 0.005375 0.0038 0.002984 0.002077 0.001622 0.001053 0.0006708 0.0004304 0.001085
0.004649 0.05184 0.1347 0.1086 0.07895 0.0526 0.03787 0.0254 0.01636 0.0118 0.008514 0.005894 0.003769 0.002664 0.002092 0.001456 0.001137 0.0007381 0.0004704 0.001063
0.004444 0.0522 0.1455 0.1123 0.07614 0.05535 0.03688 0.02655 0.01781 0.01147 0.008273 0.00597 0.004132 0.002642 0.001868 0.001467 0.001021 0.0007975 0.0005175 0.001075
0.004401 0.0499 0.1465 0.1213 0.07877 0.05339 0.03881 0.02586 0.01862 0.01249 0.008042 0.005801 0.004186 0.002897 0.001853 0.00131 0.001028 0.0007159 0.0005591 0.001117
0.004599 0.04941 0.14 0.1221 0.08505 0.05523 0.03743 0.02721 0.01813 0.01305 0.008756 0.005638 0.004067 0.002935 0.002032 0.001299 0.0009183 0.000721 0.0005019 0.001175
0.004766 0.05164 0.1386 0.1168 0.08564 0.05964 0.03872 0.02624 0.01908 0.01271 0.009152 0.006139 0.003953 0.002852 0.002058 0.001424 0.0009108 0.0006439 0.0005056 0.001176
0.004531 0.05351 0.1449 0.1156 0.08186 0.06004 0.04181 0.02715 0.0184 0.01338 0.008912 0.006417 0.004304 0.002772 0.001999 0.001443 0.0009987 0.0006386 0.0004514 0.001179
0.004716 0.05088 0.1502 0.1208 0.08106 0.0574 0.0421 0.02932 0.01904 0.0129 0.009379 0.006249 0.004499 0.003018 0.001943 0.001402 0.001012 0.0007002 0.0004477 0.001143
0.004391 0.05295 0.1428 0.1252 0.08472 0.05684 0.04024 0.02952 0.02056 0.01335 0.009046 0.006576 0.004381 0.003155 0.002116 0.001363 0.0009829 0.0007092 0.000491 0.001115
0.004267 0.0493 0.1486 0.119 0.08779 0.0594 0.03985 0.02822 0.0207 0.01441 0.009358 0.006343 0.004611 0.003072 0.002212 0.001484 0.0009554 0.0006891 0.0004973 0.001126
0.004426 0.04791 0.1383 0.1239 0.08347 0.06156 0.04165 0.02794 0.01978 0.01451 0.01011 0.006561 0.004447 0.003233 0.002154 0.001551 0.00104 0.0006699 0.0004832 0.001138
0.004304 0.0497 0.1344 0.1154 0.08687 0.05853 0.04316 0.0292 0.01959 0.01387 0.01017 0.007085 0.004601 0.003118 0.002267 0.00151 0.001087 0.0007293 0.0004697 0.001137
0.003891 0.04833 0.1395 0.1121 0.08088 0.06091 0.04103 0.03026 0.02047 0.01374 0.009726 0.007134 0.004968 0.003226 0.002186 0.001589 0.001059 0.0007624 0.0005114 0.001126
0.004179 0.04369 0.1356 0.1163 0.0786 0.05671 0.04271 0.02877 0.02122 0.01436 0.009631 0.006819 0.005002 0.003483 0.002262 0.001533 0.001114 0.0007424 0.0005345 0.001148
4.522e-08 5.371e-07 1.404e-06 1.295e-06 9.337e-07 6.31e-07 4.553e-07 3.429e-07 2.31e-07 1.703e-07 1.153e-07 7.732e-08 5.475e-08 4.016e-08 2.796e-08 1.816e-08 1.231e-08 8.946e-09 5.96e-09 1.351e-08
0.05581 0.6551 1.937 1.503 1.166 0.8408 0.5682 0.41 0.3087 0.208 0.1534 0.1038 0.06963 0.0493 0.03616 0.02518 0.01635 0.01108 0.008056 0.01753
0.1122 1.25 3.63 3.168 2.065 1.602 1.155 0.7805 0.5631 0.4241 0.2857 0.2107 0.1425 0.09564 0.06771 0.04967 0.03459 0.02246 0.01522 0.03515
0.167 1.881 5.154 4.392 3.215 2.096 1.626 1.172 0.7922 0.5716 0.4305 0.29 0.2139 0.1447 0.09707 0.06873 0.05041 0.03511 0.0228 0.05113
0.2248 2.485 6.845 5.469 3.905 2.858 1.863 1.445 1.042 0.7043 0.5081 0.3827 0.2578 0.1901 0.1286 0.0863 0.06111 0.04482 0.03121 0.06572
0.298 3.132 8.414 6.718 4.492 3.207 2.348 1.53 1.187 0.8558 0.5784 0.4173 0.3143 0.2117 0.1561 0.1056 0.07088 0.05018 0.03681 0.07961
0.3429 3.979 10.11 7.822 5.219 3.489 2.491 1.824 1.189 0.922 0.6649 0.4493 0.3242 0.2441 0.1645 0.1213 0.08207 0.05506 0.03899 0.09044
0.4039 4.444 12.39 9.011 5.821 3.884 2.597 1.854 1.357 0.8846 0.6862 0.4948 0.3344 0.2413 0.1817 0.1224 0.09027 0.06108 0.04098 0.09631
0.4814 5.12 13.45 10.68 6.473 4.182 2.79 1.865 1.332 0.9749 0.6355 0.4929 0.3554 0.2402 0.1733 0.1305 0.08793 0.06484 0.04387 0.09862
0.5143 5.997 15.15 11.26 7.439 4.51 2.913 1.944 1.3 0.9279 0.6792 0.4427 0.3434 0.2476 0.1674 0.1207 0.09093 0.06126 0.04518 0.09928
0.6148 6.319 17.4 12.35 7.636 5.044 3.058 1.975 1.318 0.8812 0.6291 0.4605 0.3002 0.2328 0.1679 0.1135 0.08187 0.06166 0.04154 0.09795
0.6488 7.465 18.01 13.86 8.171 5.05 3.336 2.023 1.307 0.8718 0.5828 0.4161 0.3046 0.1986 0.154 0.1111 0.07505 0.05415 0.04078 0.09226
0.716 7.802 20.95 14.04 8.957 5.281 3.264 2.156 1.307 0.8445 0.5635 0.3767 0.269 0.1969 0.1283 0.09954 0.07178 0.04851 0.035 0.08599
0.8042 8.536 21.58 16 8.879 5.665 3.34 2.064 1.364 0.8267 0.5341 0.3563 0.2382 0.1701 0.1245 0.08116 0.06295 0.04539 0.03068 0.07652
0.8958 9.516 23.3 16.17 9.911 5.5 3.509 2.069 1.279 0.8448 0.5121 0.3308 0.2208 0.1476 0.1054 0.07713 0.05028 0.039 0.02812 0.06641
0.9586 10.53 25.66 17.13 9.817 6.019 3.34 2.131 1.257 0.7766 0.5131 0.311 0.2009 0.1341 0.08963 0.06399 0.04684 0.03053 0.02368 0.05741
0.9836 11.2 28.06 18.53 10.21 5.848 3.586 1.99 1.269 0.7485 0.4626 0.3056 0.1853 0.1197 0.07986 0.05339 0.03812 0.02791 0.01819 0.04831
1.082 11.43 29.51 19.92 10.83 5.968 3.42 2.096 1.163 0.7422 0.4377 0.2705 0.1787 0.1083 0.06998 0.04669 0.03122 0.02229 0.01632 0.03888
1.138 12.51 29.79 20.6 11.43 6.22 3.426 1.963 1.204 0.668 0.4261 0.2513 0.1553 0.1026 0.0622 0.04018 0.02681 0.01792 0.0128 0.03169
1.233 13.1 32.27 20.45 11.61 6.448 3.508 1.932 1.107 0.6788 0.3767 0.2403 0.1417 0.08759 0.05786 0.03508 0.02266 0.01512 0.01011 0.02509
1.158 13.44 31.96 20.85 10.84 6.155 3.417 1.859 1.024 0.5867 0.3597 0.1996 0.1274 0.0751 0.04642 0.03066 0.01859 0.01201 0.008012 0.01865
1.13 12.63 32.79 20.64 11.05 5.744 3.262 1.811 0.9852 0.5426 0.3109 0.1906 0.1058 0.06749 0.0398 0.0246 0.01625 0.009851 0.006364 0.01413
1.069 12.32 30.81 21.18 10.94 5.854 3.044 1.729 0.9597 0.5221 0.2876 0.1648 0.101 0.05606 0.03577 0.02109 0.01304 0.008612 0.00522 0.01086
1.016 11.65 30.06 19.9 11.22 5.797 3.102 1.613 0.9161 0.5086 0.2767 0.1524 0.08732 0.05354 0.02971 0.01895 0.01118 0.006908 0.004564 0.008522
1.018 11.07 28.43 19.42 10.54 5.948 3.072 1.644 0.8548 0.4855 0.2695 0.1466 0.08076 0.04628 0.02837 0.01575 0.01004 0.005923 0.003661 0.006935
1.03 11.09 27.02 18.37 10.29 5.588 3.152 1.628 0.8713 0.453 0.2573 0.1428 0.0777 0.0428 0.02452 0.01503 0.008344 0.005323 0.003139 0.005615
1.033 11.22 27.07 17.45 9.733 5.453 2.961 1.67 0.8627 0.4617 0.2401 0.1363 0.07569 0.04118 0.02268 0.013 0.007968 0.004422 0.002821 0.004639
1.058 11.26 27.39 17.48 9.249 5.158 2.89 1.569 0.8852 0.4572 0.2447 0.1272 0.07225 0.04011 0.02182 0.01202 0.006887 0.004222 0.002343 0.003953
0.9835 11.54 27.47 17.69 9.265 4.901 2.733 1.531 0.8316 0.4691 0.2423 0.1297 0.06742 0.03829 0.02126 0.01156 0.006369 0.00365 0.002238 0.003337
0.9635 10.72 28.15 17.74 9.374 4.91 2.597 1.448 0.8115 0.4407 0.2486 0.1284 0.06872 0.03573 0.02029 0.01126 0.006128 0.003375 0.001934 0.002954
0.9825 10.5 26.16 18.18 9.403 4.968 2.602 1.376 0.7676 0.4301 0.2336 0.1317 0.06804 0.03642 0.01893 0.01075 0.005969 0.003248 0.001789 0.002591
1.007 10.71 25.63 16.9 9.634 4.983 2.633 1.379 0.7294 0.4068 0.2279 0.1238 0.06981 0.03606 0.0193 0.01003 0.005698 0.003163 0.001721 0.002321
0.9911 10.98 26.13 16.55 8.955 5.106 2.641 1.395 0.7307 0.3866 0.2156 0.1208 0.06559 0.037 0.01911 0.01023 0.005317 0.00302 0.001676 0.002142
0.9766 10.81 26.79 16.88 8.773 4.745 2.706 1.399 0.7393 0.3872 0.2049 0.1142 0.06401 0.03476 0.01961 0.01013 0.00542 0.002818 0.0016 0.002024
0.9554 10.65 26.36 17.3 8.946 4.649 2.515 1.434 0.7416 0.3918 0.2052 0.1086 0.06054 0.03392 0.01842 0.01039 0.005367 0.002872 0.001493 0.00192
0.8952 10.42 25.98 17.03 9.17 4.741 2.464 1.333 0.7598 0.393 0.2076 0.1088 0.05753 0.03208 0.01798 0.009762 0.005506 0.002844 0.001522 0.001809
0.927 9.76 25.41 16.78 9.024 4.86 2.512 1.306 0.7062 0.4027 0.2083 0.11 0.05763 0.03049 0.017 0.009526 0.005173 0.002918 0.001507 0.001765
0.9436 10.11 23.81 16.41 8.892 4.782 2.575 1.331 0.6919 0.3743 0.2134 0.1104 0.05831 0.03054 0.01616 0.00901 0.005048 0.002741 0.001546 0.001734
0.9015 10.29 24.66 15.38 8.699 4.712 2.534 1.365 0.7055 0.3667 0.1983 0.1131 0.05849 0.0309 0.01619 0.008562 0.004775 0.002675 0.001453 0.001739
0.8974 9.594 24.55 15.59 7.976 4.511 2.444 1.314 0.7078 0.3659 0.1901 0.1029 0.05864 0.03033 0.01603 0.008393 0.00444 0.002476 0.001387 0.001655
0.85 9.551 22.96 15.6 8.133 4.162 2.354 1.275 0.6858 0.3693 0.1909 0.09922 0.05367 0.0306 0.01583 0.008362 0.00438 0.002317 0.001292 0.001588
0.8508 9.048 22.92 14.68 8.194 4.271 2.186 1.236 0.6696 0.3601 0.1939 0.1003 0.0521 0.02818 0.01607 0.008311 0.004391 0.0023 0.001217 0.001512
0.8569 9.056 21.77 14.73 7.754 4.329 2.256 1.155 0.653 0.3537 0.1903 0.1025 0.05297 0.02753 0.01489 0.008489 0.004391 0.00232 0.001215 0.001442
0.9322 9.122 21.85 14.07 7.831 4.122 2.301 1.199 0.6138 0.3471 0.188 0.1011 0.05446 0.02816 0.01463 0.007915 0.004513 0.002334 0.001233 0.001412
0.9618 9.923 22.06 14.2 7.525 4.188 2.204 1.231 0.6415 0.3283 0.1857 0.1006 0.05409 0.02913 0.01506 0.007826 0.004233 0.002414 0.001248 0.001415
0.9627 10.24 24.06 14.42 7.64 4.049 2.254 1.186 0.6622 0.3452 0.1766 0.0999 0.05412 0.0291 0.01567 0.008103 0.004211 0.002278 0.001299 0.001433
0.9675 10.24 24.89 15.81 7.804 4.135 2.192 1.22 0.6421 0.3585 0.1868 0.09562 0.05408 0.02929 0.01575 0.008484 0.004386 0.002279 0.001233 0.001479
0.9958 10.29 24.97 16.43 8.608 4.249 2.252 1.194 0.6643 0.3496 0.1952 0.1017 0.05207 0.02945 0.01595 0.008579 0.00462 0.002388 0.001241 0.001477
1.044 10.59 25.15 16.58 9.002 4.715 2.328 1.233 0.6538 0.3639 0.1915 0.1069 0.05573 0.02852 0.01613 0.008738 0.004699 0.002531 0.001308 0.001489
1.053 11.1 25.94 16.78 9.133 4.96 2.598 1.282 0.6796 0.3602 0.2005 0.1055 0.05891 0.0307 0.01571 0.008887 0.004814 0.002589 0.001394 0.001541
0.9441 11.19 27.24 17.4 9.3 5.061 2.748 1.439 0.7106 0.3766 0.1996 0.1111 0.05847 0.03264 0.01701 0.008708 0.004924 0.002668 0.001435 0.001627
0.917 10.03 27.52 18.37 9.697 5.183 2.82 1.532 0.8022 0.396 0.2099 0.1112 0.06191 0.03258 0.01819 0.009482 0.004853 0.002744 0.001487 0.001706
0.9974 9.737 24.72 18.65 10.29 5.434 2.904 1.581 0.8584 0.4496 0.2219 0.1176 0.06234 0.0347 0.01826 0.0102 0.005314 0.002719 0.001538 0.001789
0.9205 10.58 24.05 16.83 10.51 5.8 3.062 1.637 0.8906 0.4837 0.2533 0.1251 0.06627 0.03513 0.01955 0.01029 0.005745 0.002994 0.001532 0.001875
0.854 9.76 26.19 16.45 9.537 5.953 3.286 1.735 0.9272 0.5046 0.274 0.1435 0.07085 0.03755 0.0199 0.01108 0.00583 0.003255 0.001696 0.00193
0.8831 9.046 24.2 18 9.371 5.432 3.39 1.871 0.988 0.5281 0.2874 0.1561 0.08173 0.04035 0.02138 0.01133 0.006308 0.00332 0.001854 0.002065
0.8842 9.345 22.47 16.71 10.31 5.365 3.109 1.941 1.071 0.5656 0.3023 0.1645 0.08934 0.04679 0.0231 0.01224 0.006488 0.003611 0.001901 0.002243
0.9165 9.345 23.24 15.58 9.612 5.929 3.086 1.789 1.116 0.6162 0.3254 0.1739 0.09463 0.05139 0.02692 0.01329 0.007042 0.003732 0.002077 0.002384
