Originally  
101 
A 
2	100	
1	1	NA	NA	
1	20	
1 320.4 221.8 135.6 184.9 160.2 110.9 36.97 24.65 24.65 12.32 0 0 0 0 0 0 0 0 0 0
1 382.8 264 184.8 145.2 132 66 52.8 13.2 52.8 13.2 0 0 13.2 0 0 0 0 0 0 0
1 510.1 201.4 201.4 93.97 93.97 67.12 80.55 40.27 0 13.42 26.85 13.42 0 0 0 0 0 0 0 0
1 327.8 262.3 87.42 120.2 76.5 32.78 54.64 10.93 10.93 32.78 21.86 10.93 0 21.86 10.93 10.93 0 0 0 0
1 396.7 210.7 173.5 99.16 148.7 37.19 61.98 61.98 12.4 24.79 0 12.4 0 0 0 0 0 0 0 0
1 235.7 280.5 202 89.78 78.55 89.78 33.67 22.44 11.22 11.22 22.44 0 33.67 0 11.22 0 0 0 0 0
1 373.8 280.3 213.6 120.1 93.44 66.74 53.39 66.74 40.05 26.7 0 0 0 0 0 0 0 0 0 0
1 346 190.9 250.6 59.66 59.66 71.59 71.59 47.73 35.8 0 23.86 0 0 11.93 0 23.86 0 0 0 0
1 496.6 347.6 231.7 198.6 132.4 16.55 49.66 33.11 16.55 99.32 16.55 0 0 0 0 0 16.55 0 0 0
1 305.7 218.3 174.7 152.8 65.5 65.5 32.75 21.83 21.83 21.83 10.92 0 0 0 0 0 0 0 0 0
1 300.2 271.1 116.2 87.15 29.05 48.42 19.37 38.73 0 19.37 19.37 9.683 0 0 0 0 9.683 0 0 0
1 389.4 121.7 158.2 194.7 146 24.34 36.51 24.34 48.68 48.68 12.17 12.17 0 0 0 0 0 0 0 0
1 214.2 223.5 149 121.1 74.5 27.94 18.62 18.62 9.312 9.312 9.312 0 27.94 9.312 9.312 9.312 0 0 0 0
1 325.3 232.4 209.1 104.6 69.72 81.34 0 34.86 11.62 34.86 11.62 23.24 0 0 11.62 0 0 0 0 11.62
1 307.1 257.5 128.8 99.05 59.43 59.43 39.62 29.71 9.905 0 0 0 0 0 0 0 0 0 0 0
1 233.6 245.2 233.6 210.2 81.75 23.36 23.36 46.71 35.03 0 0 0 11.68 0 11.68 0 11.68 0 0 0
1 287.9 287.9 342.8 109.7 109.7 82.27 54.85 27.42 27.42 13.71 0 0 13.71 13.71 0 0 0 0 0 0
1 515.2 286.2 171.7 186 85.87 100.2 14.31 42.93 28.62 0 0 0 0 0 0 0 0 0 0 0
1 415.3 141.8 111.4 111.4 70.9 50.64 60.77 10.13 10.13 0 10.13 0 10.13 0 0 0 10.13 0 0 0
1 527.2 228 199.5 142.5 114 28.5 71.25 28.5 42.75 28.5 14.25 0 0 0 0 0 0 0 0 0
1 231.5 222.2 194.5 92.6 83.34 37.04 27.78 9.26 9.26 0 0 0 0 9.26 0 0 9.26 0 0 0
1 269.4 173.2 163.5 76.96 67.34 76.96 38.48 57.72 9.62 0 0 9.62 0 0 9.62 0 9.62 0 0 0
1 278.2 290.9 215 202.4 101.2 88.53 12.65 25.29 25.29 0 0 0 0 12.65 12.65 0 0 0 0 0
1 321.9 309 180.3 90.13 115.9 77.25 38.63 38.63 12.88 51.5 12.88 0 0 12.88 0 0 0 12.88 0 12.88
1 484.2 249 221.4 138.3 41.5 110.7 41.5 27.67 0 27.67 13.83 13.83 0 0 13.83 0 0 0 0 0
1 407.4 135.8 147.1 192.4 79.22 56.59 33.95 11.32 33.95 0 0 0 11.32 0 11.32 0 0 11.32 0 0
1 397 248.2 235.7 124.1 99.26 37.22 37.22 12.41 24.82 0 12.41 0 12.41 0 0 0 0 0 0 0
1 395.7 279.3 221.1 58.19 104.7 34.92 11.64 0 0 11.64 0 11.64 11.64 11.64 0 0 0 0 0 11.64
1 514.7 533.7 171.6 190.6 209.7 114.4 76.25 0 38.12 38.12 0 19.06 0 0 0 0 0 0 0 0
1 685.3 291.2 257 102.8 102.8 34.26 51.4 17.13 102.8 34.26 34.26 0 0 0 0 0 0 0 0 0
1 468.2 173.9 254.2 187.3 66.89 66.89 40.13 13.38 53.51 0 13.38 0 0 0 0 0 0 0 0 0
1 315.5 203.6 101.8 91.61 40.72 122.1 30.54 30.54 20.36 20.36 10.18 0 10.18 10.18 0 10.18 0 0 0 0
1 461.2 252.9 178.5 119 208.3 89.27 44.63 59.51 29.76 14.88 29.76 0 0 0 0 0 0 0 0 0
1 582.1 382.5 116.4 149.7 149.7 66.53 33.27 33.27 66.53 0 16.63 33.27 0 33.27 0 0 0 0 0 0
1 397.7 285.9 211.3 37.28 111.9 49.71 24.86 37.28 12.43 37.28 12.43 0 12.43 0 0 12.43 0 0 0 0
1 584.5 373.4 162.4 292.3 81.18 0 32.47 32.47 32.47 0 0 16.24 0 16.24 0 0 0 0 0 0
1 659.2 404 446.6 170.1 127.6 106.3 63.8 85.06 42.53 21.27 0 0 0 0 0 0 0 0 0 0
1 541.8 190.4 278.2 161.1 117.1 43.93 29.29 14.64 29.29 0 29.29 14.64 14.64 0 0 0 0 0 0 0
1 311 255.5 166.6 55.54 99.97 77.76 22.22 22.22 33.32 11.11 22.22 22.22 11.11 0 0 0 0 0 0 0
1 410.8 211.6 249 87.13 49.79 37.34 62.24 37.34 37.34 0 0 12.45 37.34 12.45 0 0 0 0 0 0
1 291.4 246.6 168.1 123.3 89.66 89.66 33.62 22.42 0 11.21 11.21 0 11.21 0 11.21 0 11.21 0 0 0
1 418.5 348.8 139.5 167.4 41.85 41.85 41.85 55.8 27.9 27.9 27.9 13.95 13.95 13.95 13.95 0 0 0 0 0
1 349.9 224.9 287.4 112.5 125 49.98 24.99 24.99 12.5 12.5 0 0 0 12.5 0 0 12.5 0 0 0
1 213.8 155.5 252.6 106.9 68.02 77.73 38.87 9.717 19.43 0 0 9.717 0 0 9.717 0 9.717 0 0 0
1 344.6 222.3 222.3 111.2 44.47 44.47 22.23 22.23 33.35 22.23 0 0 11.12 0 0 0 0 11.12 0 0
1 428.3 351.8 275.4 91.79 107.1 91.79 30.6 45.89 15.3 15.3 30.6 15.3 15.3 0 15.3 0 0 0 0 0
1 327.9 185.8 196.7 76.51 65.58 32.79 109.3 54.65 10.93 10.93 0 0 0 0 21.86 0 0 0 0 0
1 402.8 431.6 215.8 172.6 28.77 71.93 43.16 0 14.39 0 14.39 0 43.16 0 0 0 0 0 0 0
1 443.9 177.6 157.8 69.06 78.92 19.73 0 9.865 19.73 0 9.865 0 0 0 0 0 0 0 0 0
1 344.5 226.1 140 140 86.14 32.3 21.53 10.77 21.53 32.3 10.77 0 10.77 0 0 0 0 0 0 0
1 299.7 183.2 133.2 8.325 66.6 66.6 24.98 33.3 0 8.325 0 0 0 8.325 0 0 0 0 0 0
1 300 172.5 67.5 30 82.5 52.5 15 0 7.5 0 0 15 0 7.5 0 0 0 0 0 0
1 388.3 271.8 194.2 168.3 129.4 25.89 25.89 38.83 25.89 25.89 0 0 0 0 0 0 0 0 0 0
1 312.7 285.1 119.6 73.58 64.38 9.197 9.197 0 18.39 0 0 18.39 0 9.197 0 0 0 0 0 0
1 520.7 406.8 227.8 179 48.81 16.27 113.9 48.81 32.54 16.27 0 16.27 0 0 0 0 0 0 0 0
1 300.8 310.9 140.4 110.3 40.11 40.11 10.03 30.08 10.03 0 10.03 0 0 0 0 0 0 0 0 0
1 283 205.8 145.8 120 34.3 51.45 8.574 8.574 0 0 0 0 0 0 0 0 0 0 0 0
1 303.5 326.8 221.8 140.1 93.38 46.69 0 0 0 11.67 11.67 11.67 0 0 0 0 0 0 0 0
1 336.5 234.5 193.7 152.9 40.78 10.2 20.39 10.2 10.2 0 10.2 0 0 0 0 0 0 0 0 0
1 213.6 245.3 142.4 71.21 63.29 39.56 7.912 0 0 7.912 0 0 0 0 0 0 0 0 0 0
1 467.6 293.6 141.4 87 32.63 43.5 0 10.88 0 10.88 0 0 0 0 0 0 0 0 0 0
1 435.2 252 194.7 91.62 68.71 45.81 22.9 11.45 0 11.45 0 11.45 0 0 0 0 0 0 0 0
1 246.7 255.8 182.7 146.2 45.69 18.27 9.137 0 0 0 0 9.137 0 0 0 0 0 0 0 0
1 397.6 272.6 204.5 113.6 102.2 34.08 0 11.36 0 0 0 0 0 0 0 0 0 0 0 0
1 267.9 212.8 126.1 94.56 47.28 15.76 23.64 0 0 0 0 0 0 0 0 0 0 0 0 0
1 311.4 227.3 134.7 42.08 92.58 16.83 8.417 0 0 0 8.417 0 0 0 0 0 0 0 0 0
1 407.2 342.9 128.6 75.01 42.86 64.29 10.72 0 0 0 0 0 0 0 0 0 0 0 0 0
1 417.6 250.6 250.6 107.4 59.66 71.59 11.93 0 23.86 0 0 0 0 0 0 0 0 0 0 0
1 269 210.8 58.15 43.62 79.96 43.62 0 14.54 7.269 0 0 0 0 0 0 0 0 0 0 0
1 318.5 262.3 140.5 84.3 65.57 0 28.1 18.73 9.367 9.367 0 0 0 0 0 0 0 0 0 0
1 316.8 267.3 217.8 89.09 29.7 39.6 9.899 9.899 0 9.899 0 0 0 0 0 0 0 0 0 0
1 346.5 155.6 99 56.57 14.14 21.22 0 14.14 0 0 0 0 0 0 0 0 0 0 0 0
1 386.3 306.8 170.4 113.6 79.53 45.45 22.72 0 0 0 11.36 0 0 0 0 0 0 0 0 0
1 295.1 199.4 167.5 63.81 31.91 15.95 7.976 0 7.976 0 0 7.976 0 0 0 0 0 0 0 0
1 440 261.9 115.2 125.7 52.39 20.95 10.48 10.48 10.48 0 0 0 0 0 0 0 0 0 0 0
1 361.1 281.9 114.5 61.66 17.62 26.42 0 0 0 17.62 0 0 0 0 0 0 0 0 0 0
1 256.3 187 145.5 55.42 27.71 13.85 0 0 6.927 0 0 0 0 0 0 0 0 0 0 0
1 400.8 223.7 121.2 46.6 65.24 46.6 18.64 9.321 0 0 0 0 0 0 0 0 0 0 0 0
1 302.2 214.7 103.4 79.54 55.68 0 31.81 0 7.954 0 0 0 0 0 0 0 0 0 0 0
1 281 264 127.7 85.15 51.09 25.54 17.03 0 0 0 0 0 0 0 0 0 0 0 0 0
1 270.9 194.5 138.9 41.67 20.84 0 6.945 13.89 6.945 0 0 0 0 0 0 0 0 0 0 0
1 298.8 262.6 144.9 108.7 27.16 36.22 18.11 9.054 0 0 0 0 0 0 0 0 0 0 0 0
1 304.5 188.5 123.3 43.51 43.51 14.5 7.251 0 0 0 0 0 0 0 0 0 0 0 0 0
1 379.1 243.7 153.4 36.1 45.13 9.026 27.08 9.026 0 0 0 0 0 0 0 0 0 0 0 0
1 382.3 241.5 221.4 50.31 50.31 30.19 20.12 10.06 0 0 0 0 0 0 0 0 0 0 0 0
1 331 246.1 101.8 59.41 42.44 42.44 16.97 0 0 0 8.487 0 0 0 0 0 0 0 0 0
1 442.1 204.9 248 64.7 43.13 21.57 10.78 21.57 10.78 10.78 0 0 0 0 0 0 0 0 0 0
1 635 332.6 257 151.2 30.24 30.24 60.48 0 15.12 0 0 0 0 0 0 0 0 0 0 0
1 253.7 211.4 211.4 93.02 59.19 8.456 8.456 0 0 0 0 0 0 0 0 0 0 0 0 0
1 519.4 216.4 151.5 64.92 64.92 43.28 21.64 0 0 0 0 0 0 0 0 0 0 0 0 0
1 431.6 363.4 181.7 68.14 22.71 22.71 11.36 0 11.36 11.36 0 0 11.36 0 0 0 0 0 0 0
1 461.2 281.2 168.7 101.2 33.74 56.24 11.25 11.25 0 0 0 0 0 0 0 0 0 0 0 0
1 864.7 334.1 334.1 275.1 58.95 58.95 39.3 0 0 0 0 0 0 0 0 0 0 0 0 0
1 309 171.7 154.5 103 68.67 25.75 17.17 8.584 0 0 0 0 0 0 0 0 0 0 0 0
1 560.7 485 166.7 60.62 121.2 60.62 30.31 15.16 15.16 0 0 0 0 0 0 0 0 0 0 0
1 481.4 374.4 307.6 53.49 26.74 40.12 40.12 0 0 0 0 0 0 0 13.37 0 0 0 0 0
1 642 244.6 305.7 183.4 91.72 15.29 15.29 30.57 0 0 0 0 0 0 0 0 0 0 0 0
1 746.1 423.9 186.5 118.7 84.78 67.82 0 50.87 0 16.96 0 0 0 0 0 0 0 0 0 0
1 619.3 526.4 232.2 108.4 30.96 15.48 0 15.48 0 0 0 0 0 0 0 0 0 0 0 0
