 landings-at-age - landings.n (units : NA )
1	2	
2	100	
1	20	
1 
0.02659 0.2984 0.8352 0.6934 0.4839 0.3377 0.2357 0.1644 0.1148 0.08008 0.05589 0.039 0.02722 0.01899 0.01325 0.009249 0.006454 0.004504 0.003143 0.007259
0.003908 0.05216 0.1462 0.1214 0.08475 0.05914 0.04127 0.0288 0.0201 0.01403 0.009787 0.00683 0.004766 0.003326 0.002321 0.00162 0.00113 0.0007888 0.0005504 0.001271
0.00392 0.04388 0.1464 0.1219 0.08515 0.05942 0.04147 0.02894 0.02019 0.01409 0.009834 0.006862 0.004789 0.003342 0.002332 0.001627 0.001136 0.0007925 0.000553 0.001277
0.003479 0.04401 0.1231 0.122 0.08549 0.0597 0.04166 0.02907 0.02029 0.01416 0.00988 0.006895 0.004811 0.003358 0.002343 0.001635 0.001141 0.0007963 0.0005557 0.001283
0.003231 0.03907 0.1235 0.1027 0.08557 0.05994 0.04186 0.02921 0.02038 0.01423 0.009927 0.006927 0.004834 0.003374 0.002354 0.001643 0.001146 8e-04 0.0005583 0.001289
0.00345 0.03627 0.1096 0.103 0.07198 0.06 0.04203 0.02935 0.02048 0.01429 0.009974 0.00696 0.004857 0.00339 0.002365 0.001651 0.001152 0.0008038 0.0005609 0.001295
0.003763 0.03874 0.1018 0.09141 0.0722 0.05047 0.04207 0.02947 0.02058 0.01436 0.01002 0.006993 0.00488 0.003406 0.002377 0.001658 0.001157 0.0008076 0.0005636 0.001302
0.003911 0.04226 0.1087 0.08488 0.06409 0.05062 0.03539 0.0295 0.02066 0.01443 0.01007 0.007026 0.004903 0.003422 0.002388 0.001666 0.001163 0.0008114 0.0005663 0.001308
0.003859 0.04391 0.1186 0.09064 0.05951 0.04494 0.0355 0.02481 0.02068 0.01449 0.01012 0.00706 0.004926 0.003438 0.002399 0.001674 0.001168 0.0008153 0.0005689 0.001314
0.003863 0.04333 0.1232 0.09887 0.06355 0.04172 0.03151 0.02489 0.0174 0.0145 0.01016 0.007093 0.00495 0.003454 0.00241 0.001682 0.001174 0.0008191 0.0005716 0.00132
0.003866 0.04338 0.1216 0.1027 0.06932 0.04456 0.02926 0.02209 0.01745 0.0122 0.01017 0.007121 0.004973 0.003471 0.002422 0.00169 0.001179 0.000823 0.0005743 0.001326
0.004066 0.04341 0.1217 0.1014 0.07204 0.04861 0.03124 0.02051 0.01549 0.01223 0.008552 0.007128 0.004993 0.003487 0.002433 0.001698 0.001185 0.0008269 0.0005771 0.001333
0.00399 0.04565 0.1218 0.1015 0.07109 0.05051 0.03408 0.02191 0.01438 0.01086 0.008578 0.005996 0.004998 0.003501 0.002445 0.001706 0.001191 0.0008308 0.0005798 0.001339
0.003973 0.0448 0.1281 0.1016 0.07116 0.04984 0.03542 0.0239 0.01536 0.01008 0.007615 0.006015 0.004204 0.003504 0.002455 0.001714 0.001196 0.0008348 0.0005825 0.001345
0.003791 0.04461 0.1257 0.1068 0.07121 0.0499 0.03495 0.02483 0.01675 0.01077 0.00707 0.005339 0.004217 0.002948 0.002457 0.001721 0.001202 0.0008387 0.0005853 0.001352
0.003814 0.04257 0.1252 0.1048 0.0749 0.04993 0.03498 0.0245 0.01741 0.01175 0.007551 0.004957 0.003743 0.002957 0.002067 0.001723 0.001207 0.0008427 0.0005881 0.001358
0.003667 0.04282 0.1194 0.1044 0.07349 0.05252 0.03501 0.02453 0.01718 0.01221 0.008236 0.005294 0.003476 0.002625 0.002073 0.001449 0.001208 0.000846 0.0005908 0.001365
0.003383 0.04118 0.1202 0.0996 0.07319 0.05153 0.03682 0.02455 0.0172 0.01205 0.008559 0.005775 0.003712 0.002437 0.00184 0.001454 0.001016 0.0008469 0.0005932 0.001371
0.003478 0.03798 0.1155 0.1002 0.06984 0.05132 0.03613 0.02582 0.01721 0.01206 0.008446 0.006001 0.004049 0.002603 0.001709 0.00129 0.001019 0.0007124 0.0005938 0.001377
0.003427 0.03905 0.1066 0.09635 0.07026 0.04896 0.03598 0.02533 0.0181 0.01207 0.008455 0.005922 0.004208 0.002839 0.001825 0.001198 0.0009047 0.0007146 0.0004995 0.001382
0.00339 0.03847 0.1096 0.08887 0.06756 0.04926 0.03433 0.02523 0.01776 0.01269 0.008461 0.005928 0.004152 0.00295 0.00199 0.001279 0.00084 0.0006343 0.000501 0.001319
0.003526 0.03806 0.108 0.09138 0.06231 0.04737 0.03454 0.02407 0.01769 0.01245 0.008899 0.005932 0.004156 0.002911 0.002068 0.001396 0.000897 0.0005889 0.0004447 0.001276
0.003534 0.03959 0.1068 0.09002 0.06407 0.04369 0.03321 0.02422 0.01688 0.0124 0.008731 0.006239 0.004159 0.002914 0.002041 0.00145 0.0009785 0.000629 0.0004129 0.001207
0.003566 0.03968 0.1111 0.08906 0.06312 0.04492 0.03063 0.02329 0.01698 0.01183 0.008696 0.006122 0.004375 0.002916 0.002043 0.001431 0.001017 0.0006861 0.000441 0.001136
0.003688 0.04004 0.1114 0.09264 0.06245 0.04426 0.0315 0.02148 0.01633 0.0119 0.008297 0.006097 0.004292 0.003067 0.002045 0.001433 0.001003 0.000713 0.000481 0.001105
0.003477 0.04141 0.1123 0.09286 0.06495 0.04378 0.03103 0.02208 0.01506 0.01145 0.008347 0.005817 0.004275 0.00301 0.002151 0.001434 0.001004 0.0007035 0.0004999 0.001112
0.003329 0.03904 0.1162 0.09368 0.06511 0.04554 0.0307 0.02176 0.01548 0.01056 0.008026 0.005852 0.004079 0.002997 0.00211 0.001508 0.001005 0.0007043 0.0004933 0.00113
0.003344 0.03738 0.1095 0.09688 0.06568 0.04565 0.03193 0.02152 0.01525 0.01086 0.007403 0.005628 0.004103 0.00286 0.002102 0.001479 0.001057 0.0007048 0.0004938 0.001138
0.00317 0.03755 0.1049 0.09134 0.06793 0.04605 0.03201 0.02239 0.01509 0.0107 0.007612 0.005191 0.003946 0.002877 0.002005 0.001473 0.001037 0.0007413 0.0004942 0.001144
0.003775 0.03559 0.1054 0.08745 0.06404 0.04763 0.03229 0.02244 0.0157 0.01058 0.007499 0.005337 0.003639 0.002767 0.002017 0.001406 0.001033 0.0007273 0.0005197 0.001149
0.00406 0.04239 0.09987 0.08787 0.06132 0.0449 0.03339 0.02264 0.01573 0.01101 0.007419 0.005258 0.003742 0.002552 0.00194 0.001414 0.0009857 0.0007244 0.00051 0.00117
0.003945 0.04559 0.1189 0.08328 0.06161 0.04299 0.03148 0.02341 0.01587 0.01103 0.007717 0.005202 0.003687 0.002624 0.001789 0.00136 0.0009917 0.0006911 0.0005079 0.001178
0.004037 0.04429 0.1279 0.09918 0.05839 0.0432 0.03014 0.02208 0.01642 0.01113 0.007735 0.005411 0.003647 0.002585 0.00184 0.001254 0.0009536 0.0006953 0.0004846 0.001182
0.00406 0.04533 0.1243 0.1067 0.06954 0.04094 0.03029 0.02114 0.01548 0.01151 0.007803 0.005423 0.003794 0.002557 0.001812 0.00129 0.0008795 0.0006686 0.0004875 0.001168
0.003712 0.04559 0.1272 0.1036 0.07479 0.04876 0.02871 0.02124 0.01482 0.01085 0.008071 0.005471 0.003803 0.00266 0.001793 0.001271 0.0009043 0.0006167 0.0004688 0.001161
0.003645 0.04169 0.1279 0.1061 0.07267 0.05244 0.03419 0.02013 0.01489 0.01039 0.007609 0.005659 0.003836 0.002666 0.001865 0.001257 0.0008909 0.0006341 0.0004324 0.001143
0.003601 0.04092 0.117 0.1067 0.07437 0.05095 0.03677 0.02397 0.01411 0.01044 0.007285 0.005335 0.003967 0.00269 0.001869 0.001308 0.0008814 0.0006247 0.0004446 0.001104
0.003517 0.04043 0.1148 0.09754 0.07479 0.05214 0.03572 0.02578 0.01681 0.009895 0.00732 0.005108 0.003741 0.002782 0.001886 0.001311 0.0009168 0.000618 0.000438 0.001086
0.003822 0.0395 0.1134 0.09576 0.06839 0.05244 0.03656 0.02505 0.01808 0.01178 0.006938 0.005132 0.003581 0.002623 0.00195 0.001322 0.000919 0.0006428 0.0004333 0.001069
0.2204 2.348 5.968 5.074 3.601 2.572 1.972 1.375 0.942 0.6798 0.4432 0.2609 0.193 0.1347 0.09864 0.07335 0.04973 0.03456 0.02418 0.05648
0.2798 3.162 8.2 6.051 4.306 3.056 2.183 1.673 1.167 0.7994 0.5769 0.3761 0.2214 0.1638 0.1143 0.0837 0.06225 0.0422 0.02933 0.06845
0.1642 1.781 4.935 3.704 2.285 1.626 1.154 0.8242 0.6319 0.4406 0.3019 0.2178 0.142 0.08361 0.06185 0.04316 0.03161 0.02351 0.01593 0.03692
0.2568 2.705 7.177 5.809 3.654 2.254 1.604 1.138 0.8129 0.6233 0.4346 0.2977 0.2149 0.1401 0.08247 0.06101 0.04257 0.03118 0.02318 0.05214
0.2454 2.631 6.774 5.217 3.533 2.222 1.371 0.9754 0.6922 0.4944 0.3791 0.2643 0.1811 0.1307 0.08518 0.05015 0.0371 0.02589 0.01896 0.04581
0.3368 3.68 9.595 7.173 4.624 3.131 1.969 1.215 0.8644 0.6135 0.4382 0.336 0.2342 0.1605 0.1158 0.0755 0.04445 0.03288 0.02295 0.0574
0.315 3.191 8.491 6.392 3.994 2.574 1.743 1.096 0.6763 0.4813 0.3416 0.2439 0.187 0.1304 0.08935 0.06448 0.04203 0.02475 0.01831 0.04473
0.2672 3.008 7.449 5.748 3.62 2.261 1.458 0.9871 0.6209 0.383 0.2725 0.1934 0.1381 0.1059 0.07384 0.05059 0.03651 0.0238 0.01401 0.03569
0.3446 3.727 10.23 7.36 4.754 2.994 1.87 1.205 0.8163 0.5135 0.3167 0.2254 0.16 0.1142 0.08759 0.06107 0.04184 0.03019 0.01968 0.04111
0.3464 3.983 10.48 8.315 5.004 3.232 2.035 1.272 0.8196 0.555 0.3491 0.2153 0.1532 0.1088 0.07767 0.05956 0.04152 0.02845 0.02053 0.04133
0.3019 3.566 9.986 7.594 5.038 3.032 1.958 1.233 0.7704 0.4966 0.3363 0.2115 0.1305 0.09284 0.06589 0.04706 0.03608 0.02516 0.01724 0.03748
0.3142 3.704 10.64 8.627 5.487 3.64 2.191 1.415 0.891 0.5567 0.3588 0.243 0.1528 0.09427 0.06708 0.04761 0.034 0.02607 0.01818 0.03954
0.3952 3.834 10.97 9.095 6.163 3.92 2.601 1.565 1.011 0.6366 0.3977 0.2563 0.1736 0.1092 0.06735 0.04793 0.03401 0.02429 0.01863 0.04123
0.3479 3.942 9.295 7.662 5.309 3.598 2.288 1.518 0.9136 0.5901 0.3716 0.2322 0.1496 0.1013 0.06374 0.03932 0.02798 0.01986 0.01418 0.03494
0.3473 4.031 11.1 7.564 5.212 3.612 2.448 1.557 1.033 0.6215 0.4014 0.2528 0.1579 0.1018 0.06894 0.04336 0.02675 0.01903 0.01351 0.03342
0.3612 4.204 11.84 9.406 5.356 3.691 2.557 1.733 1.102 0.7313 0.4401 0.2843 0.179 0.1118 0.07208 0.04881 0.0307 0.01894 0.01348 0.03323
0.3646 3.863 10.91 8.846 5.872 3.344 2.304 1.597 1.082 0.6882 0.4565 0.2747 0.1775 0.1118 0.06982 0.045 0.03047 0.01917 0.01182 0.02916
0.3326 3.837 9.876 8.043 5.45 3.618 2.06 1.42 0.9836 0.6666 0.424 0.2813 0.1693 0.1093 0.06885 0.04301 0.02772 0.01877 0.01181 0.02525
0.3596 3.881 10.87 8.081 5.501 3.727 2.474 1.409 0.9709 0.6727 0.4559 0.29 0.1924 0.1158 0.07477 0.04708 0.02942 0.01896 0.01284 0.02534
0.3176 3.362 8.841 7.148 4.44 3.023 2.048 1.359 0.7741 0.5335 0.3696 0.2505 0.1593 0.1057 0.0636 0.04108 0.02587 0.01616 0.01042 0.02098
0.2976 3.397 8.776 6.69 4.525 2.811 1.913 1.296 0.8605 0.49 0.3377 0.234 0.1586 0.1008 0.0669 0.04026 0.02601 0.01638 0.01023 0.01987
0.2168 2.498 6.99 5.246 3.346 2.263 1.406 0.9568 0.6483 0.4303 0.245 0.1689 0.117 0.07929 0.05043 0.03346 0.02013 0.01301 0.00819 0.01506
0.2409 2.562 7.243 5.916 3.719 2.372 1.604 0.9966 0.6784 0.4596 0.3051 0.1737 0.1197 0.08296 0.05622 0.03576 0.02372 0.01428 0.009221 0.01648
0.3782 4.232 10.96 9.014 6.167 3.877 2.473 1.672 1.039 0.7071 0.4791 0.318 0.1811 0.1248 0.08647 0.0586 0.03727 0.02473 0.01488 0.02679
0.248 2.81 7.689 5.751 3.953 2.705 1.7 1.084 0.7335 0.4556 0.3101 0.2101 0.1395 0.07942 0.05473 0.03793 0.0257 0.01635 0.01084 0.01828
0.2042 2.292 6.382 5.091 3.188 2.192 1.499 0.9426 0.6012 0.4066 0.2526 0.1719 0.1165 0.07733 0.04403 0.03034 0.02102 0.01425 0.009062 0.01614
0.3502 4.036 11.04 8.963 5.991 3.752 2.579 1.765 1.109 0.7075 0.4785 0.2972 0.2023 0.1371 0.091 0.05182 0.03571 0.02474 0.01677 0.02966
0.2168 2.61 7.357 5.816 3.948 2.639 1.652 1.136 0.7772 0.4886 0.3116 0.2108 0.1309 0.08911 0.06038 0.04008 0.02282 0.01573 0.0109 0.02045
0.2344 2.542 7.5 6.16 4.078 2.768 1.85 1.159 0.7966 0.5449 0.3426 0.2185 0.1478 0.0918 0.06249 0.04234 0.0281 0.016 0.01103 0.02198
0.2817 3.178 8.416 7.223 4.967 3.289 2.232 1.492 0.9344 0.6424 0.4395 0.2763 0.1762 0.1192 0.07403 0.05039 0.03414 0.02266 0.01291 0.02662
0.2862 3.158 8.688 6.669 4.788 3.292 2.18 1.48 0.989 0.6193 0.4258 0.2913 0.1831 0.1168 0.07899 0.04907 0.0334 0.02263 0.01502 0.0262
0.2576 2.806 7.567 6.038 3.877 2.783 1.914 1.267 0.8602 0.5749 0.3601 0.2475 0.1693 0.1065 0.0679 0.04592 0.02853 0.01942 0.01316 0.02396
0.2316 2.292 6.128 4.808 3.211 2.062 1.48 1.018 0.674 0.4575 0.3058 0.1915 0.1316 0.09006 0.05662 0.03611 0.02442 0.01517 0.01033 0.01974
0.4144 4.432 10.68 8.322 5.47 3.653 2.346 1.684 1.158 0.7668 0.5205 0.3479 0.2179 0.1498 0.1025 0.06441 0.04108 0.02779 0.01726 0.03421
0.3216 3.495 9.119 6.344 4.131 2.716 1.814 1.164 0.836 0.5749 0.3806 0.2584 0.1727 0.1081 0.07435 0.05086 0.03198 0.02039 0.01379 0.02555
0.3134 3.354 8.918 6.762 3.937 2.564 1.685 1.126 0.7227 0.5189 0.3568 0.2362 0.1604 0.1072 0.06712 0.04614 0.03157 0.01985 0.01266 0.02442
0.4485 4.668 12.17 9.401 5.968 3.475 2.263 1.487 0.9933 0.6378 0.4579 0.3149 0.2085 0.1415 0.09458 0.05923 0.04072 0.02786 0.01751 0.03272
0.4956 5.082 12.86 9.678 6.251 3.968 2.31 1.504 0.9889 0.6605 0.4241 0.3045 0.2094 0.1386 0.09409 0.06289 0.03938 0.02708 0.01852 0.0334
0.4749 5.678 14.14 10.33 6.497 4.196 2.664 1.551 1.01 0.6639 0.4434 0.2847 0.2044 0.1406 0.09306 0.06317 0.04222 0.02644 0.01818 0.03486
0.4374 4.917 14.29 10.27 6.269 3.945 2.548 1.617 0.9417 0.6132 0.4031 0.2692 0.1729 0.1241 0.08534 0.0565 0.03835 0.02563 0.01605 0.0322
0.4149 4.696 12.85 10.81 6.493 3.962 2.493 1.61 1.022 0.5952 0.3876 0.2548 0.1702 0.1093 0.07844 0.05394 0.03571 0.02424 0.0162 0.0305
0.3206 3.526 9.765 7.744 5.445 3.271 1.996 1.256 0.8113 0.515 0.2999 0.1953 0.1284 0.08572 0.05504 0.03952 0.02717 0.01799 0.01221 0.02353
0.2992 3.67 9.889 7.976 5.297 3.724 2.237 1.365 0.8591 0.5549 0.3523 0.2051 0.1336 0.08779 0.05863 0.03765 0.02703 0.01859 0.01231 0.02445
0.3613 4.361 13.04 10.22 6.9 4.582 3.222 1.936 1.181 0.7432 0.48 0.3047 0.1774 0.1155 0.07595 0.05072 0.03257 0.02338 0.01608 0.03179
0.3846 3.958 11.63 10.06 6.593 4.452 2.957 2.079 1.249 0.7621 0.4796 0.3097 0.1966 0.1145 0.07455 0.049 0.03273 0.02101 0.01509 0.03089
0.3416 3.989 10.01 8.517 6.162 4.037 2.726 1.81 1.273 0.7647 0.4667 0.2936 0.1896 0.1204 0.0701 0.04564 0.03001 0.02004 0.01287 0.02815
0.2594 3.044 8.702 6.338 4.511 3.263 2.138 1.444 0.9587 0.6741 0.405 0.2471 0.1555 0.1004 0.06376 0.03713 0.02417 0.01589 0.01061 0.02172
0.2147 2.47 7.12 5.936 3.62 2.577 1.864 1.221 0.8248 0.5477 0.3851 0.2313 0.1412 0.08883 0.05738 0.03642 0.02121 0.01381 0.009078 0.01847
0.3092 3.874 10.88 9.147 6.39 3.898 2.774 2.007 1.315 0.8879 0.5896 0.4145 0.2491 0.152 0.09563 0.06177 0.03921 0.02283 0.01487 0.02966
0.345 3.949 12.01 9.744 6.851 4.786 2.919 2.078 1.503 0.9847 0.665 0.4416 0.3105 0.1865 0.1138 0.07163 0.04626 0.02937 0.0171 0.03335
0.3697 3.965 10.99 9.628 6.528 4.59 3.207 1.956 1.392 1.007 0.6597 0.4455 0.2959 0.208 0.125 0.07626 0.04799 0.03099 0.01968 0.0338
0.3293 3.68 9.582 7.651 5.596 3.794 2.668 1.864 1.137 0.809 0.5853 0.3834 0.2589 0.172 0.1209 0.07263 0.04433 0.02789 0.01801 0.03108
0.237 2.547 6.963 5.244 3.5 2.56 1.736 1.22 0.8526 0.52 0.3701 0.2678 0.1754 0.1185 0.07867 0.05531 0.03323 0.02028 0.01276 0.02246
0.2165 2.244 5.927 4.723 2.979 1.988 1.454 0.9859 0.6932 0.4843 0.2954 0.2102 0.1521 0.09964 0.06729 0.04468 0.03141 0.01887 0.01152 0.02
0.2367 2.588 6.59 5.086 3.396 2.142 1.43 1.046 0.709 0.4985 0.3483 0.2124 0.1512 0.1094 0.07165 0.04839 0.03213 0.02259 0.01357 0.02267
0.2956 3.313 8.869 6.588 4.259 2.844 1.794 1.197 0.8756 0.5937 0.4174 0.2916 0.1779 0.1266 0.09158 0.06 0.04052 0.0269 0.01892 0.03035
0.3841 4.073 11.12 8.642 5.372 3.473 2.319 1.463 0.9762 0.714 0.4841 0.3404 0.2378 0.145 0.1032 0.07468 0.04892 0.03304 0.02194 0.04017
0.4797 4.918 12.65 9.971 6.478 4.027 2.603 1.738 1.096 0.7318 0.5352 0.3629 0.2552 0.1783 0.1087 0.07738 0.05598 0.03667 0.02477 0.04656
0.3129 3.446 8.63 6.399 4.215 2.738 1.702 1.1 0.7348 0.4634 0.3093 0.2262 0.1534 0.1078 0.07534 0.04595 0.03271 0.02366 0.0155 0.03015
0.3026 3.438 9.279 6.766 4.201 2.767 1.797 1.117 0.7223 0.4823 0.3042 0.203 0.1485 0.1007 0.0708 0.04946 0.03017 0.02147 0.01553 0.02997
