Originally  
101 
A 
2	100	
1	1	NA	NA	
1	20	
1 359 235.6 134.6 123.4 112.2 56.09 33.65 11.22 33.65 0 11.22 11.22 0 0 0 0 0 0 0 0
1 338.8 282.3 296.5 155.3 127.1 84.7 56.47 28.23 42.35 0 0 0 0 0 0 0 0 0 0 0
1 339.3 226.2 226.2 87.95 75.39 87.95 62.82 50.26 50.26 12.56 12.56 0 25.13 0 0 0 0 0 0 0
1 342.7 232.2 121.6 154.8 110.6 55.28 33.17 22.11 11.06 0 0 0 11.06 0 0 0 11.06 0 0 0
1 224.8 197.8 143.9 116.9 62.94 17.98 62.94 35.96 8.991 8.991 0 0 8.991 8.991 0 0 0 0 0 0
1 306.4 212.1 165 165 82.48 82.48 0 35.35 47.13 23.57 23.57 0 0 11.78 0 0 0 11.78 0 11.78
1 289.4 219.5 199.6 79.83 29.94 49.89 9.979 19.96 9.979 29.94 29.94 19.96 9.979 0 0 0 0 0 0 0
1 261.3 189.2 135.2 90.12 81.1 63.08 36.05 0 27.03 0 0 9.012 0 0 0 0 0 0 0 9.012
1 336.6 374 174.5 149.6 74.79 24.93 37.4 12.47 37.4 0 12.47 0 0 12.47 0 0 0 0 0 0
1 410.4 368 268.9 56.61 84.92 42.46 42.46 28.31 70.76 0 0 0 0 28.31 0 14.15 0 0 0 0
1 401.3 323.6 142.4 129.5 90.62 103.6 0 51.78 12.95 25.89 0 12.95 0 0 0 0 0 0 0 0
1 456.4 422.6 219.8 219.8 152.1 84.52 0 50.71 33.81 0 0 16.9 16.9 0 16.9 0 0 0 0 0
1 314.5 302.4 121 193.6 96.78 48.39 60.49 12.1 36.29 12.1 12.1 0 0 0 0 0 0 0 0 0
1 244.1 220.8 220.8 127.8 116.2 81.35 46.49 11.62 34.87 23.24 11.62 11.62 0 11.62 0 0 0 0 0 0
1 308.1 246.5 143.8 61.62 61.62 61.62 30.81 41.08 20.54 20.54 10.27 20.54 0 0 0 0 0 0 0 0
1 270.8 229.2 145.8 114.6 93.75 20.83 52.09 52.09 10.42 10.42 0 20.83 20.83 0 0 0 0 0 0 0
1 283.8 283.8 118.2 106.4 177.3 70.94 59.12 47.29 0 11.82 11.82 11.82 0 0 0 0 0 0 0 0
1 202.4 211.6 128.8 156.4 73.6 82.8 18.4 18.4 0 9.2 9.2 0 0 0 0 9.2 0 0 0 0
1 422.4 264 73.93 105.6 42.24 52.8 42.24 21.12 10.56 10.56 0 10.56 0 0 0 0 0 0 0 0
1 256.8 385.3 154.1 89.9 154.1 77.05 64.21 12.84 25.68 38.53 0 12.84 12.84 0 0 0 0 0 0 0
1 346.1 223.3 134 145.1 100.5 33.49 55.82 22.33 22.33 11.16 0 0 11.16 0 0 11.16 0 0 0 0
1 362.9 269.6 93.31 103.7 51.84 31.1 0 10.37 72.57 20.73 10.37 0 10.37 0 0 0 0 0 0 0
1 455.4 263.6 107.8 83.88 131.8 71.9 47.93 0 0 11.98 11.98 0 0 0 11.98 0 0 0 0 0
1 391.2 229.3 202.3 188.8 67.44 53.95 40.47 26.98 67.44 13.49 40.47 0 0 13.49 0 13.49 0 0 0 0
1 456.4 215.5 139.4 126.8 63.38 50.71 101.4 25.35 38.03 0 25.35 0 0 12.68 12.68 0 0 0 0 0
1 300.1 234.4 121.9 84.4 93.77 56.26 0 18.75 9.377 0 9.377 9.377 0 0 0 0 0 0 0 0
1 457 175.8 152.3 105.5 82.03 70.32 35.16 23.44 0 0 11.72 23.44 35.16 0 0 0 0 0 0 0
1 312.5 156.2 147 110.3 73.52 27.57 27.57 9.19 18.38 9.19 9.19 0 0 9.19 0 0 0 0 9.19 0
1 271.3 174.4 155 77.52 77.52 67.83 38.76 19.38 29.07 29.07 9.689 0 0 9.689 0 9.689 0 0 0 0
1 352.7 204.8 159.3 113.8 91.01 56.88 45.51 11.38 22.75 0 22.75 11.38 11.38 22.75 0 0 0 0 0 11.38
1 519 181.7 116.8 116.8 90.83 77.85 77.85 38.93 12.98 0 25.95 0 25.95 0 0 12.98 0 0 0 0
1 311 124.4 177.7 79.96 44.42 35.54 35.54 8.885 8.885 26.65 17.77 0 0 8.885 8.885 0 0 0 0 0
1 596.9 221.7 307 136.4 153.5 102.3 51.17 34.11 51.17 17.06 17.06 0 0 17.06 0 0 0 0 0 0
1 257.3 215.8 99.62 74.71 41.51 58.11 16.6 8.301 16.6 8.301 0 8.301 0 8.301 8.301 0 0 0 0 8.301
1 285.1 337 168.5 233.3 116.6 12.96 38.88 51.84 25.92 0 25.92 0 0 0 0 0 0 0 0 0
1 346.6 274.4 259.9 245.5 86.64 72.2 57.76 14.44 28.88 14.44 14.44 14.44 0 14.44 0 0 0 0 0 0
1 459.4 367.5 330.8 165.4 147 110.3 110.3 18.38 91.88 0 0 18.38 0 0 0 0 0 18.38 0 0
1 304 209 75.99 152 57 9.499 38 38 28.5 19 9.499 0 9.499 0 0 0 0 0 0 0
1 294.6 176.7 206.2 88.37 58.91 29.46 9.819 58.91 49.09 0 0 0 0 0 0 0 0 9.819 0 0
1 575.3 187 172.6 172.6 129.4 28.76 28.76 71.91 0 14.38 43.15 0 0 14.38 0 0 0 0 0 0
1 261.7 198.5 99.25 54.14 54.14 72.18 72.18 27.07 0 9.023 18.05 18.05 0 0 0 0 0 9.023 0 9.023
1 294.8 281.4 294.8 241.2 67 67 0 26.8 13.4 40.2 0 13.4 0 0 0 0 0 0 0 0
1 333.1 189.1 90.03 126 36.01 63.02 27.01 18.01 0 9.003 0 0 9.003 0 0 0 0 0 0 0
1 388.4 255.2 177.6 88.78 55.48 55.48 11.1 11.1 11.1 11.1 33.29 11.1 0 0 0 0 0 0 0 0
1 277.7 234.3 112.8 52.08 69.43 26.04 34.72 17.36 17.36 17.36 8.679 0 0 0 0 0 0 0 0 0
1 429.9 300.9 257.9 129 114.6 100.3 28.66 28.66 28.66 14.33 0 0 0 0 0 0 0 0 0 0
1 358.2 288.8 173.3 104 69.32 57.77 69.32 0 23.11 11.55 0 0 0 0 0 0 0 0 0 0
1 597.4 291.4 247.7 72.86 72.86 58.29 58.29 58.29 0 0 0 0 0 0 0 0 0 0 0 0
1 367 214.1 142.7 132.5 50.97 30.58 50.97 20.39 0 10.19 0 0 0 0 0 0 0 0 0 0
1 492.3 309.5 211 196.9 98.46 56.26 0 0 14.07 0 14.07 14.07 0 0 0 0 0 0 0 0
1 519.1 304.3 268.5 125.3 196.9 53.7 89.5 53.7 71.6 35.8 35.8 17.9 0 0 0 17.9 0 0 0 0
1 306.8 119.3 161.9 127.8 59.66 0 34.09 34.09 0 0 0 0 0 0 8.522 0 0 0 0 0
1 566.4 319.5 217.9 58.09 101.7 72.62 58.09 29.05 0 14.52 14.52 0 0 0 0 0 0 0 0 0
1 379.1 293.5 220.1 73.37 61.14 73.37 48.92 48.92 0 12.23 0 0 0 12.23 0 0 0 0 0 0
1 299.6 332.9 210.9 99.88 33.29 33.29 55.49 11.1 0 11.1 0 22.19 0 0 0 0 0 0 0 0
1 570.8 203.9 163.1 108.7 122.3 67.95 54.36 27.18 13.59 0 27.18 0 0 0 0 0 0 0 0 0
1 435.2 253.9 181.3 96.72 60.45 120.9 12.09 12.09 12.09 24.18 0 0 0 0 0 0 0 0 0 0
1 443.9 193.5 170.7 91.05 45.53 56.91 45.53 0 11.38 45.53 22.76 0 0 0 0 11.38 0 0 0 0
1 474.3 359.3 158.1 186.8 43.12 57.49 57.49 28.74 57.49 0 0 14.37 0 0 0 0 0 0 0 0
1 403 431.7 302.2 100.7 71.96 86.35 14.39 0 14.39 0 14.39 0 0 0 0 0 0 0 0 0
1 395.1 237.1 250.2 171.2 79.02 39.51 65.85 13.17 26.34 26.34 0 13.17 0 0 0 0 0 0 0 0
1 396.1 316.8 206 142.6 110.9 174.3 63.37 47.53 79.21 0 0 15.84 15.84 0 15.84 0 0 0 0 0
1 524.7 344.8 224.9 134.9 59.97 74.96 74.96 0 29.98 14.99 0 14.99 0 0 0 0 0 0 0 0
1 403.4 388.9 172.9 216.1 86.43 43.22 43.22 57.62 0 28.81 0 0 0 0 0 0 0 0 0 0
1 266.5 330.5 127.9 95.95 95.95 63.97 53.31 21.32 0 0 0 0 0 10.66 0 0 0 0 0 0
1 524.9 303.9 151.9 110.5 96.68 13.81 13.81 69.06 13.81 27.62 0 13.81 0 0 13.81 13.81 13.81 0 0 0
1 294.8 361.8 241.2 80.4 160.8 53.6 53.6 26.8 13.4 13.4 26.8 13.4 0 0 0 0 0 0 0 0
1 455.3 246.1 184.6 123 86.13 24.61 36.91 24.61 12.3 12.3 12.3 12.3 0 0 0 0 0 0 0 0
1 305.1 247.9 152.6 76.28 76.28 38.14 38.14 9.535 0 0 0 0 0 0 9.535 0 0 0 0 0
1 347 247.9 210.7 49.58 123.9 111.6 61.97 24.79 12.39 12.39 24.79 0 0 12.39 0 0 0 0 0 0
1 294.1 235.2 156.8 88.22 68.61 29.41 29.41 29.41 9.802 9.802 0 9.802 19.6 0 0 0 0 0 0 0
1 395.4 329.5 237.2 105.4 79.07 52.71 52.71 26.36 13.18 13.18 13.18 0 0 0 0 0 0 0 0 0
1 489.3 377.5 153.8 83.88 97.86 55.92 41.94 13.98 13.98 13.98 27.96 13.98 0 0 0 0 0 13.98 0 0
1 613 361.5 220.1 204.3 62.88 31.44 15.72 0 15.72 0 15.72 15.72 15.72 0 0 0 0 0 0 0
1 517.7 159.3 238.9 172.6 66.37 39.82 66.37 39.82 13.27 0 13.27 0 0 0 0 0 0 0 0 0
1 626.7 452.6 226.3 174.1 121.9 17.41 52.22 34.82 0 17.41 0 0 0 0 0 17.41 0 0 0 0
1 674.5 462.5 231.3 192.7 173.4 77.09 38.54 38.54 19.27 0 0 19.27 0 0 0 0 0 0 0 0
1 983.2 479.6 455.6 167.9 95.92 71.94 23.98 23.98 23.98 0 23.98 0 23.98 0 23.98 0 0 0 0 0
1 611.9 463.6 296.7 148.3 129.8 74.17 55.63 0 0 55.63 0 0 0 18.54 0 0 0 0 0 0
1 489.6 426.4 268.5 142.1 63.17 94.75 15.79 31.58 0 0 15.79 0 15.79 15.79 0 0 0 0 0 0
1 468.8 452.6 194 80.83 274.8 80.83 16.17 16.17 16.17 0 0 0 16.17 0 0 0 0 0 0 0
1 1031 515.7 576.4 333.7 212.3 60.67 151.7 30.34 0 30.34 0 30.34 0 0 0 30.34 0 0 30.34 0
1 480 464 208 160 80 32 64 64 16 16 0 16 0 0 0 0 0 0 0 0
1 587.6 419.7 356.8 230.8 167.9 125.9 41.97 62.96 62.96 0 20.99 0 20.99 0 0 0 0 0 0 0
1 410.1 534.9 320.9 178.3 89.15 89.15 107 17.83 0 0 17.83 0 17.83 0 0 0 0 0 0 0
1 593.5 356.1 296.7 217.6 217.6 79.13 79.13 79.13 19.78 39.57 0 0 0 0 0 0 0 0 0 0
1 507.5 246 230.7 169.2 199.9 61.51 30.76 15.38 0 30.76 46.13 0 0 0 0 0 0 0 0 0
1 406 304.5 177.6 114.2 76.13 50.75 25.38 38.06 38.06 0 0 12.69 0 12.69 12.69 0 0 0 0 0
1 344.9 371.5 145.9 212.3 53.07 79.6 26.53 0 13.27 13.27 26.53 0 26.53 0 13.27 0 0 0 0 0
1 215.7 115.1 71.91 107.9 64.72 57.53 35.95 21.57 7.191 0 14.38 0 7.191 0 0 0 0 0 0 0
1 423.7 175.7 155 93.01 82.67 41.34 31 0 10.33 10.33 10.33 0 0 0 0 0 0 0 0 0
1 409.4 254.1 296.4 197.6 112.9 56.46 14.12 28.23 0 28.23 0 0 0 14.12 0 0 0 0 0 0
1 495.4 306 160.3 160.3 116.6 102 43.72 14.57 29.14 0 14.57 0 0 0 14.57 0 0 0 0 0
1 383.5 284.5 210.3 148.4 24.74 61.85 37.11 37.11 12.37 12.37 12.37 0 0 0 0 0 0 0 0 12.37
1 536.9 377.3 145.1 116.1 58.04 87.07 43.53 58.04 29.02 0 0 0 0 0 0 0 0 0 0 0
1 548.3 290.3 177.4 225.8 80.63 129 32.25 16.13 64.5 0 16.13 0 0 16.13 16.13 0 0 0 0 0
1 522.3 254.1 211.8 197.6 84.7 98.82 14.12 14.12 0 0 0 0 0 14.12 0 0 0 0 0 0
1 436 345.8 225.5 150.3 75.17 60.13 45.1 30.07 30.07 45.1 45.1 0 15.03 0 0 0 0 0 0 0
1 579.3 496.6 182.1 132.4 33.1 49.66 82.76 33.1 66.21 0 0 0 0 0 0 0 0 0 0 0
