 landings-at-age - landings.n (units : NA )
1	2	
2	100	
1	20	
1 
0.02659 0.2984 0.8352 0.6934 0.4839 0.3377 0.2357 0.1644 0.1148 0.08008 0.05589 0.039 0.02722 0.01899 0.01325 0.009249 0.006454 0.004504 0.003143 0.007259
0.00415 0.05216 0.1462 0.1214 0.08475 0.05914 0.04127 0.0288 0.0201 0.01403 0.009787 0.00683 0.004766 0.003326 0.002321 0.00162 0.00113 0.0007888 0.0005504 0.001271
0.004347 0.0466 0.1464 0.1219 0.08515 0.05942 0.04147 0.02894 0.02019 0.01409 0.009834 0.006862 0.004789 0.003342 0.002332 0.001627 0.001136 0.0007925 0.000553 0.001277
0.004269 0.04881 0.1308 0.122 0.08549 0.0597 0.04166 0.02907 0.02029 0.01416 0.00988 0.006895 0.004811 0.003358 0.002343 0.001635 0.001141 0.0007963 0.0005557 0.001283
0.00411 0.04793 0.137 0.109 0.08557 0.05994 0.04186 0.02921 0.02038 0.01423 0.009927 0.006927 0.004834 0.003374 0.002354 0.001643 0.001146 8e-04 0.0005583 0.001289
0.003848 0.04615 0.1345 0.1142 0.07645 0.06 0.04203 0.02935 0.02048 0.01429 0.009974 0.00696 0.004857 0.00339 0.002365 0.001651 0.001152 0.0008038 0.0005609 0.001295
0.003604 0.04321 0.1295 0.1121 0.08007 0.0536 0.04207 0.02947 0.02058 0.01436 0.01002 0.006993 0.00488 0.003406 0.002377 0.001658 0.001157 0.0008076 0.0005636 0.001302
0.003471 0.04047 0.1212 0.108 0.07863 0.05614 0.03758 0.0295 0.02066 0.01443 0.01007 0.007026 0.004903 0.003422 0.002388 0.001666 0.001163 0.0008114 0.0005663 0.001308
0.00361 0.03898 0.1135 0.1011 0.07572 0.05513 0.03936 0.02635 0.02068 0.01449 0.01012 0.00706 0.004926 0.003438 0.002399 0.001674 0.001168 0.0008153 0.0005689 0.001314
0.003441 0.04053 0.1094 0.09468 0.07088 0.05309 0.03865 0.0276 0.01848 0.0145 0.01016 0.007093 0.00495 0.003454 0.00241 0.001682 0.001174 0.0008191 0.0005716 0.00132
0.003719 0.03863 0.1137 0.0912 0.06639 0.0497 0.03722 0.0271 0.01935 0.01295 0.01017 0.007121 0.004973 0.003471 0.002422 0.00169 0.001179 0.000823 0.0005743 0.001326
0.004048 0.04176 0.1084 0.09484 0.06395 0.04655 0.03485 0.0261 0.019 0.01357 0.009083 0.007128 0.004993 0.003487 0.002433 0.001698 0.001185 0.0008269 0.0005771 0.001333
0.004339 0.04546 0.1172 0.09039 0.0665 0.04484 0.03264 0.02443 0.0183 0.01332 0.009513 0.006369 0.004998 0.003501 0.002445 0.001706 0.001191 0.0008308 0.0005798 0.001339
0.003872 0.04872 0.1275 0.0977 0.06338 0.04662 0.03144 0.02288 0.01713 0.01283 0.009342 0.00667 0.004465 0.003504 0.002455 0.001714 0.001196 0.0008348 0.0005825 0.001345
0.003887 0.04348 0.1367 0.1064 0.0685 0.04444 0.03269 0.02204 0.01604 0.01201 0.008996 0.00655 0.004677 0.003131 0.002457 0.001721 0.001202 0.0008387 0.0005853 0.001352
0.003473 0.04365 0.122 0.114 0.07457 0.04803 0.03116 0.02292 0.01545 0.01125 0.008421 0.006307 0.004592 0.003279 0.002195 0.001723 0.001207 0.0008427 0.0005881 0.001358
0.00346 0.039 0.1225 0.1017 0.07992 0.05229 0.03368 0.02185 0.01607 0.01084 0.007887 0.005905 0.004422 0.00322 0.002299 0.001539 0.001208 0.000846 0.0005908 0.001365
0.003812 0.03885 0.1094 0.1021 0.07133 0.05604 0.03666 0.02361 0.01532 0.01127 0.007597 0.00553 0.00414 0.003101 0.002258 0.001612 0.001079 0.0008469 0.0005932 0.001371
0.003871 0.04281 0.109 0.09125 0.07161 0.05001 0.03929 0.0257 0.01656 0.01074 0.0079 0.005327 0.003877 0.002903 0.002174 0.001583 0.00113 0.0007566 0.0005938 0.001377
0.00376 0.04346 0.1201 0.0909 0.06398 0.05021 0.03507 0.02755 0.01802 0.01161 0.00753 0.005539 0.003735 0.002719 0.002035 0.001524 0.00111 0.0007924 0.0005305 0.001382
0.003644 0.04222 0.122 0.1002 0.06374 0.04486 0.0352 0.02459 0.01932 0.01264 0.008139 0.00528 0.003884 0.002619 0.001906 0.001427 0.001069 0.0007782 0.0005556 0.001341
0.00396 0.04092 0.1185 0.1017 0.07022 0.04469 0.03145 0.02468 0.01724 0.01354 0.00886 0.005706 0.003702 0.002723 0.001836 0.001336 0.001001 0.0007493 0.0005456 0.00133
0.00414 0.04447 0.1148 0.09878 0.0713 0.04924 0.03133 0.02205 0.01731 0.01209 0.009495 0.006212 0.004001 0.002595 0.001909 0.001287 0.0009371 0.0007015 0.0005254 0.001315
0.004033 0.04649 0.1248 0.09573 0.06926 0.04999 0.03452 0.02197 0.01546 0.01213 0.008474 0.006658 0.004355 0.002805 0.00182 0.001339 0.0009026 0.000657 0.0004919 0.00129
0.004243 0.04529 0.1304 0.104 0.06712 0.04856 0.03505 0.02421 0.0154 0.01084 0.008508 0.005942 0.004668 0.003054 0.001967 0.001276 0.0009386 0.0006329 0.0004607 0.00125
0.004094 0.04764 0.1271 0.1088 0.07295 0.04706 0.03405 0.02458 0.01697 0.0108 0.007602 0.005965 0.004166 0.003273 0.002141 0.001379 0.0008946 0.0006581 0.0004437 0.001199
0.004248 0.04597 0.1337 0.106 0.07627 0.05115 0.033 0.02387 0.01723 0.0119 0.007572 0.00533 0.004182 0.002921 0.002295 0.001501 0.0009669 0.0006272 0.0004614 0.001152
0.004605 0.0477 0.129 0.1115 0.0743 0.05348 0.03586 0.02314 0.01674 0.01208 0.008343 0.005309 0.003737 0.002932 0.002048 0.001609 0.001053 0.000678 0.0004398 0.001131
0.004656 0.05171 0.1339 0.1076 0.07816 0.05209 0.03749 0.02514 0.01622 0.01174 0.008471 0.00585 0.003723 0.00262 0.002056 0.001436 0.001128 0.000738 0.0004753 0.001101
0.004471 0.05228 0.1451 0.1116 0.07542 0.0548 0.03653 0.02629 0.01763 0.01137 0.008229 0.00594 0.004102 0.00261 0.001837 0.001442 0.001007 0.000791 0.0005175 0.001106
0.004445 0.0502 0.1467 0.121 0.07826 0.05288 0.03842 0.02561 0.01843 0.01236 0.007975 0.00577 0.004164 0.002876 0.00183 0.001288 0.001011 0.0007059 0.0005546 0.001138
0.004675 0.04991 0.1409 0.1223 0.08483 0.05487 0.03708 0.02694 0.01796 0.01292 0.008667 0.005591 0.004045 0.00292 0.002016 0.001283 0.0009031 0.0007087 0.0004949 0.001187
0.004885 0.05249 0.14 0.1175 0.08578 0.05948 0.03847 0.026 0.01889 0.01259 0.009061 0.006077 0.00392 0.002836 0.002047 0.001414 0.0008996 0.0006332 0.0004969 0.001179
0.004678 0.05486 0.1473 0.1168 0.08235 0.06014 0.0417 0.02697 0.01823 0.01324 0.008827 0.006353 0.004261 0.002749 0.001989 0.001435 0.0009912 0.0006308 0.000444 0.001175
0.004889 0.05252 0.1539 0.1228 0.08188 0.05774 0.04217 0.02924 0.01891 0.01278 0.009286 0.006189 0.004455 0.002987 0.001927 0.001394 0.001006 0.000695 0.0004423 0.001135
0.004571 0.0549 0.1474 0.1284 0.08611 0.05741 0.04048 0.02957 0.0205 0.01326 0.00896 0.00651 0.004339 0.003123 0.002095 0.001351 0.0009776 0.0007056 0.0004873 0.001106
0.004468 0.05132 0.154 0.1229 0.08999 0.06038 0.04025 0.02839 0.02073 0.01437 0.009298 0.006283 0.004565 0.003043 0.00219 0.001469 0.0009475 0.0006855 0.0004948 0.001117
0.00466 0.05017 0.144 0.1285 0.08617 0.0631 0.04233 0.02822 0.0199 0.01453 0.01008 0.006519 0.004405 0.003201 0.002133 0.001535 0.00103 0.0006643 0.0004806 0.00113
0.004548 0.05232 0.1408 0.1201 0.09006 0.06042 0.04424 0.02968 0.01979 0.01395 0.01019 0.007067 0.004571 0.003088 0.002244 0.001496 0.001077 0.000722 0.0004658 0.001129
1.087 13.16 35.05 27.5 19.73 14.79 9.924 7.267 4.875 3.25 2.292 1.674 1.161 0.7508 0.5073 0.3686 0.2457 0.1768 0.1186 0.262
1.095 11.18 30.61 21.76 14.03 10.06 7.547 5.063 3.707 2.487 1.658 1.169 0.854 0.5922 0.383 0.2588 0.188 0.1253 0.09021 0.1942
1.156 13.38 30.69 22.5 13.16 8.484 6.085 4.564 3.061 2.242 1.504 1.003 0.7071 0.5164 0.3581 0.2316 0.1565 0.1137 0.07579 0.172
0.9948 11.42 29.82 18.17 10.93 6.393 4.122 2.956 2.217 1.487 1.089 0.7307 0.4871 0.3435 0.2509 0.174 0.1125 0.07603 0.05524 0.1204
0.97 10.63 27.65 19.37 9.705 5.839 3.415 2.202 1.579 1.184 0.7946 0.5818 0.3903 0.2602 0.1835 0.134 0.09294 0.06011 0.04062 0.09382
0.8984 11.02 27.32 19.08 11 5.513 3.317 1.94 1.251 0.8972 0.6729 0.4514 0.3305 0.2218 0.1478 0.1043 0.07614 0.0528 0.03415 0.07637
0.8059 9.787 27.14 18.01 10.35 5.966 2.989 1.798 1.052 0.6782 0.4864 0.3648 0.2447 0.1792 0.1202 0.08015 0.05652 0.04128 0.02862 0.05992
0.8041 9.178 25.13 18.64 10.17 5.845 3.37 1.688 1.016 0.5941 0.3831 0.2748 0.2061 0.1382 0.1012 0.06791 0.04527 0.03193 0.02332 0.05002
0.6461 8.002 20.71 15.13 9.225 5.034 2.892 1.667 0.8355 0.5026 0.294 0.1896 0.136 0.102 0.0684 0.05009 0.03361 0.0224 0.0158 0.03629
0.6922 8.1 22.57 15.69 9.439 5.754 3.139 1.804 1.04 0.5211 0.3135 0.1834 0.1182 0.0848 0.0636 0.04266 0.03124 0.02096 0.01397 0.03249
0.647 7.224 19.01 14.06 8.02 4.826 2.942 1.605 0.9223 0.5318 0.2664 0.1603 0.09376 0.06046 0.04336 0.03252 0.02181 0.01597 0.01072 0.02376
0.5797 7.301 18.31 12.84 7.802 4.45 2.678 1.632 0.8906 0.5117 0.295 0.1478 0.08894 0.05202 0.03354 0.02406 0.01804 0.0121 0.008863 0.01913
0.5492 6.037 17.12 11.42 6.57 3.993 2.277 1.37 0.8353 0.4558 0.2619 0.151 0.07565 0.04551 0.02662 0.01717 0.01231 0.009234 0.006194 0.01432
0.4683 5.799 14.41 10.92 5.984 3.444 2.093 1.194 0.7184 0.4379 0.2389 0.1373 0.07915 0.03966 0.02386 0.01396 0.008999 0.006454 0.00484 0.01076
0.4605 5.271 14.74 9.814 6.117 3.352 1.929 1.172 0.6686 0.4023 0.2453 0.1338 0.07689 0.04433 0.02221 0.01336 0.007817 0.00504 0.003615 0.008735
0.4658 5.147 13.28 9.912 5.424 3.381 1.852 1.066 0.648 0.3695 0.2224 0.1356 0.07396 0.0425 0.0245 0.01228 0.007386 0.00432 0.002786 0.006826
0.4229 4.721 11.81 8.125 4.984 2.727 1.7 0.9315 0.5361 0.3258 0.1858 0.1118 0.06816 0.03719 0.02137 0.01232 0.006173 0.003714 0.002172 0.004833
0.4504 5.205 13.06 8.758 4.959 3.042 1.665 1.038 0.5685 0.3272 0.1989 0.1134 0.06825 0.04161 0.0227 0.01304 0.00752 0.003768 0.002267 0.004276
0.381 4.507 11.75 7.829 4.308 2.439 1.496 0.8189 0.5104 0.2797 0.161 0.09782 0.05579 0.03357 0.02047 0.01117 0.006416 0.003699 0.001853 0.003219
0.3677 4.109 11 7.68 4.209 2.316 1.311 0.8045 0.4403 0.2744 0.1504 0.08654 0.05259 0.02999 0.01805 0.011 0.006003 0.003449 0.001989 0.002727
0.395 4.441 11.15 7.992 4.59 2.515 1.384 0.7837 0.4808 0.2631 0.164 0.08985 0.05171 0.03143 0.01792 0.01079 0.006575 0.003587 0.002061 0.002818
0.3946 4.273 10.77 7.174 4.219 2.423 1.328 0.7306 0.4137 0.2538 0.1389 0.08657 0.04743 0.0273 0.01659 0.009462 0.005694 0.003471 0.001894 0.002576
0.3599 4.363 10.59 7.081 3.87 2.276 1.307 0.7163 0.3942 0.2232 0.1369 0.07493 0.0467 0.02559 0.01473 0.008951 0.005105 0.003072 0.001873 0.002411
0.3059 3.563 9.745 6.275 3.445 1.883 1.107 0.6358 0.3485 0.1917 0.1086 0.06661 0.03645 0.02272 0.01245 0.007165 0.004354 0.002483 0.001494 0.002084
0.2869 3.441 9.049 6.626 3.51 1.927 1.053 0.6193 0.3556 0.1949 0.1072 0.06073 0.03725 0.02039 0.01271 0.006962 0.004007 0.002435 0.001389 0.002001
0.2675 3.107 8.414 5.908 3.556 1.884 1.034 0.5652 0.3324 0.1909 0.1046 0.05756 0.03259 0.01999 0.01094 0.00682 0.003737 0.002151 0.001307 0.00182
0.2651 2.953 7.738 5.601 3.234 1.946 1.031 0.5659 0.3093 0.1819 0.1045 0.05725 0.0315 0.01784 0.01094 0.005989 0.003733 0.002045 0.001177 0.001711
0.2444 2.723 6.873 4.815 2.864 1.654 0.9954 0.5273 0.2894 0.1582 0.09303 0.05343 0.02928 0.01611 0.009123 0.005597 0.003063 0.001909 0.001046 0.001477
0.2651 2.996 7.514 5.087 2.934 1.745 1.008 0.6065 0.3213 0.1763 0.09639 0.05669 0.03255 0.01784 0.009816 0.005559 0.00341 0.001866 0.001163 0.001537
0.2495 2.739 6.975 4.647 2.583 1.489 0.8861 0.5116 0.3079 0.1631 0.08953 0.04894 0.02878 0.01653 0.009057 0.004984 0.002822 0.001731 0.0009474 0.001371
0.204 2.532 6.307 4.295 2.352 1.307 0.7539 0.4485 0.2589 0.1559 0.08256 0.04532 0.02477 0.01457 0.008366 0.004584 0.002523 0.001428 0.0008763 0.001174
0.2073 2.392 6.717 4.497 2.522 1.381 0.7677 0.4427 0.2633 0.152 0.09152 0.04848 0.02661 0.01454 0.008553 0.004912 0.002692 0.001481 0.0008388 0.001204
0.2057 2.242 5.844 4.385 2.414 1.353 0.7412 0.412 0.2376 0.1413 0.0816 0.04911 0.02602 0.01428 0.007805 0.00459 0.002636 0.001445 0.0007949 0.001096
0.2146 2.362 5.796 4.039 2.492 1.372 0.7691 0.4212 0.2341 0.135 0.08032 0.04637 0.02791 0.01479 0.008116 0.004436 0.002609 0.001498 0.000821 0.001075
0.1947 2.245 5.574 3.641 2.084 1.286 0.7077 0.3969 0.2174 0.1208 0.06966 0.04144 0.02393 0.0144 0.007629 0.004188 0.002289 0.001346 0.000773 0.0009781
0.1729 2.026 5.295 3.518 1.889 1.081 0.6671 0.3672 0.2059 0.1128 0.06268 0.03614 0.0215 0.01242 0.007473 0.003958 0.002173 0.001188 0.0006984 0.0009086
0.1663 1.931 5.128 3.6 1.968 1.057 0.605 0.3733 0.2055 0.1152 0.0631 0.03507 0.02022 0.01203 0.006947 0.004181 0.002215 0.001216 0.0006645 0.0008992
0.167 1.986 5.187 3.688 2.13 1.165 0.6255 0.358 0.2209 0.1216 0.06817 0.03734 0.02075 0.01197 0.007119 0.00411 0.002474 0.001311 0.0007194 0.0009253
0.1537 1.671 4.489 3.118 1.82 1.051 0.5747 0.3087 0.1767 0.109 0.06 0.03364 0.01843 0.01024 0.005906 0.003514 0.002029 0.001221 0.0006468 0.0008117
0.1544 1.749 4.293 3.09 1.766 1.031 0.5954 0.3255 0.1748 0.1001 0.06174 0.03398 0.01906 0.01044 0.005801 0.003345 0.00199 0.001149 0.0006916 0.0008261
0.1519 1.799 4.574 2.993 1.771 1.012 0.5908 0.3412 0.1866 0.1002 0.05735 0.03539 0.01948 0.01092 0.005982 0.003325 0.001917 0.001141 0.0006585 0.0008698
0.1333 1.496 4.001 2.7 1.45 0.858 0.4904 0.2862 0.1653 0.09038 0.04855 0.02778 0.01714 0.009436 0.005291 0.002898 0.001611 0.0009287 0.0005525 0.0007404
0.1265 1.506 3.821 2.737 1.52 0.816 0.4829 0.276 0.1611 0.09303 0.05087 0.02732 0.01564 0.009647 0.00531 0.002978 0.001631 0.0009064 0.0005227 0.0007276
0.1232 1.357 3.653 2.475 1.458 0.8093 0.4346 0.2572 0.147 0.08578 0.04955 0.02709 0.01455 0.008327 0.005138 0.002828 0.001586 0.0008686 0.0004828 0.0006659
0.1246 1.379 3.428 2.468 1.376 0.8101 0.4498 0.2415 0.1429 0.08168 0.04767 0.02753 0.01506 0.008086 0.004628 0.002855 0.001572 0.0008813 0.0004827 0.0006384
0.1241 1.275 3.197 2.125 1.258 0.7009 0.4127 0.2291 0.123 0.07281 0.04161 0.02429 0.01403 0.00767 0.00412 0.002358 0.001455 0.0008007 0.000449 0.0005711
0.1277 1.395 3.246 2.188 1.197 0.7084 0.3948 0.2325 0.1291 0.06932 0.04101 0.02344 0.01368 0.007902 0.004321 0.002321 0.001328 0.0008194 0.0004511 0.0005747
0.1334 1.48 3.644 2.272 1.26 0.689 0.4078 0.2273 0.1338 0.07431 0.03991 0.02361 0.01349 0.007877 0.004549 0.002487 0.001336 0.0007646 0.0004718 0.0005905
0.1337 1.484 3.702 2.427 1.243 0.6893 0.377 0.2232 0.1244 0.07324 0.04066 0.02184 0.01292 0.007385 0.00431 0.002489 0.001361 0.0007311 0.0004184 0.0005813
0.1349 1.475 3.675 2.435 1.311 0.6715 0.3724 0.2037 0.1206 0.06719 0.03956 0.02197 0.0118 0.00698 0.003989 0.002328 0.001345 0.0007353 0.0003949 0.00054
0.1227 1.317 3.259 2.16 1.175 0.6327 0.324 0.1797 0.09827 0.05817 0.03242 0.01909 0.0106 0.005692 0.003368 0.001925 0.001123 0.0006489 0.0003548 0.0004511
0.1363 1.507 3.64 2.415 1.318 0.7167 0.3859 0.1976 0.1096 0.05994 0.03548 0.01977 0.01164 0.006465 0.003471 0.002054 0.001174 0.0006852 0.0003958 0.0004915
0.1197 1.446 3.593 2.304 1.255 0.6844 0.3723 0.2005 0.1027 0.05692 0.03114 0.01843 0.01027 0.006048 0.003358 0.001803 0.001067 0.0006098 0.0003559 0.0004609
0.116 1.326 3.6 2.38 1.253 0.6826 0.3724 0.2026 0.1091 0.05585 0.03097 0.01694 0.01003 0.005589 0.003291 0.001827 0.0009812 0.0005805 0.0003318 0.0004444
0.1154 1.167 3.016 2.178 1.182 0.6228 0.3391 0.185 0.1006 0.05419 0.02775 0.01539 0.008416 0.004982 0.002777 0.001635 0.0009078 0.0004875 0.0002884 0.0003857
0.1055 1.252 2.869 1.988 1.181 0.641 0.3376 0.1839 0.1003 0.05456 0.02938 0.01504 0.008342 0.004563 0.002701 0.001505 0.0008864 0.0004922 0.0002643 0.0003655
0.1045 1.213 3.252 1.998 1.139 0.6766 0.3672 0.1934 0.1053 0.05746 0.03126 0.01683 0.008619 0.004779 0.002614 0.001547 0.0008624 0.0005078 0.0002819 0.0003608
0.1122 1.174 3.065 2.192 1.107 0.6307 0.3748 0.2034 0.1071 0.05835 0.03183 0.01731 0.009323 0.004774 0.002647 0.001448 0.0008571 0.0004777 0.0002813 0.000356
0.1066 1.158 2.737 1.903 1.117 0.5642 0.3216 0.1911 0.1037 0.05463 0.02975 0.01623 0.008827 0.004753 0.002434 0.00135 0.0007383 0.000437 0.0002436 0.0003249
0.1211 1.27 3.101 1.958 1.119 0.6574 0.3319 0.1892 0.1124 0.06102 0.03214 0.0175 0.009548 0.005194 0.002797 0.001432 0.0007941 0.0004344 0.0002571 0.0003345
