Originally  
101 
A 
2	100	
1	1	NA	NA	
1	20	
1 316.4 346.5 271.2 135.6 150.7 60.26 75.33 45.2 15.07 45.2 30.13 15.07 0 0 0 0 0 0 0 0
1 315.4 289.1 223.4 131.4 131.4 13.14 65.71 0 0 39.42 13.14 39.42 0 13.14 0 26.28 0 13.14 0 0
1 475.3 154.1 269.7 102.8 102.8 12.84 64.22 38.53 12.84 12.84 0 12.84 0 25.69 0 0 0 0 0 0
1 401.6 200.8 214.2 187.4 66.93 80.31 13.39 0 53.54 26.77 0 13.39 40.16 26.77 0 0 13.39 0 0 0
1 354.3 214.7 96.63 75.16 139.6 75.16 21.47 21.47 10.74 21.47 21.47 0 10.74 10.74 0 0 0 0 0 0
1 443 426.6 180.5 164.1 180.5 65.63 82.04 16.41 0 16.41 32.81 0 0 0 16.41 0 16.41 0 0 0
1 249.2 159.5 159.5 159.5 79.76 69.79 29.91 19.94 29.91 19.94 9.97 0 0 0 9.97 0 0 0 0 0
1 441 154.9 214.5 154.9 59.59 47.67 11.92 47.67 11.92 11.92 11.92 11.92 11.92 0 0 0 0 0 0 0
1 513.5 317.2 166.1 166.1 105.7 60.41 60.41 15.1 30.21 60.41 15.1 0 0 0 0 0 0 0 0 0
1 318.9 154.6 183.6 86.96 67.64 77.3 28.99 9.662 9.662 19.32 9.662 0 0 0 0 0 0 0 0 0
1 297.5 310.5 207 207 77.61 51.74 25.87 12.94 12.94 12.94 25.87 12.94 12.94 0 12.94 12.94 0 0 0 0
1 263.8 143.9 95.91 95.91 71.93 31.97 47.96 15.99 7.993 0 15.99 0 0 0 0 0 7.993 0 0 0
1 395.2 299.8 190.8 177.2 95.39 54.51 40.88 27.26 40.88 27.26 0 0 0 0 13.63 0 0 0 0 0
1 246 281.1 269.4 82 35.14 82 35.14 11.71 35.14 23.43 0 23.43 23.43 11.71 11.71 0 0 0 0 0
1 435.2 280.8 196.5 112.3 112.3 42.11 70.19 56.15 14.04 28.08 0 14.04 0 14.04 0 0 0 14.04 0 14.04
1 485.2 256.1 202.2 94.34 121.3 40.43 40.43 67.38 0 13.48 13.48 0 0 0 0 0 0 13.48 0 0
1 313.1 355.8 156.5 156.5 56.92 99.62 99.62 28.46 56.92 42.69 28.46 14.23 0 0 0 0 0 0 0 14.23
1 476.7 340.5 255.4 102.1 85.12 119.2 68.09 51.07 85.12 17.02 17.02 17.02 34.05 17.02 17.02 0 0 0 0 0
1 408.3 129.5 129.5 59.75 99.59 49.79 39.83 39.83 9.959 9.959 19.92 0 0 0 0 0 0 0 0 0
1 306.1 353.2 141.3 117.7 70.64 58.86 35.32 11.77 23.55 0 23.55 11.77 11.77 11.77 0 0 0 0 0 0
1 311 210.7 210.7 80.26 70.23 30.1 40.13 20.07 10.03 0 10.03 0 0 0 0 10.03 0 0 0 0
1 290.3 123.4 94.35 50.8 50.8 43.55 43.55 0 0 21.77 7.258 0 0 0 0 0 0 0 0 0
1 406.4 255.4 150.9 81.28 92.89 69.66 11.61 11.61 23.22 23.22 34.83 0 0 0 0 0 0 0 0 0
1 387.3 182.3 182.3 159.5 34.17 68.34 45.56 11.39 22.78 11.39 22.78 11.39 0 0 0 0 0 0 0 0
1 257.8 152.8 248.3 105 57.3 57.3 57.3 9.549 0 0 0 9.549 0 0 0 0 0 0 0 0
1 284.8 320.4 189.9 178 71.2 35.6 35.6 0 0 23.73 23.73 23.73 0 0 0 0 0 0 0 0
1 327.5 248.4 180.7 135.5 67.75 56.46 22.58 33.88 22.58 22.58 0 0 11.29 0 0 0 0 0 0 0
1 622 345.6 293.7 207.3 69.11 69.11 69.11 17.28 17.28 0 0 17.28 0 0 0 0 0 0 0 0
1 499.4 308.4 220.3 161.6 58.75 14.69 73.43 29.37 14.69 44.06 14.69 0 0 14.69 0 14.69 0 0 0 0
1 314.6 255.6 167.1 58.99 58.99 29.49 29.49 39.32 9.831 9.831 0 0 0 0 0 0 0 0 0 9.831
1 412 315.1 84.83 96.95 96.95 36.36 72.71 36.36 24.24 12.12 0 0 12.12 0 0 0 0 0 0 12.12
1 232.9 170.2 161.3 80.63 89.59 53.76 44.8 17.92 26.88 0 0 0 0 0 8.959 8.959 0 0 0 0
1 557.3 388.4 270.2 118.2 84.44 101.3 50.66 33.78 16.89 16.89 16.89 33.78 0 0 0 0 0 0 0 0
1 386.1 243.1 357.5 143 85.81 85.81 71.51 14.3 0 0 0 14.3 14.3 0 14.3 0 0 0 0 0
1 392 183.7 183.7 232.7 36.75 36.75 73.5 36.75 0 24.5 0 0 0 0 0 0 12.25 0 0 12.25
1 361.3 377 235.6 172.8 110 141.4 62.84 31.42 31.42 31.42 0 0 0 0 0 15.71 0 0 0 0
1 345.9 276.7 124.5 249 152.2 83.01 41.51 27.67 13.84 13.84 13.84 27.67 0 0 0 0 13.84 0 0 0
1 359.8 287.9 191.9 155.9 71.96 59.97 23.99 11.99 0 11.99 0 11.99 0 0 0 0 0 0 0 11.99
1 446.9 277.4 262 138.7 138.7 138.7 46.23 61.64 0 0 0 0 15.41 0 15.41 0 0 0 0 0
1 280.9 195.4 232.1 122.1 122.1 109.9 36.64 36.64 48.85 0 24.43 12.21 0 0 0 0 0 0 0 0
1 290.5 230.4 120.2 90.16 80.15 90.16 40.07 20.04 10.02 20.04 0 0 0 0 0 0 10.02 0 0 0
1 400.8 253.8 293.9 200.4 53.44 13.36 26.72 13.36 13.36 0 0 26.72 0 13.36 0 0 0 13.36 13.36 0
1 280.4 316.6 90.44 108.5 45.22 18.09 9.044 27.13 0 9.044 0 0 0 0 0 0 0 0 0 0
1 409.3 310 223.2 173.6 24.8 62.01 12.4 24.8 0 0 0 0 0 0 0 0 0 0 0 0
1 365.7 365.7 118 141.6 58.98 82.57 11.8 35.39 0 0 0 0 0 0 0 0 0 0 0 0
1 181.9 235 212.3 37.9 37.9 30.32 7.581 0 7.581 0 0 0 0 0 0 0 0 0 0 7.581
1 396 212.5 154.5 48.3 67.62 48.3 28.98 0 0 0 0 0 0 9.659 0 0 0 0 0 0
1 291.7 281.6 150.9 100.6 60.35 80.47 20.12 0 0 0 10.06 10.06 0 0 0 0 0 0 0 0
1 201.8 136.3 87.25 65.44 16.36 16.36 16.36 5.453 0 0 0 0 0 0 0 0 0 0 0 0
1 204.1 184.3 151.4 72.41 6.582 13.16 13.16 6.582 6.582 0 0 0 0 0 0 0 0 0 0 0
1 155.3 126.2 72.81 67.96 24.27 19.42 9.708 4.854 0 4.854 0 0 0 0 0 0 0 0 0 0
1 141.1 109.7 109.7 57.48 57.48 20.9 15.68 5.225 0 5.225 0 0 0 0 0 0 0 0 0 0
1 172.5 91.07 100.7 57.52 38.34 9.586 0 4.793 0 0 0 4.793 0 0 0 0 0 0 0 0
1 210.8 80.29 90.32 35.13 40.14 35.13 5.018 5.018 0 0 0 0 0 0 0 0 0 0 0 0
1 169.6 101.7 63.59 50.87 16.96 4.239 4.239 8.479 4.239 0 0 0 0 0 0 0 0 0 0 0
1 199.4 114 71.23 47.48 23.74 18.99 0 0 0 0 0 0 0 0 0 0 0 0 0 0
1 156.9 71.72 67.24 67.24 26.9 8.965 26.9 4.483 4.483 13.45 0 0 0 0 0 0 0 0 0 0
1 132.5 107.7 57.99 24.85 20.71 24.85 24.85 4.142 8.284 4.142 4.142 0 0 0 0 0 0 0 0 0
1 135.9 64.85 30.88 40.15 6.177 12.35 9.265 6.177 0 3.088 0 0 0 0 0 0 0 0 0 0
1 77.34 60.42 55.59 21.75 4.834 16.92 0 2.417 0 0 0 2.417 0 0 0 0 0 0 0 0
1 106.7 64.6 50.55 33.7 16.85 0 8.426 0 0 0 0 0 0 0 0 0 0 0 0 0
1 118 106.6 76.12 38.06 22.84 0 7.612 7.612 0 3.806 0 0 0 0 0 0 0 0 0 0
1 172.1 140.8 104.3 46.92 26.07 20.86 5.214 0 5.214 0 0 0 0 0 0 0 0 0 0 0
1 79.4 56.72 68.06 39.7 5.672 14.18 5.672 5.672 2.836 2.836 2.836 0 0 0 0 0 0 0 0 0
1 88.54 71.4 68.55 22.85 14.28 5.712 8.569 0 2.856 2.856 0 0 0 0 0 0 0 0 0 0
1 95.51 48.87 28.88 26.65 15.55 6.664 0 0 0 0 0 0 0 0 0 0 0 0 0 0
1 115.6 80.54 70.04 38.52 21.01 7.004 10.51 3.502 0 3.502 0 0 0 0 0 0 0 0 0 0
1 134 79.66 61.56 39.83 7.242 14.48 14.48 3.621 7.242 0 0 0 0 0 0 0 0 0 0 0
1 63.1 33.52 47.32 21.69 15.77 9.859 1.972 1.972 0 0 0 1.972 0 0 0 0 0 0 0 0
1 89.34 49.37 32.92 23.51 16.46 7.053 7.053 2.351 0 2.351 2.351 2.351 0 0 0 0 0 0 0 0
1 72.3 72.3 41.98 13.99 16.33 4.665 2.332 6.997 2.332 0 0 0 0 0 0 0 0 0 0 0
1 128.6 77.16 48.22 41.79 16.07 3.215 3.215 0 3.215 0 0 0 0 0 0 0 0 0 0 0
1 67.48 60.95 39.18 15.24 13.06 15.24 2.177 0 2.177 0 2.177 0 0 0 0 0 0 0 0 0
1 64.19 39.22 35.66 21.4 5.349 10.7 0 0 0 1.783 0 0 0 0 0 0 0 0 0 0
1 51.66 48.1 33.85 21.38 5.344 7.126 3.563 5.344 1.781 0 0 0 0 0 0 0 0 0 0 0
1 62.21 62.21 26.39 15.08 7.541 3.77 3.77 3.77 1.885 1.885 0 0 0 0 0 0 0 0 0 0
1 63.42 63.42 35.94 29.6 12.68 0 4.228 0 0 2.114 0 0 0 0 0 0 0 0 0 0
1 53.63 33.12 36.28 20.5 12.62 0 1.577 0 0 0 0 0 0 0 0 0 0 0 0 0
1 77.65 43.8 27.87 19.91 15.93 7.964 3.982 1.991 0 0 0 0 0 0 0 0 0 0 0 0
1 46.44 39.41 28.15 9.852 2.815 7.037 4.222 2.815 0 0 0 0 0 0 0 0 0 0 0 0
1 48.63 40.79 32.94 20.39 6.275 6.275 0 0 1.569 0 0 0 0 0 0 0 0 0 0 0
1 64.23 57.29 17.36 13.89 1.736 6.944 6.944 3.472 1.736 0 0 0 0 0 0 0 0 0 0 0
1 49.47 30.92 18.55 8.657 6.184 3.71 3.71 0 1.237 1.237 0 0 0 0 0 0 0 0 0 0
1 34.61 24.04 11.54 9.614 3.846 5.768 0 1.923 1.923 0.9614 0.9614 0 0.9614 0 0 0 0 0 0 0
1 39.12 23.26 16.92 11.63 7.402 3.172 2.115 2.115 0 0 0 0 0 0 0 0 0 0 0 0
1 48.33 30.38 26.24 16.57 11.05 4.143 0 0 0 0 1.381 0 0 0 0 0 0 0 0 0
1 71.44 32.32 28.92 11.91 5.103 6.804 6.804 1.701 3.402 1.701 0 0 0 0 0 0 0 0 0 0
1 37.88 24.96 13.77 5.165 1.722 0.8608 1.722 0 0 0 0 0 0 0 0 0 0 0 0 0
1 25.54 27.19 14.01 9.063 4.12 0.8239 0 0.8239 0.8239 0 0 0 0 0 0 0 0 0 0 0
1 30.85 26.99 16.39 6.748 7.712 4.82 0.9639 0 1.928 0 0 0 0 0 0 0 0 0 0 0
1 43.07 37.51 31.95 13.89 6.946 4.168 0 1.389 0 0 0 0 0 0 0 0 0 0 0 0
1 53.66 25.49 22.8 5.366 9.39 9.39 2.683 1.341 2.683 0 0 0 1.341 0 0 0 0 0 0 0
1 52.89 23.06 21.7 16.28 6.781 6.781 2.713 2.713 1.356 1.356 0 0 0 0 0 0 0 0 0 0
1 38.59 28.94 24.12 14.47 3.618 4.824 2.412 1.206 1.206 1.206 0 0 0 0 0 0 0 0 0 0
1 42.53 39.49 28.86 15.19 10.63 6.076 3.038 3.038 3.038 0 0 0 0 0 0 0 0 0 0 0
1 38.67 32.81 19.92 10.55 4.687 8.202 1.172 0 1.172 0 0 0 0 0 0 0 0 0 0 0
1 35.82 22.88 15.92 11.94 5.969 3.98 0.9949 0 0 1.99 0 0 0 0 0 0 0 0 0 0
1 30.34 17.7 16.86 8.428 7.586 0.8428 1.686 0 0 0 0.8428 0 0 0 0 0 0 0 0 0
1 32.85 13.44 9.705 7.465 5.972 1.493 0.7465 0 2.24 0 0.7465 0 0 0 0 0 0 0 0 0
