 landings-at-age - landings.n (units : NA )
1	2	
2	100	
1	20	
1 
0.02659 0.2984 0.8352 0.6934 0.4839 0.3377 0.2357 0.1644 0.1148 0.08008 0.05589 0.039 0.02722 0.01899 0.01325 0.009249 0.006454 0.004504 0.003143 0.007259
0.002694 0.05216 0.1462 0.1214 0.08475 0.05914 0.04127 0.0288 0.0201 0.01403 0.009787 0.00683 0.004766 0.003326 0.002321 0.00162 0.00113 0.0007888 0.0005504 0.001271
0.005078 0.03025 0.1464 0.1219 0.08515 0.05942 0.04147 0.02894 0.02019 0.01409 0.009834 0.006862 0.004789 0.003342 0.002332 0.001627 0.001136 0.0007925 0.000553 0.001277
0.002432 0.05702 0.08489 0.122 0.08549 0.0597 0.04166 0.02907 0.02029 0.01416 0.00988 0.006895 0.004811 0.003358 0.002343 0.001635 0.001141 0.0007963 0.0005557 0.001283
0.008129 0.02731 0.16 0.07078 0.08557 0.05994 0.04186 0.02921 0.02038 0.01423 0.009927 0.006927 0.004834 0.003374 0.002354 0.001643 0.001146 8e-04 0.0005583 0.001289
0.005907 0.09128 0.07664 0.1334 0.04963 0.06 0.04203 0.02935 0.02048 0.01429 0.009974 0.00696 0.004857 0.00339 0.002365 0.001651 0.001152 0.0008038 0.0005609 0.001295
0.004783 0.06633 0.2561 0.06391 0.09355 0.0348 0.04207 0.02947 0.02058 0.01436 0.01002 0.006993 0.00488 0.003406 0.002377 0.001658 0.001157 0.0008076 0.0005636 0.001302
0.006419 0.05371 0.1861 0.2136 0.04481 0.06559 0.0244 0.0295 0.02066 0.01443 0.01007 0.007026 0.004903 0.003422 0.002388 0.001666 0.001163 0.0008114 0.0005663 0.001308
0.006325 0.07207 0.1507 0.1552 0.1498 0.03142 0.04599 0.01711 0.02068 0.01449 0.01012 0.00706 0.004926 0.003438 0.002399 0.001674 0.001168 0.0008153 0.0005689 0.001314
0.002584 0.07101 0.2022 0.1257 0.1088 0.105 0.02203 0.03225 0.01199 0.0145 0.01016 0.007093 0.00495 0.003454 0.00241 0.001682 0.001174 0.0008191 0.0005716 0.00132
0.004432 0.02902 0.1993 0.1686 0.08811 0.07629 0.07362 0.01544 0.02261 0.00841 0.01017 0.007121 0.004973 0.003471 0.002422 0.00169 0.001179 0.000823 0.0005743 0.001326
0.006438 0.04977 0.08142 0.1662 0.1182 0.06178 0.05349 0.05162 0.01083 0.01585 0.005896 0.007128 0.004993 0.003487 0.002433 0.001698 0.001185 0.0008269 0.0005771 0.001333
0.009752 0.07229 0.1396 0.06789 0.1165 0.0829 0.04331 0.03751 0.03619 0.007592 0.01111 0.004134 0.004998 0.003501 0.002445 0.001706 0.001191 0.0008308 0.0005798 0.001339
0.002337 0.1095 0.2028 0.1164 0.0476 0.08169 0.05813 0.03037 0.0263 0.02538 0.005323 0.007793 0.002899 0.003504 0.002455 0.001714 0.001196 0.0008348 0.0005825 0.001345
0.002912 0.02624 0.3072 0.1691 0.08165 0.03338 0.05727 0.04075 0.02129 0.01844 0.01779 0.003732 0.005464 0.002032 0.002457 0.001721 0.001202 0.0008387 0.0005853 0.001352
0.003858 0.0327 0.07364 0.2562 0.1186 0.05725 0.0234 0.04016 0.02857 0.01493 0.01293 0.01247 0.002617 0.003831 0.001425 0.001723 0.001207 0.0008427 0.0005881 0.001358
0.002076 0.04332 0.09175 0.06141 0.1796 0.08315 0.04014 0.01641 0.02816 0.02003 0.01047 0.009064 0.008746 0.001835 0.002686 0.0009991 0.001208 0.000846 0.0005908 0.001365
0.002238 0.02331 0.1216 0.07651 0.04305 0.126 0.0583 0.02814 0.0115 0.01974 0.01405 0.007339 0.006355 0.006132 0.001287 0.001883 0.0007005 0.0008469 0.0005932 0.001371
0.01127 0.02513 0.06541 0.1014 0.05364 0.03019 0.08831 0.04088 0.01973 0.008066 0.01384 0.009849 0.005146 0.004456 0.0043 0.000902 0.00132 0.0004912 0.0005938 0.001377
0.004981 0.1266 0.07051 0.05455 0.07107 0.03761 0.02117 0.06192 0.02866 0.01383 0.005656 0.009705 0.006906 0.003608 0.003124 0.003015 0.0006324 0.0009258 0.0003444 0.001382
0.002563 0.05592 0.3551 0.05879 0.03825 0.04983 0.02637 0.01484 0.04341 0.0201 0.0097 0.003965 0.006804 0.004842 0.00253 0.002191 0.002114 0.0004434 0.0006491 0.00121
0.005707 0.02878 0.1569 0.2961 0.04122 0.02682 0.03494 0.01849 0.01041 0.03044 0.01409 0.006801 0.00278 0.004771 0.003395 0.001774 0.001536 0.001482 0.0003109 0.001304
0.00237 0.06408 0.08075 0.1309 0.2076 0.0289 0.0188 0.0245 0.01296 0.007295 0.02134 0.009879 0.004769 0.001949 0.003345 0.00238 0.001244 0.001077 0.001039 0.001132
0.007318 0.02661 0.1798 0.06734 0.09175 0.1456 0.02027 0.01318 0.01718 0.009089 0.005115 0.01496 0.006927 0.003343 0.001367 0.002345 0.001669 0.000872 0.0007551 0.001522
0.00242 0.08217 0.07468 0.1499 0.04721 0.06433 0.1021 0.01421 0.009243 0.01204 0.006373 0.003586 0.01049 0.004857 0.002344 0.0009583 0.001644 0.00117 0.0006114 0.001597
0.005708 0.02718 0.2306 0.06227 0.1051 0.0331 0.0451 0.07157 0.009962 0.006481 0.008444 0.004468 0.002515 0.007356 0.003405 0.001644 0.0006719 0.001153 0.0008204 0.001548
0.002709 0.0641 0.07626 0.1923 0.04366 0.0737 0.02321 0.03162 0.05018 0.006985 0.004544 0.00592 0.003133 0.001763 0.005158 0.002388 0.001152 0.0004711 0.0008084 0.001661
0.002149 0.03042 0.1799 0.06359 0.1348 0.03061 0.05168 0.01627 0.02217 0.03518 0.004898 0.003186 0.004151 0.002197 0.001236 0.003616 0.001674 0.000808 0.0003303 0.001731
0.006841 0.02413 0.08534 0.15 0.04458 0.09451 0.02146 0.03623 0.01141 0.01555 0.02467 0.003434 0.002234 0.00291 0.00154 0.0008667 0.002536 0.001174 0.0005665 0.001445
0.004707 0.07681 0.06772 0.07117 0.1052 0.03126 0.06627 0.01505 0.0254 0.008 0.0109 0.0173 0.002408 0.001566 0.002041 0.00108 0.0006077 0.001778 0.0008229 0.001411
0.003258 0.05285 0.2155 0.05647 0.0499 0.07373 0.02192 0.04646 0.01055 0.01781 0.005609 0.007643 0.01213 0.001688 0.001098 0.001431 0.0007572 0.0004261 0.001246 0.001566
0.007099 0.03658 0.1483 0.1797 0.03959 0.03499 0.05169 0.01537 0.03258 0.007398 0.01249 0.003933 0.005359 0.008503 0.001184 0.0007699 0.001003 0.0005309 0.0002987 0.001972
0.005246 0.0797 0.1027 0.1237 0.126 0.02776 0.02453 0.03625 0.01077 0.02284 0.005187 0.008757 0.002758 0.003757 0.005962 0.0008299 0.0005398 0.0007034 0.0003722 0.001592
0.009523 0.0589 0.2236 0.0856 0.08671 0.08835 0.01946 0.0172 0.02541 0.007555 0.01601 0.003637 0.00614 0.001933 0.002634 0.00418 0.0005819 0.0003785 0.0004932 0.001377
0.004691 0.1069 0.1653 0.1865 0.06002 0.0608 0.06195 0.01365 0.01206 0.01782 0.005297 0.01123 0.00255 0.004305 0.001356 0.001847 0.002931 0.000408 0.0002654 0.001311
0.01728 0.05267 0.3 0.1378 0.1308 0.04208 0.04263 0.04344 0.009568 0.008455 0.01249 0.003714 0.007873 0.001788 0.003018 0.0009505 0.001295 0.002055 0.000286 0.001106
0.01021 0.1941 0.1478 0.2502 0.09663 0.09168 0.02951 0.02989 0.03045 0.006709 0.005928 0.00876 0.002604 0.00552 0.001254 0.002116 0.0006664 0.000908 0.001441 0.0009757
0.003198 0.1146 0.5445 0.1232 0.1754 0.06775 0.06428 0.02069 0.02096 0.02135 0.004704 0.004157 0.006142 0.001826 0.00387 0.000879 0.001484 0.0004672 0.0006366 0.001694
0.006746 0.03591 0.3216 0.454 0.08641 0.123 0.0475 0.04507 0.0145 0.01469 0.01497 0.003298 0.002914 0.004306 0.00128 0.002714 0.0006163 0.00104 0.0003276 0.001634
1.908 19.52 24.06 62.82 74.58 14.19 20.2 7.803 7.403 2.383 2.413 2.459 0.5417 0.4787 0.7073 0.2103 0.4457 0.1012 0.1709 0.3223
1.498 19.62 45.41 14.94 32.05 38.05 7.241 10.31 3.981 3.777 1.215 1.231 1.255 0.2764 0.2442 0.3609 0.1073 0.2274 0.05164 0.2516
1.031 18.3 53.85 33.37 9.031 19.38 23.01 4.379 6.233 2.407 2.284 0.735 0.7445 0.7586 0.1671 0.1477 0.2182 0.06487 0.1375 0.1834
0.4488 10.18 40.8 31.88 16.21 4.388 9.415 11.18 2.127 3.028 1.169 1.11 0.3571 0.3617 0.3686 0.08119 0.07174 0.106 0.03151 0.1559
0.5915 4.794 24.66 26.5 17.03 8.66 2.344 5.03 5.971 1.136 1.618 0.6247 0.5928 0.1908 0.1932 0.1969 0.04337 0.03833 0.05663 0.1001
1.768 6.72 12.32 17.02 15.05 9.674 4.92 1.332 2.857 3.392 0.6456 0.9189 0.3549 0.3367 0.1084 0.1098 0.1119 0.02464 0.02177 0.08905
1.206 19.26 16.55 8.125 9.227 8.161 5.245 2.667 0.722 1.549 1.839 0.35 0.4982 0.1924 0.1826 0.05876 0.05952 0.06065 0.01336 0.06009
2.999 13.73 49.45 11.37 4.589 5.212 4.61 2.963 1.507 0.4078 0.875 1.039 0.1977 0.2814 0.1087 0.1031 0.03319 0.03362 0.03426 0.04149
0.9834 29.84 30.98 29.78 5.626 2.271 2.579 2.281 1.466 0.7456 0.2018 0.433 0.5141 0.09784 0.1393 0.05379 0.05103 0.01642 0.01664 0.03748
0.881 12.33 84.18 23.47 18.58 3.509 1.416 1.609 1.423 0.9144 0.465 0.1259 0.2701 0.3206 0.06102 0.08686 0.03355 0.03183 0.01024 0.03375
0.4669 9.194 28.94 52.44 12 9.498 1.794 0.7242 0.8225 0.7274 0.4675 0.2378 0.06435 0.1381 0.1639 0.0312 0.04441 0.01715 0.01627 0.0225
1.051 5.269 23.31 19.54 29.1 6.658 5.27 0.9954 0.4018 0.4563 0.4036 0.2594 0.1319 0.03571 0.07662 0.09096 0.01731 0.02464 0.009517 0.02151
0.4886 10.95 12.36 14.53 10 14.89 3.407 2.697 0.5094 0.2056 0.2335 0.2065 0.1328 0.06751 0.01827 0.03921 0.04655 0.008859 0.01261 0.01588
0.6838 5.159 26.14 7.881 7.616 5.243 7.806 1.786 1.414 0.267 0.1078 0.1224 0.1083 0.06959 0.03539 0.009579 0.02055 0.0244 0.004644 0.01493
0.8594 7.698 13.12 17.8 4.414 4.266 2.936 4.372 1 0.7918 0.1496 0.06038 0.06856 0.06064 0.03898 0.01982 0.005365 0.01151 0.01367 0.01097
1.617 9.607 19.39 8.819 9.838 2.44 2.358 1.623 2.417 0.5529 0.4376 0.08267 0.03337 0.0379 0.03352 0.02154 0.01096 0.002965 0.006363 0.01362
1.086 16.39 22.04 11.86 4.434 4.947 1.227 1.186 0.816 1.215 0.278 0.2201 0.04157 0.01678 0.01906 0.01685 0.01083 0.005509 0.001491 0.01005
2.236 13.37 45.35 16.34 7.242 2.707 3.019 0.7488 0.7236 0.4981 0.7417 0.1697 0.1343 0.02537 0.01024 0.01163 0.01029 0.006612 0.003363 0.007042
1.213 22.37 30.17 27.18 8.04 3.562 1.331 1.485 0.3683 0.3559 0.245 0.3648 0.08348 0.06607 0.01248 0.005038 0.005721 0.00506 0.003252 0.005118
0.6085 13.08 54.62 19.73 14.61 4.323 1.915 0.7158 0.7985 0.198 0.1914 0.1317 0.1961 0.04488 0.03552 0.00671 0.002709 0.003076 0.002721 0.0045
1.63 7.349 35.5 39.67 11.79 8.732 2.583 1.144 0.4277 0.4772 0.1183 0.1144 0.07871 0.1172 0.02682 0.02123 0.00401 0.001619 0.001838 0.004315
0.627 17.63 17.83 22.83 20.94 6.223 4.61 1.364 0.6042 0.2258 0.2519 0.06247 0.06037 0.04155 0.06187 0.01416 0.01121 0.002117 0.0008545 0.003248
1.411 6.933 43.68 11.72 12.32 11.3 3.357 2.487 0.7357 0.3259 0.1218 0.1359 0.0337 0.03257 0.02242 0.03338 0.007638 0.006046 0.001142 0.002213
0.2518 13.97 15.49 25.89 5.7 5.992 5.496 1.633 1.21 0.3579 0.1586 0.05926 0.06611 0.01639 0.01584 0.01091 0.01624 0.003715 0.002941 0.001632
0.6011 2.832 35.47 10.53 14.48 3.188 3.351 3.074 0.9133 0.6766 0.2001 0.08868 0.03314 0.03697 0.00917 0.008861 0.006099 0.009082 0.002078 0.002558
0.409 6.509 6.924 23.16 5.651 7.773 1.711 1.799 1.65 0.4902 0.3631 0.1074 0.0476 0.01779 0.01985 0.004922 0.004756 0.003274 0.004875 0.002488
2.404 4.515 16.21 4.609 12.68 3.093 4.254 0.9365 0.9845 0.903 0.2683 0.1987 0.05879 0.02605 0.009736 0.01086 0.002694 0.002603 0.001792 0.00403
0.345 24.69 10.51 10.09 2.357 6.483 1.582 2.176 0.4789 0.5035 0.4618 0.1372 0.1016 0.03007 0.01332 0.004979 0.005555 0.001378 0.001331 0.002977
0.8844 4.23 68.14 7.779 6.147 1.436 3.95 0.9638 1.326 0.2918 0.3068 0.2814 0.0836 0.06193 0.01832 0.008117 0.003034 0.003384 0.0008393 0.002625
1.407 9.138 9.846 42.14 3.95 3.121 0.7292 2.006 0.4893 0.673 0.1482 0.1557 0.1429 0.04245 0.03144 0.009301 0.004121 0.00154 0.001718 0.001759
0.253 14.28 21.04 6.063 21.33 1.999 1.58 0.3691 1.015 0.2477 0.3407 0.07499 0.07883 0.07231 0.02148 0.01592 0.004708 0.002086 0.0007797 0.00176
1.105 2.968 37.87 15 3.56 12.52 1.174 0.9275 0.2167 0.5961 0.1454 0.2 0.04403 0.04629 0.04246 0.01262 0.009345 0.002764 0.001225 0.001491
0.5874 11.94 7.248 24.72 8.053 1.911 6.721 0.63 0.4977 0.1163 0.3199 0.07805 0.1073 0.02363 0.02484 0.02279 0.00677 0.005015 0.001484 0.001458
0.3833 6.746 30.88 5.009 14.05 4.576 1.086 3.82 0.358 0.2829 0.0661 0.1818 0.04436 0.06101 0.01343 0.01412 0.01295 0.003848 0.00285 0.001672
1.287 4.01 15.92 19.4 2.585 7.25 2.361 0.5602 1.971 0.1847 0.146 0.03411 0.0938 0.02289 0.03148 0.006929 0.007285 0.006682 0.001985 0.002333
0.2555 13.4 9.458 10.05 10.07 1.341 3.762 1.225 0.2907 1.023 0.09585 0.07573 0.0177 0.04867 0.01188 0.01633 0.003595 0.00378 0.003467 0.002241
0.3077 2.853 33.9 6.429 5.621 5.632 0.7504 2.105 0.6856 0.1627 0.5722 0.05363 0.04238 0.009902 0.02723 0.006645 0.009139 0.002012 0.002115 0.003194
1.396 3.674 7.663 24.38 3.804 3.326 3.332 0.444 1.245 0.4056 0.09624 0.3386 0.03173 0.02507 0.005859 0.01611 0.003932 0.005407 0.00119 0.003141
1.054 13.96 8.304 4.606 12.03 1.877 1.641 1.645 0.2191 0.6146 0.2002 0.0475 0.1671 0.01566 0.01237 0.002891 0.007953 0.00194 0.002669 0.002138
1.445 11.99 35.87 5.717 2.609 6.816 1.063 0.9297 0.9315 0.1241 0.3481 0.1134 0.0269 0.09465 0.00887 0.007009 0.001638 0.004504 0.001099 0.002722
0.9404 16.84 31.35 25.01 3.276 1.495 3.906 0.6094 0.5328 0.5339 0.07114 0.1995 0.06499 0.01542 0.05424 0.005084 0.004017 0.0009387 0.002582 0.00219
1.085 9.261 37.43 18.51 12.12 1.587 0.7244 1.892 0.2952 0.2581 0.2586 0.03446 0.09665 0.03148 0.007469 0.02628 0.002463 0.001946 0.0004547 0.002312
0.6921 12.26 23.65 25.61 10.41 6.819 0.8932 0.4077 1.065 0.1662 0.1453 0.1456 0.01939 0.0544 0.01772 0.004204 0.01479 0.001386 0.001095 0.001557
0.5148 7.426 29.73 15.32 13.64 5.547 3.632 0.4757 0.2171 0.5672 0.08849 0.07737 0.07752 0.01033 0.02897 0.009436 0.002239 0.007876 0.0007382 0.001412
1.772 5.761 18.76 20.09 8.514 7.579 3.083 2.018 0.2644 0.1207 0.3152 0.04918 0.043 0.04308 0.00574 0.0161 0.005244 0.001244 0.004377 0.001195
1.434 18.14 13.36 11.63 10.23 4.337 3.861 1.57 1.028 0.1347 0.06147 0.1606 0.02505 0.0219 0.02195 0.002924 0.008202 0.002672 0.0006338 0.002839
2.605 16.12 46.19 9.144 6.55 5.765 2.443 2.175 0.8846 0.5792 0.07587 0.03463 0.09046 0.01411 0.01234 0.01236 0.001647 0.00462 0.001505 0.001956
1.362 30.2 42.12 32.32 5.264 3.771 3.319 1.407 1.252 0.5093 0.3335 0.04368 0.01994 0.05208 0.008125 0.007104 0.007118 0.0009484 0.00266 0.001993
1.437 15.16 75.54 28.05 17.69 2.881 2.063 1.816 0.7698 0.6852 0.2787 0.1825 0.0239 0.01091 0.0285 0.004446 0.003887 0.003895 0.000519 0.002546
0.9887 15.86 37.52 49.7 15.15 9.554 1.556 1.115 0.9811 0.4158 0.3702 0.1505 0.09858 0.01291 0.005893 0.01539 0.002402 0.0021 0.002104 0.001656
0.8772 9.657 35.04 22.05 23.98 7.312 4.61 0.7508 0.5378 0.4734 0.2006 0.1786 0.07264 0.04756 0.00623 0.002843 0.007428 0.001159 0.001013 0.001814
1.106 10.78 26.69 25.96 13.45 14.62 4.46 2.812 0.4579 0.328 0.2887 0.1224 0.1089 0.0443 0.02901 0.0038 0.001734 0.00453 0.0007068 0.001724
1.426 11.73 25.69 16.89 13.49 6.987 7.597 2.317 1.461 0.2379 0.1704 0.15 0.06357 0.05659 0.02301 0.01507 0.001974 0.0009009 0.002353 0.001263
1.693 15.8 29.21 17.02 9.189 7.338 3.802 4.133 1.26 0.7947 0.1294 0.09271 0.0816 0.03459 0.03079 0.01252 0.008199 0.001074 0.0004902 0.001968
2.474 17.04 35.93 17.67 8.455 4.565 3.646 1.889 2.054 0.6262 0.3948 0.0643 0.04606 0.04054 0.01718 0.0153 0.006221 0.004074 0.0005336 0.001221
0.8254 26.84 41.88 23.68 9.581 4.584 2.475 1.977 1.024 1.113 0.3395 0.2141 0.03486 0.02497 0.02198 0.009316 0.008293 0.003373 0.002209 0.0009513
0.6061 9.493 69.7 29.16 13.56 5.489 2.626 1.418 1.132 0.5867 0.6378 0.1945 0.1226 0.01997 0.01431 0.01259 0.005337 0.004751 0.001932 0.00181
1.23 6.806 23.99 46.98 16.15 7.514 3.04 1.455 0.7855 0.6272 0.325 0.3533 0.1077 0.06793 0.01106 0.007925 0.006976 0.002956 0.002632 0.002073
1.298 12.7 15.87 14.89 23.95 8.235 3.831 1.55 0.7416 0.4005 0.3198 0.1657 0.1801 0.05493 0.03463 0.005641 0.004041 0.003556 0.001507 0.002399
2.107 15.46 34 11.35 8.761 14.09 4.845 2.254 0.912 0.4363 0.2356 0.1881 0.09748 0.106 0.03232 0.02038 0.003319 0.002377 0.002092 0.002298
