 landings-at-age - landings.n (units : NA )
1	2	
2	100	
1	20	
1 
0.02659 0.2984 0.8352 0.6934 0.4839 0.3377 0.2357 0.1644 0.1148 0.08008 0.05589 0.039 0.02722 0.01899 0.01325 0.009249 0.006454 0.004504 0.003143 0.007259
0.003059 0.05216 0.1462 0.1214 0.08475 0.05914 0.04127 0.0288 0.0201 0.01403 0.009787 0.00683 0.004766 0.003326 0.002321 0.00162 0.00113 0.0007888 0.0005504 0.001271
0.005749 0.03435 0.1464 0.1219 0.08515 0.05942 0.04147 0.02894 0.02019 0.01409 0.009834 0.006862 0.004789 0.003342 0.002332 0.001627 0.001136 0.0007925 0.000553 0.001277
0.00442 0.06456 0.09638 0.122 0.08549 0.0597 0.04166 0.02907 0.02029 0.01416 0.00988 0.006895 0.004811 0.003358 0.002343 0.001635 0.001141 0.0007963 0.0005557 0.001283
0.004132 0.04963 0.1811 0.08037 0.08557 0.05994 0.04186 0.02921 0.02038 0.01423 0.009927 0.006927 0.004834 0.003374 0.002354 0.001643 0.001146 8e-04 0.0005583 0.001289
0.005334 0.04639 0.1393 0.1511 0.05635 0.06 0.04203 0.02935 0.02048 0.01429 0.009974 0.00696 0.004857 0.00339 0.002365 0.001651 0.001152 0.0008038 0.0005609 0.001295
0.002792 0.05989 0.1302 0.1161 0.1059 0.03951 0.04207 0.02947 0.02058 0.01436 0.01002 0.006993 0.00488 0.003406 0.002377 0.001658 0.001157 0.0008076 0.0005636 0.001302
0.008026 0.03135 0.168 0.1085 0.08142 0.07426 0.0277 0.0295 0.02066 0.01443 0.01007 0.007026 0.004903 0.003422 0.002388 0.001666 0.001163 0.0008114 0.0005663 0.001308
0.00267 0.09011 0.08796 0.1401 0.07611 0.05709 0.05207 0.01942 0.02068 0.01449 0.01012 0.00706 0.004926 0.003438 0.002399 0.001674 0.001168 0.0008153 0.0005689 0.001314
0.007713 0.02998 0.2529 0.07335 0.09825 0.05336 0.04003 0.03651 0.01362 0.0145 0.01016 0.007093 0.00495 0.003454 0.00241 0.001682 0.001174 0.0008191 0.0005716 0.00132
0.005225 0.08661 0.08414 0.2109 0.05143 0.06889 0.03741 0.02806 0.0256 0.009549 0.01017 0.007121 0.004973 0.003471 0.002422 0.00169 0.001179 0.000823 0.0005743 0.001326
0.0112 0.05867 0.243 0.07016 0.1478 0.03606 0.0483 0.02623 0.01968 0.01795 0.006695 0.007128 0.004993 0.003487 0.002433 0.001698 0.001185 0.0008269 0.0005771 0.001333
0.007028 0.1258 0.1646 0.2026 0.04919 0.1037 0.02528 0.03387 0.01839 0.0138 0.01258 0.004694 0.004998 0.003501 0.002445 0.001706 0.001191 0.0008308 0.0005798 0.001339
0.00286 0.07891 0.3529 0.1373 0.1421 0.03449 0.07268 0.01773 0.02374 0.0129 0.009673 0.008822 0.003291 0.003504 0.002455 0.001714 0.001196 0.0008348 0.0005825 0.001345
0.006594 0.03211 0.2214 0.2943 0.09625 0.09962 0.02418 0.05096 0.01243 0.01665 0.009042 0.006782 0.006186 0.002308 0.002457 0.001721 0.001202 0.0008387 0.0005853 0.001352
0.005847 0.07403 0.09011 0.1846 0.2063 0.06749 0.06985 0.01696 0.03573 0.008714 0.01167 0.00634 0.004755 0.004337 0.001618 0.001723 0.001207 0.0008427 0.0005881 0.001358
0.006072 0.06565 0.2077 0.07514 0.1295 0.1447 0.04732 0.04897 0.01189 0.02505 0.00611 0.008184 0.004445 0.003334 0.003041 0.001134 0.001208 0.000846 0.0005908 0.001365
0.004119 0.06818 0.1842 0.1732 0.05269 0.09077 0.1014 0.03318 0.03434 0.008336 0.01756 0.004284 0.005738 0.003117 0.002338 0.002132 0.0007954 0.0008469 0.0005932 0.001371
0.01826 0.04625 0.1913 0.1536 0.1215 0.03694 0.06364 0.07112 0.02326 0.02408 0.005844 0.01232 0.003004 0.004023 0.002185 0.001639 0.001495 0.0005577 0.0005938 0.001377
0.004095 0.2051 0.1298 0.1595 0.1077 0.08516 0.0259 0.04462 0.04987 0.01631 0.01688 0.004098 0.008635 0.002106 0.002821 0.001532 0.001149 0.001048 0.000391 0.001382
0.008941 0.04598 0.5754 0.1082 0.1119 0.07552 0.05971 0.01816 0.03129 0.03496 0.01144 0.01184 0.002873 0.006054 0.001477 0.001978 0.001074 0.0008058 0.0007349 0.001243
0.007894 0.1004 0.129 0.4798 0.07587 0.07842 0.05295 0.04186 0.01273 0.02194 0.02451 0.008018 0.008298 0.002014 0.004245 0.001035 0.001387 0.0007532 0.000565 0.001387
0.01891 0.08863 0.2817 0.1076 0.3364 0.05319 0.05499 0.03713 0.02935 0.008928 0.01538 0.01719 0.005622 0.005818 0.001412 0.002976 0.0007259 0.0009724 0.0005281 0.001369
0.00242 0.2123 0.2487 0.2349 0.07544 0.2359 0.0373 0.03855 0.02603 0.02058 0.006259 0.01078 0.01205 0.003942 0.004079 0.0009903 0.002087 0.0005089 0.0006818 0.00133
0.002621 0.02717 0.5957 0.2074 0.1647 0.05289 0.1654 0.02615 0.02703 0.01825 0.01443 0.004389 0.007561 0.00845 0.002764 0.00286 0.0006943 0.001463 0.0003568 0.00141
0.005609 0.02943 0.07625 0.4967 0.1454 0.1155 0.03708 0.116 0.01834 0.01895 0.0128 0.01012 0.003077 0.005302 0.005924 0.001938 0.002005 0.0004868 0.001026 0.001239
0.008767 0.06298 0.08257 0.06358 0.3483 0.102 0.08096 0.026 0.08131 0.01286 0.01329 0.008972 0.007094 0.002158 0.003717 0.004154 0.001359 0.001406 0.0003413 0.001588
0.003722 0.09844 0.1767 0.06886 0.04458 0.2442 0.07148 0.05677 0.01823 0.05701 0.009014 0.009317 0.006291 0.004974 0.001513 0.002606 0.002912 0.0009526 0.0009859 0.001353
0.004727 0.0418 0.2762 0.1474 0.04828 0.03126 0.1712 0.05012 0.0398 0.01278 0.03997 0.00632 0.006533 0.004411 0.003487 0.001061 0.001827 0.002042 0.0006679 0.00164
0.00495 0.05308 0.1173 0.2303 0.1033 0.03385 0.02192 0.1201 0.03514 0.02791 0.008962 0.02803 0.004431 0.00458 0.003093 0.002445 0.0007437 0.001281 0.001432 0.001618
0.003683 0.05558 0.1489 0.0978 0.1615 0.07245 0.02373 0.01537 0.08417 0.02464 0.01957 0.006284 0.01965 0.003107 0.003211 0.002168 0.001714 0.0005214 0.0008983 0.002138
0.002822 0.04135 0.1559 0.1242 0.06857 0.1132 0.0508 0.01664 0.01077 0.05902 0.01728 0.01372 0.004406 0.01378 0.002178 0.002252 0.00152 0.001202 0.0003656 0.002129
0.003106 0.03168 0.116 0.13 0.08708 0.04808 0.07939 0.03562 0.01167 0.007554 0.04138 0.01211 0.009619 0.003089 0.00966 0.001527 0.001579 0.001066 0.0008428 0.001749
0.007478 0.03487 0.0889 0.09676 0.09117 0.06106 0.03371 0.05567 0.02497 0.008181 0.005297 0.02901 0.008493 0.006744 0.002166 0.006773 0.001071 0.001107 0.0007474 0.001817
0.02377 0.08397 0.09784 0.07413 0.06784 0.06393 0.04281 0.02363 0.03903 0.01751 0.005736 0.003714 0.02034 0.005955 0.004729 0.001519 0.004749 0.0007508 0.0007761 0.001798
0.004502 0.2669 0.2356 0.08159 0.05198 0.04757 0.04482 0.03002 0.01657 0.02737 0.01228 0.004022 0.002604 0.01426 0.004175 0.003316 0.001065 0.00333 0.0005264 0.001805
0.003182 0.05055 0.749 0.1965 0.05721 0.03644 0.03335 0.03143 0.02105 0.01162 0.01919 0.008607 0.00282 0.001826 0.01 0.002927 0.002325 0.0007466 0.002335 0.001635
0.00426 0.03573 0.1418 0.6246 0.1378 0.04011 0.02555 0.02338 0.02203 0.01476 0.008146 0.01345 0.006035 0.001977 0.00128 0.007012 0.002052 0.00163 0.0005234 0.002783
0.00391 0.04783 0.1003 0.1183 0.4379 0.09659 0.02812 0.01792 0.0164 0.01545 0.01035 0.005712 0.009433 0.004231 0.001386 0.0008975 0.004916 0.001439 0.001143 0.002318
1.244 11.31 32.04 19.59 19.43 71.93 15.87 4.619 2.943 2.693 2.538 1.699 0.9382 1.549 0.695 0.2277 0.1474 0.8075 0.2364 0.5685
1.491 12.79 26.32 19.89 9.992 9.911 36.7 8.094 2.357 1.501 1.374 1.295 0.867 0.4786 0.7904 0.3546 0.1162 0.07521 0.412 0.4106
2.483 18.21 35.11 19.34 12.03 6.042 5.993 22.19 4.894 1.425 0.9079 0.8308 0.7829 0.5243 0.2894 0.478 0.2144 0.07024 0.04548 0.4974
1.44 24.52 40.6 20.79 9.396 5.844 2.935 2.912 10.78 2.378 0.6923 0.4411 0.4036 0.3803 0.2547 0.1406 0.2322 0.1042 0.03412 0.2638
0.8838 15.38 59.4 26.37 11.11 5.02 3.122 1.568 1.555 5.759 1.27 0.3699 0.2356 0.2156 0.2032 0.1361 0.07512 0.1241 0.05565 0.1591
1.541 10.04 39.53 41 14.98 6.309 2.852 1.774 0.8909 0.8836 3.272 0.7216 0.2101 0.1339 0.1225 0.1154 0.0773 0.04267 0.07047 0.122
0.6338 16.78 24.73 26.06 22.23 8.12 3.42 1.546 0.9616 0.483 0.4791 1.774 0.3912 0.1139 0.07257 0.06642 0.06258 0.04191 0.02314 0.1044
0.7475 7.218 43.09 16.99 14.72 12.56 4.587 1.932 0.8733 0.5432 0.2728 0.2706 1.002 0.221 0.06435 0.04099 0.03751 0.03535 0.02367 0.07202
0.5618 7.439 16.29 25.95 8.406 7.285 6.213 2.27 0.9561 0.4321 0.2688 0.135 0.1339 0.4958 0.1094 0.03184 0.02029 0.01856 0.01749 0.04735
1.811 7.043 20.98 12.34 16.19 5.243 4.543 3.875 1.416 0.5963 0.2695 0.1676 0.0842 0.08352 0.3092 0.0682 0.01986 0.01265 0.01158 0.04044
3.459 18.9 16.53 13.07 6.307 8.276 2.681 2.323 1.981 0.7238 0.3049 0.1378 0.08572 0.04305 0.0427 0.1581 0.03487 0.01015 0.006469 0.0266
0.6216 39.03 47.91 11.16 7.253 3.5 4.592 1.487 1.289 1.099 0.4016 0.1692 0.07646 0.04756 0.02389 0.02369 0.08773 0.01935 0.005634 0.01835
0.5612 6.473 91.55 29.86 5.713 3.712 1.791 2.35 0.7612 0.6596 0.5626 0.2055 0.08657 0.03913 0.02434 0.01222 0.01213 0.0449 0.009902 0.01227
0.5542 5.926 15.45 58.39 15.66 2.995 1.946 0.9388 1.232 0.399 0.3458 0.2949 0.1077 0.04538 0.02051 0.01276 0.006408 0.006356 0.02354 0.01162
0.4811 6.238 15.06 10.52 32.7 8.768 1.677 1.09 0.5258 0.69 0.2235 0.1937 0.1652 0.06034 0.02542 0.01149 0.007146 0.003589 0.00356 0.01969
1.745 5.378 15.71 10.13 5.816 18.08 4.846 0.9271 0.6024 0.2906 0.3814 0.1235 0.107 0.0913 0.03335 0.01405 0.00635 0.00395 0.001984 0.01285
0.7901 17.68 12.34 9.614 5.093 2.924 9.089 2.437 0.4662 0.3029 0.1461 0.1918 0.06211 0.05382 0.04591 0.01677 0.007064 0.003193 0.001986 0.00746
0.2739 9.723 48.92 9.15 5.869 3.109 1.785 5.548 1.487 0.2846 0.1849 0.0892 0.117 0.03791 0.03285 0.02802 0.01024 0.004312 0.001949 0.005766
0.5393 2.741 21.95 29.32 4.501 2.887 1.529 0.878 2.729 0.7316 0.14 0.09094 0.04388 0.05757 0.01865 0.01616 0.01378 0.005035 0.002121 0.003795
1.081 5.817 6.691 14.35 15.76 2.42 1.552 0.8221 0.4721 1.467 0.3934 0.07525 0.04889 0.02359 0.03095 0.01003 0.008688 0.00741 0.002707 0.003181
1.459 13.06 15.79 4.86 8.574 9.42 1.446 0.9274 0.4913 0.2821 0.8767 0.2351 0.04497 0.02922 0.0141 0.0185 0.005991 0.005192 0.004428 0.003518
0.336 15.78 31.68 10.16 2.565 4.526 4.973 0.7633 0.4896 0.2594 0.1489 0.4628 0.1241 0.02374 0.01542 0.007442 0.009765 0.003163 0.002741 0.004195
0.4329 3.715 39.1 20.82 5.479 1.384 2.442 2.683 0.4118 0.2641 0.1399 0.08034 0.2497 0.06695 0.01281 0.008321 0.004015 0.005268 0.001706 0.003742
1.326 4.285 8.298 23.18 10.13 2.665 0.6733 1.188 1.305 0.2003 0.1285 0.06806 0.03908 0.1215 0.03257 0.00623 0.004048 0.001953 0.002563 0.00265
0.6919 14.92 10.88 5.643 12.96 5.665 1.491 0.3766 0.6644 0.7299 0.112 0.07186 0.03807 0.02186 0.06793 0.01821 0.003484 0.002264 0.001092 0.002916
0.4949 7.492 36.48 7.107 3.028 6.958 3.04 0.8001 0.2021 0.3566 0.3918 0.06014 0.03857 0.02043 0.01173 0.03646 0.009776 0.00187 0.001215 0.002151
1.376 5.463 18.66 24.28 3.89 1.658 3.808 1.664 0.4379 0.1106 0.1952 0.2144 0.03291 0.02111 0.01118 0.006421 0.01996 0.00535 0.001024 0.001842
0.3585 14.13 12.72 11.61 12.42 1.989 0.8477 1.948 0.851 0.2239 0.05657 0.09981 0.1097 0.01683 0.0108 0.005719 0.003284 0.01021 0.002736 0.001466
0.2953 4.395 39.01 9.413 7.075 7.566 1.212 0.5165 1.187 0.5185 0.1364 0.03447 0.06081 0.06681 0.01026 0.006578 0.003485 0.002001 0.006218 0.00256
1.339 3.051 10.23 24.12 4.779 3.592 3.841 0.6154 0.2622 0.6025 0.2633 0.06927 0.0175 0.03087 0.03392 0.005207 0.00334 0.001769 0.001016 0.004457
1.331 13.59 7.025 6.301 12.21 2.419 1.818 1.944 0.3115 0.1327 0.305 0.1333 0.03506 0.008858 0.01563 0.01717 0.002636 0.00169 0.0008955 0.00277
2.599 15.61 36.05 5.01 3.699 7.17 1.42 1.068 1.142 0.1829 0.07793 0.1791 0.07824 0.02059 0.005201 0.009176 0.01008 0.001548 0.0009926 0.002152
0.462 28.1 38.13 23.53 2.689 1.985 3.848 0.7622 0.5729 0.6127 0.09815 0.04182 0.09609 0.04199 0.01105 0.002791 0.004925 0.00541 0.0008305 0.001688
1.976 5.306 72.66 26.35 13.38 1.528 1.128 2.187 0.4332 0.3256 0.3482 0.05578 0.02377 0.05461 0.02386 0.00628 0.001586 0.002799 0.003075 0.001431
0.4426 20.66 12.52 45.65 13.6 6.901 0.7884 0.5822 1.128 0.2235 0.168 0.1797 0.02878 0.01226 0.02818 0.01231 0.00324 0.0008185 0.001444 0.002325
0.9868 4.606 48.74 7.901 23.69 7.054 3.581 0.4091 0.3021 0.5854 0.116 0.08717 0.09322 0.01493 0.006364 0.01462 0.006389 0.001681 0.0004247 0.001956
1.516 11.02 11.65 33.13 4.421 13.25 3.947 2.004 0.2289 0.169 0.3276 0.06489 0.04878 0.05216 0.008356 0.003561 0.008181 0.003575 0.0009407 0.001332
0.4568 18.1 29.6 8.382 19.61 2.616 7.842 2.336 1.186 0.1354 0.1 0.1938 0.0384 0.02886 0.03086 0.004944 0.002107 0.004841 0.002115 0.001345
0.3255 4.57 40.92 17.79 4.137 9.676 1.291 3.87 1.153 0.5851 0.06684 0.04936 0.09566 0.01895 0.01424 0.01523 0.00244 0.00104 0.002389 0.001708
0.6323 3.704 11.74 28.17 10.08 2.343 5.48 0.7312 2.192 0.6529 0.3314 0.03786 0.02796 0.05418 0.01073 0.008067 0.008627 0.001382 0.0005889 0.00232
2.255 7.368 9.685 8.188 16.14 5.776 1.343 3.141 0.4191 1.256 0.3742 0.1899 0.0217 0.01602 0.03105 0.006152 0.004624 0.004945 0.0007921 0.001667
0.762 22.21 16.38 5.717 3.966 7.821 2.798 0.6505 1.522 0.203 0.6086 0.1813 0.09201 0.01051 0.007762 0.01504 0.00298 0.00224 0.002395 0.001191
2.735 8.614 56.71 11.21 3.218 2.232 4.401 1.575 0.3661 0.8563 0.1142 0.3425 0.102 0.05178 0.005915 0.004368 0.008466 0.001677 0.001261 0.002019
1.567 29.35 20.89 36.74 5.968 1.714 1.189 2.344 0.8387 0.195 0.456 0.06085 0.1824 0.05433 0.02758 0.00315 0.002326 0.004509 0.0008932 0.001746
1.768 17.54 74.13 14.11 20.42 3.317 0.9524 0.6607 1.303 0.4661 0.1084 0.2534 0.03382 0.1014 0.03019 0.01533 0.001751 0.001293 0.002506 0.001467
0.9897 18.09 40.68 45.95 7.19 10.4 1.69 0.4852 0.3366 0.6637 0.2374 0.0552 0.1291 0.01723 0.05164 0.01538 0.007808 0.0008919 0.0006587 0.002024
0.4577 11.12 46.07 27.84 25.88 4.051 5.86 0.9519 0.2733 0.1896 0.3739 0.1338 0.0311 0.07274 0.009704 0.02909 0.008665 0.004398 0.0005025 0.001511
0.6086 5.305 29.07 32.24 16.03 14.9 2.332 3.373 0.548 0.1573 0.1092 0.2152 0.07701 0.0179 0.04187 0.005587 0.01675 0.004988 0.002532 0.001159
0.6723 6.774 13.27 19.36 17.64 8.77 8.154 1.276 1.846 0.2999 0.0861 0.05973 0.1178 0.04214 0.009797 0.02291 0.003057 0.009165 0.00273 0.00202
3.648 7.416 16.77 8.73 10.46 9.529 4.738 4.405 0.6893 0.9972 0.162 0.04651 0.03227 0.06362 0.02276 0.005292 0.01238 0.001652 0.004951 0.002566
2.392 35.63 16.39 9.857 4.212 5.046 4.598 2.286 2.125 0.3326 0.4811 0.07816 0.02244 0.01557 0.0307 0.01098 0.002553 0.005972 0.0007968 0.003627
1.344 29.38 98.47 12.14 6.012 2.569 3.078 2.804 1.394 1.296 0.2029 0.2935 0.04767 0.01369 0.009496 0.01872 0.006699 0.001557 0.003643 0.002698
0.674 14.26 70.06 62.32 6.308 3.123 1.335 1.599 1.457 0.7243 0.6734 0.1054 0.1524 0.02476 0.007111 0.004933 0.009726 0.00348 0.000809 0.003294
1.456 7.469 35.5 46.41 33.9 3.432 1.699 0.7261 0.8699 0.7926 0.3941 0.3664 0.05733 0.08294 0.01347 0.003869 0.002684 0.005292 0.001893 0.002232
0.6964 14.65 16.99 21.48 23.06 16.84 1.705 0.8442 0.3608 0.4322 0.3938 0.1958 0.182 0.02849 0.04121 0.006694 0.001922 0.001333 0.002629 0.00205
2.305 7.554 36.01 11.19 11.65 12.5 9.133 0.9245 0.4577 0.1956 0.2343 0.2135 0.1061 0.09869 0.01544 0.02234 0.003629 0.001042 0.0007229 0.002537
2.958 26.51 19.62 25.07 6.412 6.672 7.161 5.232 0.5296 0.2622 0.1121 0.1342 0.1223 0.06081 0.05654 0.008847 0.0128 0.002079 0.000597 0.001867
1.219 33.22 66.99 13.22 13.89 3.552 3.696 3.967 2.898 0.2934 0.1452 0.06207 0.07436 0.06775 0.03368 0.03132 0.004901 0.00709 0.001152 0.001365
0.3568 12.59 77.43 41.59 6.741 7.081 1.811 1.884 2.022 1.478 0.1496 0.07405 0.03165 0.03791 0.03454 0.01717 0.01597 0.002499 0.003615 0.001283
0.939 4.252 33.69 55.39 24.47 3.966 4.166 1.065 1.109 1.19 0.8693 0.088 0.04357 0.01862 0.02231 0.02032 0.0101 0.009395 0.00147 0.002882
