Originally  
101 
A 
2	100	
1	1	NA	NA	
1	20	
1 563.4 257.6 241.5 209.3 96.58 64.39 48.29 32.19 48.29 0 16.1 16.1 0 0 0 0 0 0 0 16.1
1 166.2 230.8 184.6 64.62 73.86 36.93 36.93 18.46 18.46 36.93 27.7 0 0 18.46 0 9.232 0 0 0 0
1 575.1 287.6 304.5 152.2 169.1 152.2 33.83 16.91 0 0 0 0 0 0 0 0 0 0 0 0
1 451.6 434.3 208.5 173.7 156.3 139 17.37 52.11 34.74 17.37 17.37 0 0 0 0 17.37 0 0 0 17.37
1 245.8 236 236 9.834 147.5 29.5 0 9.834 29.5 0 9.834 0 9.834 9.834 0 0 9.834 0 0 0
1 622.7 167.1 258.2 121.5 45.56 45.56 106.3 30.38 15.19 15.19 30.38 45.56 0 0 15.19 0 0 0 0 0
1 333.7 307 186.9 160.2 106.8 40.04 53.39 26.69 0 26.69 13.35 26.69 53.39 0 0 0 0 0 0 0
1 570.1 168.4 194.4 90.7 103.7 64.79 12.96 25.92 0 12.96 12.96 0 12.96 0 12.96 0 12.96 0 0 0
1 291 494.8 72.76 276.5 131 29.1 43.66 43.66 58.21 0 14.55 0 0 0 0 0 0 0 0 0
1 473.8 181.1 362.3 69.67 69.67 83.61 41.8 41.8 0 13.93 27.87 0 0 13.93 13.93 0 0 0 0 0
1 397.6 397.6 109.7 150.8 68.54 95.96 41.13 41.13 41.13 0 0 0 13.71 0 13.71 0 0 0 0 0
1 1009 416.6 460.5 65.78 109.6 43.86 21.93 21.93 0 43.86 0 0 0 0 0 0 0 0 0 0
1 838.9 641.5 246.7 296.1 74.02 197.4 0 98.7 24.67 0 0 0 24.67 0 24.67 0 0 0 0 0
1 158.2 388.4 374 172.6 86.3 57.53 115.1 0 14.38 28.77 28.77 14.38 0 0 0 0 0 0 0 0
1 675.8 77.24 424.8 405.5 135.2 135.2 19.31 38.62 0 19.31 0 0 0 0 0 0 0 0 0 0
1 330.8 258.5 72.37 103.4 155.1 20.68 20.68 20.68 31.02 0 0 10.34 0 10.34 0 0 0 0 0 0
1 629.1 298 215.2 33.11 149 215.2 49.66 49.66 0 16.55 0 0 0 0 0 0 0 0 0 0
1 276.7 553.3 295.1 147.6 110.7 110.7 129.1 73.78 55.33 18.44 36.89 0 0 0 18.44 18.44 0 0 0 0
1 1715 207.8 207.8 77.94 129.9 25.98 103.9 25.98 51.96 0 0 25.98 0 0 0 0 25.98 0 0 0
1 640.1 1231 172.3 73.86 123.1 49.24 0 98.48 24.62 24.62 0 0 24.62 0 0 0 0 0 0 0
1 424.4 204.4 424.4 78.6 110 141.5 62.88 31.44 0 15.72 47.16 15.72 0 0 0 15.72 0 0 0 0
1 684.7 401.4 330.5 566.6 141.7 23.61 70.83 0 47.22 23.61 23.61 23.61 23.61 0 0 0 0 0 0 0
1 1808 433.9 506.3 217 289.3 36.16 0 144.6 36.16 108.5 0 0 0 36.16 0 0 0 0 0 0
1 336.5 1413 504.7 302.8 134.6 370.1 168.2 33.65 0 33.65 33.65 33.65 0 0 0 0 0 0 0 0
1 204.8 204.8 837.7 167.5 186.2 55.85 111.7 18.62 18.62 18.62 18.62 18.62 0 0 0 0 0 0 0 0
1 446.3 107.1 89.27 589.2 89.27 196.4 35.71 89.27 17.85 53.56 35.71 17.85 17.85 0 0 0 0 0 0 0
1 947.9 296.2 98.74 78.99 237 19.75 39.5 59.24 118.5 19.75 0 19.75 0 0 19.75 19.75 0 0 0 0
1 284.4 827.5 232.7 129.3 25.86 465.5 206.9 103.4 77.58 155.2 0 25.86 25.86 0 0 0 0 0 0 25.86
1 677.6 298.9 378.6 259.1 19.93 19.93 139.5 59.78 39.86 0 39.86 19.93 0 0 0 19.93 0 0 0 19.93
1 402.4 277.5 138.8 208.1 55.5 41.63 41.63 111 13.88 27.75 0 55.5 0 13.88 0 0 0 0 0 0
1 326.3 296.6 148.3 118.7 207.6 118.7 29.66 14.83 103.8 14.83 29.66 14.83 44.49 14.83 0 0 0 0 0 0
1 271.2 257 171.3 142.8 85.65 157 42.83 14.28 28.55 128.5 42.83 42.83 0 28.55 0 14.28 0 0 0 0
1 126.4 181.7 158 39.5 94.8 15.8 55.3 15.8 7.9 0 31.6 23.7 15.8 0 0 7.9 0 7.9 0 7.9
1 601.1 219.9 102.6 73.31 87.97 87.97 29.32 132 0 14.66 14.66 29.32 43.98 0 0 29.32 0 0 0 0
1 1947 324.6 147.5 88.52 88.52 118 59.01 29.51 118 29.51 0 0 0 0 0 0 0 0 0 0
1 210.5 1167 114.8 172.2 38.28 38.28 57.41 38.28 57.41 0 0 0 0 19.14 0 0 0 0 0 0
1 132.3 248.2 893.4 231.6 33.09 16.54 33.09 33.09 0 16.54 16.54 0 0 0 0 0 0 0 0 0
1 342.3 391.2 317.8 855.7 195.6 73.34 73.34 24.45 48.9 24.45 0 48.9 0 0 0 0 0 0 0 48.9
1 263.2 289.5 105.3 92.11 447.4 39.48 13.16 39.48 13.16 0 0 0 0 0 0 13.16 0 0 0 0
1 646.8 99.51 66.34 82.92 66.34 398 182.4 16.58 33.17 33.17 16.58 0 0 0 0 0 0 0 16.58 0
1 333.6 284.2 61.78 160.6 61.78 86.49 210.1 24.71 0 12.36 0 0 0 0 0 0 0 0 0 0
1 926.8 347.5 251 96.54 57.92 0 57.92 154.5 19.31 0 19.31 0 0 0 0 0 0 0 0 0
1 548.3 375.2 274.2 115.4 28.86 43.29 14.43 0 28.86 14.43 0 0 0 0 0 0 0 0 0 0
1 340.7 408.9 698.5 119.3 17.04 0 0 17.04 17.04 51.11 17.04 0 0 0 0 0 0 0 0 17.04
1 543.6 173.5 185 185 11.57 11.57 11.57 11.57 0 11.57 11.57 0 0 0 0 0 0 0 0 0
1 251.1 406.6 191.3 191.3 59.79 83.71 0 0 0 0 11.96 0 0 0 0 0 0 0 0 0
1 306.5 158.2 296.6 29.66 118.6 39.55 9.886 9.886 0 9.886 0 0 9.886 0 0 0 0 0 0 0
1 223.9 233.2 83.95 242.5 37.31 65.29 37.31 0 0 9.327 0 0 0 0 0 0 0 0 0 0
1 672.4 194 129.3 64.66 103.5 38.8 38.8 25.86 12.93 0 0 0 0 0 0 12.93 0 0 0 0
1 1086 396.4 68.94 51.71 17.24 51.71 17.24 17.24 0 0 0 0 17.24 0 0 0 0 0 0 0
1 333.3 1289 333.3 66.65 44.43 44.43 66.65 0 44.43 0 0 0 0 0 0 0 0 0 0 0
1 125.7 150.8 691.2 175.9 62.84 25.13 12.57 0 12.57 0 0 0 0 0 0 0 0 0 0 0
1 161 117.1 65.86 219.5 87.81 43.91 14.64 7.318 7.318 0 0 0 0 7.318 0 0 0 0 0 0
1 211.8 148.2 70.59 84.71 134.1 35.3 0 0 0 21.18 0 0 0 0 0 0 0 0 0 0
1 496.2 74.43 107.5 33.08 8.27 66.16 8.27 16.54 8.27 0 0 0 0 8.27 0 0 0 0 0 0
1 279 336.4 90.27 16.41 32.82 24.62 32.82 8.206 0 0 0 0 0 0 0 0 0 0 0 0
1 81.4 162.8 220.9 29.07 40.7 5.814 11.63 29.07 0 0 0 0 0 0 0 0 0 0 0 0
1 228.9 85.82 150.2 157.3 14.3 21.45 28.61 7.152 14.3 7.152 0 0 0 0 0 0 0 0 0 0
1 468.4 210.3 38.24 86.04 143.4 0 0 0 0 0 9.56 0 0 0 0 0 0 0 0 0
1 376.8 215.3 107.6 7.689 23.07 23.07 0 0 0 7.689 0 7.689 0 0 0 0 0 0 0 0
1 81.95 387.4 111.8 74.5 29.8 22.35 22.35 0 7.45 0 0 7.45 0 0 0 0 0 0 0 0
1 96.7 71.25 229 91.61 10.18 0 5.09 0 5.09 0 0 0 0 0 0 0 0 0 0 0
1 296.5 100.9 25.23 113.5 63.08 0 0 18.92 6.308 0 0 0 0 0 6.308 0 0 0 0 0
1 341 314.1 116.7 17.95 35.9 53.85 0 0 8.975 8.975 0 0 0 0 0 0 0 0 0 0
1 221.5 159.2 186.9 27.69 13.85 69.23 13.85 0 0 0 0 0 0 0 0 0 0 0 0 0
1 552.2 93.77 166.7 156.3 20.84 0 31.26 10.42 0 0 0 10.42 0 0 0 0 0 0 0 0
1 192 281.1 68.55 61.7 61.7 0 13.71 6.855 0 0 0 0 0 0 0 0 0 0 0 0
1 64.03 91.47 182.9 32.01 18.29 59.45 4.573 0 4.573 0 0 0 0 0 0 0 0 0 0 0
1 476.6 104 69.32 121.3 0 51.99 26 8.666 0 8.666 0 0 0 0 0 0 0 0 0 0
1 514.8 371.1 59.86 59.86 119.7 23.94 0 35.92 11.97 0 0 0 0 0 0 0 0 0 0 0
1 842 307.4 160.4 0 0 26.73 0 0 0 0 0 0 0 0 0 0 0 0 0 0
1 168.8 615.1 229.1 132.7 24.12 0 12.06 12.06 0 0 12.06 0 0 0 0 0 0 0 0 0
1 446.8 108.7 398.5 132.8 96.61 24.15 0 0 0 0 0 0 0 0 0 0 0 0 0 0
1 168.3 518 51.8 427.3 25.9 64.75 0 25.9 0 0 0 12.95 0 0 0 0 0 0 0 0
1 545.7 173 332.7 93.16 133.1 26.62 13.31 0 0 0 0 0 13.31 0 0 0 0 0 0 0
1 498.8 228.6 31.18 145.5 20.78 83.14 20.78 10.39 0 0 0 0 0 0 0 0 0 0 0 0
1 158.7 444.3 232.7 31.74 95.21 10.58 74.05 10.58 0 0 0 0 0 0 0 0 0 0 0 0
1 185.7 96.9 226.1 121.1 48.45 88.82 8.075 16.15 8.075 8.075 0 0 0 0 0 0 0 0 0 0
1 200.6 88.49 53.09 147.5 41.3 0 41.3 0 5.899 5.899 0 5.899 0 0 0 0 0 0 0 0
1 854 196 42 56 112 56 14 28 0 42 0 0 0 0 0 0 0 0 0 0
1 234.7 426 113 34.77 17.39 34.77 0 0 8.693 0 0 0 0 0 0 0 0 0 0 0
1 1012 152.8 573 76.4 19.1 19.1 38.2 0 19.1 0 0 0 0 0 0 0 0 0 0 0
1 437.8 769.9 75.48 166.1 15.1 0 0 15.1 15.1 0 0 15.1 0 0 0 0 0 0 0 0
1 716.6 309.5 472.3 81.43 32.57 0 16.29 0 0 0 0 0 0 0 0 0 0 0 0 0
1 361.3 374.7 240.9 240.9 26.76 80.29 13.38 0 0 0 0 0 0 0 0 0 0 0 0 0
1 184.1 259.9 270.7 184.1 108.3 54.14 21.66 0 0 0 0 0 0 0 0 0 0 0 0 0
1 176 102.2 90.86 73.82 28.39 85.18 5.679 5.679 0 0 0 0 0 0 0 0 0 0 0 0
1 237.2 77.08 59.29 41.5 59.29 59.29 35.57 5.929 17.79 0 0 0 0 0 0 0 0 0 0 0
1 1210 226.8 113.4 56.71 113.4 75.61 56.71 0 18.9 0 18.9 0 0 0 0 0 0 0 0 0
1 744.9 999.8 39.21 58.81 78.41 19.6 0 0 19.6 0 0 0 0 0 0 0 0 0 0 0
1 383.5 497.1 411.9 71.02 0 56.81 0 0 0 0 0 0 0 0 0 0 0 0 0 0
1 277.7 388.8 402.6 236 27.77 13.88 0 0 27.77 0 13.88 0 0 0 0 0 0 0 0 0
1 457.4 104.6 156.8 261.4 287.5 13.07 26.14 0 0 0 0 0 0 0 0 0 0 0 0 0
1 331.6 331.6 165.8 191.3 89.29 114.8 12.76 25.51 0 12.76 0 0 0 0 0 0 0 0 0 0
1 879.2 244.2 195.4 48.84 97.69 48.84 97.69 0 0 0 0 0 16.28 0 0 0 0 0 0 0
1 1166 659.2 228.2 278.9 50.71 76.07 76.07 0 0 0 0 0 0 0 0 0 0 0 0 0
1 410.6 718.5 256.6 154 85.53 68.43 17.11 0 0 0 0 0 0 0 0 0 0 0 0 0
1 59.74 403.3 642.2 239 74.68 29.87 14.94 14.94 0 14.94 0 0 0 0 0 0 0 0 0 0
1 258.3 134.3 196.3 237.6 113.6 41.32 10.33 10.33 10.33 0 10.33 0 10.33 0 0 0 0 0 0 0
