 landings-at-age - landings.n (units : NA )
1	2	
42	100	
1	20	
1 
0.2524 4.654 11.79 6.36 5.856 3.231 2.106 1.767 1.049 1.267 0.8911 0.3689 0.3702 0.1981 0.1173 0.1014 0.05756 0.07958 0.02771 0.08205
0.1212 1.607 7.264 5.327 2.402 2.211 1.22 0.7952 0.6674 0.3962 0.4785 0.3365 0.1393 0.1398 0.07482 0.04429 0.03828 0.02173 0.03005 0.04145
0.3476 1.997 6.475 8.55 5.254 2.369 2.181 1.203 0.7844 0.6583 0.3908 0.472 0.3319 0.1374 0.1379 0.0738 0.04368 0.03776 0.02144 0.07053
0.2766 3.56 5 4.707 5.199 3.195 1.441 1.326 0.7318 0.477 0.4004 0.2377 0.2871 0.2019 0.08356 0.08386 0.04488 0.02657 0.02296 0.05593
0.1311 4.148 12.99 5.294 4.171 4.608 2.832 1.277 1.176 0.6486 0.4228 0.3548 0.2106 0.2544 0.1789 0.07406 0.07433 0.03978 0.02354 0.06992
0.3569 1.242 9.572 8.651 2.948 2.322 2.566 1.577 0.7109 0.6545 0.3611 0.2354 0.1976 0.1173 0.1416 0.0996 0.04123 0.04138 0.02215 0.05204
0.4922 3.408 2.9 6.48 4.899 1.669 1.315 1.453 0.8927 0.4025 0.3706 0.2045 0.1333 0.1119 0.0664 0.0802 0.0564 0.02335 0.02343 0.042
0.2462 6.865 11.59 2.865 5.359 4.051 1.38 1.088 1.201 0.7383 0.3329 0.3065 0.1691 0.1102 0.09251 0.05492 0.06633 0.04664 0.01931 0.05412
0.2462 2.845 19.3 9.421 1.948 3.644 2.755 0.9385 0.7395 0.8169 0.502 0.2263 0.2084 0.115 0.07494 0.0629 0.03734 0.0451 0.03171 0.04993
0.2498 2.534 7.132 13.99 5.708 1.18 2.208 1.669 0.5686 0.448 0.4949 0.3041 0.1371 0.1263 0.06966 0.04541 0.03811 0.02262 0.02732 0.04946
0.3685 3.064 7.561 6.162 10.11 4.124 0.8527 1.595 1.206 0.4109 0.3237 0.3576 0.2198 0.09908 0.09122 0.05033 0.03281 0.02754 0.01635 0.05548
0.24 4.497 9.072 6.463 4.402 7.221 2.946 0.6092 1.14 0.8615 0.2935 0.2313 0.2555 0.157 0.07079 0.06517 0.03596 0.02344 0.01967 0.05132
0.3295 2.394 10.9 6.339 3.773 2.57 4.215 1.72 0.3556 0.6652 0.5029 0.1713 0.135 0.1491 0.09165 0.04132 0.03805 0.02099 0.01368 0.04144
0.4415 3.819 6.742 8.871 4.312 2.566 1.748 2.868 1.17 0.2419 0.4525 0.3421 0.1166 0.09184 0.1015 0.06235 0.02811 0.02588 0.01428 0.0375
0.4022 5.345 11.21 5.712 6.281 3.053 1.817 1.238 2.03 0.8285 0.1713 0.3204 0.2422 0.08254 0.06503 0.07184 0.04415 0.0199 0.01833 0.03666
0.286 4.302 13.87 8.379 3.566 3.922 1.906 1.135 0.7728 1.268 0.5173 0.107 0.2 0.1512 0.05153 0.0406 0.04485 0.02756 0.01243 0.03433
0.3216 3.01 11 10.23 5.162 2.197 2.416 1.174 0.699 0.4761 0.781 0.3187 0.06589 0.1232 0.09317 0.03175 0.02501 0.02763 0.01698 0.02881
0.288 3.752 8.528 8.999 6.994 3.53 1.503 1.652 0.8032 0.478 0.3256 0.5341 0.2179 0.04506 0.08429 0.06372 0.02171 0.01711 0.0189 0.03131
0.2634 2.694 8.547 5.608 4.944 3.843 1.94 0.8256 0.9079 0.4413 0.2627 0.1789 0.2935 0.1197 0.02476 0.04631 0.03501 0.01193 0.009399 0.02759
0.436 2.817 7.031 6.468 3.55 3.13 2.432 1.228 0.5226 0.5747 0.2794 0.1663 0.1132 0.1858 0.0758 0.01567 0.02932 0.02216 0.007551 0.02341
0.2059 3.659 5.796 4.203 3.235 1.775 1.565 1.216 0.6141 0.2613 0.2874 0.1397 0.08315 0.05663 0.0929 0.03791 0.007838 0.01466 0.01108 0.01549
0.4006 2.434 10.61 4.906 2.98 2.293 1.259 1.11 0.8625 0.4354 0.1853 0.2038 0.09906 0.05895 0.04016 0.06587 0.02688 0.005557 0.01039 0.01884
0.3322 7.039 10.41 13.21 5.114 3.106 2.391 1.312 1.157 0.899 0.4538 0.1931 0.2124 0.1033 0.06145 0.04186 0.06866 0.02801 0.005793 0.03047
0.253 2.469 12.79 5.462 5.792 2.243 1.362 1.048 0.5754 0.5073 0.3943 0.199 0.08471 0.09315 0.04528 0.02695 0.01836 0.03011 0.01229 0.0159
0.241 2.338 5.606 8.467 3.028 3.211 1.243 0.7551 0.5812 0.319 0.2812 0.2186 0.1103 0.04696 0.05164 0.0251 0.01494 0.01018 0.01669 0.01563
0.2361 4.761 11.26 7.873 9.964 3.564 3.779 1.463 0.8887 0.684 0.3754 0.331 0.2572 0.1299 0.05527 0.06077 0.02954 0.01758 0.01198 0.03804
0.2046 1.76 8.679 5.932 3.468 4.389 1.57 1.664 0.6445 0.3914 0.3013 0.1653 0.1458 0.1133 0.05719 0.02434 0.02677 0.01301 0.007744 0.02203
0.2563 2.399 5.056 7.267 4.16 2.431 3.077 1.101 1.167 0.4519 0.2745 0.2112 0.1159 0.1022 0.07944 0.0401 0.01707 0.01877 0.009124 0.02088
0.3062 3.475 7.941 4.87 5.86 3.354 1.961 2.482 0.8875 0.9411 0.3644 0.2213 0.1704 0.09349 0.08243 0.06407 0.03234 0.01376 0.01514 0.02419
0.3741 3.431 9.498 6.292 3.228 3.884 2.223 1.3 1.645 0.5883 0.6238 0.2415 0.1467 0.1129 0.06197 0.05464 0.04246 0.02144 0.009123 0.02607
0.2462 3.668 8.224 6.601 3.658 1.877 2.258 1.293 0.7556 0.9563 0.342 0.3626 0.1404 0.08529 0.06564 0.03603 0.03176 0.02469 0.01246 0.02046
0.1513 2.191 8.009 5.225 3.511 1.946 0.9981 1.201 0.6875 0.4019 0.5086 0.1819 0.1929 0.07468 0.04536 0.03491 0.01916 0.01689 0.01313 0.01751
0.2412 2.896 10.21 10.88 5.945 3.994 2.213 1.135 1.366 0.7821 0.4572 0.5786 0.2069 0.2194 0.08496 0.0516 0.03972 0.0218 0.01922 0.03486
0.3072 2.034 5.959 6.065 5.399 2.951 1.983 1.099 0.5637 0.6782 0.3882 0.2269 0.2872 0.1027 0.1089 0.04218 0.02562 0.01972 0.01082 0.02684
0.2904 3.203 5.19 4.419 3.764 3.351 1.832 1.231 0.6819 0.3498 0.4209 0.241 0.1409 0.1783 0.06375 0.0676 0.02618 0.0159 0.01224 0.02338
0.3595 4.326 11.62 5.472 3.9 3.322 2.957 1.616 1.086 0.6018 0.3087 0.3715 0.2126 0.1243 0.1573 0.05626 0.05966 0.0231 0.01403 0.03143
0.3397 4.074 11.91 9.243 3.638 2.593 2.209 1.966 1.075 0.7221 0.4001 0.2053 0.247 0.1414 0.08265 0.1046 0.03741 0.03967 0.01536 0.03023
0.476 3.892 11.33 9.568 6.205 2.442 1.741 1.483 1.32 0.7215 0.4847 0.2686 0.1378 0.1658 0.09492 0.05548 0.07022 0.02511 0.02663 0.0306
0.4172 4.928 9.797 8.234 5.81 3.767 1.483 1.057 0.9002 0.8014 0.4381 0.2943 0.1631 0.08367 0.1007 0.05763 0.03369 0.04263 0.01525 0.03475
0.3347 4.48 12.88 7.407 5.205 3.672 2.381 0.9373 0.6681 0.569 0.5065 0.2769 0.186 0.1031 0.05288 0.06363 0.03643 0.02129 0.02695 0.0316
0.2581 2.845 9.314 7.762 3.731 2.622 1.85 1.2 0.4722 0.3366 0.2867 0.2552 0.1395 0.09372 0.05193 0.02664 0.03206 0.01835 0.01073 0.0295
0.2334 2.954 7.978 7.608 5.309 2.552 1.793 1.265 0.8205 0.323 0.2302 0.1961 0.1745 0.09541 0.0641 0.03552 0.01822 0.02193 0.01255 0.02751
0.312 3.401 10.5 8.243 6.582 4.593 2.208 1.552 1.095 0.7098 0.2794 0.1992 0.1696 0.151 0.08254 0.05545 0.03073 0.01576 0.01897 0.03466
0.2502 3.418 9.073 8.1 5.319 4.247 2.964 1.425 1.001 0.7063 0.458 0.1803 0.1285 0.1094 0.09742 0.05325 0.03578 0.01983 0.01017 0.0346
0.2296 2.594 8.644 6.643 4.96 3.257 2.6 1.815 0.8723 0.6129 0.4324 0.2804 0.1104 0.07868 0.06701 0.05965 0.03261 0.02191 0.01214 0.02741
0.2431 2.045 5.659 5.472 3.518 2.627 1.725 1.377 0.961 0.462 0.3246 0.229 0.1485 0.05846 0.04167 0.03549 0.03159 0.01727 0.0116 0.02095
0.1417 2.314 4.785 3.861 3.126 2.01 1.501 0.9853 0.7867 0.549 0.2639 0.1854 0.1308 0.08484 0.0334 0.0238 0.02027 0.01805 0.009865 0.0186
0.3548 2.557 10.19 6.148 4.156 3.365 2.164 1.615 1.061 0.8469 0.591 0.2841 0.1996 0.1408 0.09134 0.03595 0.02563 0.02183 0.01943 0.03064
0.3804 4.531 7.925 9.128 4.604 3.113 2.52 1.621 1.21 0.7944 0.6343 0.4426 0.2128 0.1495 0.1055 0.06841 0.02693 0.01919 0.01635 0.0375
0.2777 4.371 12.62 6.355 6.116 3.085 2.085 1.689 1.086 0.8106 0.5322 0.425 0.2965 0.1426 0.1002 0.07067 0.04583 0.01804 0.01286 0.03607
0.2591 2.764 10.56 8.778 3.694 3.555 1.793 1.212 0.9815 0.631 0.4711 0.3093 0.247 0.1724 0.08285 0.05822 0.04108 0.02664 0.01048 0.02844
0.2083 2.005 5.229 5.782 4.016 1.69 1.626 0.8202 0.5545 0.449 0.2887 0.2155 0.1415 0.113 0.07885 0.0379 0.02664 0.01879 0.01219 0.01781
0.2159 1.972 4.664 3.547 3.284 2.281 0.9598 0.9237 0.4659 0.315 0.255 0.164 0.1224 0.08038 0.06418 0.04479 0.02153 0.01513 0.01067 0.01704
0.2614 2.581 5.793 4.003 2.551 2.362 1.64 0.6902 0.6642 0.335 0.2265 0.1834 0.1179 0.08803 0.0578 0.04615 0.03221 0.01548 0.01088 0.01993
0.1854 3.659 8.845 5.79 3.352 2.136 1.977 1.374 0.578 0.5562 0.2805 0.1896 0.1536 0.09874 0.07371 0.0484 0.03865 0.02697 0.01296 0.0258
0.2812 2.554 12.28 8.618 4.722 2.733 1.742 1.613 1.12 0.4713 0.4535 0.2288 0.1547 0.1252 0.08052 0.06011 0.03947 0.03152 0.02199 0.03161
0.2981 3.601 7.93 11.01 6.46 3.539 2.049 1.306 1.209 0.8396 0.3533 0.34 0.1715 0.1159 0.09387 0.06036 0.04506 0.02959 0.02362 0.04018
0.192 2.142 6.318 4.013 4.654 2.73 1.496 0.866 0.5518 0.5109 0.3549 0.1493 0.1437 0.07248 0.049 0.03968 0.02551 0.01905 0.01251 0.02697
0.1837 2.11 5.767 4.954 2.634 3.055 1.792 0.982 0.5685 0.3622 0.3354 0.233 0.09803 0.09433 0.04758 0.03217 0.02605 0.01675 0.0125 0.02591
