Originally  
101 
A 
42	100	
1	1	NA	NA	
1	20	
1 0.01734 0.1734 0.5203 0.3296 0.2775 0.08672 0.06938 0.1041 0.03469 0.08672 0.01734 0.01734 0 0 0 0 0 0 0 0
1 0.1007 0.2215 0.3625 0.4028 0.3222 0.141 0.1208 0.04028 0.02014 0.1007 0.06042 0.06042 0.06042 0 0 0 0 0 0 0
1 0.01771 0.1239 0.5135 0.2833 0.2833 0.1594 0.1239 0.01771 0.08853 0.07083 0 0.01771 0.01771 0.03541 0 0 0 0 0.01771 0
1 0.04396 0.3517 0.5056 0.3297 0.2638 0.2638 0.1758 0.06594 0.02198 0.02198 0.04396 0 0.06594 0.02198 0 0 0 0.02198 0 0
1 0 0.1812 0.6039 0.4429 0.2214 0.1409 0.1812 0.1208 0.06039 0 0.02013 0.02013 0 0 0 0 0 0 0 0.02013
1 0.05008 0.1836 0.4507 0.3839 0.1002 0.2337 0.1002 0.01669 0.01669 0.03338 0 0.05008 0.03338 0.01669 0 0 0 0 0 0
1 0.03595 0.3235 0.2516 0.3595 0.4673 0.03595 0.1078 0.08987 0.01797 0.03595 0.01797 0.03595 0 0 0.01797 0 0 0 0 0
1 0.042 0.336 0.672 0.315 0.294 0.21 0.063 0.021 0.021 0.021 0.021 0.042 0 0 0.021 0.021 0 0 0 0
1 0.03134 0.2194 0.4231 0.4075 0.09403 0.1254 0.1881 0.03134 0.01567 0.03134 0 0 0 0 0 0 0 0 0 0
1 0 0.1649 0.2709 0.2826 0.2591 0.03533 0.02355 0.02355 0 0.07066 0.01178 0.03533 0 0 0 0 0 0 0 0
1 0.01439 0.2014 0.3741 0.3021 0.1726 0.1295 0.08632 0.02877 0.07193 0.01439 0 0 0.01439 0.02877 0 0 0 0 0 0
1 0 0.2795 0.3571 0.3416 0.1553 0.1708 0.1242 0.01553 0.0621 0.01553 0 0.03105 0 0 0 0 0 0 0 0
1 0.02173 0.2825 0.7822 0.3476 0.239 0.08691 0.1521 0.1086 0 0.02173 0.06518 0.02173 0 0 0 0.02173 0 0 0 0.02173
1 0.0182 0.08191 0.2002 0.2548 0.09101 0.1092 0.05461 0.0182 0.0364 0 0.0273 0.0182 0 0 0 0 0 0 0 0
1 0.06525 0.2284 0.2773 0.4568 0.3099 0.04894 0.09788 0.01631 0.01631 0.03263 0.01631 0.01631 0.03263 0 0 0 0.01631 0 0 0
1 0.04553 0.2732 0.3529 0.1252 0.1024 0.1252 0.03415 0.01138 0.02277 0.03415 0.01138 0 0 0 0 0 0 0 0 0
1 0.02695 0.2156 0.4851 0.2291 0.09433 0.1213 0.0539 0.08085 0.01348 0.01348 0.01348 0 0 0 0 0 0 0 0 0
1 0.03493 0.2328 0.2794 0.3376 0.09314 0.03493 0.03493 0.03493 0.01164 0.01164 0.02328 0.01164 0.01164 0 0 0 0.01164 0 0 0
1 0.02694 0.1257 0.3233 0.2155 0.08083 0.02694 0.008981 0.02694 0.02694 0.008981 0.01796 0 0 0.008981 0 0 0 0 0 0
1 0 0.2582 0.2482 0.1589 0.09929 0.1291 0.04964 0 0.02979 0 0.01986 0 0 0 0 0 0 0 0 0
1 0.1052 0.1519 0.5024 0.1519 0.08179 0.07011 0.07011 0.02337 0 0 0.01168 0 0 0 0 0 0 0 0 0
1 0.0305 0.427 0.2897 0.5337 0.09149 0.04575 0.06099 0.01525 0.0305 0 0 0 0 0 0 0 0 0 0 0
1 0.01811 0.08149 0.335 0.1811 0.1992 0.02716 0.01811 0.009054 0.01811 0 0 0 0.009054 0 0.009054 0 0 0 0 0
1 0.01873 0.1779 0.1966 0.3558 0.09363 0.06554 0.009363 0.009363 0 0.009363 0 0 0 0 0 0 0 0 0 0
1 0.05458 0.2838 0.3275 0.1747 0.1419 0.05458 0.01092 0.02183 0.02183 0 0 0 0 0 0 0 0 0 0 0
1 0.09555 0.2184 0.5187 0.1911 0.06825 0.1501 0.0273 0.0273 0.01365 0.0273 0.01365 0 0.01365 0 0 0 0 0 0 0
1 0.03412 0.3526 0.3526 0.2957 0.02275 0.03412 0.01137 0.02275 0 0.01137 0 0 0 0 0 0 0 0 0 0
1 0.04754 0.09508 0.5823 0.2852 0.107 0.04754 0.01188 0.01188 0 0 0 0 0 0 0 0 0 0 0 0
1 0.03992 0.1996 0.2894 0.2395 0.1098 0.06986 0.01996 0.00998 0.00998 0 0.00998 0 0 0 0 0 0 0 0 0
1 0.0347 0.1619 0.3239 0.266 0.2429 0.05783 0.0347 0.0347 0 0 0 0 0 0 0 0 0 0 0 0
1 0.1165 0.2097 0.3961 0.198 0.0699 0.1398 0.03495 0 0 0 0 0 0 0 0 0 0 0 0 0
1 0.02621 0.3931 0.3145 0.3145 0.07863 0.06552 0.05242 0.0131 0.02621 0.0131 0 0 0 0 0 0 0 0 0 0.0131
1 0.03517 0.1641 0.4806 0.2344 0.1407 0.03517 0.01172 0.04689 0.01172 0.01172 0 0 0 0 0 0 0 0 0 0
1 0.0463 0.1019 0.2593 0.2778 0.08333 0.09259 0.01852 0.009259 0.01852 0.009259 0 0.009259 0 0 0 0 0 0 0 0
1 0.007208 0.1946 0.209 0.05766 0.1369 0.04325 0.03604 0.01442 0 0.007208 0.01442 0 0 0 0 0 0 0 0 0
1 0.01297 0.09079 0.2659 0.1362 0.04539 0.06485 0.01945 0.006485 0 0 0.006485 0 0 0 0 0 0 0 0 0
1 0.05117 0.1243 0.1901 0.1754 0.117 0.05117 0.01462 0.00731 0 0 0 0 0 0 0 0 0 0 0 0
1 0.0394 0.2207 0.197 0.134 0.1024 0.0394 0.01576 0.007881 0.01576 0.007881 0.007881 0 0 0 0 0 0 0 0 0
1 0.01037 0.2905 0.4253 0.1764 0.03112 0.07262 0 0 0.03112 0 0 0 0 0 0 0 0 0 0 0
1 0.05 0.05 0.15 0.2312 0.09374 0.0125 0.03125 0 0 0 0.00625 0 0 0 0 0 0 0 0 0
1 0.01307 0.1437 0.1568 0.1568 0.1111 0.0392 0.01307 0 0.01307 0 0 0.006533 0 0 0 0 0 0 0 0
1 0.04558 0.1064 0.3191 0.06838 0.09877 0.08357 0.01519 0.007597 0.007597 0 0 0.007597 0 0 0 0 0 0 0 0
1 0.04807 0.0673 0.2692 0.3076 0.05768 0.09614 0.03846 0.05768 0 0.009614 0.009614 0 0 0 0 0 0 0 0 0
1 0.02022 0.1264 0.1264 0.06573 0.09607 0.02022 0.03034 0.01517 0 0 0 0.005056 0 0 0 0 0 0 0 0
1 0.01563 0.08984 0.09375 0.05859 0.07422 0.03125 0 0.01172 0 0.007813 0 0.007813 0 0 0 0 0 0 0 0
1 0.05385 0.2019 0.1481 0.1212 0.04712 0.02019 0.04039 0.006732 0.006732 0.02693 0 0 0 0 0 0 0 0 0 0
1 0.01801 0.3331 0.2611 0.1531 0.09004 0.01801 0 0.009004 0.009004 0.009004 0 0 0 0 0 0 0 0 0 0
1 0.01889 0.2077 0.3871 0.2172 0.05666 0 0.009443 0.009443 0.01889 0.009443 0 0.009443 0 0 0 0 0 0 0 0
1 0.02955 0.1773 0.2069 0.3349 0.1478 0.0394 0 0.02955 0.00985 0.00985 0 0 0 0 0 0 0 0 0 0
1 0.01 0.2101 0.2001 0.2201 0.2301 0.05002 0.03001 0.03001 0.01 0 0.01 0 0 0 0 0 0 0 0 0
1 0.03771 0.08486 0.4431 0.1226 0.08486 0.132 0.01886 0 0.009428 0 0 0.009428 0 0 0 0 0 0 0 0
1 0.02794 0.2235 0.1676 0.2701 0.1211 0.02794 0.04657 0.02794 0.01863 0 0 0 0 0 0 0 0 0 0 0
1 0.0209 0.1463 0.2821 0.2194 0.2194 0.05225 0.03135 0.0209 0.01045 0.01045 0.0209 0 0.01045 0 0 0 0 0 0 0
1 0.007248 0.174 0.2319 0.116 0.06524 0.06524 0.02175 0.02175 0.007248 0.007248 0 0.007248 0 0 0 0 0 0 0 0
1 0.04028 0.1611 0.2578 0.1128 0.1047 0.05639 0.008055 0.01611 0.02417 0.008055 0.008055 0 0 0.008055 0 0 0 0 0 0
1 0.02429 0.1538 0.251 0.1862 0.08906 0.02429 0.02429 0.03239 0.008097 0.008097 0.008097 0 0 0 0 0 0 0 0 0
1 0.02036 0.2545 0.2545 0.1731 0.2036 0.06108 0.02036 0 0.02036 0 0 0 0.01018 0 0 0 0 0 0 0
1 0.007564 0.05295 0.3101 0.1135 0.1513 0.05295 0.03782 0.01513 0 0 0 0.007564 0 0.007564 0 0 0 0 0 0
1 0.0471 0.1099 0.1413 0.2512 0.07065 0.1177 0.02355 0 0.0157 0 0 0.00785 0 0 0 0 0 0 0 0
