 landings-at-age - landings.n (units : NA )
1	2	
2	100	
1	20	
1 
0.02659 0.2984 0.8352 0.6934 0.4839 0.3377 0.2357 0.1644 0.1148 0.08008 0.05589 0.039 0.02722 0.01899 0.01325 0.009249 0.006454 0.004504 0.003143 0.007259
0.004135 0.05216 0.1462 0.1214 0.08475 0.05914 0.04127 0.0288 0.0201 0.01403 0.009787 0.00683 0.004766 0.003326 0.002321 0.00162 0.00113 0.0007888 0.0005504 0.001271
0.004148 0.04643 0.1464 0.1219 0.08515 0.05942 0.04147 0.02894 0.02019 0.01409 0.009834 0.006862 0.004789 0.003342 0.002332 0.001627 0.001136 0.0007925 0.000553 0.001277
0.003691 0.04658 0.1303 0.122 0.08549 0.0597 0.04166 0.02907 0.02029 0.01416 0.00988 0.006895 0.004811 0.003358 0.002343 0.001635 0.001141 0.0007963 0.0005557 0.001283
0.003433 0.04144 0.1307 0.1086 0.08557 0.05994 0.04186 0.02921 0.02038 0.01423 0.009927 0.006927 0.004834 0.003374 0.002354 0.001643 0.001146 8e-04 0.0005583 0.001289
0.00365 0.03854 0.1163 0.109 0.07617 0.06 0.04203 0.02935 0.02048 0.01429 0.009974 0.00696 0.004857 0.00339 0.002365 0.001651 0.001152 0.0008038 0.0005609 0.001295
0.00394 0.04099 0.1082 0.09696 0.07641 0.0534 0.04207 0.02947 0.02058 0.01436 0.01002 0.006993 0.00488 0.003406 0.002377 0.001658 0.001157 0.0008076 0.0005636 0.001302
0.00404 0.04424 0.115 0.09018 0.06799 0.05358 0.03744 0.0295 0.02066 0.01443 0.01007 0.007026 0.004903 0.003422 0.002388 0.001666 0.001163 0.0008114 0.0005663 0.001308
0.003923 0.04536 0.1241 0.0959 0.06323 0.04767 0.03757 0.02625 0.02068 0.01449 0.01012 0.00706 0.004926 0.003438 0.002399 0.001674 0.001168 0.0008153 0.0005689 0.001314
0.003876 0.04405 0.1273 0.1035 0.06724 0.04434 0.03342 0.02634 0.01841 0.0145 0.01016 0.007093 0.00495 0.003454 0.00241 0.001682 0.001174 0.0008191 0.0005716 0.00132
0.003849 0.04352 0.1236 0.1061 0.07257 0.04715 0.03109 0.02343 0.01847 0.01291 0.01017 0.007121 0.004973 0.003471 0.002422 0.00169 0.001179 0.000823 0.0005743 0.001326
0.004037 0.04322 0.1221 0.1031 0.07442 0.05089 0.03306 0.0218 0.01643 0.01295 0.009049 0.007128 0.004993 0.003487 0.002433 0.001698 0.001185 0.0008269 0.0005771 0.001333
0.003958 0.04533 0.1213 0.1018 0.07227 0.05218 0.03568 0.02318 0.01528 0.01152 0.009079 0.006345 0.004998 0.003501 0.002445 0.001706 0.001191 0.0008308 0.0005798 0.001339
0.003942 0.04445 0.1272 0.1011 0.07139 0.05067 0.03658 0.02502 0.01625 0.01071 0.008077 0.006365 0.004449 0.003504 0.002455 0.001714 0.001196 0.0008348 0.0005825 0.001345
0.003763 0.04426 0.1247 0.1061 0.07091 0.05006 0.03553 0.02565 0.01754 0.01139 0.007512 0.005663 0.004463 0.003119 0.002457 0.001721 0.001202 0.0008387 0.0005853 0.001352
0.003791 0.04225 0.1242 0.104 0.07437 0.04972 0.0351 0.02491 0.01798 0.0123 0.007989 0.005267 0.003971 0.003129 0.002187 0.001723 0.001207 0.0008427 0.0005881 0.001358
0.003654 0.04257 0.1185 0.1036 0.07292 0.05214 0.03486 0.02461 0.01747 0.01261 0.008622 0.005601 0.003693 0.002784 0.002194 0.001533 0.001208 0.000846 0.0005908 0.001365
0.003376 0.04102 0.1194 0.09886 0.07261 0.05113 0.03656 0.02444 0.01725 0.01225 0.008841 0.006046 0.003927 0.002589 0.001952 0.001538 0.001075 0.0008469 0.0005932 0.001371
0.003472 0.0379 0.1151 0.0996 0.06931 0.05091 0.03585 0.02563 0.01714 0.0121 0.008586 0.006199 0.004239 0.002754 0.001816 0.001369 0.001079 0.0007538 0.0005938 0.001377
0.003418 0.03899 0.1064 0.09599 0.06983 0.0486 0.0357 0.02513 0.01797 0.01202 0.008482 0.00602 0.004346 0.002972 0.001931 0.001273 0.0009596 0.0007562 0.0005285 0.001382
0.003375 0.03837 0.1094 0.08869 0.0673 0.04896 0.03407 0.02503 0.01762 0.0126 0.008425 0.005947 0.004221 0.003047 0.002084 0.001354 0.0008925 0.0006728 0.0005302 0.00134
0.003497 0.0379 0.1077 0.09122 0.06218 0.04719 0.03433 0.02389 0.01755 0.01236 0.008836 0.005907 0.00417 0.00296 0.002137 0.001461 0.0009491 0.0006258 0.0004718 0.001311
0.003489 0.03926 0.1063 0.08979 0.06396 0.0436 0.03309 0.02407 0.01675 0.0123 0.008663 0.006195 0.004142 0.002924 0.002075 0.001498 0.001024 0.0006655 0.0004388 0.00125
0.003507 0.03918 0.1102 0.08867 0.06296 0.04485 0.03057 0.0232 0.01688 0.01174 0.008627 0.006074 0.004344 0.002904 0.00205 0.001455 0.00105 0.0007182 0.0004666 0.001184
0.003616 0.03938 0.1099 0.09187 0.06217 0.04414 0.03144 0.02143 0.01627 0.01183 0.008235 0.006049 0.004259 0.003046 0.002036 0.001437 0.00102 0.0007365 0.0005036 0.001157
0.003401 0.0406 0.1105 0.09168 0.06442 0.04359 0.03095 0.02205 0.01503 0.0114 0.008297 0.005774 0.004241 0.002986 0.002135 0.001428 0.001008 0.0007152 0.0005164 0.001165
0.003253 0.03819 0.1139 0.09214 0.06428 0.04517 0.03056 0.0217 0.01546 0.01054 0.007996 0.005817 0.004048 0.002974 0.002094 0.001497 0.001001 0.0007065 0.0005015 0.001179
0.003267 0.03653 0.1072 0.09499 0.0646 0.04507 0.03167 0.02143 0.01521 0.01084 0.007388 0.005606 0.004079 0.002838 0.002085 0.001468 0.00105 0.0007018 0.0004954 0.001178
0.003097 0.03668 0.1025 0.08936 0.0666 0.0453 0.0316 0.0222 0.01502 0.01067 0.007599 0.00518 0.003931 0.00286 0.00199 0.001462 0.001029 0.000736 0.000492 0.001173
0.003689 0.03478 0.1029 0.08547 0.06266 0.0467 0.03176 0.02216 0.01557 0.01053 0.00748 0.005328 0.003632 0.002756 0.002005 0.001395 0.001025 0.0007216 0.0005161 0.001168
0.003963 0.04142 0.09759 0.08583 0.05992 0.04393 0.03274 0.02227 0.01553 0.01092 0.007386 0.005244 0.003736 0.002546 0.001932 0.001406 0.0009783 0.0007186 0.000506 0.00118
0.003845 0.0445 0.1162 0.08138 0.06018 0.04202 0.0308 0.02296 0.01561 0.01089 0.007653 0.005179 0.003677 0.002619 0.001785 0.001355 0.0009857 0.000686 0.0005039 0.001182
0.003928 0.04317 0.1249 0.09692 0.05706 0.0422 0.02946 0.0216 0.0161 0.01095 0.007637 0.005366 0.003631 0.002578 0.001836 0.001252 0.00095 0.0006911 0.000481 0.001182
0.003949 0.0441 0.1211 0.1041 0.06796 0.04 0.02959 0.02066 0.01514 0.01129 0.007676 0.005354 0.003762 0.002546 0.001808 0.001288 0.0008777 0.0006661 0.0004846 0.001166
0.003621 0.04434 0.1238 0.101 0.07301 0.04765 0.02805 0.02074 0.01448 0.01062 0.007913 0.005382 0.003754 0.002638 0.001785 0.001267 0.0009028 0.0006154 0.000467 0.001157
0.003569 0.04065 0.1244 0.1032 0.07083 0.05119 0.03341 0.01967 0.01454 0.01015 0.007444 0.005548 0.003773 0.002632 0.00185 0.001252 0.0008886 0.000633 0.0004315 0.001139
0.003542 0.04008 0.1141 0.1037 0.07235 0.04966 0.03589 0.02342 0.01379 0.0102 0.00712 0.005219 0.00389 0.002646 0.001846 0.001297 0.0008775 0.0006231 0.0004438 0.001101
0.003476 0.03977 0.1125 0.09512 0.07274 0.05073 0.03482 0.02517 0.01642 0.009668 0.00715 0.004992 0.003659 0.002727 0.001855 0.001294 0.0009092 0.0006153 0.0004368 0.001083
0.003786 0.03903 0.1116 0.09377 0.0667 0.051 0.03557 0.02441 0.01764 0.01151 0.006779 0.005013 0.0035 0.002566 0.001912 0.001301 0.0009073 0.0006375 0.0004314 0.001066
1.048 10.95 26.14 21.8 15.4 10.96 8.378 5.843 4.01 2.898 1.891 1.113 0.8235 0.5749 0.4215 0.3141 0.2136 0.149 0.1047 0.2459
0.9696 10.78 25.49 16.23 11.12 7.858 5.589 4.274 2.981 2.046 1.479 0.9649 0.568 0.4201 0.2933 0.215 0.1602 0.109 0.07603 0.1789
1.104 11.84 29.59 18.73 9.815 6.725 4.752 3.38 2.584 1.802 1.237 0.8941 0.5835 0.3435 0.254 0.1774 0.13 0.0969 0.0659 0.1541
1.049 10.91 26.4 17.52 9.1 4.768 3.267 2.308 1.642 1.256 0.8756 0.601 0.4344 0.2835 0.1669 0.1234 0.08616 0.06316 0.04708 0.1069
0.9125 11.2 26.42 17.15 9.357 4.861 2.547 1.745 1.233 0.8772 0.6708 0.4678 0.3211 0.2321 0.1514 0.08915 0.06593 0.04603 0.03374 0.08226
0.8607 10.37 28.79 18.24 9.74 5.316 2.762 1.447 0.9915 0.7006 0.4983 0.381 0.2657 0.1824 0.1318 0.08603 0.05065 0.03745 0.02615 0.0659
0.883 9.378 25.54 18.98 9.887 5.281 2.882 1.497 0.7846 0.5376 0.3798 0.2702 0.2066 0.1441 0.09889 0.07147 0.04664 0.02746 0.02031 0.04991
0.8776 10.06 24.08 17.54 10.72 5.585 2.983 1.628 0.8457 0.4432 0.3036 0.2146 0.1526 0.1167 0.08138 0.05586 0.04037 0.02635 0.01551 0.03966
0.795 8.733 22.69 14.5 8.679 5.306 2.764 1.476 0.8056 0.4185 0.2193 0.1503 0.1062 0.07552 0.05775 0.04027 0.02764 0.01998 0.01304 0.0273
0.8373 9.966 24.63 17.19 9.044 5.413 3.309 1.724 0.9206 0.5024 0.261 0.1368 0.09371 0.06622 0.0471 0.03602 0.02512 0.01724 0.01246 0.02516
0.7312 8.738 23.39 15.35 8.787 4.624 2.768 1.692 0.8813 0.4707 0.2569 0.1335 0.06994 0.04792 0.03386 0.02408 0.01842 0.01284 0.008815 0.01924
0.6771 8.251 22.15 15.8 8.515 4.875 2.566 1.536 0.9388 0.489 0.2612 0.1425 0.07405 0.0388 0.02659 0.01879 0.01336 0.01022 0.007126 0.01556
0.7133 7.05 19.35 13.81 8.084 4.358 2.495 1.313 0.7859 0.4805 0.2502 0.1337 0.07294 0.0379 0.01986 0.01361 0.009614 0.006838 0.005229 0.01161
0.6464 7.532 16.83 12.34 7.238 4.238 2.284 1.308 0.6883 0.412 0.2519 0.1312 0.07007 0.03824 0.01987 0.01041 0.007132 0.00504 0.003585 0.008828
0.6089 7.276 19.15 11.46 6.913 4.054 2.374 1.279 0.7325 0.3855 0.2307 0.1411 0.07347 0.03924 0.02142 0.01113 0.00583 0.003995 0.002823 0.006952
0.5656 6.806 18.32 12.88 6.335 3.821 2.241 1.312 0.7072 0.4049 0.2131 0.1275 0.07797 0.04061 0.02169 0.01184 0.00615 0.003223 0.002208 0.005403
0.526 5.731 15.61 11.21 6.474 3.185 1.921 1.127 0.6597 0.3556 0.2036 0.1071 0.06412 0.0392 0.02042 0.01091 0.005952 0.003092 0.00162 0.003827
0.5534 6.473 15.86 11.58 6.845 3.952 1.944 1.173 0.6877 0.4027 0.217 0.1243 0.0654 0.03914 0.02393 0.01246 0.006657 0.003633 0.001888 0.003325
0.507 5.538 14.61 9.505 5.696 3.367 1.944 0.9564 0.5769 0.3383 0.1981 0.1068 0.06113 0.03217 0.01925 0.01177 0.006131 0.003275 0.001787 0.002564
0.4906 5.468 13.52 9.552 5.11 3.062 1.81 1.045 0.5142 0.3101 0.1819 0.1065 0.0574 0.03286 0.01729 0.01035 0.006328 0.003296 0.001761 0.002339
0.5059 5.925 14.84 9.82 5.708 3.054 1.83 1.082 0.6245 0.3073 0.1853 0.1087 0.06363 0.0343 0.01964 0.01033 0.006186 0.003782 0.00197 0.00245
0.4672 5.473 14.38 9.548 5.184 3.013 1.612 0.9661 0.5711 0.3297 0.1622 0.09784 0.05738 0.03359 0.01811 0.01037 0.005456 0.003265 0.001996 0.002333
0.469 5.165 13.56 9.448 5.151 2.797 1.626 0.8697 0.5212 0.3081 0.1779 0.08751 0.05278 0.03095 0.01812 0.009769 0.005593 0.002943 0.001762 0.002336
0.4047 4.642 11.54 8.037 4.596 2.506 1.361 0.7908 0.4231 0.2535 0.1499 0.08652 0.04257 0.02568 0.01506 0.008816 0.004752 0.002721 0.001432 0.001993
0.3929 4.552 11.79 7.845 4.495 2.57 1.401 0.7609 0.4423 0.2366 0.1418 0.08382 0.04839 0.02381 0.01436 0.008422 0.004931 0.002658 0.001522 0.001916
0.3755 4.254 11.13 7.698 4.21 2.413 1.38 0.7522 0.4084 0.2374 0.127 0.07611 0.04499 0.02597 0.01278 0.007708 0.00452 0.002646 0.001426 0.001845
0.355 4.145 10.6 7.408 4.213 2.304 1.321 0.7551 0.4117 0.2235 0.1299 0.06951 0.04165 0.02462 0.01421 0.006994 0.004218 0.002474 0.001448 0.00179
0.3004 3.647 9.65 6.593 3.789 2.155 1.179 0.6753 0.3862 0.2105 0.1143 0.06645 0.03555 0.0213 0.01259 0.00727 0.003577 0.002157 0.001265 0.001656
0.3335 3.684 10.06 7.142 4.017 2.308 1.313 0.7181 0.4115 0.2353 0.1283 0.06965 0.04048 0.02166 0.01298 0.007673 0.004429 0.002179 0.001314 0.00178
0.3031 3.446 8.575 6.224 3.626 2.04 1.172 0.6665 0.3646 0.2089 0.1195 0.06513 0.03536 0.02055 0.011 0.00659 0.003895 0.002249 0.001106 0.001571
0.2674 3.077 7.935 5.28 3.15 1.835 1.032 0.5932 0.3374 0.1845 0.1057 0.06046 0.03296 0.0179 0.0104 0.005566 0.003336 0.001972 0.001138 0.001355
0.2767 3.136 8.162 5.659 3.1 1.85 1.078 0.6062 0.3483 0.1981 0.1083 0.06209 0.0355 0.01936 0.01051 0.006109 0.003268 0.001959 0.001158 0.001464
0.2954 2.991 7.659 5.328 3.037 1.664 0.9927 0.5784 0.3253 0.1869 0.1063 0.05815 0.03332 0.01905 0.01039 0.00564 0.003278 0.001754 0.001051 0.001407
0.3072 3.393 7.735 5.293 3.028 1.726 0.9456 0.5642 0.3287 0.1849 0.1062 0.06042 0.03305 0.01894 0.01083 0.005903 0.003206 0.001863 0.0009968 0.001397
0.2877 3.214 8.005 4.859 2.731 1.562 0.8905 0.4879 0.2911 0.1696 0.0954 0.05481 0.03118 0.01705 0.009771 0.005587 0.003046 0.001654 0.0009614 0.001235
0.269 2.994 7.581 5.052 2.521 1.417 0.8106 0.4621 0.2532 0.151 0.088 0.0495 0.02844 0.01618 0.008847 0.00507 0.002899 0.001581 0.0008582 0.00114
0.2879 3.004 7.577 5.153 2.827 1.411 0.7929 0.4536 0.2585 0.1417 0.08452 0.04924 0.0277 0.01591 0.009051 0.00495 0.002837 0.001622 0.0008844 0.001118
0.346 3.437 8.069 5.449 3.049 1.672 0.8347 0.4692 0.2684 0.153 0.08382 0.05001 0.02914 0.01639 0.009416 0.005355 0.002929 0.001679 0.0009598 0.001185
0.2953 3.461 7.768 4.85 2.689 1.505 0.8254 0.4119 0.2315 0.1325 0.0755 0.04137 0.02468 0.01438 0.008088 0.004647 0.002643 0.001446 0.0008284 0.001058
0.299 3.36 8.893 5.348 2.747 1.523 0.8523 0.4675 0.2333 0.1311 0.07502 0.04276 0.02343 0.01398 0.008144 0.004581 0.002632 0.001497 0.0008188 0.001069
0.3187 3.483 8.787 6.201 3.065 1.575 0.873 0.4885 0.2679 0.1337 0.07516 0.043 0.02451 0.01343 0.008012 0.004668 0.002625 0.001509 0.000858 0.001082
0.3005 3.139 7.745 5.187 3.004 1.485 0.7628 0.4229 0.2366 0.1298 0.06478 0.03641 0.02083 0.01187 0.006505 0.003881 0.002261 0.001272 0.0007308 0.0009397
0.2877 3.397 8.015 5.298 2.919 1.691 0.8356 0.4293 0.238 0.1332 0.07305 0.03646 0.02049 0.01172 0.006682 0.003661 0.002184 0.001273 0.0007158 0.0009401
0.268 3.087 8.236 5.193 2.822 1.555 0.9004 0.445 0.2286 0.1268 0.07093 0.0389 0.01942 0.01091 0.006243 0.003558 0.00195 0.001163 0.0006778 0.0008819
0.3006 3 7.799 5.565 2.886 1.568 0.864 0.5004 0.2473 0.1271 0.07045 0.03942 0.02162 0.01079 0.006065 0.00347 0.001978 0.001084 0.0006465 0.0008668
0.2708 3.076 6.957 4.834 2.835 1.47 0.7989 0.4402 0.2549 0.126 0.06473 0.03589 0.02008 0.01101 0.005497 0.00309 0.001768 0.001007 0.000552 0.0007709
0.2626 3.043 7.834 4.761 2.723 1.597 0.8282 0.45 0.248 0.1436 0.07097 0.03646 0.02022 0.01131 0.006205 0.003097 0.001741 0.0009957 0.0005675 0.0007453
0.2669 3.044 7.953 5.482 2.741 1.568 0.9195 0.4768 0.2591 0.1428 0.08267 0.04086 0.02099 0.01164 0.006512 0.003572 0.001783 0.001002 0.0005732 0.0007558
0.2403 2.97 7.615 5.297 3 1.5 0.8578 0.5032 0.2609 0.1418 0.07812 0.04524 0.02236 0.01149 0.006369 0.003564 0.001955 0.0009756 0.0005484 0.0007273
0.2335 2.651 7.354 5.01 2.862 1.621 0.8102 0.4634 0.2718 0.1409 0.07659 0.0422 0.02444 0.01208 0.006205 0.003441 0.001925 0.001056 0.000527 0.0006891
0.2072 2.28 5.858 4.322 2.417 1.381 0.7819 0.3909 0.2236 0.1311 0.068 0.03695 0.02036 0.01179 0.005828 0.002994 0.00166 0.0009289 0.0005095 0.0005868
0.2197 2.546 6.302 4.341 2.636 1.474 0.8421 0.4769 0.2384 0.1364 0.07999 0.04148 0.02254 0.01242 0.007192 0.003555 0.001826 0.001013 0.0005665 0.0006687
0.2115 2.331 6.069 3.988 2.255 1.369 0.7658 0.4375 0.2477 0.1239 0.07084 0.04155 0.02155 0.01171 0.006451 0.003736 0.001847 0.0009486 0.000526 0.0006417
0.2137 2.343 5.803 4.02 2.17 1.227 0.7451 0.4167 0.238 0.1348 0.06739 0.03854 0.02261 0.01172 0.00637 0.00351 0.002033 0.001005 0.0005161 0.0006353
0.1896 2.151 5.329 3.511 1.997 1.078 0.6096 0.3702 0.207 0.1183 0.06697 0.03348 0.01915 0.01123 0.005824 0.003165 0.001744 0.00101 0.0004991 0.0005721
0.1781 2.057 5.287 3.512 1.904 1.083 0.5845 0.3305 0.2007 0.1122 0.06411 0.03631 0.01815 0.01038 0.00609 0.003158 0.001716 0.0009454 0.0005475 0.0005808
0.1924 2.048 5.341 3.681 2.012 1.091 0.6204 0.3348 0.1893 0.115 0.0643 0.03673 0.0208 0.0104 0.005948 0.003489 0.001809 0.000983 0.0005416 0.0006464
0.2116 2.16 5.175 3.6 2.039 1.115 0.6041 0.3436 0.1855 0.1049 0.06369 0.03562 0.02035 0.01152 0.00576 0.003295 0.001932 0.001002 0.0005445 0.0006581
0.1968 2.184 5.036 3.213 1.835 1.039 0.5682 0.308 0.1752 0.09456 0.05347 0.03247 0.01816 0.01037 0.005874 0.002937 0.00168 0.0009853 0.0005109 0.0006131
0.203 2.345 5.847 3.603 1.89 1.08 0.6116 0.3343 0.1812 0.1031 0.05564 0.03146 0.0191 0.01068 0.006103 0.003456 0.001728 0.0009883 0.0005797 0.0006613
