Originally  
101 
A 
42	100	
1	1	NA	NA	
1	20	
1 0.0877 0.5043 0.6139 0.285 0.2631 0.2412 0.0877 0.06577 0 0.02192 0 0 0 0 0.02192 0 0 0 0 0
1 0.02017 0.4638 0.4437 0.363 0.121 0.2218 0.1815 0.0605 0.02017 0.04033 0.04033 0 0.02017 0.02017 0 0 0 0 0 0
1 0.02724 0.0681 0.4495 0.3269 0.1634 0.0681 0.08172 0.109 0.02724 0.02724 0 0 0 0.01362 0 0 0 0 0 0
1 0.009631 0.05778 0.2215 0.2697 0.2119 0.06742 0.009631 0.04815 0.01926 0.009631 0.02889 0 0.009631 0 0 0 0 0 0 0
1 0.03056 0.09931 0.09931 0.1986 0.1451 0.06111 0.05348 0.01528 0.02292 0.03056 0 0 0.007639 0 0 0 0 0 0 0
1 0.1198 0.3484 0.1742 0.1089 0.1306 0.1089 0.03266 0.04355 0 0.01089 0.01089 0 0 0 0 0 0 0 0 0
1 0.08089 0.2157 0.6471 0.1078 0.1213 0.05392 0.05392 0.02696 0.01348 0 0.01348 0 0.01348 0 0 0 0 0 0 0
1 0.05419 0.56 0.4516 0.4516 0.07226 0.09032 0.03613 0.01806 0.01806 0 0 0.01806 0 0.01806 0 0 0.01806 0 0 0
1 0.03922 0.2353 1.079 0.2353 0.2942 0.03922 0.01961 0 0 0 0 0 0 0.01961 0 0 0 0 0 0
1 0.0244 0.06099 0.2806 0.5977 0.1098 0.09758 0.0122 0.0122 0.0122 0 0 0.0122 0 0 0 0 0 0 0 0
1 0.04645 0.1022 0.1487 0.1487 0.2973 0.08362 0.05575 0.03716 0 0 0.009291 0 0 0 0 0 0 0 0 0
1 0 0.193 0.1667 0.08773 0.1316 0.2456 0.01755 0.01755 0.01755 0 0 0 0 0 0 0 0 0 0 0
1 0.02687 0.07388 0.2418 0.1075 0.04702 0.04702 0.09403 0.006716 0.006716 0.006716 0.006716 0 0 0 0 0 0 0.006716 0 0
1 0.03547 0.07093 0.2571 0.3369 0.0532 0.04433 0.01773 0.03547 0.03547 0 0 0 0 0 0 0 0 0 0 0
1 0.05097 0.1274 0.1784 0.07009 0.1083 0.0446 0.01274 0.02549 0.01911 0 0 0 0 0 0 0 0 0 0 0
1 0.03521 0.2113 0.2289 0.176 0.09682 0.03521 0.03521 0.008802 0.0176 0.03521 0 0 0 0 0 0 0 0 0 0
1 0.05844 0.1656 0.4773 0.1851 0.009741 0.0487 0.01948 0 0 0 0 0.009741 0 0 0 0 0 0 0 0
1 0.01773 0.2748 0.2304 0.1684 0.07977 0.07091 0.01773 0.008863 0 0 0 0.01773 0 0 0 0 0 0 0 0
1 0 0.1547 0.4862 0.1989 0.1658 0.03315 0.0442 0.01105 0 0 0.01105 0 0 0 0 0 0 0 0 0
1 0.0445 0.06674 0.178 0.3041 0.05191 0.05191 0.03708 0 0 0.007416 0 0 0 0 0 0 0 0 0 0
1 0.02266 0.119 0.09064 0.1303 0.1303 0.03399 0.02266 0.005665 0 0 0.005665 0 0.005665 0 0 0 0 0 0 0
1 0.02248 0.0974 0.2472 0.08242 0.0974 0.1199 0.03746 0.03746 0 0 0.007492 0 0 0 0 0 0 0 0 0
1 0.01343 0.1544 0.1679 0.1746 0.04029 0.04029 0.03357 0.01343 0.01343 0.006715 0.006715 0.006715 0 0 0 0 0 0 0 0
1 0.01225 0.05511 0.2388 0.1041 0.1041 0.01837 0.02449 0.02449 0.006123 0.01837 0.006123 0 0 0 0 0 0 0 0 0
1 0.009265 0.04632 0.05096 0.1807 0.04632 0.06948 0.009265 0.0139 0.02779 0.004632 0.004632 0 0 0 0 0 0 0 0 0
1 0.03424 0.05993 0.08561 0.03852 0.107 0.0428 0.02568 0.01284 0.008561 0 0.008561 0 0.00428 0 0 0 0 0 0 0
1 0.003941 0.197 0.05911 0.02758 0.0197 0.05123 0.01576 0.01182 0.007881 0 0 0 0 0 0 0 0 0 0 0
1 0.02469 0.04938 0.3519 0.04938 0.04321 0.01235 0.03704 0.01235 0.006173 0 0.006173 0.01235 0.006173 0.006173 0 0 0 0 0 0
1 0.02086 0.05735 0.05214 0.3024 0.01564 0.02607 0.005214 0.01564 0.01043 0 0 0 0.01043 0.005214 0 0 0 0 0 0
1 0.01468 0.1322 0.1982 0.05874 0.257 0.01468 0.02203 0.01468 0.007342 0.007342 0.007342 0 0 0 0 0 0 0 0 0
1 0.02066 0.04133 0.1653 0.1085 0.03616 0.1136 0.01033 0.005166 0.005166 0.01033 0 0 0 0 0 0 0 0 0 0
1 0.01911 0.09173 0.04586 0.107 0.05351 0.01147 0.05351 0 0 0 0 0 0 0 0 0 0 0 0 0
1 0.01003 0.06018 0.2357 0.04513 0.08024 0.02507 0.02006 0.02507 0 0 0 0 0 0 0 0 0 0 0 0
1 0.01081 0.01081 0.07297 0.1108 0.01081 0.02703 0.005405 0.01081 0.008108 0 0 0 0.002703 0 0 0 0 0 0 0
1 0.002597 0.08311 0.03636 0.05194 0.04675 0.007791 0.02337 0.002597 0 0.005194 0 0 0 0 0 0 0 0 0 0
1 0.0055 0.022 0.143 0.0385 0.01925 0.01925 0 0.0275 0 0 0 0 0 0 0 0 0 0 0 0
1 0.01733 0.03466 0.03714 0.09408 0.009903 0.01733 0.02228 0.004951 0.004951 0.002476 0 0 0 0.002476 0 0 0 0 0 0
1 0.0151 0.1547 0.04906 0.03397 0.07926 0.01132 0.007548 0.0151 0 0.007548 0 0 0.003774 0 0 0 0 0 0 0
1 0.02377 0.06074 0.1083 0.02377 0.005282 0.02113 0.005282 0 0.007922 0.002641 0.002641 0 0.002641 0 0 0 0 0 0 0
1 0.003948 0.09474 0.1776 0.07501 0.01579 0 0.01579 0 0.007895 0.003948 0 0 0 0 0 0 0 0 0 0
1 0.006334 0.03167 0.09712 0.03589 0.02111 0.004223 0.006334 0.006334 0 0.002111 0 0 0 0 0 0 0 0 0 0
1 0.02484 0.05324 0.08518 0.11 0.04969 0.02484 0 0 0.007098 0 0 0 0 0 0 0 0 0 0 0
1 0.003081 0.04314 0.1048 0.05238 0.04622 0.02773 0.02465 0.003081 0 0 0.003081 0 0 0 0 0 0 0 0 0
1 0.01967 0.02841 0.06992 0.04152 0.0153 0.01967 0.00437 0.01093 0.00437 0 0.00437 0 0 0 0 0 0 0 0 0
1 0.01808 0.1483 0.05786 0.0434 0.04701 0.01447 0.01447 0.007233 0.007233 0 0 0.003616 0 0 0 0 0 0 0 0
1 0.01998 0.03746 0.1224 0.01998 0.02247 0.004994 0.007492 0.002497 0.01249 0 0 0 0 0 0 0 0 0 0 0
1 0.003313 0.1093 0.09276 0.09276 0.01656 0.003313 0.003313 0 0.009938 0 0 0 0 0 0 0 0 0 0 0
1 0.00466 0.08388 0.205 0.0932 0.04194 0.00932 0.01398 0 0.00932 0.00466 0 0 0 0 0 0 0 0 0 0
1 0.006753 0.06415 0.108 0.08779 0.04052 0.02026 0.01013 0 0 0 0 0 0 0 0 0 0 0 0 0
1 0.005958 0.05064 0.08937 0.05362 0.05362 0.02979 0.008937 0.002979 0 0 0 0.002979 0 0 0 0 0 0 0 0
1 0.01452 0.05326 0.06778 0.04357 0.02421 0.03147 0 0.004842 0 0 0 0.002421 0 0 0 0 0 0 0 0
1 0.002713 0.0624 0.08411 0.02442 0.04612 0.01357 0.02985 0.002713 0.002713 0 0 0 0.002713 0 0 0 0 0 0 0
1 0.00509 0.06617 0.08399 0.06108 0.01527 0.01018 0 0.007635 0.00509 0 0 0 0 0 0 0 0 0 0 0
1 0.01693 0.04657 0.07621 0.03599 0.01693 0.008467 0.00635 0.002117 0.002117 0 0 0 0 0 0 0 0 0 0 0
1 0 0.1011 0.1769 0.0716 0.02106 0.01264 0.004212 0.01264 0.008424 0.008424 0 0.004212 0 0 0 0 0 0 0 0
1 0 0.03598 0.1759 0.1199 0.02398 0.02398 0.003997 0.007995 0 0 0.003997 0.003997 0 0 0 0 0 0 0 0
1 0.008715 0.01961 0.04576 0.1024 0.01961 0.006536 0.01089 0 0 0 0 0.002179 0.002179 0 0 0 0 0 0 0
1 0.00888 0.05772 0.0333 0.03774 0.04218 0.01998 0.00444 0.0111 0.00222 0.00222 0 0.00222 0 0 0 0 0 0 0 0
1 0.009903 0.0614 0.04357 0.02971 0.007922 0.02377 0.001981 0.01386 0.003961 0 0 0 0 0.001981 0 0 0 0 0 0
