Originally  
101 
A 
42	100	
1	1	NA	NA	
1	20	
1 0.03274 0.311 0.3928 0.2128 0.2128 0.1309 0.08184 0.06547 0.01637 0.0491 0.0491 0.06547 0 0 0 0.01637 0 0 0 0
1 0.01295 0.07769 0.4273 0.2849 0.1424 0.09064 0.1036 0.05179 0.01295 0.01295 0.01295 0.0259 0.01295 0 0.01295 0.01295 0 0 0 0
1 0.04524 0.181 0.3921 0.196 0.2564 0.1206 0.06032 0.09048 0.01508 0.01508 0.03016 0 0.03016 0 0.03016 0 0.01508 0.01508 0.01508 0
1 0.01819 0.1637 0.5092 0.3455 0.2728 0.1455 0.1455 0.05456 0.07274 0.01819 0.01819 0 0.01819 0.01819 0 0.01819 0 0 0 0
1 0.05533 0.1936 0.3596 0.2766 0.1936 0.09682 0.04149 0.05533 0.05533 0.02766 0 0 0 0.01383 0 0.01383 0 0 0 0
1 0.01733 0.1906 0.5893 0.3466 0.2773 0.1213 0.052 0.06933 0.01733 0.03466 0 0.01733 0 0 0 0 0 0 0 0
1 0.0311 0.2022 0.4043 0.2955 0.1711 0.1711 0.1089 0.07776 0.01555 0.0311 0.01555 0 0 0.01555 0 0.01555 0 0 0 0
1 0.02826 0.2261 0.3674 0.2261 0.1554 0.1554 0.09892 0.07066 0.05653 0 0.01413 0.01413 0 0 0 0 0 0 0 0
1 0.04539 0.2874 0.3782 0.348 0.1513 0.07564 0.09077 0.04539 0.03026 0.04539 0 0 0 0.01513 0 0 0 0 0 0
1 0.01992 0.259 0.4981 0.4782 0.259 0.1793 0.0797 0.09962 0.05977 0 0.01992 0 0.01992 0 0 0 0 0.01992 0 0
1 0.03486 0.2266 0.3486 0.2266 0.366 0.1743 0.1569 0.1046 0 0 0.01743 0 0.03486 0 0 0 0.03486 0.01743 0 0
1 0.01699 0.2889 0.3739 0.3399 0.2889 0.119 0.119 0.06798 0.03399 0.01699 0 0.01699 0.01699 0 0 0 0 0 0 0
1 0.04957 0.1363 0.3222 0.2974 0.1239 0.1363 0.09913 0.02478 0 0.01239 0.01239 0.01239 0 0 0 0.01239 0 0 0 0
1 0.02653 0.2785 0.4112 0.1592 0.1592 0.1592 0.02653 0.03979 0.05305 0 0 0 0.01326 0 0 0 0 0 0 0
1 0.01186 0.2254 0.3084 0.2017 0.1424 0.08304 0.1186 0.04745 0.03559 0.01186 0 0 0 0 0 0 0 0 0 0
1 0.02046 0.1432 0.2558 0.2046 0.1535 0.05116 0.03069 0.05116 0.05116 0.01023 0.01023 0.03069 0 0.01023 0 0 0 0 0 0
1 0.05656 0.2036 0.3167 0.181 0.1697 0.06787 0.01131 0.04524 0.01131 0.02262 0.02262 0 0.02262 0 0 0 0 0 0 0
1 0.0645 0.2709 0.3741 0.2451 0.1806 0.0645 0.0516 0.0129 0 0.0258 0 0 0 0 0 0 0 0 0 0
1 0.02084 0.2084 0.2188 0.2709 0.1459 0.1146 0.04168 0.01042 0.01042 0 0 0 0 0 0 0 0 0 0 0
1 0.02851 0.2281 0.4989 0.2281 0.2138 0.114 0.04276 0.02851 0.01425 0.02851 0 0 0 0 0 0 0 0 0 0
1 0.09886 0.1098 0.4174 0.2417 0.1318 0.05492 0.02197 0.01098 0 0 0 0.01098 0 0 0 0 0 0 0 0
1 0.02672 0.1871 0.2583 0.1693 0.1069 0.07127 0.03563 0.02672 0 0 0.008908 0 0 0 0 0 0 0 0 0
1 0.01756 0.1756 0.3073 0.1844 0.07903 0.06146 0.01756 0.008781 0 0 0.008781 0 0 0.008781 0 0 0.008781 0 0 0
1 0.008237 0.1318 0.3212 0.1483 0.08237 0.08237 0.008237 0.01647 0.01647 0.008237 0 0 0 0 0 0 0 0 0 0
1 0.0343 0.1629 0.2916 0.1629 0.07718 0.05146 0.04288 0.008576 0.008576 0.01715 0 0 0 0 0 0 0 0 0 0
1 0.02346 0.2111 0.1642 0.1955 0.07038 0.06256 0.01564 0.01564 0.00782 0.01564 0 0 0 0 0 0 0 0 0 0
1 0.02291 0.1604 0.1986 0.1986 0.0611 0.03819 0.03055 0.02291 0.01527 0.007637 0 0 0 0.007637 0 0 0 0 0 0
1 0.03643 0.1822 0.2368 0.2186 0.1002 0.07286 0.02732 0.02732 0.009108 0 0 0 0 0 0 0 0 0 0 0
1 0.02074 0.1037 0.1867 0.1797 0.08987 0.06913 0.04148 0 0 0 0 0 0 0 0 0 0 0 0 0
1 0.02313 0.1619 0.2005 0.2082 0.1002 0.04627 0.02313 0 0.007712 0 0 0 0 0 0 0 0 0 0 0
1 0.01165 0.3263 0.3496 0.2331 0.1399 0.06993 0 0 0.01165 0.01165 0 0.01165 0 0 0 0 0 0 0 0
1 0.01467 0.1247 0.286 0.1687 0.05867 0.022 0.007334 0.022 0.01467 0.01467 0 0 0 0 0 0 0 0 0 0
1 0.04525 0.3394 0.3846 0.1923 0.05656 0.06787 0.01131 0.02262 0.01131 0 0 0 0 0 0 0 0 0 0 0
1 0 0.2896 0.3795 0.2197 0.02996 0.04993 0.01997 0.009987 0 0 0 0 0 0 0 0 0 0 0 0
1 0.07138 0.2855 0.4569 0.2855 0.1713 0.08566 0.05711 0.01428 0 0 0 0 0 0 0 0 0 0 0 0
1 0.0719 0.1951 0.2979 0.267 0.09244 0.0719 0.01027 0.01027 0 0 0.01027 0 0 0 0 0 0 0 0 0
1 0.03014 0.2612 0.3818 0.1306 0.09042 0.06028 0.02009 0.02009 0.01005 0 0 0 0 0 0 0 0 0 0 0
1 0.04363 0.3345 0.509 0.2327 0.1309 0.1018 0.04363 0.02908 0 0.02908 0 0 0 0 0 0 0 0 0 0
1 0.01456 0.3057 0.5969 0.2766 0.1601 0.05823 0.04367 0 0 0 0 0 0 0 0 0 0 0 0 0
1 0.04362 0.2181 0.3926 0.2399 0.12 0.04362 0.02181 0 0 0 0.01091 0 0 0 0 0 0 0 0 0
1 0.04286 0.1714 0.3643 0.1929 0.1393 0.09644 0.03215 0.02143 0.01072 0 0 0 0 0 0 0 0 0 0 0
1 0.03388 0.2936 0.2711 0.2372 0.1242 0.1129 0.03388 0.01129 0 0.01129 0 0 0 0 0 0 0 0 0 0
1 0.0479 0.2515 0.503 0.1796 0.0958 0.02395 0.07185 0.01198 0.01198 0 0 0 0 0 0 0 0 0 0 0
1 0.08823 0.2017 0.3781 0.2899 0.1386 0.1134 0 0.0126 0.03781 0 0 0 0 0 0 0 0 0 0 0
1 0 0.2545 0.3984 0.2545 0.09959 0.05533 0.0332 0 0.01107 0 0 0 0 0 0 0 0 0 0 0
1 0.04732 0.2366 0.3904 0.2484 0.1065 0.04732 0.04732 0.04732 0.01183 0 0 0 0 0 0 0 0 0 0 0
1 0.04972 0.232 0.58 0.2652 0.3149 0.08286 0.03315 0.08286 0.01657 0 0 0 0 0 0 0 0 0 0 0
1 0.01334 0.2267 0.4934 0.24 0.1867 0.09335 0.05334 0.01334 0 0.01334 0 0 0 0 0 0 0 0 0 0
1 0.05969 0.189 0.3482 0.1592 0.1293 0.03979 0.02984 0.02984 0.009948 0 0 0 0 0 0 0 0 0 0 0
1 0.06741 0.2022 0.4988 0.2157 0.1483 0.1213 0.01348 0.06741 0.01348 0 0 0 0 0 0 0 0 0 0 0
1 0.01873 0.2435 0.178 0.2997 0.0562 0.03746 0.0281 0.0562 0.009366 0 0.009366 0 0 0 0 0 0 0 0 0
1 0.02803 0.1215 0.2709 0.1962 0.1401 0.04671 0.05605 0.03737 0.01868 0.01868 0 0 0 0 0 0 0 0 0 0
1 0.03341 0.3341 0.4845 0.3675 0.2339 0.1002 0.1002 0.01671 0 0 0 0 0 0 0 0 0 0 0 0
1 0.1187 0.2882 0.5594 0.3221 0.1865 0.1526 0.01695 0.0339 0.01695 0 0 0 0 0 0 0 0 0 0 0
1 0.03643 0.2277 0.2641 0.1366 0.07285 0.08196 0.02732 0.02732 0.009107 0.01821 0.009107 0 0 0 0 0 0 0 0 0
1 0.09851 0.1642 0.2955 0.3174 0.1423 0.04378 0.02189 0.01095 0 0 0 0 0 0 0 0 0 0 0 0
1 0.04276 0.2031 0.2993 0.2458 0.1283 0.07482 0.02138 0.02138 0.02138 0 0.01069 0 0 0 0 0 0 0 0 0
1 0.04431 0.2437 0.3102 0.2216 0.144 0.06647 0.03323 0.04431 0 0 0 0 0 0 0 0 0 0 0 0
1 0.08062 0.3708 0.4192 0.2902 0.2096 0.08062 0.08062 0.01612 0.03225 0.03225 0 0 0 0 0 0 0 0 0 0
