 landings-at-age - landings.n (units : NA )
1	2	
42	100	
1	20	
1 
0.003922 0.0448 0.1199 0.09163 0.06528 0.04598 0.03259 0.02485 0.01735 0.01194 0.008649 0.005655 0.003331 0.002465 0.001722 0.001264 0.0009445 0.0006441 0.0004506 0.001067
0.003986 0.04404 0.1257 0.09998 0.06425 0.04577 0.03224 0.02285 0.01743 0.01216 0.00837 0.006064 0.003965 0.002336 0.001728 0.001208 0.0008866 0.0006622 0.0004516 0.001064
0.0659 0.7033 1.933 1.638 1.095 0.7039 0.5014 0.3532 0.2503 0.1909 0.1333 0.0917 0.06644 0.04344 0.02559 0.01893 0.01323 0.009713 0.007255 0.01661
0.1329 1.429 3.771 3.058 2.176 1.455 0.9352 0.6663 0.4693 0.3326 0.2537 0.1771 0.1218 0.08828 0.05771 0.034 0.02515 0.01758 0.01291 0.0317
0.2007 2.203 5.825 4.51 3.068 2.183 1.46 0.9381 0.6683 0.4707 0.3336 0.2544 0.1776 0.1222 0.08855 0.05789 0.0341 0.02523 0.01763 0.04475
0.292 2.97 7.969 6.143 3.984 2.71 1.929 1.29 0.8287 0.5904 0.4158 0.2947 0.2248 0.1569 0.108 0.07822 0.05114 0.03012 0.02229 0.05511
0.3593 4.054 10.02 7.79 5.024 3.258 2.216 1.577 1.055 0.6778 0.4829 0.3401 0.241 0.1838 0.1283 0.08831 0.06398 0.04183 0.02464 0.0633
0.4415 4.785 13.05 9.287 6.034 3.891 2.524 1.717 1.222 0.817 0.525 0.374 0.2634 0.1867 0.1424 0.09939 0.0684 0.04955 0.0324 0.06811
0.4962 5.712 14.87 11.61 6.896 4.48 2.889 1.874 1.275 0.9072 0.6066 0.3898 0.2777 0.1956 0.1386 0.1057 0.0738 0.05079 0.03679 0.07463
0.5326 6.281 17.27 12.8 8.324 4.944 3.213 2.072 1.344 0.914 0.6505 0.435 0.2795 0.1991 0.1403 0.0994 0.07581 0.05292 0.03641 0.0799
0.5641 6.629 18.56 14.43 8.902 5.791 3.44 2.235 1.441 0.9348 0.6359 0.4525 0.3026 0.1945 0.1385 0.09757 0.06915 0.05274 0.03681 0.08092
0.7164 6.925 19.21 15.12 9.774 6.028 3.921 2.329 1.514 0.9761 0.633 0.4306 0.3065 0.2049 0.1317 0.09381 0.06608 0.04683 0.03571 0.07973
0.7696 8.694 19.72 15.29 9.99 6.458 3.983 2.591 1.539 1 0.6449 0.4183 0.2845 0.2025 0.1354 0.087 0.06198 0.04366 0.03094 0.07627
0.7956 9.249 24.38 15.36 9.871 6.451 4.17 2.572 1.673 0.9938 0.6457 0.4164 0.2701 0.1837 0.1307 0.08743 0.05618 0.04002 0.02819 0.06923
0.8105 9.481 25.57 18.61 9.707 6.238 4.077 2.635 1.625 1.057 0.6281 0.4081 0.2632 0.1707 0.1161 0.08263 0.05525 0.0355 0.02529 0.06157
0.9031 9.587 25.87 19.14 11.52 6.009 3.862 2.524 1.632 1.006 0.6545 0.3888 0.2526 0.1629 0.1057 0.07188 0.05115 0.0342 0.02198 0.05377
0.9225 10.61 25.84 19.01 11.62 6.991 3.647 2.344 1.532 0.9902 0.6107 0.3973 0.236 0.1533 0.09888 0.06413 0.04362 0.03105 0.02076 0.04598
0.9997 10.78 28.26 18.65 11.32 6.918 4.163 2.172 1.396 0.9121 0.5896 0.3636 0.2365 0.1405 0.0913 0.05888 0.03819 0.02598 0.01849 0.03974
1.097 11.61 28.38 20.05 10.9 6.616 4.043 2.433 1.269 0.8157 0.5331 0.3446 0.2125 0.1383 0.08213 0.05336 0.03441 0.02232 0.01518 0.03403
1.11 12.68 30.26 19.8 11.51 6.257 3.797 2.321 1.396 0.7285 0.4682 0.306 0.1978 0.122 0.07935 0.04714 0.03063 0.01975 0.01281 0.02825
1.113 12.78 32.69 20.77 11.17 6.49 3.528 2.141 1.308 0.7873 0.4108 0.264 0.1725 0.1115 0.06878 0.04474 0.02658 0.01727 0.01114 0.02315
1.146 12.14 31.18 21.12 11.01 5.917 3.439 1.87 1.135 0.6934 0.4172 0.2177 0.1399 0.09143 0.0591 0.03645 0.02371 0.01408 0.009151 0.01817
1.125 12.5 29.62 20.14 11.19 5.833 3.136 1.823 0.9907 0.6013 0.3675 0.2211 0.1154 0.07414 0.04845 0.03132 0.01932 0.01257 0.007464 0.01448
1.098 12.27 30.49 19.13 10.67 5.931 3.091 1.662 0.9659 0.525 0.3186 0.1947 0.1172 0.06113 0.03929 0.02568 0.0166 0.01024 0.006659 0.01163
1.077 11.97 29.94 19.69 10.14 5.655 3.143 1.638 0.8806 0.5119 0.2782 0.1689 0.1032 0.0621 0.0324 0.02082 0.01361 0.008796 0.005425 0.009691
1.034 11.74 29.21 19.34 10.44 5.373 2.997 1.666 0.8681 0.4667 0.2713 0.1474 0.08948 0.05469 0.03291 0.01717 0.01103 0.007211 0.004661 0.008011
0.9576 11.28 28.65 18.87 10.25 5.53 2.847 1.588 0.8826 0.4601 0.2473 0.1437 0.07814 0.04742 0.02898 0.01744 0.009098 0.005847 0.003821 0.006715
0.9778 10.44 27.51 18.51 9.998 5.43 2.931 1.509 0.8416 0.4677 0.2438 0.1311 0.07618 0.04141 0.02513 0.01536 0.009242 0.004821 0.003099 0.005584
0.9625 10.66 25.47 17.77 9.807 5.298 2.878 1.553 0.7996 0.446 0.2479 0.1292 0.06945 0.04037 0.02194 0.01332 0.008139 0.004898 0.002555 0.004601
0.9653 10.49 26.01 16.45 9.417 5.197 2.808 1.525 0.8231 0.4237 0.2364 0.1314 0.06847 0.03681 0.02139 0.01163 0.007057 0.004313 0.002595 0.003792
0.9724 10.52 25.6 16.8 8.719 4.99 2.754 1.488 0.8082 0.4362 0.2245 0.1253 0.06961 0.03628 0.01951 0.01134 0.006163 0.00374 0.002286 0.003385
1.08 10.6 25.68 16.54 8.903 4.621 2.645 1.46 0.7885 0.4283 0.2311 0.119 0.06638 0.03689 0.01923 0.01034 0.006008 0.003266 0.001982 0.003005
1.113 11.77 25.87 16.59 8.764 4.718 2.449 1.401 0.7735 0.4179 0.227 0.1225 0.06306 0.03518 0.01955 0.01019 0.005478 0.003184 0.001731 0.002643
1.136 12.14 28.73 16.71 8.789 4.644 2.5 1.298 0.7427 0.4099 0.2214 0.1203 0.06491 0.03342 0.01864 0.01036 0.0054 0.002903 0.001687 0.002318
1.178 12.39 29.62 18.56 8.854 4.658 2.461 1.325 0.6877 0.3936 0.2172 0.1174 0.06374 0.0344 0.01771 0.009879 0.00549 0.002862 0.001538 0.002123
1.273 12.85 30.23 19.13 9.833 4.692 2.468 1.304 0.7022 0.3644 0.2086 0.1151 0.06219 0.03378 0.01823 0.009385 0.005235 0.002909 0.001517 0.00194
1.409 13.87 31.34 19.53 10.14 5.211 2.487 1.308 0.6912 0.3721 0.1931 0.1105 0.061 0.03296 0.0179 0.009661 0.004974 0.002774 0.001542 0.001832
1.336 15.37 33.85 20.25 10.35 5.373 2.762 1.318 0.6932 0.3663 0.1972 0.1023 0.05858 0.03233 0.01747 0.009486 0.00512 0.002636 0.00147 0.001788
1.35 14.57 37.49 21.86 10.73 5.484 2.847 1.463 0.6983 0.3673 0.1941 0.1045 0.05424 0.03104 0.01713 0.009256 0.005027 0.002713 0.001397 0.001727
1.362 14.71 35.54 24.22 11.59 5.686 2.906 1.509 0.7756 0.3701 0.1947 0.1029 0.05538 0.02874 0.01645 0.009079 0.004905 0.002664 0.001438 0.001655
1.397 14.5 35.11 22.47 12.56 6.009 2.948 1.507 0.7825 0.4022 0.1919 0.101 0.05334 0.02872 0.01491 0.008531 0.004708 0.002544 0.001382 0.001604
1.281 14.87 34.69 22.32 11.72 6.553 3.135 1.539 0.7864 0.4083 0.2099 0.1001 0.05268 0.02784 0.01499 0.007778 0.004452 0.002457 0.001327 0.001558
1.187 13.64 35.69 22.17 11.72 6.156 3.441 1.646 0.8079 0.4129 0.2144 0.1102 0.05258 0.02766 0.01462 0.007869 0.004084 0.002337 0.00129 0.001515
1.282 12.64 32.81 22.94 11.71 6.191 3.252 1.818 0.8698 0.4268 0.2182 0.1133 0.05822 0.02778 0.01461 0.007722 0.004157 0.002158 0.001235 0.001482
1.209 13.65 30.49 21.21 12.19 6.227 3.291 1.729 0.9664 0.4624 0.2269 0.116 0.06021 0.03095 0.01477 0.007769 0.004105 0.00221 0.001147 0.001444
1.126 12.87 33.01 19.81 11.34 6.522 3.33 1.76 0.9246 0.5168 0.2473 0.1213 0.06202 0.0322 0.01655 0.007898 0.004155 0.002196 0.001182 0.001386
1.058 11.98 31.2 21.57 10.66 6.103 3.509 1.792 0.9471 0.4975 0.2781 0.1331 0.06529 0.03337 0.01733 0.008907 0.00425 0.002236 0.001181 0.001382
0.9189 11.26 29.13 20.5 11.68 5.771 3.304 1.9 0.9701 0.5127 0.2693 0.1505 0.07203 0.03534 0.01807 0.00938 0.004821 0.002301 0.00121 0.001387
0.8764 9.776 27.45 19.24 11.16 6.359 3.142 1.799 1.034 0.5282 0.2792 0.1467 0.08197 0.03922 0.01925 0.009838 0.005108 0.002625 0.001253 0.001415
0.8748 9.322 23.88 18.22 10.54 6.114 3.483 1.721 0.9854 0.5666 0.2893 0.1529 0.08033 0.0449 0.02148 0.01054 0.005389 0.002798 0.001438 0.001461
0.831 9.301 22.83 15.94 10.04 5.806 3.369 1.919 0.9484 0.5429 0.3122 0.1594 0.08425 0.04426 0.02474 0.01184 0.005808 0.002969 0.001541 0.001597
0.8176 8.832 22.83 15.31 8.832 5.564 3.217 1.867 1.063 0.5255 0.3009 0.173 0.08834 0.04669 0.02453 0.01371 0.006559 0.003219 0.001645 0.001739
0.8361 8.686 21.73 15.39 8.534 4.922 3.1 1.793 1.04 0.5926 0.2929 0.1677 0.09641 0.04923 0.02602 0.01367 0.00764 0.003655 0.001794 0.001886
0.819 8.878 21.41 14.72 8.626 4.782 2.758 1.738 1.005 0.583 0.3321 0.1641 0.09396 0.05403 0.02759 0.01458 0.007659 0.004281 0.002049 0.002062
0.786 8.69 21.93 14.58 8.295 4.861 2.695 1.554 0.9791 0.5662 0.3285 0.1871 0.09248 0.05295 0.03044 0.01555 0.008216 0.004316 0.002413 0.002316
0.7979 8.334 21.51 15 8.26 4.7 2.754 1.527 0.8806 0.5547 0.3208 0.1861 0.106 0.05239 0.03 0.01725 0.008807 0.004655 0.002445 0.002679
0.8388 8.452 20.66 14.78 8.545 4.704 2.677 1.568 0.8695 0.5015 0.3159 0.1827 0.106 0.06038 0.02984 0.01708 0.009823 0.005016 0.002651 0.002918
0.8233 8.876 20.99 14.27 8.462 4.891 2.693 1.532 0.8978 0.4977 0.2871 0.1808 0.1046 0.06067 0.03456 0.01708 0.009779 0.005623 0.002871 0.003188
0.7815 8.702 22.08 14.56 8.208 4.868 2.814 1.549 0.8814 0.5165 0.2863 0.1652 0.104 0.06016 0.0349 0.01988 0.009827 0.005626 0.003235 0.003486
