Originally  
101 
A 
2	100	
1	1	NA	NA	
1	20	
1 475.3 276 260.6 214.6 122.7 45.99 30.66 30.66 15.33 30.66 0 15.33 0 0 0 0 0 15.33 0 0
1 613.7 185.5 185.5 99.91 99.91 114.2 57.09 42.82 0 14.27 0 14.27 0 0 0 0 0 0 0 0
1 333.2 309.4 154.7 71.4 107.1 83.29 47.6 23.8 0 23.8 11.9 0 0 11.9 0 0 0 11.9 0 0
1 331.3 228.4 251.3 114.2 79.96 22.84 22.84 34.27 22.84 0 11.42 11.42 0 0 11.42 0 0 0 0 0
1 470.5 209.1 196 156.8 65.34 52.28 39.21 13.07 39.21 26.14 13.07 26.14 0 0 0 0 0 0 0 0
1 686.4 249.6 218.4 124.8 171.6 46.8 31.2 0 31.2 0 0 0 0 0 0 0 0 0 0 0
1 313.9 241.5 181.1 132.8 108.7 72.45 36.22 48.3 36.22 12.07 12.07 12.07 0 0 0 0 0 0 0 0
1 453.7 203.4 250.3 156.5 93.87 109.5 203.4 46.94 15.65 31.29 0 0 0 0 0 0 0 0 0 0
1 734.3 97.9 212.1 195.8 97.9 48.95 81.58 65.27 48.95 32.63 16.32 0 0 0 0 0 0 0 0 0
1 180.6 250 291.7 152.8 152.8 111.1 138.9 0 41.67 13.89 41.67 0 0 13.89 0 0 0 0 0 0
1 570.5 257.7 294.5 147.2 92.02 92.02 165.6 73.62 0 73.62 18.4 18.4 0 18.4 0 0 0 18.4 0 0
1 291.1 551.6 122.6 183.9 91.94 61.29 91.94 45.97 15.32 30.65 0 30.65 0 15.32 0 0 0 0 0 0
1 495.5 210.6 185.8 37.16 61.93 37.16 37.16 111.5 37.16 12.39 0 0 0 12.39 0 0 0 0 0 0
1 680.6 412 143.3 250.8 71.65 71.65 35.82 35.82 35.82 35.82 17.91 0 0 0 0 0 0 0 0 0
1 557.8 215.5 190.2 114.1 63.39 25.35 25.35 38.03 0 12.68 0 0 12.68 0 12.68 0 0 0 0 0
1 223.1 286.8 201.8 116.9 74.36 63.74 10.62 21.25 10.62 21.25 10.62 0 0 0 0 10.62 10.62 0 0 0
1 389.1 254.4 299.3 134.7 149.7 74.83 59.87 0 59.87 0 0 44.9 14.97 0 0 0 14.97 0 0 0
1 437.2 333.1 374.7 249.8 124.9 208.2 62.45 104.1 62.45 20.82 0 41.64 41.64 0 0 20.82 0 0 0 0
1 759 232.4 154.9 92.94 170.4 61.96 30.98 30.98 0 0 15.49 0 0 0 0 0 0 0 0 0
1 432.3 446.2 167.3 83.67 41.83 41.83 41.83 27.89 0 41.83 0 27.89 13.94 0 0 0 13.94 13.94 0 0
1 236.9 379.1 489.7 189.6 126.4 78.98 47.39 0 15.8 0 0 0 15.8 0 0 0 0 0 0 0
1 363.9 195.9 182 279.9 97.97 112 14 55.98 55.98 27.99 0 14 0 0 0 0 0 0 0 0
1 626.5 321.3 64.26 160.6 144.6 64.26 48.19 80.32 48.19 32.13 16.06 0 0 0 0 0 0 0 0 0
1 581.5 328 149.1 59.64 104.4 119.3 44.73 29.82 14.91 14.91 14.91 29.82 0 0 0 0 0 0 0 0
1 261.5 441.2 408.5 179.8 65.36 147.1 81.71 16.34 16.34 0 0 16.34 0 0 0 0 0 0 0 0
1 275.5 264 252.6 160.7 34.44 22.96 34.44 45.92 11.48 11.48 0 22.96 0 0 11.48 0 0 0 0 0
1 295.1 273.3 98.38 164 120.2 43.72 10.93 0 32.79 21.86 10.93 0 0 0 10.93 0 10.93 0 0 0
1 368.1 119.1 119.1 108.3 54.13 129.9 21.65 10.83 86.61 32.48 0 0 10.83 0 10.83 0 0 10.83 0 0
1 288.3 219.1 184.5 103.8 69.18 69.18 80.71 0 11.53 11.53 34.59 34.59 23.06 11.53 0 0 0 0 0 11.53
1 428.7 189.2 189.2 88.27 138.7 50.44 37.83 50.44 25.22 0 12.61 25.22 0 0 25.22 0 0 0 0 0
1 392.7 242.6 127.1 127.1 115.5 57.75 0 34.65 0 0 11.55 11.55 11.55 11.55 0 0 0 0 0 11.55
1 308.5 274.2 228.5 148.5 79.98 22.85 0 11.43 45.7 11.43 0 0 0 11.43 0 0 0 0 0 0
1 642.7 374.9 196.4 214.2 35.71 89.27 89.27 17.85 35.71 35.71 0 0 17.85 35.71 0 0 0 0 0 0
1 199.2 373.5 286.3 149.4 87.15 74.7 12.45 0 24.9 12.45 0 12.45 12.45 0 0 0 0 0 0 0
1 708.4 191.9 221.4 103.3 44.28 59.03 14.76 14.76 14.76 0 29.52 44.28 14.76 0 0 0 14.76 0 0 0
1 535.1 479.8 166.1 239.9 92.26 73.81 55.36 92.26 73.81 0 0 0 18.45 18.45 0 0 0 0 0 0
1 590 381.8 312.3 121.5 69.41 34.7 17.35 69.41 52.06 0 17.35 17.35 17.35 0 17.35 0 0 0 0 17.35
1 230.3 359.8 259 259 129.5 71.96 43.17 0 14.39 14.39 14.39 14.39 0 0 0 14.39 14.39 0 0 0
1 674.4 182.3 309.9 273.4 200.5 0 72.91 18.23 18.23 18.23 36.45 0 18.23 0 0 0 0 0 0 0
1 577.8 361.1 144.4 325 144.4 90.28 72.22 54.17 18.06 18.06 0 0 0 0 0 0 0 0 0 0
1 513 422.5 150.9 45.26 105.6 60.35 120.7 15.09 0 0 0 45.26 15.09 0 0 15.09 0 0 0 0
1 637.5 335.5 335.5 201.3 33.55 16.78 33.55 50.33 0 16.78 16.78 0 0 0 0 0 0 0 0 0
1 682.3 664.8 122.5 140 69.98 0 34.99 0 0 17.49 0 0 17.49 0 0 0 0 0 0 0
1 212.7 437.3 260 94.55 70.91 0 59.1 11.82 11.82 0 23.64 0 0 0 0 0 0 0 0 0
1 154.2 84.79 238.9 169.6 30.83 53.96 0 15.42 7.708 0 15.42 0 0 0 0 0 0 0 0 0
1 911.3 136 68.01 122.4 13.6 54.41 40.81 13.6 0 0 0 0 0 0 0 0 0 0 0 0
1 258.4 553.6 123 36.91 135.3 49.21 61.52 0 0 0 0 0 0 12.3 0 0 0 0 0 0
1 408.8 140.5 447.2 115 38.33 38.33 51.11 0 25.55 12.78 0 0 0 0 0 0 0 0 0 0
1 328.7 306.1 192.7 238 22.67 0 22.67 11.34 0 0 0 0 0 11.34 0 0 0 0 0 0
1 174.7 220.3 189.9 68.38 60.78 22.79 0 7.597 15.19 0 0 0 0 0 0 0 0 0 0 0
1 250.5 151.8 144.2 91.09 30.36 53.14 15.18 0 0 15.18 7.591 0 0 0 0 0 0 0 0 0
1 343.7 167.7 109 109 67.07 8.384 16.77 16.77 0 0 0 0 0 0 0 0 0 0 0 0
1 517.1 517.1 177.3 88.65 59.1 73.88 29.55 0 0 14.78 0 0 0 0 0 0 0 0 0 0
1 293 351.6 175.8 58.59 9.766 29.3 48.83 0 9.766 0 0 0 0 0 0 0 0 0 0 0
1 854.8 205.1 359 119.7 17.1 68.38 68.38 0 0 17.1 0 0 0 0 0 0 0 0 0 0
1 281.2 341.5 120.5 130.6 60.26 50.21 10.04 0 0 0 10.04 0 0 0 0 0 0 0 0 0
1 269 99.9 253.6 38.42 38.42 30.74 7.685 0 15.37 7.685 7.685 0 0 0 0 0 0 0 0 0
1 193.8 253.5 126.7 89.46 29.82 29.82 14.91 7.455 0 0 0 0 0 0 0 0 0 0 0 0
1 350.6 239.9 156.9 73.82 55.36 9.227 27.68 9.227 0 0 0 0 0 0 0 0 0 0 0 0
1 403.6 282.5 100.9 80.72 40.36 50.45 30.27 0 20.18 0 0 0 0 0 0 0 0 0 0 0
1 230.1 222.5 138.1 69.04 30.68 38.35 15.34 7.671 15.34 0 0 0 0 0 0 0 0 0 0 0
1 297.1 198.1 114.3 76.18 22.85 22.85 7.618 15.24 0 0 0 7.618 0 0 0 0 0 0 0 0
1 313.3 186.5 89.53 67.14 37.3 29.84 0 7.46 0 14.92 0 0 0 0 0 0 0 0 0 0
1 158.9 214.2 131.3 41.46 41.46 55.29 27.64 13.82 0 0 0 6.911 0 0 0 0 0 0 0 0
1 258.9 129.5 167.5 129.5 15.23 38.07 7.615 15.23 0 0 0 0 0 0 0 0 0 0 0 0
1 334.1 137.6 65.51 58.96 19.65 19.65 13.1 0 6.551 0 0 0 0 0 0 0 0 0 0 0
1 137.3 252.6 54.92 16.48 43.94 32.95 5.492 5.492 0 0 0 0 0 0 0 0 0 0 0 0
1 256.7 205.4 183.4 29.34 22 36.67 0 0 0 0 0 0 0 0 0 0 0 0 0 0
1 341.5 146.4 122 89.44 56.91 0 40.65 0 8.131 8.131 0 0 0 0 0 0 0 0 0 0
1 300.6 249.1 128.8 94.47 68.71 17.18 0 0 0 0 0 0 0 0 0 0 0 0 0 0
1 427.9 163.9 154.8 63.74 9.105 54.63 27.32 0 9.105 0 0 0 0 0 0 0 0 0 0 0
1 263.2 317.6 172.4 99.83 9.075 9.075 27.23 9.075 0 0 0 0 0 0 0 0 0 0 0 0
1 452 150.7 210.9 130.6 20.09 20.09 10.05 10.05 0 0 0 0 0 0 0 0 0 0 0 0
1 586.7 436.3 195.6 225.7 45.13 15.04 0 0 0 0 0 0 0 0 0 0 0 0 0 0
1 495.6 428.6 281.3 53.58 26.79 13.4 13.4 13.4 13.4 0 0 0 0 0 0 0 0 0 0 0
1 408.1 326.4 340 122.4 40.81 54.41 54.41 13.6 0 0 0 0 0 0 0 0 0 0 0 0
1 301.3 251.1 100.4 75.32 41.85 33.48 16.74 0 16.74 0 0 0 0 0 0 0 0 0 0 0
1 320.1 237.5 216.9 113.6 82.61 30.98 10.33 0 10.33 10.33 0 0 0 0 0 0 0 0 0 0
1 356.3 168.3 188.1 128.7 69.29 39.59 19.8 9.898 9.898 0 0 0 0 0 0 0 0 0 0 0
1 358.2 278.6 278.6 238.8 106.1 13.27 39.8 13.27 0 0 0 0 0 0 0 0 0 0 0 0
1 318.2 198.9 111.4 63.65 55.69 0 15.91 23.87 7.956 0 0 0 0 0 0 0 0 0 0 0
1 347.1 211.6 152.4 50.79 8.465 42.33 25.4 0 8.465 0 0 0 0 0 0 0 0 0 0 0
1 387.2 181.7 94.82 55.31 63.21 0 0 7.902 0 0 0 0 0 0 0 0 0 0 0 0
1 295.4 285.6 196.9 88.62 0 19.69 39.39 29.54 0 9.847 0 9.847 0 9.847 0 0 0 0 0 0
1 216 216 153.3 69.68 20.9 0 6.968 0 6.968 0 0 6.968 0 0 0 0 0 0 0 0
1 143.7 205.2 164.2 88.94 61.57 20.52 0 0 0 0 0 0 0 0 0 0 0 0 0 0
1 393.4 118.9 183 118.9 64.05 18.3 18.3 0 0 0 0 0 0 0 0 0 0 0 0 0
1 377.2 322 64.39 91.99 18.4 27.6 9.199 0 0 9.199 0 0 0 0 0 0 0 0 0 0
1 300.3 153.4 95.85 12.78 19.17 19.17 19.17 6.39 12.78 0 0 0 0 0 0 0 0 0 0 0
1 328.2 195.1 141.9 133 44.35 26.61 8.87 0 0 8.87 0 0 0 0 0 0 0 0 0 0
1 203.4 254.2 130.7 79.9 43.58 7.264 0 0 0 7.264 0 0 0 0 0 0 0 0 0 0
1 242.2 171.9 226.5 70.31 31.25 31.25 0 0 0 7.812 0 0 0 0 0 0 0 0 0 0
1 185.7 128.5 221.4 85.69 21.42 28.56 14.28 14.28 0 7.141 0 0 7.141 0 0 0 0 0 0 0
1 199.4 156.7 121.1 92.58 71.21 21.36 14.24 14.24 7.121 14.24 0 0 0 0 0 0 0 0 0 0
1 202.5 133 80.98 75.2 46.28 34.71 0 0 0 0 0 5.785 0 0 0 0 0 0 0 0
1 218.3 152.8 60.03 54.57 10.91 32.74 16.37 0 0 0 0 0 0 0 0 0 0 0 0 0
1 315.4 142.2 92.76 24.74 6.184 6.184 18.55 6.184 6.184 0 0 0 0 0 0 0 0 0 0 0
1 323.4 262.2 174.8 52.44 26.22 17.48 17.48 0 0 0 0 0 0 0 0 0 0 0 0 0
1 359.9 338.1 174.5 152.7 10.91 21.81 0 32.72 0 0 0 0 0 0 0 0 0 0 0 0
