 landings-at-age - landings.n (units : NA )
1	2	
2	100	
1	20	
1 
0.02659 0.2984 0.8352 0.6934 0.4839 0.3377 0.2357 0.1644 0.1148 0.08008 0.05589 0.039 0.02722 0.01899 0.01325 0.009249 0.006454 0.004504 0.003143 0.007259
0.007312 0.05216 0.1462 0.1214 0.08475 0.05914 0.04127 0.0288 0.0201 0.01403 0.009787 0.00683 0.004766 0.003326 0.002321 0.00162 0.00113 0.0007888 0.0005504 0.001271
0.005211 0.0821 0.1464 0.1219 0.08515 0.05942 0.04147 0.02894 0.02019 0.01409 0.009834 0.006862 0.004789 0.003342 0.002332 0.001627 0.001136 0.0007925 0.000553 0.001277
0.005004 0.05851 0.2304 0.122 0.08549 0.0597 0.04166 0.02907 0.02029 0.01416 0.00988 0.006895 0.004811 0.003358 0.002343 0.001635 0.001141 0.0007963 0.0005557 0.001283
0.005581 0.05618 0.1642 0.1921 0.08557 0.05994 0.04186 0.02921 0.02038 0.01423 0.009927 0.006927 0.004834 0.003374 0.002354 0.001643 0.001146 8e-04 0.0005583 0.001289
0.007857 0.06266 0.1576 0.1369 0.1347 0.06 0.04203 0.02935 0.02048 0.01429 0.009974 0.00696 0.004857 0.00339 0.002365 0.001651 0.001152 0.0008038 0.0005609 0.001295
0.003798 0.08822 0.1758 0.1315 0.09599 0.09444 0.04207 0.02947 0.02058 0.01436 0.01002 0.006993 0.00488 0.003406 0.002377 0.001658 0.001157 0.0008076 0.0005636 0.001302
0.003953 0.04264 0.2475 0.1466 0.09217 0.0673 0.06621 0.0295 0.02066 0.01443 0.01007 0.007026 0.004903 0.003422 0.002388 0.001666 0.001163 0.0008114 0.0005663 0.001308
0.004905 0.04438 0.1197 0.2064 0.1028 0.06463 0.04719 0.04643 0.02068 0.01449 0.01012 0.00706 0.004926 0.003438 0.002399 0.001674 0.001168 0.0008153 0.0005689 0.001314
0.002437 0.05508 0.1245 0.09978 0.1447 0.07208 0.04531 0.03308 0.03255 0.0145 0.01016 0.007093 0.00495 0.003454 0.00241 0.001682 0.001174 0.0008191 0.0005716 0.00132
0.0061 0.02737 0.1546 0.1039 0.06996 0.1015 0.05054 0.03177 0.0232 0.02282 0.01017 0.007121 0.004973 0.003471 0.002422 0.00169 0.001179 0.000823 0.0005743 0.001326
0.003004 0.06849 0.07679 0.1289 0.07281 0.04905 0.07115 0.03544 0.02228 0.01626 0.016 0.007128 0.004993 0.003487 0.002433 0.001698 0.001185 0.0008269 0.0005771 0.001333
0.005558 0.03373 0.1922 0.06403 0.09036 0.05105 0.03439 0.04988 0.02485 0.01562 0.0114 0.01122 0.004998 0.003501 0.002445 0.001706 0.001191 0.0008308 0.0005798 0.001339
0.004435 0.06241 0.09465 0.1602 0.04489 0.06336 0.0358 0.02411 0.03498 0.01742 0.01095 0.007996 0.007867 0.003504 0.002455 0.001714 0.001196 0.0008348 0.0005825 0.001345
0.006055 0.0498 0.1751 0.07893 0.1124 0.03148 0.04442 0.0251 0.01691 0.02452 0.01221 0.007678 0.005606 0.005516 0.002457 0.001721 0.001202 0.0008387 0.0005853 0.001352
0.003628 0.06799 0.1397 0.146 0.05534 0.07878 0.02207 0.03115 0.0176 0.01185 0.01719 0.008564 0.005383 0.003931 0.003867 0.001723 0.001207 0.0008427 0.0005881 0.001358
0.003592 0.04074 0.1908 0.1165 0.1024 0.0388 0.05524 0.01547 0.02184 0.01234 0.008312 0.01206 0.006004 0.003775 0.002756 0.002711 0.001208 0.000846 0.0005908 0.001365
0.003805 0.04033 0.1143 0.1591 0.08169 0.07179 0.02721 0.03873 0.01085 0.01531 0.008651 0.005828 0.008453 0.00421 0.002646 0.001932 0.001901 0.0008469 0.0005932 0.001371
0.009062 0.04273 0.1132 0.09531 0.1115 0.05728 0.05034 0.01908 0.02715 0.007607 0.01074 0.006065 0.004086 0.005927 0.002952 0.001856 0.001355 0.001333 0.0005938 0.001377
0.004454 0.1018 0.1199 0.09436 0.06683 0.07821 0.04016 0.03529 0.01337 0.01904 0.005334 0.007527 0.004253 0.002865 0.004155 0.00207 0.001301 0.0009499 0.0009346 0.001382
0.002582 0.05001 0.2855 0.09998 0.06616 0.04686 0.05484 0.02816 0.02475 0.009377 0.01335 0.00374 0.005278 0.002982 0.002009 0.002914 0.001451 0.0009122 0.000666 0.001624
0.00375 0.02899 0.1403 0.2381 0.0701 0.04639 0.03285 0.03845 0.01974 0.01735 0.006575 0.00936 0.002622 0.0037 0.002091 0.001408 0.002043 0.001017 0.0006396 0.001606
0.006239 0.0421 0.08134 0.117 0.1669 0.04915 0.03252 0.02303 0.02696 0.01384 0.01216 0.00461 0.006562 0.001838 0.002595 0.001466 0.0009875 0.001432 0.0007134 0.001574
0.005944 0.07006 0.1181 0.06783 0.08204 0.117 0.03446 0.0228 0.01615 0.0189 0.009706 0.008529 0.003232 0.004601 0.001289 0.001819 0.001028 0.0006924 0.001004 0.001604
0.003106 0.06674 0.1966 0.09851 0.04756 0.05752 0.08206 0.02416 0.01599 0.01132 0.01325 0.006805 0.00598 0.002266 0.003226 0.0009038 0.001275 0.0007206 0.0004854 0.001829
0.003808 0.03487 0.1873 0.1639 0.06907 0.03334 0.04033 0.05754 0.01694 0.01121 0.00794 0.009292 0.004771 0.004193 0.001589 0.002262 0.0006337 0.0008943 0.0005053 0.001623
0.003224 0.04276 0.09785 0.1562 0.1149 0.04843 0.02338 0.02828 0.04034 0.01188 0.00786 0.005567 0.006515 0.003345 0.00294 0.001114 0.001586 0.0004443 0.000627 0.001492
0.004011 0.0362 0.12 0.08159 0.1095 0.08059 0.03396 0.01639 0.01983 0.02829 0.008328 0.005511 0.003903 0.004568 0.002346 0.002061 0.0007811 0.001112 0.0003115 0.001486
0.00404 0.04504 0.1016 0.1001 0.05721 0.07677 0.0565 0.02381 0.01149 0.0139 0.01983 0.005839 0.003864 0.002737 0.003203 0.001645 0.001445 0.0005477 0.0007796 0.00126
0.004819 0.04537 0.1264 0.08471 0.07015 0.04011 0.05383 0.03962 0.01669 0.008058 0.009747 0.01391 0.004094 0.002709 0.001919 0.002246 0.001153 0.001013 0.000384 0.00143
0.004079 0.05411 0.1273 0.1054 0.0594 0.04919 0.02812 0.03774 0.02778 0.0117 0.00565 0.006834 0.00975 0.002871 0.0019 0.001345 0.001574 0.0008085 0.0007105 0.001272
0.003436 0.0458 0.1518 0.1061 0.07389 0.04164 0.03449 0.01972 0.02646 0.01948 0.008206 0.003961 0.004792 0.006836 0.002013 0.001332 0.0009433 0.001104 0.0005669 0.00139
0.00494 0.03858 0.1285 0.1266 0.07443 0.05181 0.0292 0.02418 0.01383 0.01855 0.01365 0.005754 0.002778 0.00336 0.004793 0.001411 0.0009338 0.0006614 0.000774 0.001372
0.003023 0.05547 0.1083 0.1072 0.08877 0.05218 0.03633 0.02047 0.01695 0.009694 0.01301 0.009574 0.004034 0.001947 0.002356 0.003361 0.0009894 0.0006547 0.0004637 0.001505
0.006979 0.03395 0.1557 0.09028 0.07514 0.06224 0.03659 0.02547 0.01435 0.01189 0.006797 0.009121 0.006713 0.002829 0.001365 0.001652 0.002356 0.0006937 0.0004591 0.00138
0.005068 0.07837 0.09525 0.1298 0.0633 0.05268 0.04364 0.02565 0.01786 0.01006 0.008334 0.004766 0.006395 0.004707 0.001983 0.0009574 0.001158 0.001652 0.0004864 0.00129
0.005801 0.0569 0.2199 0.07943 0.09101 0.04438 0.03694 0.0306 0.01799 0.01252 0.007057 0.005844 0.003341 0.004484 0.0033 0.001391 0.0006713 0.000812 0.001158 0.001245
0.002988 0.06514 0.1597 0.1834 0.05569 0.06381 0.03112 0.0259 0.02145 0.01261 0.008779 0.004948 0.004097 0.002343 0.003144 0.002314 0.000975 0.0004706 0.0005693 0.001685
0.005028 0.03355 0.1828 0.1331 0.1286 0.03905 0.04474 0.02182 0.01816 0.01504 0.008842 0.006155 0.003469 0.002873 0.001643 0.002204 0.001622 0.0006836 0.00033 0.001581
1.513 14.55 22.48 35.71 21.87 21.12 6.414 7.349 3.584 2.983 2.471 1.452 1.011 0.5698 0.4719 0.2698 0.3621 0.2665 0.1123 0.3139
1.364 15.56 33.84 13.96 18.22 11.16 10.77 3.272 3.749 1.828 1.522 1.26 0.741 0.5158 0.2907 0.2407 0.1376 0.1847 0.1359 0.2174
1.894 16.65 42.71 24.87 8.439 11.02 6.746 6.515 1.979 2.267 1.106 0.9202 0.7622 0.4481 0.3119 0.1758 0.1456 0.08323 0.1117 0.2137
1.526 18.71 37.13 25.29 12.08 4.1 5.351 3.277 3.165 0.9612 1.101 0.5371 0.447 0.3703 0.2177 0.1515 0.0854 0.07072 0.04044 0.1581
0.5574 16.3 45.31 24.12 13.51 6.455 2.19 2.859 1.751 1.691 0.5135 0.5884 0.2869 0.2388 0.1978 0.1163 0.08095 0.04562 0.03778 0.106
0.6273 6.332 41.91 31.27 13.7 7.674 3.667 1.244 1.624 0.9947 0.9605 0.2917 0.3343 0.163 0.1357 0.1124 0.06606 0.04599 0.02592 0.08171
2.184 6.834 15.6 27.63 16.95 7.428 4.161 1.988 0.6746 0.8806 0.5393 0.5208 0.1582 0.1812 0.08838 0.07356 0.06093 0.03582 0.02493 0.05835
0.7471 24.87 17.55 10.71 15.61 9.576 4.195 2.35 1.123 0.381 0.4974 0.3046 0.2942 0.08934 0.1024 0.04992 0.04155 0.03441 0.02023 0.04704
0.9359 7.435 56.11 10.57 5.301 7.723 4.739 2.076 1.163 0.5557 0.1886 0.2461 0.1507 0.1456 0.04421 0.05066 0.0247 0.02056 0.01703 0.03329
0.9537 11.73 20.97 42.5 6.591 3.306 4.817 2.956 1.295 0.7253 0.3466 0.1176 0.1535 0.09401 0.09079 0.02757 0.03159 0.01541 0.01282 0.03139
0.6794 9.953 27.54 13.07 21.73 3.37 1.691 2.463 1.511 0.6621 0.3709 0.1772 0.06013 0.07849 0.04807 0.04642 0.0141 0.01615 0.007878 0.02261
0.6698 7.667 25.23 18.6 7.249 12.06 1.87 0.938 1.366 0.8385 0.3673 0.2058 0.09833 0.03336 0.04355 0.02667 0.02576 0.007822 0.008963 0.01691
1.041 6.975 17.98 15.73 9.517 3.71 6.171 0.9569 0.48 0.6993 0.4291 0.188 0.1053 0.05032 0.01707 0.02229 0.01365 0.01318 0.004003 0.01324
1.051 10.99 16.65 11.47 8.244 4.989 1.945 3.235 0.5016 0.2516 0.3666 0.2249 0.09855 0.0552 0.02638 0.00895 0.01168 0.007155 0.00691 0.009041
0.6023 11.83 27.95 11.34 6.424 4.617 2.794 1.089 1.812 0.2809 0.1409 0.2053 0.126 0.05519 0.03092 0.01477 0.005013 0.006543 0.004008 0.008934
1.335 6.733 29.8 18.79 6.267 3.55 2.552 1.544 0.602 1.001 0.1553 0.0779 0.1135 0.06964 0.03051 0.01709 0.008166 0.002771 0.003617 0.007153
0.6429 13.53 15.45 18.24 9.45 3.151 1.785 1.283 0.7766 0.3027 0.5035 0.07808 0.03917 0.05706 0.03501 0.01534 0.008593 0.004106 0.001393 0.005415
0.8733 7.912 37.44 11.45 11.13 5.768 1.923 1.09 0.7833 0.474 0.1848 0.3073 0.04766 0.02391 0.03483 0.02137 0.009363 0.005245 0.002506 0.004156
0.744 8.739 17.86 22.44 5.634 5.476 2.837 0.9461 0.536 0.3853 0.2332 0.09089 0.1512 0.02344 0.01176 0.01713 0.01051 0.004606 0.00258 0.003277
0.93 8.024 21.33 11.68 12.06 3.029 2.944 1.525 0.5087 0.2882 0.2071 0.1254 0.04886 0.08128 0.0126 0.006323 0.009211 0.005652 0.002476 0.003149
0.9341 11.23 21.78 15.5 6.977 7.21 1.81 1.759 0.9116 0.304 0.1722 0.1238 0.07491 0.0292 0.04857 0.007532 0.003778 0.005504 0.003378 0.003361
0.5912 10.11 27.25 14.01 8.181 3.683 3.806 0.9556 0.9288 0.4812 0.1605 0.09091 0.06535 0.03955 0.01542 0.02564 0.003976 0.001995 0.002906 0.003558
0.8676 6.537 25.04 17.91 7.558 4.413 1.987 2.053 0.5156 0.5011 0.2596 0.08657 0.04905 0.03526 0.02134 0.008316 0.01383 0.002145 0.001076 0.003487
0.7857 8.588 14.6 14.84 8.712 3.677 2.147 0.9666 0.9988 0.2508 0.2437 0.1263 0.04211 0.02386 0.01715 0.01038 0.004045 0.006729 0.001043 0.00222
0.5649 8.838 21.81 9.927 8.301 4.873 2.056 1.201 0.5406 0.5586 0.1403 0.1363 0.07063 0.02355 0.01334 0.009592 0.005805 0.002263 0.003763 0.001825
0.6648 6.117 21.61 14.24 5.328 4.455 2.615 1.104 0.6445 0.2902 0.2998 0.07528 0.07317 0.03791 0.01264 0.007162 0.005148 0.003115 0.001214 0.003
1.083 7.339 15.24 14.38 7.795 2.916 2.438 1.431 0.6041 0.3527 0.1588 0.1641 0.0412 0.04005 0.02075 0.006919 0.00392 0.002818 0.001705 0.002306
0.5318 11.12 17.08 9.48 7.356 3.986 1.491 1.247 0.732 0.3089 0.1804 0.08121 0.08393 0.02107 0.02048 0.01061 0.003538 0.002005 0.001441 0.002052
0.7685 6.521 30.7 12.64 5.776 4.482 2.429 0.9087 0.7598 0.446 0.1882 0.1099 0.04948 0.05114 0.01284 0.01248 0.006465 0.002156 0.001221 0.002128
0.9774 7.941 15.18 18.99 6.42 2.933 2.276 1.233 0.4613 0.3858 0.2264 0.09556 0.0558 0.02512 0.02596 0.006518 0.006335 0.003283 0.001095 0.001701
0.9579 9.921 18.29 9.348 9.61 3.249 1.484 1.152 0.6242 0.2335 0.1953 0.1146 0.04837 0.02824 0.01272 0.01314 0.003299 0.003207 0.001662 0.001415
1.185 11.23 26.32 13.04 5.489 5.643 1.908 0.8716 0.6763 0.3665 0.1371 0.1146 0.0673 0.0284 0.01658 0.007467 0.007716 0.001937 0.001883 0.001806
0.6003 12.81 27.44 17.18 6.998 2.946 3.028 1.024 0.4677 0.363 0.1967 0.07358 0.06153 0.03612 0.01524 0.0089 0.004007 0.004141 0.00104 0.00198
1.507 6.894 33.13 18.96 9.763 3.977 1.674 1.721 0.5819 0.2658 0.2063 0.1118 0.04182 0.03497 0.02053 0.008662 0.005058 0.002277 0.002353 0.001716
1.429 15.77 16.27 20.81 9.785 5.037 2.052 0.8638 0.888 0.3003 0.1372 0.1064 0.05768 0.02158 0.01804 0.01059 0.00447 0.00261 0.001175 0.0021
0.9473 14.87 37.19 10.27 10.8 5.077 2.614 1.065 0.4482 0.4608 0.1558 0.07117 0.05522 0.02993 0.0112 0.009362 0.005496 0.002319 0.001354 0.001699
0.9423 10.58 37.63 25.28 5.744 6.043 2.841 1.462 0.5958 0.2508 0.2578 0.08717 0.03982 0.0309 0.01674 0.006265 0.005238 0.003075 0.001298 0.001709
1.035 11.25 28.41 27.07 14.96 3.399 3.576 1.681 0.8653 0.3525 0.1484 0.1526 0.05158 0.02356 0.01828 0.009908 0.003707 0.003099 0.001819 0.001779
0.7251 10.36 25.43 17.08 13.36 7.383 1.677 1.765 0.8296 0.4271 0.174 0.07323 0.07529 0.02546 0.01163 0.009023 0.00489 0.001829 0.00153 0.001776
0.9555 8.251 26.61 17.51 9.675 7.566 4.182 0.95 0.9995 0.4699 0.2419 0.09854 0.04148 0.04264 0.01442 0.006586 0.005111 0.00277 0.001036 0.001872
0.8057 11.13 21.58 18.55 10.03 5.545 4.336 2.397 0.5445 0.5728 0.2693 0.1386 0.05647 0.02377 0.02444 0.008264 0.003775 0.002929 0.001587 0.001667
0.7533 7.935 24.75 12.74 8.987 4.86 2.686 2.101 1.161 0.2638 0.2775 0.1305 0.06716 0.02736 0.01152 0.01184 0.004003 0.001829 0.001419 0.001576
0.85 8.516 20.26 16.93 7.168 5.058 2.735 1.512 1.182 0.6534 0.1484 0.1562 0.07342 0.0378 0.0154 0.006481 0.006663 0.002253 0.001029 0.001686
0.9282 9.121 20.65 13.13 9.018 3.817 2.694 1.457 0.8051 0.6296 0.348 0.07906 0.08317 0.0391 0.02013 0.0082 0.003452 0.003549 0.0012 0.001446
0.8506 10.39 23.04 13.95 7.295 5.012 2.122 1.497 0.8096 0.4474 0.3499 0.1934 0.04394 0.04622 0.02173 0.01119 0.004557 0.001918 0.001972 0.00147
0.625 8.705 24.09 14.28 7.109 3.716 2.553 1.081 0.7627 0.4124 0.2279 0.1782 0.09853 0.02238 0.02355 0.01107 0.005699 0.002322 0.0009772 0.001754
0.3915 7.025 22.17 16.49 8.044 4.005 2.094 1.438 0.6088 0.4296 0.2323 0.1284 0.1004 0.0555 0.01261 0.01327 0.006236 0.00321 0.001308 0.001538
0.9349 4.537 18.36 15.51 9.492 4.631 2.305 1.205 0.8281 0.3505 0.2473 0.1338 0.07392 0.05781 0.03195 0.007259 0.007637 0.00359 0.001848 0.001639
0.8006 10.41 11.35 12.23 8.489 5.194 2.534 1.262 0.6595 0.4531 0.1918 0.1353 0.0732 0.04045 0.03163 0.01749 0.003972 0.004179 0.001965 0.001908
0.917 8.831 25.76 7.467 6.605 4.586 2.806 1.369 0.6815 0.3563 0.2448 0.1036 0.07312 0.03954 0.02185 0.01709 0.009446 0.002146 0.002258 0.002092
0.9948 8.957 19.51 15.14 3.603 3.187 2.213 1.354 0.6605 0.3288 0.1719 0.1181 0.04999 0.03528 0.01908 0.01054 0.008245 0.004557 0.001035 0.002099
0.87 12.22 24.75 14.46 9.235 2.197 1.944 1.35 0.8257 0.4029 0.2006 0.1048 0.07204 0.03049 0.02152 0.01164 0.006431 0.005029 0.00278 0.001912
0.7228 9.231 29.14 15.66 7.512 4.797 1.142 1.01 0.7011 0.4289 0.2093 0.1042 0.05447 0.03742 0.01584 0.01118 0.006045 0.003341 0.002612 0.002437
0.5133 8.01 22.98 19.3 8.522 4.087 2.61 0.6211 0.5494 0.3814 0.2334 0.1139 0.05668 0.02963 0.02036 0.008618 0.006081 0.003289 0.001818 0.002747
0.4435 5.167 18.22 13.9 9.588 4.234 2.031 1.297 0.3086 0.2729 0.1895 0.1159 0.05657 0.02816 0.01472 0.01012 0.004282 0.003021 0.001634 0.002268
0.5748 4.811 12.7 12 7.539 5.198 2.296 1.101 0.703 0.1673 0.148 0.1027 0.06286 0.03067 0.01527 0.007982 0.005484 0.002321 0.001638 0.002116
0.9141 6.611 12.49 8.841 6.877 4.319 2.978 1.315 0.6307 0.4028 0.09584 0.08478 0.05886 0.03601 0.01757 0.008747 0.004573 0.003142 0.00133 0.00215
0.9885 10.27 16.71 8.421 4.897 3.809 2.392 1.65 0.7285 0.3494 0.2231 0.05309 0.04696 0.0326 0.01995 0.009733 0.004845 0.002533 0.00174 0.001928
0.8422 10.21 23.93 10.37 4.293 2.497 1.942 1.22 0.8411 0.3714 0.1781 0.1137 0.02707 0.02394 0.01662 0.01017 0.004962 0.00247 0.001291 0.00187
0.6596 10.04 27.32 17.12 6.102 2.526 1.469 1.143 0.7176 0.4948 0.2185 0.1048 0.06692 0.01592 0.01409 0.00978 0.005984 0.00292 0.001453 0.00186
