 landings-at-age - landings.n (units : NA )
1	2	
42	100	
1	20	
1 
0.003567 0.06624 0.1731 0.09713 0.0902 0.04976 0.03244 0.02723 0.01616 0.01952 0.01373 0.005683 0.005703 0.003052 0.001807 0.001562 0.0008866 0.001226 0.0004269 0.001264
0.003007 0.04005 0.1859 0.1444 0.0681 0.06324 0.03489 0.02274 0.01909 0.01133 0.01369 0.009625 0.003984 0.003999 0.00214 0.001267 0.001095 0.0006216 0.0008595 0.001186
0.09192 0.5304 1.758 2.422 1.582 0.7461 0.6929 0.3823 0.2492 0.2091 0.1242 0.1499 0.1054 0.04365 0.04381 0.02344 0.01388 0.012 0.006811 0.0224
0.1544 1.993 2.844 2.781 3.218 2.102 0.9913 0.9206 0.5079 0.3311 0.2779 0.165 0.1992 0.1401 0.058 0.05821 0.03115 0.01844 0.01594 0.03882
0.08069 2.56 8.125 3.402 2.79 3.228 2.108 0.9944 0.9234 0.5095 0.3321 0.2787 0.1655 0.1998 0.1405 0.05818 0.05839 0.03124 0.01849 0.05492
0.3428 1.194 9.261 8.568 3.005 2.464 2.851 1.862 0.8784 0.8157 0.4501 0.2934 0.2462 0.1462 0.1765 0.1241 0.05139 0.05158 0.0276 0.06486
0.6888 4.759 4.028 9.054 7.008 2.458 2.016 2.332 1.523 0.7184 0.6672 0.3681 0.2399 0.2014 0.1195 0.1444 0.1015 0.04203 0.04218 0.07562
0.3297 9.175 15.32 3.734 7.013 5.428 1.904 1.561 1.806 1.18 0.5565 0.5168 0.2851 0.1858 0.156 0.0926 0.1118 0.07865 0.03256 0.09125
0.3705 4.266 28.51 13.63 2.773 5.207 4.03 1.413 1.159 1.341 0.876 0.4132 0.3837 0.2117 0.138 0.1158 0.06875 0.08304 0.0584 0.09193
0.4649 4.69 12.9 24.53 9.772 1.988 3.734 2.89 1.013 0.8312 0.9617 0.6281 0.2963 0.2751 0.1518 0.09895 0.08305 0.0493 0.05954 0.1078
0.7004 5.786 13.86 10.78 17.07 6.798 1.383 2.597 2.011 0.7051 0.5783 0.669 0.437 0.2061 0.1914 0.1056 0.06884 0.05777 0.0343 0.1164
0.4623 8.598 16.77 11.29 7.3 11.56 4.604 0.9366 1.759 1.362 0.4775 0.3916 0.4531 0.2959 0.1396 0.1296 0.07151 0.04661 0.03912 0.1021
0.7797 5.61 24.49 13.34 7.459 4.824 7.636 3.042 0.6188 1.162 0.8996 0.3155 0.2587 0.2993 0.1955 0.09222 0.08564 0.04725 0.0308 0.09328
1.095 9.37 15.73 19.07 8.616 4.817 3.115 4.931 1.964 0.3996 0.7505 0.5809 0.2037 0.1671 0.1933 0.1263 0.05955 0.0553 0.03051 0.08013
0.994 13.05 25.9 12.01 12.05 5.445 3.044 1.968 3.116 1.241 0.2525 0.4743 0.3671 0.1287 0.1056 0.1222 0.07978 0.03763 0.03495 0.06992
0.7925 11.76 35.61 19.39 7.432 7.461 3.371 1.884 1.219 1.929 0.7684 0.1563 0.2936 0.2273 0.0797 0.06536 0.07562 0.04939 0.0233 0.06492
1.011 9.312 31.68 26.17 11.77 4.511 4.528 2.046 1.144 0.7396 1.171 0.4664 0.09489 0.1782 0.1379 0.04837 0.03967 0.0459 0.02998 0.05354
0.9217 11.81 24.8 22.87 15.58 7.008 2.686 2.696 1.218 0.681 0.4404 0.6972 0.2777 0.0565 0.1061 0.08213 0.0288 0.02362 0.02733 0.04973
1.063 10.71 31.1 17.6 13.37 9.108 4.096 1.57 1.576 0.712 0.398 0.2574 0.4075 0.1623 0.03302 0.06202 0.048 0.01683 0.01381 0.04504
1.807 12.29 27.91 21.7 10.1 7.673 5.228 2.351 0.9011 0.9045 0.4087 0.2285 0.1477 0.2339 0.09316 0.01895 0.03559 0.02755 0.009662 0.03378
1.096 20.8 31.7 19.15 12.23 5.695 4.326 2.948 1.326 0.508 0.51 0.2304 0.1288 0.0833 0.1319 0.05253 0.01069 0.02007 0.01553 0.02449
1.846 11.94 50.75 20.47 10.15 6.483 3.018 2.293 1.562 0.7024 0.2692 0.2703 0.1221 0.06826 0.04414 0.06988 0.02784 0.005663 0.01064 0.02121
0.9002 20.13 29.14 32.78 10.85 5.379 3.435 1.599 1.215 0.8278 0.3723 0.1427 0.1432 0.06471 0.03617 0.02339 0.03703 0.01475 0.003001 0.01688
1.062 9.814 49.1 18.82 17.37 5.75 2.85 1.821 0.8476 0.6439 0.4387 0.1973 0.07561 0.0759 0.03429 0.01917 0.0124 0.01962 0.007818 0.01053
1.24 11.57 23.94 31.72 9.976 9.205 3.047 1.511 0.9648 0.4492 0.3412 0.2325 0.1045 0.04007 0.04022 0.01817 0.01016 0.00657 0.0104 0.009726
0.6945 13.52 28.24 15.47 16.81 5.286 4.878 1.615 0.8005 0.5113 0.238 0.1808 0.1232 0.0554 0.02123 0.02132 0.009631 0.005384 0.003481 0.01067
0.8748 7.572 32.99 18.24 8.196 8.907 2.802 2.585 0.8557 0.4242 0.2709 0.1261 0.09582 0.06529 0.02936 0.01125 0.0113 0.005104 0.002853 0.007497
0.9513 9.537 18.47 21.31 9.666 4.343 4.72 1.485 1.37 0.4535 0.2248 0.1436 0.06685 0.05078 0.0346 0.01556 0.005963 0.005986 0.002705 0.005485
0.8914 10.37 23.27 11.93 11.29 5.122 2.302 2.501 0.7868 0.726 0.2403 0.1191 0.07609 0.03543 0.02691 0.01833 0.008245 0.00316 0.003172 0.00434
0.9974 9.718 25.3 15.03 6.324 5.984 2.714 1.22 1.326 0.4169 0.3847 0.1274 0.06313 0.04032 0.01877 0.01426 0.009716 0.004369 0.001675 0.003981
0.6748 10.87 23.71 16.34 7.965 3.351 3.171 1.439 0.6464 0.7025 0.221 0.2039 0.06749 0.03346 0.02137 0.009949 0.007558 0.005149 0.002316 0.002997
0.4977 7.356 26.53 15.32 8.662 4.221 1.776 1.68 0.7623 0.3426 0.3723 0.1171 0.108 0.03577 0.01773 0.01132 0.005272 0.004005 0.002729 0.002816
0.4513 5.426 17.95 17.14 8.116 4.59 2.237 0.9411 0.8906 0.404 0.1815 0.1973 0.06205 0.05726 0.01895 0.009396 0.006001 0.002794 0.002122 0.002938
0.7543 4.92 13.24 11.59 9.081 4.301 2.432 1.185 0.4987 0.4719 0.2141 0.0962 0.1046 0.03288 0.03034 0.01004 0.004979 0.00318 0.001481 0.002682
0.7274 8.223 12.01 8.552 6.144 4.812 2.279 1.289 0.6282 0.2643 0.2501 0.1135 0.05098 0.05541 0.01743 0.01608 0.005323 0.002639 0.001685 0.002206
0.5958 7.93 20.06 7.754 4.532 3.256 2.55 1.208 0.6831 0.3329 0.1401 0.1325 0.06012 0.02702 0.02936 0.009235 0.008521 0.002821 0.001398 0.002062
0.4805 6.495 19.35 12.96 4.109 2.402 1.725 1.352 0.6401 0.362 0.1764 0.07422 0.07024 0.03186 0.01432 0.01556 0.004894 0.004516 0.001495 0.001834
0.6241 5.238 15.85 12.5 6.868 2.178 1.273 0.9144 0.7162 0.3392 0.1918 0.09349 0.03933 0.03722 0.01688 0.007587 0.008246 0.002593 0.002393 0.001764
0.6038 6.804 12.78 10.24 6.623 3.64 1.154 0.6745 0.4846 0.3796 0.1798 0.1017 0.04954 0.02085 0.01973 0.008948 0.004021 0.00437 0.001374 0.002203
0.4977 6.583 16.6 8.256 5.425 3.51 1.929 0.6116 0.3574 0.2568 0.2011 0.09527 0.05388 0.02626 0.01105 0.01045 0.004742 0.002131 0.002316 0.001896
0.463 5.297 15.71 10.49 4.281 2.813 1.82 1 0.3172 0.1854 0.1332 0.1043 0.0494 0.02794 0.01362 0.005729 0.005421 0.002459 0.001105 0.002184
0.384 4.928 12.68 9.986 5.475 2.234 1.468 0.9498 0.5219 0.1655 0.09673 0.06949 0.05443 0.02578 0.01458 0.007105 0.002989 0.002829 0.001283 0.001716
0.3842 4.087 11.83 8.102 5.244 2.875 1.173 0.7708 0.4987 0.2741 0.0869 0.05079 0.03649 0.02858 0.01354 0.007656 0.003731 0.00157 0.001485 0.001575
0.2997 4.089 9.834 7.601 4.28 2.77 1.519 0.6198 0.4072 0.2635 0.1448 0.04591 0.02683 0.01928 0.0151 0.007152 0.004045 0.001971 0.0008293 0.001617
0.2765 3.19 9.865 6.356 4.041 2.275 1.473 0.8074 0.3295 0.2165 0.1401 0.07697 0.02441 0.01426 0.01025 0.008027 0.003802 0.00215 0.001048 0.0013
0.3383 2.943 7.716 6.411 3.399 2.161 1.217 0.7876 0.4318 0.1762 0.1158 0.07491 0.04117 0.01305 0.007629 0.005481 0.004293 0.002033 0.00115 0.001256
0.2135 3.601 7.136 5.042 3.45 1.829 1.163 0.6548 0.4238 0.2324 0.09481 0.0623 0.04031 0.02215 0.007023 0.004105 0.002949 0.00231 0.001094 0.001295
0.3025 2.272 8.755 4.688 2.729 1.867 0.9901 0.6294 0.3545 0.2294 0.1258 0.05132 0.03372 0.02182 0.01199 0.003802 0.002222 0.001596 0.00125 0.001293
0.2567 3.218 5.538 5.782 2.553 1.486 1.017 0.5392 0.3428 0.193 0.1249 0.06849 0.02795 0.01836 0.01188 0.006529 0.00207 0.00121 0.0008693 0.001385
0.1716 2.73 7.861 3.677 3.167 1.398 0.8141 0.557 0.2953 0.1877 0.1057 0.06843 0.03752 0.01531 0.01006 0.006508 0.003576 0.001134 0.0006628 0.001235
0.1685 1.825 6.685 5.247 2.026 1.745 0.7703 0.4485 0.3069 0.1627 0.1034 0.05825 0.0377 0.02067 0.008434 0.005542 0.003586 0.00197 0.0006248 0.001046
0.1861 1.79 4.478 4.485 2.907 1.122 0.9669 0.4269 0.2485 0.17 0.09017 0.05732 0.03228 0.02089 0.01145 0.004674 0.003071 0.001987 0.001092 0.0009256
0.2228 1.977 4.404 3.019 2.499 1.62 0.6255 0.5388 0.2379 0.1385 0.09477 0.05025 0.03194 0.01799 0.01164 0.006383 0.002605 0.001711 0.001107 0.001124
0.2344 2.366 4.873 2.984 1.692 1.401 0.908 0.3506 0.302 0.1333 0.07762 0.05311 0.02816 0.0179 0.01008 0.006524 0.003577 0.00146 0.0009591 0.001251
0.1198 2.488 5.844 3.318 1.682 0.9535 0.7892 0.5116 0.1975 0.1702 0.07512 0.04374 0.02993 0.01587 0.01009 0.005681 0.003676 0.002016 0.0008225 0.001245
0.1372 1.27 6.156 3.998 1.88 0.9527 0.5402 0.4471 0.2899 0.1119 0.0964 0.04256 0.02478 0.01695 0.00899 0.005715 0.003218 0.002083 0.001142 0.001171
0.1254 1.453 3.148 4.232 2.277 1.071 0.5426 0.3077 0.2546 0.1651 0.06374 0.0549 0.02424 0.01411 0.009656 0.00512 0.003255 0.001833 0.001186 0.001318
0.129 1.327 3.609 2.174 2.422 1.304 0.6128 0.3106 0.1761 0.1458 0.0945 0.03648 0.03143 0.01388 0.008078 0.005527 0.002931 0.001863 0.001049 0.001433
0.1206 1.364 3.301 2.503 1.251 1.394 0.7499 0.3525 0.1787 0.1013 0.08386 0.05437 0.02099 0.01808 0.007982 0.004647 0.00318 0.001686 0.001072 0.001428
