Originally  
101 
A 
2	100	
1	1	NA	NA	
1	20	
1 393 377.3 251.5 172.9 125.8 94.31 31.44 31.44 31.44 0 15.72 15.72 15.72 15.72 0 0 0 0 0 0
1 293.2 293.2 266.5 173.2 93.28 39.98 53.31 53.31 0 39.98 13.33 0 0 0 13.33 0 0 0 0 0
1 323.7 219.3 188 83.54 62.66 31.33 41.77 31.33 0 20.89 10.44 0 10.44 10.44 10.44 0 0 0 0 0
1 538.4 253.3 253.3 95 126.7 126.7 31.67 63.34 31.67 15.83 0 31.67 0 15.83 0 0 0 0 0 0
1 135.7 262.3 162.8 108.5 63.31 72.35 9.044 18.09 27.13 0 18.09 0 9.044 0 9.044 0 0 9.044 0 0
1 254 217.7 205.6 229.8 133.1 60.48 48.39 24.19 12.1 12.1 0 12.1 0 0 0 0 0 0 0 0
1 962.9 171.9 137.6 34.39 103.2 103.2 120.4 51.58 0 17.19 0 17.19 0 0 0 0 0 0 0 0
1 406.8 448.9 126.2 42.08 182.3 84.16 42.08 28.05 0 0 0 0 0 28.05 0 14.03 0 0 0 0
1 294.9 379.1 323 126.4 0 112.3 84.25 14.04 42.13 14.04 0 0 0 0 0 14.04 0 0 0 0
1 442.2 227.8 187.6 254.6 53.6 26.8 26.8 26.8 40.2 0 26.8 0 0 13.4 0 13.4 0 0 0 0
1 536.5 352.5 183.9 183.9 199.3 15.33 0 15.33 0 0 15.33 15.33 15.33 0 0 0 0 0 0 0
1 323.2 491.3 193.9 77.57 25.86 77.57 12.93 12.93 25.86 12.93 12.93 0 0 12.93 0 0 12.93 0 0 0
1 419.6 96.83 172.1 64.55 53.8 64.55 96.83 43.04 21.52 21.52 21.52 0 0 0 0 0 0 0 0 0
1 367.2 248.7 130.3 165.8 82.91 35.53 35.53 71.06 11.84 0 11.84 0 0 0 0 11.84 11.84 0 0 0
1 181.2 267.1 162.2 47.69 95.39 57.23 38.16 19.08 28.62 0 9.539 9.539 9.539 9.539 9.539 9.539 0 0 0 0
1 272.6 233.6 246.6 259.6 12.98 116.8 38.94 38.94 12.98 25.96 12.98 0 0 12.98 0 0 0 0 0 12.98
1 351.9 132 154 121 98.98 32.99 121 22 32.99 0 22 0 0 0 0 0 0 0 0 11
1 191.8 133.4 100 58.36 141.7 50.02 33.35 25.01 33.35 0 25.01 25.01 8.337 0 0 0 8.337 0 0 0
1 442.9 281.9 174.5 93.95 67.11 53.69 93.95 13.42 67.11 26.84 13.42 0 0 13.42 0 0 0 0 0 0
1 410.2 266.1 133 99.78 66.52 44.35 22.17 22.17 0 11.09 0 11.09 22.17 0 0 0 0 0 0 0
1 245.9 227.7 118.4 91.09 81.98 45.54 9.109 9.109 18.22 9.109 9.109 9.109 27.33 9.109 0 0 0 0 0 0
1 231.7 258.4 213.9 80.2 17.82 35.64 0 0 8.911 17.82 0 8.911 8.911 8.911 0 0 0 0 0 0
1 291.8 246.9 246.9 134.7 44.89 56.11 11.22 33.66 22.44 0 22.44 0 11.22 0 0 0 0 0 0 0
1 432.2 306.7 139.4 181.2 139.4 83.65 13.94 41.83 0 0 41.83 0 0 0 0 0 0 0 0 13.94
1 188.3 267.6 158.6 89.21 59.47 79.29 29.74 29.74 9.912 19.82 0 9.912 9.912 9.912 19.82 0 0 0 0 9.912
1 303.7 146.6 251.3 73.3 94.24 62.83 31.41 10.47 10.47 20.94 10.47 10.47 0 10.47 0 0 0 0 10.47 0
1 250 230 140 200 30 30 30 20 9.999 0 40 0 0 0 9.999 0 9.999 0 0 0
1 380.2 166.3 130.7 23.76 166.3 59.4 35.64 47.52 47.52 35.64 11.88 23.76 0 23.76 11.88 0 11.88 11.88 0 0
1 341.2 341.2 176.9 139 37.91 151.6 37.91 12.64 12.64 0 0 0 0 0 0 0 12.64 0 0 0
1 442.7 167.5 227.3 119.7 23.93 59.83 59.83 35.9 11.97 23.93 23.93 0 0 0 0 0 0 0 0 0
1 419.4 314.5 157.3 117.9 65.53 39.32 26.21 78.63 52.42 26.21 13.11 0 0 0 0 0 0 0 0 0
1 355.4 270.8 338.5 203.1 186.2 50.77 67.7 50.77 50.77 33.85 16.92 16.92 16.92 0 16.92 16.92 0 0 0 0
1 429.9 208.4 234.5 91.18 91.18 91.18 26.05 39.08 26.05 26.05 13.03 0 0 13.03 13.03 0 0 0 0 0
1 296.7 180.2 116.6 52.99 106 106 95.38 10.6 10.6 10.6 42.39 21.2 10.6 0 0 0 0 0 0 0
1 195.7 293.6 269.1 159 61.16 85.63 61.16 24.46 24.46 12.23 0 24.46 0 0 12.23 0 0 0 0 0
1 205.7 274.3 274.3 102.9 80 34.28 68.57 22.86 34.28 22.86 0 0 0 0 22.86 0 0 0 0 0
1 309.2 182.7 281.1 267 168.6 56.21 56.21 42.16 14.05 14.05 0 0 0 0 0 0 14.05 0 0 0
1 336.7 100.1 81.91 91.01 100.1 63.7 45.5 27.3 0 36.4 9.101 0 9.101 0 0 0 0 0 0 9.101
1 403 377 104 65 143 65 26 26 13 0 13 26 0 13 26 0 0 0 0 0
1 332.5 235.9 171.6 53.62 64.35 64.35 53.62 21.45 21.45 10.72 32.17 0 10.72 0 0 0 0 0 0 0
1 304.8 185.1 217.7 152.4 97.97 21.77 65.31 32.66 10.89 0 0 0 0 0 0 0 0 0 0 0
1 604.1 211.4 196.3 90.61 135.9 75.51 45.3 75.51 15.1 30.2 15.1 15.1 0 0 0 0 0 0 0 0
1 220.9 337.9 220.9 168.9 143 77.97 0 0 51.98 25.99 38.99 13 0 0 0 0 0 0 0 0
1 306.5 102.2 235 112.4 61.3 71.52 61.3 10.22 40.87 0 10.22 0 10.22 0 0 0 0 0 0 0
1 182 172.9 127.4 154.7 27.3 63.7 27.3 81.9 18.2 9.1 9.1 0 9.1 18.2 9.1 0 0 0 0 0
1 332.4 199.4 166.2 121.9 110.8 55.4 33.24 33.24 11.08 0 11.08 11.08 11.08 11.08 0 0 0 0 0 0
1 263.9 110.7 153.2 110.7 42.57 76.62 34.05 17.03 8.513 8.513 8.513 0 0 8.513 0 8.513 0 0 0 0
1 604.4 537.2 218.3 100.7 50.37 50.37 33.58 16.79 16.79 16.79 16.79 0 16.79 0 0 0 0 0 0 0
1 295.7 331.2 177.4 94.63 70.97 59.14 23.66 47.31 47.31 11.83 0 0 11.83 11.83 0 0 0 0 0 0
1 556.4 286.6 404.7 67.44 67.44 67.44 50.58 101.2 16.86 16.86 0 0 50.58 0 0 0 0 0 0 0
1 469.5 313 156.5 184.9 85.35 71.13 71.13 28.45 0 28.45 0 0 14.23 0 0 0 0 0 0 0
1 798 347.9 347.9 184.2 163.7 122.8 20.46 20.46 20.46 20.46 0 0 0 0 0 0 0 0 0 0
1 734.5 521.9 251.3 135.3 135.3 38.66 57.98 19.33 19.33 0 0 0 0 0 0 19.33 0 0 0 0
1 367.9 273 237.4 106.8 71.21 11.87 23.74 47.48 11.87 0 0 23.74 11.87 0 0 0 0 0 0 0
1 809 269.7 219.1 185.4 101.1 33.71 16.85 50.56 0 0 0 0 0 0 0 0 0 0 0 0
1 797.1 352.6 153.3 91.97 122.6 0 0 0 0 15.33 0 0 0 0 0 0 0 0 0 0
1 704.5 597.8 384.3 170.8 64.05 106.7 64.05 21.35 0 0 0 0 0 21.35 0 0 0 0 0 0
1 478.8 191.5 299.2 107.7 83.78 23.94 0 11.97 0 0 0 0 0 0 0 0 0 0 0 0
1 356.3 383.7 150.7 150.7 205.5 13.7 54.81 0 13.7 27.41 0 0 13.7 0 0 0 0 0 0 0
1 444.3 148.1 138.2 78.98 69.11 59.24 9.873 19.75 9.873 0 0 0 9.873 0 0 0 0 0 0 0
1 314.2 459.2 193.4 96.68 36.26 24.17 24.17 48.34 0 12.09 0 0 0 0 0 0 0 0 0 0
1 609.3 275.6 333.7 101.6 43.52 14.51 14.51 29.01 29.01 0 0 0 0 0 0 0 0 0 0 0
1 340.2 428 98.76 87.79 43.89 43.89 32.92 10.97 10.97 0 0 0 0 0 0 0 0 0 0 0
1 125.7 233.5 296.4 71.85 62.87 26.94 35.92 17.96 8.981 0 8.981 0 0 0 8.981 0 0 0 0 0
1 338 188.9 248.6 119.3 39.77 29.83 0 9.942 0 9.942 0 9.942 0 0 0 0 0 0 0 0
1 297.7 347.3 99.23 49.61 99.23 29.77 49.61 9.923 0 0 9.923 0 0 0 0 0 0 0 0 0
1 411.5 185.2 216 61.72 72.01 51.43 10.29 20.57 0 0 0 0 0 0 0 0 0 0 0 0
1 192.8 148.7 93.64 44.07 22.03 27.54 16.53 5.508 0 0 0 0 0 0 0 0 0 0 0 0
1 287.3 186.4 163.1 77.66 31.06 0 15.53 15.53 0 0 0 0 0 0 0 0 0 0 0 0
1 220.8 263.2 152.8 144.3 16.98 16.98 0 33.96 0 0 0 0 0 0 0 0 0 0 0 0
1 379.2 145.2 137.1 56.47 48.41 16.14 0 0 8.068 8.068 0 0 0 8.068 0 0 0 0 0 0
1 345.4 256.6 167.7 128.3 39.47 19.74 0 0 9.868 9.868 0 0 9.868 0 0 0 0 0 0 0
1 570.4 212.5 145.4 44.74 44.74 44.74 44.74 0 0 0 0 11.18 0 0 0 0 0 0 0 0
1 353.6 479.9 214.7 113.7 25.26 63.14 0 12.63 0 0 0 0 0 0 0 0 0 0 0 0
1 543 362 301.6 60.33 120.7 30.16 30.16 30.16 0 0 0 15.08 15.08 0 0 0 0 0 0 0
1 319.5 359.5 279.6 239.6 66.57 39.94 13.31 13.31 0 0 0 0 0 0 0 0 0 0 0 0
1 252.1 133.9 220.6 86.66 31.51 23.64 23.64 0 15.76 0 0 0 0 0 0 0 0 0 0 0
1 515.7 238 145.4 185.1 132.2 105.8 0 0 0 0 0 0 0 0 0 0 0 0 0 0
1 275.4 114.8 206.6 84.16 38.25 22.95 7.651 0 7.651 7.651 0 0 0 0 0 0 0 0 0 0
1 402 402 229.7 34.45 11.48 34.45 22.97 0 0 0 11.48 0 0 0 0 0 0 0 0 0
1 454.4 264.2 169.1 84.54 10.57 10.57 10.57 31.7 10.57 10.57 0 0 0 0 0 0 0 0 0 0
1 479.1 353.6 159.7 91.25 45.63 11.41 0 0 0 0 0 0 0 0 0 0 0 0 0 0
1 357.8 380.1 234.8 78.26 44.72 11.18 0 11.18 0 0 0 0 0 0 0 0 0 0 0 0
1 323.1 250.1 271 83.38 72.96 31.27 0 0 10.42 0 0 0 0 0 0 0 0 0 0 0
1 457.6 234.4 189.7 167.4 33.48 11.16 22.32 0 0 0 0 0 0 0 0 0 0 0 0 0
1 675.1 373.5 100.6 114.9 86.19 71.82 0 0 0 14.36 0 0 0 0 0 0 0 0 0 0
1 257.8 369.9 190.5 67.25 78.46 123.3 22.42 11.21 0 0 0 0 0 0 0 0 0 0 0 0
1 283.5 204.1 283.5 192.8 79.38 34.02 11.34 34.02 0 0 11.34 0 0 0 0 0 0 0 0 0
1 428.5 359.4 165.9 248.8 69.11 27.64 41.47 27.64 0 13.82 0 0 0 0 0 0 0 0 0 0
1 321.2 240.9 160.6 62.46 62.46 26.77 0 8.923 0 8.923 0 0 0 0 0 0 0 0 0 0
1 444.2 314.2 130 43.34 10.84 65.01 21.67 32.51 0 0 21.67 0 0 0 0 0 0 0 0 0
1 174.2 389.4 133.2 133.2 81.97 30.74 40.98 10.25 10.25 0 10.25 0 10.25 0 0 0 0 0 0 0
1 624.1 153.1 235.5 58.88 47.1 23.55 23.55 11.78 0 0 0 0 0 0 0 0 0 0 0 0
1 187.4 529.1 99.2 143.3 88.18 33.07 11.02 11.02 0 0 0 0 0 0 0 0 0 0 0 0
1 392.8 123.5 280.6 89.78 112.2 11.22 33.67 44.89 0 22.45 0 0 11.22 0 0 0 0 0 0 0
1 377.2 230.5 125.7 136.2 73.34 73.34 20.95 0 0 10.48 0 0 0 0 0 0 0 0 0 0
1 338 270.4 169 123.9 146.5 11.27 22.54 11.27 11.27 0 11.27 0 11.27 0 0 0 0 0 0 0
1 252.4 217.6 182.8 104.5 17.41 34.82 8.705 17.41 17.41 0 0 8.705 0 0 8.705 0 0 0 0 0
1 198.3 234.3 252.4 126.2 36.05 9.013 18.03 9.013 18.03 0 0 0 0 0 0 0 0 0 0 0
