 landings-at-age - landings.n (units : NA )
1	2	
2	100	
1	20	
1 
0.02659 0.2984 0.8352 0.6934 0.4839 0.3377 0.2357 0.1644 0.1148 0.08008 0.05589 0.039 0.02722 0.01899 0.01325 0.009249 0.006454 0.004504 0.003143 0.007259
0.004254 0.05216 0.1462 0.1214 0.08475 0.05914 0.04127 0.0288 0.0201 0.01403 0.009787 0.00683 0.004766 0.003326 0.002321 0.00162 0.00113 0.0007888 0.0005504 0.001271
0.004595 0.04776 0.1464 0.1219 0.08515 0.05942 0.04147 0.02894 0.02019 0.01409 0.009834 0.006862 0.004789 0.003342 0.002332 0.001627 0.001136 0.0007925 0.000553 0.001277
0.004311 0.05159 0.134 0.122 0.08549 0.0597 0.04166 0.02907 0.02029 0.01416 0.00988 0.006895 0.004811 0.003358 0.002343 0.001635 0.001141 0.0007963 0.0005557 0.001283
0.002418 0.0484 0.1448 0.1118 0.08557 0.05994 0.04186 0.02921 0.02038 0.01423 0.009927 0.006927 0.004834 0.003374 0.002354 0.001643 0.001146 8e-04 0.0005583 0.001289
0.003048 0.02715 0.1358 0.1207 0.07835 0.06 0.04203 0.02935 0.02048 0.01429 0.009974 0.00696 0.004857 0.00339 0.002365 0.001651 0.001152 0.0008038 0.0005609 0.001295
0.007992 0.03423 0.07619 0.1133 0.08464 0.05494 0.04207 0.02947 0.02058 0.01436 0.01002 0.006993 0.00488 0.003406 0.002377 0.001658 0.001157 0.0008076 0.0005636 0.001302
0.004387 0.08974 0.09605 0.06353 0.07941 0.05934 0.03852 0.0295 0.02066 0.01443 0.01007 0.007026 0.004903 0.003422 0.002388 0.001666 0.001163 0.0008114 0.0005663 0.001308
0.003603 0.04926 0.2518 0.08009 0.04454 0.05568 0.04161 0.02701 0.02068 0.01449 0.01012 0.00706 0.004926 0.003438 0.002399 0.001674 0.001168 0.0008153 0.0005689 0.001314
0.004221 0.04046 0.1382 0.21 0.05616 0.03123 0.03904 0.02917 0.01894 0.0145 0.01016 0.007093 0.00495 0.003454 0.00241 0.001682 0.001174 0.0008191 0.0005716 0.00132
0.006595 0.04739 0.1135 0.1153 0.1472 0.03937 0.0219 0.02737 0.02045 0.01328 0.01017 0.007121 0.004973 0.003471 0.002422 0.00169 0.001179 0.000823 0.0005743 0.001326
0.002916 0.07405 0.133 0.09467 0.08082 0.1032 0.02761 0.01535 0.01919 0.01434 0.009309 0.007128 0.004993 0.003487 0.002433 0.001698 0.001185 0.0008269 0.0005771 0.001333
0.00528 0.03274 0.2078 0.1109 0.06638 0.05667 0.07238 0.01936 0.01077 0.01346 0.01006 0.006527 0.004998 0.003501 0.002445 0.001706 0.001191 0.0008308 0.0005798 0.001339
0.004369 0.05929 0.09188 0.1733 0.07775 0.04654 0.03973 0.05075 0.01357 0.007548 0.009434 0.00705 0.004576 0.003504 0.002455 0.001714 0.001196 0.0008348 0.0005825 0.001345
0.003193 0.04906 0.1664 0.07661 0.1215 0.05452 0.03263 0.02786 0.03558 0.009515 0.005292 0.006615 0.004943 0.003209 0.002457 0.001721 0.001202 0.0008387 0.0005853 0.001352
0.002506 0.03585 0.1377 0.1387 0.05372 0.08517 0.03822 0.02288 0.01953 0.02495 0.006672 0.003711 0.004638 0.003466 0.00225 0.001723 0.001207 0.0008427 0.0005881 0.001358
0.004366 0.02814 0.1006 0.1148 0.09726 0.03766 0.05972 0.0268 0.01604 0.01369 0.01749 0.004678 0.002602 0.003252 0.00243 0.001577 0.001208 0.000846 0.0005908 0.001365
0.003342 0.04902 0.07896 0.08388 0.08049 0.0682 0.02641 0.04187 0.01879 0.01125 0.009602 0.01226 0.00328 0.001824 0.00228 0.001704 0.001106 0.0008469 0.0005932 0.001371
0.00418 0.03752 0.1375 0.06584 0.05881 0.05643 0.04782 0.01852 0.02936 0.01318 0.007886 0.006732 0.008599 0.0023 0.001279 0.001599 0.001195 0.0007754 0.0005938 0.001377
0.005266 0.04693 0.1053 0.1147 0.04617 0.04124 0.03957 0.03353 0.01298 0.02058 0.009238 0.005529 0.00472 0.006029 0.001612 0.0008967 0.001121 0.0008376 0.0005437 0.001382
0.004901 0.05913 0.1317 0.08779 0.08042 0.03237 0.02891 0.02774 0.02351 0.009102 0.01443 0.006477 0.003877 0.00331 0.004227 0.00113 0.0006287 0.0007859 0.0005873 0.00135
0.003252 0.05503 0.1659 0.1098 0.06156 0.05638 0.02269 0.02027 0.01945 0.01648 0.006382 0.01012 0.004541 0.002718 0.002321 0.002964 0.0007926 0.0004408 0.000551 0.001358
0.003336 0.03652 0.1544 0.1384 0.077 0.04316 0.03953 0.01591 0.01421 0.01364 0.01156 0.004475 0.007095 0.003184 0.001906 0.001627 0.002078 0.0005558 0.0003091 0.001339
0.00581 0.03745 0.1025 0.1288 0.09701 0.05399 0.03026 0.02772 0.01116 0.009966 0.009563 0.008102 0.003137 0.004975 0.002232 0.001336 0.001141 0.001457 0.0003897 0.001155
0.003115 0.06524 0.1051 0.08545 0.09027 0.06802 0.03785 0.02122 0.01943 0.007823 0.006987 0.006705 0.005681 0.0022 0.003488 0.001565 0.0009369 0.0007999 0.001022 0.001083
0.003754 0.03497 0.1831 0.08764 0.05991 0.06329 0.04769 0.02654 0.01488 0.01363 0.005485 0.004899 0.004701 0.003983 0.001542 0.002446 0.001097 0.0006569 0.0005608 0.001476
0.003842 0.04215 0.09813 0.1526 0.06145 0.04201 0.04438 0.03344 0.01861 0.01043 0.009554 0.003846 0.003435 0.003296 0.002793 0.001081 0.001715 0.0007695 0.0004606 0.001428
0.004999 0.04314 0.1183 0.08183 0.107 0.04308 0.02945 0.03112 0.02344 0.01305 0.007313 0.006699 0.002696 0.002408 0.002311 0.001958 0.0007582 0.001202 0.0005395 0.001324
0.004324 0.05613 0.1211 0.09863 0.05737 0.07504 0.03021 0.02065 0.02182 0.01644 0.009148 0.005128 0.004697 0.001891 0.001689 0.00162 0.001373 0.0005316 0.0008429 0.001307
0.00505 0.04855 0.1575 0.101 0.06915 0.04023 0.05262 0.02118 0.01448 0.0153 0.01153 0.006414 0.003595 0.003293 0.001326 0.001184 0.001136 0.0009626 0.0003727 0.001507
0.003353 0.0567 0.1362 0.1313 0.07078 0.04848 0.02821 0.03689 0.01485 0.01015 0.01073 0.008081 0.004497 0.002521 0.002309 0.0009294 0.0008301 0.0007966 0.0006749 0.001318
0.004275 0.03765 0.1591 0.1136 0.09209 0.04963 0.03399 0.01978 0.02587 0.01041 0.007118 0.00752 0.005666 0.003153 0.001767 0.001619 0.0006516 0.000582 0.0005585 0.001397
0.005058 0.048 0.1056 0.1327 0.07965 0.06457 0.0348 0.02384 0.01387 0.01814 0.0073 0.004991 0.005272 0.003973 0.002211 0.001239 0.001135 0.0004569 0.0004081 0.001371
0.004995 0.05679 0.1347 0.08808 0.09302 0.05585 0.04527 0.0244 0.01671 0.009722 0.01272 0.005118 0.003499 0.003697 0.002785 0.00155 0.0008689 0.0007959 0.0003203 0.001248
0.003456 0.05609 0.1593 0.1123 0.06176 0.06522 0.03916 0.03174 0.01711 0.01172 0.006816 0.008916 0.003589 0.002453 0.002592 0.001953 0.001087 0.0006092 0.000558 0.001099
0.002972 0.03881 0.1574 0.1329 0.07874 0.0433 0.04573 0.02746 0.02226 0.01199 0.008216 0.004779 0.006251 0.002516 0.00172 0.001817 0.001369 0.000762 0.0004271 0.001162
0.002415 0.03337 0.1089 0.1312 0.09317 0.05521 0.03036 0.03206 0.01925 0.0156 0.008409 0.00576 0.003351 0.004383 0.001764 0.001206 0.001274 0.0009601 0.0005343 0.001114
0.00552 0.02712 0.09362 0.09081 0.09202 0.06532 0.03871 0.02129 0.02248 0.0135 0.01094 0.005896 0.004039 0.002349 0.003073 0.001237 0.0008456 0.0008934 0.0006731 0.001156
0.004546 0.06198 0.0761 0.07807 0.06367 0.06452 0.0458 0.02714 0.01493 0.01576 0.009464 0.007671 0.004134 0.002832 0.001647 0.002155 0.0008673 0.0005929 0.0006264 0.001282
0.004599 0.05104 0.1739 0.06346 0.05474 0.04464 0.04524 0.03211 0.01903 0.01047 0.01105 0.006635 0.005379 0.002899 0.001985 0.001155 0.001511 0.0006081 0.0004157 0.001338
0.003835 0.05164 0.1432 0.145 0.0445 0.03838 0.0313 0.03172 0.02252 0.01334 0.007337 0.007748 0.004652 0.003771 0.002032 0.001392 0.0008098 0.001059 0.0004264 0.00123
5.902e-08 4.929e-07 1.659e-06 1.368e-06 1.164e-06 3.572e-07 3.081e-07 2.513e-07 2.546e-07 1.808e-07 1.071e-07 5.891e-08 6.221e-08 3.735e-08 3.028e-08 1.632e-08 1.118e-08 6.502e-09 8.504e-09 1.33e-08
0.04645 0.8551 1.777 1.777 1.231 1.048 0.3217 0.2775 0.2263 0.2293 0.1628 0.09646 0.05305 0.05602 0.03363 0.02726 0.01469 0.01006 0.005855 0.01963
0.1099 1.04 4.737 2.907 2.44 1.691 1.44 0.4418 0.3811 0.3108 0.315 0.2236 0.1325 0.07286 0.07694 0.0462 0.03745 0.02018 0.01382 0.03501
0.1626 1.843 4.29 5.733 2.951 2.477 1.717 1.462 0.4485 0.3868 0.3155 0.3197 0.2269 0.1345 0.07396 0.0781 0.04689 0.03801 0.02048 0.04956
0.2111 2.42 6.705 4.553 5.097 2.623 2.202 1.526 1.3 0.3987 0.3439 0.2805 0.2842 0.2018 0.1196 0.06575 0.06943 0.04169 0.03379 0.06228
0.3101 2.94 8.195 6.581 3.739 4.186 2.154 1.809 1.254 1.067 0.3275 0.2824 0.2304 0.2334 0.1657 0.09819 0.054 0.05702 0.03424 0.0789
0.4857 4.14 9.487 7.619 5.113 2.905 3.252 1.674 1.405 0.9738 0.8291 0.2544 0.2194 0.1789 0.1813 0.1287 0.07628 0.04195 0.0443 0.08789
0.4152 6.295 12.89 8.46 5.67 3.805 2.162 2.42 1.246 1.046 0.7247 0.617 0.1893 0.1633 0.1332 0.1349 0.09579 0.05677 0.03122 0.09837
0.5617 5.263 19.06 11.11 6.077 4.073 2.733 1.553 1.738 0.8947 0.7511 0.5206 0.4432 0.136 0.1173 0.09566 0.09693 0.06881 0.04078 0.09309
0.7271 6.998 15.57 15.95 7.741 4.234 2.838 1.904 1.082 1.211 0.6233 0.5233 0.3627 0.3088 0.09474 0.08172 0.06665 0.06754 0.04794 0.09327
1.018 8.932 20.3 12.7 10.82 5.249 2.871 1.924 1.291 0.7335 0.8212 0.4226 0.3548 0.2459 0.2094 0.06424 0.05541 0.04519 0.04579 0.09575
0.789 12.36 25.46 16.17 8.399 7.155 3.472 1.899 1.273 0.854 0.4852 0.5431 0.2795 0.2347 0.1627 0.1385 0.04249 0.03665 0.02989 0.09362
0.7557 9.487 34.69 19.85 10.45 5.429 4.624 2.244 1.227 0.8225 0.552 0.3136 0.351 0.1807 0.1517 0.1051 0.08951 0.02746 0.02369 0.07983
1.09 9.01 26.24 26.49 12.55 6.61 3.433 2.925 1.419 0.7762 0.5202 0.3491 0.1983 0.222 0.1143 0.09593 0.06649 0.05661 0.01737 0.06547
1.451 12.9 24.6 19.66 16.41 7.775 4.094 2.127 1.812 0.8791 0.4808 0.3223 0.2162 0.1229 0.1375 0.07079 0.05942 0.04119 0.03507 0.05132
0.8693 17.05 34.79 18.08 11.94 9.965 4.722 2.486 1.292 1.1 0.5339 0.292 0.1957 0.1313 0.07461 0.08352 0.04299 0.03609 0.02501 0.05246
1.244 10.16 45.43 25.12 10.77 7.111 5.937 2.813 1.481 0.7695 0.6554 0.318 0.1739 0.1166 0.07823 0.04445 0.04976 0.02561 0.0215 0.04615
0.8565 14.45 26.76 32.25 14.69 6.299 4.158 3.471 1.645 0.8661 0.4499 0.3832 0.186 0.1017 0.06816 0.04574 0.02599 0.02909 0.01497 0.03955
1.428 9.903 37.68 18.68 18.51 8.434 3.616 2.387 1.993 0.9443 0.4972 0.2583 0.22 0.1068 0.05839 0.03914 0.02626 0.01492 0.0167 0.03131
0.833 16.44 25.55 25.87 10.53 10.44 4.756 2.04 1.346 1.124 0.5325 0.2804 0.1457 0.1241 0.06021 0.03293 0.02207 0.01481 0.008414 0.02708
1.836 9.081 40.11 16.5 13.71 5.582 5.533 2.521 1.081 0.7135 0.5956 0.2822 0.1486 0.0772 0.06576 0.03191 0.01745 0.0117 0.007849 0.01881
1.213 20.01 22.16 25.91 8.745 7.264 2.958 2.932 1.336 0.5728 0.3781 0.3156 0.1496 0.07875 0.04091 0.03485 0.01691 0.009248 0.006198 0.01413
0.5251 13.23 48.83 14.31 13.73 4.634 3.849 1.568 1.554 0.7078 0.3035 0.2004 0.1673 0.07925 0.04173 0.02168 0.01847 0.008961 0.004901 0.01077
1.192 5.724 32.28 31.54 7.584 7.276 2.456 2.04 0.8308 0.8235 0.3751 0.1609 0.1062 0.08864 0.042 0.02212 0.01149 0.009786 0.004749 0.008305
1.067 13 13.97 20.85 16.72 4.019 3.856 1.301 1.081 0.4403 0.4364 0.1988 0.08524 0.05627 0.04697 0.02226 0.01172 0.006088 0.005186 0.006918
1.173 11.64 31.71 9.021 11.05 8.858 2.13 2.043 0.6897 0.5729 0.2333 0.2313 0.1053 0.04517 0.02982 0.02489 0.0118 0.006211 0.003227 0.006415
0.8738 12.79 28.39 20.49 4.781 5.855 4.694 1.129 1.083 0.3655 0.3036 0.1236 0.1226 0.05583 0.02394 0.0158 0.01319 0.006251 0.003292 0.005109
1.16 9.526 31.21 18.34 10.86 2.533 3.103 2.488 0.5982 0.5739 0.1937 0.1609 0.06552 0.06495 0.02958 0.01269 0.008375 0.006991 0.003313 0.004452
0.6964 12.65 23.24 20.16 9.719 5.753 1.343 1.644 1.318 0.317 0.3041 0.1026 0.08526 0.03472 0.03442 0.01568 0.006723 0.004438 0.003705 0.004115
1.307 7.592 30.87 15.01 10.68 5.151 3.049 0.7115 0.8714 0.6986 0.168 0.1612 0.0544 0.04518 0.0184 0.01824 0.008309 0.003563 0.002352 0.004144
0.9032 14.25 18.52 19.94 7.956 5.661 2.729 1.616 0.377 0.4618 0.3702 0.08902 0.08541 0.02883 0.02394 0.009751 0.009666 0.004403 0.001888 0.003442
1.735 9.847 34.76 11.96 10.57 4.216 3 1.446 0.8562 0.1998 0.2447 0.1962 0.04718 0.04526 0.01528 0.01269 0.005168 0.005122 0.002333 0.002825
1.207 18.91 24.03 22.45 6.341 5.599 2.234 1.59 0.7665 0.4537 0.1059 0.1297 0.104 0.025 0.02399 0.008096 0.006724 0.002739 0.002715 0.002734
1.278 13.16 46.15 15.52 11.9 3.36 2.967 1.184 0.8425 0.4062 0.2404 0.05611 0.06873 0.0551 0.01325 0.01271 0.00429 0.003564 0.001451 0.002887
0.7285 13.93 32.12 29.81 8.224 6.306 1.781 1.572 0.6275 0.4465 0.2153 0.1274 0.02974 0.03642 0.0292 0.007021 0.006736 0.002274 0.001888 0.002299
0.9845 7.942 33.98 20.74 15.8 4.358 3.342 0.9437 0.8333 0.3325 0.2366 0.1141 0.06753 0.01576 0.0193 0.01547 0.003721 0.00357 0.001205 0.002219
0.9926 10.73 19.38 21.95 10.99 8.371 2.31 1.771 0.5001 0.4416 0.1762 0.1254 0.06045 0.03578 0.008351 0.01023 0.0082 0.001972 0.001892 0.001815
1.415 10.82 26.19 12.52 11.63 5.826 4.436 1.224 0.9385 0.265 0.234 0.09339 0.06644 0.03204 0.01896 0.004426 0.005421 0.004346 0.001045 0.001964
1.067 15.42 26.4 16.91 6.633 6.165 3.087 2.351 0.6486 0.4973 0.1404 0.124 0.04949 0.03521 0.01698 0.01005 0.002345 0.002873 0.002303 0.001595
1.742 11.35 36.81 16.69 8.772 3.44 3.197 1.601 1.219 0.3364 0.2579 0.07283 0.06431 0.02566 0.01826 0.008804 0.005212 0.001216 0.00149 0.002021
2.097 18.54 27.16 23.4 8.708 4.577 1.795 1.668 0.8355 0.6362 0.1755 0.1346 0.038 0.03356 0.01339 0.009529 0.004594 0.00272 0.0006347 0.001832
1.355 22.32 44.5 17.36 12.28 4.573 2.403 0.9425 0.8759 0.4387 0.334 0.09216 0.07067 0.01996 0.01762 0.007032 0.005003 0.002412 0.001428 0.001295
0.7617 14.43 53.71 28.6 9.173 6.491 2.416 1.27 0.4979 0.4628 0.2318 0.1765 0.04869 0.03734 0.01054 0.00931 0.003715 0.002643 0.001275 0.001439
1.338 8.108 34.8 34.72 15.2 4.876 3.45 1.284 0.675 0.2647 0.246 0.1232 0.09382 0.02588 0.01985 0.005605 0.004949 0.001975 0.001405 0.001442
1.398 14.24 19.61 22.62 18.57 8.131 2.608 1.845 0.6868 0.361 0.1416 0.1316 0.06589 0.05018 0.01384 0.01061 0.002997 0.002647 0.001056 0.001523
0.5996 14.88 34.54 12.81 12.17 9.99 4.375 1.403 0.9929 0.3696 0.1943 0.07617 0.0708 0.03546 0.027 0.007449 0.005712 0.001613 0.001424 0.001388
0.8361 6.38 36.18 22.69 6.936 6.588 5.408 2.368 0.7596 0.5375 0.2001 0.1052 0.04123 0.03832 0.01919 0.01461 0.004032 0.003092 0.0008731 0.001522
0.8804 8.895 15.55 23.89 12.36 3.777 3.587 2.945 1.29 0.4136 0.2927 0.1089 0.05726 0.02245 0.02087 0.01045 0.007958 0.002196 0.001684 0.001304
0.8056 9.365 21.73 10.32 13.09 6.768 2.069 1.965 1.613 0.7064 0.2266 0.1603 0.05967 0.03136 0.0123 0.01143 0.005725 0.004359 0.001203 0.001637
1.077 8.566 22.93 14.5 5.688 7.21 3.729 1.14 1.083 0.8887 0.3892 0.1248 0.08833 0.03288 0.01728 0.006776 0.006298 0.003154 0.002402 0.001564
0.5694 11.45 21.02 15.38 8.037 3.152 3.995 2.066 0.6316 0.5999 0.4925 0.2157 0.06917 0.04894 0.01822 0.009576 0.003755 0.00349 0.001748 0.002198
1.541 6.049 28.17 14.17 8.573 4.479 1.757 2.227 1.152 0.352 0.3343 0.2745 0.1202 0.03855 0.02728 0.01015 0.005336 0.002093 0.001945 0.002199
0.4797 16.36 14.91 19.09 7.944 4.804 2.51 0.9844 1.248 0.6453 0.1973 0.1874 0.1538 0.06736 0.0216 0.01529 0.00569 0.002991 0.001173 0.002322
0.8476 5.089 40.42 10.15 10.76 4.476 2.707 1.414 0.5547 0.7031 0.3636 0.1112 0.1056 0.08667 0.03795 0.01217 0.008614 0.003206 0.001685 0.001969
0.9414 8.987 12.6 27.66 5.752 6.094 2.536 1.534 0.8013 0.3143 0.3983 0.206 0.06297 0.05981 0.0491 0.0215 0.006897 0.00488 0.001816 0.00207
0.9267 9.973 22.28 8.658 15.75 3.276 3.47 1.444 0.8735 0.4564 0.179 0.2269 0.1173 0.03586 0.03406 0.02796 0.01225 0.003928 0.002779 0.002214
0.617 9.806 24.77 15.39 4.956 9.016 1.875 1.987 0.8267 0.5 0.2612 0.1025 0.1299 0.06716 0.02053 0.0195 0.01601 0.00701 0.002248 0.002858
0.3759 6.522 24.39 17.18 8.851 2.851 5.187 1.079 1.143 0.4756 0.2877 0.1503 0.05894 0.07471 0.03864 0.01181 0.01122 0.009209 0.004033 0.002938
