 landings-at-age - landings.n (units : NA )
1	2	
42	100	
1	20	
1 
0.4401 4.981 12.55 9.607 6.829 4.867 3.312 2.426 1.652 1.146 0.766 0.5471 0.3935 0.2629 0.1728 0.1152 0.08165 0.0559 0.03921 0.09641
0.2384 2.801 7.775 5.668 3.628 2.579 1.838 1.251 0.916 0.6238 0.4328 0.2893 0.2066 0.1486 0.09927 0.06527 0.04349 0.03083 0.02111 0.05121
0.373 3.928 11.29 9.151 5.591 3.578 2.544 1.813 1.234 0.9035 0.6153 0.4269 0.2853 0.2038 0.1466 0.09792 0.06438 0.04289 0.03041 0.07134
0.3304 3.82 9.838 8.207 5.565 3.4 2.176 1.547 1.103 0.7503 0.5494 0.3742 0.2596 0.1735 0.1239 0.08913 0.05955 0.03915 0.02609 0.06188
0.4563 4.954 13.93 10.42 7.274 4.932 3.013 1.929 1.371 0.9771 0.665 0.487 0.3316 0.2301 0.1538 0.1098 0.07899 0.05278 0.0347 0.07796
0.3828 4.323 11.43 9.284 5.8 4.05 2.746 1.678 1.074 0.7633 0.544 0.3702 0.2711 0.1846 0.1281 0.08562 0.06115 0.04398 0.02938 0.06272
0.327 3.655 10.09 7.738 5.257 3.284 2.293 1.555 0.9499 0.608 0.4322 0.308 0.2096 0.1535 0.1045 0.07254 0.04848 0.03463 0.0249 0.05215
0.4428 4.561 12.43 9.971 6.4 4.347 2.716 1.896 1.286 0.7856 0.5028 0.3574 0.2548 0.1734 0.127 0.08646 0.05999 0.04009 0.02864 0.06373
0.4353 5.118 12.82 10.1 6.779 4.352 2.956 1.847 1.289 0.8744 0.5342 0.3419 0.243 0.1732 0.1179 0.08632 0.05879 0.04079 0.02726 0.0628
0.4231 4.481 12.83 9.293 6.122 4.107 2.636 1.791 1.119 0.7812 0.5297 0.3236 0.2071 0.1472 0.1049 0.07142 0.0523 0.03562 0.02471 0.05457
0.4356 5.191 13.37 11.08 6.715 4.423 2.968 1.905 1.294 0.8084 0.5645 0.3828 0.2338 0.1497 0.1064 0.07583 0.0516 0.03779 0.02574 0.05728
0.5049 5.316 15.37 11.43 7.919 4.797 3.16 2.12 1.361 0.9245 0.5776 0.4033 0.2735 0.1671 0.1069 0.07601 0.05417 0.03687 0.027 0.05931
0.4705 5.037 12.89 10.74 6.672 4.623 2.8 1.845 1.238 0.7944 0.5397 0.3371 0.2354 0.1596 0.09752 0.06242 0.04437 0.03162 0.02152 0.05038
0.4347 5.452 14.18 10.49 7.305 4.539 3.145 1.905 1.255 0.842 0.5405 0.3671 0.2294 0.1601 0.1086 0.06634 0.04246 0.03018 0.02151 0.04892
0.4583 5.263 16.01 12.02 7.425 5.173 3.214 2.227 1.349 0.8886 0.5962 0.3827 0.2599 0.1624 0.1134 0.07689 0.04698 0.03007 0.02137 0.04987
0.4305 4.903 13.66 11.96 7.503 4.636 3.229 2.006 1.39 0.8422 0.5548 0.3722 0.2389 0.1623 0.1014 0.07079 0.04801 0.02933 0.01877 0.04448
0.3933 4.53 12.53 10.07 7.37 4.622 2.856 1.989 1.236 0.8565 0.5188 0.3418 0.2293 0.1472 0.09998 0.06246 0.04361 0.02957 0.01807 0.03897
0.411 4.59 12.83 10.26 6.886 5.04 3.161 1.953 1.361 0.8454 0.5858 0.3548 0.2337 0.1568 0.1007 0.06838 0.04272 0.02983 0.02023 0.03901
0.3286 3.843 10.45 8.44 5.635 3.784 2.769 1.737 1.073 0.7476 0.4645 0.3218 0.195 0.1284 0.08617 0.05531 0.03757 0.02347 0.01639 0.03255
0.2941 3.514 10.03 7.911 5.342 3.567 2.395 1.753 1.099 0.6794 0.4732 0.294 0.2037 0.1234 0.08129 0.05454 0.03501 0.02378 0.01486 0.03098
0.2076 2.468 7.231 5.996 3.956 2.672 1.784 1.198 0.8767 0.5498 0.3397 0.2367 0.147 0.1019 0.06172 0.04065 0.02728 0.01751 0.01189 0.02292
0.2234 2.454 7.156 6.12 4.251 2.805 1.894 1.265 0.8492 0.6216 0.3899 0.2409 0.1678 0.1043 0.07224 0.04376 0.02883 0.01934 0.01241 0.02468
0.3838 3.926 10.49 8.906 6.379 4.431 2.924 1.974 1.318 0.8852 0.6479 0.4064 0.2511 0.1749 0.1087 0.0753 0.04561 0.03005 0.02016 0.03867
0.2604 2.852 7.132 5.507 3.906 2.798 1.943 1.282 0.8659 0.5782 0.3882 0.2842 0.1782 0.1101 0.07671 0.04766 0.03302 0.02 0.01318 0.0258
0.2027 2.406 6.477 4.722 3.053 2.165 1.551 1.077 0.7109 0.4801 0.3205 0.2152 0.1575 0.0988 0.06105 0.04253 0.02642 0.01831 0.01109 0.02161
0.3507 4.006 11.58 9.096 5.557 3.593 2.548 1.825 1.268 0.8367 0.565 0.3772 0.2533 0.1854 0.1163 0.07185 0.05005 0.03109 0.02155 0.03848
0.2288 2.614 7.302 6.105 4.006 2.447 1.582 1.122 0.804 0.5584 0.3685 0.2488 0.1661 0.1116 0.08165 0.05121 0.03164 0.02204 0.01369 0.02644
0.2297 2.682 7.51 6.114 4.281 2.809 1.716 1.11 0.787 0.5637 0.3916 0.2584 0.1745 0.1165 0.07822 0.05725 0.03591 0.02219 0.01546 0.02814
0.2696 3.114 8.879 7.234 4.931 3.452 2.265 1.384 0.8948 0.6347 0.4546 0.3158 0.2084 0.1407 0.09394 0.06308 0.04617 0.02896 0.01789 0.03516
0.2521 3.022 8.512 7.036 4.794 3.268 2.288 1.502 0.9172 0.5931 0.4207 0.3013 0.2093 0.1381 0.09326 0.06227 0.04181 0.0306 0.01919 0.03516
0.1912 2.472 7.242 5.916 4.09 2.787 1.9 1.33 0.8729 0.5333 0.3448 0.2446 0.1752 0.1217 0.08029 0.05422 0.0362 0.02431 0.01779 0.0316
0.1593 1.701 5.398 4.602 3.146 2.175 1.482 1.01 0.7075 0.4643 0.2836 0.1834 0.1301 0.09317 0.06472 0.0427 0.02884 0.01925 0.01293 0.02627
0.2715 3.049 7.926 7.33 5.235 3.579 2.475 1.687 1.15 0.8049 0.5282 0.3227 0.2086 0.148 0.106 0.07362 0.04858 0.0328 0.0219 0.04459
0.2093 2.289 6.273 4.709 3.639 2.599 1.777 1.229 0.8372 0.5707 0.3996 0.2622 0.1602 0.1036 0.07346 0.05262 0.03655 0.02412 0.01628 0.03301
0.1996 2.183 5.842 4.652 2.923 2.258 1.613 1.103 0.7625 0.5196 0.3542 0.248 0.1627 0.09941 0.06427 0.04559 0.03266 0.02268 0.01497 0.03059
0.2434 2.973 7.917 6.159 4.106 2.579 1.993 1.423 0.9732 0.6729 0.4585 0.3126 0.2189 0.1436 0.08773 0.05672 0.04023 0.02882 0.02002 0.04021
0.2507 2.758 8.188 6.298 4.095 2.73 1.715 1.325 0.9464 0.6471 0.4474 0.3049 0.2078 0.1455 0.09549 0.05833 0.03771 0.02675 0.01916 0.04004
0.2775 2.873 7.673 6.577 4.228 2.749 1.833 1.151 0.8896 0.6354 0.4344 0.3004 0.2047 0.1395 0.09769 0.0641 0.03916 0.02532 0.01796 0.03975
0.2606 2.873 7.232 5.575 3.993 2.567 1.669 1.113 0.699 0.5401 0.3858 0.2638 0.1824 0.1243 0.08471 0.05931 0.03892 0.02378 0.01537 0.03504
0.2604 2.798 7.51 5.467 3.524 2.524 1.623 1.055 0.7033 0.4418 0.3414 0.2438 0.1667 0.1153 0.07855 0.05354 0.03749 0.0246 0.01503 0.03186
0.1919 2.213 5.817 4.524 2.754 1.775 1.272 0.8174 0.5315 0.3543 0.2226 0.172 0.1228 0.08399 0.05807 0.03957 0.02697 0.01889 0.01239 0.02362
0.1852 2.197 6.206 4.752 3.095 1.884 1.214 0.8697 0.5591 0.3635 0.2423 0.1522 0.1176 0.08402 0.05745 0.03972 0.02707 0.01845 0.01292 0.02463
0.2428 2.699 7.805 6.413 4.111 2.677 1.63 1.05 0.7524 0.4837 0.3145 0.2097 0.1317 0.1018 0.07269 0.0497 0.03436 0.02342 0.01596 0.03249
0.2462 2.659 7.2 6.023 4.138 2.652 1.727 1.052 0.6777 0.4855 0.3121 0.2029 0.1353 0.08498 0.06566 0.0469 0.03207 0.02217 0.01511 0.03126
0.2128 2.554 6.725 5.272 3.688 2.533 1.624 1.058 0.6439 0.415 0.2972 0.1911 0.1242 0.08282 0.05203 0.04021 0.02872 0.01963 0.01357 0.02839
0.1833 1.896 5.571 4.258 2.792 1.953 1.342 0.8601 0.5602 0.341 0.2198 0.1574 0.1012 0.0658 0.04386 0.02756 0.02129 0.01521 0.0104 0.02223
0.1501 1.745 4.435 3.8 2.432 1.595 1.116 0.7665 0.4914 0.32 0.1948 0.1256 0.08993 0.05781 0.03759 0.02506 0.01574 0.01216 0.008688 0.01864
0.2428 2.708 7.686 5.698 4.091 2.619 1.717 1.201 0.8251 0.529 0.3445 0.2097 0.1352 0.09681 0.06224 0.04047 0.02698 0.01695 0.01309 0.02942
0.2738 3.101 8.392 6.885 4.267 3.064 1.961 1.286 0.8995 0.618 0.3962 0.258 0.1571 0.1012 0.07251 0.04661 0.03031 0.0202 0.01269 0.03184
0.2966 3.147 8.634 6.73 4.613 2.859 2.053 1.314 0.8616 0.6027 0.414 0.2654 0.1729 0.1052 0.06782 0.04858 0.03123 0.0203 0.01354 0.02983
0.2478 2.952 7.605 6.008 3.912 2.681 1.662 1.193 0.7637 0.5008 0.3503 0.2406 0.1543 0.1005 0.06116 0.03942 0.02823 0.01815 0.0118 0.02521
0.1631 1.917 5.586 4.163 2.749 1.79 1.227 0.7602 0.5459 0.3494 0.2291 0.1602 0.1101 0.07058 0.04596 0.02798 0.01803 0.01292 0.008304 0.01693
0.1314 1.545 4.46 3.789 2.364 1.561 1.016 0.6966 0.4318 0.31 0.1984 0.1301 0.09102 0.06253 0.04009 0.02611 0.01589 0.01024 0.007337 0.01433
0.1419 1.571 4.536 3.827 2.724 1.7 1.123 0.7309 0.501 0.3105 0.223 0.1427 0.09357 0.06545 0.04497 0.02883 0.01877 0.01143 0.007366 0.01558
0.1801 1.987 5.384 4.534 3.205 2.281 1.424 0.94 0.6121 0.4195 0.26 0.1867 0.1195 0.07835 0.05481 0.03765 0.02414 0.01572 0.009569 0.01922
0.2238 2.482 6.668 5.246 3.697 2.613 1.86 1.161 0.7666 0.4991 0.3421 0.212 0.1522 0.09744 0.06389 0.04469 0.0307 0.01968 0.01282 0.02347
0.2705 2.866 7.707 5.979 3.932 2.771 1.959 1.394 0.8702 0.5746 0.3741 0.2564 0.1589 0.1141 0.07304 0.0479 0.0335 0.02302 0.01475 0.0272
0.1691 1.944 5.029 3.9 2.527 1.662 1.171 0.828 0.5894 0.3678 0.2429 0.1581 0.1084 0.06717 0.04824 0.03087 0.02024 0.01416 0.009728 0.01774
0.1705 1.858 5.233 3.943 2.56 1.659 1.091 0.769 0.5436 0.3869 0.2415 0.1594 0.1038 0.07115 0.0441 0.03166 0.02027 0.01329 0.009296 0.01803
