Originally  
101 
A 
42	100	
1	1	NA	NA	
1	20	
1 0.02797 0.1212 0.2517 0.2051 0.05594 0.04662 0.1026 0.02797 0.009323 0.04662 0.009323 0.009323 0.01865 0 0 0 0 0 0 0
1 0.03062 0.1327 0.3062 0.1633 0.1837 0.01021 0.03062 0.01021 0.05103 0.04082 0 0.02041 0.02041 0 0.01021 0 0 0.01021 0 0
1 0.01238 0.1981 0.4211 0.2848 0.06192 0.07431 0.03715 0.04954 0.06192 0.01238 0.01238 0 0 0 0.01238 0 0 0 0 0
1 0.01341 0.1475 0.5767 0.228 0.1073 0.09388 0.06705 0 0 0.02682 0 0.01341 0.02682 0.01341 0 0 0.02682 0 0 0
1 0.01806 0.1896 0.2438 0.1806 0.1354 0.02709 0.04515 0.02709 0.00903 0.01806 0 0 0 0.00903 0 0 0 0 0 0
1 0.02033 0.2236 0.2643 0.1728 0.2033 0.05082 0.03049 0.01016 0.01016 0 0 0.02033 0.01016 0 0 0 0 0 0 0
1 0.00955 0.2005 0.2674 0.2292 0.0573 0.0764 0.02865 0.0382 0.02865 0.00955 0 0 0.00955 0 0 0 0 0 0 0
1 0.01527 0.1757 0.2062 0.1451 0.09928 0.04582 0.03055 0.007637 0 0.01527 0.007637 0.007637 0.007637 0 0 0 0 0 0 0
1 0.02484 0.1573 0.2401 0.1325 0.09937 0.07453 0.0414 0.03312 0.008281 0.008281 0.008281 0 0 0 0 0 0 0 0 0
1 0.01115 0.1115 0.2286 0.07806 0.05018 0.0223 0.02788 0.01115 0.01673 0 0 0 0 0 0 0 0 0 0 0
1 0.01558 0.1714 0.1792 0.2026 0.07012 0.05454 0.05454 0.01558 0 0.007792 0.007792 0 0 0 0 0 0 0 0 0
1 0.03201 0.2988 0.3201 0.1387 0.1601 0.05335 0.04268 0.01067 0 0.01067 0 0 0 0 0 0 0 0 0 0
1 0.008219 0.1808 0.2712 0.189 0.09041 0.04931 0 0.01644 0 0 0 0.008219 0 0 0 0 0 0 0 0.008219
1 0.02675 0.08026 0.3389 0.1605 0.1338 0.06243 0.06243 0.01784 0 0 0 0 0 0 0 0 0 0 0.008918 0
1 0.04447 0.2224 0.3891 0.2446 0.1334 0.03335 0.02224 0.01112 0 0.01112 0 0 0 0 0 0 0 0 0 0
1 0.04353 0.1567 0.235 0.148 0.1654 0.06094 0.008705 0.01741 0.03482 0 0 0 0 0 0 0 0 0 0 0
1 0.02562 0.1452 0.2306 0.2135 0.1025 0.05978 0.03416 0.01708 0 0.01708 0 0.008541 0 0 0 0 0 0 0 0
1 0.009984 0.1398 0.4193 0.1797 0.1098 0.04992 0.04992 0.02995 0 0 0 0.009984 0 0 0 0 0 0 0 0
1 0.04104 0.1641 0.3283 0.3385 0.08207 0.02052 0.01026 0.02052 0.02052 0 0 0 0 0 0 0 0 0 0 0
1 0.03006 0.0977 0.233 0.1428 0.1353 0.03758 0.01503 0.03006 0.03006 0 0 0 0 0 0 0 0 0 0 0
1 0.008651 0.2076 0.2336 0.1903 0.09516 0.06056 0.0346 0.008651 0.0173 0.008651 0 0 0 0 0 0 0 0 0 0
1 0.05541 0.09499 0.3245 0.1425 0.07124 0.02375 0.02375 0.01583 0.02375 0.007916 0 0.007916 0 0 0 0 0 0 0 0
1 0.04116 0.2573 0.1955 0.2367 0.1029 0.09261 0.06174 0.04116 0 0 0 0 0 0 0 0 0 0 0 0
1 0.01928 0.1928 0.4435 0.08677 0.1446 0.03856 0.01928 0.01928 0 0 0 0 0 0 0 0 0 0 0 0
1 0.02165 0.0794 0.2382 0.2238 0.08661 0.01444 0.01444 0.02165 0.01444 0.007218 0 0 0 0 0 0 0 0 0 0
1 0.01531 0.176 0.1531 0.176 0.1531 0.03061 0.03061 0.007654 0.01531 0 0.007654 0 0 0 0 0 0 0 0 0
1 0.02348 0.1487 0.2818 0.07045 0.09393 0.1096 0.007828 0.03131 0.007828 0.007828 0 0 0 0 0 0 0 0 0 0
1 0.05045 0.1917 0.3632 0.1917 0.05045 0.03027 0.07063 0.01009 0.02018 0.01009 0.01009 0 0.01009 0 0 0 0 0 0 0
1 0.02042 0.1089 0.2723 0.1293 0.05445 0.03403 0.02723 0.02042 0 0.006806 0.006806 0 0 0 0 0 0 0 0 0
1 0.01802 0.1021 0.1742 0.1682 0.04205 0.04805 0.01201 0.01201 0.01201 0 0.006006 0 0 0.006006 0 0 0 0 0 0
1 0.04044 0.1415 0.3235 0.2224 0.1516 0.08088 0.03033 0.02022 0 0 0 0 0 0 0 0 0 0 0 0
1 0.008459 0.1776 0.1946 0.203 0.07613 0.05075 0.07613 0.01692 0.01692 0 0.02538 0 0 0 0 0 0 0 0 0
1 0.005171 0.06722 0.212 0.09825 0.06205 0.03102 0.02068 0.005171 0 0 0.005171 0.005171 0.005171 0 0 0 0 0 0 0
1 0.031 0.3513 0.1033 0.3203 0.08266 0.04133 0.04133 0.031 0.01033 0.02067 0 0 0 0 0 0 0 0 0 0
1 0.04804 0.1153 0.4228 0.1826 0.08648 0.02883 0.04804 0.009609 0.01922 0 0 0 0 0 0 0 0 0 0 0
1 0.02753 0.117 0.179 0.2065 0.07571 0.05506 0.006883 0.01377 0 0 0.006883 0 0 0 0 0 0 0 0 0
1 0.01886 0.08172 0.1949 0.1634 0.1006 0.01886 0.03143 0 0.01257 0 0 0.006286 0 0 0 0 0 0 0 0
1 0.01244 0.0933 0.1493 0.1555 0.07464 0.06842 0.02488 0.01244 0.00622 0 0.01244 0.01244 0 0 0 0 0 0 0 0
1 0.04194 0.1328 0.2377 0.09087 0.07689 0.04194 0.05592 0.01398 0.00699 0 0 0 0 0 0 0 0 0 0 0
1 0.02715 0.1412 0.1574 0.1032 0.05429 0.02172 0.01629 0.01629 0 0 0 0.005429 0 0 0 0 0 0 0 0
1 0.02776 0.08328 0.2054 0.09994 0.05552 0.03331 0.01666 0.005552 0.01666 0 0.0111 0 0 0 0 0 0 0 0 0
1 0.02704 0.2974 0.2524 0.1532 0.06309 0.05408 0.01803 0.009013 0.02704 0 0 0 0 0 0 0 0 0 0 0
1 0.00956 0.2964 0.325 0.1625 0.1147 0.01912 0.02868 0 0 0 0 0 0 0 0 0 0 0 0 0
1 0.01112 0.2446 0.3668 0.2112 0.1 0.1 0.03335 0.02223 0.01112 0 0 0 0 0.01112 0 0 0 0 0 0
1 0.02636 0.05798 0.2003 0.1371 0.04744 0.01054 0.02636 0 0.005271 0.005271 0 0.005271 0 0 0 0 0.005271 0 0 0
1 0.03646 0.2735 0.1458 0.2097 0.1276 0.08204 0.009115 0.009115 0 0.01823 0 0 0 0 0 0 0 0 0 0
1 0.01396 0.1815 0.2792 0.07679 0.06981 0.04189 0.02094 0 0.006981 0.006981 0 0 0 0 0 0 0 0 0 0
1 0.02539 0.0931 0.3555 0.1862 0.06771 0.03385 0.05924 0.01693 0 0 0.008463 0 0 0 0 0 0 0 0 0
1 0.01786 0.1786 0.2143 0.2143 0.1518 0.03571 0.008928 0.03571 0.01786 0.008928 0 0 0 0 0.008928 0 0 0 0 0
1 0.008014 0.2244 0.2965 0.07213 0.1443 0.03206 0.008014 0.008014 0.008014 0 0 0 0 0 0 0 0 0 0 0
1 0.0394 0.1675 0.3054 0.2069 0.07881 0.08866 0.0394 0.0197 0.02955 0.009851 0 0 0 0 0 0 0 0 0 0
1 0.01563 0.172 0.2502 0.1329 0.1407 0.02345 0.01563 0.01563 0.007817 0.007817 0 0 0 0 0 0 0 0 0 0
1 0.01424 0.05695 0.2848 0.1851 0.09254 0.04271 0.01424 0.007119 0 0.01424 0 0 0 0 0 0 0 0 0 0
1 0.007549 0.2114 0.1812 0.2189 0.05284 0.04529 0.03019 0.007549 0 0 0 0 0 0 0 0 0 0 0 0
1 0.07285 0.1249 0.6036 0.07285 0.08326 0.04163 0.02081 0.02081 0 0 0 0 0 0 0 0 0 0 0 0
1 0.008052 0.1772 0.1369 0.2416 0.06442 0.1288 0.0161 0.0161 0 0 0.008052 0.008052 0 0 0 0 0 0 0 0
1 0.02291 0.2749 0.3551 0.1145 0.2405 0.06872 0.04581 0.02291 0 0 0 0 0 0 0 0 0 0 0 0
1 0 0.2079 0.3496 0.2173 0.05669 0.07558 0 0.009448 0.0189 0.009448 0 0 0 0 0 0 0 0 0 0
1 0 0.34 0.4447 0.2746 0.07847 0.05231 0.09155 0 0 0 0.01308 0 0 0.01308 0 0 0 0 0 0
