Originally  
101 
A 
42	100	
1	1	NA	NA	
1	20	
1 0.03736 0.3549 0.5604 0.3176 0.2242 0.05604 0.05604 0.0934 0.05604 0.01868 0 0.03736 0.01868 0.01868 0 0 0 0.01868 0 0
1 0.1118 0.4471 1.062 0.503 0.1677 0.2515 0.05588 0.02794 0.05588 0.02794 0 0.02794 0.02794 0 0 0 0 0 0 0.02794
1 0.0891 0.1604 0.5703 0.3742 0.196 0.1247 0.1069 0.03564 0.01782 0.05346 0 0 0.01782 0 0 0.01782 0 0 0 0.01782
1 0.06139 0.2609 0.3683 0.2762 0.1842 0.1228 0.06139 0.03069 0.04604 0.01535 0.04604 0 0.03069 0.01535 0.01535 0 0 0 0 0
1 0.0409 0.2727 0.3818 0.259 0.2181 0.09544 0.05454 0.02727 0 0 0 0 0 0.01363 0 0 0 0 0 0
1 0.0591 0.266 0.4285 0.2216 0.2069 0.1478 0.02955 0.04433 0.04433 0.01478 0 0 0 0 0.01478 0 0 0 0 0
1 0.0682 0.2592 0.3683 0.3137 0.1364 0.08185 0.05456 0.04092 0.01364 0 0.01364 0.01364 0 0 0 0 0 0 0 0
1 0.04972 0.3646 0.4807 0.2983 0.232 0.1326 0.03315 0.04972 0 0 0.01657 0 0 0 0 0 0 0 0 0
1 0.0114 0.1823 0.3419 0.2849 0.1595 0.05698 0.05698 0.03419 0.0114 0 0 0 0 0 0 0 0 0 0 0
1 0.08983 0.2395 0.4941 0.3294 0.1347 0.1198 0.04491 0.01497 0.01497 0 0 0.01497 0 0 0 0 0 0 0 0
1 0.06902 0.2347 0.3175 0.3451 0.1242 0.1104 0.02761 0.08282 0.0138 0.0138 0.0138 0 0 0 0 0 0 0.0138 0 0.0138
1 0.03247 0.2922 0.4708 0.3896 0.1786 0.0487 0.09741 0.06494 0.0487 0 0 0 0 0 0 0 0 0 0 0
1 0.1031 0.2921 0.5327 0.4468 0.1718 0.1031 0.03437 0.01718 0 0.01718 0 0 0 0 0 0 0 0 0 0
1 0.04184 0.2301 0.3138 0.1987 0.07322 0.08368 0.04184 0.01046 0.02092 0.01046 0.02092 0 0 0 0 0 0 0 0 0
1 0.02877 0.1535 0.3165 0.259 0.07673 0.05754 0.03836 0.02877 0 0 0 0 0 0 0 0 0 0 0 0
1 0.08234 0.3499 0.7205 0.3705 0.247 0.1441 0.08234 0.04117 0 0.02058 0 0 0 0 0 0 0 0 0 0
1 0.02847 0.2704 0.5124 0.2704 0.1993 0.0427 0.02847 0.05693 0 0 0 0 0 0.01423 0 0 0 0 0 0
1 0.05376 0.3226 0.4704 0.336 0.1075 0.04032 0.01344 0 0 0 0 0 0 0 0 0 0 0 0 0
1 0.03436 0.1546 0.2577 0.1546 0.1117 0.05154 0.03436 0.02577 0.00859 0.00859 0.00859 0.00859 0 0 0 0 0 0 0 0
1 0.05151 0.2833 0.425 0.2576 0.1417 0.06439 0.03864 0 0 0.02576 0 0 0 0 0 0 0 0 0 0
1 0.0715 0.2574 0.4004 0.286 0.2002 0.0715 0.0715 0.0572 0 0.0143 0 0 0 0 0 0 0 0 0 0
1 0.03938 0.2757 0.8074 0.3348 0.2166 0.1575 0.05908 0.03938 0 0.03938 0 0 0 0 0 0 0 0 0 0
1 0.04146 0.1741 0.2404 0.1741 0.05804 0.08291 0.04146 0 0 0.01658 0 0 0 0 0 0 0 0 0 0
1 0.03687 0.2489 0.2765 0.1659 0.08296 0.06453 0.009218 0.009218 0.009218 0 0.009218 0.009218 0 0 0 0 0 0 0 0
1 0.02954 0.2265 0.3447 0.1773 0.08863 0.05909 0.04924 0.009848 0 0 0 0 0 0 0 0 0 0 0 0
1 0.05763 0.219 0.3573 0.2766 0.1498 0.05763 0.02305 0 0.01153 0 0 0 0 0 0 0 0 0 0 0
1 0.01642 0.1888 0.2052 0.1806 0.1149 0.03283 0.02462 0.008208 0.01642 0.02462 0.008208 0 0 0 0 0 0 0 0 0
1 0.02625 0.2625 0.3282 0.2888 0.1707 0.1313 0.03938 0.03938 0.02625 0 0 0 0 0 0 0 0 0 0 0
1 0.04377 0.1313 0.2334 0.1094 0.08754 0.05836 0.02188 0.007295 0.007295 0.01459 0.007295 0.007295 0 0 0 0 0 0 0 0
1 0.0317 0.2114 0.2219 0.2114 0.1374 0.1374 0.04227 0.02114 0.01057 0 0.02114 0.01057 0 0 0 0 0 0 0 0
1 0.0124 0.1302 0.1922 0.09919 0.0806 0.0744 0 0.0062 0.0186 0 0.0062 0 0 0 0 0 0 0 0 0
1 0.008898 0.1602 0.2847 0.1691 0.1068 0.08898 0.05339 0 0 0.008898 0.008898 0 0 0 0 0 0 0 0 0
1 0.01248 0.08735 0.1997 0.156 0.09359 0.03744 0.02496 0 0.00624 0.00624 0 0 0 0 0 0 0 0 0 0
1 0.0266 0.05984 0.1928 0.133 0.1064 0.04655 0.05319 0.0266 0.0133 0 0.006649 0 0 0 0 0 0 0 0 0
1 0.02354 0.102 0.2511 0.1648 0.1256 0.07063 0.03139 0.007847 0 0.007847 0 0 0 0 0 0 0 0 0 0
1 0.04122 0.1237 0.3133 0.1566 0.05771 0.05771 0.03297 0.01649 0.01649 0 0 0 0.008244 0 0 0 0 0 0 0
1 0.006748 0.1012 0.2632 0.135 0.06073 0.06073 0.02699 0.0135 0 0 0 0.006748 0 0 0 0 0 0 0 0
1 0.02353 0.05648 0.1836 0.06589 0.08943 0.02824 0.009413 0.004707 0.004707 0 0.004707 0 0 0 0 0 0 0 0 0
1 0.02091 0.1185 0.2161 0.1534 0.1046 0.02788 0.02091 0.006971 0.006971 0 0.01394 0.006971 0 0 0 0 0 0 0 0
1 0.02037 0.1426 0.2648 0.1154 0.1018 0.02716 0 0 0 0 0.006789 0 0 0 0 0 0 0 0 0
1 0.01667 0.1389 0.189 0.08336 0.0389 0.06113 0.01112 0.01112 0 0.005558 0 0 0 0 0 0 0 0 0 0
1 0.007869 0.07082 0.1652 0.06689 0.04721 0.01967 0.003935 0.007869 0.003935 0 0 0 0 0 0 0 0 0 0 0
1 0.02009 0.07366 0.2076 0.154 0.1205 0.04687 0.01339 0.006696 0.02679 0 0 0 0 0 0 0 0 0 0 0
1 0.02516 0.1447 0.2076 0.1069 0.03774 0.03145 0.03145 0.01887 0.01887 0 0.00629 0 0 0 0 0 0 0 0 0
1 0 0.1376 0.2065 0.08759 0.06257 0.06882 0.02503 0.01877 0.006257 0 0.006257 0.006257 0 0 0 0 0 0 0 0
1 0.01428 0.07142 0.1714 0.09523 0.04285 0.04761 0.004761 0.02381 0.004761 0 0 0 0 0 0 0 0 0 0 0
1 0.01442 0.1875 0.2379 0.137 0.03605 0.05768 0.02884 0.01442 0 0.007211 0 0 0 0 0 0 0 0 0 0
1 0 0.07568 0.1354 0.06373 0.05577 0.02788 0 0.01195 0.01195 0.007967 0.003983 0 0 0.003983 0 0 0 0 0 0
1 0.01245 0.1494 0.2117 0.1619 0.03736 0.0249 0.01868 0.006226 0 0 0 0 0 0 0 0 0 0 0 0
1 0.02345 0.1719 0.297 0.1016 0.1094 0.01563 0.03126 0.01563 0.007816 0 0.007816 0 0 0 0 0 0 0 0 0
1 0.008806 0.08806 0.1453 0.07485 0.06605 0.01321 0.01761 0.01321 0 0.01321 0 0 0 0 0 0 0 0 0 0
1 0.01653 0.1047 0.2259 0.06611 0.04408 0.02204 0.03857 0.01102 0.00551 0.01102 0.00551 0 0 0 0 0 0 0 0 0
1 0.04591 0.1301 0.2754 0.153 0.08416 0.04591 0.007651 0 0.0153 0.007651 0 0 0 0 0 0 0 0 0 0
1 0.01642 0.1806 0.2544 0.1231 0.1477 0.04104 0.02462 0.01642 0 0.01642 0 0 0 0 0 0 0 0 0 0
1 0.02503 0.08511 0.1152 0.09512 0.0751 0.06509 0.01502 0.01001 0.01001 0.005007 0 0 0 0 0 0 0 0 0 0
1 0.02446 0.1794 0.2446 0.1794 0.08153 0.01631 0.04892 0.01631 0.008153 0 0.01631 0 0 0 0 0 0 0 0 0
1 0.0264 0.1109 0.2112 0.07393 0.05281 0.02112 0.01056 0.005281 0 0.005281 0.01056 0 0 0 0 0 0 0 0 0
1 0.02683 0.08586 0.1878 0.1342 0.0483 0.02683 0.02683 0 0 0 0 0 0 0 0 0 0 0 0 0
1 0.02355 0.106 0.1884 0.1708 0.04711 0.03533 0.01178 0 0 0 0 0 0 0 0 0.005889 0 0 0 0
