 landings-at-age - landings.n (units : NA )
1	2	
42	100	
1	20	
1 
1.54 17.14 39.36 26.08 17.93 12.78 8.698 6.369 4.337 3.009 2.011 1.437 1.033 0.6903 0.4538 0.3024 0.2144 0.1468 0.103 0.2532
1.596 18.81 47.04 28.92 15.77 10.84 7.728 5.259 3.851 2.623 1.82 1.216 0.8687 0.6247 0.4174 0.2744 0.1829 0.1296 0.08876 0.2153
1.485 15.76 41.94 27.85 14.05 7.661 5.268 3.754 2.555 1.871 1.274 0.8841 0.5909 0.422 0.3035 0.2028 0.1333 0.08883 0.06298 0.1477
1.353 15.87 38.18 27.23 14.88 7.507 4.093 2.814 2.006 1.365 0.9996 0.6807 0.4723 0.3157 0.2255 0.1621 0.1083 0.07123 0.04746 0.1126
1.413 15.37 40.79 26.35 15.47 8.452 4.265 2.325 1.599 1.139 0.7754 0.5678 0.3867 0.2683 0.1793 0.1281 0.09211 0.06154 0.04046 0.09091
1.369 15.39 37.86 26.89 14.29 8.388 4.583 2.312 1.261 0.8668 0.6178 0.4204 0.3079 0.2097 0.1455 0.09723 0.06944 0.04994 0.03337 0.07123
1.409 15.59 39.51 26 15.19 8.07 4.738 2.588 1.306 0.7121 0.4896 0.3489 0.2375 0.1739 0.1184 0.08217 0.05492 0.03922 0.02821 0.05908
1.372 14.02 35.17 23.8 12.87 7.516 3.993 2.345 1.281 0.6463 0.3524 0.2423 0.1727 0.1175 0.08605 0.0586 0.04066 0.02718 0.01941 0.0432
1.477 17.21 39.56 26.64 14.84 8.025 4.688 2.491 1.462 0.7989 0.4031 0.2198 0.1511 0.1077 0.07329 0.05367 0.03655 0.02536 0.01695 0.03905
1.48 15.41 40.39 24.65 13.62 7.589 4.103 2.397 1.274 0.7477 0.4085 0.2061 0.1124 0.07726 0.05507 0.03748 0.02744 0.01869 0.01297 0.02863
1.417 16.71 39.07 27.27 13.67 7.557 4.211 2.277 1.33 0.7066 0.4149 0.2266 0.1144 0.06235 0.04287 0.03055 0.02079 0.01523 0.01037 0.02308
1.422 14.75 39.18 24.35 13.96 6.998 3.867 2.155 1.165 0.6806 0.3616 0.2123 0.116 0.05852 0.03191 0.02194 0.01564 0.01064 0.007792 0.01712
1.422 15.01 35.22 24.99 12.77 7.317 3.668 2.027 1.13 0.6107 0.3568 0.1896 0.1113 0.0608 0.03068 0.01673 0.0115 0.008196 0.005578 0.01306
1.302 16.01 38.16 23.98 14 7.15 4.098 2.055 1.135 0.6326 0.3421 0.1998 0.1062 0.06233 0.03405 0.01718 0.009368 0.006441 0.004591 0.01044
1.294 14.56 40.32 25.66 13.25 7.736 3.952 2.265 1.136 0.6276 0.3497 0.1891 0.1104 0.05868 0.03445 0.01882 0.009497 0.005178 0.00356 0.008307
1.171 13.12 33.4 24.68 12.9 6.665 3.89 1.987 1.139 0.571 0.3156 0.1758 0.09507 0.05553 0.02951 0.01732 0.009464 0.004775 0.002604 0.005967
1.279 14.42 36.29 24.77 15.06 7.875 4.068 2.374 1.213 0.6952 0.3485 0.1926 0.1073 0.05803 0.0339 0.01801 0.01057 0.005777 0.002915 0.005231
1.17 12.8 32.54 21.75 12.19 7.409 3.874 2.001 1.168 0.5966 0.342 0.1714 0.09474 0.05279 0.02854 0.01667 0.008859 0.005201 0.002842 0.004007
1.089 12.62 31.25 21.27 11.69 6.551 3.983 2.083 1.076 0.6279 0.3208 0.1838 0.09217 0.05094 0.02838 0.01535 0.008964 0.004763 0.002796 0.003682
1.121 13.15 34.24 22.7 12.71 6.988 3.915 2.38 1.244 0.6429 0.3752 0.1917 0.1099 0.05508 0.03044 0.01696 0.00917 0.005357 0.002846 0.003871
1.04 12.13 31.9 22.03 11.98 6.711 3.689 2.067 1.257 0.657 0.3394 0.1981 0.1012 0.058 0.02908 0.01607 0.008954 0.004841 0.002828 0.003546
1.06 11.5 30.04 20.97 11.88 6.466 3.621 1.99 1.115 0.6779 0.3544 0.1831 0.1069 0.05459 0.03129 0.01569 0.008669 0.00483 0.002612 0.003439
1.031 10.49 25.68 17.81 10.2 5.781 3.145 1.761 0.9682 0.5423 0.3298 0.1724 0.08907 0.05199 0.02656 0.01522 0.007631 0.004217 0.00235 0.002943
1.067 11.6 26.64 17.46 9.96 5.704 3.233 1.759 0.9851 0.5415 0.3033 0.1844 0.09643 0.04982 0.02908 0.01485 0.008513 0.004268 0.002359 0.00296
0.9913 11.55 28.37 17.4 9.372 5.346 3.061 1.735 0.9441 0.5287 0.2906 0.1628 0.09899 0.05176 0.02674 0.01561 0.007972 0.004569 0.002291 0.002855
0.9696 10.94 28.77 18.88 9.521 5.129 2.926 1.676 0.9498 0.5167 0.2894 0.1591 0.08911 0.05418 0.02833 0.01463 0.008541 0.004363 0.002501 0.002816
0.8869 9.959 25.47 17.9 9.657 4.869 2.623 1.496 0.8569 0.4857 0.2643 0.148 0.08135 0.04557 0.02771 0.01449 0.007484 0.004368 0.002231 0.002719
0.9568 10.88 27.48 18.85 10.91 5.884 2.967 1.598 0.9117 0.5221 0.296 0.161 0.09017 0.04957 0.02777 0.01688 0.008827 0.00456 0.002661 0.003016
0.8757 9.886 25.32 17 9.572 5.538 2.987 1.506 0.8115 0.4629 0.2651 0.1503 0.08175 0.04578 0.02517 0.0141 0.008571 0.004481 0.002315 0.002883
0.7478 8.889 22.77 15.59 8.604 4.845 2.803 1.512 0.7624 0.4107 0.2343 0.1342 0.07605 0.04138 0.02317 0.01274 0.007135 0.004339 0.002268 0.002631
0.6893 8.769 23.58 16.23 9.153 5.052 2.845 1.646 0.8878 0.4477 0.2412 0.1376 0.07878 0.04466 0.0243 0.01361 0.007479 0.00419 0.002547 0.002877
0.7137 7.452 21.42 15.39 8.712 4.912 2.711 1.527 0.8833 0.4765 0.2403 0.1294 0.07383 0.04228 0.02397 0.01304 0.007302 0.004014 0.002248 0.002911
0.7389 8.197 19.27 14.8 8.747 4.951 2.792 1.541 0.8677 0.502 0.2708 0.1365 0.07356 0.04196 0.02403 0.01362 0.00741 0.00415 0.002281 0.002932
0.7128 7.73 19.34 12.11 7.638 4.513 2.555 1.44 0.795 0.4477 0.259 0.1397 0.07045 0.03795 0.02165 0.0124 0.007028 0.003824 0.002141 0.00269
0.6802 7.418 18.23 12.21 6.281 3.963 2.342 1.326 0.7474 0.4125 0.2323 0.1344 0.0725 0.03656 0.01969 0.01123 0.006433 0.003647 0.001984 0.002507
0.6242 7.595 18.77 12.39 6.829 3.515 2.218 1.31 0.7417 0.4182 0.2308 0.13 0.0752 0.04056 0.02045 0.01102 0.006285 0.0036 0.00204 0.002513
0.6884 7.453 20.4 13.5 7.333 4.041 2.08 1.312 0.7753 0.4389 0.2474 0.1366 0.07691 0.04449 0.024 0.0121 0.00652 0.003719 0.00213 0.002694
0.6768 6.887 16.84 12.26 6.663 3.619 1.994 1.026 0.6476 0.3826 0.2166 0.1221 0.0674 0.03796 0.02196 0.01185 0.005973 0.003218 0.001835 0.002381
0.7069 7.701 17.7 11.6 6.947 3.774 2.05 1.13 0.5813 0.3668 0.2167 0.1227 0.06917 0.03818 0.0215 0.01244 0.006709 0.003383 0.001823 0.002388
0.7816 8.237 20.14 12.34 6.646 3.981 2.163 1.175 0.6474 0.3332 0.2102 0.1242 0.07031 0.03964 0.02188 0.01232 0.007128 0.003845 0.001939 0.002413
0.675 7.698 18.31 11.89 5.977 3.22 1.929 1.048 0.5691 0.3136 0.1614 0.1018 0.06017 0.03406 0.0192 0.0106 0.005969 0.003453 0.001863 0.002108
0.6508 7.631 19.66 12.53 6.69 3.364 1.812 1.085 0.5897 0.3203 0.1765 0.09083 0.05731 0.03386 0.01917 0.01081 0.005965 0.003359 0.001943 0.002235
0.6425 6.984 18.5 12.73 6.672 3.563 1.792 0.965 0.5781 0.314 0.1706 0.094 0.04837 0.03052 0.01803 0.01021 0.005756 0.003177 0.001789 0.002225
0.6809 7.191 17.64 12.5 7.077 3.708 1.98 0.9957 0.5363 0.3213 0.1745 0.0948 0.05224 0.02688 0.01696 0.01002 0.005673 0.003199 0.001766 0.002231
0.5943 6.968 16.68 10.93 6.37 3.605 1.889 1.009 0.5072 0.2732 0.1637 0.08891 0.0483 0.02661 0.0137 0.008642 0.005106 0.00289 0.00163 0.002036
0.6568 6.68 17.75 11.41 6.159 3.588 2.031 1.064 0.5683 0.2857 0.1539 0.0922 0.05009 0.02721 0.01499 0.007715 0.004868 0.002876 0.001628 0.002065
0.6694 7.613 17.46 12.42 6.57 3.546 2.066 1.169 0.6126 0.3272 0.1645 0.08861 0.05308 0.02884 0.01566 0.008631 0.004442 0.002803 0.001656 0.002126
0.68 7.451 19.04 11.63 6.796 3.595 1.94 1.13 0.6398 0.3352 0.179 0.09002 0.04849 0.02905 0.01578 0.008571 0.004723 0.00243 0.001534 0.00207
0.6681 7.501 18.45 12.53 6.281 3.671 1.942 1.048 0.6107 0.3456 0.1811 0.09671 0.04863 0.02619 0.01569 0.008524 0.00463 0.002551 0.001313 0.001947
0.6219 6.526 16.58 10.84 6.045 3.03 1.771 0.9371 0.5058 0.2947 0.1668 0.08738 0.04666 0.02346 0.01264 0.007571 0.004113 0.002234 0.001231 0.001573
0.6537 7.638 18.03 12.28 6.613 3.687 1.848 1.08 0.5715 0.3085 0.1797 0.1017 0.05329 0.02846 0.01431 0.007708 0.004618 0.002508 0.001363 0.00171
0.6092 6.935 18.21 11.41 6.38 3.435 1.915 0.9601 0.5612 0.2969 0.1602 0.09336 0.05284 0.02768 0.01478 0.007434 0.004004 0.002399 0.001303 0.001596
0.5841 6.75 17.27 12.06 6.209 3.471 1.869 1.042 0.5224 0.3053 0.1615 0.08718 0.05079 0.02875 0.01506 0.008044 0.004045 0.002179 0.001305 0.001577
0.5385 5.879 15.35 10.45 5.994 3.085 1.725 0.9286 0.5177 0.2595 0.1517 0.08025 0.04332 0.02524 0.01428 0.007484 0.003996 0.00201 0.001082 0.001432
0.5346 5.841 14.45 10.12 5.664 3.249 1.673 0.9351 0.5034 0.2807 0.1407 0.08224 0.04351 0.02348 0.01368 0.007744 0.004057 0.002167 0.001089 0.001363
0.5636 6.149 15.17 10.06 5.796 3.245 1.862 0.9582 0.5357 0.2884 0.1608 0.08061 0.04712 0.02493 0.01345 0.007838 0.004436 0.002324 0.001241 0.001405
0.6072 6.329 15.54 10.22 5.572 3.21 1.797 1.031 0.5308 0.2967 0.1598 0.08907 0.04465 0.0261 0.01381 0.007452 0.004342 0.002457 0.001288 0.001466
0.5529 6.269 14.75 9.646 5.213 2.841 1.637 0.9164 0.5257 0.2706 0.1513 0.08145 0.04541 0.02277 0.01331 0.00704 0.0038 0.002214 0.001253 0.001404
0.6151 6.589 16.78 10.55 5.675 3.067 1.672 0.963 0.5392 0.3093 0.1592 0.08901 0.04792 0.02672 0.01339 0.007829 0.004142 0.002235 0.001302 0.001563
