Originally  
101 
A 
2	100	
1	1	NA	NA	
1	20	
1 396.6 264.4 367.2 132.2 132.2 73.45 44.07 0 29.38 14.69 0 0 14.69 0 0 0 0 0 0 0
1 398.4 291.1 275.8 183.9 153.2 76.61 15.32 30.64 45.96 15.32 15.32 15.32 0 0 0 0 15.32 0 0 0
1 800 204.3 221.3 136.2 68.08 85.11 51.06 34.04 17.02 17.02 0 0 17.02 17.02 17.02 0 17.02 0 0 0
1 498.1 498.1 155.7 15.57 109 62.26 62.26 46.7 31.13 15.57 15.57 0 15.57 0 0 15.57 0 15.57 0 0
1 1421 348.1 493.1 87.02 174 58.02 29.01 58.02 116 87.02 0 0 0 0 29.01 0 0 0 0 0
1 459 631.2 229.5 229.5 76.51 57.38 95.63 38.25 19.13 38.25 19.13 0 0 0 0 0 0 0 0 19.13
1 484.2 421.1 694.8 84.22 168.4 84.22 63.16 21.05 21.05 0 0 21.05 0 21.05 0 21.05 0 0 0 0
1 1434 358.5 423.7 456.3 130.4 195.6 65.18 130.4 0 32.59 32.59 0 0 0 0 0 0 0 0 0
1 688.5 713 368.8 196.7 270.5 98.35 24.59 0 49.18 49.18 0 0 0 0 0 0 0 0 0 0
1 446.5 320.9 279.1 83.72 55.81 97.67 27.91 55.81 0 27.91 0 0 0 0 0 0 0 0 0 0
1 1876 416.9 312.7 277.9 243.2 69.49 208.5 34.74 0 0 0 0 0 0 34.74 0 0 0 0 0
1 235.2 1039 176.4 98.02 254.8 39.21 39.21 39.21 0 19.6 0 0 19.6 0 0 0 0 0 0 0
1 894.8 49.71 870 198.8 248.6 74.57 49.71 0 24.86 24.86 49.71 0 0 0 0 0 0 0 0 0
1 241.5 383.6 71.04 383.6 113.7 56.83 56.83 56.83 14.21 14.21 0 0 0 14.21 0 14.21 0 0 0 0
1 977.9 185 370 79.29 555 132.2 79.29 132.2 0 26.43 79.29 26.43 0 0 0 0 0 0 0 0
1 190.5 537 103.9 225.2 86.61 433 51.96 34.64 17.32 17.32 0 17.32 0 0 0 0 17.32 0 0 0
1 110.7 316.4 379.7 79.1 221.5 15.82 158.2 31.64 94.92 79.1 15.82 15.82 31.64 0 15.82 0 0 0 0 15.82
1 214.1 137.6 229.4 397.6 91.75 183.5 15.29 198.8 15.29 0 0 15.29 15.29 0 15.29 0 0 0 0 0
1 185.6 216.5 123.7 232 324.8 30.93 123.7 0 185.6 61.87 30.93 15.47 0 0 15.47 0 0 0 0 0
1 810.6 140.3 77.94 31.18 77.94 109.1 15.59 62.35 15.59 109.1 15.59 31.18 0 15.59 0 46.76 0 0 0 0
1 216 598.2 33.24 116.3 66.47 182.8 216 49.85 66.47 33.24 16.62 16.62 0 16.62 16.62 0 16.62 0 0 0
1 1167 297.9 521.3 74.47 24.82 24.82 99.3 173.8 24.82 24.82 0 0 0 0 24.82 0 0 24.82 0 0
1 1134 727.1 116.3 494.4 87.25 145.4 0 29.08 145.4 29.08 0 0 0 0 0 0 0 0 0 0
1 1319 323.6 373.3 99.56 199.1 0 24.89 24.89 0 124.4 0 0 0 0 0 0 0 0 0 0
1 498.1 1307 404.7 280.2 124.5 249 62.26 31.13 31.13 31.13 31.13 31.13 0 31.13 0 0 0 0 0 0
1 565.5 475 565.5 271.4 158.3 45.24 180.9 0 0 0 0 0 0 0 0 0 0 0 0 0
1 304.5 236.9 118.4 490.6 186.1 186.1 33.84 67.67 50.76 0 0 0 0 0 0 0 16.92 0 0 0
1 643.7 343.3 236 257.5 429.1 64.37 107.3 21.46 0 42.91 0 0 0 0 0 0 0 0 0 0
1 643.6 367.8 206.9 229.9 137.9 436.7 68.96 137.9 0 45.97 0 0 22.99 0 0 0 0 0 0 0
1 572.4 310.7 278 98.13 65.42 114.5 81.77 32.71 49.06 0 16.35 0 0 0 16.35 0 0 0 0 0
1 270 450.1 270 252 144 90.02 90.02 108 36.01 18 0 36.01 18 0 0 0 18 0 0 0
1 2206 373.9 261.7 186.9 112.2 299.1 37.39 149.5 74.77 37.39 0 0 0 0 0 0 0 0 0 0
1 204 1168 148.4 148.4 55.64 37.09 0 18.55 18.55 18.55 0 0 0 18.55 0 0 0 0 18.55 0
1 308.9 365.1 1545 56.17 168.5 84.25 140.4 28.08 0 28.08 28.08 28.08 0 28.08 0 0 0 0 0 0
1 1105 150.7 201 728.6 75.37 75.37 25.12 25.12 25.12 25.12 25.12 25.12 25.12 0 0 0 0 0 0 0
1 229.3 815.2 254.7 152.8 789.7 50.95 101.9 50.95 25.47 0 25.47 25.47 0 0 0 25.47 0 0 0 0
1 266.4 118.4 355.2 88.8 103.6 355.2 14.8 29.6 44.4 44.4 14.8 29.6 0 14.8 0 0 0 0 0 0
1 237.8 118.9 83.24 237.8 71.35 59.46 273.5 11.89 11.89 11.89 11.89 11.89 11.89 11.89 11.89 0 0 0 0 11.89
1 802.7 119.6 119.6 68.32 187.9 51.24 17.08 273.3 0 0 51.24 0 0 0 0 0 17.08 0 0 0
1 371.2 336.4 92.8 58 0 81.2 11.6 34.8 174 0 0 0 0 0 0 0 0 0 0 0
1 178.4 178.4 335.8 41.97 41.97 41.97 73.45 0 52.46 73.45 10.49 0 0 10.49 10.49 0 0 0 0 0
1 176.4 41.52 259.5 207.6 51.9 51.9 51.9 41.52 10.38 10.38 72.65 0 0 10.38 10.38 20.76 0 0 10.38 10.38
1 710.6 236.9 54.66 236.9 364.4 18.22 54.66 36.44 91.1 0 0 0 0 18.22 0 0 0 0 0 0
1 568.5 290.9 158.7 39.67 79.33 132.2 0 13.22 13.22 13.22 0 0 13.22 0 0 0 0 0 0 0
1 160.7 257 152.6 64.26 16.07 48.2 64.26 16.07 8.033 0 0 0 16.07 0 0 0 0 0 0 0
1 540.4 84.06 240.2 144.1 48.03 12.01 72.05 36.03 0 0 12.01 0 0 0 0 0 0 0 0 12.01
1 544.6 511.6 148.5 247.6 99.02 0 16.5 33.01 16.5 0 16.5 0 16.5 0 0 0 0 0 0 0
1 240.5 297 339.5 99.01 198 113.2 14.14 0 42.43 42.43 0 0 0 0 0 0 28.29 0 0 0
1 336.8 224.6 134.7 258.2 33.68 44.91 44.91 11.23 11.23 11.23 11.23 0 0 0 0 0 0 0 0 0
1 246.8 222.1 74.04 123.4 49.36 24.68 57.59 24.68 0 0 0 0 0 0 0 0 0 0 0 0
1 955.2 333.2 333.2 133.3 266.6 88.85 66.64 22.21 22.21 0 0 0 0 0 0 0 0 0 0 0
1 1067 574.5 143.6 184.7 41.04 41.04 0 0 0 0 0 0 0 0 0 0 0 0 0 0
1 720.8 679.6 267.7 144.2 103 20.59 20.59 20.59 20.59 41.19 20.59 0 0 0 0 0 0 0 0 0
1 340.1 657.6 725.6 272.1 90.7 45.35 22.68 45.35 45.35 0 0 0 0 0 0 0 0 0 0 22.68
1 638.3 212.8 531.9 468.1 170.2 63.83 42.55 0 0 0 0 0 0 0 0 0 0 0 0 0
1 285.9 386.8 67.27 386.8 302.7 168.2 16.82 16.82 16.82 0 16.82 16.82 0 0 0 0 0 0 0 0
1 492.1 196.9 184.6 24.61 123 110.7 61.52 24.61 0 0 12.3 0 0 0 0 0 0 0 0 0
1 1809 408.6 145.9 233.5 58.37 116.7 116.7 0 0 0 0 0 29.18 0 0 0 0 0 0 0
1 192.4 1395 312.7 144.3 96.21 48.1 24.05 72.16 48.1 24.05 24.05 0 0 0 0 0 0 0 0 24.05
1 497.3 230.9 657.1 124.3 35.52 124.3 0 53.28 35.52 0 0 17.76 0 0 0 0 0 0 0 0
1 467 408.6 175.1 486.5 194.6 19.46 97.29 0 77.83 19.46 0 0 0 0 0 0 0 0 0 0
1 273.3 460.3 244.6 57.54 258.9 71.93 28.77 14.39 0 14.39 14.39 0 0 0 0 0 0 0 0 0
1 270.1 199.1 398.1 128 56.87 199.1 56.87 42.66 42.66 0 0 14.22 14.22 0 0 0 0 0 0 0
1 451.3 295.7 186.8 264.6 108.9 31.13 155.6 46.69 0 0 0 0 15.56 0 0 0 0 0 0 0
1 402.2 295.7 82.8 94.63 82.8 35.49 23.66 94.63 0 23.66 0 0 0 23.66 0 23.66 0 0 0 0
1 672.8 344.2 234.7 78.23 109.5 46.94 15.65 15.65 15.65 15.65 0 15.65 0 0 0 0 0 0 0 0
1 303.3 749.4 178.4 178.4 17.84 107.1 71.37 0 71.37 71.37 35.68 0 0 0 0 0 0 0 0 0
1 75.81 318.4 454.8 212.3 227.4 60.65 30.32 45.48 0 0 15.16 30.32 15.16 15.16 0 0 0 15.16 0 0
1 496 46.5 294.5 279 170.5 124 31 15.5 46.5 0 0 46.5 0 0 0 0 0 0 0 0
1 784.9 252.3 28.03 84.09 112.1 42.05 28.03 42.05 0 0 0 0 28.03 0 0 0 0 0 0 0
1 205.2 889.1 205.2 34.19 171 102.6 17.1 51.29 17.1 0 0 17.1 0 0 0 0 0 0 0 0
1 480.4 80.06 427 133.4 0 40.03 93.4 13.34 0 13.34 13.34 40.03 0 0 0 0 0 0 0 0
1 117 243 54 279 80.99 0 36 36 18 0 8.999 0 18 0 0 8.999 0 0 0 0
1 623.1 71.9 131.8 35.95 167.8 95.86 0 35.95 11.98 0 0 0 0 11.98 11.98 0 0 0 0 0
1 333 638.3 27.75 97.14 41.63 111 27.75 13.88 27.75 41.63 0 13.88 0 13.88 0 0 0 0 0 0
1 1686 187.3 347.8 80.27 80.27 53.51 107 53.51 0 26.76 26.76 26.76 0 0 0 0 0 0 0 0
1 201 895.5 146.2 292.4 36.55 54.82 36.55 109.6 0 0 0 0 18.27 18.27 0 0 18.27 0 0 0
1 246.1 150.4 574.3 109.4 205.1 0 54.69 0 27.35 0 0 0 0 0 0 0 0 0 0 0
1 903.5 236.6 258.2 516.3 86.05 64.54 43.03 0 21.51 21.51 0 0 0 0 0 0 0 0 0 0
1 270.9 474 162.5 40.63 243.8 27.09 108.3 0 0 0 13.54 0 0 13.54 0 0 0 0 0 0
1 135.4 218.8 375.1 62.51 10.42 187.5 31.26 20.84 0 0 0 0 0 0 0 0 0 0 0 0
1 974.4 281.5 281.5 281.5 64.96 151.6 64.96 21.65 0 0 21.65 0 21.65 0 0 0 0 0 0 0
1 260.6 446.7 86.86 99.27 136.5 37.23 37.23 74.45 0 49.64 0 0 0 0 0 0 12.41 0 0 0
1 336.8 439.3 336.8 161.1 29.29 58.58 14.64 0 58.58 0 14.64 0 0 0 14.64 0 0 0 0 0
1 382.1 290.4 244.6 321 61.14 61.14 61.14 61.14 30.57 15.29 0 0 0 0 0 0 0 0 0 0
1 626.6 222.8 181 125.3 111.4 41.77 41.77 13.92 0 0 27.85 0 0 0 0 0 0 0 0 0
1 909.8 384.2 121.3 182 182 161.8 40.44 0 0 20.22 0 0 20.22 0 0 0 0 0 0 0
1 137.9 344.6 160.8 114.9 103.4 126.4 45.95 45.95 11.49 22.98 22.98 0 0 0 0 0 0 0 11.49 0
1 689.8 205.1 298.3 186.4 130.5 74.57 111.9 111.9 0 0 18.64 18.64 0 18.64 0 0 0 0 0 0
1 142.1 542.5 167.9 155 77.5 90.41 25.83 25.83 25.83 12.92 0 0 0 12.92 12.92 0 0 0 0 0
1 1128 118.7 296.8 39.57 178.1 98.93 39.57 39.57 0 39.57 0 0 0 0 0 0 0 0 0 0
1 306.4 938.3 172.3 248.9 38.3 134 19.15 38.3 19.15 0 0 0 0 0 0 0 0 0 0 0
1 1180 244.9 445.2 44.52 111.3 44.52 44.52 22.26 0 22.26 0 44.52 0 0 0 0 0 22.26 0 0
1 1105 1136 184.2 429.8 30.7 61.39 30.7 0 30.7 0 30.7 0 30.7 0 0 0 0 0 0 0
1 445.3 544.3 865.9 197.9 173.2 0 173.2 49.48 0 0 24.74 0 0 0 0 0 0 0 0 0
1 165.6 349.6 441.6 423.2 55.2 220.8 36.8 36.8 0 55.2 18.4 18.4 18.4 0 0 0 0 0 0 0
1 471.5 174.6 192.1 244.5 454.1 34.93 122.3 0 17.46 0 17.46 0 17.46 0 0 0 0 0 0 0
1 1256 132.2 66.09 198.3 154.2 220.3 0 88.12 22.03 22.03 0 22.03 0 0 0 22.03 0 0 0 0
1 248.6 628.1 78.51 52.34 52.34 52.34 91.59 26.17 52.34 0 13.08 0 0 0 13.08 0 0 0 0 0
