 landings-at-age - landings.n (units : NA )
1	2	
2	100	
1	20	
1 
0.02659 0.2984 0.8352 0.6934 0.4839 0.3377 0.2357 0.1644 0.1148 0.08008 0.05589 0.039 0.02722 0.01899 0.01325 0.009249 0.006454 0.004504 0.003143 0.007259
0.003153 0.05216 0.1462 0.1214 0.08475 0.05914 0.04127 0.0288 0.0201 0.01403 0.009787 0.00683 0.004766 0.003326 0.002321 0.00162 0.00113 0.0007888 0.0005504 0.001271
0.007388 0.0354 0.1464 0.1219 0.08515 0.05942 0.04147 0.02894 0.02019 0.01409 0.009834 0.006862 0.004789 0.003342 0.002332 0.001627 0.001136 0.0007925 0.000553 0.001277
0.005662 0.08296 0.09934 0.122 0.08549 0.0597 0.04166 0.02907 0.02029 0.01416 0.00988 0.006895 0.004811 0.003358 0.002343 0.001635 0.001141 0.0007963 0.0005557 0.001283
0.01198 0.06358 0.2328 0.08284 0.08557 0.05994 0.04186 0.02921 0.02038 0.01423 0.009927 0.006927 0.004834 0.003374 0.002354 0.001643 0.001146 8e-04 0.0005583 0.001289
0.00487 0.1345 0.1784 0.1941 0.05808 0.06 0.04203 0.02935 0.02048 0.01429 0.009974 0.00696 0.004857 0.00339 0.002365 0.001651 0.001152 0.0008038 0.0005609 0.001295
0.006378 0.05468 0.3774 0.1488 0.1361 0.04072 0.04207 0.02947 0.02058 0.01436 0.01002 0.006993 0.00488 0.003406 0.002377 0.001658 0.001157 0.0008076 0.0005636 0.001302
0.01011 0.07162 0.1534 0.3147 0.1043 0.09542 0.02855 0.0295 0.02066 0.01443 0.01007 0.007026 0.004903 0.003422 0.002388 0.001666 0.001163 0.0008114 0.0005663 0.001308
0.005222 0.1135 0.201 0.1279 0.2206 0.07313 0.0669 0.02002 0.02068 0.01449 0.01012 0.00706 0.004926 0.003438 0.002399 0.001674 0.001168 0.0008153 0.0005689 0.001314
0.00729 0.05864 0.3185 0.1676 0.08971 0.1547 0.05128 0.04691 0.01404 0.0145 0.01016 0.007093 0.00495 0.003454 0.00241 0.001682 0.001174 0.0008191 0.0005716 0.00132
0.02025 0.08185 0.1645 0.2656 0.1175 0.0629 0.1085 0.03595 0.03289 0.009842 0.01017 0.007121 0.004973 0.003471 0.002422 0.00169 0.001179 0.000823 0.0005743 0.001326
0.00223 0.2273 0.2297 0.1372 0.1862 0.08238 0.0441 0.07605 0.02521 0.02306 0.006901 0.007128 0.004993 0.003487 0.002433 0.001698 0.001185 0.0008269 0.0005771 0.001333
0.008412 0.02504 0.6379 0.1915 0.09619 0.1305 0.05776 0.03092 0.05332 0.01767 0.01617 0.004838 0.004998 0.003501 0.002445 0.001706 0.001191 0.0008308 0.0005798 0.001339
0.002736 0.09445 0.07027 0.5319 0.1343 0.06745 0.09153 0.0405 0.02168 0.03739 0.01239 0.01134 0.003392 0.003504 0.002455 0.001714 0.001196 0.0008348 0.0005825 0.001345
0.01123 0.03072 0.265 0.05859 0.373 0.09416 0.04729 0.06418 0.02839 0.0152 0.02621 0.008689 0.007949 0.002379 0.002457 0.001721 0.001202 0.0008387 0.0005853 0.001352
0.004528 0.1261 0.08619 0.221 0.04108 0.2615 0.06602 0.03316 0.045 0.01991 0.01066 0.01838 0.006092 0.005573 0.001668 0.001723 0.001207 0.0008427 0.0005881 0.001358
0.001599 0.05084 0.3538 0.07187 0.1549 0.0288 0.1833 0.04629 0.02325 0.03155 0.01396 0.007473 0.01289 0.004271 0.003908 0.001169 0.001208 0.000846 0.0005908 0.001365
0.003046 0.01796 0.1427 0.295 0.05039 0.1086 0.0202 0.1286 0.03245 0.0163 0.02212 0.009787 0.005239 0.009035 0.002995 0.00274 0.0008198 0.0008469 0.0005932 0.001371
0.002031 0.0342 0.05039 0.119 0.2068 0.03533 0.07617 0.01416 0.09013 0.02275 0.01143 0.01551 0.006862 0.003674 0.006335 0.0021 0.001921 0.0005748 0.0005938 0.001377
0.008861 0.02281 0.09598 0.04202 0.08341 0.145 0.02477 0.05341 0.009929 0.0632 0.01595 0.008013 0.01087 0.004811 0.002576 0.004442 0.001472 0.001347 0.000403 0.001382
0.002485 0.09949 0.064 0.08003 0.02946 0.05848 0.1017 0.01737 0.03745 0.006961 0.04431 0.01119 0.005618 0.007625 0.003373 0.001806 0.003114 0.001032 0.0009444 0.001252
0.009124 0.0279 0.2792 0.05337 0.05611 0.02066 0.04101 0.0713 0.01218 0.02626 0.004881 0.03107 0.007843 0.003939 0.005346 0.002365 0.001266 0.002183 0.0007238 0.00154
0.008019 0.1024 0.07829 0.2328 0.03742 0.03934 0.01448 0.02875 0.04999 0.008539 0.01841 0.003422 0.02178 0.005499 0.002762 0.003748 0.001658 0.0008878 0.001531 0.001587
0.01656 0.09004 0.2875 0.06529 0.1632 0.02624 0.02759 0.01015 0.02016 0.03505 0.005987 0.01291 0.002399 0.01527 0.003856 0.001937 0.002628 0.001163 0.0006225 0.002186
0.005317 0.186 0.2527 0.2397 0.04578 0.1144 0.0184 0.01934 0.00712 0.01413 0.02457 0.004198 0.00905 0.001682 0.01071 0.002703 0.001358 0.001843 0.0008153 0.001969
0.006316 0.0597 0.5218 0.2107 0.1681 0.0321 0.08024 0.0129 0.01356 0.004992 0.00991 0.01723 0.002943 0.006345 0.00118 0.007508 0.001895 0.000952 0.001292 0.001952
0.004932 0.07092 0.1675 0.4351 0.1477 0.1178 0.0225 0.05626 0.009043 0.009508 0.0035 0.006948 0.01208 0.002064 0.004449 0.0008271 0.005264 0.001329 0.0006675 0.002275
0.005786 0.05538 0.199 0.1397 0.3051 0.1036 0.08262 0.01578 0.03945 0.006341 0.006667 0.002454 0.004872 0.00847 0.001447 0.003119 0.0005799 0.003691 0.0009318 0.002063
0.004981 0.06497 0.1554 0.1659 0.09795 0.2139 0.07262 0.05793 0.01106 0.02766 0.004446 0.004674 0.001721 0.003416 0.005939 0.001015 0.002187 0.0004066 0.002588 0.0021
0.005515 0.05593 0.1823 0.1296 0.1163 0.06868 0.15 0.05092 0.04062 0.007757 0.01939 0.003117 0.003277 0.001206 0.002395 0.004164 0.0007113 0.001533 0.0002851 0.003287
0.002792 0.06192 0.1569 0.152 0.09086 0.08158 0.04815 0.1052 0.0357 0.02848 0.005439 0.0136 0.002185 0.002298 0.0008458 0.001679 0.00292 0.0004987 0.001075 0.002504
0.02363 0.03135 0.1737 0.1309 0.1066 0.0637 0.0572 0.03376 0.07373 0.02503 0.01997 0.003813 0.009533 0.001532 0.001611 0.0005931 0.001177 0.002047 0.0003497 0.00251
0.003972 0.2653 0.08797 0.1449 0.09176 0.07473 0.04467 0.0401 0.02367 0.05169 0.01755 0.014 0.002674 0.006684 0.001074 0.00113 0.0004158 0.0008255 0.001435 0.002005
0.003402 0.0446 0.7445 0.07336 0.1016 0.06434 0.0524 0.03132 0.02812 0.0166 0.03624 0.01231 0.009816 0.001875 0.004687 0.0007533 0.0007921 0.0002915 0.0005788 0.002412
0.009592 0.0382 0.1251 0.6208 0.05143 0.07123 0.04511 0.03674 0.02196 0.01971 0.01164 0.02541 0.008628 0.006882 0.001314 0.003286 0.0005282 0.0005553 0.0002044 0.002097
0.00219 0.1077 0.1072 0.1044 0.4353 0.03606 0.04994 0.03163 0.02576 0.0154 0.01382 0.008159 0.01782 0.006049 0.004826 0.0009215 0.002304 0.0003703 0.0003894 0.001614
0.00292 0.02459 0.3022 0.08938 0.07317 0.3052 0.02529 0.03501 0.02218 0.01806 0.01079 0.009692 0.005721 0.01249 0.004241 0.003383 0.0006461 0.001615 0.0002596 0.001404
0.002348 0.03279 0.069 0.252 0.06267 0.0513 0.214 0.01773 0.02455 0.01555 0.01266 0.007569 0.006795 0.004011 0.008759 0.002974 0.002372 0.000453 0.001133 0.001167
0.007906 0.02636 0.092 0.05753 0.1767 0.04394 0.03597 0.15 0.01243 0.01721 0.0109 0.008879 0.005307 0.004765 0.002812 0.006141 0.002085 0.001663 0.0003176 0.001612
0.2964 4.858 3.984 4.115 2.164 6.646 1.652 1.353 5.643 0.4675 0.6474 0.41 0.3339 0.1996 0.1792 0.1058 0.231 0.07842 0.06255 0.07258
0.1106 4.252 16.96 4.039 3.492 1.836 5.639 1.402 1.148 4.788 0.3967 0.5494 0.3479 0.2834 0.1694 0.1521 0.08975 0.196 0.06654 0.1147
0.07769 0.7041 6.637 7.664 1.525 1.319 0.6934 2.13 0.5295 0.4335 1.808 0.1498 0.2074 0.1314 0.107 0.06395 0.05742 0.03389 0.07401 0.06843
0.3122 1.28 2.838 7.811 7.559 1.505 1.301 0.6839 2.1 0.5223 0.4276 1.783 0.1478 0.2046 0.1296 0.1055 0.06308 0.05664 0.03343 0.1405
0.3562 3.198 3.206 2.063 4.75 4.597 0.915 0.791 0.4159 1.277 0.3176 0.26 1.085 0.08986 0.1244 0.07881 0.06418 0.03836 0.03444 0.1058
0.1711 5.34 11.67 3.395 1.828 4.21 4.074 0.8109 0.7011 0.3686 1.132 0.2815 0.2305 0.9613 0.07964 0.1103 0.06985 0.05689 0.034 0.1243
0.5009 1.621 12.32 7.772 1.89 1.018 2.344 2.268 0.4515 0.3903 0.2052 0.6303 0.1567 0.1283 0.5352 0.04434 0.0614 0.03889 0.03167 0.08812
0.242 4.783 3.783 8.342 4.401 1.07 0.5763 1.327 1.284 0.2556 0.221 0.1162 0.3569 0.08875 0.07265 0.303 0.02511 0.03477 0.02202 0.06783
0.2116 3.375 16.26 3.738 6.899 3.64 0.885 0.4766 1.098 1.062 0.2114 0.1828 0.09611 0.2952 0.0734 0.06008 0.2506 0.02076 0.02875 0.07431
0.3018 2.445 9.489 13.22 2.542 4.691 2.475 0.6018 0.3241 0.7463 0.7223 0.1438 0.1243 0.06535 0.2007 0.0499 0.04085 0.1704 0.01412 0.07007
0.2438 3.106 6.13 6.877 8.011 1.54 2.842 1.499 0.3646 0.1964 0.4522 0.4376 0.08709 0.07529 0.03959 0.1216 0.03023 0.02475 0.1032 0.05101
0.5853 2.991 9.27 5.296 4.969 5.788 1.113 2.053 1.083 0.2634 0.1419 0.3267 0.3162 0.06293 0.0544 0.02861 0.08786 0.02185 0.01788 0.1115
1.067 7.142 8.856 7.923 3.784 3.55 4.135 0.7949 1.467 0.7739 0.1882 0.1014 0.2334 0.2259 0.04496 0.03887 0.02044 0.06277 0.01561 0.0924
0.621 10.64 17.31 6.188 4.625 2.209 2.072 2.414 0.464 0.8564 0.4518 0.1099 0.05917 0.1363 0.1319 0.02624 0.02269 0.01193 0.03664 0.06305
0.1656 7.196 29.96 14.09 4.21 3.147 1.503 1.41 1.642 0.3157 0.5826 0.3073 0.07474 0.04025 0.09269 0.08971 0.01785 0.01543 0.008116 0.06782
0.5389 2.005 21.13 25.39 9.976 2.981 2.228 1.064 0.9983 1.163 0.2235 0.4125 0.2176 0.05292 0.0285 0.06563 0.06352 0.01264 0.01093 0.05377
0.2864 5.765 5.203 15.79 15.85 6.228 1.861 1.391 0.6642 0.6232 0.726 0.1395 0.2575 0.1359 0.03304 0.01779 0.04098 0.03966 0.007893 0.04039
0.4239 3.014 14.74 3.836 9.728 9.764 3.837 1.146 0.8569 0.4092 0.384 0.4472 0.08597 0.1587 0.0837 0.02035 0.01096 0.02524 0.02443 0.02975
1.164 4.947 8.54 12.06 2.624 6.653 6.678 2.624 0.7841 0.5861 0.2799 0.2626 0.3059 0.05879 0.1085 0.05724 0.01392 0.007497 0.01727 0.03705
0.2014 10.89 11.27 5.615 6.626 1.442 3.656 3.669 1.442 0.4308 0.322 0.1538 0.1443 0.1681 0.0323 0.05962 0.03145 0.007649 0.004119 0.02985
0.2717 2.154 28.42 8.526 3.555 4.194 0.9125 2.314 2.322 0.9127 0.2727 0.2038 0.09733 0.09133 0.1064 0.02045 0.03774 0.01991 0.004841 0.0215
0.2486 2.28 4.432 16.99 4.264 1.778 2.097 0.4563 1.157 1.161 0.4565 0.1364 0.1019 0.04868 0.04567 0.0532 0.01023 0.01887 0.009957 0.01317
0.1537 2.938 6.612 3.751 12.05 3.023 1.26 1.487 0.3236 0.8205 0.8235 0.3236 0.0967 0.07228 0.03451 0.03238 0.03772 0.007251 0.01338 0.0164
0.2369 2.701 12.56 8.228 3.91 12.56 3.151 1.314 1.55 0.3373 0.8552 0.8584 0.3373 0.1008 0.07534 0.03597 0.03375 0.03932 0.007558 0.03104
0.2513 1.76 4.906 6.594 3.609 1.715 5.506 1.382 0.5762 0.6798 0.1479 0.3751 0.3765 0.148 0.0442 0.03304 0.01578 0.0148 0.01724 0.01693
0.254 2.322 3.998 3.248 3.655 2.001 0.9506 3.053 0.7662 0.3194 0.3769 0.082 0.2079 0.2087 0.08202 0.02451 0.01832 0.008747 0.008207 0.01894
0.6226 5.018 11.18 5.614 3.823 4.302 2.354 1.119 3.593 0.9017 0.3759 0.4435 0.0965 0.2447 0.2456 0.09653 0.02884 0.02156 0.01029 0.03195
0.2117 4.64 9.148 5.892 2.473 1.684 1.895 1.037 0.4927 1.582 0.3971 0.1656 0.1954 0.0425 0.1078 0.1082 0.04251 0.0127 0.009494 0.01861
0.03591 2.482 13.33 7.659 4.132 1.734 1.181 1.329 0.7271 0.3455 1.109 0.2785 0.1161 0.137 0.0298 0.07557 0.07585 0.02981 0.008906 0.0197
0.2436 0.4868 8.217 12.84 6.177 3.332 1.398 0.952 1.071 0.5864 0.2786 0.8947 0.2246 0.09362 0.1105 0.02403 0.06094 0.06117 0.02404 0.02307
0.6046 2.73 1.331 6.511 8.511 4.094 2.208 0.9268 0.631 0.7101 0.3887 0.1847 0.593 0.1488 0.06205 0.07322 0.01593 0.04039 0.04054 0.03123
0.08835 5.928 6.543 0.9248 3.785 4.948 2.38 1.284 0.5388 0.3668 0.4129 0.2259 0.1074 0.3448 0.08653 0.03608 0.04257 0.009261 0.02348 0.04173
0.1863 0.7861 12.94 4.157 0.4919 2.013 2.632 1.266 0.6828 0.2866 0.1951 0.2196 0.1202 0.0571 0.1834 0.04602 0.01919 0.02264 0.004926 0.03468
0.1015 3.566 3.663 17.58 4.73 0.5596 2.29 2.994 1.44 0.7768 0.326 0.222 0.2498 0.1367 0.06496 0.2086 0.05236 0.02183 0.02575 0.04506
0.5394 0.856 7.337 2.176 8.726 2.348 0.2778 1.137 1.486 0.7149 0.3856 0.1618 0.1102 0.124 0.06787 0.03225 0.1036 0.02599 0.01084 0.03515
0.1832 5.625 2.184 5.441 1.351 5.415 1.457 0.1724 0.7056 0.9224 0.4437 0.2393 0.1004 0.06838 0.07696 0.04212 0.02001 0.06427 0.01613 0.02854
0.9571 2.729 20.41 2.303 4.802 1.192 4.779 1.286 0.1521 0.6227 0.814 0.3916 0.2112 0.08864 0.06035 0.06792 0.03717 0.01766 0.05672 0.03942
0.208 10.85 7.516 16.23 1.531 3.193 0.7925 3.178 0.855 0.1012 0.4141 0.5412 0.2604 0.1404 0.05893 0.04013 0.04516 0.02472 0.01174 0.06393
0.2905 2.383 30.18 6.037 10.9 1.028 2.143 0.532 2.133 0.574 0.06791 0.278 0.3633 0.1748 0.09428 0.03957 0.02694 0.03032 0.01659 0.0508
0.5132 3.007 6 21.92 3.665 6.616 0.6241 1.301 0.323 1.295 0.3485 0.04123 0.1688 0.2206 0.1061 0.05724 0.02402 0.01636 0.01841 0.04092
0.2478 5.51 7.863 4.536 13.86 2.317 4.182 0.3945 0.8225 0.2042 0.8187 0.2203 0.02606 0.1067 0.1394 0.06707 0.03618 0.01518 0.01034 0.0375
0.166 2.106 11.46 4.737 2.285 6.981 1.167 2.107 0.1987 0.4144 0.1029 0.4124 0.111 0.01313 0.05374 0.07025 0.03379 0.01823 0.007649 0.0241
0.4983 1.9 5.906 9.359 3.24 1.563 4.775 0.7983 1.441 0.1359 0.2834 0.07036 0.2821 0.0759 0.008981 0.03676 0.04805 0.02311 0.01247 0.02171
0.3983 7.262 6.752 6.103 8.097 2.803 1.352 4.131 0.6906 1.247 0.1176 0.2452 0.06087 0.244 0.06567 0.007769 0.0318 0.04157 0.01999 0.02957
0.3566 4.364 19.37 5.211 3.938 5.224 1.809 0.8724 2.665 0.4456 0.8043 0.07587 0.1582 0.03927 0.1575 0.04237 0.005013 0.02052 0.02682 0.03198
0.3252 3.698 11.04 14.18 3.19 2.411 3.199 1.107 0.5342 1.632 0.2728 0.4925 0.04646 0.09687 0.02405 0.09641 0.02594 0.003069 0.01256 0.036
0.2519 2.897 8.067 6.987 7.511 1.69 1.277 1.694 0.5865 0.2829 0.8643 0.1445 0.2608 0.0246 0.0513 0.01273 0.05106 0.01374 0.001626 0.02572
0.3277 2.398 6.777 5.503 3.991 4.291 0.9653 0.7294 0.9677 0.335 0.1616 0.4938 0.08255 0.149 0.01405 0.02931 0.007275 0.02917 0.007849 0.01562
0.1874 5.913 10.56 8.707 5.924 4.297 4.619 1.039 0.7853 1.042 0.3607 0.174 0.5315 0.08887 0.1604 0.01513 0.03155 0.007832 0.0314 0.02527
0.6323 2.393 18.32 9.46 6.521 4.437 3.218 3.46 0.7783 0.5881 0.7803 0.2701 0.1303 0.3981 0.06656 0.1201 0.01133 0.02363 0.005866 0.04244
0.1793 7.267 6.663 14.7 6.338 4.369 2.973 2.156 2.318 0.5214 0.394 0.5227 0.181 0.0873 0.2667 0.04459 0.08049 0.007592 0.01583 0.03236
0.8883 1.785 17.56 4.637 8.541 3.684 2.539 1.728 1.253 1.347 0.3031 0.229 0.3038 0.1052 0.05074 0.155 0.02592 0.04678 0.004413 0.02801
0.1546 6.872 3.377 9.612 2.121 3.907 1.685 1.162 0.7904 0.5733 0.6163 0.1386 0.1048 0.139 0.04812 0.02321 0.07092 0.01186 0.0214 0.01483
0.7414 1.464 15.99 2.29 5.459 1.205 2.219 0.9572 0.6598 0.449 0.3256 0.3501 0.07875 0.05951 0.07895 0.02733 0.01319 0.04028 0.006734 0.02058
0.3471 8.862 4.3 13.72 1.647 3.926 0.8664 1.596 0.6883 0.4745 0.3228 0.2342 0.2517 0.05663 0.04279 0.05677 0.01965 0.009481 0.02897 0.01964
0.3104 4.859 30.37 4.298 11.49 1.379 3.287 0.7255 1.336 0.5764 0.3973 0.2703 0.1961 0.2108 0.04742 0.03583 0.04754 0.01646 0.007939 0.0407
0.1596 4.277 16.31 29.59 3.505 9.369 1.125 2.681 0.5916 1.09 0.47 0.324 0.2204 0.1599 0.1719 0.03867 0.02922 0.03877 0.01342 0.03967
0.2639 2.044 13.28 14.62 22.18 2.627 7.023 0.8431 2.009 0.4435 0.8169 0.3523 0.2429 0.1652 0.1199 0.1288 0.02899 0.0219 0.02906 0.03979
0.853 1.896 3.587 6.72 6.181 9.375 1.11 2.968 0.3563 0.8493 0.1874 0.3453 0.1489 0.1027 0.06985 0.05066 0.05446 0.01225 0.009258 0.0291
0.2621 9.374 5.106 2.812 4.412 4.058 6.154 0.7289 1.949 0.2339 0.5576 0.123 0.2267 0.09776 0.06739 0.04585 0.03326 0.03575 0.008042 0.02518
