VPA/ADAPT V 3.0
##
MODEL ID
Final VPA 2015 assess rerun with data updated for the 2017 assess
PARAM
35  7  21  21  4  1982  1  0  123456
PARTIAL RECRUIT
0.01  0.08  0.55  1  1  1  
AGE ESTIMATE
3  4  5  6  
STOCK ESTIMATE
5000  2500  1500  1000  
STOCK MIN-MAX
1.000000e+000  1.000000e+006
F-PLUS
1.00000*35  
AGES-F
4-6
AGES-SUMMARY
4-6  
MFSPAWN
0.250000  0.250000
CATCH AT AGE
116.054           1058.488          3549.835          2178.932          1061.499          536.468           584.292           
147.065           1838.283          5954.270          2983.394          1131.137          422.740           1084.348          
137.670           713.017           1165.275          2802.589          2878.843          1298.158          1880.386          
86.845            1791.142          1460.728          1710.717          1034.314          235.023           211.205           
37.974            1480.774          2849.954          504.865           490.698           280.552           189.324           
99.120            2849.962          3593.464          1921.231          284.690           189.366           258.615           
71.698            1884.355          5818.069          1767.488          413.449           187.950           195.712           
34.459            3035.420          2649.739          1104.347          319.183           231.364           131.186           
35.956            687.222           4431.190          1457.287          402.439           99.246            36.427            
2.475             1302.444          2775.065          2077.147          296.735           82.596            131.979           
22.921            1638.017          1534.191          1475.956          949.815           187.082           124.383           
79.850            617.055           2326.776          917.521           650.488           331.960           95.456            
7.522             782.808           1341.067          760.177           205.742           104.708           96.078            
765.144           1442.718          353.577           290.901           216.719           65.871            83.310            
35.017            2736.663          872.362           381.349           195.891           202.536           181.562           
5.803             500.714           1067.766          476.874           183.035           80.772            88.681            
0.312             20.842            2986.768          1729.952          273.554           90.547            25.504            
69.777            720.382           1673.281          1109.158          312.219           42.072            42.810            
52.358            1395.476          2333.160          776.717           535.659           392.089           337.160           
27.424            781.731           2672.573          1673.380          1223.441          329.599           206.845           
0.211             248.879           1896.451          1550.699          910.255           483.253           387.128           
0.369             532.903           1423.399          1896.976          934.084           518.151           821.337           
3.737             94.795            607.446           882.241           536.570           248.179           392.511           
4.583             266.326           555.534           795.365           387.982           185.431           244.842           
4.678             48.367            333.866           333.227           178.710           65.714            125.061           
22.139            147.328           164.494           248.758           228.395           87.268            91.713            
14.505            323.984           457.173           329.315           225.810           117.253           104.365           
7.176             792.107           1236.303          654.392           230.280           111.791           107.414           
4.214             684.652           916.852           626.235           230.200           88.760            71.241            
14.474            170.204           876.645           1144.570          561.951           153.291           98.791            
2.193             143.330           1009.296          1169.528          729.849           175.543           145.956           
4.498             200.879           807.378           605.566           505.159           284.845           111.216           
1.579             63.579            332.310           441.136           182.602           241.539           359.052           
11.530            265.295           244.875           159.753           134.470           44.279            203.436           
1.781             37.729            136.423           117.331           89.851            53.355            111.894           
WEIGHT AT AGE
0.216             0.234             0.444             0.779             1.041             1.228             1.615             
0.149             0.260             0.451             0.668             0.899             0.991             1.340             
0.110             0.281             0.467             0.585             0.744             0.891             1.266             
0.191             0.386             0.522             0.782             1.050             1.366             1.720             
0.197             0.392             0.617             0.778             1.029             1.194             1.589             
0.081             0.375             0.549             0.868             1.107             1.217             1.724             
0.145             0.327             0.510             0.760             1.149             1.323             1.761             
0.123             0.355             0.459             0.826             1.076             1.332             1.742             
0.110             0.432             0.510             0.757             0.992             1.339             2.021             
0.190             0.415             0.479             0.702             0.985             1.438             1.751             
0.137             0.386             0.494             0.744             0.906             1.185             1.465             
0.246             0.382             0.537             0.758             0.941             1.294             1.900             
0.200             0.413             0.543             0.803             0.954             1.380             1.618             
0.285             0.387             0.590             0.666             0.999             1.267             1.652             
0.120             0.444             0.649             0.892             1.223             1.467             1.763             
0.140             0.436             0.554             0.722             1.000             1.241             1.451             
0.178             0.244             0.486             0.631             0.809             1.322             1.829             
0.215             0.337             0.452             0.703             1.040             1.569             1.778             
0.119             0.416             0.478             0.568             1.003             1.277             1.627             
0.238             0.306             0.488             0.750             0.827             1.241             1.821             
0.137             0.481             0.554             0.845             1.071             1.340             1.812             
0.124             0.404             0.608             0.968             1.254             1.540             1.893             
0.175             0.485             0.708             0.970             1.225             1.461             1.781             
0.162             0.395             0.600             0.938             1.172             1.498             1.760             
0.168             0.472             0.649             0.940             1.267             1.595             1.919             
0.162             0.390             0.702             0.965             1.282             1.569             1.984             
0.183             0.403             0.590             0.772             1.005             1.195             1.646             
0.158             0.370             0.554             0.761             0.975             1.234             1.629             
0.385             0.327             0.511             0.735             0.905             1.167             1.563             
0.206             0.341             0.504             0.691             0.878             1.091             1.444             
0.416             0.438             0.429             0.650             0.793             1.014             1.222             
0.216             0.378             0.586             0.676             0.807             0.979             1.265             
0.187             0.360             0.526             0.667             0.769             0.909             1.062             
0.276             0.467             0.797             1.010             1.098             1.075             1.212             
0.205             0.468             0.621             0.844             1.023             1.100             1.201             
BIOMASS
0.197             0.169             0.362             0.725             1.067             1.131             1.615             
0.109             0.237             0.325             0.545             0.837             1.016             1.340             
0.059             0.205             0.349             0.514             0.705             0.895             1.266             
0.133             0.206             0.383             0.604             0.784             1.008             1.720             
0.143             0.274             0.488             0.637             0.897             1.120             1.589             
0.040             0.272             0.464             0.732             0.928             1.119             1.724             
0.093             0.163             0.437             0.646             0.999             1.210             1.761             
0.066             0.227             0.387             0.649             0.904             1.237             1.742             
0.057             0.231             0.426             0.590             0.905             1.200             2.021             
0.133             0.214             0.455             0.598             0.864             1.194             1.751             
0.082             0.271             0.453             0.597             0.798             1.080             1.465             
0.190             0.229             0.455             0.612             0.837             1.083             1.900             
0.144             0.319             0.455             0.657             0.850             1.140             1.618             
0.228             0.278             0.494             0.601             0.896             1.099             1.652             
0.063             0.356             0.501             0.726             0.903             1.211             1.763             
0.106             0.229             0.496             0.685             0.945             1.232             1.451             
0.129             0.185             0.460             0.591             0.764             1.150             1.829             
0.155             0.245             0.332             0.585             0.810             1.127             1.778             
0.074             0.299             0.401             0.507             0.840             1.152             1.627             
0.167             0.191             0.451             0.599             0.685             1.116             1.821             
0.080             0.338             0.412             0.642             0.896             1.053             1.812             
0.063             0.235             0.541             0.732             1.029             1.284             1.893             
0.117             0.245             0.535             0.768             1.089             1.354             1.781             
0.095             0.263             0.539             0.815             1.066             1.355             1.760             
0.110             0.277             0.506             0.751             1.090             1.367             1.919             
0.103             0.256             0.576             0.791             1.098             1.410             1.984             
0.129             0.256             0.480             0.736             0.985             1.238             1.646             
0.110             0.260             0.473             0.670             0.868             1.114             1.629             
0.409             0.227             0.435             0.638             0.830             1.067             1.563             
0.141             0.362             0.406             0.594             0.803             0.994             1.444             
0.436             0.300             0.383             0.572             0.740             0.944             1.222             
0.167             0.397             0.507             0.539             0.724             0.881             1.265             
0.118             0.279             0.446             0.625             0.721             0.857             1.062             
0.212             0.296             0.536             0.729             0.856             0.909             1.212             
0.117             0.359             0.539             0.820             1.017             1.099             1.201             
0.149             0.311             0.507             0.725             0.864             0.955             1.158             
SSB
0.206             0.199             0.401             0.752             1.054             1.178             1.615             
0.127             0.248             0.383             0.603             0.867             1.003             1.340             
0.080             0.240             0.403             0.548             0.724             0.893             1.266             
0.160             0.282             0.447             0.687             0.907             1.174             1.720             
0.168             0.328             0.549             0.704             0.961             1.156             1.589             
0.057             0.319             0.505             0.797             1.014             1.167             1.724             
0.116             0.231             0.472             0.701             1.071             1.265             1.761             
0.090             0.284             0.422             0.732             0.986             1.284             1.742             
0.079             0.316             0.466             0.668             0.948             1.268             2.021             
0.159             0.298             0.467             0.648             0.922             1.311             1.751             
0.106             0.323             0.473             0.667             0.850             1.132             1.465             
0.216             0.296             0.495             0.681             0.887             1.184             1.900             
0.170             0.363             0.497             0.726             0.901             1.254             1.618             
0.255             0.328             0.540             0.633             0.946             1.180             1.652             
0.087             0.397             0.570             0.805             1.051             1.333             1.763             
0.122             0.316             0.524             0.703             0.972             1.237             1.451             
0.152             0.212             0.473             0.611             0.786             1.233             1.829             
0.182             0.287             0.387             0.641             0.918             1.330             1.778             
0.094             0.353             0.438             0.537             0.918             1.213             1.627             
0.200             0.242             0.469             0.670             0.753             1.177             1.821             
0.105             0.403             0.478             0.737             0.980             1.188             1.812             
0.088             0.308             0.573             0.842             1.136             1.406             1.893             
0.143             0.345             0.615             0.863             1.155             1.406             1.781             
0.124             0.322             0.569             0.874             1.118             1.425             1.760             
0.136             0.361             0.573             0.840             1.175             1.477             1.919             
0.129             0.316             0.636             0.874             1.186             1.487             1.984             
0.154             0.321             0.532             0.754             0.995             1.216             1.646             
0.132             0.310             0.512             0.714             0.920             1.172             1.629             
0.397             0.273             0.471             0.685             0.867             1.116             1.563             
0.171             0.352             0.452             0.641             0.840             1.041             1.444             
0.426             0.363             0.405             0.610             0.766             0.978             1.222             
0.190             0.387             0.545             0.603             0.765             0.929             1.265             
0.149             0.317             0.484             0.646             0.745             0.882             1.062             
0.242             0.372             0.653             0.858             0.969             0.989             1.212             
0.155             0.410             0.578             0.832             1.020             1.100             1.201             
M MATRIX
.3                .3                .3                .3                .3                .3                .3                
.3                .3                .3                .3                .3                .3                .3                
.3                .3                .3                .3                .3                .3                .3                
.3                .3                .3                .3                .3                .3                .3                
.3                .3                .3                .3                .3                .3                .3                
.3                .3                .3                .3                .3                .3                .3                
.3                .3                .3                .3                .3                .3                .3                
.3                .3                .3                .3                .3                .3                .3                
.3                .3                .3                .3                .3                .3                .3                
.3                .3                .3                .3                .3                .3                .3                
.3                .3                .3                .3                .3                .3                .3                
.3                .3                .3                .3                .3                .3                .3                
.3                .3                .3                .3                .3                .3                .3                
.3                .3                .3                .3                .3                .3                .3                
.3                .3                .3                .3                .3                .3                .3                
.3                .3                .3                .3                .3                .3                .3                
.3                .3                .3                .3                .3                .3                .3                
.3                .3                .3                .3                .3                .3                .3                
.3                .3                .3                .3                .3                .3                .3                
.3                .3                .3                .3                .3                .3                .3                
.3                .3                .3                .3                .3                .3                .3                
.3                .3                .3                .3                .3                .3                .3                
.3                .3                .3                .3                .3                .3                .3                
.3                .3                .3                .3                .3                .3                .3                
.3                .3                .3                .3                .3                .3                .3                
.3                .3                .3                .3                .3                .3                .3                
.3                .3                .3                .3                .3                .3                .3                
.3                .3                .3                .3                .3                .3                .3                
.3                .3                .3                .3                .3                .3                .3                
.3                .3                .3                .3                .3                .3                .3                
.3                .3                .3                .3                .3                .3                .3                
.3                .3                .3                .3                .3                .3                .3                
.3                .3                .3                .3                .3                .3                .3                
.3                .3                .3                .3                .3                .3                .3                
.3                .3                .3                .3                .3                .3                .3                
MATURITY
0.02              0.18              0.75              0.98              1.00              1.00              1.00              
0.02              0.20              0.80              0.98              1.00              1.00              1.00              
0.00              0.11              0.79              0.99              1.00              1.00              1.00              
0.00              0.18              1.00              1.00              1.00              1.00              1.00              
0.01              0.30              0.97              1.00              1.00              1.00              1.00              
0.01              0.28              0.97              1.00              1.00              1.00              1.00              
0.01              0.26              0.95              1.00              1.00              1.00              1.00              
0.00              0.10              1.00              1.00              1.00              1.00              1.00              
0.00              0.08              1.00              1.00              1.00              1.00              1.00              
0.00              0.12              0.93              1.00              1.00              1.00              1.00              
0.00              0.17              0.92              1.00              1.00              1.00              1.00              
0.00              0.14              0.91              1.00              1.00              1.00              1.00              
0.00              0.00              1.00              1.00              1.00              1.00              1.00              
0.00              0.07              1.00              1.00              1.00              1.00              1.00              
0.00              0.09              1.00              1.00              1.00              1.00              1.00              
0.00              0.14              1.00              1.00              1.00              1.00              1.00              
0.00              0.01              1.00              1.00              1.00              1.00              1.00              
0.00              0.40              1.00              1.00              1.00              1.00              1.00              
0.00              0.33              1.00              1.00              1.00              1.00              1.00              
0.00              0.29              1.00              1.00              1.00              1.00              1.00              
0.00              0.01              0.99              1.00              1.00              1.00              1.00              
0.00              0.01              0.96              1.00              1.00              1.00              1.00              
0.00              0.00              0.48              1.00              1.00              1.00              1.00              
0.00              0.00              0.99              1.00              1.00              1.00              1.00              
0.00              0.25              1.00              1.00              1.00              1.00              1.00              
0.00              0.09              1.00              1.00              1.00              1.00              1.00              
0.00              0.06              0.88              1.00              1.00              1.00              1.00              
0.00              0.03              0.80              1.00              1.00              1.00              1.00              
0.00              0.03              0.76              1.00              1.00              1.00              1.00              
0.00              0.02              0.57              0.99              1.00              1.00              1.00              
0.00              0.10              0.75              0.99              1.00              1.00              1.00              
0.01              0.18              0.84              0.99              1.00              1.00              1.00              
0.00              0.33              1.00              1.00              1.00              1.00              1.00              
0.01              0.35              0.96              1.00              1.00              1.00              1.00              
0.00              0.12              0.94              1.00              1.00              1.00              1.00              
SURVEY INDEX
US_Sp              US_Sp              US_Sp              US_Sp              US_Sp              US_Sp              US_Sp              Can_Sp             Can_Sp             Can_Sp             Can_Sp             Can_Sp             Can_Sp             Can_Sp             US_A0              US_A1              US_A2              US_A3              US_A4              US_A5              US_A6              
1                 2                 3                 4                 5                 6                 7                 1                 2                 3                 4                 5                 6                 7                 1                 2                 3                 4                 5                 6                 7                 
1-JAN             1-JAN             1-JAN             1-JAN             1-JAN             1-JAN             1-JAN             1-JAN             1-JAN             1-JAN             1-JAN             1-JAN             1-JAN             1-JAN             1-JAN             1-JAN             1-JAN             1-JAN             1-JAN             1-JAN             1-JAN             
NUMBER            NUMBER            NUMBER            NUMBER            NUMBER            NUMBER            NUMBER            NUMBER            NUMBER            NUMBER            NUMBER            NUMBER            NUMBER            NUMBER            NUMBER            NUMBER            NUMBER            NUMBER            NUMBER            NUMBER            NUMBER            
74.377            902.656           554.794           660.023           191.396           151.398           130.352           0                 0                 0                 0                 0                 0                 0                 0.000             2395.697          674.458           813.955           1081.711          504.218           588.732           
26.555            1037.085          3703.512          1554.525          692.198           795.664           1325.335          0                 0                 0                 0                 0                 0                 0                 284.394           2093.783          2178.297          582.561           542.012           282.851           217.290           
35.591            168.477           2106.565          1635.072          390.174           379.045           929.211           0                 0                 0                 0                 0                 0                 0                 26.555            69.639            568.017           1347.152          618.593           235.911           472.815           
0.000             1700.744          821.338           635.562           401.523           223.130           120.104           0                 0                 0                 0                 0                 0                 0                 238.776           654.293           1189.254          1390.897          1408.196          368.247           151.508           
254.754           751.589           857.259           191.947           170.130           84.514            0.000             0                 0                 0                 0                 0                 0                 0                 109.526           340.810           885.467           549.615           79.776            189.853           27.437            
162.857           1646.862          670.381           275.028           91.235            0.000             24.351            0.000             68.486            153.213           201.702           255.117           101.771           0.000             145.007           1160.054          1626.918          370.010           204.949           48.372            96.194            
73.054            555.565           1432.658          692.308           117.460           41.761            44.736            102.376           386.026           1395.965          652.975           101.274           46.363            22.963            36.252            53.221            238.997           256.186           208.254           99.389            168.367           
48.703            559.973           292.768           251.007           157.348           18.181            53.221            54.176            1244.373          623.191           447.903           140.583           26.510            10.402            48.703            2957.983          620.025           468.077           138.506           9.035             50.246            
129.030           652.641           1611.492          357.228           98.618            74.046            0.000             0.000             88.170            682.914           1990.992          261.793           41.544            28.599            24.351            97.406            1072.014          72.614            142.913           73.715            94.100            
273.265           348.523           833.568           586.638           278.223           36.472            73.054            43.634            57.159            411.760           577.353           129.003           28.513            0.000             24.351            60.713            44.406            376.401           0.000             51.568            0.000             
73.054            651.869           302.244           140.709           147.541           110.628           50.907            0.000             16.911            37.519            131.338           47.742            86.046            3.223             108.975           46.169            0.000             80.767            53.221            18.181            36.252            
172.333           290.785           361.856           175.198           0.000             46.830            57.628            745.551           419.349           595.232           282.212           84.586            48.062            44.073            0.000             53.441            508.846           158.450           9.476             26.555            0.000             
127.156           604.378           435.571           96.414            65.892            44.736            0.000             9.670             2082.715          705.004           154.502           233.505           0.645             21.197            0.000             592.478           191.726           282.741           212.992           26.555            36.362            
150.296           790.375           1294.703          296.735           102.585           29.530            0.000             992.230           1543.650          798.792           133.682           56.887            7.645             1.577             0.000             166.604           423.671           224.342           85.946            33.387            0.000             
37.684            1232.668          436.012           494.301           69.639            26.555            42.532            562.367           791.736           588.573           408.065           136.020           49.692            57.079            18.181            937.255           1115.208          684.815           186.988           57.408            18.181            
24.351            194.371           541.572           676.661           115.256           24.351            50.907            10.838            608.892           989.521           1101.643          119.634           22.649            26.381            0.000             123.961           343.785           614.185           258.720           130.682           157.127           
0.000             23.580            218.392           467.526           125.393           0.000             26.555            11.498            18.681            100.433           382.039           179.971           21.331            0.000             18.181            79.004            648.453           758.421           343.565           79.445            32.726            
224.562           547.852           675.009           1312.664          895.935           199.990           71.402            31.748            153.967           146.376           251.951           144.844           36.119            19.416            90.795            273.265           385.877           1713.305          1108.596          190.073           92.447            
18.181            620.356           1068.819          697.046           1155.316          733.628           391.937           6.133             0.000             6.596             87.462            82.187            226.621           522.661           18.181            387.750           795.664           380.698           366.814           608.345           139.387           
0.000             72.724            335.190           314.475           196.685           193.269           267.976           150.404           49.440            121.427           146.715           275.540           92.121            601.619           18.181            53.221            1285.558          1665.815          752.911           902.325           394.692           
113.273           166.604           245.277           1935.223          772.304           784.204           1197.959          0.000             57.593            135.963           51.397            728.561           255.761           763.359           18.181            599.089           1536.014          2441.645          1275.641          322.298           509.838           
51.568            27.216            163.078           230.843           367.255           320.095           180.597           29.089            134.836           37.400            53.261            79.882            130.549           221.419           0.000             206.381           495.734           1053.172          1309.468          1147.713          933.949           
0.000             36.362            26.555            62.917            215.086           73.275            51.237            330.805           112.882           59.361            138.077           135.804           327.161           214.602           308.856           176.080           27.216            352.490           769.550           652.420           310.398           
97.957            187.539           129.691           315.136           211.780           131.894           26.555            55.098            99.886            55.098            104.189           107.496           107.009           219.296           230.733           326.155           1352.772          1377.344          1327.539          282.190           623.331           
42.532            0.000             188.310           209.687           87.709            81.318            24.351            0.000             3.306             3.306             49.682            62.266            33.210            73.778            97.075            54.543            167.375           493.199           464.000           296.625           566.033           
91.235            127.597           66.884            159.001           179.716           99.720            98.067            0.000             0.000             2.997             0.000             8.321             39.184            61.836            0.000             100.711           178.834           307.423           379.706           421.798           113.603           
945.299           1279.607          1513.425          1944.809          1426.598          386.428           598.098           259.743           122.973           47.654            53.697            74.965            26.119            85.840            230.733           313.483           317.009           306.542           427.638           612.973           142.693           
42.532            1257.570          831.034           455.625           161.204           145.117           63.909            10.508            74.616            184.000           67.933            24.712            35.215            42.049            90.354            1151.680          1611.602          1202.256          285.716           346.099           359.101           
6.942             153.050           901.224           693.190           241.641           230.292           71.071            0.000             44.291            203.777           140.793           64.880            19.018            24.442            0.000             189.853           1508.687          2401.316          1881.892          665.422           601.624           
39.078            103.963           506.609           836.997           426.258           92.476            11.358            47.930            39.896            53.741            170.423           89.525            19.819            10.554            38.125            30.742            487.029           941.111           696.165           210.789           218.612           
36.691            200.169           183.919           889.905           1012.449          294.962           106.963           125.616           19.065            27.249            174.969           164.408           60.417            65.424            25.343            584.545           464.220           1528.190          1886.961          1024.303          523.721           
92.589            326.448           602.456           496.866           626.971           926.272           304.839           244.348           93.807            121.014           64.590            54.977            79.720            88.905            116.578           252.219           935.822           1098.129          1799.142          949.376           622.339           
16.071            316.894           907.091           1277.865          343.145           691.020           578.759           69.921            46.491            31.999            66.603            14.220            48.990            71.560            0.000             57.848            347.862           489.122           458.821           389.072           581.129           
0                 33.542            83.561            139.348           153.98            19.066            179.792           0                 0                 79.128            128.788           187.751           9.201             60.842            0                 15.271            51.877            211.921           215.609           79.835            180.325           
47.215            13.202            111.299           153.305           227.469           241.713           313.029           47.557            4.097             55.363            32.944            20.871            18.097            9.562             2.647             24.169            486.771           1334.741          901.970           545.701           1524.794          
0                 0                 0                 0                 0                 0                 0                 0                 0                 0                 0                 0                 0                 0                 0                 0                 0                 0                 0                 0                 0                 
CHECKED INDEX
1  2  3  4  5  6  7  8  9  10  11  12  13  14  15  16  17  18  19  20  21  
CHECKED RETRO
0  0  0  0  0  0  0  0  0  0  0  0  0  0  0  0  0  0  0  0  0  
OPTIONS
1  0  0  0  0  1  1  1  0  3
XPARM
80  1
YEAR_RANGE
2009-2015
