Originally  
101 
A 
2	100	
1	1	NA	NA	
1	20	
1 352.3 227.3 113.6 102.3 90.92 68.19 90.92 22.73 0 11.36 11.36 11.36 0 11.36 0 22.73 0 0 0 0
1 211.6 185.2 132.3 70.54 88.18 79.36 52.91 0 17.64 17.64 17.64 8.818 0 0 0 0 0 0 0 0
1 855.9 204.7 167.5 111.6 223.3 74.42 0 130.2 55.82 18.61 0 18.61 0 0 0 0 0 0 0 0
1 464.2 305 159.1 119.4 66.31 26.52 106.1 13.26 26.52 13.26 0 0 13.26 0 0 0 0 0 0 13.26
1 390.5 242.4 255.8 161.6 53.86 107.7 67.32 26.93 13.46 0 0 0 13.46 13.46 0 0 0 0 0 0
1 574.8 217.5 124.3 279.6 62.14 46.6 93.21 62.14 31.07 0 15.53 15.53 15.53 0 0 0 0 15.53 0 0
1 250.8 260.5 154.3 67.52 77.17 28.94 19.29 57.88 19.29 0 9.646 0 9.646 0 0 9.646 0 0 0 0
1 752.1 76.74 245.6 107.4 76.74 92.09 30.7 61.39 46.05 0 30.7 0 0 0 0 15.35 0 0 0 0
1 264.6 758.5 123.5 229.3 105.8 105.8 88.2 52.92 0 0 17.64 0 0 17.64 0 0 0 0 0 0
1 693.7 101.2 317.9 43.36 86.71 72.26 43.36 14.45 14.45 14.45 14.45 28.9 0 0 0 0 0 0 0 0
1 549.3 412 61.03 259.4 61.03 30.52 30.52 45.77 30.52 15.26 0 15.26 0 15.26 0 0 0 0 0 0
1 1014 270.4 495.7 67.6 202.8 45.06 45.06 22.53 45.06 0 22.53 0 0 0 0 22.53 0 0 0 0
1 707.2 644.8 291.2 187.2 20.8 166.4 20.8 20.8 0 0 20.8 0 0 0 0 0 0 0 0 0
1 242.4 447.5 503.4 149.2 167.8 18.65 111.9 37.29 111.9 18.65 18.65 18.65 0 0 0 18.65 0 0 0 0
1 600.1 184.6 200 261.6 123.1 76.93 0 46.16 0 15.39 15.39 0 0 0 0 0 15.39 0 0 0
1 331 345.4 100.7 201.5 201.5 57.57 86.36 43.18 43.18 0 28.79 0 0 0 0 0 0 0 0 0
1 346.4 331.9 259.8 86.59 101 187.6 28.86 43.29 14.43 28.86 0 14.43 0 0 0 0 0 0 0 0
1 267 309.1 238.9 112.4 56.2 112.4 182.7 28.1 42.15 14.05 14.05 14.05 0 0 0 0 0 14.05 0 0
1 2064 266.3 399.5 133.2 233 0 33.29 33.29 99.87 33.29 0 0 0 0 0 0 0 33.29 0 0
1 328 902 246 184.5 123 82 41 20.5 82 0 20.5 0 20.5 0 0 0 0 0 0 0
1 728.2 436.9 1049 262.2 116.5 29.13 87.38 29.13 87.38 58.26 0 29.13 0 0 0 0 0 0 0 0
1 647.1 647.1 273.8 522.6 74.66 74.66 24.89 49.78 74.66 49.78 49.78 0 0 0 0 0 0 0 0 0
1 1709 504.9 699 155.3 466 116.5 116.5 0 0 0 0 38.84 0 0 0 38.84 0 38.84 0 0
1 194.4 1277 305.5 333.3 83.31 277.7 138.9 55.54 0 55.54 0 0 27.77 0 0 0 0 0 0 27.77
1 128.5 57.13 514.1 185.7 185.7 71.41 142.8 42.84 42.84 14.28 14.28 0 14.28 14.28 0 0 0 0 0 0
1 589.2 168.3 105.2 631.3 189.4 84.17 147.3 126.3 0 42.09 21.04 0 0 0 0 0 0 0 0 0
1 760.5 472.7 20.55 20.55 534.4 61.66 102.8 20.55 20.55 0 0 20.55 0 20.55 0 0 0 0 0 0
1 173.5 359.3 148.7 24.78 0 260.2 86.73 37.17 24.78 24.78 61.95 0 0 0 0 12.39 0 0 12.39 12.39
1 560 289 289 198.7 108.4 54.19 234.8 0 0 0 36.13 18.06 0 18.06 0 0 0 0 0 0
1 319.8 319.8 166.9 208.6 111.3 55.63 0 27.81 83.44 27.81 0 41.72 13.91 0 13.91 0 0 0 0 0
1 300.3 285.3 165.2 120.1 225.3 120.1 30.03 15.02 75.08 15.02 30.03 15.02 90.1 0 0 15.02 0 0 0 0
1 168.1 149.4 186.8 158.8 37.35 56.03 65.37 56.03 0 9.339 18.68 18.68 0 0 0 0 0 0 0 9.339
1 309.7 324.4 147.5 235.9 132.7 29.49 132.7 14.75 0 0 58.98 29.49 0 0 0 29.49 14.75 0 14.75 0
1 420.3 146.6 107.5 68.42 29.32 68.42 19.55 29.32 19.55 0 0 58.65 9.774 0 0 0 0 0 0 0
1 2000 430.7 153.8 92.29 184.6 61.53 0 61.53 61.53 30.76 0 0 0 0 0 0 0 0 0 0
1 273 1074 236.6 54.6 72.8 36.4 18.2 0 0 0 0 0 0 36.4 0 18.2 0 0 0 0
1 547.9 348.7 1021 149.4 124.5 74.72 24.91 49.81 49.81 24.91 0 0 24.91 0 49.81 0 0 0 0 0
1 269.2 179.5 287.1 664 179.5 71.78 17.95 35.89 0 17.95 0 17.95 17.95 17.95 0 17.95 0 0 0 0
1 255.2 289.2 102.1 238.2 527.4 136.1 34.03 51.04 17.01 17.01 0 0 0 17.01 0 0 0 17.01 0 0
1 473.3 338.1 225.4 225.4 135.2 631.1 90.16 22.54 22.54 45.08 22.54 22.54 0 0 0 0 0 0 0 0
1 450.3 264 186.3 155.3 77.64 15.53 295 46.58 31.06 15.53 0 0 0 0 0 15.53 0 0 0 0
1 627.7 313.8 104.6 89.67 74.72 29.89 14.94 194.3 14.94 14.94 0 0 0 0 0 0 0 14.94 0 0
1 495.2 753.6 258.4 172.2 43.06 43.06 107.7 21.53 129.2 21.53 64.59 0 21.53 0 0 0 0 0 0 21.53
1 379 413.4 379 155 103.4 68.91 34.45 34.45 17.23 103.4 0 0 0 0 0 17.23 0 17.23 0 0
1 696.9 204 204 221 153 67.99 33.99 33.99 0 0 67.99 0 0 0 0 0 0 0 0 17
1 200.9 390 177.3 106.4 141.8 47.27 0 11.82 23.64 11.82 11.82 47.27 0 11.82 0 0 0 0 0 0
1 173.8 162.2 243.3 139 92.69 162.2 34.76 46.34 46.34 11.59 11.59 0 23.17 0 11.59 0 0 0 0 0
1 190.2 142.6 76.08 228.2 104.6 95.1 85.59 0 9.51 9.51 0 0 0 9.51 0 0 0 0 0 0
1 811.1 106.4 159.6 66.48 79.78 53.19 0 0 13.3 26.59 0 13.3 0 0 0 0 0 0 0 0
1 1230 279.5 186.3 37.26 37.26 55.89 0 18.63 0 0 0 18.63 0 0 0 0 0 0 0 0
1 178 919.6 192.8 44.5 29.67 44.5 59.33 0 14.83 0 0 0 0 0 0 0 0 0 0 0
1 300.4 120.2 1041 280.4 100.1 20.03 20.03 20.03 0 20.03 20.03 0 0 20.03 0 0 0 40.05 0 0
1 183.7 122.5 142.9 326.5 112.2 40.82 61.23 0 20.41 0 0 10.2 0 0 0 0 0 0 0 0
1 181.4 181.4 124.1 114.6 181.4 114.6 9.55 9.55 9.55 0 9.55 0 9.55 0 0 0 0 9.55 0 0
1 1190 91.53 109.8 91.53 18.31 238 36.61 36.61 0 0 18.31 0 0 0 0 0 0 0 0 0
1 308.5 446.8 106.4 74.47 31.91 0 53.19 21.28 0 0 0 10.64 0 10.64 0 0 0 0 0 0
1 177 341.4 430 75.87 50.58 50.58 25.29 63.23 25.29 12.65 0 0 0 0 0 0 0 12.65 0 0
1 252.3 134.1 118.3 165.6 31.54 7.886 7.886 7.886 47.31 0 0 0 7.886 0 0 7.886 0 0 0 0
1 636.1 449.9 93.09 186.2 124.1 0 15.51 15.51 0 15.51 0 0 0 0 0 0 0 0 0 15.51
1 368.6 327.6 122.9 20.48 92.14 51.19 10.24 10.24 10.24 0 10.24 0 0 0 0 0 0 0 0 0
1 98.17 368.2 147.3 73.63 24.54 49.09 40.91 8.181 0 8.181 0 0 0 0 0 0 0 0 0 0
1 94.44 76.73 265.6 100.3 23.61 5.902 17.71 0 0 0 0 0 5.902 0 0 0 0 0 0 0
1 354 40.08 26.72 120.2 53.43 46.76 0 13.36 13.36 0 0 0 0 0 0 0 0 0 0 0
1 280.9 288.7 31.21 54.62 54.62 23.41 23.41 0 7.802 15.6 0 0 0 0 0 0 0 0 0 0
1 203.6 178.2 322.4 67.87 8.483 33.93 16.97 8.483 0 8.483 0 0 0 0 0 0 0 0 0 0
1 334.1 101.7 87.16 152.5 0 7.263 36.32 7.263 0 0 0 0 0 0 0 0 0 0 0 0
1 57.98 155.8 47.11 28.99 43.49 10.87 3.624 10.87 3.624 0 0 0 0 0 0 0 0 0 0 0
1 72.44 62.78 169 53.12 62.78 28.97 0 4.829 14.49 9.658 0 0 0 4.829 0 0 0 0 0 0
1 238.5 41.48 77.78 88.15 20.74 15.56 25.93 5.185 0 0 5.185 0 0 0 0 0 0 0 0 0
1 174.6 139.7 30.56 13.1 43.65 4.365 13.1 8.731 0 4.365 0 4.365 0 0 0 0 0 0 0 0
1 498.8 188.2 188.2 9.412 0 47.06 0 0 9.412 0 0 0 0 0 0 0 0 0 0 0
1 135.1 477.2 171.1 63.03 9.004 9.004 18.01 0 9.004 9.004 0 0 0 0 0 0 0 0 0 0
1 214.1 19.92 164.3 34.86 49.8 4.98 0 4.98 0 0 4.98 0 0 0 0 0 0 0 0 0
1 45.01 189 31.51 135 27.01 18 0 0 4.501 0 0 0 0 0 0 0 0 0 0 0
1 169.8 37.14 180.4 21.22 84.89 26.53 5.305 0 0 5.305 0 0 0 0 0 0 0 0 0 0
1 210.3 134.8 48.52 97.05 16.17 21.57 10.78 0 0 0 0 0 0 0 0 0 0 0 0 0
1 74.59 179.9 87.75 13.16 57.04 0 21.94 4.387 0 0 0 0 0 0 0 0 0 0 0 0
1 52.59 35.06 122.7 37.98 5.843 14.61 8.765 11.69 2.922 0 0 0 0 0 0 0 0 0 0 0
1 62.32 27.7 48.47 57.71 16.16 4.616 4.616 0 0 6.925 2.308 0 0 0 0 0 0 0 0 0
1 275.7 61.27 13.13 13.13 52.52 8.753 4.376 8.753 0 0 0 0 0 0 0 0 0 0 0 0
1 102.4 258.3 26.72 22.27 8.907 13.36 4.453 0 4.453 4.453 0 0 0 0 0 0 0 0 0 0
1 230.6 68.69 157 19.62 0 4.906 4.906 0 0 4.906 0 0 0 0 0 0 0 0 0 0
1 161.6 170.1 17.01 63.81 4.254 4.254 0 4.254 0 0 0 0 0 0 0 0 0 0 0 0
1 249.8 163.9 195.1 39.03 78.05 23.42 15.61 0 7.805 0 0 7.805 0 0 0 0 0 0 0 0
1 139.2 129.3 74.57 79.54 19.89 49.71 0 0 0 0 4.971 0 0 0 0 0 0 0 0 0
1 65.6 107 65.6 31.07 58.69 10.36 6.905 0 0 0 0 0 0 0 0 0 0 0 0 0
1 82.3 45.72 70.11 36.58 30.48 30.48 0 6.097 0 0 0 3.048 0 0 0 0 0 0 0 0
1 74.6 38.43 29.39 33.91 18.08 4.521 18.08 4.521 4.521 0 0 0 0 0 0 0 0 0 0 0
1 680.8 75.64 33.62 33.62 8.404 8.404 0 0 0 0 0 0 0 0 0 0 0 0 0 0
1 289.9 186.4 15.53 5.177 0 5.177 10.35 0 5.177 0 0 0 0 0 0 0 0 0 0 0
1 153.9 201.3 189.4 11.84 0 17.76 11.84 5.92 0 0 0 0 0 0 0 0 0 0 0 0
1 68.84 93.13 109.3 117.4 8.099 0 0 4.049 0 0 4.049 0 0 0 0 0 0 0 0 0
1 166.9 27.07 58.65 67.67 112.8 9.023 9.023 0 0 0 0 0 0 0 0 0 0 0 0 0
1 110.8 93.48 38.08 17.31 41.55 34.62 3.462 3.462 3.462 0 0 0 0 0 0 0 0 0 0 0
1 421.6 71.46 92.89 35.73 35.73 42.87 14.29 0 0 0 0 0 0 0 0 0 0 0 0 0
1 391 255.3 47.88 31.92 15.96 7.98 15.96 31.92 0 0 0 0 0 0 0 0 0 0 0 0
1 168.8 478.1 206.3 37.5 28.13 0 0 0 18.75 0 0 0 0 0 0 0 0 0 0 0
1 76.88 153.8 322.9 161.4 7.688 38.44 0 0 7.688 0 0 0 0 0 0 0 0 0 0 0
1 171.2 32.1 96.31 101.7 85.61 10.7 16.05 5.351 0 0 5.351 10.7 0 0 0 0 0 0 0 0
