 landings-at-age - landings.n (units : NA )
1	2	
2	100	
1	20	
1 
0.02659 0.2984 0.8352 0.6934 0.4839 0.3377 0.2357 0.1644 0.1148 0.08008 0.05589 0.039 0.02722 0.01899 0.01325 0.009249 0.006454 0.004504 0.003143 0.007259
0.002951 0.05216 0.1462 0.1214 0.08475 0.05914 0.04127 0.0288 0.0201 0.01403 0.009787 0.00683 0.004766 0.003326 0.002321 0.00162 0.00113 0.0007888 0.0005504 0.001271
0.005546 0.03313 0.1464 0.1219 0.08515 0.05942 0.04147 0.02894 0.02019 0.01409 0.009834 0.006862 0.004789 0.003342 0.002332 0.001627 0.001136 0.0007925 0.000553 0.001277
0.004261 0.06227 0.09297 0.122 0.08549 0.0597 0.04166 0.02907 0.02029 0.01416 0.00988 0.006895 0.004811 0.003358 0.002343 0.001635 0.001141 0.0007963 0.0005557 0.001283
0.003981 0.04784 0.1747 0.07753 0.08557 0.05994 0.04186 0.02921 0.02038 0.01423 0.009927 0.006927 0.004834 0.003374 0.002354 0.001643 0.001146 8e-04 0.0005583 0.001289
0.005153 0.0447 0.1342 0.1457 0.05436 0.06 0.04203 0.02935 0.02048 0.01429 0.009974 0.00696 0.004857 0.00339 0.002365 0.001651 0.001152 0.0008038 0.0005609 0.001295
0.0027 0.05786 0.1254 0.1119 0.1022 0.03811 0.04207 0.02947 0.02058 0.01436 0.01002 0.006993 0.00488 0.003406 0.002377 0.001658 0.001157 0.0008076 0.0005636 0.001302
0.007744 0.03032 0.1624 0.1046 0.07848 0.07163 0.02672 0.0295 0.02066 0.01443 0.01007 0.007026 0.004903 0.003422 0.002388 0.001666 0.001163 0.0008114 0.0005663 0.001308
0.002578 0.08695 0.08507 0.1354 0.07334 0.05503 0.05022 0.01874 0.02068 0.01449 0.01012 0.00706 0.004926 0.003438 0.002399 0.001674 0.001168 0.0008153 0.0005689 0.001314
0.007441 0.02894 0.244 0.07094 0.09493 0.05142 0.03858 0.03521 0.01314 0.0145 0.01016 0.007093 0.00495 0.003454 0.00241 0.001682 0.001174 0.0008191 0.0005716 0.00132
0.005047 0.08355 0.08121 0.2034 0.04974 0.06656 0.03605 0.02705 0.02469 0.009211 0.01017 0.007121 0.004973 0.003471 0.002422 0.00169 0.001179 0.000823 0.0005743 0.001326
0.01078 0.05667 0.2344 0.06772 0.1426 0.03487 0.04667 0.02528 0.01897 0.01731 0.006458 0.007128 0.004993 0.003487 0.002433 0.001698 0.001185 0.0008269 0.0005771 0.001333
0.006737 0.1211 0.159 0.1955 0.04748 0.1 0.02445 0.03272 0.01772 0.0133 0.01214 0.004528 0.004998 0.003501 0.002445 0.001706 0.001191 0.0008308 0.0005798 0.001339
0.002734 0.07564 0.3397 0.1326 0.1371 0.03329 0.07012 0.01714 0.02294 0.01243 0.009324 0.00851 0.003175 0.003504 0.002455 0.001714 0.001196 0.0008348 0.0005825 0.001345
0.006255 0.0307 0.2123 0.2833 0.09296 0.0961 0.02334 0.04917 0.01202 0.01609 0.008713 0.006538 0.005966 0.002226 0.002457 0.001721 0.001202 0.0008387 0.0005853 0.001352
0.005485 0.07023 0.08613 0.177 0.1986 0.06518 0.06738 0.01637 0.03447 0.008428 0.01128 0.006109 0.004584 0.004183 0.001561 0.001723 0.001207 0.0008427 0.0005881 0.001358
0.005633 0.06158 0.1971 0.07182 0.1241 0.1393 0.0457 0.04724 0.01148 0.02417 0.005909 0.007908 0.004283 0.003214 0.002933 0.001094 0.001208 0.000846 0.0005908 0.001365
0.003821 0.06325 0.1728 0.1643 0.05036 0.08701 0.09765 0.03204 0.03312 0.008046 0.01695 0.004143 0.005544 0.003003 0.002253 0.002057 0.0007673 0.0008469 0.0005932 0.001371
0.01699 0.0429 0.1775 0.1441 0.1152 0.03531 0.06101 0.06847 0.02247 0.02323 0.005641 0.01188 0.002905 0.003887 0.002106 0.00158 0.001442 0.000538 0.0005938 0.001377
0.003811 0.1908 0.1204 0.148 0.101 0.08079 0.02476 0.04277 0.04801 0.01575 0.01628 0.003955 0.008331 0.002037 0.002726 0.001476 0.001108 0.001011 0.0003772 0.001382
0.008324 0.04279 0.5354 0.1004 0.1038 0.07084 0.05664 0.01736 0.02999 0.03366 0.01104 0.01142 0.002773 0.005841 0.001428 0.001911 0.001035 0.0007767 0.0007089 0.001233
0.007359 0.09347 0.1201 0.4465 0.07038 0.07275 0.04967 0.03972 0.01217 0.02103 0.0236 0.007744 0.008005 0.001945 0.004096 0.001001 0.00134 0.0007258 0.0005446 0.001362
0.01743 0.08263 0.2623 0.1001 0.3131 0.04935 0.05101 0.03482 0.02785 0.008533 0.01474 0.01655 0.00543 0.005613 0.001363 0.002872 0.000702 0.0009395 0.0005089 0.001337
0.002207 0.1957 0.2318 0.2187 0.0702 0.2195 0.0346 0.03577 0.02442 0.01952 0.005983 0.01034 0.0116 0.003807 0.003935 0.0009559 0.002013 0.0004922 0.0006587 0.001294
0.002388 0.02478 0.5491 0.1933 0.1533 0.04922 0.1539 0.02426 0.02508 0.01712 0.01369 0.004195 0.007248 0.008134 0.002669 0.002759 0.0006702 0.001412 0.0003451 0.001369
0.005095 0.02681 0.06954 0.4579 0.1356 0.1075 0.03451 0.1079 0.01701 0.01758 0.012 0.009598 0.002941 0.005082 0.005703 0.001871 0.001935 0.0004699 0.0009898 0.001202
0.007899 0.05721 0.07522 0.05799 0.3211 0.09504 0.07538 0.0242 0.07566 0.01193 0.01233 0.008416 0.00673 0.002062 0.003563 0.003999 0.001312 0.001356 0.0003295 0.001537
0.00334 0.0887 0.1605 0.06273 0.04066 0.2251 0.06664 0.05285 0.01697 0.05305 0.008362 0.008644 0.005901 0.004718 0.001446 0.002498 0.002804 0.00092 0.0009511 0.001308
0.004271 0.03751 0.2489 0.1339 0.04398 0.02851 0.1578 0.04672 0.03706 0.0119 0.03719 0.005863 0.00606 0.004137 0.003308 0.001014 0.001752 0.001966 0.0006451 0.001584
0.004506 0.04796 0.1052 0.2075 0.09386 0.03084 0.01999 0.1107 0.03276 0.02598 0.00834 0.02608 0.004111 0.004249 0.002901 0.00232 0.0007108 0.001228 0.001378 0.001563
0.003364 0.0506 0.1346 0.08776 0.1455 0.06581 0.02162 0.01401 0.07759 0.02297 0.01822 0.005848 0.01828 0.002882 0.002979 0.002034 0.001626 0.0004984 0.0008611 0.002062
0.002587 0.03777 0.142 0.1122 0.06153 0.102 0.04614 0.01516 0.009826 0.0544 0.0161 0.01277 0.0041 0.01282 0.002021 0.002089 0.001426 0.00114 0.0003494 0.00205
0.002867 0.02904 0.106 0.1184 0.07868 0.04314 0.07153 0.03235 0.01063 0.00689 0.03815 0.01129 0.008956 0.002875 0.008989 0.001417 0.001465 0.0009999 0.0007995 0.001682
0.006949 0.03219 0.08149 0.08839 0.08301 0.05517 0.03025 0.05016 0.02268 0.007453 0.004831 0.02675 0.007917 0.006279 0.002016 0.006302 0.0009935 0.001027 0.0007011 0.00174
0.02225 0.07802 0.09033 0.06795 0.06197 0.0582 0.03868 0.02121 0.03517 0.0159 0.005225 0.003387 0.01875 0.005551 0.004403 0.001413 0.004419 0.0006966 0.00072 0.001712
0.004258 0.2499 0.2189 0.07532 0.04765 0.04345 0.04081 0.02712 0.01487 0.02466 0.01115 0.003664 0.002375 0.01315 0.003892 0.003087 0.0009909 0.003098 0.0004884 0.001705
0.003044 0.04781 0.7011 0.1826 0.05281 0.03341 0.03047 0.02861 0.01902 0.01043 0.01729 0.007819 0.002569 0.001665 0.009219 0.002729 0.002164 0.0006948 0.002172 0.001538
0.004071 0.03418 0.1341 0.5847 0.128 0.03703 0.02342 0.02136 0.02006 0.01333 0.00731 0.01212 0.005482 0.001801 0.001167 0.006464 0.001913 0.001518 0.0004871 0.002601
0.003624 0.04571 0.0959 0.1119 0.4099 0.08975 0.02596 0.01642 0.01498 0.01407 0.009348 0.005126 0.008499 0.003844 0.001263 0.0008185 0.004532 0.001342 0.001064 0.002165
0.004286 0.0407 0.1283 0.07997 0.07843 0.2874 0.06293 0.0182 0.01151 0.0105 0.009862 0.006554 0.003594 0.005959 0.002695 0.0008854 0.0005739 0.003177 0.0009406 0.002264
0.005484 0.04813 0.1142 0.107 0.05607 0.05499 0.2015 0.04412 0.01276 0.008074 0.007363 0.006915 0.004595 0.00252 0.004178 0.00189 0.0006208 0.0004024 0.002228 0.002247
9.664e-08 7.049e-07 1.546e-06 1.09e-06 8.587e-07 4.502e-07 4.415e-07 1.618e-06 3.542e-07 1.025e-07 6.482e-08 5.911e-08 5.552e-08 3.689e-08 2.023e-08 3.354e-08 1.517e-08 4.984e-09 3.231e-09 3.593e-08
0.08362 1.4 2.542 1.656 0.9819 0.7733 0.4054 0.3976 1.457 0.319 0.09228 0.05837 0.05323 0.04999 0.03322 0.01822 0.03021 0.01366 0.004488 0.03526
0.1108 1.872 7.757 4.157 2.274 1.349 1.062 0.5568 0.5461 2.001 0.4381 0.1267 0.08017 0.07311 0.06866 0.04563 0.02502 0.04149 0.01876 0.0546
0.2888 1.857 7.722 9.386 4.219 2.308 1.369 1.078 0.5651 0.5543 2.031 0.4447 0.1287 0.08138 0.07421 0.0697 0.04632 0.0254 0.04211 0.07446
0.1597 4.298 6.759 8.195 8.345 3.751 2.052 1.217 0.9585 0.5024 0.4928 1.806 0.3954 0.1144 0.07235 0.06598 0.06196 0.04118 0.02258 0.1036
0.2267 2.224 14.55 6.634 6.73 6.853 3.081 1.685 0.9995 0.7871 0.4126 0.4047 1.483 0.3247 0.09393 0.05942 0.05418 0.05089 0.03382 0.1037
0.2308 3.026 7.177 13.53 5.154 5.229 5.324 2.393 1.309 0.7764 0.6115 0.3205 0.3144 1.152 0.2522 0.07297 0.04616 0.04209 0.03953 0.1068
0.7745 2.992 9.424 6.4 10.07 3.835 3.891 3.962 1.781 0.9744 0.5778 0.4551 0.2385 0.234 0.8574 0.1877 0.0543 0.03435 0.03132 0.1089
1.818 9.817 9.058 8.122 4.597 7.233 2.755 2.795 2.846 1.279 0.6999 0.4151 0.3269 0.1714 0.1681 0.6159 0.1348 0.03901 0.02467 0.1007
0.3772 22.65 29.04 7.581 5.659 3.203 5.039 1.919 1.947 1.983 0.8914 0.4877 0.2892 0.2277 0.1194 0.1171 0.4291 0.09395 0.02718 0.08737
0.4182 4.634 65.7 23.69 5.14 3.837 2.172 3.417 1.301 1.32 1.344 0.6044 0.3307 0.1961 0.1544 0.08095 0.07939 0.291 0.0637 0.07767
0.4594 5.078 13.21 52.34 15.67 3.4 2.538 1.436 2.26 0.8608 0.8733 0.8893 0.3998 0.2187 0.1297 0.1021 0.05354 0.05251 0.1924 0.0935
0.3787 5.524 14.25 10.3 33.83 10.13 2.198 1.64 0.9284 1.461 0.5564 0.5645 0.5748 0.2584 0.1414 0.08382 0.06602 0.03461 0.03394 0.1848
1.417 4.516 15.28 10.88 6.512 21.39 6.404 1.39 1.037 0.5872 0.9238 0.3519 0.357 0.3635 0.1634 0.0894 0.05301 0.04175 0.02189 0.1384
0.7854 16.77 12.33 11.45 6.742 4.034 13.25 3.967 0.8609 0.6426 0.3637 0.5723 0.218 0.2211 0.2252 0.1012 0.05538 0.03284 0.02586 0.09926
0.277 9.232 45.2 9.063 6.951 4.094 2.45 8.048 2.409 0.5228 0.3902 0.2209 0.3475 0.1324 0.1343 0.1367 0.06147 0.03363 0.01994 0.07599
0.663 3.236 24.6 32.64 5.399 4.141 2.439 1.459 4.795 1.435 0.3115 0.2325 0.1316 0.207 0.07886 0.08 0.08146 0.03662 0.02003 0.05715
1.32 7.704 8.528 17.46 19.09 3.157 2.421 1.426 0.8533 2.803 0.8392 0.1821 0.1359 0.07694 0.121 0.04611 0.04678 0.04763 0.02141 0.04513
1.613 15.27 20.08 5.951 10.02 10.96 1.812 1.39 0.8188 0.4899 1.609 0.4818 0.1046 0.07804 0.04417 0.0695 0.02647 0.02686 0.02735 0.0382
0.346 18.57 39.38 13.79 3.356 5.653 6.18 1.022 0.7839 0.4618 0.2763 0.9077 0.2717 0.05897 0.04401 0.02491 0.03919 0.01493 0.01515 0.03697
0.3881 3.772 45.3 25.44 7.306 1.779 2.996 3.275 0.5417 0.4154 0.2447 0.1464 0.481 0.144 0.03125 0.02332 0.0132 0.02077 0.007912 0.02762
1.275 4.231 9.203 29.26 13.48 3.872 0.9426 1.588 1.736 0.2871 0.2201 0.1297 0.07759 0.2549 0.07631 0.01656 0.01236 0.006996 0.01101 0.01883
0.6687 13.9 10.32 5.944 15.51 7.144 2.052 0.4995 0.8414 0.9198 0.1521 0.1167 0.06872 0.04112 0.1351 0.04044 0.008776 0.00655 0.003708 0.01581
0.4505 7.291 33.91 6.668 3.15 8.218 3.786 1.087 0.2647 0.4459 0.4874 0.08062 0.06182 0.03642 0.02179 0.07159 0.02143 0.004651 0.003471 0.01034
1.061 4.911 17.79 21.91 3.534 1.669 4.355 2.006 0.5762 0.1403 0.2363 0.2583 0.04272 0.03276 0.0193 0.01155 0.03794 0.01136 0.002465 0.007321
0.2737 11.57 11.98 11.49 11.61 1.873 0.8846 2.308 1.063 0.3054 0.07434 0.1252 0.1369 0.02264 0.01736 0.01023 0.006119 0.02011 0.006018 0.005186
0.1941 2.984 28.23 7.74 6.089 6.152 0.9924 0.4688 1.223 0.5634 0.1618 0.0394 0.06636 0.07254 0.012 0.009201 0.00542 0.003243 0.01065 0.005938
0.8497 2.117 7.281 18.24 4.102 3.227 3.26 0.5259 0.2484 0.6481 0.2986 0.08575 0.02088 0.03516 0.03844 0.006358 0.004876 0.002872 0.001719 0.008793
0.8751 9.264 5.164 4.703 9.664 2.174 1.71 1.728 0.2787 0.1317 0.3435 0.1582 0.04544 0.01106 0.01864 0.02037 0.003369 0.002584 0.001522 0.005571
1.479 9.54 22.6 3.336 2.492 5.121 1.152 0.9062 0.9155 0.1477 0.06977 0.182 0.08385 0.02408 0.005863 0.009876 0.0108 0.001786 0.001369 0.003759
0.2272 16.13 23.28 14.6 1.768 1.321 2.714 0.6104 0.4802 0.4852 0.07827 0.03697 0.09646 0.04444 0.01276 0.003107 0.005233 0.005721 0.0009463 0.002718
0.8763 2.476 39.35 15.03 7.737 0.9368 0.6999 1.438 0.3235 0.2545 0.2571 0.04148 0.01959 0.05112 0.02355 0.006763 0.001647 0.002773 0.003032 0.001942
0.2184 9.553 6.042 25.42 7.968 4.1 0.4964 0.3709 0.7622 0.1714 0.1349 0.1363 0.02198 0.01038 0.02709 0.01248 0.003584 0.0008726 0.00147 0.002636
0.5807 2.381 23.31 3.903 13.47 4.222 2.173 0.2631 0.1966 0.4039 0.09085 0.07147 0.07221 0.01165 0.005503 0.01436 0.006614 0.001899 0.0004624 0.002176
0.8657 6.331 5.811 15.06 2.068 7.138 2.238 1.151 0.1394 0.1042 0.2141 0.04815 0.03788 0.03827 0.006173 0.002916 0.007607 0.003505 0.001007 0.001398
0.218 9.438 15.45 3.753 7.978 1.096 3.783 1.186 0.6102 0.07388 0.0552 0.1134 0.02551 0.02007 0.02028 0.003271 0.001545 0.004032 0.001857 0.001274
0.1538 2.377 23.03 9.978 1.989 4.228 0.5809 2.005 0.6284 0.3234 0.03915 0.02925 0.06011 0.01352 0.01064 0.01075 0.001734 0.000819 0.002136 0.00166
0.2641 1.676 5.8 14.87 5.288 1.054 2.241 0.3078 1.062 0.333 0.1714 0.02075 0.0155 0.03186 0.007165 0.005637 0.005695 0.0009187 0.000434 0.002012
0.9082 2.879 4.09 3.746 7.883 2.802 0.5586 1.187 0.1631 0.563 0.1765 0.09081 0.011 0.008215 0.01688 0.003797 0.002987 0.003018 0.0004869 0.001296
0.3179 9.666 6.872 2.585 1.943 4.088 1.453 0.2897 0.6158 0.08459 0.292 0.09152 0.04709 0.005702 0.00426 0.008755 0.001969 0.001549 0.001565 0.0009246
0.9242 3.384 23.13 4.368 1.349 1.014 2.133 0.7583 0.1512 0.3213 0.04414 0.1523 0.04776 0.02457 0.002976 0.002223 0.004568 0.001028 0.0008084 0.001299
0.4649 9.837 8.121 14.79 2.294 0.7084 0.5323 1.12 0.3982 0.07937 0.1687 0.02318 0.07999 0.02508 0.0129 0.001562 0.001167 0.002399 0.0005396 0.001107
0.5356 4.949 23.67 5.22 7.812 1.212 0.3743 0.2812 0.5918 0.2104 0.04193 0.08914 0.01225 0.04226 0.01325 0.006817 0.0008255 0.0006168 0.001267 0.0008697
0.3359 5.701 11.94 15.3 2.775 4.153 0.6441 0.199 0.1495 0.3146 0.1118 0.02229 0.04738 0.00651 0.02247 0.007043 0.003624 0.0004388 0.0003279 0.001136
0.1585 3.575 13.79 7.758 8.181 1.484 2.221 0.3445 0.1064 0.07995 0.1682 0.05981 0.01192 0.02534 0.003482 0.01202 0.003767 0.001938 0.0002347 0.000783
0.205 1.687 8.671 9.01 4.175 4.402 0.7985 1.195 0.1854 0.05725 0.04302 0.09053 0.03218 0.006415 0.01364 0.001873 0.006465 0.002027 0.001043 0.0005476
0.2147 2.181 4.101 5.696 4.877 2.26 2.383 0.4322 0.6469 0.1003 0.03099 0.02329 0.049 0.01742 0.003472 0.007382 0.001014 0.0035 0.001097 0.000861
1.086 2.284 5.316 2.708 3.102 2.656 1.231 1.298 0.2354 0.3523 0.05464 0.01688 0.01268 0.02668 0.009486 0.001891 0.00402 0.0005522 0.001906 0.001066
0.7074 11.55 5.58 3.529 1.483 1.699 1.455 0.674 0.7108 0.1289 0.193 0.02993 0.009244 0.006946 0.01462 0.005196 0.001036 0.002202 0.0003025 0.001628
0.3122 7.522 28.3 3.724 1.944 0.8173 0.936 0.8015 0.3714 0.3916 0.07103 0.1063 0.01649 0.005093 0.003827 0.008053 0.002863 0.0005707 0.001213 0.001064
0.1517 3.318 18.46 18.98 2.063 1.078 0.4529 0.5187 0.4441 0.2058 0.217 0.03936 0.05891 0.009138 0.002822 0.002121 0.004462 0.001586 0.0003162 0.001262
0.3962 1.612 8.163 12.45 10.58 1.15 0.6005 0.2524 0.2891 0.2475 0.1147 0.1209 0.02194 0.03283 0.005092 0.001573 0.001182 0.002487 0.0008841 0.0008793
0.2543 4.207 3.974 5.531 6.975 5.928 0.6444 0.3365 0.1414 0.162 0.1387 0.06427 0.06777 0.01229 0.0184 0.002854 0.0008814 0.0006623 0.001394 0.0009882
0.8547 2.698 10.39 2.706 3.117 3.931 3.34 0.3631 0.1896 0.0797 0.09128 0.07816 0.03622 0.03819 0.006927 0.01037 0.001608 0.0004967 0.0003732 0.001342
0.9262 9.063 6.678 7.109 1.533 1.766 2.227 1.892 0.2057 0.1074 0.04515 0.05171 0.04428 0.02052 0.02164 0.003924 0.005873 0.0009111 0.0002814 0.0009718
0.3393 9.812 22.47 4.59 4.049 0.8731 1.006 1.268 1.078 0.1172 0.06118 0.02572 0.02945 0.02522 0.01168 0.01232 0.002235 0.003345 0.0005189 0.0007137
0.1029 3.591 24.37 15.51 2.628 2.318 0.4998 0.5756 0.726 0.617 0.06707 0.03502 0.01472 0.01686 0.01444 0.006689 0.007054 0.001279 0.001915 0.0007056
0.2815 1.088 8.931 16.9 8.925 1.512 1.333 0.2875 0.3312 0.4177 0.3549 0.03858 0.02015 0.008469 0.009699 0.008305 0.003848 0.004058 0.000736 0.001507
