Originally  
101 
A 
42	100	
1	1	NA	NA	
1	20	
1 0.02187 0.3061 0.5685 0.3061 0.3499 0.1968 0.2187 0.08746 0.02187 0.04373 0 0.02187 0.04373 0 0 0 0 0 0 0
1 0.03961 0.3961 0.4754 0.3961 0.1188 0.1585 0.1585 0.01981 0.01981 0.05942 0.07923 0.01981 0 0.01981 0.01981 0 0 0 0 0
1 0.05423 0.244 0.4067 0.366 0.122 0.06778 0.04067 0.01356 0.01356 0.01356 0 0 0 0.01356 0 0 0 0 0 0
1 0.0651 0.2213 0.4427 0.2213 0.09114 0.0651 0.03906 0.02604 0.03906 0.01302 0.01302 0 0.01302 0.01302 0.02604 0 0 0 0.01302 0
1 0 0.1797 0.4749 0.2439 0.1155 0.1155 0.06417 0.02567 0.01283 0.01283 0.01283 0 0.01283 0 0 0 0 0 0 0.01283
1 0.02623 0.223 0.341 0.2755 0.2361 0.0787 0.02623 0.05247 0 0.02623 0.01312 0 0 0 0.01312 0 0 0 0 0
1 0.0311 0.2954 0.4354 0.3576 0.2021 0.1399 0.04665 0.0311 0 0 0 0 0.01555 0 0 0 0 0 0 0
1 0.03241 0.3404 0.4862 0.3241 0.1459 0.06483 0.09724 0.01621 0.01621 0.03241 0.04862 0 0.01621 0 0 0 0 0 0 0
1 0.03149 0.189 0.2939 0.2415 0.1575 0.05249 0.05249 0.0105 0.0105 0 0.0105 0 0 0 0 0 0 0 0 0
1 0.01994 0.1894 0.2193 0.2791 0.1296 0.07975 0.009969 0.01994 0.01994 0.01994 0.009969 0 0 0 0 0 0 0 0 0
1 0.01122 0.2468 0.3702 0.2468 0.1234 0.02244 0.03366 0.02244 0.01122 0.02244 0 0 0 0 0 0 0 0 0.01122 0
1 0.01358 0.3395 0.3938 0.1765 0.163 0.1494 0.04074 0.04074 0.01358 0.02716 0 0 0 0 0 0 0 0 0 0
1 0.02268 0.2948 0.4082 0.1814 0.05669 0.09071 0.04535 0.02268 0 0 0 0.01134 0 0 0 0 0 0 0 0
1 0.05399 0.432 0.6119 0.396 0.126 0.07199 0.036 0.018 0.018 0 0.018 0 0 0 0 0.018 0 0 0 0
1 0.07383 0.16 0.4184 0.2707 0.1846 0.06153 0 0.03692 0.01231 0 0.01231 0 0 0 0 0 0 0 0 0
1 0.06708 0.2236 0.3913 0.2012 0.1006 0.08943 0.01118 0.02236 0 0 0 0.01118 0 0 0 0 0 0 0 0
1 0.05429 0.2172 0.3366 0.2063 0.1086 0.04343 0.06515 0.03257 0.02172 0 0 0 0 0 0 0 0 0 0 0
1 0.05425 0.2577 0.4204 0.3255 0.1221 0.1085 0.04069 0 0.01356 0.01356 0 0 0 0 0 0 0 0 0 0
1 0.0434 0.2713 0.2713 0.2387 0.1302 0.0434 0.03255 0.0217 0.0217 0 0.01085 0 0 0 0 0 0 0 0 0
1 0.04985 0.4652 0.3988 0.4652 0.06646 0.09969 0.03323 0.01662 0.03323 0.03323 0 0 0 0 0 0 0 0 0 0
1 0.1869 0.3738 0.6854 0.2908 0.1454 0.1661 0.08307 0.04154 0.08307 0 0.02077 0 0 0 0 0 0 0 0 0
1 0.04465 0.1898 0.4018 0.1674 0.1563 0 0.1005 0.02232 0 0.01116 0 0.01116 0 0.01116 0 0 0 0 0 0
1 0.01047 0.1675 0.356 0.2827 0.1152 0.07329 0.01047 0.02094 0 0 0.01047 0 0 0 0 0 0 0 0 0
1 0.0312 0.2704 0.3016 0.1664 0.1664 0.07279 0.0104 0 0 0.0104 0 0 0.0104 0 0 0 0 0 0 0
1 0.03542 0.1417 0.3897 0.248 0.1771 0.1063 0.02362 0.02362 0.01181 0 0.01181 0 0.01181 0 0 0 0 0 0 0
1 0.05261 0.2499 0.4471 0.2236 0.1578 0.1052 0.0263 0.03945 0.01315 0 0 0 0 0 0 0 0 0 0 0
1 0.06494 0.1818 0.4806 0.3507 0.1039 0.06494 0.03896 0 0.01299 0 0 0 0 0 0 0 0 0 0 0
1 0.02489 0.1369 0.4356 0.3112 0.1494 0.112 0.01245 0.01245 0.01245 0.02489 0.01245 0 0 0 0 0 0 0 0 0
1 0.06356 0.233 0.3708 0.2542 0.04237 0.05296 0.03178 0 0 0 0.01059 0 0 0 0 0 0 0 0 0
1 0 0.2538 0.3858 0.1624 0.09137 0.07107 0.0203 0.01015 0.01015 0 0 0 0.01015 0 0 0 0 0 0 0
1 0.03393 0.2036 0.3619 0.2488 0.09048 0.1244 0.03393 0.02262 0.01131 0 0 0 0 0 0 0 0 0 0 0
1 0.04798 0.2999 0.3959 0.1559 0.1439 0.09596 0.02399 0.012 0 0 0.012 0.012 0 0 0 0 0 0 0 0
1 0.02361 0.2125 0.3542 0.2833 0.1653 0.09444 0.01181 0.01181 0.02361 0 0 0 0 0 0 0 0 0 0 0
1 0.009006 0.1621 0.3152 0.2522 0.09006 0.03602 0.009006 0.009006 0 0.01801 0 0 0 0 0 0 0 0 0 0
1 0.05864 0.2463 0.3871 0.1642 0.09383 0.0821 0.04692 0.03519 0.02346 0.02346 0 0 0.01173 0 0 0 0 0 0 0
1 0.04379 0.2773 0.4817 0.3357 0.2043 0.04379 0.02919 0.02919 0.0146 0 0 0 0 0 0 0 0 0 0 0
1 0.04826 0.1834 0.251 0.2413 0.06756 0.09652 0.04826 0.0193 0 0.009652 0 0 0 0 0 0 0 0 0 0
1 0.01529 0.13 0.3134 0.1223 0.1147 0.03058 0.01529 0.007644 0.007644 0 0 0 0.007644 0 0 0 0 0 0 0
1 0.08972 0.2692 0.3845 0.2435 0.141 0.1154 0.01282 0 0.01282 0 0.01282 0 0 0 0 0 0 0 0 0
1 0.02674 0.2674 0.4145 0.3209 0.1203 0.05349 0.08023 0.04012 0 0 0.01337 0 0 0 0 0 0 0 0 0
1 0.04128 0.2201 0.5641 0.1513 0.1513 0.1238 0.05504 0.01376 0.04128 0 0 0.01376 0 0 0 0 0 0 0 0
1 0.009304 0.1954 0.2791 0.2047 0.1116 0.05582 0.02791 0.02791 0.009304 0.009304 0 0 0 0 0 0 0 0 0 0
1 0.07229 0.2892 0.5639 0.188 0.159 0.1012 0.01446 0.02892 0.01446 0.01446 0 0 0 0 0 0 0 0 0 0
1 0.02293 0.1988 0.1682 0.1988 0.0688 0.06116 0.02293 0.007645 0 0 0 0.007645 0 0 0 0 0.007645 0 0 0
1 0.01658 0.2072 0.2072 0.1492 0.1078 0.03316 0.04974 0 0.02487 0.01658 0.008289 0 0 0 0 0.008289 0 0 0 0
1 0.05218 0.2505 0.3757 0.1878 0.08349 0.06261 0 0.02087 0 0 0.01044 0 0 0 0 0 0 0 0 0
1 0.0362 0.2655 0.4103 0.2052 0.181 0.0362 0.0362 0.02414 0.01207 0 0 0 0 0 0 0 0 0 0 0
1 0.06453 0.1936 0.3872 0.2839 0.1162 0.1291 0.05162 0.02581 0.03872 0 0 0 0 0 0 0 0 0 0 0
1 0.06419 0.1559 0.2384 0.2476 0.11 0.04585 0.009169 0.01834 0.009169 0.009169 0.009169 0 0 0 0 0 0 0 0 0
1 0.07151 0.2384 0.4053 0.2026 0.1073 0.07151 0.04768 0.01192 0.01192 0 0.01192 0.01192 0 0 0 0 0 0 0 0
1 0.02054 0.1849 0.3595 0.2465 0.1027 0.07189 0.01027 0.02054 0 0 0.01027 0 0 0 0 0 0 0 0 0
1 0.01301 0.1626 0.1756 0.1431 0.07804 0.03252 0.01951 0 0 0.01301 0.006503 0 0 0.006503 0 0 0 0 0 0
1 0 0.2869 0.5738 0.3347 0.1275 0.1116 0.0797 0.03188 0.01594 0 0 0 0.01594 0.01594 0 0 0 0 0 0
1 0.01187 0.3324 0.3442 0.2493 0.09496 0.04748 0.02374 0.05935 0.01187 0 0 0.01187 0 0 0 0 0 0 0 0
1 0.04553 0.1457 0.3005 0.1912 0.1366 0.03643 0.02732 0.009106 0.01821 0 0 0 0 0 0 0 0 0 0 0
1 0.06179 0.3089 0.5252 0.2317 0.1699 0.06179 0.1236 0.03089 0.01545 0 0.01545 0 0 0 0 0 0 0 0 0
1 0.06275 0.3451 0.6275 0.2667 0.1412 0.03137 0.03137 0.03137 0.03137 0 0 0 0 0 0 0 0 0 0 0
1 0.05601 0.4294 0.6908 0.3921 0.1867 0.03734 0.03734 0 0.01867 0.01867 0 0 0 0 0 0 0 0 0 0
1 0.02724 0.2997 0.4359 0.286 0.1498 0.08173 0.05448 0.01362 0.01362 0 0 0 0 0 0 0 0 0 0 0
