 landings-at-age - landings.n (units : NA )
1	2	
42	100	
1	20	
1 
1.541 17.04 40.06 28.1 19.01 12.01 8.726 5.819 4.123 2.935 1.997 1.384 1.012 0.6824 0.4458 0.3103 0.23 0.1538 0.108 0.2142
1.793 18.82 46.77 29.44 16.99 11.5 7.264 5.277 3.519 2.493 1.775 1.208 0.8367 0.6119 0.4127 0.2696 0.1876 0.1391 0.09301 0.1949
1.474 17.71 41.96 27.69 14.3 8.255 5.586 3.529 2.564 1.71 1.211 0.8623 0.5868 0.4065 0.2973 0.2005 0.131 0.09116 0.06757 0.1399
1.368 15.74 42.9 27.25 14.79 7.641 4.41 2.984 1.885 1.37 0.9133 0.647 0.4607 0.3135 0.2171 0.1588 0.1071 0.06996 0.0487 0.1108
1.261 15.54 40.46 29.61 15.48 8.404 4.341 2.505 1.695 1.071 0.778 0.5188 0.3675 0.2617 0.1781 0.1234 0.09023 0.06084 0.03974 0.09062
1.215 13.74 38.28 26.68 16.05 8.394 4.556 2.353 1.358 0.9191 0.5806 0.4218 0.2813 0.1993 0.1419 0.09655 0.06688 0.04892 0.03299 0.07068
1.264 13.83 35.28 26.29 15.07 9.067 4.741 2.574 1.329 0.7672 0.5192 0.328 0.2383 0.1589 0.1126 0.08014 0.05454 0.03778 0.02763 0.05856
1.127 12.57 31.21 21.25 13.01 7.456 4.487 2.346 1.274 0.6578 0.3797 0.2569 0.1623 0.1179 0.07863 0.0557 0.03966 0.02699 0.01869 0.04265
1.299 14.13 35.47 23.64 13.25 8.113 4.65 2.799 1.463 0.7943 0.4103 0.2368 0.1602 0.1012 0.07354 0.04904 0.03474 0.02474 0.01683 0.03826
1.314 13.56 33.17 22.1 12.09 6.776 4.148 2.378 1.431 0.7482 0.4061 0.2098 0.1211 0.08193 0.05176 0.0376 0.02507 0.01776 0.01265 0.02817
1.437 14.83 34.37 22.4 12.26 6.707 3.759 2.302 1.319 0.7939 0.4151 0.2253 0.1164 0.06717 0.04546 0.02872 0.02086 0.01391 0.009856 0.02265
1.372 14.96 34.78 21.42 11.46 6.274 3.432 1.924 1.178 0.6752 0.4063 0.2124 0.1153 0.05956 0.03438 0.02326 0.0147 0.01068 0.00712 0.01663
1.295 14.49 35.72 22.18 11.23 6.009 3.289 1.799 1.009 0.6175 0.3539 0.213 0.1114 0.06045 0.03122 0.01802 0.01219 0.007704 0.005597 0.01245
1.305 14.58 36.84 24.32 12.42 6.29 3.366 1.842 1.008 0.5649 0.3458 0.1982 0.1193 0.06237 0.03386 0.01749 0.01009 0.00683 0.004315 0.01011
1.37 14.59 36.71 24.77 13.44 6.866 3.477 1.86 1.018 0.557 0.3122 0.1911 0.1096 0.06593 0.03448 0.01871 0.009666 0.005579 0.003775 0.007972
1.208 13.88 33.47 22.47 12.46 6.758 3.452 1.748 0.9354 0.512 0.2801 0.157 0.09611 0.05509 0.03315 0.01733 0.00941 0.00486 0.002805 0.005907
1.314 14.86 38.41 24.82 13.71 7.603 4.125 2.107 1.067 0.571 0.3125 0.171 0.09582 0.05867 0.03363 0.02024 0.01058 0.005744 0.002967 0.005318
1.186 13.15 33.55 23.02 12.21 6.745 3.74 2.029 1.037 0.5249 0.2809 0.1537 0.08409 0.04713 0.02886 0.01654 0.009954 0.005205 0.002825 0.004075
1.239 12.79 32.09 21.93 12.38 6.564 3.626 2.011 1.091 0.5573 0.2822 0.151 0.08264 0.04521 0.02534 0.01551 0.008893 0.005352 0.002798 0.00371
1.317 14.96 34.72 23.31 13.11 7.397 3.923 2.167 1.202 0.6519 0.333 0.1686 0.09023 0.04938 0.02702 0.01514 0.009271 0.005314 0.003198 0.003889
1.234 14.25 36.3 22.33 12.31 6.92 3.905 2.071 1.144 0.6343 0.3442 0.1758 0.08902 0.04763 0.02607 0.01426 0.007994 0.004894 0.002805 0.003741
1.171 13.65 35.3 23.86 12.05 6.639 3.733 2.107 1.117 0.6172 0.3422 0.1857 0.09484 0.04803 0.0257 0.01407 0.007694 0.004313 0.002641 0.003532
1.077 11.59 30.48 20.93 11.61 5.86 3.229 1.816 1.025 0.5434 0.3002 0.1665 0.09032 0.04614 0.02336 0.0125 0.006842 0.003743 0.002098 0.003003
1.121 12.12 29.44 20.73 11.7 6.491 3.278 1.806 1.016 0.5732 0.3039 0.1679 0.0931 0.05051 0.0258 0.01307 0.006992 0.003827 0.002093 0.002853
1.118 12.14 29.63 19.22 11.12 6.282 3.484 1.759 0.9694 0.5451 0.3076 0.1631 0.09012 0.04997 0.02711 0.01385 0.007013 0.003753 0.002054 0.002655
1.09 12.34 30.23 19.72 10.52 6.088 3.438 1.907 0.9628 0.5306 0.2984 0.1684 0.08929 0.04933 0.02735 0.01484 0.00758 0.003838 0.002054 0.002577
0.9839 11.2 28.72 18.81 10.09 5.38 3.114 1.758 0.9751 0.4924 0.2713 0.1526 0.08611 0.04566 0.02523 0.01399 0.007589 0.003877 0.001963 0.002368
1.163 12.06 30.9 21.26 11.46 6.146 3.278 1.897 1.071 0.5941 0.3 0.1653 0.09297 0.05246 0.02782 0.01537 0.008522 0.004624 0.002362 0.002639
1.108 12.02 28.08 19.11 10.79 5.818 3.12 1.664 0.9632 0.5439 0.3017 0.1523 0.08394 0.0472 0.02664 0.01413 0.007804 0.004327 0.002348 0.002539
1.086 11.25 27.68 17.29 9.674 5.464 2.945 1.579 0.8424 0.4875 0.2753 0.1527 0.0771 0.04249 0.02389 0.01348 0.00715 0.00395 0.00219 0.002473
1.235 12.74 29.84 19.74 10.15 5.681 3.208 1.729 0.9273 0.4946 0.2863 0.1617 0.08965 0.04527 0.02495 0.01403 0.007916 0.004198 0.002319 0.002738
1.182 13.35 31.12 19.48 10.59 5.449 3.049 1.722 0.928 0.4977 0.2654 0.1536 0.08676 0.04811 0.02429 0.01339 0.007528 0.004249 0.002253 0.002714
1.196 13.57 34.52 21.51 11.07 6.02 3.097 1.733 0.9785 0.5274 0.2828 0.1509 0.08731 0.04931 0.02734 0.01381 0.007609 0.004279 0.002415 0.002823
1.157 12.51 32.03 21.69 11.1 5.713 3.106 1.598 0.894 0.5049 0.2721 0.1459 0.07784 0.04505 0.02544 0.01411 0.007124 0.003926 0.002208 0.002702
1.157 12.04 29.51 20.21 11.25 5.758 2.964 1.612 0.8291 0.4638 0.262 0.1412 0.07572 0.04039 0.02337 0.0132 0.007321 0.003697 0.002037 0.002548
1.178 12.92 30.46 20.06 11.31 6.297 3.222 1.659 0.9019 0.4639 0.2595 0.1466 0.079 0.04237 0.0226 0.01308 0.007386 0.004096 0.002068 0.002565
1.215 14.06 34.7 21.91 11.87 6.692 3.726 1.906 0.9814 0.5336 0.2745 0.1536 0.08673 0.04675 0.02507 0.01337 0.007739 0.00437 0.002424 0.002742
1.124 12.16 31.78 20.86 10.81 5.857 3.302 1.839 0.9408 0.4843 0.2634 0.1355 0.07579 0.0428 0.02307 0.01237 0.006599 0.003819 0.002157 0.002549
1.292 12.79 31.24 21.88 11.81 6.124 3.318 1.87 1.041 0.5329 0.2743 0.1492 0.07673 0.04293 0.02424 0.01307 0.007008 0.003738 0.002163 0.002666
1.355 15.05 33.44 21.78 12.54 6.771 3.51 1.901 1.072 0.5969 0.3054 0.1572 0.08549 0.04398 0.0246 0.01389 0.007489 0.004016 0.002142 0.002768
1.211 13.35 33.47 19.74 10.55 6.074 3.28 1.7 0.9211 0.5193 0.2892 0.1479 0.07616 0.04142 0.0213 0.01192 0.006731 0.003628 0.001946 0.002378
1.091 13.69 34.08 22.9 11.11 5.938 3.419 1.846 0.9569 0.5184 0.2923 0.1627 0.08327 0.04286 0.02331 0.01199 0.006708 0.003788 0.002042 0.002434
1.143 11.71 33.18 22.08 12.19 5.916 3.163 1.821 0.9831 0.5096 0.2761 0.1557 0.08667 0.04434 0.02283 0.01241 0.006385 0.003572 0.002018 0.002383
1.223 12.8 29.58 22.42 12.27 6.777 3.288 1.758 1.012 0.5464 0.2832 0.1534 0.08651 0.04817 0.02464 0.01269 0.006899 0.003549 0.001985 0.002446
1.142 12.51 29.68 18.34 11.42 6.25 3.452 1.675 0.8954 0.5155 0.2783 0.1443 0.07816 0.04407 0.02454 0.01256 0.006463 0.003514 0.001808 0.002257
1.203 12.83 31.87 20.31 10.33 6.435 3.521 1.945 0.9436 0.5044 0.2904 0.1568 0.08128 0.04403 0.02483 0.01382 0.007073 0.003641 0.00198 0.00229
1.27 13.95 33.53 22.3 11.69 5.947 3.705 2.027 1.12 0.5432 0.2904 0.1672 0.09027 0.04679 0.02535 0.01429 0.007958 0.004072 0.002096 0.002458
1.222 14.13 34.89 22.33 12.2 6.399 3.254 2.027 1.109 0.6127 0.2973 0.1589 0.09148 0.0494 0.02561 0.01387 0.007821 0.004355 0.002228 0.002492
1.275 13.48 34.99 22.95 12.06 6.592 3.457 1.758 1.095 0.5992 0.331 0.1606 0.08584 0.04942 0.02668 0.01383 0.007493 0.004225 0.002352 0.00255
1.146 12.46 29.78 20.57 11.07 5.82 3.181 1.668 0.8482 0.5284 0.2891 0.1597 0.07748 0.04142 0.02384 0.01288 0.006674 0.003615 0.002039 0.002365
1.285 14.08 34.42 22.07 12.54 6.754 3.55 1.94 1.017 0.5173 0.3223 0.1763 0.0974 0.04726 0.02526 0.01454 0.007853 0.004071 0.002205 0.002686
1.311 13.63 33.57 21.78 11.46 6.516 3.508 1.844 1.008 0.5284 0.2687 0.1674 0.0916 0.0506 0.02455 0.01312 0.007555 0.004079 0.002115 0.002541
1.398 14.52 33.93 22.23 11.85 6.237 3.545 1.909 1.003 0.5483 0.2875 0.1462 0.09109 0.04984 0.02753 0.01336 0.00714 0.00411 0.00222 0.002533
1.304 14.07 33.03 20.53 11.05 5.888 3.099 1.761 0.9484 0.4985 0.2724 0.1428 0.07264 0.04526 0.02476 0.01368 0.006636 0.003547 0.002042 0.002361
1.242 14.15 34.57 21.76 11.13 5.989 3.192 1.68 0.955 0.5142 0.2703 0.1477 0.07744 0.03938 0.02454 0.01343 0.007415 0.003598 0.001923 0.002387
1.284 14.28 36.74 24.07 12.47 6.377 3.431 1.829 0.9625 0.5471 0.2946 0.1548 0.08461 0.04437 0.02256 0.01406 0.007691 0.004248 0.002061 0.002469
1.401 14.42 36.08 24.76 13.33 6.907 3.533 1.9 1.013 0.5332 0.303 0.1632 0.08577 0.04687 0.02458 0.0125 0.007786 0.00426 0.002353 0.00251
1.27 14.47 33.61 22.4 12.63 6.798 3.521 1.801 0.9689 0.5165 0.2718 0.1545 0.08319 0.04373 0.0239 0.01253 0.006372 0.00397 0.002172 0.002479
1.442 15.13 38.72 24.05 13.18 7.428 4 2.072 1.06 0.5701 0.3039 0.1599 0.0909 0.04895 0.02573 0.01406 0.007372 0.003749 0.002336 0.002737
