Originally  
101 
A 
42	100	
1	1	NA	NA	
1	20	
1 0.04658 0.1514 0.2795 0.198 0.1398 0.1048 0.06988 0.05823 0.03494 0.03494 0.02329 0 0.01165 0 0.01165 0 0 0 0 0
1 0.01122 0.1571 0.3478 0.2132 0.1683 0.0561 0.07854 0.01122 0.01122 0.03366 0.02244 0.01122 0 0 0 0 0 0 0 0
1 0.03231 0.2262 0.3716 0.3069 0.21 0.21 0.1292 0.04846 0.01615 0.03231 0 0 0 0 0.03231 0 0 0 0 0
1 0.03055 0.112 0.2444 0.2241 0.1731 0.09166 0.0611 0.01018 0.02037 0.02037 0.02037 0.01018 0 0 0 0 0 0 0 0
1 0.03776 0.1636 0.2895 0.1888 0.214 0.1511 0.1133 0.02518 0.03776 0.01259 0 0 0 0.01259 0.01259 0 0 0 0 0
1 0.01076 0.1399 0.3013 0.1937 0.09685 0.1076 0.07533 0.08609 0.03228 0.01076 0 0 0.01076 0 0 0.01076 0 0 0 0
1 0.03825 0.255 0.408 0.1913 0.1275 0.07651 0.07651 0 0.051 0 0.01275 0 0.01275 0.01275 0 0 0 0 0.01275 0
1 0 0.1805 0.3739 0.2063 0.1289 0.1547 0.1032 0.03868 0.01289 0.01289 0.03868 0 0.01289 0.02579 0 0 0 0 0 0
1 0.01515 0.2727 0.3635 0.3332 0.1515 0.1818 0.06059 0.0303 0.01515 0.0303 0.04544 0 0 0 0 0.01515 0 0 0 0
1 0.0671 0.1879 0.2684 0.2416 0.2416 0.1208 0.08052 0.05368 0.02684 0.04026 0.01342 0 0 0 0 0 0 0 0 0
1 0.01644 0.2466 0.4767 0.2466 0.2301 0.09862 0.06575 0.09862 0.09862 0.04931 0.01644 0 0 0 0 0 0 0 0 0
1 0.01182 0.1536 0.319 0.2363 0.1182 0.1182 0.04726 0.04726 0.04726 0 0.03545 0 0.01182 0 0 0.01182 0 0.01182 0 0.01182
1 0.0423 0.2397 0.2961 0.2115 0.2256 0.1269 0.09871 0.0282 0.07051 0.0282 0 0.0141 0 0 0.0141 0.0141 0 0 0 0
1 0.05184 0.2981 0.311 0.2462 0.1296 0.0648 0.1037 0.01296 0.01296 0.01296 0.05184 0 0 0 0 0 0 0 0 0
1 0.02812 0.09842 0.3937 0.3515 0.1828 0.0703 0.09842 0.04218 0.02812 0.05624 0.01406 0.01406 0.01406 0 0 0 0 0 0 0.01406
1 0.08877 0.2071 0.3255 0.2811 0.2219 0.04438 0.1184 0.02959 0.1036 0 0.01479 0.02959 0 0.01479 0 0 0 0 0 0
1 0.01665 0.1998 0.4163 0.3164 0.2831 0.1665 0.06661 0.01665 0.09992 0.03331 0.03331 0 0 0 0.01665 0 0 0 0 0
1 0.04865 0.2068 0.2311 0.2311 0.1216 0.06081 0.1095 0.08514 0.01216 0.04865 0.03649 0.01216 0 0.01216 0 0 0 0 0 0
1 0.05914 0.2366 0.4288 0.1922 0.08871 0.1478 0.1035 0.1035 0.02957 0.01478 0.01478 0 0.01478 0.02957 0 0 0 0 0 0.01478
1 0.02234 0.1005 0.2345 0.2681 0.134 0.1675 0.04468 0.02234 0.06701 0.03351 0 0.02234 0 0 0 0 0 0 0 0
1 0.05271 0.2635 0.4348 0.1845 0.1449 0.02635 0.07906 0.03953 0 0.02635 0.03953 0.01318 0 0.01318 0 0 0 0 0 0
1 0.05574 0.1487 0.4645 0.353 0.223 0.2601 0.1301 0.1301 0.03716 0.03716 0 0.01858 0 0 0 0 0 0 0 0
1 0.02166 0.2383 0.6933 0.325 0.3466 0.1083 0.13 0.08666 0.02166 0.06499 0.02166 0 0 0.04333 0 0.02166 0.02166 0 0.02166 0
1 0.02791 0.1954 0.3349 0.3349 0.1116 0.1954 0.1116 0 0.05582 0 0.02791 0 0 0 0 0 0 0 0 0
1 0.0753 0.3313 0.3012 0.3615 0.1506 0.09037 0.04518 0.03012 0.04518 0.01506 0.01506 0 0 0 0.01506 0.03012 0 0 0 0
1 0.05124 0.1366 0.4612 0.3075 0.2562 0.1196 0.08541 0.01708 0.06832 0.08541 0.03416 0.05124 0 0 0 0.01708 0 0 0 0.01708
1 0.02878 0.1727 0.4029 0.3166 0.2015 0.1295 0.07195 0.02878 0.01439 0.01439 0 0.02878 0.01439 0.01439 0 0 0 0 0 0
1 0.1259 0.5663 0.881 0.5663 0.3461 0.3461 0.1259 0.09439 0.06293 0 0 0 0.03146 0 0 0 0 0 0 0
1 0.09294 0.3532 0.3532 0.3346 0.2788 0.1115 0.09294 0.05577 0.1115 0 0.03718 0.03718 0 0 0 0 0 0 0 0
1 0.01364 0.1637 0.3138 0.2729 0.2729 0.08186 0.09551 0.05457 0.04093 0 0.02729 0 0.01364 0 0 0 0.01364 0 0 0
1 0.03902 0.2731 0.5267 0.3512 0.2731 0.1756 0.1171 0.05853 0.01951 0.03902 0.03902 0 0 0.01951 0 0 0 0 0 0.01951
1 0.03571 0.2678 0.5178 0.2857 0.2321 0.1428 0.05356 0.07142 0.07142 0.05356 0 0.03571 0.01785 0 0 0 0 0 0 0
1 0.04006 0.227 0.2805 0.2003 0.227 0.1202 0.06677 0.09348 0.02671 0 0.02671 0 0.01335 0 0 0 0.01335 0 0 0
1 0.01276 0.1404 0.3956 0.2042 0.08932 0.1021 0.1021 0.0638 0.0638 0.03828 0.01276 0.02552 0.01276 0 0 0.01276 0 0 0 0
1 0.02449 0.4409 0.6123 0.4654 0.147 0.1715 0.1959 0.1225 0.1225 0.02449 0.09797 0.02449 0 0 0 0 0 0 0 0
1 0 0.1862 0.2111 0.2111 0.2235 0.1986 0.04966 0.04966 0.03724 0.03724 0 0.01241 0 0 0.02483 0 0 0 0 0
1 0.05834 0.4667 0.7584 0.4959 0.4959 0.2042 0.1459 0 0.1459 0.05834 0.05834 0.02917 0 0 0 0 0 0 0 0
1 0.1203 0.2205 0.6414 0.3408 0.2806 0.1203 0.08018 0.08018 0.04009 0.06014 0 0 0 0.02005 0 0 0 0 0 0
1 0.03865 0.2705 0.5217 0.4251 0.1932 0.1739 0.07729 0.1353 0.05797 0.01932 0.01932 0 0 0 0 0 0 0 0 0
1 0.03966 0.3173 0.4362 0.3966 0.3173 0.1388 0.119 0.05949 0.05949 0.01983 0.05949 0 0.01983 0 0 0 0 0 0 0
1 0.02604 0.3385 0.6249 0.677 0.4426 0.1562 0.1823 0.02604 0.05207 0 0.02604 0.05207 0 0 0 0 0 0 0 0
1 0.03693 0.2585 0.517 0.3324 0.1662 0.2955 0.1108 0.03693 0 0.03693 0.03693 0 0 0 0 0.01847 0 0 0 0
1 0.06938 0.3469 1.075 0.6938 0.451 0.1388 0.3469 0.1388 0.03469 0 0.1041 0.06938 0 0 0 0 0 0 0 0
1 0.01756 0.2458 0.5267 0.3336 0.2633 0.1229 0.1229 0.03511 0.01756 0.01756 0 0 0.03511 0 0.01756 0 0 0 0 0
1 0 0.3509 0.5482 0.3947 0.1754 0.1754 0.2193 0.1096 0.08772 0.02193 0.02193 0.04386 0.02193 0.02193 0 0 0 0 0 0
1 0.07723 0.4634 0.4891 0.5149 0.2832 0.1802 0.1287 0.1545 0.07723 0.103 0.05149 0.02574 0.02574 0 0 0 0 0 0 0
1 0.06351 0.2964 0.5504 0.3599 0.3175 0.06351 0.1482 0.1058 0.06351 0.04234 0.04234 0.04234 0 0.02117 0 0 0 0 0 0
1 0.01783 0.3031 0.4992 0.3031 0.2318 0.1605 0.03566 0.08915 0.05349 0.03566 0 0 0.01783 0.01783 0.01783 0 0 0 0 0
1 0.02428 0.2914 0.5342 0.5827 0.2914 0.17 0.09712 0.17 0.1214 0.09712 0 0 0 0.04856 0 0 0 0 0 0
1 0.05877 0.2547 0.5094 0.4898 0.2547 0.1763 0.05877 0.03918 0.03918 0 0.01959 0 0 0 0.01959 0 0 0.01959 0 0.01959
1 0.03983 0.239 0.5179 0.2988 0.2788 0.2788 0.05975 0.1195 0.01992 0.01992 0.01992 0.01992 0.03983 0.01992 0.01992 0 0 0 0 0
1 0.03275 0.1637 0.4421 0.3439 0.09824 0.1474 0.1801 0.08187 0.03275 0.0655 0.01637 0.01637 0 0 0.01637 0 0 0 0 0
1 0.04035 0.2219 0.343 0.4035 0.3833 0.2421 0.1211 0.0807 0.02018 0.04035 0.04035 0 0.04035 0 0.02018 0.02018 0 0 0 0
1 0.03295 0.2306 0.4448 0.2965 0.2142 0.08237 0.1483 0.03295 0.04942 0.03295 0.03295 0.03295 0.01647 0 0 0 0 0 0 0
1 0.08888 0.2489 0.4977 0.3377 0.2133 0.16 0.05333 0.1067 0.05333 0 0 0 0.01778 0 0 0 0 0 0 0
1 0.03671 0.2753 0.514 0.3304 0.1101 0.1836 0.1468 0.07342 0 0.03671 0.05507 0.01836 0 0 0.03671 0.01836 0 0 0 0
1 0.02189 0.1532 0.5471 0.5909 0.3721 0.2189 0.06566 0.04377 0.02189 0 0.06566 0.06566 0 0 0 0 0.02189 0 0 0
1 0.01962 0.3532 0.569 0.3728 0.2158 0.1177 0.09811 0.07849 0.07849 0.01962 0 0.01962 0 0.01962 0 0 0 0 0 0
1 0.1335 0.3339 0.6232 0.5119 0.2893 0.08903 0.08903 0.04452 0.06677 0.04452 0 0 0 0 0 0 0 0 0 0
