 landings-at-age - landings.n (units : NA )
1	2	
42	100	
1	20	
1 
0.005588 0.0637 0.1696 0.143 0.1008 0.06375 0.0464 0.03101 0.0221 0.01587 0.01088 0.007601 0.005641 0.003873 0.002578 0.001826 0.001373 0.0009288 0.0006588 0.001316
0.005756 0.06274 0.1787 0.1414 0.1003 0.07068 0.0447 0.03253 0.02174 0.01549 0.01113 0.007628 0.005329 0.003955 0.002716 0.001808 0.00128 0.0009623 0.0006512 0.001385
0.08166 1.015 2.754 2.329 1.55 1.098 0.7743 0.4897 0.3564 0.2382 0.1698 0.1219 0.08358 0.05839 0.04333 0.02975 0.0198 0.01403 0.01054 0.0223
0.149 1.77 5.444 4.357 3.095 2.059 1.459 1.029 0.6507 0.4736 0.3165 0.2256 0.162 0.111 0.07757 0.05757 0.03953 0.02631 0.01864 0.04364
0.1963 2.471 7.218 6.511 4.371 3.104 2.065 1.464 1.032 0.6527 0.475 0.3175 0.2262 0.1625 0.1114 0.07781 0.05775 0.03965 0.02639 0.06247
0.2544 2.905 8.938 7.612 5.752 3.861 2.742 1.824 1.293 0.9117 0.5766 0.4196 0.2804 0.1999 0.1435 0.0984 0.06874 0.05101 0.03503 0.0785
0.3237 3.532 9.801 8.738 6.226 4.705 3.158 2.243 1.492 1.058 0.7456 0.4716 0.3432 0.2294 0.1635 0.1174 0.08048 0.05622 0.04172 0.09286
0.3937 4.311 11.37 9.085 6.768 4.822 3.644 2.446 1.737 1.156 0.8192 0.5775 0.3653 0.2658 0.1777 0.1266 0.09093 0.06233 0.04355 0.1042
0.4785 5.094 13.4 10.11 6.746 5.026 3.581 2.706 1.816 1.29 0.8582 0.6083 0.4288 0.2712 0.1974 0.1319 0.09401 0.06752 0.04628 0.1097
0.5984 6.057 15.4 11.53 7.252 4.837 3.603 2.567 1.94 1.302 0.9249 0.6153 0.4361 0.3075 0.1945 0.1415 0.09459 0.06741 0.04841 0.1119
0.7277 7.448 17.9 12.87 8.019 5.045 3.365 2.507 1.786 1.35 0.906 0.6434 0.4281 0.3034 0.2139 0.1353 0.09846 0.0658 0.0469 0.1115
0.8186 8.933 21.58 14.58 8.717 5.431 3.416 2.279 1.698 1.21 0.914 0.6135 0.4357 0.2899 0.2055 0.1449 0.09162 0.06668 0.04456 0.1073
0.8807 9.934 25.44 17.17 9.634 5.759 3.588 2.257 1.506 1.122 0.7991 0.6039 0.4054 0.2879 0.1915 0.1358 0.09571 0.06053 0.04406 0.1003
0.9363 10.58 27.86 19.81 11.09 6.221 3.719 2.317 1.458 0.9722 0.7243 0.516 0.39 0.2618 0.1859 0.1237 0.08767 0.06181 0.03909 0.09323
1.035 11.16 29.26 21.26 12.52 7.009 3.931 2.35 1.464 0.9211 0.6144 0.4577 0.3261 0.2464 0.1654 0.1175 0.07816 0.0554 0.03906 0.08362
1.056 12.24 30.44 21.9 13.16 7.751 4.339 2.434 1.455 0.9065 0.5702 0.3804 0.2834 0.2019 0.1526 0.1024 0.07273 0.04839 0.0343 0.07595
1.084 12.41 33 22.37 13.29 7.988 4.705 2.633 1.477 0.8831 0.5502 0.3461 0.2309 0.172 0.1225 0.09259 0.06215 0.04414 0.02937 0.06691
1.129 12.66 33.05 23.82 13.32 7.916 4.756 2.801 1.568 0.8795 0.5258 0.3276 0.2061 0.1375 0.1024 0.07296 0.05513 0.03701 0.02628 0.05733
1.256 13.12 33.35 23.45 13.92 7.786 4.627 2.78 1.637 0.9165 0.5141 0.3073 0.1915 0.1204 0.08034 0.05985 0.04264 0.03222 0.02163 0.04887
1.256 14.52 34.19 23.27 13.46 7.991 4.469 2.655 1.596 0.9397 0.526 0.2951 0.1764 0.1099 0.06913 0.04611 0.03435 0.02448 0.0185 0.04046
1.224 14.45 37.44 23.47 13.12 7.589 4.505 2.52 1.497 0.8997 0.5299 0.2966 0.1664 0.09946 0.06196 0.03898 0.026 0.01937 0.0138 0.03324
1.114 13.35 35.26 24.18 12.44 6.953 4.022 2.388 1.335 0.7935 0.4768 0.2808 0.1572 0.08816 0.05271 0.03284 0.02066 0.01378 0.01026 0.02493
1.101 12.14 32.57 22.78 12.82 6.59 3.685 2.131 1.265 0.7076 0.4205 0.2527 0.1488 0.08329 0.04672 0.02793 0.0174 0.01095 0.007302 0.01865
1.087 12 29.63 21.04 12.07 6.791 3.493 1.953 1.129 0.6705 0.375 0.2228 0.1339 0.07886 0.04414 0.02476 0.0148 0.009222 0.005801 0.01375
1.067 11.85 29.29 19.14 11.15 6.397 3.599 1.851 1.035 0.5985 0.3553 0.1987 0.1181 0.07096 0.04179 0.02339 0.01312 0.007844 0.004887 0.01036
0.9978 11.63 28.92 18.92 10.14 5.907 3.39 1.907 0.9808 0.5484 0.3172 0.1883 0.1053 0.06258 0.0376 0.02215 0.0124 0.006953 0.004157 0.008082
0.9295 10.88 28.37 18.68 10.02 5.375 3.131 1.796 1.011 0.5198 0.2906 0.1681 0.09979 0.05581 0.03316 0.01993 0.01174 0.006569 0.003685 0.006486
0.9534 10.13 26.54 18.32 9.899 5.313 2.848 1.659 0.952 0.5356 0.2755 0.154 0.08908 0.05288 0.02957 0.01757 0.01056 0.006219 0.003481 0.00539
0.9403 10.39 24.72 17.14 9.711 5.246 2.815 1.509 0.8792 0.5045 0.2838 0.146 0.08162 0.04721 0.02803 0.01567 0.009313 0.005596 0.003296 0.004701
0.9716 10.25 25.36 15.97 9.085 5.146 2.78 1.492 0.7999 0.4659 0.2674 0.1504 0.07736 0.04325 0.02502 0.01485 0.008305 0.004936 0.002966 0.004238
1.002 10.59 25.01 16.38 8.463 4.814 2.727 1.473 0.7906 0.4239 0.2469 0.1417 0.07971 0.04099 0.02292 0.01326 0.007871 0.004401 0.002616 0.003818
0.9465 10.92 25.85 16.16 8.681 4.485 2.551 1.445 0.7807 0.419 0.2246 0.1308 0.07508 0.04224 0.02172 0.01215 0.007026 0.004171 0.002332 0.003409
0.8961 10.32 26.65 16.69 8.561 4.6 2.377 1.352 0.7659 0.4137 0.222 0.119 0.06934 0.03979 0.02239 0.01151 0.006437 0.003723 0.00221 0.003043
0.8986 9.769 25.18 17.21 8.847 4.537 2.438 1.26 0.7165 0.4059 0.2192 0.1177 0.06308 0.03675 0.02109 0.01186 0.006101 0.003411 0.001973 0.002784
0.9456 9.796 23.84 16.26 9.121 4.688 2.404 1.292 0.6675 0.3797 0.2151 0.1162 0.06236 0.03343 0.01947 0.01117 0.006287 0.003233 0.001808 0.002521
0.9412 10.31 23.9 15.4 8.618 4.833 2.485 1.274 0.6847 0.3537 0.2012 0.114 0.06157 0.03305 0.01772 0.01032 0.005922 0.003332 0.001713 0.002294
0.8776 10.26 25.15 15.44 8.159 4.567 2.561 1.317 0.6752 0.3628 0.1875 0.1066 0.0604 0.03263 0.01751 0.009389 0.005469 0.003138 0.001766 0.002124
0.8756 9.568 25.03 16.25 8.182 4.324 2.42 1.357 0.6977 0.3578 0.1923 0.09934 0.05651 0.03201 0.01729 0.00928 0.004975 0.002898 0.001663 0.002061
0.9627 9.546 23.34 16.17 8.61 4.336 2.291 1.283 0.7193 0.3698 0.1896 0.1019 0.05264 0.02995 0.01696 0.009164 0.004918 0.002637 0.001536 0.001974
0.9462 10.5 23.29 15.08 8.569 4.563 2.298 1.214 0.6797 0.3812 0.196 0.1005 0.054 0.0279 0.01587 0.00899 0.004856 0.002606 0.001397 0.00186
0.9099 10.07 25.05 14.72 7.819 4.444 2.366 1.192 0.6297 0.3525 0.1977 0.1016 0.05211 0.028 0.01447 0.00823 0.004662 0.002518 0.001352 0.001689
0.7659 9.684 24.1 15.92 7.682 4.08 2.319 1.235 0.6218 0.3286 0.1839 0.1032 0.05303 0.02719 0.01461 0.007549 0.004295 0.002433 0.001314 0.001587
0.802 8.152 23.24 15.4 8.36 4.034 2.143 1.218 0.6483 0.3265 0.1725 0.09658 0.05416 0.02784 0.01428 0.007673 0.003964 0.002255 0.001277 0.001523
0.829 8.537 19.62 14.94 8.138 4.417 2.131 1.132 0.6433 0.3425 0.1725 0.09116 0.05103 0.02862 0.01471 0.007544 0.004054 0.002094 0.001191 0.00148
0.8159 8.825 20.6 12.68 7.94 4.326 2.348 1.133 0.6017 0.342 0.1821 0.09169 0.04846 0.02712 0.01521 0.00782 0.00401 0.002155 0.001113 0.00142
0.8129 8.684 21.34 13.38 6.78 4.247 2.314 1.256 0.6059 0.3218 0.1829 0.09738 0.04904 0.02592 0.01451 0.008136 0.004182 0.002145 0.001153 0.001355
0.7838 8.652 21.06 13.95 7.202 3.648 2.285 1.245 0.6757 0.326 0.1732 0.09841 0.0524 0.02639 0.01395 0.007806 0.004378 0.00225 0.001154 0.001349
0.7277 8.34 21.03 13.83 7.549 3.898 1.975 1.237 0.6739 0.3657 0.1765 0.09374 0.05327 0.02836 0.01428 0.007549 0.004225 0.00237 0.001218 0.001355
0.7446 7.742 20.33 13.89 7.533 4.111 2.123 1.075 0.6735 0.367 0.1992 0.0961 0.05104 0.02901 0.01545 0.007778 0.004111 0.002301 0.00129 0.001401
0.7435 7.919 18.92 13.5 7.609 4.126 2.252 1.163 0.5891 0.3689 0.201 0.1091 0.05264 0.02796 0.01589 0.00846 0.004261 0.002252 0.00126 0.001474
0.7324 7.905 19.39 12.62 7.435 4.192 2.273 1.241 0.6407 0.3245 0.2033 0.1108 0.06011 0.029 0.0154 0.008755 0.004661 0.002347 0.001241 0.001507
0.7548 7.785 19.4 13.01 6.995 4.12 2.323 1.26 0.6875 0.355 0.1798 0.1126 0.06137 0.03331 0.01607 0.008536 0.004851 0.002583 0.001301 0.001522
0.7777 8.019 19.15 13.08 7.25 3.898 2.296 1.295 0.7021 0.3831 0.1978 0.1002 0.06277 0.0342 0.01856 0.008956 0.004757 0.002704 0.001439 0.001573
0.7766 8.257 19.77 12.98 7.331 4.063 2.185 1.287 0.7255 0.3934 0.2147 0.1109 0.05617 0.03518 0.01917 0.0104 0.005019 0.002666 0.001515 0.001688
0.7347 8.24 20.4 13.46 7.312 4.131 2.289 1.231 0.7251 0.4088 0.2217 0.121 0.06248 0.03165 0.01982 0.0108 0.005861 0.002828 0.001502 0.001805
0.7129 7.79 20.39 13.95 7.625 4.142 2.34 1.297 0.6974 0.4108 0.2316 0.1256 0.06854 0.0354 0.01793 0.01123 0.006119 0.003321 0.001602 0.001874
0.7488 7.552 19.31 14.02 7.947 4.343 2.359 1.333 0.7387 0.3972 0.234 0.1319 0.07153 0.03904 0.02016 0.01021 0.006396 0.003485 0.001891 0.00198
0.7101 7.924 18.75 13.34 8.024 4.549 2.486 1.35 0.763 0.4229 0.2274 0.1339 0.07551 0.04095 0.02235 0.01154 0.005846 0.003661 0.001995 0.002216
0.7242 7.506 19.71 13.01 7.672 4.616 2.617 1.43 0.7769 0.439 0.2433 0.1308 0.07705 0.04344 0.02356 0.01286 0.006639 0.003363 0.002106 0.002422
