 landings-at-age - landings.n (units : NA )
1	2	
42	100	
1	20	
1 
1.095 11.18 30.61 21.76 14.03 10.06 7.547 5.063 3.707 2.487 1.658 1.169 0.854 0.5922 0.383 0.2588 0.188 0.1253 0.09021 0.1942
1.156 13.38 30.69 22.5 13.16 8.484 6.085 4.564 3.061 2.242 1.504 1.003 0.7071 0.5164 0.3581 0.2316 0.1565 0.1137 0.07579 0.172
0.9948 11.42 29.82 18.17 10.93 6.393 4.122 2.956 2.217 1.487 1.089 0.7307 0.4871 0.3435 0.2509 0.174 0.1125 0.07603 0.05524 0.1204
0.97 10.63 27.65 19.37 9.705 5.839 3.415 2.202 1.579 1.184 0.7946 0.5818 0.3903 0.2602 0.1835 0.134 0.09294 0.06011 0.04062 0.09382
0.8984 11.02 27.32 19.08 11 5.513 3.317 1.94 1.251 0.8972 0.6729 0.4514 0.3305 0.2218 0.1478 0.1043 0.07614 0.0528 0.03415 0.07637
0.8059 9.787 27.14 18.01 10.35 5.966 2.989 1.798 1.052 0.6782 0.4864 0.3648 0.2447 0.1792 0.1202 0.08015 0.05652 0.04128 0.02862 0.05992
0.8041 9.178 25.13 18.64 10.17 5.845 3.37 1.688 1.016 0.5941 0.3831 0.2748 0.2061 0.1382 0.1012 0.06791 0.04527 0.03193 0.02332 0.05002
0.6461 8.002 20.71 15.13 9.225 5.034 2.892 1.667 0.8355 0.5026 0.294 0.1896 0.136 0.102 0.0684 0.05009 0.03361 0.0224 0.0158 0.03629
0.6922 8.1 22.57 15.69 9.439 5.754 3.139 1.804 1.04 0.5211 0.3135 0.1834 0.1182 0.0848 0.0636 0.04266 0.03124 0.02096 0.01397 0.03249
0.647 7.224 19.01 14.06 8.02 4.826 2.942 1.605 0.9223 0.5318 0.2664 0.1603 0.09376 0.06046 0.04336 0.03252 0.02181 0.01597 0.01072 0.02376
0.5797 7.301 18.31 12.84 7.802 4.45 2.678 1.632 0.8906 0.5117 0.295 0.1478 0.08894 0.05202 0.03354 0.02406 0.01804 0.0121 0.008863 0.01913
0.5492 6.037 17.12 11.42 6.57 3.993 2.277 1.37 0.8353 0.4558 0.2619 0.151 0.07565 0.04551 0.02662 0.01717 0.01231 0.009234 0.006194 0.01432
0.4683 5.799 14.41 10.92 5.984 3.444 2.093 1.194 0.7184 0.4379 0.2389 0.1373 0.07915 0.03966 0.02386 0.01396 0.008999 0.006454 0.00484 0.01076
0.4605 5.271 14.74 9.814 6.117 3.352 1.929 1.172 0.6686 0.4023 0.2453 0.1338 0.07689 0.04433 0.02221 0.01336 0.007817 0.00504 0.003615 0.008735
0.4658 5.147 13.28 9.912 5.424 3.381 1.852 1.066 0.648 0.3695 0.2224 0.1356 0.07396 0.0425 0.0245 0.01228 0.007386 0.00432 0.002786 0.006826
0.4229 4.721 11.81 8.125 4.984 2.727 1.7 0.9315 0.5361 0.3258 0.1858 0.1118 0.06816 0.03719 0.02137 0.01232 0.006173 0.003714 0.002172 0.004833
0.4504 5.205 13.06 8.758 4.959 3.042 1.665 1.038 0.5685 0.3272 0.1989 0.1134 0.06825 0.04161 0.0227 0.01304 0.00752 0.003768 0.002267 0.004276
0.381 4.507 11.75 7.829 4.308 2.439 1.496 0.8189 0.5104 0.2797 0.161 0.09782 0.05579 0.03357 0.02047 0.01117 0.006416 0.003699 0.001853 0.003219
0.3677 4.109 11 7.68 4.209 2.316 1.311 0.8045 0.4403 0.2744 0.1504 0.08654 0.05259 0.02999 0.01805 0.011 0.006003 0.003449 0.001989 0.002727
0.395 4.441 11.15 7.992 4.59 2.515 1.384 0.7837 0.4808 0.2631 0.164 0.08985 0.05171 0.03143 0.01792 0.01079 0.006575 0.003587 0.002061 0.002818
0.3946 4.273 10.77 7.174 4.219 2.423 1.328 0.7306 0.4137 0.2538 0.1389 0.08657 0.04743 0.0273 0.01659 0.009462 0.005694 0.003471 0.001894 0.002576
0.3599 4.363 10.59 7.081 3.87 2.276 1.307 0.7163 0.3942 0.2232 0.1369 0.07493 0.0467 0.02559 0.01473 0.008951 0.005105 0.003072 0.001873 0.002411
0.3059 3.563 9.745 6.275 3.445 1.883 1.107 0.6358 0.3485 0.1917 0.1086 0.06661 0.03645 0.02272 0.01245 0.007165 0.004354 0.002483 0.001494 0.002084
0.2869 3.441 9.049 6.626 3.51 1.927 1.053 0.6193 0.3556 0.1949 0.1072 0.06073 0.03725 0.02039 0.01271 0.006962 0.004007 0.002435 0.001389 0.002001
0.2675 3.107 8.414 5.908 3.556 1.884 1.034 0.5652 0.3324 0.1909 0.1046 0.05756 0.03259 0.01999 0.01094 0.00682 0.003737 0.002151 0.001307 0.00182
0.2651 2.953 7.738 5.601 3.234 1.946 1.031 0.5659 0.3093 0.1819 0.1045 0.05725 0.0315 0.01784 0.01094 0.005989 0.003733 0.002045 0.001177 0.001711
0.2444 2.723 6.873 4.815 2.864 1.654 0.9954 0.5273 0.2894 0.1582 0.09303 0.05343 0.02928 0.01611 0.009123 0.005597 0.003063 0.001909 0.001046 0.001477
0.2651 2.996 7.514 5.087 2.934 1.745 1.008 0.6065 0.3213 0.1763 0.09639 0.05669 0.03255 0.01784 0.009816 0.005559 0.00341 0.001866 0.001163 0.001537
0.2495 2.739 6.975 4.647 2.583 1.489 0.8861 0.5116 0.3079 0.1631 0.08953 0.04894 0.02878 0.01653 0.009057 0.004984 0.002822 0.001731 0.0009474 0.001371
0.204 2.532 6.307 4.295 2.352 1.307 0.7539 0.4485 0.2589 0.1559 0.08256 0.04532 0.02477 0.01457 0.008366 0.004584 0.002523 0.001428 0.0008763 0.001174
0.2073 2.392 6.717 4.497 2.522 1.381 0.7677 0.4427 0.2633 0.152 0.09152 0.04848 0.02661 0.01454 0.008553 0.004912 0.002692 0.001481 0.0008388 0.001204
0.2057 2.242 5.844 4.385 2.414 1.353 0.7412 0.412 0.2376 0.1413 0.0816 0.04911 0.02602 0.01428 0.007805 0.00459 0.002636 0.001445 0.0007949 0.001096
0.2146 2.362 5.796 4.039 2.492 1.372 0.7691 0.4212 0.2341 0.135 0.08032 0.04637 0.02791 0.01479 0.008116 0.004436 0.002609 0.001498 0.000821 0.001075
0.1947 2.245 5.574 3.641 2.084 1.286 0.7077 0.3969 0.2174 0.1208 0.06966 0.04144 0.02393 0.0144 0.007629 0.004188 0.002289 0.001346 0.000773 0.0009781
0.1729 2.026 5.295 3.518 1.889 1.081 0.6671 0.3672 0.2059 0.1128 0.06268 0.03614 0.0215 0.01242 0.007473 0.003958 0.002173 0.001188 0.0006984 0.0009086
0.1663 1.931 5.128 3.6 1.968 1.057 0.605 0.3733 0.2055 0.1152 0.0631 0.03507 0.02022 0.01203 0.006947 0.004181 0.002215 0.001216 0.0006645 0.0008992
0.167 1.986 5.187 3.688 2.13 1.165 0.6255 0.358 0.2209 0.1216 0.06817 0.03734 0.02075 0.01197 0.007119 0.00411 0.002474 0.001311 0.0007194 0.0009253
0.1537 1.671 4.489 3.118 1.82 1.051 0.5747 0.3087 0.1767 0.109 0.06 0.03364 0.01843 0.01024 0.005906 0.003514 0.002029 0.001221 0.0006468 0.0008117
0.1544 1.749 4.293 3.09 1.766 1.031 0.5954 0.3255 0.1748 0.1001 0.06174 0.03398 0.01906 0.01044 0.005801 0.003345 0.00199 0.001149 0.0006916 0.0008261
0.1519 1.799 4.574 2.993 1.771 1.012 0.5908 0.3412 0.1866 0.1002 0.05735 0.03539 0.01948 0.01092 0.005982 0.003325 0.001917 0.001141 0.0006585 0.0008698
0.1333 1.496 4.001 2.7 1.45 0.858 0.4904 0.2862 0.1653 0.09038 0.04855 0.02778 0.01714 0.009436 0.005291 0.002898 0.001611 0.0009287 0.0005525 0.0007404
0.1265 1.506 3.821 2.737 1.52 0.816 0.4829 0.276 0.1611 0.09303 0.05087 0.02732 0.01564 0.009647 0.00531 0.002978 0.001631 0.0009064 0.0005227 0.0007276
0.1232 1.357 3.653 2.475 1.458 0.8093 0.4346 0.2572 0.147 0.08578 0.04955 0.02709 0.01455 0.008327 0.005138 0.002828 0.001586 0.0008686 0.0004828 0.0006659
0.1246 1.379 3.428 2.468 1.376 0.8101 0.4498 0.2415 0.1429 0.08168 0.04767 0.02753 0.01506 0.008086 0.004628 0.002855 0.001572 0.0008813 0.0004827 0.0006384
0.1241 1.275 3.197 2.125 1.258 0.7009 0.4127 0.2291 0.123 0.07281 0.04161 0.02429 0.01403 0.00767 0.00412 0.002358 0.001455 0.0008007 0.000449 0.0005711
0.1277 1.395 3.246 2.188 1.197 0.7084 0.3948 0.2325 0.1291 0.06932 0.04101 0.02344 0.01368 0.007902 0.004321 0.002321 0.001328 0.0008194 0.0004511 0.0005747
0.1334 1.48 3.644 2.272 1.26 0.689 0.4078 0.2273 0.1338 0.07431 0.03991 0.02361 0.01349 0.007877 0.004549 0.002487 0.001336 0.0007646 0.0004718 0.0005905
0.1337 1.484 3.702 2.427 1.243 0.6893 0.377 0.2232 0.1244 0.07324 0.04066 0.02184 0.01292 0.007385 0.00431 0.002489 0.001361 0.0007311 0.0004184 0.0005813
0.1349 1.475 3.675 2.435 1.311 0.6715 0.3724 0.2037 0.1206 0.06719 0.03956 0.02197 0.0118 0.00698 0.003989 0.002328 0.001345 0.0007353 0.0003949 0.00054
0.1227 1.317 3.259 2.16 1.175 0.6327 0.324 0.1797 0.09827 0.05817 0.03242 0.01909 0.0106 0.005692 0.003368 0.001925 0.001123 0.0006489 0.0003548 0.0004511
0.1363 1.507 3.64 2.415 1.318 0.7167 0.3859 0.1976 0.1096 0.05994 0.03548 0.01977 0.01164 0.006465 0.003471 0.002054 0.001174 0.0006852 0.0003958 0.0004915
0.1197 1.446 3.593 2.304 1.255 0.6844 0.3723 0.2005 0.1027 0.05692 0.03114 0.01843 0.01027 0.006048 0.003358 0.001803 0.001067 0.0006098 0.0003559 0.0004609
0.116 1.326 3.6 2.38 1.253 0.6826 0.3724 0.2026 0.1091 0.05585 0.03097 0.01694 0.01003 0.005589 0.003291 0.001827 0.0009812 0.0005805 0.0003318 0.0004444
0.1154 1.167 3.016 2.178 1.182 0.6228 0.3391 0.185 0.1006 0.05419 0.02775 0.01539 0.008416 0.004982 0.002777 0.001635 0.0009078 0.0004875 0.0002884 0.0003857
0.1055 1.252 2.869 1.988 1.181 0.641 0.3376 0.1839 0.1003 0.05456 0.02938 0.01504 0.008342 0.004563 0.002701 0.001505 0.0008864 0.0004922 0.0002643 0.0003655
0.1045 1.213 3.252 1.998 1.139 0.6766 0.3672 0.1934 0.1053 0.05746 0.03126 0.01683 0.008619 0.004779 0.002614 0.001547 0.0008624 0.0005078 0.0002819 0.0003608
0.1122 1.174 3.065 2.192 1.107 0.6307 0.3748 0.2034 0.1071 0.05835 0.03183 0.01731 0.009323 0.004774 0.002647 0.001448 0.0008571 0.0004777 0.0002813 0.000356
0.1066 1.158 2.737 1.903 1.117 0.5642 0.3216 0.1911 0.1037 0.05463 0.02975 0.01623 0.008827 0.004753 0.002434 0.00135 0.0007383 0.000437 0.0002436 0.0003249
0.1211 1.27 3.101 1.958 1.119 0.6574 0.3319 0.1892 0.1124 0.06102 0.03214 0.0175 0.009548 0.005194 0.002797 0.001432 0.0007941 0.0004344 0.0002571 0.0003345
