 landings-at-age - landings.n (units : NA )
1	2	
42	100	
1	20	
1 
0.006209 0.07049 0.1875 0.1581 0.1115 0.07047 0.05119 0.03414 0.02418 0.01722 0.01172 0.008117 0.005937 0.004003 0.002615 0.00182 0.001349 0.0009023 0.0006337 0.001257
0.006453 0.06971 0.1978 0.1564 0.1108 0.07821 0.04941 0.03589 0.02394 0.01696 0.01207 0.008216 0.005691 0.004163 0.002807 0.001834 0.001276 0.0009461 0.0006327 0.001326
0.09235 1.138 3.06 2.577 1.713 1.214 0.8569 0.5413 0.3932 0.2622 0.1858 0.1323 0.09001 0.06235 0.0456 0.03075 0.02009 0.01398 0.01036 0.02145
0.17 2.002 6.104 4.841 3.424 2.276 1.613 1.138 0.7192 0.5225 0.3484 0.2468 0.1757 0.1196 0.08284 0.06059 0.04086 0.02669 0.01858 0.04228
0.2238 2.819 8.163 7.3 4.856 3.435 2.283 1.618 1.142 0.7214 0.5241 0.3495 0.2476 0.1763 0.12 0.0831 0.06078 0.04098 0.02677 0.06104
0.2868 3.312 10.2 8.608 6.449 4.29 3.034 2.017 1.43 1.009 0.6373 0.463 0.3087 0.2187 0.1557 0.106 0.07341 0.05369 0.03621 0.07757
0.3564 3.981 11.17 9.969 7.041 5.275 3.509 2.482 1.65 1.169 0.8251 0.5212 0.3787 0.2525 0.1789 0.1274 0.08668 0.06004 0.04391 0.09306
0.4186 4.747 12.81 10.36 7.722 5.453 4.085 2.718 1.922 1.278 0.9057 0.6391 0.4037 0.2933 0.1956 0.1386 0.09866 0.06714 0.0465 0.1061
0.4891 5.417 14.75 11.4 7.69 5.733 4.049 3.034 2.018 1.427 0.9487 0.6725 0.4745 0.2998 0.2178 0.1452 0.1029 0.07325 0.04985 0.1133
0.5907 6.192 16.38 12.69 8.174 5.514 4.111 2.903 2.175 1.447 1.023 0.6802 0.4822 0.3403 0.2149 0.1562 0.1041 0.07377 0.05252 0.117
0.7019 7.352 18.3 13.69 8.831 5.687 3.836 2.86 2.02 1.513 1.007 0.712 0.4732 0.3354 0.2367 0.1495 0.1086 0.07245 0.05132 0.1179
0.7809 8.616 21.3 14.9 9.269 5.98 3.851 2.598 1.937 1.368 1.025 0.6817 0.4821 0.3205 0.2272 0.1603 0.1013 0.07357 0.04906 0.1146
0.8386 9.477 24.54 16.95 9.848 6.124 3.951 2.544 1.716 1.28 0.9037 0.6771 0.4504 0.3186 0.2117 0.1501 0.1059 0.06691 0.04861 0.1081
0.8946 10.08 26.57 19.11 10.95 6.359 3.955 2.551 1.643 1.108 0.8263 0.5836 0.4372 0.2908 0.2057 0.1367 0.09692 0.06839 0.04321 0.1012
0.9933 10.66 27.86 20.28 12.08 6.918 4.019 2.499 1.612 1.038 0.7004 0.5222 0.3688 0.2763 0.1838 0.13 0.08641 0.06125 0.04322 0.09127
1.018 11.75 29.09 20.86 12.55 7.476 4.283 2.488 1.547 0.9982 0.6428 0.4336 0.3233 0.2283 0.171 0.1138 0.08048 0.05349 0.03792 0.08326
1.051 11.96 31.66 21.38 12.66 7.62 4.538 2.6 1.51 0.939 0.6058 0.3901 0.2632 0.1962 0.1386 0.1038 0.06906 0.04884 0.03247 0.07355
1.105 12.27 31.85 22.86 12.73 7.538 4.537 2.702 1.548 0.8991 0.5591 0.3607 0.2323 0.1567 0.1168 0.08251 0.06181 0.04112 0.02908 0.06313
1.243 12.83 32.33 22.6 13.36 7.439 4.406 2.652 1.579 0.9047 0.5255 0.3268 0.2108 0.1358 0.09159 0.06828 0.04823 0.03613 0.02403 0.05389
1.263 14.37 33.44 22.56 12.97 7.668 4.27 2.529 1.522 0.9064 0.5192 0.3016 0.1876 0.121 0.07793 0.05257 0.03919 0.02768 0.02074 0.04473
1.26 14.54 37.06 22.95 12.72 7.313 4.323 2.407 1.426 0.8582 0.5111 0.2928 0.1701 0.1058 0.06823 0.04394 0.02964 0.0221 0.01561 0.03691
1.179 13.73 35.47 23.94 12.16 6.74 3.875 2.291 1.276 0.7556 0.4548 0.2708 0.1551 0.09012 0.05604 0.03616 0.02329 0.01571 0.01171 0.02783
1.198 12.85 33.51 22.91 12.69 6.446 3.572 2.054 1.214 0.6761 0.4004 0.241 0.1435 0.08222 0.04776 0.0297 0.01916 0.01234 0.008324 0.02096
1.21 13.06 31.35 21.64 12.14 6.722 3.416 1.893 1.088 0.6434 0.3583 0.2122 0.1277 0.07606 0.04357 0.02531 0.01574 0.01015 0.006539 0.01552
1.218 13.19 31.85 20.25 11.47 6.434 3.563 1.81 1.003 0.5768 0.341 0.1899 0.1124 0.06769 0.04031 0.02309 0.01341 0.008341 0.005381 0.01169
1.176 13.28 32.19 20.58 10.73 6.078 3.41 1.888 0.9593 0.5315 0.3056 0.1807 0.1006 0.05959 0.03587 0.02136 0.01224 0.007108 0.00442 0.009046
1.13 12.82 32.4 20.79 10.9 5.687 3.221 1.807 1 0.5084 0.2817 0.162 0.09576 0.05332 0.03158 0.01901 0.01132 0.006485 0.003767 0.007136
1.189 12.32 31.28 20.93 11.02 5.778 3.014 1.707 0.9576 0.5302 0.2694 0.1493 0.08584 0.05074 0.02826 0.01674 0.01007 0.005999 0.003436 0.005778
1.198 12.97 30.06 20.2 11.09 5.838 3.062 1.597 0.9046 0.5075 0.281 0.1428 0.07911 0.04549 0.02689 0.01497 0.008869 0.005338 0.003179 0.004883
1.266 13.06 31.64 19.42 10.71 5.877 3.094 1.623 0.8463 0.4794 0.2689 0.1489 0.07566 0.04192 0.02411 0.01425 0.007936 0.0047 0.002829 0.004273
1.341 13.8 31.87 20.44 10.29 5.673 3.115 1.64 0.8599 0.4485 0.254 0.1425 0.07891 0.0401 0.02222 0.01277 0.007552 0.004205 0.002491 0.003763
1.298 14.62 33.68 20.59 10.83 5.454 3.006 1.651 0.8689 0.4557 0.2377 0.1346 0.07553 0.04182 0.02125 0.01177 0.00677 0.004002 0.002229 0.003314
1.249 14.15 35.68 21.75 10.91 5.739 2.89 1.593 0.8747 0.4605 0.2415 0.126 0.07134 0.04002 0.02216 0.01126 0.006239 0.003588 0.002121 0.002937
1.262 13.61 34.53 23.05 11.53 5.781 3.042 1.532 0.8443 0.4635 0.244 0.128 0.06675 0.03781 0.02121 0.01174 0.005967 0.003306 0.001901 0.002681
1.326 13.75 33.21 22.3 12.21 6.109 3.064 1.612 0.8116 0.4474 0.2456 0.1293 0.06782 0.03537 0.02004 0.01124 0.006223 0.003162 0.001752 0.002428
1.323 14.46 33.56 21.45 11.82 6.473 3.238 1.624 0.8542 0.4301 0.2371 0.1302 0.06853 0.03594 0.01875 0.01062 0.005957 0.003298 0.001676 0.002215
1.248 14.42 35.28 21.68 11.37 6.263 3.43 1.716 0.8604 0.4527 0.2279 0.1257 0.06899 0.03632 0.01905 0.009934 0.005627 0.003157 0.001748 0.002062
1.261 13.6 35.18 22.79 11.49 6.024 3.319 1.818 0.9092 0.4559 0.2399 0.1208 0.06659 0.03656 0.01925 0.01009 0.005264 0.002982 0.001673 0.002019
1.392 13.75 33.19 22.73 12.08 6.087 3.192 1.759 0.9633 0.4818 0.2416 0.1271 0.06401 0.03529 0.01937 0.0102 0.005349 0.00279 0.00158 0.001957
1.367 15.18 33.54 21.44 12.04 6.4 3.226 1.692 0.9321 0.5105 0.2553 0.128 0.06737 0.03392 0.0187 0.01027 0.005405 0.002835 0.001478 0.001874
1.322 14.55 36.22 21.2 11.12 6.246 3.319 1.673 0.8774 0.4834 0.2647 0.1324 0.0664 0.03494 0.01759 0.009698 0.005324 0.002803 0.00147 0.001739
1.124 14.08 34.81 23.02 11.06 5.801 3.259 1.732 0.873 0.4578 0.2522 0.1381 0.0691 0.03465 0.01823 0.00918 0.005061 0.002778 0.001463 0.001674
1.169 11.96 33.78 22.25 12.09 5.809 3.046 1.711 0.9094 0.4584 0.2404 0.1324 0.07254 0.03628 0.01819 0.009573 0.00482 0.002657 0.001459 0.001647
1.188 12.44 28.78 21.71 11.76 6.386 3.069 1.609 0.9041 0.4804 0.2422 0.127 0.06997 0.03832 0.01917 0.009613 0.005057 0.002547 0.001404 0.001641
1.154 12.64 30.01 18.6 11.54 6.249 3.395 1.631 0.8554 0.4806 0.2554 0.1287 0.06751 0.0372 0.02037 0.01019 0.00511 0.002688 0.001354 0.001619
1.15 12.28 30.58 19.5 9.949 6.172 3.342 1.816 0.8725 0.4575 0.257 0.1366 0.06885 0.03611 0.01989 0.0109 0.00545 0.002733 0.001438 0.00159
1.111 12.24 29.78 19.98 10.49 5.353 3.321 1.798 0.977 0.4695 0.2462 0.1383 0.0735 0.03705 0.01943 0.0107 0.005863 0.002933 0.001471 0.001629
1.018 11.82 29.76 19.56 10.82 5.68 2.898 1.798 0.9735 0.5289 0.2541 0.1333 0.07487 0.03978 0.02005 0.01052 0.005794 0.003174 0.001587 0.001678
1.019 10.83 28.82 19.66 10.65 5.89 3.093 1.578 0.979 0.5301 0.288 0.1384 0.07256 0.04077 0.02166 0.01092 0.005727 0.003155 0.001728 0.001778
0.9931 10.83 26.45 19.13 10.77 5.834 3.226 1.694 0.8643 0.5362 0.2904 0.1577 0.0758 0.03975 0.02233 0.01187 0.005982 0.003137 0.001728 0.001921
0.957 10.56 26.53 17.65 10.54 5.932 3.214 1.778 0.9335 0.4762 0.2954 0.16 0.08691 0.04176 0.0219 0.0123 0.006538 0.003296 0.001728 0.00201
0.9709 10.17 25.92 17.8 9.781 5.842 3.287 1.781 0.985 0.5173 0.2639 0.1637 0.08865 0.04816 0.02314 0.01214 0.006818 0.003623 0.001826 0.002072
0.9843 10.31 25.02 17.47 9.918 5.451 3.255 1.832 0.9926 0.5489 0.2883 0.1471 0.09123 0.04941 0.02684 0.0129 0.006763 0.0038 0.002019 0.002172
0.9622 10.45 25.43 16.95 9.792 5.558 3.055 1.824 1.027 0.5563 0.3076 0.1615 0.08241 0.05113 0.02769 0.01504 0.007228 0.00379 0.002129 0.002349
0.8893 10.21 25.82 17.31 9.554 5.518 3.132 1.721 1.028 0.5785 0.3135 0.1733 0.09103 0.04644 0.02881 0.0156 0.008475 0.004073 0.002136 0.002523
0.8401 9.429 25.27 17.66 9.808 5.412 3.126 1.774 0.9752 0.5824 0.3278 0.1776 0.0982 0.05157 0.02631 0.01632 0.008839 0.004802 0.002307 0.00264
0.8553 8.899 23.38 17.37 10.06 5.586 3.083 1.78 1.01 0.5554 0.3317 0.1867 0.1011 0.05593 0.02937 0.01498 0.009296 0.005034 0.002735 0.002817
0.7864 9.052 22.1 16.14 9.942 5.758 3.198 1.765 1.019 0.5785 0.3179 0.1899 0.1069 0.0579 0.03202 0.01681 0.008577 0.005321 0.002882 0.003178
0.782 8.312 22.51 15.33 9.286 5.719 3.313 1.84 1.015 0.5863 0.3328 0.1829 0.1092 0.06147 0.03331 0.01842 0.009673 0.004934 0.003061 0.003486
