 landings-at-age - landings.n (units : NA )
1	2	
2	100	
1	20	
1 
0.02659 0.2984 0.8352 0.6934 0.4839 0.3377 0.2357 0.1644 0.1148 0.08008 0.05589 0.039 0.02722 0.01899 0.01325 0.009249 0.006454 0.004504 0.003143 0.007259
0.005423 0.05216 0.1462 0.1214 0.08475 0.05914 0.04127 0.0288 0.0201 0.01403 0.009787 0.00683 0.004766 0.003326 0.002321 0.00162 0.00113 0.0007888 0.0005504 0.001271
0.005383 0.0609 0.1464 0.1219 0.08515 0.05942 0.04147 0.02894 0.02019 0.01409 0.009834 0.006862 0.004789 0.003342 0.002332 0.001627 0.001136 0.0007925 0.000553 0.001277
0.005448 0.06045 0.1709 0.122 0.08549 0.0597 0.04166 0.02907 0.02029 0.01416 0.00988 0.006895 0.004811 0.003358 0.002343 0.001635 0.001141 0.0007963 0.0005557 0.001283
0.005277 0.06117 0.1696 0.1425 0.08557 0.05994 0.04186 0.02921 0.02038 0.01423 0.009927 0.006927 0.004834 0.003374 0.002354 0.001643 0.001146 8e-04 0.0005583 0.001289
0.005373 0.05925 0.1716 0.1414 0.0999 0.06 0.04203 0.02935 0.02048 0.01429 0.009974 0.00696 0.004857 0.00339 0.002365 0.001651 0.001152 0.0008038 0.0005609 0.001295
0.005282 0.06033 0.1663 0.1431 0.09917 0.07005 0.04207 0.02947 0.02058 0.01436 0.01002 0.006993 0.00488 0.003406 0.002377 0.001658 0.001157 0.0008076 0.0005636 0.001302
0.005458 0.05931 0.1693 0.1386 0.1004 0.06953 0.04911 0.0295 0.02066 0.01443 0.01007 0.007026 0.004903 0.003422 0.002388 0.001666 0.001163 0.0008114 0.0005663 0.001308
0.005686 0.06129 0.1664 0.1412 0.0972 0.07036 0.04875 0.03444 0.02068 0.01449 0.01012 0.00706 0.004926 0.003438 0.002399 0.001674 0.001168 0.0008153 0.0005689 0.001314
0.005951 0.06385 0.172 0.1388 0.09898 0.06815 0.04933 0.03418 0.02414 0.0145 0.01016 0.007093 0.00495 0.003454 0.00241 0.001682 0.001174 0.0008191 0.0005716 0.00132
0.005662 0.06682 0.1792 0.1434 0.0973 0.0694 0.04779 0.03459 0.02397 0.01693 0.01017 0.007121 0.004973 0.003471 0.002422 0.00169 0.001179 0.000823 0.0005743 0.001326
0.005564 0.06358 0.1875 0.1494 0.1005 0.06822 0.04866 0.0335 0.02425 0.0168 0.01187 0.007128 0.004993 0.003487 0.002433 0.001698 0.001185 0.0008269 0.0005771 0.001333
0.005447 0.06247 0.1784 0.1563 0.1047 0.0705 0.04783 0.03412 0.02349 0.017 0.01178 0.008322 0.004998 0.003501 0.002445 0.001706 0.001191 0.0008308 0.0005798 0.001339
0.005301 0.06116 0.1753 0.1488 0.1096 0.07344 0.04943 0.03354 0.02392 0.01647 0.01192 0.008261 0.005835 0.003504 0.002455 0.001714 0.001196 0.0008348 0.0005825 0.001345
0.005776 0.05952 0.1716 0.1462 0.1043 0.07686 0.05149 0.03466 0.02352 0.01677 0.01155 0.00836 0.005792 0.004091 0.002457 0.001721 0.001202 0.0008387 0.0005853 0.001352
0.0061 0.06486 0.167 0.1431 0.1025 0.07313 0.05389 0.0361 0.0243 0.01649 0.01176 0.008097 0.005861 0.004061 0.002868 0.001723 0.001207 0.0008427 0.0005881 0.001358
0.006174 0.06849 0.182 0.1393 0.1003 0.07186 0.05127 0.03779 0.02531 0.01704 0.01156 0.008245 0.005677 0.00411 0.002847 0.002011 0.001208 0.000846 0.0005908 0.001365
0.006474 0.06932 0.1922 0.1518 0.09764 0.07035 0.05038 0.03595 0.02649 0.01775 0.01195 0.008105 0.005781 0.003981 0.002881 0.001996 0.00141 0.0008469 0.0005932 0.001371
0.006548 0.07269 0.1945 0.1603 0.1064 0.06846 0.04932 0.03532 0.02521 0.01858 0.01244 0.008376 0.005683 0.004053 0.002791 0.00202 0.0014 0.0009887 0.0005938 0.001377
0.006222 0.07352 0.204 0.1622 0.1124 0.0746 0.048 0.03458 0.02477 0.01767 0.01302 0.008725 0.005873 0.003985 0.002842 0.001957 0.001417 0.0009814 0.0006932 0.001382
0.006454 0.06986 0.2063 0.1701 0.1137 0.07879 0.05231 0.03366 0.02425 0.01737 0.01239 0.009132 0.006118 0.004118 0.002794 0.001993 0.001372 0.0009932 0.0006881 0.001455
0.006234 0.07247 0.196 0.172 0.1193 0.07973 0.05524 0.03668 0.0236 0.017 0.01218 0.008688 0.006403 0.004289 0.002887 0.001959 0.001397 0.000962 0.0006964 0.001503
0.005967 0.07 0.2034 0.1635 0.1206 0.08361 0.05591 0.03873 0.02572 0.01655 0.01192 0.008537 0.006092 0.004489 0.003007 0.002024 0.001373 0.0009796 0.0006745 0.001542
0.005497 0.06699 0.1964 0.1696 0.1146 0.08457 0.05863 0.0392 0.02716 0.01803 0.0116 0.008358 0.005986 0.004271 0.003148 0.002109 0.001419 0.000963 0.0006868 0.001554
0.005431 0.06172 0.188 0.1638 0.1189 0.08036 0.05929 0.0411 0.02748 0.01904 0.01264 0.008134 0.00586 0.004197 0.002995 0.002207 0.001478 0.0009951 0.0006752 0.001571
0.005759 0.06098 0.1732 0.1568 0.1148 0.08336 0.05635 0.04157 0.02882 0.01927 0.01335 0.008864 0.005703 0.004109 0.002943 0.0021 0.001547 0.001037 0.0006977 0.001575
0.005813 0.06467 0.1711 0.1444 0.1099 0.08052 0.05845 0.03951 0.02915 0.02021 0.01351 0.00936 0.006215 0.003999 0.002881 0.002063 0.001472 0.001085 0.0007268 0.001593
0.006083 0.06527 0.1815 0.1427 0.1013 0.07706 0.05646 0.04098 0.0277 0.02044 0.01417 0.009473 0.006563 0.004357 0.002804 0.00202 0.001447 0.001032 0.0007607 0.001627
0.005291 0.06831 0.1831 0.1513 0.1 0.071 0.05403 0.03958 0.02873 0.01942 0.01433 0.009934 0.006642 0.004602 0.003055 0.001966 0.001416 0.001014 0.0007237 0.001674
0.00505 0.05941 0.1917 0.1527 0.1061 0.07014 0.04978 0.03788 0.02775 0.02015 0.01362 0.01005 0.006965 0.004657 0.003226 0.002142 0.001378 0.0009929 0.0007111 0.001681
0.004979 0.05671 0.1667 0.1598 0.1071 0.07438 0.04918 0.0349 0.02656 0.01946 0.01413 0.009548 0.007044 0.004884 0.003265 0.002262 0.001502 0.0009664 0.0006962 0.001677
0.004974 0.0559 0.1591 0.139 0.1121 0.07508 0.05215 0.03448 0.02447 0.01862 0.01364 0.009904 0.006694 0.004939 0.003424 0.002289 0.001586 0.001053 0.0006776 0.001664
0.005272 0.05585 0.1569 0.1327 0.09746 0.07857 0.05264 0.03657 0.02418 0.01716 0.01306 0.009566 0.006944 0.004694 0.003463 0.002401 0.001605 0.001112 0.0007383 0.001642
0.005415 0.05919 0.1567 0.1308 0.09303 0.06833 0.05509 0.03691 0.02564 0.01695 0.01203 0.009155 0.006707 0.004869 0.003291 0.002428 0.001683 0.001125 0.0007797 0.001669
0.005408 0.0608 0.1661 0.1307 0.09171 0.06523 0.04791 0.03863 0.02588 0.01798 0.01189 0.008435 0.006419 0.004703 0.003414 0.002307 0.001702 0.00118 0.0007891 0.001717
0.005378 0.06072 0.1706 0.1385 0.09163 0.06431 0.04573 0.03359 0.02708 0.01814 0.0126 0.008334 0.005914 0.004501 0.003297 0.002394 0.001618 0.001194 0.0008275 0.001757
0.005235 0.06039 0.1704 0.1423 0.09711 0.06424 0.04509 0.03207 0.02355 0.01899 0.01272 0.008837 0.005843 0.004147 0.003156 0.002312 0.001678 0.001134 0.0008369 0.001812
0.005184 0.05878 0.1694 0.1421 0.09975 0.06809 0.04505 0.03161 0.02248 0.01651 0.01331 0.00892 0.006196 0.004097 0.002907 0.002213 0.001621 0.001177 0.0007953 0.001857
0.00476 0.05821 0.1649 0.1413 0.09961 0.06994 0.04774 0.03158 0.02217 0.01576 0.01158 0.009335 0.006254 0.004344 0.002872 0.002039 0.001551 0.001137 0.000825 0.00186
0.2614 2.925 8.796 7.378 5.314 3.746 2.63 1.795 1.188 0.8336 0.5929 0.4355 0.3511 0.2352 0.1634 0.108 0.07667 0.05834 0.04274 0.101
0.3044 3.75 10.21 8.918 6.261 4.509 3.179 2.232 1.524 1.008 0.7074 0.5031 0.3695 0.2979 0.1996 0.1387 0.09167 0.06506 0.04951 0.122
0.1818 1.937 5.853 4.614 3.368 2.364 1.703 1.2 0.8429 0.5753 0.3806 0.2671 0.19 0.1395 0.1125 0.07537 0.05236 0.03462 0.02457 0.06475
0.2733 2.996 7.809 6.889 4.551 3.322 2.332 1.68 1.184 0.8314 0.5675 0.3754 0.2635 0.1874 0.1376 0.111 0.07434 0.05164 0.03415 0.0881
0.2315 2.8 7.503 5.676 4.19 2.768 2.02 1.418 1.021 0.7201 0.5056 0.3451 0.2283 0.1602 0.114 0.0837 0.06748 0.04521 0.03141 0.07434
0.3279 3.471 10.21 7.945 5.03 3.713 2.453 1.79 1.257 0.9053 0.6382 0.4481 0.3059 0.2024 0.142 0.101 0.07419 0.05981 0.04007 0.09372
0.2874 3.106 8.009 6.804 4.423 2.801 2.067 1.366 0.9968 0.6998 0.504 0.3553 0.2495 0.1703 0.1127 0.07907 0.05623 0.0413 0.0333 0.07449
0.2415 2.744 7.252 5.422 3.853 2.505 1.586 1.171 0.7733 0.5644 0.3962 0.2854 0.2012 0.1413 0.09643 0.06379 0.04477 0.03184 0.02339 0.06103
0.3189 3.368 9.331 7.165 4.484 3.186 2.071 1.312 0.9681 0.6395 0.4668 0.3277 0.236 0.1664 0.1168 0.07975 0.05276 0.03703 0.02633 0.06982
0.3267 3.686 9.47 7.588 4.871 3.049 2.166 1.408 0.8918 0.6583 0.4348 0.3174 0.2228 0.1605 0.1131 0.07944 0.05422 0.03587 0.02517 0.06538
0.3206 3.363 9.239 6.863 4.597 2.951 1.847 1.313 0.8533 0.5403 0.3988 0.2634 0.1923 0.135 0.09723 0.06855 0.04813 0.03285 0.02173 0.05486
0.3328 3.933 10.04 7.982 4.959 3.322 2.132 1.335 0.9484 0.6165 0.3904 0.2882 0.1904 0.1389 0.09754 0.07025 0.04953 0.03477 0.02374 0.05534
0.3571 4.061 11.64 8.578 5.703 3.543 2.373 1.524 0.9535 0.6775 0.4405 0.2789 0.2059 0.136 0.09926 0.06968 0.05019 0.03538 0.02484 0.0565
0.3041 3.563 9.846 8.136 5.007 3.329 2.068 1.385 0.8894 0.5566 0.3955 0.2571 0.1628 0.1202 0.07939 0.05794 0.04068 0.0293 0.02066 0.04748
0.3233 3.523 10.03 8.012 5.534 3.406 2.265 1.407 0.9424 0.605 0.3786 0.2691 0.1749 0.1108 0.08175 0.054 0.03942 0.02767 0.01993 0.04635
0.3478 3.914 10.34 8.5 5.673 3.919 2.412 1.604 0.9962 0.6673 0.4284 0.2681 0.1905 0.1239 0.07842 0.05789 0.03824 0.02791 0.01959 0.04693
0.3258 3.721 10.16 7.731 5.307 3.542 2.447 1.506 1.001 0.622 0.4166 0.2675 0.1674 0.1189 0.07733 0.04896 0.03614 0.02387 0.01742 0.04154
0.3259 3.428 9.511 7.487 4.763 3.269 2.182 1.507 0.9277 0.6168 0.3832 0.2566 0.1648 0.1031 0.07328 0.04764 0.03016 0.02227 0.01471 0.03632
0.3712 3.803 9.715 7.782 5.121 3.257 2.236 1.492 1.031 0.6345 0.4218 0.2621 0.1755 0.1127 0.07052 0.05011 0.03258 0.02063 0.01523 0.0349
0.2702 3.471 8.663 6.388 4.276 2.814 1.79 1.229 0.82 0.5664 0.3486 0.2318 0.144 0.09644 0.06192 0.03875 0.02754 0.0179 0.01133 0.02754
0.2715 2.89 9.06 6.555 4.043 2.707 1.781 1.133 0.7777 0.519 0.3585 0.2207 0.1467 0.09114 0.06105 0.03919 0.02453 0.01743 0.01133 0.02461
0.1859 2.279 5.947 5.415 3.278 2.022 1.354 0.8907 0.5666 0.3889 0.2596 0.1793 0.1104 0.07337 0.04558 0.03053 0.0196 0.01227 0.008717 0.01797
0.1976 2.196 6.608 5.033 3.84 2.324 1.434 0.9598 0.6315 0.4017 0.2757 0.184 0.1271 0.07825 0.05202 0.03232 0.02165 0.0139 0.008697 0.01892
0.3221 3.472 9.392 8.224 5.246 4.002 2.423 1.494 1 0.6582 0.4187 0.2874 0.1918 0.1325 0.08156 0.05422 0.03369 0.02256 0.01449 0.02879
0.207 2.394 6.308 4.929 3.607 2.301 1.755 1.063 0.6554 0.4388 0.2887 0.1836 0.1261 0.08414 0.05812 0.03577 0.02378 0.01477 0.009896 0.01898
0.1631 1.913 5.436 4.176 2.733 1.999 1.276 0.973 0.5891 0.3633 0.2432 0.16 0.1018 0.06988 0.04664 0.03222 0.01983 0.01318 0.00819 0.01601
0.2577 3.222 9.213 7.634 4.915 3.216 2.353 1.501 1.145 0.6933 0.4276 0.2863 0.1884 0.1198 0.08224 0.05489 0.03792 0.02334 0.01552 0.02848
0.1701 1.921 5.873 4.855 3.362 2.165 1.416 1.036 0.6612 0.5044 0.3053 0.1883 0.1261 0.08296 0.05277 0.03622 0.02418 0.0167 0.01028 0.01938
0.1762 1.994 5.519 4.918 3.404 2.358 1.518 0.9932 0.7267 0.4636 0.3537 0.2141 0.1321 0.0884 0.05817 0.037 0.0254 0.01695 0.01171 0.02079
0.2071 2.389 6.601 5.316 3.966 2.746 1.901 1.224 0.801 0.586 0.3739 0.2852 0.1727 0.1065 0.07129 0.04691 0.02984 0.02048 0.01367 0.02621
0.2067 2.321 6.529 5.23 3.523 2.629 1.82 1.26 0.8113 0.5309 0.3884 0.2478 0.189 0.1144 0.07059 0.04725 0.03109 0.01978 0.01358 0.02643
0.2031 2.027 5.563 4.538 3.041 2.048 1.528 1.058 0.7326 0.4717 0.3086 0.2258 0.1441 0.1099 0.06653 0.04104 0.02747 0.01808 0.0115 0.02326
0.1515 1.807 4.426 3.535 2.413 1.617 1.089 0.8128 0.5627 0.3897 0.2509 0.1641 0.1201 0.07662 0.05845 0.03538 0.02183 0.01461 0.009613 0.01849
0.236 2.9 8.422 6.01 4.021 2.746 1.84 1.239 0.9246 0.6401 0.4433 0.2854 0.1867 0.1366 0.08717 0.06649 0.04026 0.02483 0.01662 0.03197
0.1887 1.99 5.966 5.003 2.983 1.996 1.363 0.9133 0.6152 0.459 0.3178 0.2201 0.1417 0.0927 0.06783 0.04327 0.03301 0.01998 0.01233 0.02412
0.176 1.968 5.078 4.424 3.105 1.851 1.239 0.8459 0.5668 0.3818 0.2849 0.1972 0.1366 0.08793 0.05753 0.0421 0.02686 0.02049 0.0124 0.02262
0.2419 2.621 7.139 5.353 3.904 2.74 1.634 1.093 0.7465 0.5002 0.337 0.2514 0.174 0.1205 0.07759 0.05077 0.03715 0.0237 0.01808 0.03091
0.2393 2.741 7.219 5.679 3.559 2.596 1.822 1.086 0.727 0.4964 0.3326 0.224 0.1672 0.1157 0.08014 0.05159 0.03376 0.0247 0.01576 0.03257
0.252 2.742 7.626 5.798 3.812 2.389 1.743 1.223 0.7294 0.4881 0.3332 0.2233 0.1504 0.1122 0.07769 0.0538 0.03464 0.02266 0.01658 0.03245
0.2251 2.609 6.902 5.541 3.52 2.315 1.451 1.058 0.7427 0.4428 0.2963 0.2023 0.1356 0.09132 0.06813 0.04717 0.03267 0.02103 0.01376 0.02977
0.2135 2.417 6.822 5.218 3.502 2.225 1.463 0.9169 0.6688 0.4694 0.2799 0.1873 0.1279 0.08569 0.05772 0.04306 0.02981 0.02065 0.01329 0.02751
0.1708 1.814 5.025 4.11 2.629 1.764 1.121 0.737 0.4619 0.3369 0.2365 0.141 0.09436 0.06442 0.04317 0.02908 0.0217 0.01502 0.0104 0.02056
0.1735 1.955 5.088 4.105 2.811 1.798 1.207 0.7667 0.5041 0.316 0.2305 0.1618 0.09645 0.06454 0.04406 0.02953 0.01989 0.01484 0.01027 0.02117
0.2536 2.529 6.946 5.258 3.551 2.432 1.556 1.044 0.6633 0.4361 0.2733 0.1994 0.1399 0.08344 0.05583 0.03812 0.02554 0.01721 0.01284 0.02721
0.2205 2.778 6.746 5.36 3.392 2.291 1.569 1.004 0.6736 0.428 0.2814 0.1764 0.1286 0.09029 0.05384 0.03602 0.0246 0.01648 0.0111 0.02584
0.2082 2.287 7.025 4.939 3.282 2.077 1.403 0.9607 0.6146 0.4124 0.262 0.1723 0.108 0.07877 0.05528 0.03296 0.02206 0.01506 0.01009 0.02262
0.1598 1.854 4.99 4.448 2.616 1.738 1.1 0.743 0.5088 0.3255 0.2184 0.1388 0.09125 0.05719 0.04172 0.02928 0.01746 0.01168 0.007976 0.01732
0.135 1.522 4.338 3.404 2.541 1.494 0.9929 0.6284 0.4244 0.2907 0.1859 0.1248 0.07928 0.05213 0.03267 0.02383 0.01673 0.009973 0.006673 0.01445
0.2291 2.435 6.7 5.573 3.664 2.735 1.609 1.069 0.6765 0.4569 0.3129 0.2002 0.1343 0.08535 0.05612 0.03517 0.02565 0.01801 0.01074 0.02274
0.2754 2.925 7.546 6.002 4.174 2.744 2.049 1.205 0.8006 0.5067 0.3422 0.2344 0.1499 0.1006 0.06392 0.04203 0.02634 0.01921 0.01349 0.02507
0.2642 3.165 8.145 6.052 4.021 2.797 1.839 1.372 0.8072 0.5364 0.3395 0.2293 0.157 0.1004 0.06741 0.04283 0.02816 0.01765 0.01287 0.02583
0.2415 2.629 7.648 5.668 3.517 2.337 1.625 1.069 0.7977 0.4692 0.3117 0.1973 0.1333 0.09126 0.05838 0.03918 0.02489 0.01637 0.01026 0.0225
0.1657 1.868 4.976 4.186 2.593 1.609 1.069 0.7436 0.4889 0.3649 0.2146 0.1426 0.09026 0.06096 0.04175 0.02671 0.01792 0.01139 0.007487 0.01498
0.1453 1.569 4.346 3.375 2.378 1.473 0.914 0.6073 0.4224 0.2777 0.2073 0.1219 0.08101 0.05127 0.03463 0.02371 0.01517 0.01018 0.006468 0.01276
0.1538 1.737 4.607 3.73 2.427 1.71 1.059 0.6573 0.4367 0.3037 0.1997 0.1491 0.08767 0.05825 0.03687 0.0249 0.01705 0.01091 0.007321 0.01383
0.1913 2.153 5.953 4.604 3.123 2.032 1.432 0.8869 0.5504 0.3657 0.2543 0.1672 0.1248 0.07341 0.04878 0.03087 0.02085 0.01428 0.009134 0.01771
0.2277 2.637 7.225 5.8 3.755 2.547 1.657 1.168 0.7232 0.4488 0.2982 0.2074 0.1363 0.1018 0.05986 0.03978 0.02517 0.017 0.01164 0.02189
0.2472 2.915 8.186 6.479 4.348 2.815 1.909 1.242 0.8752 0.5421 0.3364 0.2235 0.1555 0.1022 0.07629 0.04487 0.02982 0.01887 0.01275 0.02514
0.1475 1.776 5.115 4.142 2.738 1.838 1.19 0.807 0.525 0.3699 0.2291 0.1422 0.09448 0.06571 0.0432 0.03225 0.01897 0.0126 0.007976 0.01601
0.1456 1.621 4.782 4.01 2.719 1.798 1.206 0.781 0.5297 0.3447 0.2428 0.1504 0.09335 0.06202 0.04314 0.02836 0.02117 0.01245 0.008273 0.01575
