 landings-at-age - landings.n (units : NA )
1	2	
42	100	
1	20	
1 
0.8925 4.598 13.76 11.41 5.099 1.791 1.57 0.3956 3.294 1.145 0.2538 0.5349 0.5844 0.2068 0.2862 0.09279 0.1267 0.03174 0.01797 0.07812
0.3159 5.681 7.177 6.215 4.308 1.925 0.6762 0.5929 0.1494 1.244 0.4322 0.09585 0.202 0.2207 0.07809 0.1081 0.03504 0.04783 0.01199 0.03629
0.2515 5.205 22.9 8.448 6.13 4.25 1.899 0.667 0.5848 0.1474 1.227 0.4263 0.09454 0.1992 0.2177 0.07703 0.1066 0.03456 0.04718 0.04761
0.1582 2.576 13.03 16.64 5.137 3.728 2.584 1.155 0.4056 0.3556 0.08962 0.7461 0.2593 0.0575 0.1212 0.1324 0.04684 0.06484 0.02102 0.05765
0.2708 2.372 9.396 13.8 14.75 4.553 3.304 2.291 1.024 0.3595 0.3152 0.07943 0.6612 0.2298 0.05096 0.1074 0.1173 0.04152 0.05746 0.06972
0.1387 2.566 5.474 6.26 7.684 8.212 2.535 1.84 1.275 0.5699 0.2002 0.1755 0.04422 0.3681 0.1279 0.02837 0.05978 0.06532 0.02311 0.07081
0.09855 1.324 5.99 3.705 3.545 4.351 4.65 1.435 1.042 0.7221 0.3227 0.1133 0.09936 0.02504 0.2084 0.07244 0.01606 0.03385 0.03699 0.05318
0.2976 1.374 4.503 5.918 3.065 2.931 3.598 3.846 1.187 0.8614 0.5972 0.2669 0.09373 0.08218 0.02071 0.1724 0.05991 0.01329 0.028 0.07457
0.344 3.44 3.864 3.662 4.024 2.084 1.993 2.447 2.615 0.8072 0.5857 0.406 0.1814 0.06373 0.05587 0.01408 0.1172 0.04073 0.009033 0.06974
0.3561 3.541 8.624 2.801 2.218 2.438 1.262 1.208 1.482 1.584 0.489 0.3549 0.246 0.1099 0.03861 0.03385 0.008531 0.07102 0.02468 0.04773
0.3623 4.368 10.57 7.45 2.024 1.603 1.761 0.9121 0.8725 1.071 1.145 0.3533 0.2564 0.1777 0.07943 0.0279 0.02446 0.006164 0.05131 0.05232
0.6136 4.421 12.93 9.032 5.323 1.446 1.145 1.258 0.6517 0.6234 0.7652 0.8178 0.2524 0.1832 0.127 0.05675 0.01993 0.01747 0.004404 0.07404
0.321 6.122 10.72 9.036 5.272 3.107 0.8439 0.6685 0.7346 0.3804 0.3639 0.4467 0.4774 0.1474 0.1069 0.07413 0.03313 0.01163 0.0102 0.04579
0.1169 3.72 17.24 8.721 6.147 3.587 2.114 0.5741 0.4548 0.4997 0.2588 0.2475 0.3039 0.3248 0.1002 0.07274 0.05043 0.02254 0.007915 0.03809
0.2002 1.416 10.92 14.6 6.175 4.353 2.54 1.497 0.4065 0.322 0.3538 0.1832 0.1753 0.2152 0.2299 0.07098 0.05151 0.03571 0.01596 0.03257
0.4449 2.142 3.674 8.162 9.118 3.855 2.718 1.586 0.9344 0.2538 0.201 0.2209 0.1144 0.1094 0.1343 0.1436 0.04432 0.03216 0.02229 0.0303
0.2737 4.682 5.476 2.709 5.028 5.617 2.375 1.674 0.9768 0.5756 0.1564 0.1239 0.1361 0.07048 0.06742 0.08276 0.08844 0.0273 0.01981 0.0324
0.2725 3.194 13.27 4.48 1.852 3.439 3.842 1.624 1.145 0.6681 0.3937 0.1069 0.0847 0.09308 0.0482 0.04611 0.0566 0.06049 0.01867 0.03571
0.5247 2.549 7.275 8.723 2.462 1.018 1.889 2.111 0.8925 0.6291 0.3671 0.2163 0.05876 0.04654 0.05114 0.02648 0.02533 0.0311 0.03324 0.02988
0.1662 5.611 6.652 5.505 5.521 1.558 0.6443 1.196 1.336 0.565 0.3982 0.2324 0.1369 0.03719 0.02946 0.03237 0.01676 0.01604 0.01969 0.03995
0.06687 1.395 11.55 3.976 2.753 2.761 0.7793 0.3222 0.5981 0.6682 0.2825 0.1992 0.1162 0.06848 0.0186 0.01473 0.01619 0.008384 0.00802 0.02982
0.3642 0.7902 4.045 9.773 2.819 1.952 1.958 0.5525 0.2284 0.4241 0.4738 0.2003 0.1412 0.08239 0.04855 0.01319 0.01045 0.01148 0.005944 0.02683
0.3564 6.4 3.379 5.034 10.19 2.939 2.035 2.041 0.5759 0.2381 0.442 0.4938 0.2088 0.1472 0.08588 0.05061 0.01375 0.01089 0.01196 0.03416
0.1333 2.649 11.63 1.774 2.208 4.467 1.289 0.8924 0.895 0.2526 0.1044 0.1939 0.2166 0.09158 0.06455 0.03766 0.0222 0.006029 0.004775 0.02023
0.1702 1.232 6.016 7.697 0.9833 1.224 2.477 0.7145 0.4947 0.4962 0.14 0.0579 0.1075 0.1201 0.05077 0.03579 0.02088 0.0123 0.003342 0.01386
0.2538 3.363 5.932 8.448 9.059 1.157 1.44 2.915 0.8409 0.5822 0.5839 0.1648 0.06814 0.1265 0.1413 0.05975 0.04212 0.02457 0.01448 0.02025
0.1832 1.891 6.13 3.126 3.721 3.99 0.5097 0.6343 1.284 0.3703 0.2564 0.2572 0.07258 0.03001 0.05571 0.06224 0.02631 0.01855 0.01082 0.0153
0.2025 2.148 5.434 5.133 2.192 2.609 2.798 0.3574 0.4448 0.9001 0.2597 0.1798 0.1803 0.05089 0.02104 0.03906 0.04364 0.01845 0.01301 0.01831
0.3237 2.746 7.109 5.234 4.139 1.768 2.104 2.256 0.2882 0.3587 0.7259 0.2094 0.145 0.1454 0.04104 0.01697 0.0315 0.03519 0.01488 0.02526
0.6676 3.628 7.505 5.633 3.469 2.744 1.172 1.395 1.495 0.191 0.2378 0.4811 0.1388 0.09611 0.09639 0.0272 0.01125 0.02088 0.02333 0.0266
0.2737 6.546 8.695 5.216 3.275 2.017 1.595 0.6812 0.8108 0.8694 0.1111 0.1382 0.2797 0.0807 0.05587 0.05604 0.01581 0.006539 0.01214 0.02903
0.3425 2.435 14.29 5.525 2.774 1.742 1.073 0.8483 0.3623 0.4312 0.4624 0.05906 0.07351 0.1488 0.04292 0.02972 0.0298 0.008411 0.003478 0.02189
0.2303 6.555 11.35 19.41 6.285 3.156 1.982 1.22 0.9651 0.4122 0.4906 0.526 0.06719 0.08363 0.1692 0.04883 0.03381 0.03391 0.009569 0.02886
0.3625 1.942 13.49 6.741 9.635 3.12 1.567 0.9837 0.6058 0.4791 0.2046 0.2435 0.2611 0.03336 0.04152 0.08402 0.02424 0.01678 0.01683 0.01908
0.3892 3.78 4.956 10 4.183 5.98 1.936 0.9724 0.6105 0.376 0.2973 0.127 0.1511 0.1621 0.0207 0.02577 0.05214 0.01504 0.01042 0.02229
0.4747 5.797 13.71 5.225 8.827 3.692 5.277 1.709 0.8582 0.5388 0.3318 0.2624 0.1121 0.1334 0.143 0.01827 0.02274 0.04602 0.01328 0.02886
0.1852 5.379 15.96 10.91 3.474 5.869 2.455 3.509 1.136 0.5706 0.3582 0.2206 0.1745 0.07451 0.08868 0.09509 0.01215 0.01512 0.0306 0.02802
0.4087 2.122 14.97 12.82 7.323 2.332 3.94 1.648 2.356 0.7628 0.3831 0.2405 0.1481 0.1171 0.05002 0.05954 0.06384 0.008155 0.01015 0.03935
0.4231 4.231 5.342 10.87 7.785 4.446 1.416 2.392 1.001 1.43 0.4632 0.2326 0.146 0.08992 0.07111 0.03037 0.03615 0.03876 0.004951 0.03005
0.2141 4.544 11.06 4.039 6.873 4.92 2.81 0.895 1.512 0.6324 0.904 0.2927 0.147 0.09229 0.05683 0.04495 0.0192 0.02285 0.0245 0.02213
0.05981 1.819 9.447 6.664 2.035 3.462 2.479 1.416 0.4509 0.7617 0.3186 0.4554 0.1475 0.07406 0.04649 0.02863 0.02264 0.009671 0.01151 0.02349
0.2289 0.6847 5.102 7.717 4.558 1.392 2.368 1.695 0.9683 0.3084 0.521 0.2179 0.3115 0.1009 0.05065 0.0318 0.01958 0.01549 0.006615 0.02394
0.3279 3.336 2.433 5.272 6.676 3.943 1.204 2.049 1.467 0.8377 0.2668 0.4507 0.1885 0.2695 0.08727 0.04382 0.02751 0.01694 0.0134 0.02643
0.1763 3.592 8.897 1.877 3.402 4.307 2.544 0.7768 1.322 0.9464 0.5405 0.1722 0.2908 0.1216 0.1739 0.05631 0.02827 0.01775 0.01093 0.0257
0.253 1.829 9.085 6.515 1.149 2.083 2.637 1.558 0.4756 0.8094 0.5795 0.331 0.1054 0.1781 0.07448 0.1065 0.03448 0.01731 0.01087 0.02243
0.3633 2.254 3.989 5.751 3.45 0.6088 1.103 1.397 0.8251 0.2519 0.4287 0.3069 0.1753 0.05582 0.09431 0.03945 0.05638 0.01826 0.009169 0.01764
0.09799 3.459 5.273 2.721 3.286 1.971 0.3478 0.6302 0.7979 0.4713 0.1439 0.2449 0.1753 0.1001 0.03189 0.05387 0.02253 0.03221 0.01043 0.01531
0.253 1.768 15.23 6.774 2.929 3.537 2.122 0.3744 0.6784 0.859 0.5074 0.1549 0.2636 0.1887 0.1078 0.03433 0.058 0.02426 0.03467 0.02771
0.2183 3.231 5.479 13.64 5.074 2.194 2.649 1.589 0.2804 0.5081 0.6433 0.38 0.116 0.1974 0.1414 0.08073 0.02571 0.04344 0.01817 0.04672
0.5634 2.509 8.996 4.394 9.141 3.399 1.47 1.775 1.065 0.1879 0.3404 0.431 0.2546 0.07773 0.1323 0.0947 0.05409 0.01723 0.0291 0.04348
0.3721 5.607 6.062 6.26 2.554 5.313 1.976 0.8543 1.032 0.6188 0.1092 0.1978 0.2505 0.148 0.04518 0.07688 0.05504 0.03144 0.01001 0.04218
0.1476 2.878 10.61 3.318 2.864 1.168 2.431 0.9039 0.3909 0.4719 0.2831 0.04995 0.09051 0.1146 0.0677 0.02067 0.03517 0.02518 0.01438 0.02388
0.1059 1.397 6.696 7.197 1.885 1.627 0.6637 1.381 0.5134 0.222 0.268 0.1608 0.02837 0.05141 0.0651 0.03845 0.01174 0.01998 0.0143 0.02173
0.08912 1.266 4.104 5.747 5.175 1.355 1.17 0.4772 0.9928 0.3692 0.1596 0.1928 0.1156 0.0204 0.03697 0.04681 0.02765 0.008442 0.01437 0.02591
0.2419 1.248 4.338 4.102 4.812 4.334 1.135 0.9795 0.3996 0.8313 0.3091 0.1337 0.1614 0.09683 0.01708 0.03096 0.0392 0.02315 0.007069 0.03373
0.3876 3.334 4.187 4.226 3.345 3.924 3.534 0.9254 0.7987 0.3259 0.6779 0.2521 0.109 0.1316 0.07896 0.01393 0.02524 0.03196 0.01888 0.03327
0.3273 4.962 10.35 3.755 3.168 2.508 2.941 2.649 0.6937 0.5987 0.2443 0.5082 0.189 0.08171 0.09866 0.05919 0.01044 0.01892 0.02396 0.03909
0.2896 2.352 8.707 5.238 1.587 1.339 1.06 1.243 1.12 0.2932 0.2531 0.1033 0.2148 0.07987 0.03454 0.0417 0.02502 0.004414 0.007998 0.02665
0.2279 3.183 6.332 6.827 3.438 1.042 0.8791 0.6958 0.8162 0.735 0.1925 0.1661 0.06778 0.141 0.05243 0.02267 0.02737 0.01642 0.002898 0.02275
