Originally  
101 
A 
42	100	
1	1	NA	NA	
1	20	
1 0.09002 0.4276 0.7201 0.3601 0.225 0.09002 0.0225 0 0.18 0 0.0225 0.04501 0 0 0.04501 0 0.0225 0 0 0
1 0.0255 0.6119 0.5099 0.5864 0.2295 0.153 0.07649 0.0255 0 0.1275 0.102 0 0.0255 0 0 0.05099 0 0 0 0.0255
1 0 0.2518 1.03 0.3892 0.2061 0.1603 0.06868 0.02289 0.06868 0 0.04579 0.02289 0 0 0 0.02289 0 0 0 0
1 0.02986 0.3285 0.7167 1.015 0.2389 0.2389 0.1792 0.08959 0.02986 0 0 0.1194 0 0 0 0 0 0 0 0
1 0.03568 0.1606 0.2319 0.3925 0.4817 0.2319 0.07136 0.05352 0.01784 0.01784 0.01784 0 0.05352 0 0 0 0 0 0.01784 0
1 0.02143 0.3001 0.3215 0.3644 0.4072 0.4501 0.08573 0.1072 0.0643 0 0 0 0 0.02143 0 0 0 0 0 0
1 0 0.1923 0.4914 0.08546 0.2564 0.3205 0.3846 0.1282 0.1068 0.1068 0.0641 0 0 0 0 0 0 0 0 0
1 0.03536 0.0943 0.1768 0.2475 0.1179 0.0943 0.1414 0.1886 0 0.03536 0.02357 0 0.02357 0 0 0 0 0 0 0
1 0.04425 0.236 0.1917 0.2212 0.2802 0.1032 0.07374 0.04425 0.1475 0.07374 0 0.01475 0 0 0 0 0.0295 0 0 0.01475
1 0.04194 0.3075 0.3774 0.1398 0.08387 0.1677 0.04194 0.08387 0.05591 0.05591 0.02796 0.01398 0 0 0 0 0 0 0 0
1 0.01285 0.1413 0.3726 0.3469 0.07709 0.07709 0.08993 0.01285 0.0257 0.05139 0.0257 0.01285 0.01285 0.01285 0 0 0.01285 0 0 0
1 0.0946 0.3405 0.5676 0.5297 0.0946 0.01892 0.03784 0.07568 0.05676 0 0.03784 0.03784 0 0 0 0 0 0 0 0
1 0 0.3318 0.3462 0.3029 0.1298 0.1154 0.01443 0.07213 0.01443 0.02885 0.01443 0.04328 0 0.01443 0 0 0 0 0 0.01443
1 0 0.2819 1.102 0.3331 0.4613 0.1538 0.1281 0 0 0.02563 0 0.05125 0 0 0 0 0.02563 0 0 0
1 0.05045 0.03363 0.4036 0.4372 0.2186 0.3868 0.06727 0.05045 0 0 0.01682 0 0.01682 0 0 0 0 0 0 0
1 0.06861 0.1509 0.1784 0.2744 0.3156 0.09605 0.05489 0.08233 0.02744 0.01372 0.04116 0.04116 0 0 0.01372 0 0.01372 0 0 0
1 0.1203 0.4209 0.3006 0.1603 0.3006 0.3608 0.04009 0.08017 0.1203 0.02004 0 0 0.02004 0 0 0.02004 0.02004 0 0 0.02004
1 0.01943 0.2525 0.7382 0.2914 0.0777 0.1748 0.136 0.09713 0.09713 0 0.01943 0 0.01943 0.01943 0 0 0 0 0 0
1 0.02226 0.1781 0.2337 0.3895 0.05565 0.03339 0.03339 0.04452 0.03339 0.04452 0.01113 0.02226 0 0 0 0 0 0 0.01113 0
1 0.03033 0.2578 0.3791 0.2275 0.2578 0.0455 0.0455 0.03033 0.1213 0.03033 0.0455 0.03033 0 0 0 0.01517 0 0 0 0
1 0.03559 0.07117 0.854 0.3203 0.1423 0.1601 0.07117 0 0.05338 0.01779 0.03559 0 0 0 0 0 0 0.01779 0 0
1 0.09514 0.09514 0.222 0.5867 0.06343 0.1427 0.1269 0.04757 0.04757 0.06343 0.04757 0.04757 0 0 0 0 0 0 0 0
1 0.05257 0.4381 0.1928 0.2278 0.5607 0.07009 0.07009 0.07009 0.01752 0 0.01752 0.01752 0.01752 0 0 0 0 0 0 0
1 0 0.2431 0.7293 0.187 0.187 0.2992 0.0935 0.0561 0.0187 0.0374 0.0187 0 0 0 0 0 0 0 0 0
1 0.01235 0.1482 0.3458 0.3705 0.06174 0.0494 0.1235 0.0494 0.0247 0.03705 0 0 0.01235 0 0 0 0 0 0 0
1 0.06743 0.1079 0.1618 0.4855 0.2967 0.01349 0.02697 0.06743 0.05394 0.02697 0.01349 0.01349 0 0 0 0 0 0.01349 0 0
1 0.01666 0.2166 0.3666 0.2 0.3166 0.2333 0.03333 0.03333 0.1167 0.06666 0.01666 0.01666 0 0.01666 0.01666 0 0 0 0 0
1 0.01215 0.1215 0.3522 0.2915 0.04858 0.1093 0.1093 0.01215 0.02429 0.1093 0.01215 0.01215 0 0 0 0 0 0 0 0
1 0 0.32 0.4547 0.1684 0.1852 0.1347 0.101 0.1852 0 0.06736 0.03368 0 0.01684 0.01684 0 0 0 0 0 0
1 0.04527 0.3924 0.3169 0.2415 0.1811 0.1207 0.03018 0.09055 0.07546 0 0 0 0 0 0.01509 0 0 0 0 0
1 0.04252 0.659 0.4039 0.2551 0.2338 0.08503 0.1276 0.08503 0.08503 0.04252 0.02126 0.04252 0.02126 0 0.02126 0 0 0 0 0
1 0.07414 0.3954 0.9638 0.519 0.1977 0.07414 0.07414 0.02471 0.07414 0.04943 0 0 0 0 0 0 0 0 0 0.02471
1 0 0.5438 0.5982 0.7885 0.1903 0.1631 0.08157 0.05438 0.1359 0.05438 0.05438 0.02719 0 0.02719 0 0 0 0 0 0
1 0.09728 0.08339 0.4725 0.1946 0.2641 0.09728 0.0139 0.05559 0.04169 0.0278 0 0.04169 0 0 0 0 0 0 0 0
1 0.03557 0.2312 0.1245 0.6046 0.2667 0.2667 0.1067 0.07113 0.01778 0.01778 0.01778 0 0 0.01778 0 0 0 0 0 0
1 0.1686 0.3131 0.5058 0.2649 0.4335 0.289 0.2649 0.09634 0.02409 0.02409 0.02409 0 0 0 0 0 0 0 0 0
1 0.04528 0.3849 0.566 0.4302 0.09057 0.317 0.09057 0.2943 0 0.04528 0 0 0 0 0 0 0 0 0 0
1 0.07924 0.1849 0.7131 0.6603 0.4226 0.02641 0.2641 0.05282 0.1321 0.05282 0.02641 0 0 0 0.02641 0 0 0 0 0
1 0.03533 0.3003 0.1943 0.3887 0.212 0.2473 0.1237 0.08833 0.053 0.07067 0.01767 0.03533 0 0 0 0 0 0 0 0
1 0.03444 0.3272 0.3788 0.1894 0.3099 0.1722 0.1722 0.01722 0.01722 0.05166 0.03444 0 0 0 0 0 0 0.01722 0 0
1 0 0.2143 0.7382 0.6429 0.1905 0.2381 0.09525 0.04763 0.07144 0.07144 0.07144 0 0 0 0 0 0 0 0 0
1 0.03436 0.03436 0.2405 0.3951 0.4123 0.1546 0.1374 0.1203 0.05154 0.03436 0.05154 0 0.05154 0 0 0 0 0 0 0
1 0.09303 0.1861 0.06645 0.2658 0.2525 0.1728 0.03987 0.09303 0.05316 0.03987 0 0.03987 0.01329 0.01329 0 0 0 0 0 0
1 0.02528 0.2528 0.3413 0.1138 0.0885 0.2023 0.02528 0.07585 0.01264 0.06321 0 0.01264 0.05057 0 0 0 0 0 0 0
1 0.03704 0.0926 0.5371 0.463 0.03704 0.2037 0.2963 0.1111 0 0.01852 0 0.03704 0 0 0.01852 0 0 0 0 0
1 0.02987 0.3136 0.2539 0.3435 0.239 0.0448 0.05974 0.02987 0.07467 0.0448 0.01493 0.02987 0 0 0 0.01493 0 0 0 0
1 0 0.3091 0.332 0.103 0.1374 0.04579 0.03434 0.08013 0.03434 0.04579 0.02289 0 0 0 0 0 0 0 0 0
1 0.0136 0.136 0.612 0.204 0.1224 0.1088 0.0408 0 0.0272 0.0272 0.0136 0 0.0272 0 0.0272 0 0 0 0 0
1 0 0.2153 0.3767 0.4485 0.1794 0.1615 0.1973 0.1076 0.05382 0 0.01794 0.01794 0 0 0.01794 0 0 0 0 0
1 0.04345 0.1014 0.3766 0.1883 0.3187 0.1304 0.08691 0.05794 0.04345 0.01448 0.01448 0.02897 0.04345 0 0 0 0 0 0 0
1 0.01726 0.3452 0.2935 0.4143 0.1381 0.3107 0.05179 0.01726 0.03452 0.01726 0 0.03452 0.03452 0 0 0.01726 0 0 0 0
1 0.04931 0.3288 0.6246 0.1644 0.1151 0.03288 0.1315 0.09863 0.03288 0 0.06575 0 0 0 0 0 0 0 0 0
1 0.03866 0.1933 0.4639 0.7152 0.1546 0.116 0.05799 0.03866 0.01933 0.03866 0.05799 0.03866 0 0 0 0 0 0 0 0
1 0.01502 0.2253 0.2554 0.4807 0.3455 0.04507 0.03005 0.01502 0.01502 0.01502 0 0.01502 0 0 0.01502 0.01502 0 0 0 0.01502
1 0.01512 0.1361 0.3176 0.3327 0.2722 0.2571 0.04537 0.06049 0 0.04537 0.01512 0 0 0 0 0 0 0.01512 0 0
1 0.05217 0.3261 0.1565 0.1696 0.1565 0.1435 0.1435 0.01304 0.05217 0.01304 0.06522 0.01304 0 0 0 0 0 0 0 0
1 0.03149 0.3149 0.4409 0.2047 0.06298 0.1732 0.1102 0.07873 0.01575 0.07873 0 0.01575 0.03149 0.01575 0 0 0 0 0 0
1 0.03382 0.2537 0.6088 0.3044 0.1015 0.1353 0.05073 0.05073 0.08455 0.03382 0.01691 0.01691 0 0 0 0 0 0 0 0
1 0.05473 0.3649 0.4014 0.5473 0.1095 0.09122 0.03649 0.01824 0.01824 0.1277 0.05473 0 0 0 0 0 0 0 0 0
