Originally  
101 
A 
42	100	
1	1	NA	NA	
1	20	
1 0.03655 0.2924 0.53 0.1097 0.2376 0.2193 0.1097 0.09138 0.07311 0.01828 0.03655 0.03655 0 0 0.03655 0 0 0 0 0
1 0.03985 0.2126 0.372 0.2258 0.03985 0.1196 0.09299 0.06642 0.02657 0.02657 0.02657 0 0.03985 0.02657 0 0 0 0 0 0.01328
1 0.08382 0.3772 0.3562 0.3772 0.2934 0.1676 0.1467 0.04191 0.1676 0.02096 0.02096 0.02096 0 0 0 0.02096 0 0 0 0
1 0 0.2453 0.5643 0.4662 0.5152 0.1963 0.04907 0.09814 0.1227 0.0736 0 0.02453 0.04907 0.02453 0 0 0 0.02453 0 0
1 0.01584 0.07918 0.5701 0.2534 0.1742 0.19 0.1267 0.06335 0.04751 0.03167 0 0.01584 0 0 0 0 0 0 0 0.01584
1 0.06034 0.06034 0.1006 0.2514 0.181 0.09052 0.0704 0.04023 0.05029 0.06034 0 0.01006 0.02011 0.01006 0 0 0 0 0 0
1 0.02164 0.5844 0.1948 0.1732 0.4545 0.3247 0.1082 0.1732 0.06493 0 0 0.02164 0.02164 0 0 0 0 0 0.02164 0
1 0.02362 0.2362 0.8741 0.1181 0.0945 0.3071 0.2126 0.1654 0.0945 0.07087 0 0.07087 0.0945 0 0 0 0 0 0 0
1 0.03937 0.2953 0.3149 0.6496 0.1772 0.05905 0.2165 0.05905 0.03937 0 0.03937 0 0.01968 0 0.03937 0 0 0 0.01968 0
1 0 0.2396 0.3295 0.1797 0.3145 0.1048 0.0599 0.1048 0.02995 0.02995 0.01498 0.04493 0.01498 0 0 0.01498 0 0 0 0.01498
1 0 0.2805 0.3179 0.4115 0.1309 0.3179 0.07481 0.05611 0.07481 0.03741 0.07481 0.05611 0.0187 0 0.0187 0 0 0 0 0
1 0.01799 0.1079 0.3418 0.4677 0.1799 0.1079 0.3958 0.08995 0.03598 0.01799 0 0 0 0.03598 0 0 0 0 0 0
1 0.06564 0.186 0.3282 0.1422 0.1313 0.08752 0.0547 0.07658 0.01094 0 0 0 0 0.01094 0 0 0 0 0 0
1 0.0138 0.2897 0.4139 0.1656 0.138 0.1104 0.08278 0.0138 0.09657 0.0138 0.0138 0.0138 0 0 0 0 0.0138 0 0 0
1 0.0747 0.0996 0.4109 0.3237 0.1619 0.06225 0.03735 0.01245 0.01245 0.01245 0 0 0.0249 0.01245 0 0 0 0 0 0
1 0.03202 0.3202 0.2455 0.2562 0.1281 0.0427 0 0.02135 0 0.01067 0.01067 0 0 0 0 0 0 0 0 0
1 0.008667 0.1127 0.4334 0.104 0.06934 0.052 0.04334 0.008667 0 0.01733 0.008667 0.008667 0 0 0 0 0 0 0 0
1 0.05657 0.2404 0.3535 0.4667 0.08485 0.1131 0.02828 0.04242 0.01414 0 0 0 0.01414 0 0 0 0 0 0 0
1 0.03815 0.2416 0.2925 0.3052 0.2416 0.02543 0.05087 0.05087 0.01272 0 0 0 0 0.01272 0 0 0 0 0 0
1 0.03555 0.2133 0.3555 0.2014 0.1303 0.1185 0.05924 0.05924 0.01185 0 0 0 0 0 0 0 0 0 0 0
1 0.009436 0.151 0.3303 0.2076 0.09436 0.07549 0.04718 0.01887 0.009436 0 0 0 0 0 0 0 0 0 0 0
1 0.03607 0.2164 0.4329 0.2645 0.1082 0.06012 0.02405 0.02405 0 0.01202 0.01202 0 0.01202 0 0 0 0 0 0 0
1 0.03921 0.1647 0.1882 0.2117 0.1176 0.007841 0.02352 0.01568 0.01568 0 0 0 0 0 0 0 0 0 0 0
1 0.03713 0.2135 0.2785 0.13 0.09284 0.1114 0.01857 0.009284 0 0.01857 0.009284 0.009284 0 0 0 0 0 0 0 0
1 0.02844 0.1612 0.4077 0.1612 0.08533 0.05689 0.03793 0 0.009482 0 0 0 0 0 0 0 0 0 0 0
1 0.0135 0.1755 0.1755 0.1822 0.04725 0.0405 0.02025 0.006749 0.0135 0 0 0 0 0 0 0 0 0 0 0
1 0.01013 0.2734 0.2734 0.1823 0.1316 0.06075 0.02025 0.0405 0.02025 0 0 0 0 0 0 0 0 0 0 0
1 0.03842 0.1345 0.4707 0.2017 0.02882 0.06724 0.009606 0.009606 0 0 0 0 0 0 0 0 0 0 0 0
1 0.006824 0.1297 0.1228 0.232 0.08871 0.02729 0.03412 0 0.02047 0.006824 0.006824 0 0.006824 0 0 0 0 0 0 0
1 0.01083 0.3142 0.325 0.1408 0.13 0.07583 0.02167 0.01083 0.02167 0.02167 0.01083 0 0 0 0 0 0 0 0 0
1 0.04976 0.2405 0.2488 0.1161 0.05805 0.09122 0 0.008293 0 0.008293 0 0.008293 0 0 0 0 0 0 0 0
1 0.008947 0.2416 0.3668 0.17 0.06263 0 0.03579 0.008947 0 0 0 0 0 0 0 0 0 0 0 0
1 0.02356 0.2474 0.4949 0.2239 0.08248 0.04713 0.01178 0.03535 0 0.01178 0 0 0 0 0 0 0 0 0 0
1 0.04701 0.3291 0.1598 0.2256 0.07521 0.04701 0.03761 0.0188 0 0 0 0 0 0 0 0 0 0 0 0
1 0.06096 0.3962 0.6248 0.1981 0.1676 0.01524 0.04572 0 0 0.01524 0 0 0 0 0 0 0 0 0 0
1 0.0384 0.2048 0.4352 0.3968 0.064 0.1024 0.0256 0 0 0 0 0.0128 0 0 0 0 0 0 0 0
1 0.03023 0.1411 0.3426 0.2821 0.1108 0.03023 0.02015 0.03023 0.01008 0.01008 0 0 0 0 0 0 0 0 0 0
1 0.01488 0.119 0.2901 0.1116 0.119 0.0595 0.007438 0.01488 0.007438 0 0 0 0 0 0 0 0 0 0 0
1 0.01704 0.1618 0.264 0.1704 0.1192 0.05111 0.05111 0.008518 0.008518 0 0 0 0 0 0 0 0 0 0 0
1 0.05373 0.2257 0.1827 0.2794 0.1719 0.06447 0.06447 0.02149 0.01075 0 0 0 0 0 0 0 0 0 0 0
1 0.05459 0.1183 0.3731 0.1092 0.09099 0.05459 0.06369 0.0273 0.009099 0.009099 0 0 0 0 0 0 0 0 0 0
1 0.03089 0.139 0.2394 0.1699 0.06177 0.06949 0.02316 0.02316 0.007721 0 0 0 0.007721 0 0 0 0 0 0 0
1 0.02155 0.1221 0.1796 0.1867 0.079 0.06464 0.02873 0 0.007182 0.01436 0.007182 0 0 0 0.007182 0 0 0 0 0
1 0.01983 0.1322 0.2445 0.1256 0.03965 0.02644 0.01322 0.01983 0.02644 0 0.01322 0 0 0 0 0 0 0 0 0
1 0.02075 0.1383 0.2005 0.1867 0.06224 0.03458 0.006915 0.02075 0.006915 0.006915 0.006915 0 0 0 0 0 0 0 0 0
1 0.007447 0.134 0.2681 0.1266 0.1192 0.02979 0.02979 0.01489 0 0.007447 0.007447 0 0 0 0 0 0 0 0 0
1 0.01481 0.08883 0.2221 0.1703 0.08143 0.07403 0.02961 0.02961 0.007403 0.007403 0.007403 0 0.007403 0 0 0 0 0 0 0
1 0.06054 0.222 0.2623 0.1211 0.1513 0.09081 0.05045 0.03027 0.01009 0.01009 0 0 0 0 0 0 0 0 0 0
1 0.06252 0.198 0.3543 0.1667 0.07294 0.04168 0.1042 0.01042 0.02084 0 0 0.01042 0 0 0 0 0 0 0 0
1 0.03563 0.1871 0.2405 0.2494 0.07127 0.06236 0.03563 0 0.008909 0 0 0 0 0 0 0 0 0 0 0
1 0.01714 0.1714 0.2914 0.12 0.1543 0.02571 0.05142 0 0.01714 0.008571 0 0 0 0 0 0 0 0 0 0
1 0.02826 0.07772 0.3321 0.1554 0.04946 0.03533 0.007066 0 0.007066 0 0.01413 0 0 0 0 0 0 0 0 0
1 0.01591 0.1432 0.2625 0.1909 0.09545 0.03182 0.02386 0.02386 0 0 0 0.007954 0 0 0 0 0 0 0 0
1 0.0208 0.1352 0.2705 0.2913 0.1456 0.08322 0.0208 0.04161 0.0208 0.0104 0 0 0 0 0 0 0 0 0 0
1 0.02917 0.08752 0.1823 0.1969 0.08023 0.1021 0.01459 0.02917 0 0 0.007293 0 0 0 0 0 0 0 0 0
1 0.02406 0.1444 0.09625 0.1011 0.01444 0.02887 0.04331 0.009625 0.009625 0.004812 0.004812 0 0 0 0 0 0 0 0 0
1 0.05452 0.1515 0.1696 0.09087 0.06664 0.02423 0.03029 0.006058 0.006058 0.006058 0 0 0 0 0 0 0 0 0 0
1 0.04241 0.1802 0.4135 0.1696 0.06361 0.04241 0.06361 0.0212 0.03181 0 0.0106 0.0106 0.0106 0 0 0 0 0 0 0
1 0.01584 0.1822 0.2376 0.1742 0.04752 0.0396 0.02376 0.01584 0.03168 0 0.00792 0.01584 0 0 0 0 0 0 0 0
