 landings-at-age - landings.n (units : NA )
1	2	
42	100	
1	20	
1 
0.00542 0.06437 0.1584 0.07851 0.1069 0.06545 0.0632 0.0192 0.02199 0.01073 0.008927 0.007394 0.004347 0.003026 0.001705 0.001412 0.0008075 0.001084 0.0007975 0.001275
0.006151 0.06086 0.1806 0.1321 0.05505 0.07493 0.04589 0.04432 0.01346 0.01542 0.00752 0.006259 0.005184 0.003048 0.002122 0.001196 0.0009902 0.0005662 0.0007597 0.001453
0.0861 1.085 2.671 2.353 1.447 0.6031 0.8209 0.5028 0.4855 0.1475 0.169 0.08239 0.06858 0.0568 0.03339 0.02324 0.0131 0.01085 0.006203 0.02425
0.0634 1.866 5.818 4.227 3.127 1.923 0.8013 1.091 0.668 0.6451 0.1959 0.2245 0.1095 0.09111 0.07547 0.04437 0.03088 0.01741 0.01441 0.04046
0.1033 1.051 7.611 6.958 4.239 3.137 1.929 0.8037 1.094 0.6701 0.6471 0.1965 0.2252 0.1098 0.09139 0.0757 0.0445 0.03098 0.01746 0.05504
0.4802 1.529 3.803 8.026 6.147 3.745 2.771 1.704 0.71 0.9665 0.5919 0.5716 0.1736 0.1989 0.097 0.08074 0.06687 0.03931 0.02737 0.06405
0.1985 6.665 5.159 3.718 6.564 5.027 3.063 2.266 1.394 0.5807 0.7905 0.4841 0.4675 0.142 0.1627 0.07934 0.06603 0.05469 0.03215 0.07476
0.356 2.644 21.45 4.782 2.88 5.084 3.894 2.373 1.755 1.079 0.4498 0.6123 0.375 0.3621 0.11 0.126 0.06145 0.05115 0.04236 0.08281
0.4189 4.606 8.219 19.09 3.551 2.138 3.775 2.891 1.762 1.303 0.8015 0.334 0.4546 0.2784 0.2689 0.08166 0.09357 0.04563 0.03798 0.09295
0.3526 5.303 13.92 7.07 13.69 2.546 1.533 2.707 2.073 1.263 0.9345 0.5747 0.2395 0.326 0.1996 0.1928 0.05855 0.06709 0.03272 0.09388
0.3786 4.388 15.67 11.64 4.919 9.521 1.771 1.067 1.883 1.442 0.8788 0.6502 0.3998 0.1666 0.2268 0.1389 0.1341 0.04073 0.04667 0.08807
0.7224 4.648 12.71 12.76 7.881 3.331 6.448 1.199 0.7223 1.275 0.9767 0.5951 0.4403 0.2707 0.1128 0.1536 0.09405 0.09083 0.02759 0.09125
0.8646 8.767 13.24 10.12 8.434 5.207 2.201 4.26 0.7925 0.4772 0.8426 0.6453 0.3932 0.2909 0.1789 0.07454 0.1015 0.06214 0.06001 0.07851
0.5459 10.39 24.58 10.31 6.534 5.446 3.363 1.421 2.751 0.5118 0.3082 0.5441 0.4167 0.2539 0.1878 0.1155 0.04814 0.06552 0.04013 0.08945
1.318 6.506 28.73 18.76 6.515 4.129 3.442 2.125 0.8981 1.738 0.3234 0.1948 0.3439 0.2633 0.1605 0.1187 0.073 0.03042 0.04141 0.08189
0.7286 15.59 17.75 21.5 11.61 4.033 2.556 2.131 1.315 0.556 1.076 0.2002 0.1206 0.2129 0.163 0.09933 0.07349 0.04519 0.01883 0.07633
0.91 8.562 42.03 13.04 13.05 7.05 2.448 1.552 1.293 0.7984 0.3375 0.6532 0.1215 0.07318 0.1292 0.09895 0.06029 0.0446 0.02743 0.05776
0.8908 10.63 22.8 30.34 7.767 7.771 4.198 1.458 0.9238 0.77 0.4754 0.2009 0.3889 0.07236 0.04357 0.07693 0.05892 0.0359 0.02656 0.05072
1.189 10.35 28 16.18 17.73 4.54 4.542 2.453 0.8519 0.54 0.45 0.2779 0.1174 0.2273 0.04229 0.02547 0.04496 0.03444 0.02098 0.04517
1.121 13.75 26.97 19.53 9.287 10.18 2.606 2.607 1.408 0.489 0.3099 0.2583 0.1595 0.06741 0.1305 0.02427 0.01462 0.02581 0.01976 0.03797
0.7475 12.9 35.46 18.51 11.01 5.236 5.738 1.469 1.47 0.7939 0.2757 0.1747 0.1456 0.08992 0.03801 0.07356 0.01369 0.008241 0.01455 0.03255
1.074 8.149 31.49 22.9 9.809 5.837 2.775 3.041 0.7785 0.7789 0.4207 0.1461 0.0926 0.07718 0.04765 0.02014 0.03898 0.007253 0.004367 0.02496
1.051 11.71 19.88 20.34 12.14 5.198 3.093 1.471 1.612 0.4126 0.4128 0.223 0.07743 0.04907 0.0409 0.02525 0.01067 0.02066 0.003844 0.01554
0.7199 11.46 28.56 12.84 10.78 6.432 2.755 1.639 0.7793 0.854 0.2186 0.2188 0.1182 0.04103 0.02601 0.02167 0.01338 0.005656 0.01095 0.01027
0.8358 7.849 27.96 18.45 6.806 5.711 3.409 1.46 0.8687 0.413 0.4526 0.1159 0.1159 0.06262 0.02174 0.01378 0.01149 0.007092 0.002998 0.01125
1.325 9.112 19.15 18.06 9.776 3.607 3.027 1.806 0.7736 0.4603 0.2189 0.2398 0.0614 0.06143 0.03318 0.01152 0.007303 0.006087 0.003758 0.007549
0.6803 14.45 22.23 12.37 9.57 5.181 1.911 1.604 0.9572 0.41 0.244 0.116 0.1271 0.03254 0.03256 0.01759 0.006107 0.00387 0.003226 0.005992
0.8629 7.417 35.25 14.36 6.555 5.072 2.745 1.013 0.85 0.5073 0.2173 0.1293 0.06146 0.06736 0.01724 0.01725 0.009319 0.003236 0.002051 0.004885
1.136 9.408 18.1 22.77 7.61 3.474 2.688 1.455 0.5368 0.4504 0.2688 0.1151 0.06851 0.03257 0.03569 0.009138 0.009143 0.004939 0.001715 0.003676
1.195 12.39 22.95 11.69 12.06 4.033 1.841 1.424 0.771 0.2845 0.2387 0.1425 0.06102 0.03631 0.01726 0.01892 0.004843 0.004845 0.002617 0.002857
1.359 13.02 30.22 14.83 6.194 6.394 2.137 0.9755 0.7548 0.4086 0.1507 0.1265 0.0755 0.03234 0.01924 0.009147 0.01002 0.002566 0.002568 0.002901
0.6799 14.81 31.78 19.52 7.857 3.283 3.388 1.133 0.517 0.4 0.2165 0.07989 0.06704 0.04001 0.01714 0.0102 0.004847 0.005312 0.00136 0.002898
1.604 7.412 36.14 20.53 10.35 4.164 1.74 1.796 0.6002 0.274 0.212 0.1147 0.04233 0.03553 0.0212 0.009081 0.005403 0.002569 0.002815 0.002257
1.574 17.49 18.09 23.34 10.88 5.482 2.207 0.9219 0.9515 0.3181 0.1452 0.1123 0.06081 0.02243 0.01883 0.01124 0.004812 0.002864 0.001361 0.002688
1.095 17.16 42.68 11.68 12.37 5.764 2.905 1.169 0.4885 0.5043 0.1685 0.07694 0.05953 0.03223 0.01189 0.009977 0.005954 0.00255 0.001518 0.002146
1.056 11.94 41.86 27.57 6.191 6.556 3.055 1.54 0.6197 0.2589 0.2672 0.08932 0.04077 0.03155 0.01708 0.0063 0.005287 0.003155 0.001351 0.001941
1.043 11.51 29.13 27.04 14.61 3.281 3.474 1.619 0.8159 0.3284 0.1372 0.1416 0.04733 0.02161 0.01672 0.00905 0.003339 0.002802 0.001672 0.001745
0.7926 11.37 28.09 18.82 14.33 7.741 1.739 1.841 0.8579 0.4324 0.174 0.07271 0.07505 0.02508 0.01145 0.00886 0.004796 0.001769 0.001485 0.001811
1.005 8.641 27.75 18.14 9.971 7.593 4.102 0.9213 0.9756 0.4546 0.2291 0.09223 0.03853 0.03977 0.01329 0.006068 0.004695 0.002542 0.0009377 0.001747
0.7856 10.96 21.08 17.92 9.615 5.284 4.024 2.174 0.4882 0.517 0.2409 0.1214 0.04887 0.02042 0.02108 0.007045 0.003216 0.002488 0.001347 0.001423
0.7914 8.361 26.15 13.33 9.295 4.986 2.74 2.087 1.127 0.2532 0.2681 0.1249 0.06297 0.02535 0.01059 0.01093 0.003653 0.001668 0.00129 0.001436
0.8427 8.423 20.01 16.62 6.954 4.85 2.602 1.43 1.089 0.5883 0.1321 0.1399 0.06519 0.03286 0.01323 0.005525 0.005703 0.001906 0.0008702 0.001423
0.9067 8.97 20.21 12.79 8.728 3.652 2.547 1.366 0.7508 0.5718 0.3089 0.06938 0.07347 0.03423 0.01725 0.006945 0.002901 0.002995 0.001001 0.001204
0.7906 9.652 21.58 12.99 6.757 4.611 1.929 1.346 0.7218 0.3967 0.3021 0.1632 0.03665 0.03881 0.01809 0.009116 0.003669 0.001533 0.001582 0.001165
0.6055 8.415 23.28 13.95 6.906 3.592 2.451 1.026 0.7153 0.3837 0.2109 0.1606 0.08676 0.01948 0.02063 0.009614 0.004846 0.00195 0.0008148 0.00146
0.3622 6.445 20.35 15.13 7.461 3.694 1.921 1.311 0.5485 0.3825 0.2052 0.1128 0.08588 0.0464 0.01042 0.01104 0.005142 0.002592 0.001043 0.001217
0.7938 3.854 15.63 13.3 8.142 4.014 1.987 1.034 0.7054 0.2951 0.2058 0.1104 0.06069 0.04621 0.02497 0.005607 0.005938 0.002767 0.001395 0.001216
0.6531 8.448 9.371 10.27 7.199 4.407 2.173 1.076 0.5595 0.3818 0.1598 0.1114 0.05977 0.03285 0.02501 0.01352 0.003035 0.003214 0.001498 0.001413
0.7328 6.949 20.59 6.189 5.591 3.92 2.4 1.183 0.5858 0.3047 0.2079 0.08699 0.06068 0.03255 0.01789 0.01362 0.00736 0.001653 0.00175 0.001585
0.8874 7.794 16.98 13.67 3.39 3.063 2.147 1.315 0.6482 0.3209 0.1669 0.1139 0.04765 0.03324 0.01783 0.009798 0.007461 0.004031 0.0009054 0.001827
0.6843 9.435 19.09 11.33 7.531 1.868 1.687 1.183 0.7243 0.3571 0.1768 0.09195 0.06275 0.02625 0.01831 0.009823 0.005399 0.004111 0.002221 0.001505
0.5688 7.273 23.16 12.8 6.278 4.173 1.035 0.935 0.6556 0.4014 0.1979 0.09797 0.05095 0.03477 0.01455 0.01015 0.005443 0.002992 0.002278 0.002065
0.3942 6.043 17.89 15.61 7.135 3.499 2.326 0.5768 0.5211 0.3653 0.2237 0.1103 0.0546 0.0284 0.01938 0.008108 0.005655 0.003033 0.001667 0.00242
0.3642 4.186 14.9 12.12 8.75 3.999 1.961 1.303 0.3232 0.292 0.2047 0.1253 0.0618 0.0306 0.01591 0.01086 0.004544 0.003169 0.0017 0.002291
0.4701 3.864 10.34 10.14 6.831 4.931 2.253 1.105 0.7344 0.1821 0.1645 0.1154 0.07063 0.03482 0.01724 0.008967 0.006119 0.00256 0.001786 0.002249
0.6967 4.985 9.564 7.074 5.746 3.87 2.793 1.277 0.626 0.4161 0.1032 0.09322 0.06536 0.04001 0.01973 0.009768 0.00508 0.003467 0.00145 0.002286
0.7242 7.38 12.36 6.574 4.029 3.273 2.204 1.591 0.727 0.3565 0.237 0.05876 0.05309 0.03723 0.02279 0.01124 0.005563 0.002893 0.001974 0.002128
0.6554 7.663 18.33 8.533 3.763 2.306 1.873 1.262 0.9107 0.4162 0.2041 0.1356 0.03364 0.03039 0.02131 0.01305 0.006432 0.003184 0.001656 0.002348
0.4681 6.928 19.06 12.71 4.909 2.165 1.327 1.078 0.7259 0.5239 0.2394 0.1174 0.07804 0.01935 0.01748 0.01226 0.007505 0.0037 0.001832 0.002304
