 landings-at-age - landings.n (units : NA )
1	2	
2	100	
1	20	
1 
0.02659 0.2984 0.8352 0.6934 0.4839 0.3377 0.2357 0.1644 0.1148 0.08008 0.05589 0.039 0.02722 0.01899 0.01325 0.009249 0.006454 0.004504 0.003143 0.007259
0.006734 0.05216 0.1462 0.1214 0.08475 0.05914 0.04127 0.0288 0.0201 0.01403 0.009787 0.00683 0.004766 0.003326 0.002321 0.00162 0.00113 0.0007888 0.0005504 0.001271
0.003798 0.07561 0.1464 0.1219 0.08515 0.05942 0.04147 0.02894 0.02019 0.01409 0.009834 0.006862 0.004789 0.003342 0.002332 0.001627 0.001136 0.0007925 0.000553 0.001277
0.005703 0.04264 0.2121 0.122 0.08549 0.0597 0.04166 0.02907 0.02029 0.01416 0.00988 0.006895 0.004811 0.003358 0.002343 0.001635 0.001141 0.0007963 0.0005557 0.001283
0.004417 0.06403 0.1196 0.1769 0.08557 0.05994 0.04186 0.02921 0.02038 0.01423 0.009927 0.006927 0.004834 0.003374 0.002354 0.001643 0.001146 8e-04 0.0005583 0.001289
0.005442 0.04959 0.1797 0.09977 0.124 0.06 0.04203 0.02935 0.02048 0.01429 0.009974 0.00696 0.004857 0.00339 0.002365 0.001651 0.001152 0.0008038 0.0005609 0.001295
0.004678 0.06111 0.1392 0.1498 0.06995 0.08697 0.04207 0.02947 0.02058 0.01436 0.01002 0.006993 0.00488 0.003406 0.002377 0.001658 0.001157 0.0008076 0.0005636 0.001302
0.004077 0.05253 0.1715 0.116 0.1051 0.04905 0.06098 0.0295 0.02066 0.01443 0.01007 0.007026 0.004903 0.003422 0.002388 0.001666 0.001163 0.0008114 0.0005663 0.001308
0.004645 0.04578 0.1474 0.143 0.08136 0.07366 0.03439 0.04275 0.02068 0.01449 0.01012 0.00706 0.004926 0.003438 0.002399 0.001674 0.001168 0.0008153 0.0005689 0.001314
0.003854 0.05215 0.1285 0.1229 0.1003 0.05705 0.05164 0.02411 0.02998 0.0145 0.01016 0.007093 0.00495 0.003454 0.00241 0.001682 0.001174 0.0008191 0.0005716 0.00132
0.006191 0.04327 0.1463 0.1071 0.08618 0.07029 0.04 0.03621 0.01691 0.02102 0.01017 0.007121 0.004973 0.003471 0.002422 0.00169 0.001179 0.000823 0.0005743 0.001326
0.003442 0.06951 0.1214 0.122 0.07511 0.06043 0.04929 0.02804 0.02539 0.01185 0.01474 0.007128 0.004993 0.003487 0.002433 0.001698 0.001185 0.0008269 0.0005771 0.001333
0.002339 0.03865 0.195 0.1012 0.08556 0.05266 0.04237 0.03456 0.01966 0.0178 0.008311 0.01033 0.004998 0.003501 0.002445 0.001706 0.001191 0.0008308 0.0005798 0.001339
0.004511 0.02626 0.1084 0.1626 0.07098 0.05999 0.03692 0.02971 0.02423 0.01379 0.01248 0.005827 0.007244 0.003504 0.002455 0.001714 0.001196 0.0008348 0.0005825 0.001345
0.003495 0.05065 0.07369 0.09042 0.114 0.04977 0.04206 0.02589 0.02083 0.01699 0.009666 0.008751 0.004086 0.005079 0.002457 0.001721 0.001202 0.0008387 0.0005853 0.001352
0.00569 0.03924 0.1421 0.06145 0.0634 0.07996 0.0349 0.02949 0.01815 0.0146 0.01191 0.006778 0.006136 0.002865 0.003561 0.001723 0.001207 0.0008427 0.0005881 0.001358
0.004597 0.06389 0.1101 0.1185 0.04309 0.04445 0.05606 0.02447 0.02068 0.01273 0.01024 0.008351 0.004752 0.004302 0.002009 0.002497 0.001208 0.000846 0.0005908 0.001365
0.003775 0.05162 0.1793 0.09182 0.0831 0.03021 0.03117 0.03931 0.01716 0.0145 0.008923 0.007179 0.005855 0.003332 0.003016 0.001408 0.001751 0.0008469 0.0005932 0.001371
0.003962 0.04239 0.1448 0.1495 0.06438 0.05827 0.02118 0.02185 0.02756 0.01203 0.01017 0.006256 0.005034 0.004106 0.002336 0.002115 0.0009874 0.001228 0.0005938 0.001377
0.00367 0.04448 0.1189 0.1208 0.1048 0.04514 0.04085 0.01485 0.01532 0.01932 0.008433 0.007127 0.004387 0.003529 0.002879 0.001638 0.001483 0.0006923 0.0008607 0.001382
0.004279 0.04121 0.1248 0.09918 0.08469 0.0735 0.03165 0.02864 0.01041 0.01074 0.01355 0.005913 0.004997 0.003076 0.002474 0.002018 0.001148 0.00104 0.0004854 0.001572
0.004907 0.04805 0.1156 0.1041 0.06954 0.05938 0.05153 0.02219 0.02008 0.007301 0.007532 0.009499 0.004146 0.003504 0.002156 0.001735 0.001415 0.0008052 0.0007289 0.001443
0.003432 0.0551 0.1348 0.09642 0.07297 0.04876 0.04163 0.03613 0.01556 0.01408 0.005119 0.005281 0.00666 0.002907 0.002457 0.001512 0.001216 0.0009922 0.0005646 0.001523
0.006893 0.03854 0.1546 0.1124 0.0676 0.05117 0.03419 0.02919 0.02533 0.01091 0.009873 0.003589 0.003703 0.00467 0.002038 0.001722 0.00106 0.0008529 0.0006957 0.001463
0.00349 0.0774 0.1081 0.1289 0.07883 0.0474 0.03587 0.02397 0.02047 0.01776 0.007649 0.006922 0.002516 0.002596 0.003274 0.001429 0.001208 0.0007433 0.000598 0.001514
0.004316 0.03919 0.2172 0.09017 0.0904 0.05527 0.03323 0.02515 0.01681 0.01435 0.01245 0.005363 0.004854 0.001764 0.00182 0.002296 0.001002 0.0008468 0.0005212 0.001481
0.003504 0.04847 0.11 0.1811 0.06322 0.06338 0.03875 0.0233 0.01764 0.01178 0.01006 0.008732 0.00376 0.003403 0.001237 0.001276 0.00161 0.0007025 0.0005937 0.001404
0.004169 0.03934 0.136 0.09169 0.127 0.04433 0.04444 0.02717 0.01634 0.01237 0.008262 0.007054 0.006122 0.002636 0.002386 0.0008674 0.0008949 0.001129 0.0004926 0.0014
0.005489 0.04681 0.1104 0.1134 0.06429 0.08903 0.03108 0.03116 0.01905 0.01145 0.00867 0.005793 0.004946 0.004293 0.001849 0.001673 0.0006082 0.0006274 0.0007913 0.001327
0.003829 0.06163 0.1313 0.09205 0.07951 0.04507 0.06242 0.02179 0.02185 0.01336 0.008032 0.006079 0.004062 0.003468 0.00301 0.001296 0.001173 0.0004264 0.0004399 0.001485
0.00647 0.043 0.1729 0.1095 0.06454 0.05575 0.0316 0.04377 0.01528 0.01532 0.009366 0.005631 0.004262 0.002848 0.002432 0.00211 0.0009087 0.0008224 0.000299 0.00135
0.006433 0.07264 0.1206 0.1442 0.07679 0.04525 0.03909 0.02216 0.03069 0.01071 0.01074 0.006567 0.003948 0.002988 0.001997 0.001705 0.00148 0.0006372 0.0005766 0.001156
0.00374 0.07223 0.2038 0.1006 0.1011 0.05384 0.03173 0.02741 0.01554 0.02152 0.007511 0.00753 0.004604 0.002768 0.002095 0.0014 0.001195 0.001037 0.0004467 0.001215
0.004427 0.042 0.2027 0.17 0.07054 0.07089 0.03775 0.02225 0.01922 0.01089 0.01509 0.005266 0.00528 0.003228 0.001941 0.001469 0.0009816 0.0008381 0.0007274 0.001165
0.003713 0.04971 0.1178 0.169 0.1192 0.04946 0.0497 0.02647 0.0156 0.01347 0.007638 0.01058 0.003692 0.003702 0.002263 0.001361 0.00103 0.0006882 0.0005876 0.001327
0.004028 0.04169 0.1395 0.09827 0.1185 0.08356 0.03468 0.03485 0.01856 0.01094 0.009447 0.005355 0.007416 0.002589 0.002596 0.001587 0.0009542 0.0007222 0.0004825 0.001342
0.005135 0.04523 0.117 0.1163 0.0689 0.08308 0.05859 0.02431 0.02443 0.01301 0.007668 0.006623 0.003755 0.0052 0.001815 0.00182 0.001113 0.000669 0.0005064 0.00128
0.003868 0.05766 0.1269 0.09756 0.08155 0.04831 0.05825 0.04108 0.01705 0.01713 0.009123 0.005376 0.004644 0.002633 0.003646 0.001273 0.001276 0.0007802 0.0004691 0.001252
0.005731 0.04344 0.1618 0.1058 0.0684 0.05718 0.03387 0.04084 0.0288 0.01195 0.01201 0.006397 0.00377 0.003256 0.001846 0.002556 0.0008924 0.0008947 0.000547 0.001207
0.006127 0.06435 0.1219 0.1349 0.0742 0.04796 0.04009 0.02375 0.02864 0.02019 0.00838 0.008422 0.004485 0.002643 0.002283 0.001294 0.001792 0.0006257 0.0006273 0.00123
0.003699 0.0688 0.1806 0.1016 0.09459 0.05203 0.03363 0.02811 0.01665 0.02008 0.01416 0.005876 0.005905 0.003145 0.001853 0.001601 0.0009074 0.001257 0.0004387 0.001302
3.567e-08 4.754e-07 2.21e-06 1.724e-06 8.16e-07 7.594e-07 4.177e-07 2.7e-07 2.257e-07 1.337e-07 1.612e-07 1.137e-07 4.717e-08 4.741e-08 2.525e-08 1.488e-08 1.285e-08 7.285e-09 1.009e-08 1.398e-08
0.08964 0.5168 1.714 2.367 1.553 0.7348 0.6838 0.3761 0.2431 0.2032 0.1204 0.1452 0.1024 0.04248 0.04269 0.02273 0.0134 0.01157 0.00656 0.02167
0.1564 2.007 2.863 2.804 3.251 2.133 1.009 0.9393 0.5166 0.3339 0.2791 0.1653 0.1994 0.1406 0.05835 0.05864 0.03123 0.0184 0.01589 0.03877
0.08259 2.622 8.278 3.465 2.846 3.3 2.165 1.024 0.9534 0.5244 0.3389 0.2833 0.1678 0.2024 0.1427 0.05922 0.05952 0.0317 0.01868 0.05549
0.3498 1.229 9.54 8.785 3.08 2.53 2.934 1.924 0.9108 0.8476 0.4662 0.3013 0.2519 0.1492 0.1799 0.1269 0.05265 0.05291 0.02818 0.06594
0.7003 4.873 4.162 9.364 7.215 2.53 2.078 2.409 1.58 0.748 0.6961 0.3829 0.2475 0.2069 0.1225 0.1478 0.1042 0.04324 0.04346 0.0773
0.3349 9.35 15.72 3.869 7.275 5.605 1.965 1.614 1.872 1.228 0.581 0.5408 0.2974 0.1922 0.1607 0.0952 0.1148 0.08095 0.03359 0.09381
0.3717 4.34 29.11 14.02 2.879 5.414 4.171 1.463 1.201 1.393 0.9137 0.4324 0.4024 0.2214 0.1431 0.1196 0.07084 0.08543 0.06024 0.09481
0.4607 4.712 13.14 25.09 10.07 2.068 3.889 2.996 1.051 0.8629 1.001 0.6563 0.3106 0.2891 0.159 0.1028 0.08591 0.05089 0.06136 0.1114
0.6994 5.739 13.94 11 17.48 7.017 1.441 2.709 2.088 0.732 0.6012 0.6971 0.4573 0.2164 0.2014 0.1108 0.0716 0.05985 0.03546 0.1204
0.462 8.592 16.65 11.37 7.457 11.85 4.758 0.9771 1.837 1.415 0.4963 0.4076 0.4727 0.3101 0.1467 0.1366 0.07511 0.04855 0.04058 0.1056
0.7649 5.61 24.49 13.26 7.52 4.932 7.84 3.147 0.6463 1.215 0.9362 0.3283 0.2696 0.3126 0.2051 0.09705 0.09032 0.04968 0.03211 0.09672
1.05 9.198 15.74 19.09 8.572 4.86 3.188 5.067 2.034 0.4177 0.7854 0.6051 0.2122 0.1743 0.2021 0.1325 0.06273 0.05838 0.03211 0.08327
0.9354 12.52 25.44 12.02 12.07 5.421 3.074 2.016 3.205 1.286 0.2642 0.4967 0.3827 0.1342 0.1102 0.1278 0.08383 0.03967 0.03692 0.07297
0.7296 11.07 34.18 19.06 7.448 7.479 3.358 1.904 1.249 1.985 0.7969 0.1637 0.3077 0.2371 0.08312 0.06828 0.07916 0.05193 0.02458 0.06808
0.9092 8.576 29.84 25.13 11.57 4.523 4.542 2.039 1.156 0.7585 1.206 0.4839 0.09938 0.1869 0.144 0.05048 0.04146 0.04808 0.03154 0.05627
0.8243 10.62 22.85 21.55 14.97 6.895 2.694 2.706 1.215 0.6889 0.4518 0.7182 0.2883 0.0592 0.1113 0.08576 0.03007 0.0247 0.02864 0.05231
0.9494 9.579 27.99 16.22 12.6 8.753 4.031 1.575 1.582 0.7103 0.4028 0.2642 0.4199 0.1686 0.03462 0.06508 0.05015 0.01758 0.01444 0.04733
1.696 10.98 24.97 19.54 9.313 7.235 5.025 2.314 0.9045 0.9083 0.4078 0.2313 0.1517 0.2411 0.09677 0.01987 0.03737 0.02879 0.01009 0.03546
1.091 19.52 28.32 17.14 11.02 5.252 4.08 2.834 1.305 0.5101 0.5123 0.23 0.1304 0.08554 0.136 0.05458 0.01121 0.02107 0.01624 0.02569
1.942 11.89 47.62 18.29 9.084 5.838 2.783 2.162 1.502 0.6917 0.2703 0.2715 0.1219 0.06911 0.04533 0.07206 0.02892 0.00594 0.01117 0.02222
0.9915 21.17 29.02 30.76 9.693 4.814 3.094 1.475 1.146 0.7959 0.3666 0.1432 0.1439 0.06459 0.03663 0.02402 0.03819 0.01533 0.003148 0.01769
1.146 10.81 51.66 18.75 16.3 5.137 2.551 1.64 0.7816 0.6073 0.4218 0.1943 0.07591 0.07624 0.03423 0.01941 0.01273 0.02024 0.008122 0.01105
1.333 12.49 26.37 33.37 9.934 8.638 2.722 1.352 0.8689 0.4142 0.3218 0.2235 0.1029 0.04023 0.0404 0.01814 0.01029 0.006747 0.01072 0.01016
0.7486 14.54 30.48 17.04 17.68 5.264 4.577 1.443 0.7164 0.4605 0.2195 0.1705 0.1185 0.05456 0.02132 0.02141 0.009613 0.005451 0.003575 0.01107
0.973 8.161 35.47 19.69 9.028 9.371 2.79 2.426 0.7645 0.3797 0.244 0.1163 0.09038 0.06277 0.02891 0.0113 0.01135 0.005094 0.002889 0.007759
1.136 10.61 19.91 22.91 10.43 4.784 4.966 1.478 1.286 0.4051 0.2012 0.1293 0.06165 0.04789 0.03327 0.01532 0.005987 0.006013 0.0027 0.005643
1.105 12.38 25.88 12.86 12.14 5.53 2.535 2.632 0.7835 0.6812 0.2147 0.1066 0.06853 0.03267 0.02538 0.01763 0.008119 0.003173 0.003186 0.004421
1.311 12.05 30.21 16.72 6.816 6.434 2.93 1.344 1.395 0.4152 0.361 0.1138 0.0565 0.03632 0.01731 0.01345 0.009342 0.004303 0.001681 0.004032
0.9509 14.29 29.4 19.51 8.859 3.612 3.409 1.553 0.712 0.7391 0.22 0.1913 0.06029 0.02994 0.01925 0.009175 0.007128 0.004951 0.00228 0.003028
0.7289 10.37 34.87 18.99 10.34 4.695 1.914 1.807 0.823 0.3773 0.3917 0.1166 0.1014 0.03195 0.01587 0.0102 0.004862 0.003777 0.002624 0.002813
0.68 7.947 25.29 22.52 10.06 5.48 2.488 1.014 0.9575 0.4361 0.2 0.2076 0.06179 0.05373 0.01693 0.008409 0.005405 0.002577 0.002002 0.002881
1.161 7.413 19.39 16.34 11.94 5.334 2.904 1.318 0.5376 0.5074 0.2311 0.106 0.11 0.03275 0.02847 0.008973 0.004456 0.002864 0.001365 0.002588
1.173 12.66 18.09 12.52 8.658 6.325 2.827 1.539 0.6987 0.2849 0.2689 0.1225 0.05616 0.05829 0.01735 0.01509 0.004755 0.002362 0.001518 0.002095
1.053 12.79 30.88 11.68 6.637 4.588 3.352 1.498 0.8156 0.3703 0.151 0.1425 0.06491 0.02976 0.03089 0.009196 0.007996 0.00252 0.001252 0.001915
0.9393 11.48 31.21 19.95 6.191 3.517 2.431 1.776 0.7938 0.4322 0.1962 0.08001 0.07552 0.0344 0.01577 0.01637 0.004873 0.004238 0.001336 0.001678
1.279 10.24 28.02 20.16 10.57 3.281 1.864 1.288 0.9414 0.4207 0.229 0.104 0.0424 0.04002 0.01823 0.008357 0.008675 0.002583 0.002246 0.001597
1.243 13.95 24.98 18.1 10.68 5.602 1.739 0.9878 0.6828 0.4989 0.2229 0.1214 0.0551 0.02247 0.02121 0.00966 0.004429 0.004597 0.001369 0.002036
1.052 13.55 34.03 16.14 9.591 5.662 2.969 0.9214 0.5235 0.3619 0.2644 0.1181 0.06433 0.0292 0.01191 0.01124 0.005119 0.002347 0.002436 0.001804
1.039 11.2 32.34 21.51 8.369 4.974 2.936 1.54 0.4778 0.2715 0.1877 0.1371 0.06126 0.03336 0.01514 0.006175 0.005828 0.002655 0.001217 0.002199
0.9053 11.06 26.79 20.56 11.22 4.367 2.595 1.532 0.8034 0.2493 0.1417 0.09792 0.07154 0.03197 0.01741 0.007902 0.003222 0.003041 0.001385 0.001783
0.9235 9.637 26.54 17.12 10.8 5.893 2.293 1.363 0.8045 0.4219 0.1309 0.07438 0.05142 0.03757 0.01679 0.00914 0.004149 0.001692 0.001597 0.001664
0.74 9.831 23.19 17.06 9.047 5.703 3.113 1.211 0.72 0.4251 0.2229 0.06917 0.0393 0.02716 0.01985 0.008869 0.004829 0.002192 0.0008939 0.001723
0.7103 7.877 23.72 14.99 9.068 4.809 3.032 1.655 0.644 0.3827 0.226 0.1185 0.03677 0.02089 0.01444 0.01055 0.004715 0.002567 0.001165 0.001391
0.9125 7.561 19.05 15.41 8.015 4.85 2.572 1.622 0.8851 0.3444 0.2047 0.1208 0.06337 0.01967 0.01117 0.007723 0.005643 0.002521 0.001373 0.001367
0.6038 9.711 18.33 12.45 8.293 4.313 2.61 1.384 0.8725 0.4763 0.1853 0.1101 0.06503 0.0341 0.01058 0.006011 0.004156 0.003036 0.001357 0.001474
0.8985 6.425 23.61 12.04 6.739 4.489 2.334 1.413 0.7492 0.4723 0.2578 0.1003 0.05962 0.0352 0.01846 0.005728 0.003254 0.00225 0.001644 0.001533
0.8045 9.559 15.66 15.59 6.559 3.669 2.444 1.271 0.7692 0.408 0.2572 0.1404 0.05463 0.03247 0.01917 0.01005 0.003119 0.001772 0.001225 0.00173
0.5545 8.557 23.35 10.4 8.541 3.593 2.01 1.339 0.6963 0.4214 0.2235 0.1409 0.0769 0.02992 0.01778 0.0105 0.005505 0.001709 0.0009706 0.001618
0.5628 5.896 20.96 15.59 5.728 4.706 1.979 1.107 0.7377 0.3836 0.2322 0.1231 0.07762 0.04237 0.01649 0.009798 0.005785 0.003033 0.0009414 0.001426
0.6383 5.982 14.47 14.06 8.637 3.174 2.608 1.097 0.6136 0.4088 0.2126 0.1286 0.06823 0.04301 0.02348 0.009136 0.00543 0.003205 0.001681 0.001312
0.7711 6.781 14.71 9.757 7.834 4.813 1.769 1.453 0.6112 0.342 0.2278 0.1185 0.07169 0.03802 0.02397 0.01308 0.005091 0.003026 0.001786 0.001668
0.8424 8.187 16.72 9.97 5.468 4.39 2.697 0.9912 0.8144 0.3425 0.1916 0.1277 0.06639 0.04018 0.02131 0.01343 0.007332 0.002853 0.001696 0.001936
0.4542 8.938 20.22 11.38 5.618 3.081 2.474 1.52 0.5586 0.4589 0.193 0.108 0.07194 0.03741 0.02264 0.01201 0.007569 0.004132 0.001608 0.002046
0.5375 4.815 22.12 13.84 6.449 3.183 1.746 1.402 0.8611 0.3164 0.26 0.1094 0.06118 0.04076 0.0212 0.01283 0.006802 0.004288 0.002341 0.00207
0.4873 5.694 11.94 15.21 7.88 3.673 1.813 0.9941 0.7982 0.4904 0.1802 0.1481 0.06228 0.03484 0.02321 0.01207 0.007305 0.003874 0.002442 0.002512
0.4838 5.157 14.14 8.243 8.704 4.511 2.102 1.038 0.5691 0.4569 0.2807 0.1032 0.08476 0.03565 0.01995 0.01329 0.00691 0.004181 0.002218 0.002836
0.4548 5.114 12.83 9.806 4.742 5.007 2.595 1.209 0.597 0.3274 0.2629 0.1615 0.05935 0.04876 0.02051 0.01147 0.007644 0.003975 0.002406 0.002907
