 landings-at-age - landings.n (units : NA )
1	2	
2	100	
1	20	
1 
0.02659 0.2984 0.8352 0.6934 0.4839 0.3377 0.2357 0.1644 0.1148 0.08008 0.05589 0.039 0.02722 0.01899 0.01325 0.009249 0.006454 0.004504 0.003143 0.007259
0.007737 0.05216 0.1462 0.1214 0.08475 0.05914 0.04127 0.0288 0.0201 0.01403 0.009787 0.00683 0.004766 0.003326 0.002321 0.00162 0.00113 0.0007888 0.0005504 0.001271
0.005515 0.08687 0.1464 0.1219 0.08515 0.05942 0.04147 0.02894 0.02019 0.01409 0.009834 0.006862 0.004789 0.003342 0.002332 0.001627 0.001136 0.0007925 0.000553 0.001277
0.005308 0.06192 0.2438 0.122 0.08549 0.0597 0.04166 0.02907 0.02029 0.01416 0.00988 0.006895 0.004811 0.003358 0.002343 0.001635 0.001141 0.0007963 0.0005557 0.001283
0.005944 0.0596 0.1737 0.2033 0.08557 0.05994 0.04186 0.02921 0.02038 0.01423 0.009927 0.006927 0.004834 0.003374 0.002354 0.001643 0.001146 8e-04 0.0005583 0.001289
0.008569 0.06674 0.1672 0.1449 0.1425 0.06 0.04203 0.02935 0.02048 0.01429 0.009974 0.00696 0.004857 0.00339 0.002365 0.001651 0.001152 0.0008038 0.0005609 0.001295
0.004279 0.09622 0.1873 0.1395 0.1016 0.09992 0.04207 0.02947 0.02058 0.01436 0.01002 0.006993 0.00488 0.003406 0.002377 0.001658 0.001157 0.0008076 0.0005636 0.001302
0.004504 0.04805 0.27 0.1562 0.09778 0.07123 0.07006 0.0295 0.02066 0.01443 0.01007 0.007026 0.004903 0.003422 0.002388 0.001666 0.001163 0.0008114 0.0005663 0.001308
0.005645 0.05057 0.1348 0.2251 0.1095 0.06856 0.04994 0.04912 0.02068 0.01449 0.01012 0.00706 0.004926 0.003438 0.002399 0.001674 0.001168 0.0008153 0.0005689 0.001314
0.002897 0.06339 0.1419 0.1124 0.1579 0.07677 0.04807 0.03501 0.03444 0.0145 0.01016 0.007093 0.00495 0.003454 0.00241 0.001682 0.001174 0.0008191 0.0005716 0.00132
0.007369 0.03253 0.1779 0.1183 0.07882 0.1107 0.05383 0.0337 0.02455 0.02415 0.01017 0.007121 0.004973 0.003471 0.002422 0.00169 0.001179 0.000823 0.0005743 0.001326
0.003527 0.08274 0.09127 0.1483 0.08296 0.05527 0.0776 0.03774 0.02363 0.01721 0.01693 0.007128 0.004993 0.003487 0.002433 0.001698 0.001185 0.0008269 0.0005771 0.001333
0.006364 0.03961 0.2322 0.07611 0.104 0.05817 0.03875 0.05441 0.02646 0.01657 0.01207 0.01187 0.004998 0.003501 0.002445 0.001706 0.001191 0.0008308 0.0005798 0.001339
0.004914 0.07145 0.1111 0.1936 0.05336 0.07291 0.04078 0.02717 0.03815 0.01855 0.01162 0.008462 0.008324 0.003504 0.002455 0.001714 0.001196 0.0008348 0.0005825 0.001345
0.006568 0.05518 0.2005 0.09267 0.1357 0.03741 0.05112 0.0286 0.01905 0.02675 0.01301 0.008145 0.005933 0.005836 0.002457 0.001721 0.001202 0.0008387 0.0005853 0.001352
0.003899 0.07375 0.1548 0.1672 0.06498 0.09517 0.02623 0.03584 0.02005 0.01336 0.01875 0.009121 0.005711 0.00416 0.004092 0.001723 0.001207 0.0008427 0.0005881 0.001358
0.003821 0.04378 0.2069 0.1291 0.1172 0.04556 0.06673 0.01839 0.02513 0.01406 0.009365 0.01315 0.006395 0.004004 0.002917 0.002869 0.001208 0.000846 0.0005908 0.001365
0.004065 0.0429 0.1228 0.1726 0.09052 0.08219 0.03194 0.04679 0.0129 0.01762 0.009857 0.006566 0.00922 0.004484 0.002808 0.002045 0.002012 0.0008469 0.0005932 0.001371
0.009771 0.04564 0.1204 0.1024 0.121 0.06347 0.05763 0.0224 0.0328 0.009042 0.01236 0.006911 0.004604 0.006464 0.003144 0.001968 0.001434 0.00141 0.0005938 0.001377
0.004821 0.1097 0.1281 0.1004 0.07182 0.08483 0.0445 0.0404 0.0157 0.023 0.00634 0.008663 0.004846 0.003228 0.004532 0.002204 0.00138 0.001005 0.0009889 0.001382
0.002747 0.05413 0.3078 0.1068 0.07038 0.05036 0.05948 0.0312 0.02833 0.01101 0.01613 0.004445 0.006074 0.003397 0.002263 0.003178 0.001545 0.0009677 0.0007049 0.001662
0.003935 0.03085 0.1519 0.2567 0.07487 0.04935 0.03531 0.0417 0.02188 0.01986 0.00772 0.01131 0.003117 0.004259 0.002382 0.001587 0.002228 0.001084 0.0006785 0.00166
0.006721 0.04419 0.08656 0.1267 0.18 0.0525 0.0346 0.02476 0.02924 0.01534 0.01393 0.005413 0.007928 0.002185 0.002986 0.00167 0.001113 0.001562 0.0007597 0.001639
0.006664 0.07546 0.124 0.07218 0.0888 0.1262 0.03681 0.02426 0.01736 0.0205 0.01075 0.009765 0.003795 0.005559 0.001532 0.002094 0.001171 0.0007801 0.001095 0.001682
0.003426 0.07482 0.2118 0.1034 0.05061 0.06227 0.08848 0.02581 0.01701 0.01217 0.01437 0.00754 0.006846 0.002661 0.003897 0.001074 0.001468 0.0008211 0.000547 0.001947
0.00408 0.03846 0.21 0.1766 0.07249 0.03548 0.04366 0.06204 0.0181 0.01193 0.008533 0.01008 0.005287 0.0048 0.001866 0.002733 0.0007532 0.001029 0.0005757 0.001749
0.003454 0.04582 0.1079 0.1751 0.1238 0.05083 0.02488 0.03061 0.0435 0.01269 0.008362 0.005983 0.007067 0.003707 0.003366 0.001308 0.001916 0.0005281 0.0007216 0.00163
0.00439 0.03879 0.1286 0.09 0.1228 0.0868 0.03564 0.01744 0.02146 0.0305 0.008896 0.005863 0.004195 0.004955 0.002599 0.00236 0.0009171 0.001343 0.0003703 0.001649
0.004418 0.0493 0.1088 0.1072 0.0631 0.08607 0.06086 0.02499 0.01223 0.01505 0.02138 0.006237 0.004111 0.002941 0.003474 0.001822 0.001655 0.000643 0.0009419 0.001416
0.005151 0.04961 0.1383 0.09075 0.07516 0.04424 0.06035 0.04267 0.01752 0.008576 0.01055 0.01499 0.004373 0.002882 0.002062 0.002436 0.001278 0.00116 0.0004509 0.001653
0.004267 0.05783 0.1392 0.1153 0.06363 0.0527 0.03102 0.04231 0.02992 0.01228 0.006013 0.007398 0.01051 0.003066 0.002021 0.001446 0.001708 0.0008958 0.0008134 0.001475
0.003534 0.04791 0.1623 0.1161 0.08087 0.04461 0.03695 0.02175 0.02967 0.02098 0.008613 0.004216 0.005187 0.00737 0.00215 0.001417 0.001014 0.001197 0.0006281 0.001605
0.005043 0.03968 0.1344 0.1353 0.08138 0.0567 0.03128 0.02591 0.01525 0.0208 0.01471 0.006039 0.002956 0.003637 0.005168 0.001507 0.0009935 0.0007108 0.0008395 0.001565
0.003087 0.05663 0.1114 0.1121 0.09488 0.05706 0.03976 0.02193 0.01816 0.01069 0.01458 0.01031 0.004234 0.002073 0.00255 0.003623 0.001057 0.0006966 0.0004984 0.001686
0.007142 0.03466 0.1589 0.09285 0.0786 0.06653 0.04001 0.02788 0.01538 0.01274 0.007497 0.01023 0.007231 0.002969 0.001453 0.001788 0.00254 0.000741 0.0004884 0.001532
0.005161 0.0802 0.09725 0.1325 0.0651 0.05511 0.04664 0.02805 0.01954 0.01078 0.00893 0.005257 0.00717 0.00507 0.002081 0.001019 0.001253 0.001781 0.0005195 0.001416
0.005901 0.05795 0.225 0.08109 0.0929 0.04565 0.03864 0.0327 0.01967 0.0137 0.00756 0.006261 0.003686 0.005027 0.003555 0.001459 0.0007144 0.0008789 0.001249 0.001357
0.003037 0.06626 0.1626 0.1877 0.05686 0.06514 0.032 0.02709 0.02293 0.01379 0.009608 0.0053 0.00439 0.002584 0.003525 0.002492 0.001023 0.0005009 0.0006162 0.001827
0.005167 0.0341 0.1859 0.1356 0.1316 0.03987 0.04567 0.02244 0.01899 0.01608 0.009669 0.006737 0.003716 0.003078 0.001812 0.002471 0.001747 0.0007174 0.0003512 0.001713
0.006065 0.05802 0.0957 0.155 0.09506 0.09225 0.02795 0.03202 0.01573 0.01332 0.01127 0.006779 0.004723 0.002606 0.002158 0.00127 0.001733 0.001225 0.000503 0.001447
0.005858 0.06809 0.1628 0.0798 0.1087 0.06665 0.06468 0.0196 0.02245 0.01103 0.009338 0.007904 0.004753 0.003312 0.001827 0.001513 0.0008907 0.001215 0.0008591 0.001368
7.626e-08 7.529e-07 2.188e-06 1.555e-06 6.407e-07 8.727e-07 5.351e-07 5.193e-07 1.573e-07 1.803e-07 8.857e-08 7.497e-08 6.346e-08 3.816e-08 2.659e-08 1.467e-08 1.215e-08 7.151e-09 9.754e-09 1.788e-08
0.08689 1.105 2.715 2.343 1.4 0.5769 0.7859 0.4819 0.4676 0.1417 0.1623 0.07975 0.06751 0.05714 0.03436 0.02394 0.01321 0.01094 0.006439 0.02488
0.06675 1.946 6.121 4.44 3.218 1.923 0.7924 1.079 0.6619 0.6423 0.1946 0.2229 0.1095 0.09272 0.07848 0.0472 0.03289 0.01814 0.01503 0.04302
0.1109 1.119 8.024 7.408 4.507 3.266 1.952 0.8043 1.096 0.6718 0.6519 0.1975 0.2263 0.1112 0.09412 0.07966 0.04791 0.03338 0.01841 0.05892
0.5192 1.65 4.073 8.516 6.586 4.007 2.904 1.735 0.7151 0.9741 0.5973 0.5796 0.1756 0.2012 0.09885 0.08367 0.07082 0.04259 0.02968 0.06875
0.2135 7.231 5.587 3.998 6.993 5.408 3.291 2.385 1.425 0.5873 0.8 0.4905 0.476 0.1442 0.1652 0.08118 0.06872 0.05816 0.03498 0.08083
0.3674 2.851 23.33 5.194 3.106 5.433 4.202 2.556 1.853 1.107 0.4562 0.6215 0.3811 0.3698 0.112 0.1284 0.06307 0.05338 0.04519 0.08997
0.4118 4.762 8.877 20.81 3.866 2.311 4.043 3.127 1.903 1.379 0.8238 0.3395 0.4625 0.2836 0.2752 0.08338 0.09552 0.04693 0.03973 0.1006
0.3424 5.219 14.42 7.651 14.95 2.777 1.66 2.904 2.246 1.367 0.9903 0.5917 0.2439 0.3322 0.2037 0.1977 0.05989 0.06862 0.03371 0.1008
0.3657 4.266 15.44 12.07 5.33 10.41 1.935 1.157 2.023 1.565 0.9522 0.69 0.4123 0.1699 0.2315 0.1419 0.1377 0.04173 0.04781 0.09371
0.6942 4.493 12.37 12.59 8.182 3.614 7.061 1.312 0.7843 1.372 1.061 0.6456 0.4678 0.2795 0.1152 0.1569 0.09623 0.09338 0.02829 0.09596
0.8357 8.43 12.81 9.858 8.33 5.412 2.391 4.67 0.8676 0.5187 0.9075 0.7018 0.427 0.3094 0.1849 0.0762 0.1038 0.06365 0.06176 0.08218
0.5371 10.05 23.65 9.982 6.371 5.384 3.498 1.545 3.018 0.5608 0.3353 0.5865 0.4536 0.276 0.2 0.1195 0.04925 0.06709 0.04114 0.09304
1.342 6.404 27.8 18.07 6.313 4.029 3.405 2.212 0.9772 1.909 0.3547 0.212 0.3709 0.2869 0.1745 0.1265 0.07558 0.03115 0.04243 0.08486
0.7226 15.88 17.48 20.82 11.19 3.911 2.496 2.109 1.37 0.6053 1.183 0.2197 0.1314 0.2298 0.1777 0.1081 0.07836 0.04682 0.0193 0.07885
0.8871 8.493 42.81 12.85 12.64 6.796 2.375 1.516 1.281 0.8322 0.3676 0.7182 0.1334 0.07977 0.1395 0.1079 0.06566 0.04759 0.02843 0.05961
0.8385 10.37 22.63 30.92 7.657 7.532 4.049 1.415 0.903 0.7631 0.4958 0.219 0.4278 0.07948 0.04752 0.08313 0.06429 0.03912 0.02835 0.05245
1.12 9.744 27.31 16.06 18.08 4.477 4.404 2.367 0.8272 0.528 0.4462 0.2899 0.128 0.2501 0.04647 0.02778 0.04861 0.03759 0.02287 0.04724
1.049 12.95 25.4 19.06 9.222 10.38 2.57 2.529 1.359 0.4749 0.3031 0.2562 0.1664 0.07351 0.1436 0.02668 0.01595 0.02791 0.02158 0.04025
0.6613 12.08 33.41 17.44 10.75 5.201 5.853 1.45 1.426 0.7665 0.2678 0.171 0.1445 0.09385 0.04146 0.08099 0.01505 0.008996 0.01574 0.03487
0.8975 7.21 29.47 21.58 9.24 5.696 2.756 3.102 0.7682 0.7557 0.4062 0.1419 0.0906 0.07656 0.04974 0.02197 0.04292 0.007974 0.004768 0.02682
0.8424 9.784 17.59 19.04 11.44 4.896 3.019 1.461 1.644 0.4071 0.4005 0.2153 0.07522 0.04801 0.04057 0.02636 0.01164 0.02275 0.004226 0.01674
0.5605 9.183 23.87 11.36 10.09 6.061 2.595 1.6 0.7741 0.8711 0.2157 0.2122 0.1141 0.03986 0.02544 0.0215 0.01397 0.00617 0.01205 0.01111
0.6159 6.111 22.41 15.42 6.022 5.346 3.212 1.375 0.8478 0.4102 0.4616 0.1143 0.1125 0.06045 0.02112 0.01348 0.01139 0.007402 0.00327 0.01228
0.9193 6.714 14.91 14.47 8.172 3.191 2.833 1.702 0.7287 0.4493 0.2174 0.2446 0.06058 0.0596 0.03204 0.01119 0.007145 0.006038 0.003923 0.008239
0.4498 10.02 16.38 9.63 7.67 4.331 1.691 1.501 0.902 0.3862 0.2381 0.1152 0.1296 0.03211 0.03158 0.01698 0.005933 0.003787 0.0032 0.006445
0.5382 4.904 24.45 10.58 5.103 4.065 2.295 0.8962 0.7956 0.478 0.2047 0.1262 0.06105 0.0687 0.01701 0.01674 0.008997 0.003144 0.002007 0.005111
0.6658 5.867 11.97 15.8 5.608 2.705 2.154 1.216 0.4749 0.4216 0.2533 0.1085 0.06686 0.03235 0.03641 0.009017 0.00887 0.004768 0.001666 0.003772
0.672 7.258 14.32 7.729 8.371 2.972 1.433 1.141 0.6445 0.2517 0.2234 0.1342 0.05747 0.03543 0.01714 0.01929 0.004778 0.004701 0.002527 0.002882
0.7291 7.326 17.71 9.246 4.096 4.436 1.575 0.7595 0.6049 0.3415 0.1334 0.1184 0.07114 0.03046 0.01878 0.009086 0.01022 0.002532 0.002491 0.002866
0.342 7.949 17.88 11.44 4.9 2.171 2.351 0.8346 0.4025 0.3206 0.181 0.07068 0.06275 0.0377 0.01614 0.009951 0.004815 0.005418 0.001342 0.002839
0.7674 3.728 19.39 11.55 6.062 2.597 1.15 1.246 0.4423 0.2133 0.1699 0.09592 0.03746 0.03325 0.01998 0.008554 0.005273 0.002552 0.002871 0.002216
0.7279 8.366 9.096 12.53 6.119 3.212 1.376 0.6096 0.6602 0.2344 0.113 0.09003 0.05083 0.01985 0.01762 0.01059 0.004533 0.002795 0.001352 0.002696
0.4942 7.936 20.41 5.875 6.638 3.242 1.702 0.7292 0.323 0.3499 0.1242 0.0599 0.04771 0.02694 0.01052 0.009338 0.005611 0.002402 0.001481 0.002145
0.4535 5.388 19.36 13.19 3.114 3.518 1.718 0.9021 0.3865 0.1712 0.1854 0.06582 0.03174 0.02528 0.01428 0.005574 0.004949 0.002973 0.001273 0.001922
0.4295 4.944 13.15 12.51 6.988 1.65 1.864 0.9106 0.4781 0.2048 0.09072 0.09825 0.03488 0.01682 0.0134 0.007565 0.002954 0.002623 0.001576 0.001693
0.3243 4.683 12.06 8.491 6.628 3.703 0.8744 0.988 0.4826 0.2534 0.1085 0.04808 0.05207 0.01848 0.008915 0.0071 0.004009 0.001566 0.00139 0.001732
0.3993 3.535 11.43 7.792 4.5 3.512 1.962 0.4634 0.5236 0.2557 0.1343 0.05751 0.02548 0.02759 0.009796 0.004724 0.003763 0.002125 0.0008296 0.001655
0.2952 4.353 8.625 7.38 4.129 2.385 1.861 1.04 0.2456 0.2775 0.1355 0.07115 0.03048 0.0135 0.01462 0.005191 0.002504 0.001994 0.001126 0.001316
0.2801 3.142 10.39 5.452 3.827 2.141 1.237 0.9653 0.5393 0.1273 0.1439 0.07028 0.0369 0.01581 0.007002 0.007583 0.002692 0.001298 0.001034 0.001267
0.28 2.981 7.519 6.604 2.845 1.997 1.117 0.6453 0.5037 0.2814 0.06645 0.07508 0.03667 0.01925 0.008248 0.003654 0.003957 0.001405 0.0006775 0.001201
0.2861 2.98 7.154 4.806 3.468 1.494 1.049 0.5867 0.3388 0.2645 0.1478 0.03489 0.03942 0.01926 0.01011 0.004331 0.001918 0.002078 0.0007376 0.0009862
0.2379 3.046 7.171 4.598 2.539 1.832 0.7892 0.554 0.31 0.179 0.1397 0.07807 0.01843 0.02083 0.01017 0.005341 0.002288 0.001014 0.001098 0.0009107
0.1725 2.532 7.348 4.635 2.444 1.35 0.9738 0.4195 0.2945 0.1648 0.09516 0.07428 0.0415 0.0098 0.01107 0.005408 0.002839 0.001216 0.0005388 0.001068
0.09802 1.837 6.126 4.775 2.479 1.307 0.7219 0.5208 0.2244 0.1575 0.08813 0.05089 0.03973 0.0222 0.005241 0.005922 0.002892 0.001519 0.0006505 0.0008592
0.2057 1.043 4.454 4.002 2.569 1.334 0.7034 0.3885 0.2803 0.1207 0.08475 0.04742 0.02738 0.02138 0.01194 0.00282 0.003186 0.001556 0.0008171 0.0008124
0.1623 2.189 2.536 2.926 2.167 1.391 0.722 0.3808 0.2103 0.1517 0.06535 0.04588 0.02567 0.01482 0.01157 0.006465 0.001527 0.001725 0.0008425 0.0008821
0.1726 1.726 5.334 1.675 1.593 1.18 0.7573 0.3931 0.2073 0.1145 0.08261 0.03559 0.02498 0.01398 0.008072 0.006301 0.00352 0.0008313 0.0009393 0.0009391
0.1951 1.836 4.218 3.541 0.9175 0.8727 0.6462 0.4148 0.2153 0.1136 0.06272 0.04525 0.01949 0.01368 0.007656 0.004422 0.003451 0.001928 0.0004553 0.001029
0.1421 2.074 4.495 2.815 1.951 0.5055 0.4808 0.356 0.2286 0.1186 0.06257 0.03456 0.02493 0.01074 0.00754 0.004218 0.002436 0.001902 0.001062 0.0008178
0.1141 1.511 5.091 3.016 1.56 1.081 0.2801 0.2664 0.1973 0.1267 0.06575 0.03467 0.01915 0.01382 0.005952 0.004178 0.002338 0.00135 0.001054 0.001042
0.07686 1.213 3.716 3.432 1.681 0.8693 0.6025 0.1561 0.1485 0.11 0.07058 0.03664 0.01932 0.01067 0.007699 0.003317 0.002328 0.001303 0.0007523 0.001168
0.06989 0.8161 2.989 2.518 1.923 0.9418 0.4872 0.3377 0.08749 0.08321 0.06162 0.03955 0.02053 0.01083 0.00598 0.004315 0.001859 0.001305 0.00073 0.001076
0.08851 0.7415 2.016 2.035 1.419 1.084 0.5307 0.2745 0.1903 0.0493 0.04689 0.03472 0.02229 0.01157 0.006102 0.00337 0.002431 0.001047 0.0007353 0.001018
0.1262 0.9385 1.835 1.379 1.153 0.8037 0.614 0.3007 0.1555 0.1078 0.02793 0.02656 0.01967 0.01263 0.006555 0.003457 0.001909 0.001377 0.0005934 0.0009931
0.1241 1.337 2.327 1.261 0.7855 0.6567 0.4577 0.3497 0.1712 0.08857 0.06139 0.01591 0.01513 0.0112 0.007192 0.003733 0.001969 0.001087 0.0007844 0.0009036
0.1056 1.313 3.319 1.607 0.7221 0.4496 0.3759 0.262 0.2002 0.09802 0.0507 0.03514 0.009105 0.00866 0.006413 0.004117 0.002137 0.001127 0.0006224 0.0009663
0.07227 1.116 3.266 2.302 0.9242 0.4154 0.2587 0.2163 0.1507 0.1152 0.05639 0.02917 0.02022 0.005238 0.004982 0.003689 0.002368 0.001229 0.0006484 0.000914
