Originally  
101 
A 
2	100	
1	1	NA	NA	
1	20	
1 442.9 395.4 205.6 79.09 205.6 31.63 63.27 63.27 0 31.63 15.82 0 15.82 0 0 0 15.82 15.82 0 0
1 646.2 384.2 227.1 104.8 139.7 69.86 87.33 17.47 0 0 17.47 0 34.93 0 17.47 0 0 0 0 0
1 653.8 594.4 277.4 138.7 39.63 99.07 79.25 19.81 59.44 0 0 0 0 0 0 0 0 19.81 0 0
1 466 315.7 240.5 135.3 75.16 90.19 75.16 75.16 15.03 0 15.03 0 0 0 0 0 0 0 0 0
1 329.5 329.5 240.8 152.1 76.03 38.01 38.01 38.01 0 12.67 0 0 12.67 0 0 0 0 0 0 0
1 732.6 289.6 204.4 187.4 119.3 51.11 34.07 34.07 17.04 17.04 0 0 0 0 0 0 0 17.04 0 0
1 389.9 636.1 307.8 266.8 164.2 61.56 20.52 102.6 20.52 20.52 0 41.04 0 20.52 0 0 0 0 0 0
1 265.8 299 448.5 199.4 99.68 116.3 116.3 49.84 16.61 0 16.61 0 16.61 0 0 0 0 16.61 0 0
1 803.2 455.2 455.2 374.8 80.32 160.6 80.32 80.32 107.1 0 26.77 0 26.77 26.77 0 0 0 0 0 0
1 278.2 354 240.2 88.51 101.2 37.93 50.58 37.93 12.64 25.29 37.93 0 0 0 0 0 0 0 0 0
1 785.3 255.2 216 196.3 58.9 157.1 176.7 58.9 19.63 19.63 0 0 0 0 0 0 0 0 0 19.63
1 440.9 440.9 173.2 173.2 94.48 94.48 110.2 47.24 0 0 0 0 0 0 0 0 0 0 0 0
1 537.4 143.3 447.8 71.65 107.5 143.3 35.83 143.3 17.91 35.83 35.83 53.74 0 0 17.91 0 0 0 0 0
1 572.6 633.9 224.9 265.8 61.35 40.9 61.35 20.45 61.35 0 40.9 20.45 20.45 0 0 0 0 0 0 20.45
1 587.7 216.5 262.9 185.6 77.33 77.33 46.4 0 15.47 15.47 30.93 15.47 15.47 0 0 0 0 0 0 0
1 396.2 396.2 275.6 206.7 68.9 103.4 120.6 51.68 34.45 34.45 0 34.45 0 0 0 0 0 0 0 0
1 393.4 302.6 226.9 166.4 181.6 75.65 90.78 30.26 15.13 0 15.13 15.13 0 0 0 0 0 0 0 0
1 340.3 184.3 184.3 382.8 70.9 56.72 28.36 70.9 28.36 28.36 0 14.18 0 0 0 28.36 0 0 0 0
1 490.4 155.5 119.6 47.84 155.5 83.73 0 35.88 23.92 11.96 11.96 23.92 0 11.96 11.96 0 0 11.96 0 0
1 457.3 457.3 157.7 94.61 47.31 157.7 31.54 15.77 15.77 63.08 15.77 15.77 15.77 15.77 15.77 0 0 0 0 0
1 280.5 327.2 514.2 109.1 93.49 62.32 77.91 31.16 46.74 0 0 15.58 0 0 0 0 0 0 0 0
1 348.6 174.3 203.4 290.5 101.7 14.53 87.15 101.7 58.1 29.05 14.53 14.53 14.53 0 0 0 0 0 0 0
1 799.1 216.4 149.8 99.89 216.4 66.59 16.65 33.3 33.3 0 16.65 16.65 0 0 0 0 0 0 0 0
1 663.8 322.9 269.1 89.7 53.82 197.3 35.88 17.94 53.82 17.94 35.88 17.94 17.94 0 0 0 0 0 0 0
1 515.6 577.5 515.6 82.5 165 61.88 61.88 61.88 0 0 20.63 0 0 0 0 0 0 0 0 0
1 312 267.5 282.3 237.7 89.16 89.16 59.44 89.16 14.86 0 0 14.86 0 14.86 0 0 0 14.86 0 0
1 217.7 342.1 295.5 264.4 186.6 46.65 31.1 93.3 31.1 0 0 0 15.55 0 0 0 0 15.55 0 15.55
1 339.1 288.8 226.1 75.35 150.7 87.91 25.12 25.12 0 12.56 12.56 0 0 0 0 12.56 0 0 0 0
1 451.4 384.5 183.9 167.2 133.8 150.5 100.3 16.72 16.72 33.44 16.72 0 0 0 0 16.72 0 0 0 0
1 501.2 352.7 297 167.1 167.1 74.25 129.9 74.25 37.13 18.56 0 18.56 18.56 0 0 0 0 0 0 0
1 258.4 484.5 290.7 96.9 32.3 96.9 64.6 64.6 48.45 32.3 16.15 48.45 16.15 16.15 0 32.3 0 16.15 0 0
1 337.4 337.4 260.7 199.4 76.69 76.69 92.03 61.35 30.68 0 15.34 15.34 15.34 15.34 0 0 0 0 0 0
1 619.6 319.8 319.8 219.9 199.9 179.9 79.95 19.99 19.99 0 0 19.99 0 0 0 0 0 0 0 0
1 323 399.8 199.9 138.4 138.4 76.89 76.89 46.14 61.51 30.76 15.38 0 15.38 0 0 15.38 0 0 0 0
1 804.5 299.4 261.9 93.55 112.3 74.84 37.42 37.42 56.13 56.13 18.71 18.71 0 0 0 0 0 0 0 0
1 584.6 336.1 58.46 160.8 116.9 73.07 58.46 0 0 0 14.61 0 29.23 14.61 0 14.61 0 0 0 0
1 659.6 531.3 238.2 128.2 73.28 73.28 18.32 18.32 18.32 18.32 36.64 0 0 0 0 18.32 0 0 0 0
1 262.7 401.7 216.3 324.5 139.1 92.71 15.45 30.9 30.9 15.45 0 15.45 0 0 0 0 0 0 0 0
1 413.1 165.2 188.8 129.8 106.2 0 23.61 23.61 11.8 23.61 35.41 23.61 11.8 0 11.8 0 0 0 0 11.8
1 537.7 307.3 107.5 245.8 138.3 92.18 15.36 15.36 0 30.73 15.36 15.36 15.36 0 0 0 0 0 0 0
1 806.8 348.9 327.1 130.8 152.6 109 109 87.22 65.41 21.8 0 0 0 0 21.8 0 0 0 0 0
1 686 665.2 291 124.7 83.15 62.36 62.36 62.36 0 0 0 20.79 0 20.79 0 0 0 0 0 0
1 548.8 612.2 253.3 168.9 168.9 126.7 42.22 21.11 84.44 0 63.33 0 0 0 21.11 0 0 0 0 0
1 175 338.3 163.3 151.6 140 69.99 34.99 23.33 0 11.66 23.33 0 23.33 0 0 0 0 11.66 0 0
1 200.2 141.3 270.9 153.1 106 94.22 82.44 23.55 35.33 23.55 35.33 0 0 11.78 0 0 0 0 0 0
1 877.2 286 133.5 171.6 171.6 19.07 57.21 57.21 19.07 38.14 19.07 57.21 0 0 0 0 0 0 0 0
1 220.4 921.8 160.3 180.4 260.5 120.2 20.04 60.12 60.12 0 0 0 0 0 0 0 0 0 0 0
1 320.7 166.8 436.1 76.96 64.14 64.14 76.96 38.48 0 12.83 0 12.83 0 0 0 12.83 0 0 0 0
1 418.1 309.7 185.8 356.1 61.94 15.48 92.91 61.94 30.97 0 0 0 15.48 0 0 0 0 0 0 0
1 276.5 287.5 221.2 88.48 165.9 11.06 11.06 22.12 0 11.06 0 0 0 0 11.06 0 0 0 0 0
1 246.1 216.5 147.6 108.3 49.21 118.1 29.53 19.68 19.68 9.842 9.842 9.842 0 0 0 0 0 0 0 0
1 476.8 151.2 151.2 186.1 34.89 23.26 23.26 46.52 23.26 34.89 11.63 0 0 0 0 0 0 0 0 0
1 578.1 289.1 183.9 65.69 91.97 39.42 13.14 26.28 0 0 26.28 0 0 0 0 0 0 0 0 0
1 268.6 333.1 193.4 75.21 64.46 64.46 32.23 21.49 10.74 10.74 0 0 0 0 0 0 0 0 0 0
1 628.6 219.3 307 160.8 43.85 14.62 14.62 43.85 14.62 0 0 0 0 14.62 0 0 0 0 0 0
1 199.8 426.9 136.3 63.59 27.25 0 0 9.084 18.17 9.084 18.17 0 0 0 0 0 0 0 0 0
1 228.7 100.9 188.4 74 53.82 20.18 0 0 6.727 0 0 0 0 0 0 0 0 0 0 0
1 227.8 182.3 151.9 106.3 30.38 7.594 15.19 7.594 15.19 0 15.19 0 0 0 0 0 0 0 0 0
1 354.1 242.8 192.2 60.71 101.2 10.12 30.35 10.12 0 0 10.12 0 0 0 0 0 0 0 0 0
1 242.6 289.2 149.3 112 27.99 46.65 18.66 27.99 9.329 0 9.329 0 0 0 0 0 0 0 0 0
1 215.7 215.7 139.1 41.74 41.74 34.79 0 0 0 6.957 0 0 0 0 0 0 0 0 0 0
1 235.1 131.4 145.2 103.7 41.48 13.83 13.83 6.914 0 0 0 0 0 0 0 0 0 0 0 0
1 252.6 187.4 105.9 138.5 73.34 24.45 16.3 0 16.3 0 0 0 0 0 0 0 0 0 0 0
1 169.6 163 117.4 58.69 58.69 19.56 32.61 13.04 13.04 6.522 0 0 0 0 0 0 0 0 0 0
1 153.1 90.06 85.56 54.04 36.02 27.02 0 0 0 4.503 0 0 0 0 0 0 0 0 0 0
1 328.4 156.4 140.8 54.74 31.28 15.64 31.28 7.82 7.82 0 0 7.82 0 0 0 0 0 0 0 0
1 105.6 264.1 105.6 85.83 52.82 26.41 19.81 0 0 0 0 0 0 0 0 0 0 0 0 0
1 156.7 90.96 131.4 45.48 20.21 25.27 25.27 0 5.053 5.053 0 0 0 0 0 0 0 0 0 0
1 188.2 111.2 42.78 42.78 21.39 8.556 8.556 0 0 0 0 4.278 0 0 0 0 0 0 0 0
1 192.4 146.8 86.07 10.13 40.5 10.13 10.13 5.063 5.063 0 0 0 0 0 0 0 0 0 0 0
1 298.3 198.9 130 61.19 45.89 30.59 0 0 0 0 0 0 0 0 0 0 0 0 0 0
1 122.3 141.8 97.81 88.03 24.45 0 4.891 9.781 0 0 0 0 0 0 0 0 0 0 0 0
1 281.3 91.73 116.2 30.58 24.46 48.92 12.23 0 0 0 6.115 0 0 0 0 0 0 0 0 0
1 332.1 239.4 38.61 77.22 46.33 7.722 15.44 7.722 7.722 0 0 0 0 0 0 0 0 0 0 0
1 155.2 112.8 89.34 37.62 18.81 32.91 9.404 4.702 0 4.702 4.702 0 0 0 0 0 0 0 0 0
1 104.6 85.9 104.6 44.82 3.735 22.41 3.735 0 0 3.735 0 0 0 0 0 0 0 0 0 0
1 278.3 146.1 118.3 62.62 69.58 13.92 6.958 0 0 0 0 0 0 0 0 0 0 0 0 0
1 97.6 86.75 72.29 46.99 21.69 28.92 3.615 0 3.615 0 0 0 0 0 0 0 0 0 0 0
1 150.2 57.78 69.34 26.96 50.08 15.41 7.704 0 3.852 0 3.852 0 0 0 0 0 0 0 0 0
1 76.71 65.75 43.83 35.61 16.44 16.44 5.479 2.74 2.74 2.74 2.74 0 2.74 0 0 0 0 0 0 0
1 84.1 50.46 57.67 12.01 14.42 7.208 7.208 4.806 0 0 0 0 2.403 0 0 0 0 0 0 0
1 72.87 54.06 54.06 18.8 16.45 7.052 7.052 0 0 2.351 2.351 0 0 0 0 0 0 0 0 0
1 84.85 79 52.67 26.33 23.41 8.778 8.778 5.852 0 0 0 2.926 0 0 0 0 0 0 0 0
1 87.96 72.25 62.83 47.12 18.85 3.141 6.283 3.141 6.283 0 3.141 0 3.141 0 0 0 0 0 0 0
1 65.99 46.19 50.59 19.8 11 15.4 6.599 2.2 0 0 2.2 0 0 0 0 0 0 0 0 0
1 43.91 42.08 34.76 29.27 20.12 3.659 1.829 1.829 0 1.829 1.829 1.829 0 0 0 0 0 0 0 0
1 79.36 37.48 37.48 35.27 19.84 4.409 0 2.205 2.205 2.205 0 0 0 0 0 0 0 0 0 0
1 48.45 49.92 10.28 11.75 13.21 4.405 4.405 2.936 1.468 0 0 0 0 0 0 0 0 0 0 0
1 63.45 32.58 30.87 8.575 13.72 13.72 1.715 1.715 0 3.43 1.715 0 0 0 0 0 0 0 0 0
1 53.84 34.83 28.5 14.25 6.334 7.917 9.5 0 1.583 0 1.583 0 0 0 0 0 0 0 0 0
1 97.41 80.36 36.53 17.05 2.435 0 0 7.306 2.435 0 0 0 0 0 0 0 0 0 0 0
1 71.21 35.6 50.27 31.42 12.57 6.283 0 2.094 0 0 0 0 0 0 0 0 0 0 0 0
1 39.51 41.22 42.94 18.89 15.46 5.153 3.435 1.718 0 0 3.435 0 0 0 0 0 0 0 0 0
1 32.25 19.11 16.72 19.11 11.94 8.361 1.194 8.361 1.194 1.194 0 0 0 0 0 0 0 0 0 0
1 53.88 22.9 13.47 18.86 12.12 5.388 4.041 0 4.041 0 0 0 0 0 0 0 0 0 0 0
1 39.5 23.51 9.404 6.583 4.702 1.881 4.702 1.881 0 0.9404 0.9404 0 0 0 0 0 0 0 0 0
1 113.9 63.55 39.72 21.18 5.296 2.648 7.944 0 5.296 0 0 2.648 2.648 0 0 0 0 0 0 0
1 64.06 38.09 31.17 15.58 5.194 5.194 3.463 3.463 3.463 1.731 0 0 1.731 0 0 0 0 0 0 0
1 54.71 35.95 34.39 17.19 4.689 4.689 0 1.563 0 0 0 0 0 3.126 0 0 0 0 0 0
