 landings-at-age - landings.n (units : NA )
1	2	
42	100	
1	20	
1 
1.136 10.22 68.64 18.73 20.03 11.11 7.188 4.225 2.58 1.907 1.61 1.037 1.114 0.5873 0.5515 0.253 0.1379 0.06298 0.1422 0.2015
1.573 13.87 28.06 50.44 11.33 12.11 6.716 4.346 2.555 1.56 1.153 0.9733 0.6273 0.6734 0.3552 0.3335 0.153 0.08337 0.03808 0.2078
1.123 15.54 30.93 16.61 24.51 5.502 5.885 3.263 2.111 1.241 0.7579 0.5602 0.4728 0.3048 0.3272 0.1725 0.162 0.07432 0.0405 0.1195
0.884 12 37.64 20.08 8.874 13.09 2.939 3.144 1.743 1.128 0.6631 0.4049 0.2993 0.2526 0.1628 0.1748 0.09218 0.08655 0.0397 0.08546
1.344 10.04 30.85 25.98 11.41 5.041 7.437 1.67 1.786 0.9902 0.6408 0.3767 0.23 0.17 0.1435 0.09249 0.09929 0.05237 0.04917 0.07111
1.256 14.65 24.74 20.34 14.09 6.186 2.733 4.032 0.9053 0.9683 0.5369 0.3474 0.2042 0.1247 0.09218 0.07781 0.05015 0.05383 0.02839 0.06521
0.955 14.3 37.6 16.99 11.49 7.956 3.494 1.544 2.278 0.5114 0.5469 0.3032 0.1962 0.1154 0.07044 0.05207 0.04395 0.02832 0.03041 0.05287
0.6478 9.503 32.27 22.65 8.407 5.685 3.937 1.729 0.764 1.127 0.2531 0.2707 0.1501 0.09711 0.05709 0.03486 0.02577 0.02175 0.01402 0.04121
0.7543 8.122 26.81 24.44 14.13 5.244 3.545 2.456 1.078 0.4765 0.7029 0.1578 0.1688 0.09359 0.06057 0.03561 0.02174 0.01607 0.01356 0.03445
1.845 7.872 19.07 16.7 12.5 7.223 2.681 1.813 1.256 0.5514 0.2436 0.3594 0.0807 0.08631 0.04785 0.03097 0.01821 0.01112 0.008217 0.02455
0.874 20.82 19.96 12.87 9.266 6.934 4.007 1.488 1.006 0.6966 0.3059 0.1352 0.1994 0.04478 0.04789 0.02655 0.01718 0.0101 0.006168 0.01818
0.8977 9.101 48.82 12.44 6.588 4.742 3.549 2.051 0.7613 0.5147 0.3565 0.1566 0.06918 0.1021 0.02291 0.02451 0.01359 0.008794 0.005169 0.01246
0.9254 9.478 21.73 31.14 6.521 3.454 2.486 1.86 1.075 0.3991 0.2698 0.1869 0.08207 0.03626 0.0535 0.01201 0.01285 0.007123 0.00461 0.009242
0.581 10.42 24.1 14.8 17.44 3.652 1.934 1.392 1.042 0.6021 0.2235 0.1511 0.1047 0.04597 0.02031 0.02996 0.006728 0.007196 0.003989 0.007758
0.819 6.495 26.23 16.2 8.178 9.64 2.019 1.069 0.7695 0.5759 0.3328 0.1235 0.08353 0.05786 0.02541 0.01123 0.01656 0.003719 0.003977 0.006493
0.5594 8.3 14.9 16.05 8.147 4.112 4.847 1.015 0.5376 0.3869 0.2896 0.1673 0.06212 0.042 0.02909 0.01278 0.005645 0.008328 0.00187 0.005265
0.3849 6.885 22.97 11.05 9.8 4.973 2.51 2.959 0.6196 0.3281 0.2362 0.1768 0.1021 0.03792 0.02564 0.01776 0.007798 0.003445 0.005083 0.004355
0.4441 3.852 15.54 13.76 5.436 4.82 2.446 1.235 1.455 0.3048 0.1614 0.1162 0.08694 0.05024 0.01865 0.01261 0.008734 0.003836 0.001695 0.004642
0.3777 4.79 9.404 10.16 7.4 2.922 2.592 1.315 0.6637 0.7824 0.1638 0.08678 0.06246 0.04674 0.02701 0.01003 0.00678 0.004696 0.002062 0.003407
0.6582 4.562 13 6.83 6.071 4.422 1.746 1.549 0.7859 0.3966 0.4675 0.09791 0.05186 0.03732 0.02793 0.01614 0.005992 0.004051 0.002806 0.003268
0.4084 7.121 11.07 8.363 3.606 3.205 2.335 0.9219 0.8176 0.4149 0.2094 0.2468 0.05169 0.02738 0.0197 0.01475 0.008522 0.003163 0.002139 0.003207
0.408 4.516 17.64 7.273 4.512 1.945 1.729 1.259 0.4974 0.4411 0.2238 0.113 0.1332 0.02789 0.01477 0.01063 0.007955 0.004597 0.001707 0.002884
0.3127 4.039 10.09 10.46 3.538 2.195 0.9463 0.8411 0.6127 0.2419 0.2146 0.1089 0.05495 0.06477 0.01356 0.007184 0.005171 0.00387 0.002236 0.002233
0.2571 3.517 10.26 6.859 5.849 1.979 1.228 0.5293 0.4704 0.3427 0.1353 0.12 0.06089 0.03073 0.03623 0.007587 0.004018 0.002892 0.002164 0.0025
0.2106 2.784 8.599 6.698 3.681 3.139 1.062 0.6589 0.2841 0.2525 0.1839 0.07263 0.06441 0.03268 0.0165 0.01944 0.004072 0.002157 0.001552 0.002503
0.3764 2.324 6.934 5.724 3.666 2.015 1.718 0.5813 0.3606 0.1555 0.1382 0.1007 0.03975 0.03525 0.01789 0.009028 0.01064 0.002229 0.00118 0.00222
0.2717 3.867 5.411 4.314 2.927 1.875 1.03 0.8787 0.2973 0.1844 0.07951 0.07067 0.05148 0.02033 0.01803 0.009148 0.004617 0.005443 0.00114 0.001739
0.4267 3.332 10.67 4.005 2.629 1.784 1.142 0.6278 0.5354 0.1811 0.1124 0.04845 0.04306 0.03137 0.01239 0.01098 0.005574 0.002813 0.003316 0.001754
0.253 4.409 7.755 6.599 2.033 1.335 0.9056 0.58 0.3187 0.2718 0.09196 0.05705 0.0246 0.02186 0.01592 0.006289 0.005577 0.00283 0.001428 0.002574
0.2248 2.569 10.15 4.775 3.34 1.029 0.6755 0.4584 0.2936 0.1613 0.1376 0.04655 0.02888 0.01245 0.01107 0.00806 0.003183 0.002823 0.001432 0.002026
0.2148 2.637 6.813 7.24 2.804 1.961 0.6043 0.3966 0.2691 0.1724 0.09473 0.08078 0.02733 0.01696 0.00731 0.006497 0.004733 0.001869 0.001657 0.002031
0.1736 2.323 6.44 4.447 3.886 1.505 1.053 0.3243 0.2129 0.1444 0.0925 0.05084 0.04335 0.01467 0.009099 0.003923 0.003487 0.00254 0.001003 0.001979
0.2178 1.993 6.006 4.451 2.527 2.208 0.8552 0.5982 0.1843 0.121 0.08209 0.05257 0.02889 0.02464 0.008336 0.005171 0.00223 0.001982 0.001443 0.001695
0.4492 2.279 4.703 3.773 2.296 1.304 1.139 0.4413 0.3087 0.0951 0.06242 0.04236 0.02713 0.01491 0.01271 0.004301 0.002668 0.00115 0.001023 0.001619
0.2619 4.675 5.375 2.968 1.958 1.192 0.6767 0.5912 0.229 0.1602 0.04935 0.03239 0.02198 0.01407 0.007735 0.006596 0.002232 0.001384 0.0005969 0.001371
0.243 2.924 11.83 3.654 1.661 1.095 0.6667 0.3786 0.3308 0.1281 0.08961 0.02761 0.01812 0.0123 0.007875 0.004328 0.003691 0.001249 0.0007747 0.001101
0.1206 2.901 7.856 8.508 2.162 0.9827 0.6482 0.3945 0.224 0.1957 0.0758 0.05302 0.01634 0.01072 0.007276 0.00466 0.002561 0.002184 0.0007389 0.00111
0.133 1.207 6.558 4.722 4.199 1.067 0.485 0.3199 0.1947 0.1106 0.0966 0.03741 0.02617 0.008063 0.005292 0.003591 0.0023 0.001264 0.001078 0.0009124
0.2107 1.513 3.1 4.515 2.675 2.378 0.6043 0.2747 0.1812 0.1103 0.06262 0.05471 0.02119 0.01482 0.004567 0.002997 0.002034 0.001303 0.0007159 0.001127
0.2135 2.456 3.958 2.162 2.588 1.533 1.363 0.3464 0.1574 0.1038 0.0632 0.03589 0.03136 0.01214 0.008495 0.002617 0.001718 0.001166 0.0007465 0.001056
0.1321 2.102 5.46 2.336 1.047 1.253 0.7426 0.6603 0.1678 0.07627 0.0503 0.03062 0.01739 0.01519 0.005883 0.004115 0.001268 0.0008322 0.0005647 0.0008734
0.1292 1.493 5.368 3.735 1.315 0.5894 0.7055 0.4179 0.3716 0.09443 0.04292 0.02831 0.01723 0.009785 0.008549 0.003311 0.002316 0.0007136 0.0004683 0.0008094
0.2039 1.386 3.621 3.478 1.989 0.7002 0.3139 0.3757 0.2226 0.1979 0.05029 0.02286 0.01508 0.009177 0.005211 0.004553 0.001763 0.001233 0.00038 0.0006805
0.08508 2.282 3.502 2.447 1.933 1.105 0.3892 0.1744 0.2088 0.1237 0.11 0.02795 0.0127 0.008379 0.0051 0.002896 0.00253 0.00098 0.0006855 0.0005894
0.0966 0.8706 5.291 2.17 1.247 0.9846 0.5632 0.1983 0.08887 0.1064 0.06302 0.05603 0.01424 0.006472 0.004269 0.002598 0.001475 0.001289 0.0004992 0.0006495
0.04888 1.086 2.217 3.621 1.223 0.7022 0.5547 0.3172 0.1117 0.05006 0.05992 0.0355 0.03157 0.008021 0.003646 0.002405 0.001464 0.0008312 0.0007262 0.0006471
0.1273 0.5665 2.837 1.552 2.085 0.7039 0.4043 0.3193 0.1826 0.0643 0.02882 0.0345 0.02044 0.01817 0.004618 0.002099 0.001384 0.0008426 0.0004785 0.0007906
0.1477 1.417 1.417 1.89 0.8491 1.141 0.3852 0.2212 0.1747 0.09994 0.03518 0.01577 0.01888 0.01118 0.009944 0.002527 0.001149 0.0007576 0.0004611 0.0006945
0.1259 1.629 3.508 0.9323 1.021 0.4587 0.6162 0.2081 0.1195 0.0944 0.05399 0.01901 0.00852 0.0102 0.006041 0.005372 0.001365 0.0006205 0.0004092 0.0006243
0.07895 1.23 3.6 2.062 0.4498 0.4925 0.2213 0.2973 0.1004 0.05766 0.04555 0.02605 0.00917 0.004111 0.00492 0.002915 0.002592 0.0006586 0.0002994 0.0004987
0.06894 0.9697 3.398 2.668 1.258 0.2744 0.3004 0.135 0.1813 0.06123 0.03517 0.02778 0.01589 0.005593 0.002507 0.003001 0.001778 0.001581 0.0004017 0.0004867
0.1147 0.7314 2.312 2.15 1.386 0.6533 0.1425 0.1561 0.07012 0.0942 0.03181 0.01827 0.01443 0.008254 0.002906 0.001302 0.001559 0.0009236 0.0008212 0.0004615
0.08396 1.271 1.821 1.532 1.17 0.754 0.3555 0.07754 0.0849 0.03815 0.05125 0.01731 0.00994 0.007851 0.004491 0.001581 0.0007086 0.0008482 0.0005025 0.0006979
0.0636 0.845 2.889 1.102 0.7609 0.5812 0.3746 0.1766 0.03853 0.04218 0.01895 0.02546 0.008598 0.004939 0.003901 0.002231 0.0007854 0.0003521 0.0004214 0.0005964
0.07039 0.6899 2.077 1.904 0.5974 0.4125 0.3151 0.2031 0.09575 0.02089 0.02287 0.01028 0.01381 0.004662 0.002678 0.002115 0.00121 0.0004258 0.0001909 0.0005518
0.05251 0.8096 1.792 1.446 1.091 0.3422 0.2363 0.1805 0.1164 0.05485 0.01197 0.0131 0.005887 0.007909 0.002671 0.001534 0.001212 0.000693 0.0002439 0.0004255
0.04824 0.5897 2.046 1.208 0.801 0.6043 0.1896 0.1309 0.1 0.06445 0.03038 0.006628 0.007258 0.003261 0.004381 0.001479 0.0008497 0.0006711 0.0003839 0.0003708
0.0894 0.4981 1.375 1.27 0.6157 0.4084 0.3081 0.09665 0.06675 0.05099 0.03286 0.01549 0.003379 0.0037 0.001663 0.002234 0.0007543 0.0004332 0.0003422 0.0003848
0.0489 1.065 1.333 0.9834 0.7472 0.3622 0.2403 0.1813 0.05686 0.03927 0.03 0.01933 0.009114 0.001988 0.002177 0.0009782 0.001314 0.0004438 0.0002549 0.0004277
