 landings-at-age - landings.n (units : NA )
1	2	
42	100	
1	20	
1 
0.007911 0.04034 0.1494 0.09235 0.07373 0.06559 0.03219 0.03468 0.02164 0.01351 0.004268 0.005389 0.003525 0.006924 0.002396 0.003097 0.0006304 0.002471 0.001024 0.001182
0.007795 0.08882 0.1132 0.1246 0.06475 0.0517 0.04599 0.02257 0.02431 0.01518 0.009475 0.002992 0.003778 0.002471 0.004855 0.00168 0.002172 0.000442 0.001732 0.001547
0.09403 1.375 3.899 1.475 1.365 0.7094 0.5664 0.5039 0.2473 0.2664 0.1663 0.1038 0.03278 0.04139 0.02708 0.05319 0.01841 0.02379 0.004842 0.03592
0.08252 2.038 7.374 6.168 1.96 1.814 0.9425 0.7525 0.6695 0.3285 0.3539 0.2209 0.1379 0.04356 0.055 0.03597 0.07067 0.02446 0.03161 0.05417
0.09721 1.368 8.311 8.818 6.187 1.966 1.819 0.9454 0.7548 0.6715 0.3295 0.355 0.2216 0.1384 0.04369 0.05517 0.03608 0.07089 0.02453 0.08604
0.08922 1.438 4.95 8.765 7.79 5.466 1.736 1.607 0.8352 0.6668 0.5932 0.2911 0.3136 0.1957 0.1222 0.0386 0.04873 0.03188 0.06262 0.09768
0.3529 1.238 4.853 4.839 7.169 6.371 4.47 1.42 1.315 0.6831 0.5454 0.4852 0.2381 0.2565 0.1601 0.09996 0.03157 0.03986 0.02607 0.1311
1.426 4.701 3.986 4.499 3.748 5.553 4.935 3.463 1.1 1.018 0.5291 0.4224 0.3758 0.1844 0.1987 0.124 0.07743 0.02445 0.03087 0.1217
0.2736 18.45 14.61 3.547 3.34 2.783 4.123 3.664 2.571 0.8168 0.7561 0.3929 0.3137 0.279 0.1369 0.1475 0.09207 0.05749 0.01815 0.1133
1.33 3.464 55.79 12.57 2.543 2.395 1.996 2.956 2.627 1.844 0.5856 0.5421 0.2817 0.2249 0.2001 0.09819 0.1058 0.06602 0.04122 0.09427
1.983 16.55 10.24 46.63 8.745 1.769 1.666 1.388 2.057 1.828 1.283 0.4074 0.3771 0.196 0.1565 0.1392 0.06831 0.07358 0.04593 0.09426
0.3327 24.35 47.97 8.338 31.58 5.922 1.198 1.128 0.9401 1.393 1.238 0.8685 0.2759 0.2554 0.1327 0.106 0.09426 0.04626 0.04983 0.09494
0.4092 4.038 69.35 38.17 5.509 20.86 3.913 0.7916 0.7455 0.6212 0.9202 0.8178 0.5738 0.1823 0.1687 0.08768 0.07001 0.06228 0.03056 0.09565
0.3006 4.918 11.32 54.01 24.65 3.558 13.47 2.527 0.5111 0.4814 0.4011 0.5942 0.5281 0.3706 0.1177 0.109 0.05662 0.04521 0.04022 0.0815
0.9262 3.582 13.6 8.641 34.13 15.58 2.248 8.514 1.597 0.323 0.3042 0.2535 0.3755 0.3337 0.2342 0.07439 0.06886 0.03578 0.02857 0.07692
1.554 10.96 9.773 10.18 5.349 21.13 9.643 1.392 5.271 0.9885 0.2 0.1883 0.1569 0.2325 0.2066 0.145 0.04605 0.04263 0.02215 0.06531
0.9192 18.26 29.53 7.182 6.177 3.247 12.82 5.853 0.8448 3.199 0.5999 0.1214 0.1143 0.09524 0.1411 0.1254 0.08799 0.02795 0.02587 0.05308
1.387 10.74 48.64 21.31 4.277 3.678 1.933 7.636 3.485 0.503 1.905 0.3572 0.07227 0.06807 0.05671 0.08401 0.07467 0.05239 0.01664 0.04701
1.097 16.11 28.28 34.51 12.46 2.5 2.15 1.13 4.463 2.037 0.294 1.113 0.2088 0.04224 0.03978 0.03315 0.0491 0.04364 0.03062 0.03721
0.8271 12.68 42 19.73 19.81 7.15 1.435 1.234 0.6485 2.561 1.169 0.1687 0.639 0.1198 0.02424 0.02283 0.01902 0.02818 0.02505 0.03893
3.251 9.517 32.71 28.82 11.13 11.17 4.031 0.8089 0.6957 0.3656 1.444 0.6592 0.09514 0.3603 0.06757 0.01367 0.01287 0.01073 0.01589 0.03607
0.5487 35.45 23.22 21.13 15.27 5.896 5.919 2.136 0.4287 0.3687 0.1938 0.7654 0.3493 0.05042 0.1909 0.03581 0.007244 0.006823 0.005685 0.02754
2.012 5.982 86.49 15 11.2 8.094 3.125 3.136 1.132 0.2272 0.1954 0.1027 0.4056 0.1851 0.02672 0.1012 0.01898 0.003839 0.003616 0.01761
0.3389 21.93 14.6 55.86 7.948 5.933 4.289 1.656 1.662 0.6 0.1204 0.1035 0.05442 0.2149 0.0981 0.01416 0.05362 0.01006 0.002034 0.01125
0.5411 3.694 53.52 9.428 29.6 4.212 3.144 2.273 0.8775 0.8808 0.318 0.0638 0.05487 0.02884 0.1139 0.05199 0.007504 0.02842 0.005329 0.007038
2.372 5.899 9.014 34.57 4.996 15.69 2.232 1.666 1.205 0.465 0.4668 0.1685 0.03381 0.02908 0.01528 0.06036 0.02755 0.003976 0.01506 0.006554
1.029 25.86 14.39 5.822 18.32 2.648 8.314 1.183 0.883 0.6384 0.2464 0.2474 0.08929 0.01792 0.01541 0.008099 0.03199 0.0146 0.002107 0.01145
1.052 11.22 63.1 9.296 3.085 9.708 1.403 4.406 0.6269 0.468 0.3383 0.1306 0.1311 0.04732 0.009495 0.008165 0.004292 0.01695 0.007737 0.007186
1.513 11.46 27.37 40.76 4.926 1.635 5.145 0.7436 2.335 0.3322 0.248 0.1793 0.06921 0.06947 0.02508 0.005032 0.004327 0.002274 0.008984 0.007909
1.713 16.5 27.97 17.68 21.6 2.611 0.8665 2.726 0.394 1.237 0.176 0.1314 0.09501 0.03668 0.03682 0.01329 0.002666 0.002293 0.001205 0.008952
1.012 18.68 40.25 18.07 9.369 11.45 1.384 0.4592 1.445 0.2088 0.6557 0.09329 0.06964 0.05035 0.01944 0.01951 0.007043 0.001413 0.001215 0.005383
0.5791 11.03 45.57 26 9.575 4.965 6.066 0.7332 0.2433 0.7657 0.1107 0.3475 0.04944 0.03691 0.02668 0.0103 0.01034 0.003732 0.0007488 0.003497
0.9968 6.314 26.91 29.44 13.78 5.074 2.631 3.214 0.3885 0.129 0.4058 0.05864 0.1841 0.0262 0.01956 0.01414 0.005458 0.005479 0.001978 0.00225
0.8444 10.87 15.4 17.38 15.6 7.302 2.689 1.394 1.703 0.2059 0.06834 0.215 0.03108 0.09758 0.01388 0.01036 0.007493 0.002893 0.002904 0.00224
1.148 9.205 26.51 9.95 9.212 8.267 3.87 1.425 0.7389 0.9027 0.1091 0.03622 0.1139 0.01647 0.05171 0.007358 0.005493 0.003971 0.001533 0.002726
0.8164 12.51 22.46 17.13 5.273 4.882 4.381 2.051 0.7552 0.3916 0.4784 0.05783 0.01919 0.06039 0.008728 0.02741 0.003899 0.002911 0.002104 0.002257
1.372 8.9 30.52 14.51 9.076 2.794 2.587 2.322 1.087 0.4002 0.2075 0.2535 0.03064 0.01017 0.032 0.004625 0.01452 0.002066 0.001543 0.002311
0.7859 14.96 21.72 19.72 7.688 4.81 1.481 1.371 1.23 0.5759 0.2121 0.11 0.1344 0.01624 0.00539 0.01696 0.002451 0.007696 0.001095 0.002042
0.4012 8.568 36.5 14.03 10.45 4.074 2.549 0.7848 0.7265 0.652 0.3052 0.1124 0.05828 0.0712 0.008606 0.002856 0.008987 0.001299 0.004079 0.001663
0.9986 4.374 20.91 23.58 7.433 5.537 2.159 1.351 0.4159 0.385 0.3455 0.1617 0.05956 0.03088 0.03773 0.004561 0.001514 0.004763 0.0006884 0.003043
1.27 10.63 10.44 13.21 12.23 3.855 2.871 1.12 0.7005 0.2157 0.1997 0.1792 0.08387 0.03089 0.01602 0.01957 0.002365 0.000785 0.00247 0.001935
1.145 13.52 25.43 6.636 6.895 6.38 2.012 1.498 0.5843 0.3655 0.1125 0.1042 0.0935 0.04377 0.01612 0.008358 0.01021 0.001234 0.0004096 0.002298
1.317 12.19 32.44 16.26 3.484 3.621 3.35 1.056 0.7867 0.3068 0.1919 0.05909 0.05471 0.04909 0.02298 0.008463 0.004388 0.005361 0.000648 0.001422
0.2582 14.02 29.33 20.85 8.589 1.841 1.913 1.77 0.558 0.4157 0.1621 0.1014 0.03122 0.0289 0.02594 0.01214 0.004471 0.002319 0.002833 0.001094
0.7983 2.749 33.82 18.96 11.09 4.566 0.9786 1.017 0.9409 0.2966 0.221 0.08616 0.0539 0.0166 0.01536 0.01379 0.006454 0.002377 0.001232 0.002087
1.064 8.497 6.648 21.98 10.14 5.929 2.442 0.5234 0.5438 0.5032 0.1586 0.1182 0.04608 0.02883 0.008876 0.008217 0.007374 0.003452 0.001271 0.001775
1.598 11.33 20.61 4.344 11.83 5.456 3.19 1.314 0.2816 0.2926 0.2708 0.08537 0.06359 0.0248 0.01551 0.004776 0.004422 0.003968 0.001857 0.001639
0.2455 17 27.54 13.54 2.351 6.402 2.953 1.727 0.7113 0.1524 0.1584 0.1466 0.04621 0.03442 0.01342 0.008397 0.002585 0.002393 0.002148 0.001893
0.8919 2.612 41.44 18.19 7.371 1.28 3.486 1.608 0.9403 0.3873 0.08301 0.08626 0.07981 0.02516 0.01874 0.007309 0.004572 0.001408 0.001303 0.0022
0.5241 9.486 6.381 27.51 9.963 4.038 0.7014 1.909 0.8809 0.5151 0.2122 0.04547 0.04725 0.04372 0.01378 0.01027 0.004003 0.002505 0.0007712 0.001919
1.05 5.573 23.23 4.258 15.16 5.489 2.225 0.3864 1.052 0.4853 0.2838 0.1169 0.02505 0.02603 0.02409 0.007594 0.005657 0.002206 0.00138 0.001482
0.8017 11.16 13.68 15.58 2.36 8.399 3.042 1.233 0.2141 0.583 0.2689 0.1573 0.06477 0.01388 0.01443 0.01335 0.004208 0.003135 0.001222 0.001586
0.6272 8.517 27.44 9.222 8.685 1.315 4.681 1.695 0.687 0.1193 0.3249 0.1499 0.08764 0.0361 0.007736 0.008039 0.007438 0.002345 0.001747 0.001565
1.451 6.659 21 18.59 5.168 4.867 0.737 2.623 0.95 0.385 0.06688 0.1821 0.08399 0.04911 0.02023 0.004335 0.004505 0.004169 0.001314 0.001856
0.4895 15.4 16.45 14.3 10.48 2.912 2.742 0.4153 1.478 0.5353 0.2169 0.03768 0.1026 0.04733 0.02767 0.0114 0.002443 0.002539 0.002349 0.001786
0.6531 5.19 38.1 11.25 8.099 5.936 1.65 1.554 0.2353 0.8374 0.3033 0.1229 0.02135 0.05812 0.02681 0.01568 0.006458 0.001384 0.001438 0.002343
0.5582 6.918 12.87 26.19 6.409 4.613 3.381 0.9396 0.8849 0.134 0.4769 0.1727 0.07 0.01216 0.0331 0.01527 0.008929 0.003678 0.0007882 0.002153
0.5044 5.907 17.18 8.884 14.99 3.669 2.641 1.935 0.5379 0.5065 0.0767 0.273 0.09887 0.04007 0.00696 0.01895 0.008742 0.005111 0.002105 0.001684
0.1707 5.331 14.69 11.91 5.111 8.625 2.111 1.519 1.113 0.3094 0.2914 0.04413 0.1571 0.05688 0.02305 0.004004 0.0109 0.005029 0.002941 0.00218
