Originally  
101 
A 
2	100	
1	1	NA	NA	
1	20	
1 486 170.8 197 118.2 131.4 78.81 13.14 39.41 39.41 0 13.14 0 13.14 0 13.14 0 0 0 0 0
1 559.4 466.2 167.8 205.1 74.59 111.9 74.59 74.59 37.3 0 93.24 0 0 0 0 0 0 0 0 0
1 284.3 206.8 297.2 116.3 129.2 103.4 51.69 12.92 25.85 25.85 12.92 0 12.92 0 12.92 0 0 0 0 0
1 507.8 326.5 163.2 308.3 181.4 199.5 36.27 0 36.27 0 36.27 0 0 0 0 0 0 18.14 0 0
1 250.7 150.4 120.4 90.27 170.5 20.06 40.12 70.21 10.03 30.09 30.09 0 0 10.03 10.03 0 0 0 0 0
1 213.5 203.8 116.5 155.3 58.24 97.06 38.82 29.12 29.12 0 0 9.706 0 0 0 19.41 0 0 0 0
1 348.5 200.7 147.9 95.05 52.8 63.36 10.56 42.24 31.68 10.56 31.68 0 0 10.56 0 0 0 10.56 0 0
1 166.4 184.9 166.4 64.72 92.46 55.48 27.74 64.72 18.49 27.74 9.246 27.74 9.246 0 0 0 0 9.246 0 0
1 334 321.6 222.6 173.2 37.11 49.47 0 49.47 0 12.37 0 24.74 0 0 0 0 0 0 0 12.37
1 313.4 199.4 104.5 142.4 28.49 37.98 18.99 37.98 9.496 28.49 9.496 0 18.99 0 0 0 0 0 0 0
1 272 159.4 140.7 93.79 84.41 46.89 46.89 28.14 28.14 0 9.379 0 9.379 0 9.379 0 0 0 0 9.379
1 444.4 242.4 269.4 121.2 107.7 40.4 26.94 0 26.94 0 13.47 0 26.94 13.47 13.47 0 0 0 0 0
1 528.5 216.2 168.2 84.08 72.07 12.01 48.05 12.01 24.02 24.02 0 0 0 12.01 0 0 0 0 0 0
1 589.7 464.6 303.8 143 71.48 107.2 0 53.61 35.74 0 0 0 17.87 0 0 0 0 0 0 0
1 500.5 297.6 202.9 189.4 81.17 27.06 27.06 13.53 0 0 0 13.53 0 0 0 0 0 0 0 0
1 326.1 385.4 192.7 207.5 192.7 103.8 14.82 29.65 14.82 0 0 0 0 0 14.82 0 0 0 0 0
1 553.8 342.1 179.2 211.8 81.45 97.74 65.16 0 32.58 48.87 0 0 0 0 16.29 0 0 0 0 0
1 406.6 561.5 290.5 232.4 135.5 96.82 58.09 38.73 58.09 0 19.36 0 19.36 0 0 0 0 0 0 19.36
1 417.3 270 184.1 122.7 24.55 73.65 61.37 36.82 0 24.55 12.27 0 0 0 0 0 0 0 0 0
1 552.3 460.3 349.8 147.3 110.5 55.23 92.05 55.23 18.41 0 0 0 0 0 0 0 0 0 0 0
1 327.5 251.1 141.9 131 87.34 54.58 54.58 10.92 21.83 0 0 0 0 10.92 0 0 0 0 0 0
1 654.1 417.9 236.2 218 72.68 72.68 36.34 36.34 18.17 36.34 0 18.17 0 0 0 0 0 0 0 0
1 642.3 330.3 275.3 220.2 128.5 36.7 73.41 36.7 18.35 0 18.35 0 18.35 18.35 0 0 0 18.35 0 0
1 398.3 222.6 128.9 93.71 128.9 46.86 35.14 35.14 0 23.43 35.14 0 11.71 11.71 0 0 0 0 0 0
1 396.9 269.3 241 99.22 127.6 85.05 70.87 42.52 14.17 28.35 14.17 0 0 14.17 14.17 0 0 0 0 0
1 310.8 310.8 186.5 99.47 161.6 49.73 62.17 24.87 0 12.43 0 12.43 0 0 0 0 0 0 0 12.43
1 430.5 291.6 152.8 138.9 125 41.66 83.32 41.66 0 27.77 27.77 13.89 0 13.89 0 0 0 0 0 0
1 380.2 352 211.2 126.7 126.7 70.41 70.41 28.16 14.08 0 0 14.08 0 14.08 0 0 0 0 0 0
1 632.7 361.5 307.3 108.5 144.6 90.39 72.31 36.15 36.15 0 0 0 0 0 18.08 0 0 0 0 0
1 410 257.7 234.3 105.4 46.86 23.43 35.14 23.43 0 11.71 23.43 0 0 0 0 0 0 0 0 0
1 678.3 508.7 436 266.5 96.9 145.3 121.1 24.22 48.45 24.22 0 0 48.45 0 24.22 0 0 0 0 0
1 351.6 379.7 225 112.5 126.6 84.37 28.12 28.12 28.12 28.12 0 14.06 0 0 0 0 0 0 0 0
1 315.8 302.1 219.7 109.8 219.7 68.65 82.38 0 0 41.19 13.73 0 0 0 0 0 0 0 0 0
1 522.1 382.9 295.9 191.4 104.4 69.61 69.61 17.4 17.4 34.81 34.81 0 0 0 0 0 0 0 0 0
1 753.6 376.8 353.3 259.1 212 94.2 70.65 117.8 23.55 47.1 23.55 0 0 23.55 0 0 0 0 0 0
1 576 476.7 238.3 158.9 139 59.59 59.59 59.59 79.45 19.86 19.86 19.86 19.86 0 19.86 19.86 0 0 19.86 0
1 623.9 442.7 342.1 181.1 140.9 120.7 80.5 0 40.25 0 20.12 0 0 0 0 20.12 0 0 0 0
1 621.7 230.9 337.5 177.6 142.1 71.05 17.76 53.29 53.29 17.76 53.29 0 0 0 0 0 0 0 0 0
1 572.5 393.6 214.7 125.2 71.56 143.1 143.1 53.67 17.89 17.89 17.89 0 0 17.89 0 0 0 0 0 0
1 681.9 311.7 272.8 233.8 136.4 58.45 58.45 58.45 38.97 38.97 38.97 19.48 0 0 0 0 0 0 0 0
1 385.1 305.8 158.6 124.6 56.64 45.31 22.65 0 11.33 0 11.33 0 0 0 0 11.33 0 0 0 0
1 362.3 386.4 217.4 72.46 48.3 36.23 24.15 12.08 24.15 12.08 0 0 0 0 0 0 0 12.08 0 0
1 504.5 504.5 302.7 168.2 50.45 50.45 0 0 67.26 16.82 16.82 0 0 0 0 0 0 0 0 0
1 374.1 595.8 207.8 69.28 55.43 13.86 27.71 0 13.86 0 0 0 27.71 0 0 0 0 0 0 0
1 359.4 272.6 285 148.7 49.57 61.96 24.78 12.39 12.39 0 0 0 12.39 0 0 0 0 0 0 0
1 435.5 245.7 212.2 100.5 33.5 11.17 33.5 11.17 11.17 11.17 0 0 0 11.17 0 0 0 0 0 0
1 503.2 345.1 215.7 186.9 100.6 28.76 28.76 14.38 0 0 0 0 0 0 0 14.38 0 0 0 0
1 679.5 251.1 265.9 103.4 88.63 59.09 14.77 0 14.77 0 0 0 0 0 0 0 0 0 0 0
1 486.8 198.7 129.1 89.41 29.8 39.74 9.934 0 0 0 9.934 0 0 0 0 0 0 0 0 0
1 407.7 321.2 321.2 74.13 37.07 49.42 0 0 12.36 0 0 12.36 0 0 0 0 0 0 0 0
1 282.7 300.9 155 82.07 27.36 36.48 18.24 0 0 0 9.119 0 0 0 0 0 0 0 0 0
1 778.9 432.7 207.7 138.5 34.62 34.62 51.92 0 0 0 17.31 17.31 17.31 0 0 0 0 0 0 0
1 555.8 432.3 216.1 108.1 108.1 46.32 46.32 0 30.88 0 0 0 0 0 0 0 0 0 0 0
1 485.7 409.8 364.3 151.8 60.71 15.18 30.36 0 0 0 0 0 0 0 0 0 0 0 0 0
1 330.2 252.5 203.9 58.26 67.98 29.13 29.13 0 0 0 0 0 0 0 0 0 0 0 0 0
1 454.4 471.2 235.6 235.6 151.5 67.32 33.66 16.83 0 0 16.83 0 0 0 0 0 0 0 0 0
1 452.1 335.4 306.3 218.8 43.75 58.33 0 14.58 0 14.58 0 14.58 0 0 0 0 0 0 0 0
1 582.8 355.4 270.1 99.51 14.22 42.65 14.22 28.43 14.22 0 0 0 0 0 0 0 0 0 0 0
1 394.4 535.2 225.3 211.3 14.08 14.08 0 14.08 0 0 0 0 0 0 0 0 0 0 0 0
1 576.8 522.7 324.4 180.2 126.2 36.05 18.02 18.02 0 0 0 0 0 0 0 0 0 0 0 0
1 383.6 236.1 147.5 68.85 68.85 49.18 9.836 0 19.67 0 0 0 0 0 0 0 0 0 0 0
1 329.7 257.6 206.1 123.6 10.3 61.82 10.3 0 20.61 0 10.3 0 0 0 0 0 0 0 0 0
1 359.8 320.9 155.6 58.34 19.45 29.17 9.724 0 0 9.724 0 9.724 0 0 0 0 0 0 0 0
1 277.1 312.8 169.8 62.57 8.938 35.75 17.88 0 8.938 0 0 0 0 0 0 0 0 0 0 0
1 356 411.6 155.7 100.1 11.12 22.25 22.25 11.12 11.12 0 0 0 11.12 0 0 0 0 0 0 0
1 276.1 205.1 165.7 78.88 47.33 0 7.888 0 0 0 0 0 0 0 7.888 0 0 0 0 0
1 408.2 331.7 178.6 178.6 127.6 38.27 0 0 12.76 0 0 0 0 0 0 0 0 0 0 0
1 477.8 351.3 224.8 196.7 70.26 56.21 14.05 0 14.05 0 0 0 0 0 0 0 0 0 0 0
1 435.1 208.5 108.8 54.39 36.26 45.33 9.065 0 9.065 0 0 0 0 0 0 0 0 0 0 0
1 161.3 161.3 127.9 66.74 16.69 5.562 0 0 11.12 0 0 0 0 5.562 0 0 0 0 0 0
1 340.2 309.3 144.3 103.1 92.78 10.31 10.31 20.62 0 0 0 0 0 0 0 0 0 0 0 0
1 218.2 190.9 150 61.37 34.09 0 13.64 6.819 6.819 0 0 0 0 0 0 0 0 0 0 0
1 228.1 135.6 117.1 36.99 12.33 30.83 18.5 24.66 6.166 6.166 0 0 0 0 0 0 0 0 0 0
1 151.5 206 84.84 48.48 42.42 42.42 12.12 6.06 6.06 6.06 0 0 0 0 0 0 0 0 0 0
1 280.8 351 230.7 50.14 40.12 30.09 20.06 0 0 0 0 0 0 0 0 0 0 0 0 0
1 234.1 167.2 140.4 66.88 33.44 6.688 6.688 6.688 0 6.688 0 0 0 0 0 0 0 0 0 0
1 294.2 243.8 151.3 84.06 33.63 16.81 16.81 0 0 0 0 0 0 0 0 0 0 0 0 0
1 244.1 179.9 83.51 44.97 44.97 19.27 6.424 12.85 0 0 6.424 0 0 0 0 0 0 0 0 0
1 306.7 186.7 60 53.33 33.33 6.666 20 0 0 0 0 0 0 0 0 0 0 0 0 0
1 220.8 207.8 110.4 58.44 38.96 0 0 6.493 0 0 0 0 6.493 0 0 0 0 0 0 0
1 278.1 262.7 77.25 84.98 23.18 15.45 15.45 7.725 7.725 0 0 0 0 0 0 0 0 0 0 0
1 310.9 169.6 134.3 28.26 28.26 14.13 14.13 7.066 0 0 0 0 0 0 0 0 0 0 0 0
1 158.7 127 68.02 40.81 36.28 9.069 9.069 4.534 0 0 0 0 0 0 0 0 0 0 0 0
1 241.5 102.8 77.07 35.96 35.96 5.138 0 5.138 5.138 5.138 0 0 0 0 0 0 0 0 0 0
1 205.9 132.8 139.5 79.69 26.56 39.84 26.56 0 0 0 0 0 6.641 0 6.641 0 0 0 0 0
1 228.4 174.3 66.12 54.1 66.12 6.011 0 6.011 0 0 0 0 0 0 0 0 0 0 0 0
1 330.8 152.7 152.7 84.82 59.37 16.96 25.44 16.96 8.482 0 0 0 0 0 0 0 0 0 0 0
1 215.3 234.9 104.4 65.25 19.57 6.525 0 6.525 0 0 0 0 0 0 0 0 0 0 0 0
1 241.4 110.6 45.26 35.2 40.23 10.06 5.029 5.029 5.029 0 5.029 0 0 0 0 0 0 0 0 0
1 244.9 126.2 193 81.64 37.11 14.84 29.69 0 7.422 0 0 7.422 0 0 0 0 0 0 0 0
1 199.2 185 92.49 71.15 85.38 49.8 14.23 14.23 0 0 0 0 0 0 0 0 0 0 0 0
1 147.6 169.5 98.42 54.68 27.34 27.34 10.94 5.468 0 5.468 0 0 0 0 0 0 0 0 0 0
1 213.9 109.7 60.32 76.77 21.94 27.42 10.97 10.97 5.484 0 0 5.484 5.484 0 0 0 0 0 0 0
1 231.9 154.6 109.5 70.87 19.33 12.89 25.77 19.33 0 0 0 0 0 0 0 0 0 0 0 0
1 225 178.6 105.9 86.01 39.7 13.23 0 0 6.616 6.616 0 0 0 0 0 0 0 0 0 0
1 214.9 156.8 87.14 34.85 46.47 23.24 5.809 5.809 5.809 0 0 0 0 0 0 0 0 0 0 0
1 206.7 184.9 65.27 48.96 16.32 16.32 0 0 0 0 5.439 0 0 0 0 0 0 0 0 0
1 155.5 144 103.7 103.7 23.04 17.28 28.8 0 0 0 0 0 0 0 0 0 0 0 0 0
1 192.9 130.2 82 38.59 24.12 4.823 4.823 4.823 0 0 0 0 0 0 0 0 0 0 0 0
