Originally  
101 
A 
42	100	
1	1	NA	NA	
1	20	
1 0.08115 0.2435 0.7033 0.3517 0.3517 0.4328 0.2164 0.0541 0.1353 0.02705 0.02705 0.02705 0.02705 0 0.02705 0 0 0 0 0
1 0.1345 0.6052 0.5043 0.7397 0.4371 0.269 0.2017 0.06725 0.06725 0.03362 0.03362 0 0.1009 0.06725 0 0.1009 0 0 0 0
1 0 0.2886 0.5532 0.6494 0.2405 0.1924 0.2165 0.0481 0.07215 0.02405 0.0481 0 0 0.02405 0.02405 0 0 0.02405 0 0
1 0.06969 0.3717 0.5576 0.4646 0.3252 0.2091 0.1394 0.09293 0.02323 0.02323 0.02323 0 0 0.02323 0 0 0 0 0 0
1 0.07022 0.4915 0.7724 0.7373 0.3511 0.316 0.2107 0.1755 0.1755 0.07022 0.07022 0.07022 0 0 0 0 0 0 0 0
1 0.03465 0.2945 0.4158 0.2079 0.2079 0.2252 0.08662 0.0693 0.05197 0.03465 0.05197 0.01732 0.01732 0 0.01732 0 0 0 0 0
1 0.01969 0.2362 0.4528 0.3937 0.2362 0.2362 0.1378 0.07874 0.05906 0.01969 0.05906 0.01969 0 0 0.01969 0 0 0 0 0
1 0.07634 0.5344 0.3817 0.458 0.4326 0.1527 0.1781 0.1272 0.1018 0.02545 0.05089 0.02545 0 0 0 0 0 0 0 0
1 0.0501 0.4008 0.6513 0.4008 0.2505 0.2255 0.2255 0.1002 0.07515 0.07515 0.02505 0 0 0 0 0.02505 0 0 0 0
1 0 0.2844 0.4265 0.6094 0.2234 0.2031 0.04062 0.06094 0.06094 0.02031 0.02031 0.04062 0 0 0.02031 0 0 0.02031 0 0
1 0.06341 0.4227 0.4861 0.3804 0.2325 0.06341 0.08454 0.1057 0.02114 0.08454 0.02114 0.08454 0.04227 0.02114 0 0 0 0 0 0
1 0.03879 0.4073 0.6595 0.2522 0.1552 0.09699 0.07759 0.09699 0.05819 0.05819 0 0.0194 0 0 0.0194 0 0 0 0 0
1 0 0.2485 0.2733 0.2361 0.1615 0.08697 0.08697 0.0497 0.02485 0.03727 0 0.01242 0.01242 0 0 0 0.01242 0 0 0
1 0 0.2523 0.6307 0.3965 0.1081 0.1982 0.05406 0.07208 0.01802 0.01802 0 0 0.03604 0 0 0.01802 0 0 0 0
1 0 0.1975 0.5218 0.2257 0.2116 0.1128 0.02821 0.04231 0.0141 0.0141 0.0141 0.0141 0 0 0 0 0 0 0 0.0141
1 0.04093 0.2183 0.4093 0.3002 0.09551 0.1364 0.05458 0.05458 0.02729 0 0 0 0 0.02729 0 0 0 0 0 0
1 0.01375 0.1788 0.3713 0.2613 0.22 0.1375 0.11 0.0275 0.0275 0.01375 0 0 0.01375 0 0 0 0 0 0 0
1 0.02823 0.2118 0.3247 0.3529 0.1694 0.0847 0.1129 0.04235 0.04235 0.01412 0.01412 0 0.01412 0 0 0 0 0 0 0
1 0.05681 0.25 0.3295 0.1818 0.07953 0.125 0.02272 0.01136 0.03408 0 0.01136 0 0.01136 0.01136 0 0 0 0 0 0.01136
1 0.03772 0.1634 0.3143 0.2389 0.2263 0.1257 0.03772 0.03772 0.01257 0.03772 0.01257 0 0 0 0 0 0.01257 0 0 0
1 0.02182 0.3491 0.3491 0.1745 0.04363 0.03272 0.03272 0.02182 0.05454 0 0 0 0.01091 0 0 0 0 0 0 0
1 0.06285 0.2011 0.2891 0.2766 0.1634 0.1257 0.02514 0.02514 0 0.05028 0.01257 0.01257 0 0.01257 0 0 0 0 0 0
1 0.03009 0.2106 0.3009 0.1705 0.09026 0.1203 0.04012 0.02006 0.01003 0 0.01003 0 0 0 0 0 0 0 0 0
1 0.03643 0.1913 0.2824 0.1822 0.08198 0.04554 0.03643 0.01822 0.02733 0 0.009108 0 0 0 0 0 0 0 0 0
1 0.02632 0.1184 0.2172 0.1184 0.07896 0.03948 0.0329 0.01316 0 0 0.01316 0 0 0 0 0 0 0 0 0
1 0.04521 0.1628 0.2894 0.217 0.07234 0.07234 0 0.02713 0.009043 0 0 0 0.009043 0 0 0 0 0 0 0
1 0.03891 0.2464 0.428 0.2594 0.1686 0.06485 0.05188 0.01297 0.01297 0.01297 0 0 0 0 0 0 0 0 0 0
1 0.05294 0.1257 0.2051 0.1191 0.09925 0.006617 0.01323 0.01323 0.01985 0 0 0.006617 0 0 0 0 0 0 0 0
1 0.07666 0.1686 0.2683 0.1533 0.05366 0.007666 0.01533 0.007666 0 0.007666 0.007666 0 0 0 0 0 0 0 0 0
1 0.0393 0.167 0.3046 0.226 0.0786 0.09825 0.02947 0.01965 0 0.009825 0 0 0.009825 0 0 0 0 0 0 0
1 0.03585 0.1344 0.233 0.2689 0.1075 0.06273 0.02689 0.02689 0 0 0 0 0 0 0 0 0 0 0 0
1 0.01631 0.1957 0.2202 0.1957 0.0734 0.0734 0.01631 0.008155 0.008155 0.008155 0 0 0 0 0 0 0 0 0 0
1 0.04032 0.1532 0.2983 0.1693 0.05644 0.04032 0.01613 0.01613 0.01613 0 0 0 0 0 0 0 0 0 0 0
1 0.01728 0.1469 0.2678 0.2246 0.1209 0.03455 0.03455 0.008639 0 0 0 0.008639 0 0 0 0 0 0 0 0
1 0.0406 0.1624 0.2233 0.1353 0.08796 0.006766 0.01353 0.006766 0 0 0 0 0 0 0 0 0 0 0 0
1 0 0.1631 0.2817 0.1631 0.07412 0.01482 0.03706 0 0.007412 0 0 0 0 0 0 0 0 0 0 0
1 0.0425 0.187 0.2125 0.1955 0.08499 0.06799 0.05099 0.008499 0 0 0 0 0 0 0 0 0 0 0 0
1 0.04117 0.1059 0.2176 0.1176 0.07058 0.01176 0.005882 0.005882 0 0.01176 0 0 0 0 0 0 0 0 0 0
1 0.02019 0.1312 0.2624 0.2927 0.1514 0.08074 0.02019 0.02019 0 0 0.01009 0 0 0.01009 0 0 0 0 0.01009 0
1 0.04097 0.1885 0.2458 0.1393 0.07375 0.07375 0.04097 0.01639 0 0 0 0 0 0 0 0 0 0 0 0
1 0.009071 0.1996 0.3266 0.1089 0.08164 0.08164 0.04536 0.009071 0.01814 0.009071 0.009071 0 0.009071 0 0 0 0 0 0 0
1 0.03854 0.1387 0.2389 0.2158 0.06166 0.02312 0.02312 0.007707 0.007707 0 0.007707 0 0 0.007707 0 0 0 0 0 0
1 0.009033 0.1626 0.3432 0.1897 0.07226 0.0542 0.04516 0.009033 0.009033 0 0 0 0.009033 0 0 0 0 0 0 0
1 0 0.1388 0.2013 0.1736 0.09025 0.05554 0 0.01388 0.01388 0 0.006942 0 0 0 0 0 0 0 0 0
1 0.02672 0.1336 0.2137 0.1469 0.05343 0.06011 0.01336 0.006679 0.01336 0 0 0 0 0 0 0 0 0 0 0
1 0.03655 0.2284 0.3015 0.1188 0.1005 0.04569 0.02741 0.04569 0 0.009137 0 0 0 0 0 0 0 0 0 0
1 0.007483 0.202 0.1871 0.1272 0.09727 0.02993 0.03741 0.0449 0 0.007483 0 0.007483 0 0 0 0 0 0 0 0
1 0.009531 0.2287 0.2669 0.2287 0.09531 0.05719 0.05719 0 0 0.009531 0 0 0 0 0 0 0 0 0 0
1 0.01713 0.1799 0.2228 0.197 0.1114 0.01713 0.0514 0.03427 0.008567 0.008567 0.008567 0 0 0 0 0 0 0 0 0
1 0.06198 0.1317 0.2324 0.1395 0.06973 0.06198 0.03874 0.02324 0 0 0.007747 0.007747 0 0 0 0 0 0 0 0
1 0 0.1511 0.2942 0.1749 0.0954 0.0636 0.00795 0.00795 0 0 0 0 0 0 0 0 0 0 0 0
1 0.08665 0.1841 0.3357 0.2274 0.13 0.07581 0.02166 0.02166 0 0 0 0 0 0 0 0 0 0 0 0
1 0.0323 0.2261 0.3015 0.1938 0.14 0.0646 0.0646 0.02153 0.0323 0 0 0 0 0 0 0 0 0 0 0
1 0.0429 0.3289 0.4576 0.2717 0.1144 0.1001 0.0429 0.0572 0.0143 0 0 0 0 0 0 0 0 0 0 0
1 0.0166 0.1494 0.2822 0.1411 0.1162 0.06641 0.008301 0.0166 0.008301 0 0.008301 0.008301 0.008301 0 0 0 0 0 0 0
1 0.08292 0.2132 0.3791 0.2014 0.1303 0.09476 0.03554 0.02369 0.02369 0 0 0 0 0 0 0 0 0 0 0
1 0.07036 0.2533 0.394 0.2674 0.1266 0.1126 0.07036 0.0985 0 0 0 0.01407 0 0 0 0 0 0 0 0
1 0.04746 0.2689 0.4588 0.3955 0.1424 0.1107 0.06328 0.04746 0.04746 0 0 0 0 0 0 0 0 0 0 0
1 0.01178 0.1296 0.3888 0.3299 0.106 0.1178 0.04713 0.02356 0.01178 0 0.01178 0 0 0 0 0 0 0 0 0
