 landings-at-age - landings.n (units : NA )
1	2	
42	100	
1	20	
1 
0.004415 0.04156 0.3175 0.1037 0.114 0.06217 0.03988 0.02342 0.01453 0.01095 0.009412 0.006125 0.00653 0.003383 0.003183 0.001472 0.0007984 0.0003621 0.0008126 0.001156
0.005361 0.04958 0.1166 0.2647 0.07268 0.07993 0.04359 0.02796 0.01642 0.01019 0.007678 0.006599 0.004294 0.004579 0.002372 0.002231 0.001032 0.0005598 0.0002539 0.00138
0.06367 0.9458 2.176 1.519 2.9 0.7962 0.8757 0.4775 0.3063 0.1799 0.1116 0.08412 0.0723 0.04705 0.05016 0.02599 0.02445 0.01131 0.006133 0.0179
0.09454 1.38 5.071 3.443 2.019 3.854 1.058 1.164 0.6345 0.407 0.239 0.1483 0.1118 0.09606 0.06251 0.06665 0.03453 0.03248 0.01503 0.03194
0.2092 1.568 5.628 6.065 3.454 2.025 3.865 1.061 1.167 0.6364 0.4083 0.2398 0.1487 0.1121 0.09635 0.0627 0.06685 0.03463 0.03258 0.04711
0.2698 3.096 5.671 5.935 5.358 3.051 1.789 3.415 0.9374 1.031 0.5622 0.3607 0.2118 0.1314 0.09904 0.08512 0.05539 0.05906 0.0306 0.0704
0.2742 3.745 10.44 5.544 4.854 4.382 2.495 1.463 2.793 0.7667 0.8433 0.4598 0.295 0.1732 0.1075 0.081 0.06962 0.04531 0.0483 0.0826
0.284 3.653 12.05 9.681 4.294 3.76 3.394 1.933 1.133 2.163 0.5939 0.6532 0.3562 0.2285 0.1342 0.08324 0.06274 0.05392 0.03509 0.1014
0.3673 3.674 11.35 10.72 7.188 3.188 2.792 2.52 1.435 0.8415 1.606 0.441 0.485 0.2645 0.1697 0.09963 0.0618 0.04659 0.04004 0.1013
1.082 4.649 11.11 9.766 7.689 5.154 2.286 2.002 1.807 1.029 0.6034 1.152 0.3162 0.3477 0.1896 0.1216 0.07144 0.04431 0.0334 0.1014
0.6025 13.46 13.74 9.285 6.794 5.349 3.586 1.59 1.393 1.257 0.7159 0.4198 0.8012 0.22 0.2419 0.1319 0.08463 0.0497 0.03083 0.09376
0.8113 7.396 39.02 11.19 6.288 4.601 3.623 2.428 1.077 0.9431 0.8513 0.4848 0.2843 0.5426 0.149 0.1638 0.08934 0.05731 0.03366 0.08437
1.059 9.845 21.07 31.05 7.395 4.154 3.04 2.393 1.604 0.7116 0.6231 0.5625 0.3203 0.1878 0.3585 0.09842 0.1082 0.05903 0.03787 0.07798
0.6513 12.73 27.61 16.41 20.05 4.775 2.683 1.963 1.546 1.036 0.4595 0.4024 0.3632 0.2068 0.1213 0.2315 0.06355 0.0699 0.03812 0.07481
0.9097 7.762 35.19 21.07 10.37 12.67 3.018 1.695 1.241 0.9767 0.6547 0.2904 0.2543 0.2295 0.1307 0.07664 0.1463 0.04016 0.04417 0.07136
0.759 10.76 21.18 26.34 13.04 6.418 7.844 1.868 1.049 0.768 0.6047 0.4053 0.1798 0.1574 0.1421 0.08092 0.04745 0.09057 0.02486 0.07153
0.5194 8.918 29 15.56 15.99 7.917 3.896 4.761 1.134 0.637 0.4661 0.367 0.246 0.1091 0.09554 0.08624 0.04911 0.0288 0.05497 0.0585
0.7414 6.067 23.75 20.93 9.266 9.521 4.714 2.32 2.835 0.6751 0.3793 0.2775 0.2185 0.1465 0.06497 0.05689 0.05135 0.02924 0.01715 0.06757
0.7325 8.614 15.98 16.85 12.24 5.416 5.565 2.755 1.356 1.657 0.3946 0.2217 0.1622 0.1277 0.08561 0.03797 0.03325 0.03001 0.01709 0.04951
1.264 8.467 22.45 11.15 9.674 7.023 3.108 3.194 1.581 0.7781 0.951 0.2265 0.1272 0.0931 0.0733 0.04914 0.0218 0.01908 0.01723 0.03823
0.8884 14.54 21.84 15.41 6.287 5.454 3.96 1.753 1.801 0.8916 0.4387 0.5362 0.1277 0.07174 0.0525 0.04133 0.0277 0.01229 0.01076 0.03127
0.9439 9.685 35.48 14.11 8.164 3.332 2.89 2.098 0.9288 0.9543 0.4725 0.2325 0.2841 0.06767 0.03802 0.02782 0.0219 0.01468 0.006512 0.02227
0.8392 10.29 23.63 22.92 7.475 4.326 1.766 1.532 1.112 0.4922 0.5057 0.2504 0.1232 0.1506 0.03586 0.02015 0.01474 0.01161 0.007781 0.01525
0.6888 9.149 25.11 15.26 12.15 3.962 2.293 0.9357 0.8117 0.5893 0.2608 0.268 0.1327 0.06529 0.0798 0.01901 0.01068 0.007813 0.006151 0.01221
0.574 7.509 22.32 16.22 8.089 6.436 2.099 1.215 0.4958 0.4302 0.3123 0.1382 0.142 0.07032 0.0346 0.04229 0.01007 0.005658 0.00414 0.009729
1.06 6.258 18.32 14.42 8.594 4.287 3.411 1.113 0.6439 0.2628 0.228 0.1655 0.07325 0.07527 0.03726 0.01834 0.02241 0.005337 0.002998 0.00735
0.8583 11.55 15.27 11.83 7.641 4.554 2.272 1.808 0.5896 0.3412 0.1393 0.1208 0.0877 0.03882 0.03989 0.01975 0.009718 0.01188 0.002828 0.005484
1.275 9.357 28.19 9.863 6.271 4.049 2.414 1.204 0.9579 0.3124 0.1808 0.07379 0.06402 0.04648 0.02057 0.02114 0.01047 0.00515 0.006294 0.004405
0.8398 13.9 22.83 18.21 5.227 3.323 2.146 1.279 0.638 0.5076 0.1656 0.09583 0.03911 0.03393 0.02463 0.0109 0.0112 0.005546 0.002729 0.00567
0.8541 9.155 33.91 14.75 9.65 2.77 1.761 1.137 0.6778 0.3381 0.269 0.08774 0.05078 0.02072 0.01798 0.01305 0.005778 0.005936 0.002939 0.004451
0.7845 9.312 22.34 21.9 7.815 5.114 1.468 0.9334 0.6026 0.3592 0.1792 0.1426 0.0465 0.02691 0.01098 0.009528 0.006917 0.003062 0.003146 0.003916
0.6476 8.553 22.72 14.43 11.61 4.141 2.71 0.7779 0.4946 0.3193 0.1904 0.09494 0.07555 0.02464 0.01426 0.00582 0.005049 0.003666 0.001623 0.003743
0.7972 7.06 20.87 14.68 7.646 6.151 2.195 1.436 0.4122 0.2621 0.1692 0.1009 0.05031 0.04004 0.01306 0.007558 0.003084 0.002676 0.001943 0.002843
1.809 8.691 17.23 13.48 7.777 4.052 3.259 1.163 0.7611 0.2184 0.1389 0.08968 0.05346 0.02666 0.02122 0.00692 0.004005 0.001635 0.001418 0.002536
1.186 19.72 21.21 11.13 7.143 4.121 2.147 1.727 0.6163 0.4033 0.1158 0.07361 0.04753 0.02833 0.01413 0.01124 0.003667 0.002123 0.0008662 0.002096
1.138 12.93 48.11 13.7 5.896 3.785 2.184 1.138 0.9154 0.3266 0.2137 0.06135 0.03901 0.02519 0.01501 0.007488 0.005958 0.001943 0.001125 0.00157
0.5343 12.41 31.54 31.08 7.258 3.125 2.006 1.157 0.603 0.4851 0.1731 0.1133 0.03251 0.02067 0.01335 0.007956 0.003968 0.003158 0.00103 0.001428
0.6451 5.825 30.28 20.37 16.47 3.847 1.656 1.063 0.6134 0.3196 0.2571 0.09173 0.06003 0.01723 0.01096 0.007073 0.004216 0.002103 0.001673 0.001303
0.9882 7.033 14.21 19.56 10.8 8.728 2.038 0.8775 0.5634 0.325 0.1694 0.1362 0.04861 0.03181 0.00913 0.005806 0.003748 0.002234 0.001114 0.001577
0.9612 10.77 17.16 9.181 10.36 5.722 4.625 1.08 0.465 0.2985 0.1723 0.08975 0.07219 0.02576 0.01686 0.004838 0.003077 0.001986 0.001184 0.001426
0.6898 10.23 25.71 10.85 4.761 5.375 2.967 2.398 0.5602 0.2412 0.1548 0.08933 0.04654 0.03744 0.01336 0.008742 0.002509 0.001596 0.00103 0.001354
0.6968 7.342 24.48 16.34 5.66 2.484 2.805 1.548 1.252 0.2923 0.1258 0.08079 0.04661 0.02429 0.01954 0.006971 0.004562 0.001309 0.0008326 0.001244
1.139 7.417 17.62 15.65 8.581 2.972 1.304 1.473 0.813 0.6572 0.1535 0.06608 0.04242 0.02448 0.01275 0.01026 0.00366 0.002395 0.0006875 0.00109
0.4664 12.12 17.85 11.32 8.268 4.534 1.57 0.6892 0.7781 0.4295 0.3472 0.0811 0.03491 0.02241 0.01293 0.006738 0.00542 0.001934 0.001266 0.0009393
0.5761 4.964 29.24 11.53 6.019 4.395 2.41 0.8346 0.3664 0.4136 0.2283 0.1846 0.04311 0.01856 0.01191 0.006874 0.003582 0.002881 0.001028 0.001172
0.2959 6.132 12.01 19 6.168 3.219 2.351 1.289 0.4464 0.1959 0.2212 0.1221 0.09871 0.02306 0.009925 0.006372 0.003676 0.001916 0.001541 0.001177
0.7396 3.15 14.87 7.846 10.22 3.319 1.732 1.265 0.6935 0.2402 0.1054 0.119 0.06571 0.05312 0.01241 0.005341 0.003429 0.001978 0.001031 0.001462
0.8673 7.87 7.657 9.768 4.247 5.534 1.797 0.9377 0.6846 0.3754 0.13 0.05707 0.06443 0.03557 0.02875 0.006715 0.002891 0.001856 0.001071 0.001349
0.7817 9.227 19.18 5.057 5.319 2.313 3.014 0.9784 0.5106 0.3728 0.2044 0.0708 0.03108 0.03509 0.01937 0.01566 0.003657 0.001574 0.001011 0.001318
0.594 8.315 22.54 12.73 2.77 2.913 1.267 1.651 0.5359 0.2797 0.2042 0.112 0.03878 0.01702 0.01922 0.01061 0.008576 0.002003 0.0008623 0.001276
0.49 6.315 20.36 15.04 7.016 1.526 1.605 0.6979 0.9095 0.2953 0.1541 0.1125 0.0617 0.02137 0.009379 0.01059 0.005845 0.004725 0.001104 0.001178
0.8363 5.208 15.5 13.66 8.337 3.888 0.8457 0.8895 0.3868 0.504 0.1636 0.08539 0.06235 0.03419 0.01184 0.005197 0.005868 0.003239 0.002618 0.001264
0.6169 8.885 12.81 10.45 7.612 4.646 2.167 0.4713 0.4957 0.2155 0.2809 0.09118 0.04759 0.03475 0.01905 0.006598 0.002896 0.00327 0.001805 0.002164
0.5314 6.55 21.9 8.681 5.857 4.266 2.604 1.214 0.2641 0.2778 0.1208 0.1574 0.0511 0.02667 0.01947 0.01068 0.003698 0.001623 0.001833 0.002224
0.637 5.639 16.18 14.91 4.892 3.3 2.404 1.467 0.6842 0.1488 0.1565 0.06806 0.0887 0.02879 0.01503 0.01097 0.006016 0.002084 0.0009146 0.002286
0.4627 6.754 13.96 11.07 8.449 2.771 1.87 1.362 0.8312 0.3876 0.08432 0.08868 0.03856 0.05025 0.01631 0.008513 0.006216 0.003409 0.00118 0.001813
0.4162 4.902 16.75 9.593 6.304 4.812 1.578 1.065 0.7756 0.4734 0.2208 0.04802 0.05051 0.02196 0.02862 0.00929 0.004849 0.00354 0.001941 0.001705
0.8531 4.405 12.17 11.56 5.491 3.609 2.755 0.9035 0.6096 0.444 0.271 0.1264 0.02749 0.02891 0.01257 0.01638 0.005318 0.002776 0.002027 0.002087
0.4501 9.017 10.96 8.442 6.652 3.159 2.076 1.585 0.5198 0.3507 0.2554 0.1559 0.0727 0.01581 0.01663 0.007232 0.009424 0.003059 0.001597 0.002367
