 landings-at-age - landings.n (units : NA )
1	2	
42	100	
1	20	
1 
1.082 11.04 30.23 21.49 13.86 9.939 7.454 5 3.662 2.456 1.638 1.155 0.8434 0.5849 0.3783 0.2556 0.1857 0.1238 0.0891 0.1918
1.141 13.21 30.31 22.22 13 8.38 6.01 4.507 3.024 2.214 1.485 0.9903 0.6984 0.51 0.3537 0.2288 0.1546 0.1123 0.07486 0.1698
0.9825 11.28 29.46 17.94 10.79 6.314 4.071 2.92 2.19 1.469 1.076 0.7216 0.4811 0.3393 0.2478 0.1718 0.1111 0.07509 0.05456 0.1189
0.958 10.49 27.31 19.13 9.585 5.766 3.373 2.175 1.56 1.17 0.7847 0.5747 0.3855 0.257 0.1813 0.1324 0.09179 0.05937 0.04012 0.09266
0.9748 10.88 26.98 18.85 10.87 5.445 3.276 1.916 1.236 0.8861 0.6646 0.4458 0.3265 0.219 0.146 0.103 0.0752 0.05214 0.03373 0.07543
0.9655 10.62 26.81 17.79 10.22 5.892 2.952 1.776 1.039 0.6699 0.4804 0.3603 0.2417 0.177 0.1187 0.07916 0.05583 0.04077 0.02827 0.05918
1.048 11 27.27 18.41 10.05 5.772 3.328 1.667 1.003 0.5868 0.3784 0.2714 0.2035 0.1365 0.09998 0.06707 0.04471 0.03153 0.02303 0.0494
0.8995 10.43 24.81 16.42 9.112 4.971 2.856 1.647 0.8252 0.4964 0.2904 0.1872 0.1343 0.1007 0.06756 0.04947 0.03319 0.02213 0.0156 0.03584
1.032 11.28 29.43 18.79 10.24 5.683 3.101 1.782 1.027 0.5146 0.3096 0.1811 0.1168 0.08376 0.06281 0.04214 0.03086 0.0207 0.0138 0.03209
1.025 10.77 26.47 18.33 9.608 5.237 2.906 1.585 0.9109 0.5252 0.2631 0.1583 0.09261 0.05971 0.04283 0.03212 0.02155 0.01578 0.01058 0.02346
1.008 11.56 27.31 17.87 10.17 5.331 2.906 1.612 0.8796 0.5054 0.2914 0.146 0.08784 0.05138 0.03313 0.02376 0.01782 0.01195 0.008754 0.01889
1.039 10.49 27.12 17.03 9.147 5.205 2.728 1.487 0.825 0.4502 0.2587 0.1491 0.07472 0.04495 0.02629 0.01695 0.01216 0.00912 0.006118 0.01415
0.9731 10.97 25.05 17.29 8.925 4.795 2.729 1.43 0.7795 0.4325 0.236 0.1356 0.07817 0.03917 0.02356 0.01378 0.008888 0.006374 0.004781 0.01062
1.027 10.95 27.9 17.06 9.686 4.999 2.686 1.528 0.801 0.4366 0.2422 0.1322 0.07594 0.04378 0.02194 0.0132 0.00772 0.004978 0.00357 0.008628
1.108 11.49 27.59 18.76 9.427 5.354 2.763 1.484 0.8447 0.4427 0.2413 0.1339 0.07305 0.04197 0.0242 0.01213 0.007295 0.004267 0.002751 0.006742
1.081 11.23 26.35 16.88 9.433 4.74 2.692 1.389 0.7464 0.4247 0.2226 0.1213 0.06732 0.03673 0.02111 0.01217 0.006097 0.003668 0.002146 0.004774
1.242 13.31 31.08 19.54 10.3 5.758 2.893 1.643 0.848 0.4556 0.2593 0.1359 0.07407 0.04109 0.02242 0.01288 0.007427 0.003721 0.002239 0.004223
1.119 12.43 30.04 18.63 9.612 5.069 2.832 1.423 0.8082 0.4171 0.2241 0.1275 0.06684 0.03643 0.02021 0.01103 0.006337 0.003653 0.001831 0.003179
1.167 12.07 30.35 19.64 10.01 5.168 2.725 1.523 0.7652 0.4345 0.2243 0.1205 0.06856 0.03593 0.01959 0.01087 0.005929 0.003407 0.001964 0.002693
1.309 14.1 32.75 22.04 11.74 5.985 3.088 1.629 0.9099 0.4572 0.2597 0.134 0.072 0.04097 0.02147 0.0117 0.006494 0.003543 0.002036 0.002783
1.358 14.16 34.2 21.07 11.64 6.196 3.159 1.63 0.8597 0.4804 0.2414 0.1371 0.07074 0.03801 0.02163 0.01134 0.006179 0.003428 0.001871 0.002544
1.325 15.01 35.07 22.48 11.37 6.278 3.343 1.704 0.8795 0.4638 0.2591 0.1302 0.07395 0.03817 0.02051 0.01167 0.006116 0.003334 0.00185 0.002382
1.2 13.11 33.53 20.79 10.93 5.529 3.054 1.626 0.8291 0.4278 0.2256 0.1261 0.06335 0.03597 0.01857 0.009975 0.005676 0.002975 0.001622 0.002058
1.189 13.5 33.3 22.8 11.63 6.115 3.092 1.708 0.9094 0.4637 0.2393 0.1262 0.07051 0.03543 0.02012 0.01038 0.005579 0.003175 0.001664 0.002058
1.13 12.87 33.01 21.75 12.24 6.241 3.282 1.66 0.9167 0.4881 0.2489 0.1284 0.06773 0.03784 0.01902 0.0108 0.005573 0.002994 0.001704 0.001998
1.155 12.48 32.06 21.97 11.9 6.698 3.416 1.796 0.9083 0.5017 0.2671 0.1362 0.07029 0.03707 0.02071 0.01041 0.005911 0.00305 0.001639 0.002026
1.112 11.87 29.05 19.95 11.24 6.087 3.425 1.747 0.9187 0.4645 0.2566 0.1366 0.06967 0.03595 0.01896 0.01059 0.005323 0.003023 0.00156 0.001874
1.275 13.64 32.75 21.5 12.15 6.847 3.709 2.087 1.064 0.5598 0.283 0.1563 0.08324 0.04245 0.0219 0.01155 0.006454 0.003243 0.001842 0.002092
1.262 13.18 31.75 20.25 10.92 6.171 3.476 1.883 1.06 0.5404 0.2842 0.1437 0.07938 0.04226 0.02155 0.01112 0.005864 0.003277 0.001647 0.001997
1.11 12.81 30.34 19.55 10.25 5.525 3.123 1.76 0.9531 0.5363 0.2735 0.1439 0.07274 0.04018 0.02139 0.01091 0.005629 0.002968 0.001659 0.001844
1.181 13.01 33.99 21.63 11.48 6.019 3.244 1.834 1.033 0.5596 0.3149 0.1606 0.08446 0.04271 0.02359 0.01256 0.006405 0.003305 0.001743 0.002057
1.2 12.77 31.79 22.19 11.61 6.16 3.23 1.741 0.9843 0.5545 0.3003 0.169 0.0862 0.04533 0.02292 0.01266 0.006741 0.003437 0.001774 0.002039
1.296 13.78 33.03 21.97 12.61 6.598 3.501 1.836 0.9894 0.5594 0.3151 0.1707 0.09605 0.04899 0.02576 0.01303 0.007195 0.003831 0.001954 0.002167
1.229 13.56 32.51 20.75 11.33 6.506 3.405 1.806 0.9472 0.5105 0.2886 0.1626 0.08807 0.04956 0.02528 0.01329 0.006721 0.003713 0.001977 0.002126
1.165 12.79 31.98 20.52 10.77 5.881 3.376 1.766 0.9372 0.4915 0.2649 0.1498 0.08436 0.04569 0.02572 0.01312 0.006897 0.003487 0.001926 0.002129
1.174 13.01 32.35 21.74 11.48 6.024 3.291 1.889 0.9884 0.5244 0.275 0.1482 0.08379 0.0472 0.02557 0.01439 0.007338 0.003859 0.001951 0.002269
1.206 14.02 34.96 23.27 12.86 6.792 3.564 1.947 1.118 0.5848 0.3103 0.1627 0.0877 0.04958 0.02793 0.01513 0.008514 0.004342 0.002283 0.002497
1.143 12.07 31.68 21.01 11.48 6.348 3.352 1.759 0.9609 0.5515 0.2886 0.1531 0.0803 0.04328 0.02447 0.01378 0.007466 0.004202 0.002143 0.002359
1.216 13.01 31.01 21.81 11.9 6.504 3.596 1.899 0.9963 0.5443 0.3124 0.1635 0.08674 0.04548 0.02451 0.01386 0.007807 0.004229 0.00238 0.00255
1.249 14.16 34.02 21.62 12.5 6.821 3.728 2.061 1.088 0.571 0.3119 0.179 0.0937 0.04971 0.02607 0.01405 0.007943 0.004475 0.002424 0.002826
1.162 12.3 31.49 20.08 10.47 6.056 3.304 1.806 0.9983 0.5271 0.2766 0.1511 0.08673 0.04539 0.02408 0.01263 0.006806 0.003848 0.002168 0.002543
1.181 13.14 31.4 21.54 11.3 5.894 3.408 1.86 1.016 0.5619 0.2967 0.1557 0.08504 0.04881 0.02554 0.01355 0.007107 0.003831 0.002166 0.002651
1.19 12.67 31.86 20.34 11.47 6.02 3.139 1.815 0.9904 0.5412 0.2992 0.158 0.08291 0.04529 0.026 0.0136 0.007218 0.003785 0.00204 0.002565
1.257 13.32 32.01 21.53 11.3 6.376 3.345 1.745 1.009 0.5504 0.3008 0.1663 0.08781 0.04608 0.02517 0.01445 0.007561 0.004011 0.002104 0.002559
1.307 12.86 30.89 19.84 10.97 5.759 3.248 1.704 0.8887 0.5139 0.2804 0.1532 0.08472 0.04473 0.02347 0.01282 0.00736 0.003852 0.002044 0.002376
1.414 14.69 32.76 21.14 11.18 6.179 3.244 1.83 0.9601 0.5006 0.2895 0.158 0.08632 0.04772 0.0252 0.01322 0.007224 0.004146 0.00217 0.002489
1.53 16.39 38.39 22.92 12.17 6.435 3.557 1.868 1.053 0.5527 0.2882 0.1667 0.09094 0.0497 0.02748 0.01451 0.007613 0.004159 0.002387 0.002682
1.585 17.03 41.01 25.57 12.54 6.66 3.521 1.947 1.022 0.5765 0.3024 0.1577 0.0912 0.04976 0.02719 0.01503 0.007939 0.004166 0.002276 0.002774
1.646 17.48 42.16 26.98 13.81 6.776 3.598 1.902 1.052 0.5521 0.3114 0.1634 0.0852 0.04927 0.02688 0.01469 0.008122 0.004288 0.00225 0.002728
1.525 16.08 38.63 24.78 13.02 6.665 3.27 1.736 0.9178 0.5073 0.2664 0.1503 0.07883 0.04111 0.02377 0.01297 0.007088 0.003919 0.002069 0.002402
1.719 18.74 44.44 28.63 15.11 7.939 4.065 1.994 1.059 0.5598 0.3094 0.1625 0.09164 0.04808 0.02507 0.0145 0.007911 0.004323 0.00239 0.002727
1.495 18.23 44.67 28.12 14.87 7.85 4.124 2.112 1.036 0.55 0.2908 0.1607 0.0844 0.04761 0.02498 0.01302 0.007532 0.00411 0.002246 0.002658
1.476 16.57 45.39 29.59 15.3 8.091 4.271 2.244 1.149 0.5636 0.2992 0.1582 0.08746 0.04592 0.0259 0.01359 0.007087 0.004098 0.002236 0.002668
1.48 14.85 37.68 27.47 14.7 7.602 4.02 2.122 1.115 0.5708 0.28 0.1487 0.07861 0.04345 0.02281 0.01287 0.006752 0.003521 0.002036 0.002437
1.362 16.05 36.51 24.83 14.89 7.97 4.122 2.179 1.15 0.6044 0.3095 0.1518 0.0806 0.04262 0.02356 0.01237 0.006977 0.003661 0.001909 0.002425
1.354 15.67 41.68 25.42 14.22 8.531 4.566 2.361 1.249 0.6591 0.3463 0.1773 0.08697 0.04618 0.02442 0.0135 0.007086 0.003997 0.002097 0.002483
1.481 15.21 39.59 28.09 14.08 7.879 4.726 2.529 1.308 0.6916 0.3651 0.1918 0.09821 0.04818 0.02558 0.01352 0.007476 0.003925 0.002214 0.002537
1.439 15.29 35.46 24.57 14.32 7.178 4.017 2.409 1.29 0.6669 0.3526 0.1861 0.09779 0.05007 0.02456 0.01304 0.006895 0.003812 0.002001 0.002422
1.679 17.15 40.93 25.37 14.46 8.427 4.223 2.363 1.418 0.7587 0.3924 0.2075 0.1095 0.05754 0.02946 0.01445 0.007673 0.004057 0.002243 0.002603
