Originally  
101 
A 
42	100	
1	1	NA	NA	
1	20	
1 0.02739 0.2328 0.4245 0.2191 0.1232 0.1506 0.06847 0.05477 0.05477 0 0.01369 0 0 0 0 0 0 0 0 0
1 0.0361 0.1805 0.3731 0.1444 0.1685 0.07221 0.1083 0.0361 0.02407 0.04814 0 0 0 0.01203 0 0 0 0 0 0
1 0.03322 0.299 0.3322 0.1439 0.07751 0.05536 0.04429 0.04429 0.01107 0.01107 0.01107 0.02215 0 0 0 0.01107 0.01107 0 0 0
1 0.05406 0.2703 0.4054 0.2568 0.0946 0.1351 0.08109 0.02703 0.01351 0 0 0.01351 0 0 0 0 0 0 0 0
1 0.0119 0.25 0.2738 0.2857 0.1428 0.08333 0.03571 0.02381 0.02381 0 0.02381 0.0119 0.0119 0.0119 0 0 0 0 0 0
1 0.05542 0.291 0.3464 0.291 0.1524 0.08314 0.05542 0.05542 0 0 0 0 0.01386 0.01386 0.01386 0 0 0 0 0.01386
1 0.06125 0.1225 0.3164 0.2042 0.1225 0.1021 0.03062 0.01021 0.02042 0.01021 0.01021 0 0 0 0.01021 0 0 0 0 0
1 0.021 0.147 0.161 0.168 0.09799 0.014 0.04199 0 0.014 0.028 0.006999 0 0 0 0 0 0 0 0 0
1 0.008108 0.1541 0.2108 0.1946 0.08919 0.06487 0.03243 0.01622 0.01622 0.008108 0 0.008108 0 0.008108 0 0 0 0 0 0
1 0.04996 0.2398 0.2998 0.1599 0.1099 0.03997 0.04996 0.02998 0.009992 0.009992 0 0 0 0 0 0 0 0 0 0
1 0.01895 0.1895 0.2843 0.2274 0.08529 0.06634 0.01895 0 0.02843 0.02843 0 0 0 0 0 0 0 0 0 0
1 0.05227 0.09582 0.2962 0.2265 0.08711 0.06969 0.01742 0.008711 0.01742 0 0 0 0 0 0 0 0 0 0 0
1 0.009843 0.2067 0.3347 0.2264 0.1083 0.05906 0.01969 0 0 0.009843 0 0 0 0.009843 0 0 0 0 0 0
1 0.07224 0.1625 0.2799 0.1896 0.09933 0.06321 0.00903 0.00903 0.00903 0 0.00903 0 0 0 0 0 0 0 0 0
1 0.02444 0.22 0.4399 0.2811 0.11 0.07332 0.02444 0.03666 0.01222 0 0 0 0 0 0 0 0 0 0 0
1 0.03799 0.1824 0.1596 0.2052 0.09878 0.04559 0.007598 0.0152 0 0.007598 0 0 0 0 0 0 0 0 0 0
1 0.03056 0.1935 0.387 0.1833 0.08148 0.06111 0.04074 0.03056 0 0 0.01019 0 0 0 0 0 0 0 0 0
1 0.02307 0.2 0.2077 0.1461 0.1077 0.03846 0.01538 0.02307 0.007691 0 0 0 0 0 0 0 0 0 0 0
1 0.06617 0.1434 0.386 0.2757 0.1323 0.02206 0.02206 0.03308 0.01103 0.01103 0 0 0 0 0 0 0 0 0 0
1 0.05533 0.2877 0.3541 0.166 0.08853 0.07746 0.0332 0.02213 0.01107 0 0.01107 0 0 0 0 0 0 0 0 0
1 0.03381 0.248 0.4734 0.2141 0.09017 0.03381 0.03381 0 0 0 0 0 0 0 0 0 0 0 0 0
1 0.05638 0.2396 0.5356 0.3383 0.09867 0.08457 0.04229 0.0141 0 0 0 0 0 0 0 0 0 0 0 0
1 0.02497 0.1082 0.308 0.2497 0.09156 0.04162 0.008324 0 0 0 0 0 0 0 0 0 0 0 0 0
1 0.02446 0.1834 0.4525 0.2568 0.1834 0.06115 0.04892 0.01223 0 0 0 0 0 0 0 0 0 0 0 0
1 0.02288 0.2402 0.3775 0.1487 0.1716 0.1258 0.02288 0.01144 0.01144 0 0 0.01144 0 0 0 0 0 0 0 0
1 0.04 0.24 0.4801 0.3467 0.09334 0.04 0.04 0.05334 0 0 0 0 0 0 0 0 0 0 0 0
1 0.05335 0.2881 0.3201 0.1814 0.04268 0.08536 0.04268 0.03201 0.02134 0 0 0 0 0 0 0 0 0 0 0
1 0.02021 0.3133 0.283 0.1718 0.1112 0.06063 0.03032 0 0.01011 0.01011 0 0 0 0 0 0 0 0 0 0
1 0.01314 0.2496 0.4993 0.1971 0.2496 0.02628 0.03942 0.02628 0 0.01314 0 0 0 0 0 0 0 0 0 0
1 0.00889 0.2045 0.3289 0.1511 0.08001 0.06223 0.02667 0.00889 0 0.00889 0.00889 0 0 0 0 0 0 0 0 0
1 0.02183 0.2728 0.3274 0.2728 0.05456 0.05456 0.05456 0.01091 0.01091 0 0 0 0.01091 0 0 0 0 0 0 0
1 0.03422 0.2851 0.3536 0.1711 0.1255 0.1369 0 0.02281 0 0.01141 0 0 0 0 0 0 0 0 0 0
1 0.05464 0.2322 0.3688 0.3142 0.1912 0.08195 0.04098 0.04098 0.02732 0.01366 0 0 0 0 0 0 0 0 0 0
1 0.009927 0.1688 0.3971 0.2283 0.08934 0.05956 0.03971 0 0 0 0 0 0 0 0 0 0 0 0 0
1 0.09106 0.3824 0.5828 0.4189 0.1639 0.1275 0.01821 0.03642 0 0 0 0 0 0 0 0 0 0 0 0
1 0.04172 0.3059 0.3755 0.2781 0.1808 0.04172 0.06953 0.05562 0.02781 0 0 0 0 0.01391 0 0 0 0 0 0
1 0.07208 0.2403 0.3484 0.1562 0.2162 0.0961 0.04805 0.01201 0.01201 0 0 0 0 0 0 0 0 0 0 0
1 0.07076 0.3396 0.4387 0.2264 0.08491 0.09906 0.08491 0.04245 0 0 0.01415 0 0 0 0.01415 0 0 0 0 0
1 0.01857 0.2136 0.2693 0.1764 0.1022 0.04643 0.07429 0 0.01857 0 0 0.009287 0 0 0 0 0 0 0 0
1 0.02602 0.2992 0.4423 0.2342 0.1691 0.09107 0.02602 0 0 0.01301 0 0 0 0 0 0 0 0 0 0
1 0.03381 0.2029 0.3466 0.1522 0.04227 0.01691 0.01691 0.01691 0.008453 0.008453 0 0 0 0 0 0 0 0 0 0
1 0.02222 0.3778 0.7333 0.4444 0.3778 0.06666 0.06666 0.06666 0.02222 0 0.02222 0.02222 0 0 0 0 0 0 0 0
1 0.02196 0.2196 0.3513 0.2086 0.1757 0.03293 0.02196 0.03293 0.01098 0.01098 0 0.01098 0 0 0 0 0 0 0 0
1 0.04838 0.2903 0.4717 0.1814 0.1209 0.06047 0.01209 0.01209 0 0.01209 0 0 0 0 0 0 0 0 0 0
1 0.06087 0.2191 0.3895 0.2678 0.1217 0.04869 0.07304 0.02435 0 0 0.01217 0 0 0 0 0 0 0 0 0
1 0.05987 0.2395 0.3712 0.1916 0.1317 0.07184 0.04789 0.04789 0.01197 0.01197 0 0 0 0 0.01197 0 0 0 0 0
1 0.0522 0.2871 0.4567 0.2479 0.1566 0 0.01305 0.03915 0.0261 0.0261 0 0 0 0 0 0 0 0 0 0
1 0.02967 0.3115 0.4154 0.3709 0.1187 0.08901 0.05934 0.0445 0.0445 0 0 0 0 0 0 0 0 0 0 0
1 0.01336 0.3206 0.521 0.2004 0.147 0.02672 0.0668 0.04008 0 0 0 0 0 0 0 0 0 0 0 0
1 0.02629 0.3023 0.4206 0.276 0.1577 0.092 0.02629 0 0 0.01314 0 0 0 0 0 0 0 0 0 0
1 0.05038 0.5374 0.4702 0.2351 0.2015 0.1176 0.03359 0.01679 0 0 0.01679 0 0 0 0 0 0 0 0 0
1 0.01526 0.3511 0.5342 0.2747 0.1679 0.09158 0.03053 0.03053 0 0.03053 0 0 0 0 0 0 0 0 0 0
1 0.05085 0.2034 0.4068 0.3051 0.1271 0.07628 0.05085 0.05085 0 0 0 0 0 0 0 0 0 0 0 0
1 0.02288 0.2517 0.2517 0.3204 0.103 0.06865 0.06865 0.01144 0.02288 0.02288 0 0 0 0 0 0 0 0 0 0
1 0.04347 0.2898 0.3332 0.3332 0.1739 0.1014 0.1014 0.04347 0 0.02898 0 0 0 0 0 0 0 0 0 0
1 0 0.3207 0.5996 0.1534 0.1534 0.09761 0.05577 0.01394 0 0 0 0 0 0 0 0 0 0 0 0
1 0.01287 0.2831 0.4246 0.2959 0.1287 0.02573 0.0772 0.02573 0.01287 0 0 0 0 0 0 0 0 0 0 0
1 0.02728 0.3546 0.2591 0.2864 0.1909 0.1637 0.04092 0.02728 0.01364 0 0 0 0 0 0 0 0 0 0 0
1 0.03741 0.3242 0.4115 0.09976 0.1871 0.06235 0.01247 0.04988 0.01247 0.03741 0 0 0.01247 0 0 0 0 0 0 0
