Originally  
101 
A 
42	100	
1	1	NA	NA	
1	20	
1 0.01859 0.1394 0.2231 0.1766 0.1487 0.08366 0.02789 0.02789 0.01859 0.05577 0 0 0 0 0 0 0.009296 0 0 0
1 0.03568 0.2498 0.3449 0.1546 0.1427 0.1189 0.05946 0.01189 0.02379 0.02379 0 0 0.01189 0 0.01189 0 0 0 0 0
1 0.02215 0.1882 0.3101 0.2325 0.1218 0.07751 0.04429 0.01107 0.05537 0 0.02215 0.01107 0 0 0 0 0 0 0 0.01107
1 0.03863 0.1931 0.3284 0.1835 0.1159 0.04829 0.02897 0.009657 0 0.009657 0 0 0 0.009657 0 0 0 0 0 0
1 0.02479 0.1736 0.3967 0.2727 0.1488 0.06198 0.02479 0.03719 0.02479 0.0124 0.02479 0 0.02479 0 0.0124 0 0 0 0 0
1 0.03337 0.1201 0.1802 0.1669 0.09344 0.03337 0.006674 0.02002 0 0.006674 0.006674 0 0 0 0 0 0 0 0 0
1 0.03994 0.1498 0.2596 0.2596 0.1298 0.04992 0.05991 0.03994 0 0 0.009985 0 0 0 0 0 0 0 0 0
1 0.02243 0.1907 0.3925 0.2355 0.157 0.06729 0.02243 0.02243 0 0.01122 0 0 0 0 0 0 0 0 0 0
1 0.0134 0.1005 0.2009 0.1741 0.08707 0.03349 0.02679 0 0.006698 0.0134 0 0 0.0134 0 0 0 0 0 0 0
1 0.03356 0.193 0.2433 0.193 0.1007 0.04195 0.01678 0.008389 0.008389 0 0 0 0 0 0 0 0 0 0 0
1 0 0.09813 0.2944 0.1799 0.1227 0.06542 0.03271 0.008178 0.008178 0 0.008178 0 0 0 0 0 0 0 0 0
1 0.0115 0.09777 0.1668 0.1208 0.1093 0.03451 0.0115 0.01725 0.005751 0 0 0 0 0 0 0 0 0 0 0
1 0.01743 0.1394 0.1627 0.1278 0.05229 0.04067 0.02324 0.00581 0 0 0.00581 0 0.00581 0 0 0 0 0 0 0
1 0.01563 0.211 0.2579 0.125 0.1016 0.0547 0.007814 0 0 0.007814 0 0 0 0 0 0 0 0 0 0
1 0.02374 0.1128 0.2018 0.1246 0.07122 0.02967 0.01187 0.0178 0 0 0 0 0 0 0 0 0 0 0 0
1 0.01179 0.09435 0.2005 0.1356 0.05897 0.04718 0.01769 0.005897 0 0 0 0.005897 0.01179 0 0 0 0 0 0 0
1 0.01149 0.1092 0.1723 0.1723 0.05745 0.02298 0.005745 0.005745 0 0.005745 0.01149 0 0 0 0 0 0 0 0 0
1 0.02493 0.08308 0.2825 0.1329 0.1246 0.07478 0.03323 0.01662 0.02493 0.008308 0.01662 0 0 0 0 0.008308 0 0 0 0
1 0.03126 0.1407 0.1094 0.1303 0.05211 0.03126 0.01563 0.005211 0.005211 0 0 0 0 0 0 0 0 0 0 0
1 0.004078 0.06525 0.1672 0.0734 0.02447 0.03262 0.01631 0.008156 0.008156 0.004078 0.004078 0 0 0 0 0 0 0 0 0
1 0.01366 0.07285 0.1821 0.05008 0.04553 0.02732 0.03187 0.02732 0 0 0 0.004553 0 0 0 0 0 0 0 0
1 0.02103 0.09464 0.1577 0.1157 0.04732 0.05258 0.02103 0.005258 0.01052 0 0 0 0 0 0 0 0 0 0 0
1 0.02039 0.107 0.158 0.08665 0.06116 0.04078 0.01529 0.005097 0 0 0.005097 0.01019 0 0 0 0 0 0 0 0
1 0.003611 0.05777 0.13 0.06138 0.05416 0.02888 0.01083 0.007221 0.007221 0 0 0 0 0 0 0 0 0 0 0
1 0.01537 0.0338 0.1045 0.08297 0.03073 0.01537 0.006146 0.006146 0.006146 0.003073 0 0 0.003073 0 0 0 0 0 0 0
1 0.01895 0.06065 0.1061 0.08719 0.04549 0.02654 0.01516 0.007582 0 0.003791 0.003791 0 0.003791 0 0 0 0 0 0 0
1 0 0.0782 0.09449 0.04887 0.05213 0.009775 0.01303 0.009775 0.009775 0 0.003258 0.006516 0 0 0 0 0 0 0 0
1 0.01265 0.09697 0.1138 0.06746 0.07168 0.0253 0.01265 0.01265 0.004216 0 0 0 0 0.004216 0 0 0 0 0 0
1 0 0.0513 0.1026 0.04829 0.04225 0.02716 0.01207 0.003018 0.006036 0.006036 0 0.003018 0 0 0 0 0 0 0 0
1 0.01244 0.04977 0.0647 0.0647 0.01742 0.01991 0.009953 0.009953 0 0 0 0 0 0 0 0 0 0 0 0
1 0.007181 0.05027 0.06941 0.05505 0.02394 0.01676 0.004787 0.004787 0.002394 0.004787 0 0 0 0 0 0 0 0 0 0
1 0.003362 0.08405 0.0975 0.06724 0.03698 0.0269 0.006724 0.006724 0 0.003362 0 0 0 0.003362 0 0 0 0 0 0
1 0.0149 0.05664 0.09241 0.05366 0.02087 0.02087 0.0149 0.008943 0.002981 0.005962 0 0 0.005962 0 0 0 0 0 0 0
1 0.003125 0.06563 0.1156 0.05313 0.01563 0.02188 0.01875 0.00625 0.00625 0.00625 0 0 0 0 0 0 0 0 0 0
1 0.01589 0.06752 0.1549 0.09532 0.01986 0.02383 0.003972 0.01192 0 0.003972 0 0 0 0 0 0 0 0 0 0
1 0.01431 0.05008 0.07631 0.05485 0.02146 0.009539 0.002385 0.002385 0 0.002385 0 0.002385 0 0.002385 0 0 0 0 0 0
1 0.009702 0.02911 0.04269 0.06016 0.01746 0.009702 0.007762 0.007762 0.003881 0.00194 0.00194 0.00194 0 0 0 0 0 0 0 0
1 0.005566 0.04267 0.06122 0.03339 0.01484 0.01484 0.005566 0.00371 0.00371 0 0 0 0 0 0 0 0 0 0 0
1 0.01755 0.03729 0.06141 0.04606 0.02413 0.01974 0.002193 0.004387 0 0.00658 0 0 0 0 0 0 0 0 0 0
1 0.006807 0.09189 0.1123 0.06807 0.02382 0.02723 0.003403 0.006807 0 0 0 0 0 0 0 0 0 0 0 0
1 0.004664 0.04431 0.0723 0.04198 0.03265 0.02099 0.004664 0.009329 0 0 0 0 0.002332 0 0 0 0 0 0 0
1 0.002625 0.04201 0.09189 0.04201 0.03676 0.02625 0.0105 0.005251 0.005251 0 0 0 0 0 0 0 0 0 0 0
1 0.007348 0.0698 0.1139 0.08083 0.04776 0.01837 0.0147 0.003674 0.007348 0.003674 0 0 0 0 0 0 0 0 0 0
1 0.007108 0.04028 0.07819 0.05449 0.02369 0.01658 0.004739 0.004739 0.004739 0 0 0.002369 0 0 0 0 0 0 0 0
1 0.00723 0.02169 0.05061 0.02169 0.0188 0.01591 0.002892 0.001446 0.002892 0.001446 0 0 0 0 0 0 0 0 0 0
1 0.01309 0.02617 0.1099 0.05235 0.02617 0.01047 0.007852 0.01047 0.002617 0.002617 0 0 0 0 0 0 0 0 0 0
1 0.0044 0.055 0.0528 0.0506 0.0198 0.0176 0.0154 0 0.0022 0 0 0 0 0 0.0022 0 0 0 0 0
1 0.005404 0.04053 0.09997 0.04053 0.03242 0.02162 0.01081 0.005404 0.002702 0.008106 0.002702 0 0 0 0 0 0 0 0 0
1 0.002631 0.03946 0.07103 0.06576 0.04735 0.007892 0.01052 0.005261 0.005261 0.005261 0 0.002631 0 0 0 0 0 0 0 0
1 0.008437 0.045 0.09562 0.04781 0.03937 0.03093 0.01125 0 0.002812 0 0 0 0 0 0 0 0 0 0 0
1 0.005553 0.04443 0.07219 0.07775 0.03332 0.02777 0.01111 0.002777 0.002777 0 0 0 0 0 0 0 0 0 0 0
1 0.008837 0.02298 0.06893 0.02474 0.01944 0.01237 0.00707 0.005302 0.001767 0.001767 0 0.003535 0 0 0 0 0 0 0 0
1 0.00661 0.03745 0.05728 0.04627 0.03084 0.01983 0.00661 0.01102 0 0.002203 0.002203 0 0 0 0 0 0 0 0 0
1 0.009256 0.04397 0.06942 0.0486 0.02083 0.01851 0.004628 0.006942 0.009256 0 0 0 0 0 0 0 0 0 0 0
1 0.01211 0.07264 0.09988 0.06659 0.01816 0.01816 0.003027 0.006053 0.003027 0 0.003027 0 0 0 0 0 0 0 0 0
1 0.01497 0.05987 0.05738 0.05488 0.03742 0.01497 0.009979 0 0 0 0 0 0 0 0 0 0 0 0 0
1 0.006678 0.03561 0.06678 0.05787 0.03116 0.01113 0.004452 0.004452 0.004452 0 0 0 0 0 0 0 0 0 0 0
1 0.003729 0.04102 0.07086 0.03356 0.02051 0.009323 0.001865 0.001865 0.001865 0 0.001865 0 0 0 0 0 0 0 0 0
1 0.009843 0.04922 0.07137 0.0443 0.02461 0.02215 0.0123 0.004922 0.002461 0.004922 0 0 0 0 0 0 0 0 0 0
