 landings-at-age - landings.n (units : NA )
1	2	
42	100	
1	20	
1 
0.9696 10.78 25.49 16.23 11.12 7.858 5.589 4.274 2.981 2.046 1.479 0.9649 0.568 0.4201 0.2933 0.215 0.1602 0.109 0.07603 0.1789
1.104 11.84 29.59 18.73 9.815 6.725 4.752 3.38 2.584 1.802 1.237 0.8941 0.5835 0.3435 0.254 0.1774 0.13 0.0969 0.0659 0.1541
1.049 10.91 26.4 17.52 9.1 4.768 3.267 2.308 1.642 1.256 0.8756 0.601 0.4344 0.2835 0.1669 0.1234 0.08616 0.06316 0.04708 0.1069
0.9125 11.2 26.42 17.15 9.357 4.861 2.547 1.745 1.233 0.8772 0.6708 0.4678 0.3211 0.2321 0.1514 0.08915 0.06593 0.04603 0.03374 0.08226
0.8607 10.37 28.79 18.24 9.74 5.316 2.762 1.447 0.9915 0.7006 0.4983 0.381 0.2657 0.1824 0.1318 0.08603 0.05065 0.03745 0.02615 0.0659
0.883 9.378 25.54 18.98 9.887 5.281 2.882 1.497 0.7846 0.5376 0.3798 0.2702 0.2066 0.1441 0.09889 0.07147 0.04664 0.02746 0.02031 0.04991
0.8776 10.06 24.08 17.54 10.72 5.585 2.983 1.628 0.8457 0.4432 0.3036 0.2146 0.1526 0.1167 0.08138 0.05586 0.04037 0.02635 0.01551 0.03966
0.795 8.733 22.69 14.5 8.679 5.306 2.764 1.476 0.8056 0.4185 0.2193 0.1503 0.1062 0.07552 0.05775 0.04027 0.02764 0.01998 0.01304 0.0273
0.8373 9.966 24.63 17.19 9.044 5.413 3.309 1.724 0.9206 0.5024 0.261 0.1368 0.09371 0.06622 0.0471 0.03602 0.02512 0.01724 0.01246 0.02516
0.7312 8.738 23.39 15.35 8.787 4.624 2.768 1.692 0.8813 0.4707 0.2569 0.1335 0.06994 0.04792 0.03386 0.02408 0.01842 0.01284 0.008815 0.01924
0.6771 8.251 22.15 15.8 8.515 4.875 2.566 1.536 0.9388 0.489 0.2612 0.1425 0.07405 0.0388 0.02659 0.01879 0.01336 0.01022 0.007126 0.01556
0.7133 7.05 19.35 13.81 8.084 4.358 2.495 1.313 0.7859 0.4805 0.2502 0.1337 0.07294 0.0379 0.01986 0.01361 0.009614 0.006838 0.005229 0.01161
0.6464 7.532 16.83 12.34 7.238 4.238 2.284 1.308 0.6883 0.412 0.2519 0.1312 0.07007 0.03824 0.01987 0.01041 0.007132 0.00504 0.003585 0.008828
0.6089 7.276 19.15 11.46 6.913 4.054 2.374 1.279 0.7325 0.3855 0.2307 0.1411 0.07347 0.03924 0.02142 0.01113 0.00583 0.003995 0.002823 0.006952
0.5656 6.806 18.32 12.88 6.335 3.821 2.241 1.312 0.7072 0.4049 0.2131 0.1275 0.07797 0.04061 0.02169 0.01184 0.00615 0.003223 0.002208 0.005403
0.526 5.731 15.61 11.21 6.474 3.185 1.921 1.127 0.6597 0.3556 0.2036 0.1071 0.06412 0.0392 0.02042 0.01091 0.005952 0.003092 0.00162 0.003827
0.5534 6.473 15.86 11.58 6.845 3.952 1.944 1.173 0.6877 0.4027 0.217 0.1243 0.0654 0.03914 0.02393 0.01246 0.006657 0.003633 0.001888 0.003325
0.507 5.538 14.61 9.505 5.696 3.367 1.944 0.9564 0.5769 0.3383 0.1981 0.1068 0.06113 0.03217 0.01925 0.01177 0.006131 0.003275 0.001787 0.002564
0.4906 5.468 13.52 9.552 5.11 3.062 1.81 1.045 0.5142 0.3101 0.1819 0.1065 0.0574 0.03286 0.01729 0.01035 0.006328 0.003296 0.001761 0.002339
0.5059 5.925 14.84 9.82 5.708 3.054 1.83 1.082 0.6245 0.3073 0.1853 0.1087 0.06363 0.0343 0.01964 0.01033 0.006186 0.003782 0.00197 0.00245
0.4672 5.473 14.38 9.548 5.184 3.013 1.612 0.9661 0.5711 0.3297 0.1622 0.09784 0.05738 0.03359 0.01811 0.01037 0.005456 0.003265 0.001996 0.002333
0.469 5.165 13.56 9.448 5.151 2.797 1.626 0.8697 0.5212 0.3081 0.1779 0.08751 0.05278 0.03095 0.01812 0.009769 0.005593 0.002943 0.001762 0.002336
0.4047 4.642 11.54 8.037 4.596 2.506 1.361 0.7908 0.4231 0.2535 0.1499 0.08652 0.04257 0.02568 0.01506 0.008816 0.004752 0.002721 0.001432 0.001993
0.3929 4.552 11.79 7.845 4.495 2.57 1.401 0.7609 0.4423 0.2366 0.1418 0.08382 0.04839 0.02381 0.01436 0.008422 0.004931 0.002658 0.001522 0.001916
0.3755 4.254 11.13 7.698 4.21 2.413 1.38 0.7522 0.4084 0.2374 0.127 0.07611 0.04499 0.02597 0.01278 0.007708 0.00452 0.002646 0.001426 0.001845
0.355 4.145 10.6 7.408 4.213 2.304 1.321 0.7551 0.4117 0.2235 0.1299 0.06951 0.04165 0.02462 0.01421 0.006994 0.004218 0.002474 0.001448 0.00179
0.3004 3.647 9.65 6.593 3.789 2.155 1.179 0.6753 0.3862 0.2105 0.1143 0.06645 0.03555 0.0213 0.01259 0.00727 0.003577 0.002157 0.001265 0.001656
0.3335 3.684 10.06 7.142 4.017 2.308 1.313 0.7181 0.4115 0.2353 0.1283 0.06965 0.04048 0.02166 0.01298 0.007673 0.004429 0.002179 0.001314 0.00178
0.3031 3.446 8.575 6.224 3.626 2.04 1.172 0.6665 0.3646 0.2089 0.1195 0.06513 0.03536 0.02055 0.011 0.00659 0.003895 0.002249 0.001106 0.001571
0.2674 3.077 7.935 5.28 3.15 1.835 1.032 0.5932 0.3374 0.1845 0.1057 0.06046 0.03296 0.0179 0.0104 0.005566 0.003336 0.001972 0.001138 0.001355
0.2767 3.136 8.162 5.659 3.1 1.85 1.078 0.6062 0.3483 0.1981 0.1083 0.06209 0.0355 0.01936 0.01051 0.006109 0.003268 0.001959 0.001158 0.001464
0.2954 2.991 7.659 5.328 3.037 1.664 0.9927 0.5784 0.3253 0.1869 0.1063 0.05815 0.03332 0.01905 0.01039 0.00564 0.003278 0.001754 0.001051 0.001407
0.3072 3.393 7.735 5.293 3.028 1.726 0.9456 0.5642 0.3287 0.1849 0.1062 0.06042 0.03305 0.01894 0.01083 0.005903 0.003206 0.001863 0.0009968 0.001397
0.2877 3.214 8.005 4.859 2.731 1.562 0.8905 0.4879 0.2911 0.1696 0.0954 0.05481 0.03118 0.01705 0.009771 0.005587 0.003046 0.001654 0.0009614 0.001235
0.269 2.994 7.581 5.052 2.521 1.417 0.8106 0.4621 0.2532 0.151 0.088 0.0495 0.02844 0.01618 0.008847 0.00507 0.002899 0.001581 0.0008582 0.00114
0.2879 3.004 7.577 5.153 2.827 1.411 0.7929 0.4536 0.2585 0.1417 0.08452 0.04924 0.0277 0.01591 0.009051 0.00495 0.002837 0.001622 0.0008844 0.001118
0.346 3.437 8.069 5.449 3.049 1.672 0.8347 0.4692 0.2684 0.153 0.08382 0.05001 0.02914 0.01639 0.009416 0.005355 0.002929 0.001679 0.0009598 0.001185
0.2953 3.461 7.768 4.85 2.689 1.505 0.8254 0.4119 0.2315 0.1325 0.0755 0.04137 0.02468 0.01438 0.008088 0.004647 0.002643 0.001446 0.0008284 0.001058
0.299 3.36 8.893 5.348 2.747 1.523 0.8523 0.4675 0.2333 0.1311 0.07502 0.04276 0.02343 0.01398 0.008144 0.004581 0.002632 0.001497 0.0008188 0.001069
0.3187 3.483 8.787 6.201 3.065 1.575 0.873 0.4885 0.2679 0.1337 0.07516 0.043 0.02451 0.01343 0.008012 0.004668 0.002625 0.001509 0.000858 0.001082
0.3005 3.139 7.745 5.187 3.004 1.485 0.7628 0.4229 0.2366 0.1298 0.06478 0.03641 0.02083 0.01187 0.006505 0.003881 0.002261 0.001272 0.0007308 0.0009397
0.2877 3.397 8.015 5.298 2.919 1.691 0.8356 0.4293 0.238 0.1332 0.07305 0.03646 0.02049 0.01172 0.006682 0.003661 0.002184 0.001273 0.0007158 0.0009401
0.268 3.087 8.236 5.193 2.822 1.555 0.9004 0.445 0.2286 0.1268 0.07093 0.0389 0.01942 0.01091 0.006243 0.003558 0.00195 0.001163 0.0006778 0.0008819
0.3006 3 7.799 5.565 2.886 1.568 0.864 0.5004 0.2473 0.1271 0.07045 0.03942 0.02162 0.01079 0.006065 0.00347 0.001978 0.001084 0.0006465 0.0008668
0.2708 3.076 6.957 4.834 2.835 1.47 0.7989 0.4402 0.2549 0.126 0.06473 0.03589 0.02008 0.01101 0.005497 0.00309 0.001768 0.001007 0.000552 0.0007709
0.2626 3.043 7.834 4.761 2.723 1.597 0.8282 0.45 0.248 0.1436 0.07097 0.03646 0.02022 0.01131 0.006205 0.003097 0.001741 0.0009957 0.0005675 0.0007453
0.2669 3.044 7.953 5.482 2.741 1.568 0.9195 0.4768 0.2591 0.1428 0.08267 0.04086 0.02099 0.01164 0.006512 0.003572 0.001783 0.001002 0.0005732 0.0007558
0.2403 2.97 7.615 5.297 3 1.5 0.8578 0.5032 0.2609 0.1418 0.07812 0.04524 0.02236 0.01149 0.006369 0.003564 0.001955 0.0009756 0.0005484 0.0007273
0.2335 2.651 7.354 5.01 2.862 1.621 0.8102 0.4634 0.2718 0.1409 0.07659 0.0422 0.02444 0.01208 0.006205 0.003441 0.001925 0.001056 0.000527 0.0006891
0.2072 2.28 5.858 4.322 2.417 1.381 0.7819 0.3909 0.2236 0.1311 0.068 0.03695 0.02036 0.01179 0.005828 0.002994 0.00166 0.0009289 0.0005095 0.0005868
0.2197 2.546 6.302 4.341 2.636 1.474 0.8421 0.4769 0.2384 0.1364 0.07999 0.04148 0.02254 0.01242 0.007192 0.003555 0.001826 0.001013 0.0005665 0.0006687
0.2115 2.331 6.069 3.988 2.255 1.369 0.7658 0.4375 0.2477 0.1239 0.07084 0.04155 0.02155 0.01171 0.006451 0.003736 0.001847 0.0009486 0.000526 0.0006417
0.2137 2.343 5.803 4.02 2.17 1.227 0.7451 0.4167 0.238 0.1348 0.06739 0.03854 0.02261 0.01172 0.00637 0.00351 0.002033 0.001005 0.0005161 0.0006353
0.1896 2.151 5.329 3.511 1.997 1.078 0.6096 0.3702 0.207 0.1183 0.06697 0.03348 0.01915 0.01123 0.005824 0.003165 0.001744 0.00101 0.0004991 0.0005721
0.1781 2.057 5.287 3.512 1.904 1.083 0.5845 0.3305 0.2007 0.1122 0.06411 0.03631 0.01815 0.01038 0.00609 0.003158 0.001716 0.0009454 0.0005475 0.0005808
0.1924 2.048 5.341 3.681 2.012 1.091 0.6204 0.3348 0.1893 0.115 0.0643 0.03673 0.0208 0.0104 0.005948 0.003489 0.001809 0.000983 0.0005416 0.0006464
0.2116 2.16 5.175 3.6 2.039 1.115 0.6041 0.3436 0.1855 0.1049 0.06369 0.03562 0.02035 0.01152 0.00576 0.003295 0.001932 0.001002 0.0005445 0.0006581
0.1968 2.184 5.036 3.213 1.835 1.039 0.5682 0.308 0.1752 0.09456 0.05347 0.03247 0.01816 0.01037 0.005874 0.002937 0.00168 0.0009853 0.0005109 0.0006131
0.203 2.345 5.847 3.603 1.89 1.08 0.6116 0.3343 0.1812 0.1031 0.05564 0.03146 0.0191 0.01068 0.006103 0.003456 0.001728 0.0009883 0.0005797 0.0006613
