 landings-at-age - landings.n (units : NA )
1	2	
42	100	
1	20	
1 
1.56 17.26 40.56 28.45 19.25 12.16 8.835 5.892 4.174 2.972 2.022 1.401 1.025 0.691 0.4513 0.3142 0.2329 0.1557 0.1094 0.2169
1.816 19.06 47.36 29.81 17.2 11.64 7.354 5.343 3.563 2.524 1.797 1.223 0.8471 0.6196 0.4178 0.2729 0.19 0.1408 0.09417 0.1973
1.492 17.93 42.49 28.04 14.48 8.358 5.656 3.573 2.596 1.731 1.226 0.8731 0.5941 0.4115 0.301 0.203 0.1326 0.0923 0.06841 0.1416
1.385 15.94 43.44 27.59 14.98 7.736 4.465 3.021 1.909 1.387 0.9247 0.6551 0.4664 0.3174 0.2199 0.1608 0.1084 0.07083 0.04931 0.1122
1.277 15.73 40.97 29.98 15.68 8.509 4.395 2.537 1.716 1.084 0.7877 0.5253 0.3721 0.265 0.1803 0.1249 0.09135 0.0616 0.04024 0.09175
1.23 13.91 38.75 27.01 16.25 8.499 4.613 2.383 1.375 0.9306 0.5879 0.4271 0.2848 0.2018 0.1437 0.09776 0.06772 0.04953 0.0334 0.07156
1.279 14.01 35.72 26.62 15.26 9.181 4.8 2.606 1.346 0.7768 0.5256 0.3321 0.2412 0.1609 0.114 0.08115 0.05522 0.03825 0.02798 0.05929
1.141 12.73 31.6 21.51 13.17 7.55 4.543 2.375 1.289 0.666 0.3844 0.2601 0.1643 0.1194 0.07961 0.0564 0.04016 0.02733 0.01893 0.04318
1.262 14.31 35.91 23.94 13.42 8.215 4.709 2.834 1.482 0.8042 0.4154 0.2397 0.1622 0.1025 0.07445 0.04965 0.03517 0.02504 0.01704 0.03874
1.21 13.17 33.59 22.37 12.24 6.861 4.2 2.408 1.449 0.7576 0.4112 0.2124 0.1226 0.08295 0.0524 0.03807 0.02539 0.01799 0.01281 0.02852
1.23 13.65 33.37 22.68 12.41 6.791 3.806 2.33 1.336 0.8038 0.4203 0.2281 0.1178 0.06801 0.04602 0.02908 0.02112 0.01409 0.009979 0.02293
1.118 12.8 32.02 20.8 11.61 6.353 3.475 1.948 1.193 0.6836 0.4114 0.2151 0.1168 0.06031 0.03481 0.02355 0.01488 0.01081 0.007209 0.01684
1.006 11.81 30.57 20.42 10.91 6.085 3.33 1.822 1.021 0.6252 0.3584 0.2157 0.1128 0.06121 0.03161 0.01825 0.01235 0.0078 0.005667 0.01261
0.9883 11.33 30.02 20.81 11.44 6.108 3.408 1.865 1.02 0.5719 0.3502 0.2007 0.1208 0.06315 0.03428 0.01771 0.01022 0.006915 0.004369 0.01024
1.026 11.05 28.52 20.19 11.5 6.321 3.376 1.884 1.031 0.564 0.3161 0.1935 0.1109 0.06676 0.03491 0.01895 0.009787 0.005649 0.003822 0.008072
0.8843 10.4 25.34 17.46 10.15 5.785 3.178 1.698 0.9471 0.5184 0.2836 0.1589 0.09731 0.05578 0.03357 0.01755 0.009527 0.004921 0.00284 0.005981
0.9266 10.88 28.76 18.8 10.65 6.195 3.531 1.94 1.036 0.5781 0.3164 0.1731 0.09702 0.0594 0.03405 0.02049 0.01071 0.005815 0.003004 0.005384
0.812 9.272 24.57 17.24 9.246 5.241 3.047 1.737 0.9543 0.5097 0.2844 0.1556 0.08514 0.04772 0.02922 0.01675 0.01008 0.00527 0.002861 0.004126
0.8059 8.757 22.64 16.06 9.269 4.971 2.818 1.638 0.9338 0.513 0.274 0.1529 0.08368 0.04577 0.02566 0.01571 0.009004 0.005419 0.002833 0.003756
0.8325 9.734 23.77 16.44 9.596 5.539 2.97 1.684 0.979 0.558 0.3066 0.1637 0.09136 0.05 0.02735 0.01533 0.009387 0.005381 0.003238 0.003938
0.7516 9.006 23.61 15.29 8.68 5.066 2.924 1.568 0.8889 0.5168 0.2946 0.1618 0.08644 0.04823 0.0264 0.01444 0.008094 0.004956 0.002841 0.003788
0.6677 8.311 22.31 15.52 8.249 4.683 2.733 1.577 0.846 0.4796 0.2788 0.1589 0.08732 0.04664 0.02602 0.01424 0.00779 0.004367 0.002674 0.003576
0.5811 6.609 18.56 13.23 7.549 4.012 2.278 1.329 0.7674 0.4115 0.2333 0.1356 0.07731 0.04247 0.02269 0.01266 0.006927 0.00379 0.002124 0.00304
0.5742 6.537 16.79 12.62 7.398 4.222 2.244 1.274 0.7436 0.4292 0.2302 0.1305 0.07586 0.04324 0.02376 0.01269 0.007079 0.003875 0.00212 0.002888
0.5519 6.218 15.98 10.96 6.774 3.971 2.266 1.205 0.6838 0.3991 0.2304 0.1235 0.07003 0.04072 0.02321 0.01275 0.00681 0.0038 0.00208 0.002688
0.5067 6.092 15.49 10.64 5.999 3.708 2.173 1.24 0.6592 0.3743 0.2184 0.1261 0.06761 0.03833 0.02228 0.0127 0.006978 0.003727 0.00208 0.002609
0.4279 5.205 14.18 9.636 5.441 3.068 1.896 1.111 0.6343 0.3371 0.1914 0.1117 0.06448 0.03458 0.0196 0.0114 0.006496 0.003569 0.001906 0.002398
0.4755 5.247 14.36 10.5 5.871 3.315 1.869 1.155 0.6771 0.3865 0.2054 0.1166 0.06806 0.03929 0.02107 0.01194 0.006944 0.003958 0.002174 0.002622
0.4333 4.914 12.21 8.883 5.329 2.981 1.683 0.949 0.5866 0.3438 0.1962 0.1043 0.05921 0.03455 0.01995 0.0107 0.006063 0.003526 0.002009 0.002435
0.3947 4.399 11.31 7.521 4.496 2.697 1.509 0.8519 0.4804 0.2969 0.174 0.09932 0.05279 0.02997 0.01749 0.0101 0.005414 0.003069 0.001785 0.00225
0.4193 4.628 11.67 8.068 4.416 2.64 1.584 0.8859 0.5002 0.2821 0.1743 0.1022 0.05832 0.031 0.0176 0.01027 0.005928 0.003179 0.001802 0.002369
0.3821 4.534 11.31 7.616 4.33 2.37 1.417 0.85 0.4754 0.2684 0.1514 0.09356 0.05483 0.0313 0.01663 0.009444 0.005512 0.003181 0.001706 0.002238
0.3657 4.388 11.72 7.813 4.328 2.461 1.347 0.8052 0.4831 0.2702 0.1526 0.08603 0.05317 0.03116 0.01779 0.009454 0.005367 0.003132 0.001808 0.002242
0.3375 3.825 10.35 7.364 4.031 2.233 1.27 0.695 0.4155 0.2493 0.1394 0.07872 0.04439 0.02743 0.01608 0.009178 0.004878 0.002769 0.001616 0.00209
0.3215 3.512 9.022 6.534 3.821 2.092 1.159 0.6588 0.3606 0.2156 0.1293 0.07234 0.04084 0.02303 0.01423 0.008343 0.004762 0.002531 0.001437 0.001923
0.3151 3.589 8.888 6.133 3.656 2.138 1.17 0.6484 0.3686 0.2018 0.1206 0.07237 0.04048 0.02285 0.01289 0.007965 0.004668 0.002665 0.001416 0.00188
0.3128 3.761 9.642 6.392 3.629 2.163 1.265 0.6925 0.3837 0.2181 0.1194 0.07137 0.04282 0.02395 0.01352 0.007625 0.004713 0.002762 0.001577 0.00195
0.275 3.129 8.502 5.796 3.154 1.791 1.068 0.6244 0.3418 0.1893 0.1076 0.05892 0.03522 0.02113 0.01182 0.006674 0.003763 0.002326 0.001363 0.001741
0.2971 3.129 8.041 5.853 3.283 1.787 1.014 0.6047 0.3536 0.1936 0.1072 0.06097 0.03337 0.01995 0.01197 0.006695 0.00378 0.002132 0.001317 0.001758
0.301 3.462 8.183 5.607 3.355 1.882 1.024 0.5814 0.3466 0.2027 0.111 0.06147 0.03494 0.01913 0.01143 0.00686 0.003837 0.002166 0.001222 0.001763
0.2554 2.964 7.698 4.83 2.716 1.625 0.9115 0.4961 0.2816 0.1679 0.09818 0.05375 0.02978 0.01693 0.009266 0.005539 0.003323 0.001859 0.001049 0.001446
0.2151 2.888 7.57 5.266 2.719 1.529 0.9145 0.513 0.2792 0.1585 0.09449 0.05526 0.03025 0.01676 0.009527 0.005215 0.003117 0.00187 0.001046 0.001404
0.2188 2.308 7.002 4.904 2.805 1.448 0.8141 0.4871 0.2732 0.1487 0.08441 0.05032 0.02943 0.01611 0.008925 0.005074 0.002777 0.00166 0.000996 0.001305
0.2275 2.449 5.83 4.731 2.725 1.559 0.8046 0.4524 0.2707 0.1518 0.08263 0.04691 0.02797 0.01635 0.008953 0.00496 0.00282 0.001543 0.0009227 0.001279
0.2055 2.328 5.679 3.613 2.41 1.388 0.794 0.4099 0.2305 0.1379 0.07735 0.0421 0.0239 0.01425 0.008332 0.004561 0.002527 0.001436 0.0007863 0.001122
0.2036 2.31 5.929 3.886 2.035 1.358 0.7822 0.4473 0.2309 0.1298 0.07768 0.04357 0.02371 0.01346 0.008026 0.004694 0.002569 0.001423 0.0008092 0.001075
0.2036 2.36 6.036 4.149 2.237 1.172 0.7817 0.4503 0.2575 0.1329 0.07475 0.04472 0.02508 0.01365 0.007751 0.00462 0.002702 0.001479 0.0008195 0.001085
0.1878 2.266 5.903 4.02 2.27 1.224 0.6412 0.4278 0.2464 0.1409 0.07274 0.0409 0.02447 0.01373 0.007471 0.004241 0.002528 0.001479 0.0008094 0.001042
0.187 2.071 5.61 3.884 2.172 1.226 0.6614 0.3464 0.2311 0.1331 0.07612 0.0393 0.0221 0.01322 0.007415 0.004036 0.002291 0.001366 0.0007988 0.001
0.1599 1.827 4.577 3.297 1.874 1.048 0.5918 0.3191 0.1671 0.1115 0.06422 0.03673 0.01896 0.01066 0.006379 0.003578 0.001947 0.001106 0.000659 0.000868
0.1704 1.964 5.047 3.392 2.011 1.143 0.6391 0.3609 0.1946 0.1019 0.068 0.03917 0.0224 0.01156 0.006502 0.00389 0.002182 0.001188 0.0006743 0.0009314
0.1679 1.808 4.684 3.194 1.762 1.045 0.5937 0.332 0.1875 0.1011 0.05295 0.03533 0.02035 0.01164 0.006007 0.003378 0.002021 0.001134 0.0006169 0.0008341
0.1679 1.86 4.502 3.102 1.738 0.9586 0.5684 0.323 0.1806 0.102 0.05501 0.02881 0.01922 0.01107 0.006332 0.003269 0.001838 0.0011 0.0006168 0.0007895
0.1486 1.69 4.231 2.724 1.541 0.8635 0.4762 0.2824 0.1605 0.08974 0.05068 0.02733 0.01431 0.009549 0.005501 0.003146 0.001624 0.0009131 0.0005463 0.0006987
0.1344 1.612 4.154 2.788 1.477 0.8356 0.4681 0.2582 0.1531 0.08701 0.04866 0.02748 0.01482 0.007761 0.005177 0.002982 0.001705 0.0008804 0.000495 0.000675
0.1358 1.545 4.187 2.892 1.597 0.846 0.4787 0.2682 0.1479 0.08771 0.04985 0.02787 0.01574 0.008489 0.004446 0.002966 0.001708 0.000977 0.0005044 0.0006703
0.1463 1.525 3.905 2.822 1.602 0.8848 0.4686 0.2652 0.1486 0.08194 0.04859 0.02761 0.01544 0.00872 0.004702 0.002463 0.001643 0.0009464 0.0005412 0.0006507
0.1289 1.51 3.556 2.424 1.439 0.8167 0.4511 0.2389 0.1352 0.07574 0.04178 0.02477 0.01408 0.007872 0.004446 0.002397 0.001256 0.0008376 0.0004825 0.0006077
0.1398 1.536 4.043 2.544 1.426 0.8466 0.4805 0.2654 0.1406 0.07954 0.04456 0.02458 0.01457 0.008283 0.004632 0.002616 0.001411 0.0007388 0.0004928 0.0006414
