 landings-at-age - landings.n (units : NA )
1	2	
2	100	
1	20	
1 
0.02659 0.2984 0.8352 0.6934 0.4839 0.3377 0.2357 0.1644 0.1148 0.08008 0.05589 0.039 0.02722 0.01899 0.01325 0.009249 0.006454 0.004504 0.003143 0.007259
0.002853 0.05216 0.1462 0.1214 0.08475 0.05914 0.04127 0.0288 0.0201 0.01403 0.009787 0.00683 0.004766 0.003326 0.002321 0.00162 0.00113 0.0007888 0.0005504 0.001271
0.00315 0.03204 0.1464 0.1219 0.08515 0.05942 0.04147 0.02894 0.02019 0.01409 0.009834 0.006862 0.004789 0.003342 0.002332 0.001627 0.001136 0.0007925 0.000553 0.001277
0.003196 0.03537 0.0899 0.122 0.08549 0.0597 0.04166 0.02907 0.02029 0.01416 0.00988 0.006895 0.004811 0.003358 0.002343 0.001635 0.001141 0.0007963 0.0005557 0.001283
0.003273 0.03589 0.09924 0.07496 0.08557 0.05994 0.04186 0.02921 0.02038 0.01423 0.009927 0.006927 0.004834 0.003374 0.002354 0.001643 0.001146 8e-04 0.0005583 0.001289
0.003232 0.03675 0.1007 0.08275 0.05256 0.06 0.04203 0.02935 0.02048 0.01429 0.009974 0.00696 0.004857 0.00339 0.002365 0.001651 0.001152 0.0008038 0.0005609 0.001295
0.003105 0.03629 0.1031 0.08398 0.05802 0.03685 0.04207 0.02947 0.02058 0.01436 0.01002 0.006993 0.00488 0.003406 0.002377 0.001658 0.001157 0.0008076 0.0005636 0.001302
0.003143 0.03487 0.1018 0.086 0.05888 0.04068 0.02584 0.0295 0.02066 0.01443 0.01007 0.007026 0.004903 0.003422 0.002388 0.001666 0.001163 0.0008114 0.0005663 0.001308
0.003323 0.0353 0.09783 0.0849 0.0603 0.04128 0.02852 0.01812 0.02068 0.01449 0.01012 0.00706 0.004926 0.003438 0.002399 0.001674 0.001168 0.0008153 0.0005689 0.001314
0.003672 0.03731 0.09904 0.08158 0.05953 0.04228 0.02895 0.02 0.0127 0.0145 0.01016 0.007093 0.00495 0.003454 0.00241 0.001682 0.001174 0.0008191 0.0005716 0.00132
0.003899 0.04123 0.1047 0.08259 0.0572 0.04174 0.02964 0.0203 0.01402 0.008906 0.01017 0.007121 0.004973 0.003471 0.002422 0.00169 0.001179 0.000823 0.0005743 0.001326
0.004228 0.04378 0.1157 0.08729 0.05791 0.04011 0.02926 0.02078 0.01423 0.009832 0.006245 0.007128 0.004993 0.003487 0.002433 0.001698 0.001185 0.0008269 0.0005771 0.001333
0.004503 0.04748 0.1228 0.09647 0.06121 0.0406 0.02812 0.02052 0.01457 0.009977 0.006893 0.004378 0.004998 0.003501 0.002445 0.001706 0.001191 0.0008308 0.0005798 0.001339
0.004503 0.05056 0.1332 0.1024 0.06764 0.04291 0.02847 0.01972 0.01439 0.01022 0.006996 0.004833 0.00307 0.003504 0.002455 0.001714 0.001196 0.0008348 0.0005825 0.001345
0.004766 0.05057 0.1419 0.1111 0.07182 0.04742 0.03009 0.01996 0.01382 0.01009 0.007164 0.004905 0.003389 0.002152 0.002457 0.001721 0.001202 0.0008387 0.0005853 0.001352
0.004593 0.05351 0.1419 0.1183 0.07789 0.05036 0.03325 0.0211 0.01399 0.009692 0.007073 0.005023 0.003439 0.002376 0.001509 0.001723 0.001207 0.0008427 0.0005881 0.001358
0.004752 0.05158 0.1501 0.1183 0.08295 0.05461 0.03531 0.02331 0.01479 0.009812 0.006796 0.004959 0.003522 0.002411 0.001666 0.001058 0.001208 0.000846 0.0005908 0.001365
0.00489 0.05336 0.1447 0.1252 0.08296 0.05816 0.03829 0.02475 0.01635 0.01037 0.00688 0.004765 0.003477 0.002469 0.001691 0.001168 0.0007419 0.0008469 0.0005932 0.001371
0.004991 0.0549 0.1497 0.1207 0.08778 0.05816 0.04078 0.02685 0.01736 0.01146 0.007272 0.004824 0.003341 0.002438 0.001731 0.001185 0.000819 0.0005202 0.0005938 0.001377
0.005127 0.05605 0.1541 0.1248 0.08461 0.06155 0.04078 0.02859 0.01882 0.01217 0.008036 0.005098 0.003382 0.002342 0.001709 0.001214 0.0008311 0.0005742 0.0003647 0.001382
0.004881 0.05756 0.1573 0.1285 0.08753 0.05933 0.04316 0.02859 0.02005 0.0132 0.008533 0.005634 0.003575 0.002371 0.001642 0.001198 0.0008511 0.0005827 0.0004026 0.001225
0.004802 0.05481 0.1615 0.1311 0.09007 0.06137 0.0416 0.03026 0.02005 0.01406 0.009254 0.005983 0.003951 0.002506 0.001663 0.001152 0.0008403 0.0005967 0.0004086 0.001141
0.004557 0.05392 0.1538 0.1347 0.09195 0.06315 0.04303 0.02916 0.02122 0.01406 0.009855 0.006488 0.004195 0.00277 0.001757 0.001166 0.0008074 0.0005891 0.0004184 0.001086
0.004538 0.05117 0.1513 0.1282 0.09444 0.06447 0.04428 0.03017 0.02045 0.01487 0.009856 0.00691 0.004549 0.002941 0.001942 0.001232 0.0008173 0.0005661 0.0004131 0.001055
0.004633 0.05095 0.1436 0.1262 0.08992 0.06621 0.0452 0.03105 0.02115 0.01434 0.01043 0.00691 0.004845 0.00319 0.002062 0.001362 0.0008639 0.0005731 0.0003969 0.001029
0.004573 0.05202 0.143 0.1197 0.08846 0.06305 0.04643 0.03169 0.02177 0.01483 0.01005 0.007313 0.004845 0.003397 0.002236 0.001446 0.0009547 0.0006057 0.0004018 0.001
0.00481 0.05135 0.146 0.1192 0.08394 0.06202 0.0442 0.03255 0.02222 0.01526 0.0104 0.007048 0.005127 0.003397 0.002382 0.001568 0.001014 0.0006694 0.0004247 0.0009829
0.00513 0.054 0.1441 0.1217 0.08358 0.05885 0.04349 0.03099 0.02282 0.01558 0.0107 0.007292 0.004942 0.003595 0.002382 0.00167 0.001099 0.0007108 0.0004693 0.0009869
0.005385 0.0576 0.1515 0.1202 0.08534 0.0586 0.04127 0.03049 0.02173 0.016 0.01092 0.007503 0.005112 0.003465 0.002521 0.00167 0.001171 0.0007709 0.0004983 0.001021
0.005251 0.06046 0.1616 0.1264 0.08425 0.05983 0.04109 0.02893 0.02138 0.01524 0.01122 0.007659 0.005261 0.003585 0.002429 0.001767 0.001171 0.0008209 0.0005405 0.001065
0.005153 0.05896 0.1697 0.1348 0.0886 0.05907 0.04195 0.02881 0.02029 0.01499 0.01068 0.007867 0.00537 0.003689 0.002513 0.001703 0.001239 0.000821 0.0005756 0.001126
0.005398 0.05786 0.1654 0.1415 0.0945 0.06212 0.04142 0.02941 0.0202 0.01422 0.01051 0.00749 0.005516 0.003765 0.002586 0.001762 0.001194 0.0008688 0.0005756 0.001193
0.005441 0.06061 0.1623 0.1379 0.09919 0.06626 0.04355 0.02904 0.02062 0.01416 0.009973 0.007369 0.005252 0.003867 0.00264 0.001813 0.001236 0.0008374 0.0006091 0.00124
0.005587 0.06109 0.1701 0.1354 0.09672 0.06955 0.04646 0.03054 0.02036 0.01446 0.00993 0.006992 0.005167 0.003682 0.002711 0.001851 0.001271 0.0008663 0.0005871 0.001297
0.005339 0.06273 0.1714 0.1418 0.09492 0.06781 0.04876 0.03257 0.02141 0.01428 0.01014 0.006963 0.004903 0.003623 0.002582 0.001901 0.001298 0.0008914 0.0006074 0.001321
0.005491 0.05995 0.176 0.1429 0.09943 0.06655 0.04755 0.03419 0.02284 0.01501 0.01001 0.007109 0.004882 0.003437 0.00254 0.00181 0.001333 0.00091 0.000625 0.001352
0.005391 0.06165 0.1682 0.1468 0.1002 0.06971 0.04666 0.03334 0.02397 0.01601 0.01053 0.007018 0.004984 0.003423 0.00241 0.001781 0.001269 0.0009346 0.000638 0.001386
0.005261 0.06053 0.173 0.1403 0.1029 0.07027 0.04888 0.03272 0.02337 0.01681 0.01123 0.00738 0.00492 0.003495 0.0024 0.00169 0.001249 0.0008899 0.0006553 0.001419
0.0055 0.05908 0.1698 0.1443 0.09835 0.07216 0.04927 0.03427 0.02294 0.01639 0.01178 0.007872 0.005175 0.00345 0.00245 0.001683 0.001185 0.0008755 0.0006239 0.001455
1.566 15.91 39.58 33.18 23.7 16.15 11.85 8.093 5.629 3.768 2.692 1.936 1.293 0.85 0.5667 0.4025 0.2764 0.1946 0.1438 0.3414
1.45 16.11 37.03 24.57 16.93 12.09 8.242 6.047 4.129 2.872 1.922 1.373 0.9875 0.6596 0.4336 0.2891 0.2053 0.141 0.09929 0.2475
1.553 17.71 44.2 27.21 14.86 10.24 7.31 4.984 3.656 2.497 1.737 1.162 0.8305 0.5972 0.3989 0.2622 0.1748 0.1242 0.08527 0.2097
1.498 15.34 39.48 26.17 13.22 7.218 4.973 3.551 2.421 1.776 1.213 0.8437 0.5647 0.4035 0.2901 0.1938 0.1274 0.08493 0.06032 0.1433
1.415 16 37.17 25.64 13.98 7.062 3.856 2.657 1.897 1.293 0.949 0.648 0.4507 0.3017 0.2155 0.155 0.1035 0.06805 0.04537 0.1088
1.512 16.07 41.13 25.65 14.57 7.942 4.012 2.191 1.509 1.078 0.7348 0.5391 0.3681 0.2561 0.1714 0.1224 0.08805 0.05881 0.03866 0.08758
1.491 16.48 39.59 27.12 13.91 7.898 4.306 2.175 1.188 0.8182 0.5843 0.3984 0.2923 0.1996 0.1388 0.09292 0.06639 0.04774 0.03189 0.06844
1.559 16.99 42.31 27.19 15.32 7.856 4.461 2.432 1.229 0.6709 0.4622 0.3301 0.225 0.1651 0.1127 0.07841 0.05249 0.0375 0.02696 0.05667
1.498 15.52 38.32 25.48 13.45 7.58 3.887 2.208 1.204 0.608 0.332 0.2287 0.1633 0.1114 0.0817 0.05579 0.0388 0.02597 0.01856 0.04139
1.595 18.78 43.77 29.03 15.89 8.391 4.727 2.425 1.377 0.7506 0.3792 0.2071 0.1426 0.1019 0.06945 0.05096 0.03479 0.0242 0.0162 0.03739
1.616 16.65 44.08 27.27 14.84 8.126 4.29 2.417 1.24 0.704 0.3838 0.1939 0.1059 0.07294 0.05209 0.03551 0.02605 0.01779 0.01237 0.0274
1.53 18.23 42.2 29.77 15.13 8.235 4.508 2.38 1.341 0.6878 0.3906 0.213 0.1076 0.05874 0.04047 0.0289 0.0197 0.01446 0.009871 0.02207
1.539 15.93 42.76 26.31 15.23 7.742 4.214 2.307 1.218 0.6863 0.352 0.1999 0.109 0.05505 0.03006 0.02071 0.01479 0.01008 0.007398 0.01635
1.532 16.25 38.03 27.27 13.79 7.985 4.059 2.209 1.209 0.6386 0.3598 0.1845 0.1048 0.05713 0.02886 0.01576 0.01086 0.007753 0.005286 0.01245
1.407 17.25 41.32 25.89 15.27 7.724 4.472 2.273 1.237 0.6774 0.3577 0.2015 0.1033 0.05869 0.032 0.01616 0.008826 0.00608 0.004342 0.009932
1.404 15.73 43.44 27.79 14.31 8.442 4.269 2.472 1.256 0.6839 0.3744 0.1977 0.1114 0.05712 0.03244 0.01769 0.008934 0.004878 0.003361 0.00789
1.267 14.23 36.09 26.58 13.97 7.197 4.245 2.147 1.243 0.6318 0.3439 0.1883 0.0994 0.056 0.02872 0.01631 0.008893 0.004492 0.002453 0.005657
1.384 15.59 39.38 26.77 16.23 8.528 4.393 2.591 1.31 0.7587 0.3856 0.2099 0.1149 0.06067 0.03418 0.01753 0.009956 0.005428 0.002742 0.00495
1.267 13.85 35.19 23.6 13.17 7.982 4.195 2.161 1.275 0.6445 0.3732 0.1897 0.1032 0.05653 0.02984 0.01681 0.008624 0.004897 0.00267 0.003784
1.145 13.66 33.81 23.01 12.69 7.079 4.291 2.255 1.162 0.6852 0.3465 0.2006 0.102 0.05551 0.03039 0.01605 0.00904 0.004636 0.002633 0.00347
1.16 13.82 37.08 24.56 13.75 7.583 4.23 2.564 1.348 0.6942 0.4095 0.2071 0.1199 0.06094 0.03317 0.01816 0.009588 0.005402 0.002771 0.003647
1.06 12.55 33.54 23.85 12.97 7.257 4.003 2.233 1.354 0.7115 0.3665 0.2162 0.1093 0.06329 0.03217 0.01751 0.009587 0.005062 0.002852 0.003388
1.048 11.72 31.09 22.04 12.87 6.995 3.915 2.16 1.205 0.7303 0.3838 0.1977 0.1166 0.05897 0.03415 0.01736 0.009447 0.005172 0.002731 0.003366
0.986 10.37 26.17 18.43 10.72 6.26 3.403 1.905 1.051 0.586 0.3553 0.1867 0.09617 0.05673 0.02869 0.01661 0.008443 0.004596 0.002516 0.002966
0.9764 11.09 26.34 17.8 10.31 5.996 3.501 1.903 1.065 0.5876 0.3278 0.1987 0.1044 0.05379 0.03173 0.01605 0.00929 0.004722 0.00257 0.003066
0.8773 10.57 27.12 17.2 9.552 5.532 3.218 1.879 1.021 0.5717 0.3154 0.1759 0.1066 0.05605 0.02887 0.01703 0.008612 0.004986 0.002534 0.003025
0.8258 9.684 26.34 18.05 9.413 5.228 3.028 1.761 1.028 0.5591 0.3129 0.1726 0.09629 0.05837 0.03068 0.0158 0.00932 0.004713 0.002729 0.003043
0.7336 8.483 22.54 16.39 9.231 4.814 2.674 1.549 0.9008 0.526 0.2859 0.16 0.08827 0.04924 0.02985 0.01569 0.008081 0.004767 0.002411 0.002952
0.7708 8.995 23.41 16.69 9.984 5.625 2.933 1.629 0.9435 0.5489 0.3205 0.1742 0.0975 0.05378 0.03 0.01819 0.009559 0.004924 0.002904 0.003267
0.6867 7.965 20.94 14.48 8.471 5.069 2.856 1.489 0.827 0.479 0.2787 0.1627 0.08844 0.0495 0.02731 0.01523 0.009234 0.004853 0.0025 0.003133
0.5559 6.97 18.34 12.89 7.328 4.288 2.566 1.445 0.7537 0.4186 0.2425 0.1411 0.08236 0.04477 0.02506 0.01382 0.00771 0.004674 0.002456 0.002851
0.4891 6.52 18.49 13.08 7.571 4.303 2.518 1.507 0.8487 0.4426 0.2458 0.1424 0.08282 0.04836 0.02629 0.01471 0.008116 0.004527 0.002744 0.003117
0.4877 5.287 15.92 12.07 7.019 4.063 2.309 1.351 0.8085 0.4555 0.2375 0.1319 0.0764 0.04445 0.02595 0.01411 0.007896 0.004355 0.00243 0.003145
0.4804 5.601 13.67 11.01 6.859 3.989 2.309 1.312 0.7679 0.4595 0.2589 0.135 0.07497 0.04342 0.02526 0.01475 0.008017 0.004487 0.002475 0.003168
0.4375 5.025 13.22 8.589 5.679 3.539 2.058 1.191 0.6771 0.3962 0.2371 0.1336 0.06965 0.03868 0.0224 0.01303 0.00761 0.004137 0.002315 0.002912
0.3859 4.553 11.85 8.34 4.457 2.947 1.836 1.068 0.6182 0.3513 0.2056 0.123 0.0693 0.03614 0.02007 0.01163 0.006763 0.003949 0.002146 0.002712
0.3293 4.309 11.52 8.058 4.666 2.494 1.649 1.027 0.5976 0.3459 0.1966 0.115 0.06883 0.03878 0.02022 0.01123 0.006505 0.003784 0.002209 0.002719
0.3425 3.932 11.58 8.286 4.768 2.761 1.475 0.9755 0.608 0.3536 0.2047 0.1163 0.06806 0.04073 0.02294 0.01196 0.006645 0.003849 0.002239 0.002916
0.317 3.427 8.887 6.958 4.089 2.353 1.363 0.7282 0.4814 0.3 0.1745 0.101 0.05741 0.03359 0.0201 0.01132 0.005905 0.003279 0.001899 0.002544
0.3078 3.607 8.805 6.118 3.941 2.316 1.333 0.7718 0.4124 0.2727 0.1699 0.09883 0.05721 0.03252 0.01903 0.01138 0.006414 0.003344 0.001857 0.002517
0.3173 3.586 9.433 6.14 3.507 2.259 1.327 0.7638 0.4424 0.2364 0.1563 0.0974 0.05664 0.03279 0.01864 0.0109 0.006525 0.003676 0.001917 0.002507
0.2528 3.124 7.974 5.569 2.974 1.699 1.094 0.6431 0.37 0.2143 0.1145 0.07571 0.04718 0.02744 0.01588 0.009028 0.005282 0.003161 0.001781 0.002143
0.225 2.858 7.978 5.455 3.134 1.674 0.956 0.6158 0.3619 0.2082 0.1206 0.06445 0.04261 0.02655 0.01544 0.008939 0.005081 0.002973 0.001779 0.002208
0.2092 2.414 6.929 5.169 2.905 1.669 0.8915 0.5091 0.328 0.1927 0.1109 0.06423 0.03432 0.02269 0.01414 0.008225 0.004761 0.002706 0.001583 0.002124
0.2085 2.342 6.099 4.683 2.872 1.615 0.9276 0.4954 0.283 0.1823 0.1071 0.06164 0.03569 0.01907 0.01261 0.00786 0.004571 0.002646 0.001504 0.00206
0.1707 2.133 5.431 3.78 2.385 1.463 0.8225 0.4726 0.2524 0.1441 0.09285 0.05457 0.0314 0.01818 0.009717 0.006425 0.004004 0.002329 0.001348 0.001816
0.1749 1.919 5.433 3.716 2.129 1.344 0.8243 0.4634 0.2662 0.1422 0.0812 0.05231 0.03074 0.01769 0.01024 0.005474 0.003619 0.002256 0.001312 0.001782
0.1659 2.027 5.014 3.802 2.14 1.226 0.7736 0.4746 0.2668 0.1533 0.08185 0.04675 0.03011 0.0177 0.01018 0.005897 0.003151 0.002084 0.001299 0.001781
0.1568 1.846 5.07 3.34 2.08 1.171 0.6708 0.4233 0.2597 0.146 0.08386 0.04479 0.02558 0.01648 0.009684 0.005572 0.003227 0.001725 0.00114 0.001685
0.1423 1.73 4.57 3.335 1.804 1.124 0.6325 0.3624 0.2287 0.1403 0.07885 0.0453 0.0242 0.01382 0.008902 0.005232 0.00301 0.001743 0.0009316 0.001526
0.1222 1.39 3.822 2.686 1.609 0.8705 0.5423 0.3052 0.1749 0.1103 0.06769 0.03805 0.02186 0.01167 0.006668 0.004295 0.002524 0.001452 0.0008411 0.001186
0.1189 1.502 3.842 2.832 1.638 0.9815 0.531 0.3307 0.1861 0.1066 0.0673 0.04128 0.02321 0.01333 0.007121 0.004067 0.00262 0.00154 0.0008859 0.001236
0.1037 1.261 3.58 2.432 1.471 0.8511 0.5099 0.2758 0.1718 0.09669 0.0554 0.03496 0.02145 0.01205 0.006926 0.003699 0.002113 0.001361 0.0007998 0.001102
0.09148 1.149 3.14 2.371 1.323 0.8005 0.463 0.2774 0.1501 0.09348 0.05261 0.03014 0.01902 0.01167 0.006559 0.003768 0.002013 0.001149 0.0007404 0.001035
0.07783 0.9207 2.612 1.9 1.178 0.6573 0.3977 0.2301 0.1378 0.07456 0.04644 0.02614 0.01498 0.00945 0.005797 0.003259 0.001872 0.0009999 0.0005711 0.0008821
0.07113 0.8442 2.263 1.722 1.03 0.6388 0.3564 0.2156 0.1247 0.07472 0.04042 0.02518 0.01417 0.008119 0.005124 0.003143 0.001767 0.001015 0.0005421 0.0007878
0.06946 0.8181 2.192 1.575 0.9863 0.5901 0.3659 0.2041 0.1235 0.07145 0.04281 0.02316 0.01442 0.008118 0.004651 0.002935 0.001801 0.001012 0.0005815 0.0007619
0.06903 0.78 2.067 1.478 0.8727 0.5463 0.3269 0.2027 0.1131 0.06843 0.03958 0.02371 0.01283 0.00799 0.004497 0.002577 0.001626 0.0009974 0.0005606 0.0007442
0.0574 0.7127 1.818 1.283 0.7534 0.445 0.2785 0.1666 0.1034 0.05766 0.03489 0.02018 0.01209 0.00654 0.004074 0.002293 0.001314 0.000829 0.0005085 0.0006653
0.05816 0.6839 1.908 1.301 0.755 0.4433 0.2618 0.1639 0.09805 0.06081 0.03392 0.02053 0.01187 0.007113 0.003848 0.002397 0.001349 0.0007729 0.0004877 0.0006906
