Originally  
101 
A 
2	100	
1	1	NA	NA	
1	20	
1 480.9 302.8 285 285 178.1 106.9 0 71.25 35.62 17.81 17.81 0 0 0 0 0 0 0 0 0
1 135.5 348.3 154.8 77.4 96.75 38.7 38.7 19.35 19.35 19.35 0 0 0 0 0 0 0 0 0 19.35
1 235.9 81.35 122 89.48 89.48 48.81 65.08 32.54 16.27 16.27 0 0 0 8.135 0 0 0 8.135 0 0
1 345.5 167.2 156 156 78.01 78.01 33.43 22.29 33.43 0 11.14 11.14 0 11.14 11.14 0 0 0 0 0
1 284.8 167 137.5 39.29 98.22 68.75 49.11 78.57 29.46 9.822 9.822 0 9.822 0 0 0 0 0 0 0
1 314.6 238.6 151.9 97.62 75.93 43.39 75.93 21.69 10.85 10.85 10.85 10.85 10.85 0 0 0 10.85 0 0 0
1 415.1 327.1 163.5 88.06 88.06 0 37.74 12.58 12.58 25.16 50.32 12.58 0 0 0 0 12.58 12.58 0 0
1 364 171.3 128.5 96.34 64.23 74.93 53.52 42.82 10.7 21.41 10.7 0 0 0 10.7 0 0 10.7 0 10.7
1 525.7 240.3 240.3 150.2 105.1 60.08 60.08 0 15.02 15.02 15.02 60.08 0 15.02 0 0 0 0 0 0
1 259 199.2 129.5 109.6 69.72 59.76 49.8 49.8 9.961 39.84 9.961 0 0 0 9.961 0 0 0 0 0
1 498.9 315.1 144.4 78.77 105 52.51 65.64 0 13.13 13.13 0 26.26 0 0 0 0 0 0 0 0
1 360.8 327 225.5 78.93 33.83 0 11.28 0 0 11.28 11.28 11.28 11.28 11.28 22.55 0 0 0 11.28 0
1 373.9 219.9 230.9 98.98 43.99 43.99 11 0 21.99 0 21.99 11 0 11 0 0 0 11 0 0
1 442.6 209 147.5 172.1 98.36 36.89 0 36.89 12.3 12.3 24.59 0 12.3 12.3 12.3 0 0 0 0 0
1 506 209.8 185.1 111.1 135.8 37.02 12.34 0 0 0 0 0 0 0 12.34 0 12.34 0 12.34 0
1 423.3 312.9 368.1 257.6 202.4 110.4 36.81 18.4 18.4 0 18.4 18.4 0 0 0 0 0 18.4 36.81 0
1 362.2 203.7 237.7 90.55 79.23 101.9 33.95 0 11.32 0 11.32 0 0 0 0 0 0 0 0 0
1 363.4 192.4 160.3 138.9 53.44 32.06 53.44 10.69 10.69 0 10.69 0 10.69 0 10.69 0 0 0 10.69 10.69
1 504.6 305.8 305.8 91.74 122.3 122.3 30.58 15.29 0 0 15.29 0 0 15.29 0 0 0 0 0 0
1 376.7 211.9 211.9 153 35.31 47.09 23.54 47.09 35.31 11.77 0 0 0 0 11.77 0 0 0 11.77 0
1 399 526 344.6 217.7 72.55 36.28 108.8 18.14 18.14 0 18.14 18.14 18.14 0 0 0 0 0 0 18.14
1 364 351 195 130 117 26 39 26 13 13 0 0 0 0 0 13 13 0 0 0
1 430.6 221.5 110.7 98.42 98.42 110.7 73.82 12.3 36.91 36.91 0 0 0 0 0 0 0 0 0 0
1 510.2 396.8 283.4 207.8 132.3 94.48 37.79 75.58 37.79 37.79 0 0 18.9 18.9 0 18.9 0 0 18.9 0
1 272.5 198.2 185.8 99.08 99.08 136.2 74.31 49.54 12.39 49.54 12.39 12.39 24.77 12.39 0 0 0 0 0 0
1 526.9 278.1 175.6 161 102.5 117.1 14.64 43.91 14.64 0 0 0 14.64 0 0 14.64 0 0 0 0
1 392.6 232.6 319.9 101.8 145.4 72.7 87.24 29.08 14.54 14.54 14.54 29.08 0 0 0 0 0 0 0 0
1 360.2 285.7 223.6 62.1 99.37 124.2 24.84 37.26 12.42 0 0 0 12.42 0 0 0 0 0 0 0
1 382.9 207.9 186 98.46 76.58 43.76 54.7 10.94 10.94 10.94 0 0 0 0 0 0 0 0 10.94 0
1 394 368.5 88.96 101.7 152.5 50.83 50.83 50.83 0 12.71 0 0 0 0 0 0 0 0 0 0
1 429.3 325.7 266.5 103.6 133.2 74.02 29.61 14.8 44.41 14.8 0 29.61 14.8 0 0 0 0 0 0 0
1 406.3 311.5 176 121.9 121.9 94.79 13.54 54.17 27.08 0 0 0 27.08 0 0 0 0 0 0 0
1 690.5 517.9 302.1 172.6 172.6 107.9 86.31 64.74 0 0 0 0 43.16 0 0 0 0 0 0 0
1 685.3 507.6 431.5 177.7 329.9 50.76 101.5 76.14 50.76 50.76 0 0 0 0 50.76 0 25.38 0 0 0
1 602.1 344 292.4 86.01 120.4 120.4 86.01 17.2 0 17.2 17.2 0 0 0 0 0 0 17.2 0 0
1 442.8 332.1 387.4 166 202.9 92.24 73.79 18.45 0 18.45 0 18.45 36.9 36.9 0 0 0 18.45 0 0
1 392.7 222.5 157.1 91.63 104.7 65.45 91.63 65.45 13.09 39.27 26.18 13.09 13.09 0 0 0 0 13.09 0 0
1 527.4 470.9 320.2 207.2 169.5 37.67 56.51 18.84 37.67 37.67 0 0 0 0 0 0 0 0 0 0
1 414.7 314.6 185.9 100.1 71.49 42.9 100.1 42.9 100.1 28.6 0 0 14.3 14.3 0 0 0 0 0 0
1 599.4 333 233.1 149.8 133.2 66.6 66.6 33.3 33.3 0 0 0 16.65 0 0 0 0 0 0 0
1 498.3 318.3 207.6 69.21 96.89 41.52 13.84 83.05 13.84 13.84 13.84 0 13.84 0 0 0 0 0 0 0
1 409.6 303.9 237.8 185 39.64 79.28 52.85 13.21 0 0 0 0 0 0 0 0 0 0 0 0
1 288 277.7 226.3 123.4 20.57 41.14 10.29 20.57 10.29 10.29 0 0 0 0 0 0 0 0 0 0
1 459.8 273.4 273.4 49.71 86.99 37.28 12.43 0 12.43 12.43 12.43 12.43 0 0 0 0 0 0 0 0
1 649.5 451 288.7 144.3 72.16 108.2 18.04 54.12 0 0 0 0 0 18.04 0 0 0 0 0 0
1 599.7 363 220.9 63.13 189.4 31.56 31.56 31.56 31.56 15.78 0 0 0 0 0 0 0 0 0 0
1 545.1 396.5 297.3 165.2 115.6 33.04 16.52 33.04 33.04 0 16.52 0 0 0 0 0 0 0 0 0
1 566.3 566.3 318.5 159.3 53.09 70.79 35.39 0 0 0 0 0 0 0 0 0 0 0 0 0
1 598.7 359.2 376.4 136.9 102.6 68.43 17.11 34.21 0 17.11 0 0 0 0 0 0 0 0 0 0
1 872.2 446.8 425.5 212.7 106.4 0 42.55 0 21.27 0 0 0 0 0 0 0 0 0 0 0
1 570.4 371.5 159.2 119.4 66.33 13.27 0 26.53 0 0 0 0 0 0 0 0 0 0 0 0
1 474.1 379.3 331.9 205.4 63.21 47.41 31.61 0 31.61 15.8 0 0 0 0 0 0 0 0 0 0
1 447 312.9 122.9 111.7 22.35 55.87 33.52 0 0 0 0 0 0 11.17 0 0 0 0 0 0
1 476.9 550.3 348.5 201.8 73.37 91.71 55.03 18.34 0 0 0 18.34 0 0 0 0 0 0 0 0
1 380.8 357 178.5 130.9 59.49 47.59 35.7 0 0 0 0 0 0 0 0 0 0 0 0 0
1 703.7 319.8 191.9 239.9 63.97 15.99 31.98 15.99 0 0 0 0 15.99 0 0 0 0 0 0 0
1 504.5 345.9 259.4 201.8 72.07 28.83 14.41 14.41 0 0 0 0 0 0 0 0 0 0 0 0
1 441.8 360.4 151.2 104.6 58.13 23.25 11.63 11.63 0 0 0 0 0 0 0 0 0 0 0 0
1 567.7 373.1 259.5 194.6 64.88 129.8 32.44 0 0 0 0 0 0 0 0 0 0 0 0 0
1 382.3 273 185.7 142 21.84 32.76 32.76 10.92 10.92 0 0 0 0 0 0 0 0 0 0 0
1 372 385.7 303.1 179.1 96.43 27.55 13.78 0 0 0 0 0 0 0 0 0 0 0 0 0
1 197.2 203.4 80.12 92.45 24.65 6.163 0 0 6.163 6.163 0 0 0 0 0 0 0 0 0 0
1 449.2 288 207.3 92.15 80.63 23.04 11.52 0 0 0 0 0 0 0 0 0 0 0 0 0
1 689.8 367.9 184 107.3 76.65 45.99 30.66 15.33 15.33 0 0 0 0 0 0 0 0 0 0 0
1 311.5 236 207.7 56.64 56.64 18.88 18.88 18.88 0 9.44 0 9.44 0 0 0 0 0 0 0 0
1 226.8 202.5 194.4 89.11 32.41 24.3 16.2 24.3 0 0 0 0 0 0 0 0 0 0 0 0
1 305 239.1 131.9 41.22 49.47 16.49 32.98 8.244 0 0 0 0 0 0 0 0 0 0 0 0
1 220.9 160 160 99.04 60.94 38.09 22.85 0 0 0 0 0 0 0 0 0 0 0 0 0
1 166.2 172.6 147 63.93 44.75 12.79 19.18 12.79 0 0 0 0 0 0 0 0 0 0 0 0
1 184.7 106.4 151.1 55.97 22.39 11.19 16.79 5.597 0 0 5.597 0 0 0 0 0 0 0 0 0
1 277.9 188.6 158.8 168.7 89.31 9.924 39.69 29.77 9.924 9.924 9.924 0 0 0 0 0 0 0 0 0
1 253.9 167.2 86.7 68.12 6.193 6.193 6.193 6.193 12.39 6.193 0 0 0 0 0 0 0 0 0 0
1 194.3 194.3 54.66 91.09 30.36 18.22 6.073 0 6.073 6.073 6.073 0 0 0 0 0 0 0 0 0
1 202.3 106.8 112.4 56.19 33.72 16.86 5.619 0 0 5.619 11.24 11.24 0 0 0 0 0 0 0 0
1 155.3 105 77.64 68.51 31.97 0 13.7 4.567 0 0 0 0 0 0 0 0 0 0 0 0
1 278.9 125.5 125.5 69.74 41.84 41.84 6.974 6.974 0 0 0 0 0 0 0 0 0 0 0 0
1 100.7 100.7 92.33 54.56 8.394 20.98 16.79 4.197 0 4.197 4.197 8.394 0 0 0 4.197 0 0 0 0
1 134.5 86.47 38.43 22.42 16.01 6.405 6.405 6.405 0 3.203 0 0 0 0 0 0 0 0 0 0
1 78.51 84.11 36.45 42.06 14.02 11.22 8.411 2.804 0 0 2.804 0 0 0 0 0 0 0 0 0
1 124.5 105 70.02 58.35 7.78 15.56 0 0 7.78 0 0 0 0 0 0 0 0 0 0 0
1 94.09 49.52 29.71 29.71 7.429 12.38 9.905 4.952 2.476 4.952 2.476 0 0 0 0 0 0 0 0 0
1 97.8 64.18 51.95 24.45 33.62 15.28 9.168 3.056 6.112 0 0 0 0 0 0 0 0 0 0 0
1 80.37 68.2 24.36 24.36 29.23 7.307 7.307 0 0 0 2.436 0 0 0 0 0 0 0 0 0
1 71.24 82.2 38.36 38.36 24.66 16.44 0 2.74 0 0 0 0 0 0 0 0 0 0 0 0
1 57.31 47.43 39.53 23.72 5.929 7.905 1.976 3.953 1.976 5.929 0 1.976 0 0 0 0 0 0 0 0
1 78.61 38.35 40.26 9.587 7.669 5.752 3.835 5.752 0 0 0 0 1.917 0 0 0 0 0 0 0
1 77.7 51.12 28.63 16.36 14.31 10.22 2.045 0 4.089 0 0 0 0 0 0 0 0 0 0 0
1 45.63 29.25 15.21 10.53 8.191 1.17 2.34 1.17 3.51 0 0 0 0 0 0 0 0 0 0 0
1 62.59 51.8 49.64 17.27 15.11 6.475 4.316 2.158 4.316 0 2.158 0 0 0 0 0 0 0 0 0
1 54.96 26.03 28.93 11.57 10.12 5.785 2.893 2.893 1.446 0 0 0 0 0 0 0 0 0 0 0
1 26.18 25.13 24.08 11.52 7.329 3.141 5.235 2.094 0 0 0 0 0 0 0 0 0 0 0 0
1 36.34 22.71 21.58 12.49 7.95 5.679 3.407 0 2.271 1.136 0 0 0 0 0 0 0 0 0 0
1 18.62 21.05 19.43 11.33 4.857 2.428 1.619 1.619 0 0 0 0 0 0 0 0 0 0 0 0
1 26.62 32.76 17.4 13.31 4.095 2.047 3.071 0 1.024 0 1.024 1.024 0 0 0 0 0 0 0 0
1 27.06 22.7 13.97 6.984 6.111 6.111 1.746 0.873 0.873 0 0 0.873 0 0 0 0 0 0 0 0
1 31.85 27.3 28.44 11.38 7.963 2.275 2.275 1.138 1.138 0 0 0 0 0 0 0 0 0 0 0
1 23.45 13.79 11.04 8.966 4.138 1.379 2.069 2.759 0.6897 0 0.6897 0 0 0 0 0 0 0 0 0
1 19.46 16.03 8.015 4.007 3.435 3.435 0.5725 1.145 0.5725 0 0 0 0 0 0.5725 0 0 0 0 0
1 22.57 21.16 11.28 4.936 6.347 2.116 2.116 0 0 0 0 0 0 0 0 0 0 0 0 0
