CCGOMYT 
104 
NEFSC_Spring 
1985 2016 
1 1 0 0 
1 6 
1 17.779 297.522 328.069 79.28 49.03 12.508
1 6.161 680.523 75.123 51.888 37.747 NA
1 19.672 504.37 743.806 200.835 170.214 468.516
1 324.098 1411.49 342.247 190.22 99.62 57.122
1 55.934 687.39 455.043 117.435 122.372 NA
1 NA 715.004 1990.5 80.282 NA 32.068
1 136.921 1169.05 948.501 300.974 68.59 15.477
1 18.855 357.725 688.949 186.211 7.015 NA
1 24.571 253.243 403.749 210.374 NA NA
1 113.835 863.023 517.695 310.402 192.892 71.671
1 69.11 393.987 1507.77 1124.54 172.59 18.113
1 5.716 213.38 543.157 775.689 129.312 NA
1 8.166 334.23 727.661 571.291 65.361 NA
1 NA 274.733 1115.45 341.728 54.412 NA
1 6.792 301.234 1081.79 524.599 106.078 80.727
1 26.909 3720.29 6645.93 789.756 82.769 32.18
1 NA 442.498 1854.06 390.35 81.841 NA
1 5.753 603.804 2731.63 1262.84 72.413 19.968
1 36.114 338.387 927.308 663.079 304.092 9.799
1 141.783 230.454 971.29 151.285 52.445 NA
1 26.427 224.701 1474.58 495.648 NA NA
1 52 429.433 1319.66 465.955 36.634 12.916
1 11.617 871.931 2401.89 1587.16 82.472 NA
1 66.475 679.855 3048.53 601.911 59.311 17.779
1 144.27 1091.47 2951.47 1840.18 143.157 NA
1 35.631 1073.25 3895.3 1813.94 279.336 23.272
1 68.479 78.575 2207.29 1712.39 255.952 31.14
1 90.7889 794.199 3263.92 2563.75 749.397 42.3298
1 152.606 2360.29 2529.81 1719.7 624.518 75.9643
1 88.7018 3980.19 2302.74 837.363 165.42 23.1768
1 45.596 1450.54 2967.72 677.109 153.115 32.7564
1 80.7275 2152.21 3739.44 1170.12 228.932 84.0679
NEFSC_Fall 
1985 2016 
1 1 0.5 0.5 
1 5 
1 1413.93 568.854 428.029 36.825 NA
1 380.126 1057.06 92.983 NA NA
1 151.013 414.251 168.444 14.607 5.493
1 944.009 1429.24 139.505 42.287 NA
1 452.18 1343.68 581.191 79.91 55.237
1 912.922 1617.6 749.604 11.876 2.547
1 492.105 439.445 438.524 88.81 NA
1 802.938 913.321 576.557 308.348 45.172
1 1151.18 1204.36 160.741 26.483 NA
1 795.942 2398.44 794.407 265.293 114.096
1 158.255 220.981 329.768 86.907 52.537
1 340.478 935.079 1585.19 379.359 42.901
1 330.412 782.961 930.476 394.641 183.726
1 328.632 951.865 384.023 312.123 75.215
1 1321.19 2600.64 1777.76 543.967 228.131
1 281.742 2137.51 1412.7 71.993 NA
1 42.41 1201.88 714.558 29.767 NA
1 128.765 445.337 180.995 43.423 6.076
1 183.174 2692.77 566.583 133.184 77.486
1 74.632 363.739 197.934 7.703 NA
1 497.782 424.562 185.23 17.124 NA
1 747.701 476.7 267.902 21.512 NA
1 119.865 2033.08 1562.12 461.11 40.139
1 445.49 1803.01 2712.28 858.237 18.106
1 647.69 4283.76 2716.92 194.896 21.635
1 969.878 4539.6 2576.18 302.579 14.546
1 304.063 1945.3 1068.63 405.889 102.094
1 706.627 2468.46 1330.44 264.932 72.0819
1 1384.62 2496.94 2076.11 611.399 47.2772
1 1597.95 2284.93 477.714 120.093 NA
1 675.555 1972.87 402.559 37.1626 7.6412
1 874.624 2084.05 979.883 118.576 16.7861
MADMF_Spring 
1985 2016 
1 1 0 0 
1 6 
1 497.025 2103.63 1910.25 411.883 120.197 92.191
1 501.852 4329.55 464.109 68.492 22.575 18.625
1 680.968 1275.2 1350.77 268.316 69.342 40.678
1 826.262 3476.24 664.4 183.778 11.191 NA
1 203.391 4955.85 907.756 252.106 12.042 NA
1 260.033 2761.28 4097.02 179.061 35.576 11.383
1 15.717 1207.94 819.679 511.946 112.215 36.865
1 323.724 2204.19 2112.49 558.001 361.111 20.737
1 188.249 1625.23 1489.07 495.461 62.156 79.902
1 610.583 5578.25 1899.17 390.159 88.351 29.13
1 1659.05 2801.77 5042.39 624.298 265.436 5.733
1 291.083 3229.86 2758.71 1418.99 393.615 14.647
1 133.088 2997.84 2082.4 724.224 87.226 NA
1 157.748 841.102 2369.43 228.626 38.676 4.416
1 65.063 1290.62 2134.19 239.762 17.829 NA
1 159.393 3767.02 5794.89 1946.43 240.119 82.7
1 32.175 1681.24 6305.24 1739.26 280.303 NA
1 115.78 296.35 3236.09 1244.84 58.507 40.706
1 12.672 1873.41 1796.06 1977.89 301.671 11.904
1 42.351 608.169 1987.88 978.524 124.146 5.074
1 92.136 1537.73 3878.14 1018.3 19.009 6.364
1 167.266 1648.88 5099.96 1370.38 60.482 25.153
1 128.261 3236.04 4743.18 1731.22 182.709 NA
1 12.974 2064.76 7819.03 2715.04 284.994 NA
1 85.526 2261.08 5276.17 2753 205.695 16.101
1 62.567 1499.91 6217.11 2342.22 444.853 30.392
1 74.828 622.076 5650.77 4028.89 381.162 5.458
1 157.042 607.602 1406.87 1695.74 212.169 9.609
1 15.483 2893.89 1957.24 1035.8 556.321 20.959
1 37.327 1953.91 1975.04 523.299 84.941 21.633
1 50.647 2936.55 7526.57 1536.37 329.055 59.647
1 272.42 6938.47 8525.14 2341.29 560.23 105.76
MADMF_Fall 
1985 2016 
1 1 0.5 0.5 
1 5 
1 1564.31 447.514 282.69 NA NA
1 712.457 1357.08 55.545 9.107 1.975
1 1605.89 629.592 135.118 19.393 5.458
1 2457.53 3083.31 622.68 41.282 NA
1 723.36 1431.19 263.352 28.335 NA
1 1425.33 3273.59 1327.76 1.591 NA
1 1030.97 1409.61 1379.05 235.127 NA
1 1968.6 993.473 569.549 129.331 55.572
1 2301.78 1998.66 1591.37 393.012 NA
1 562.17 2375.3 349.234 36.07 NA
1 2356.23 3484.55 1235.51 NA NA
1 468.306 815.51 463.423 32.833 NA
1 274.708 1410.27 171.271 21.697 12.59
1 1617.77 1438.85 464.027 NA NA
1 1296.73 2669.89 846.478 134.789 16.513
1 317.086 1825.25 808.515 56.148 23.864
1 188.359 1638.26 868.586 29.679 NA
1 427.271 178.869 626.355 250.734 9.93
1 151.082 1612.42 856.737 655.815 15.991
1 638.177 2381.74 1743.59 522.562 2.524
1 242.094 1165.05 1046.99 56.231 NA
1 343.254 1370.38 1044.44 111.995 NA
1 105.055 1206.46 931.784 155.718 NA
1 745.125 1481.99 1547.39 183.778 16.513
1 939.135 2279.18 693.805 61.771 1.755
1 362.674 2800.56 1858.03 228.077 6.83
1 1259.2 3623.31 2512.59 626.675 10.367
1 440.802 1064.03 758.889 221.617 10.391
1 1024.62 1306.94 479.547 86.035 12.475
1 1616.48 1538.2 464.897 71.08 20.142
1 6377.91 1810.67 292.161 25.376 NA
1 4040.93 3070.32 624.62 54.762 8.58
