 landings-at-age - landings.n (units : NA )
1	2	
2	100	
1	20	
1 
0.02659 0.2984 0.8352 0.6934 0.4839 0.3377 0.2357 0.1644 0.1148 0.08008 0.05589 0.039 0.02722 0.01899 0.01325 0.009249 0.006454 0.004504 0.003143 0.007259
0.01215 0.05216 0.1462 0.1214 0.08475 0.05914 0.04127 0.0288 0.0201 0.01403 0.009787 0.00683 0.004766 0.003326 0.002321 0.00162 0.00113 0.0007888 0.0005504 0.001271
0.005828 0.1364 0.1464 0.1219 0.08515 0.05942 0.04147 0.02894 0.02019 0.01409 0.009834 0.006862 0.004789 0.003342 0.002332 0.001627 0.001136 0.0007925 0.000553 0.001277
0.002191 0.06543 0.3827 0.122 0.08549 0.0597 0.04166 0.02907 0.02029 0.01416 0.00988 0.006895 0.004811 0.003358 0.002343 0.001635 0.001141 0.0007963 0.0005557 0.001283
0.001498 0.0246 0.1836 0.3191 0.08557 0.05994 0.04186 0.02921 0.02038 0.01423 0.009927 0.006927 0.004834 0.003374 0.002354 0.001643 0.001146 8e-04 0.0005583 0.001289
0.01332 0.01682 0.06904 0.1531 0.2238 0.06 0.04203 0.02935 0.02048 0.01429 0.009974 0.00696 0.004857 0.00339 0.002365 0.001651 0.001152 0.0008038 0.0005609 0.001295
0.005946 0.1495 0.04718 0.05757 0.1073 0.1569 0.04207 0.02947 0.02058 0.01436 0.01002 0.006993 0.00488 0.003406 0.002377 0.001658 0.001157 0.0008076 0.0005636 0.001302
0.009043 0.06676 0.4196 0.03935 0.04037 0.07527 0.11 0.0295 0.02066 0.01443 0.01007 0.007026 0.004903 0.003422 0.002388 0.001666 0.001163 0.0008114 0.0005663 0.001308
0.009198 0.1015 0.1873 0.3499 0.02759 0.0283 0.05277 0.07712 0.02068 0.01449 0.01012 0.00706 0.004926 0.003438 0.002399 0.001674 0.001168 0.0008153 0.0005689 0.001314
0.007828 0.1033 0.2849 0.1562 0.2453 0.01934 0.01984 0.037 0.05407 0.0145 0.01016 0.007093 0.00495 0.003454 0.00241 0.001682 0.001174 0.0008191 0.0005716 0.00132
0.01097 0.08789 0.2898 0.2376 0.1095 0.172 0.01356 0.01391 0.02594 0.03791 0.01017 0.007121 0.004973 0.003471 0.002422 0.00169 0.001179 0.000823 0.0005743 0.001326
0.007009 0.1232 0.2466 0.2417 0.1666 0.0768 0.1206 0.009509 0.009755 0.01819 0.02658 0.007128 0.004993 0.003487 0.002433 0.001698 0.001185 0.0008269 0.0005771 0.001333
0.003402 0.0787 0.3456 0.2057 0.1694 0.1168 0.05385 0.08456 0.006667 0.00684 0.01275 0.01864 0.004998 0.003501 0.002445 0.001706 0.001191 0.0008308 0.0005798 0.001339
0.006935 0.03819 0.2208 0.2882 0.1442 0.1188 0.08189 0.03775 0.05929 0.004675 0.004796 0.008942 0.01307 0.003504 0.002455 0.001714 0.001196 0.0008348 0.0005825 0.001345
0.003157 0.07787 0.1072 0.1841 0.202 0.1011 0.08329 0.05742 0.02647 0.04157 0.003278 0.003362 0.00627 0.009163 0.002457 0.001721 0.001202 0.0008387 0.0005853 0.001352
0.005006 0.03545 0.2185 0.08937 0.1291 0.1417 0.07089 0.0584 0.04026 0.01856 0.02915 0.002298 0.002358 0.004396 0.006424 0.001723 0.001207 0.0008427 0.0005881 0.001358
0.002733 0.05621 0.09946 0.1822 0.06266 0.09053 0.09932 0.0497 0.04095 0.02823 0.01301 0.02044 0.001611 0.001653 0.003082 0.004504 0.001208 0.000846 0.0005908 0.001365
0.00315 0.03069 0.1577 0.08294 0.1277 0.04393 0.06347 0.06964 0.03485 0.02871 0.01979 0.009124 0.01433 0.00113 0.001159 0.002161 0.003158 0.0008469 0.0005932 0.001371
0.007829 0.03537 0.08611 0.1315 0.05815 0.08957 0.0308 0.0445 0.04883 0.02443 0.02013 0.01388 0.006397 0.01005 0.0007921 0.0008126 0.001515 0.002214 0.0005938 0.001377
0.001848 0.0879 0.09923 0.0718 0.09222 0.04077 0.0628 0.0216 0.0312 0.03424 0.01713 0.01411 0.009729 0.004485 0.007044 0.0005554 0.0005698 0.001062 0.001553 0.001382
0.005839 0.02074 0.2466 0.08275 0.05035 0.06466 0.02859 0.04403 0.01514 0.02188 0.024 0.01201 0.009896 0.006822 0.003145 0.004939 0.0003894 0.0003995 0.0007449 0.002058
0.004397 0.06556 0.05821 0.2057 0.05802 0.0353 0.04533 0.02004 0.03087 0.01062 0.01534 0.01683 0.008422 0.006938 0.004783 0.002205 0.003463 0.000273 0.0002801 0.001965
0.008327 0.04937 0.184 0.04854 0.1442 0.04068 0.02475 0.03179 0.01405 0.02165 0.007444 0.01076 0.0118 0.005905 0.004865 0.003354 0.001546 0.002428 0.0001914 0.001574
0.01402 0.0935 0.1385 0.1534 0.03403 0.1011 0.02852 0.01735 0.02229 0.009854 0.01518 0.00522 0.007541 0.008274 0.00414 0.003411 0.002351 0.001084 0.001702 0.001238
0.002485 0.1575 0.2623 0.1155 0.1076 0.02386 0.07089 0.02 0.01217 0.01563 0.006909 0.01064 0.00366 0.005287 0.005801 0.002903 0.002392 0.001649 0.00076 0.002061
0.008644 0.02791 0.4419 0.2188 0.08099 0.07541 0.01673 0.04971 0.01402 0.008531 0.01096 0.004844 0.007461 0.002566 0.003707 0.004067 0.002035 0.001677 0.001156 0.001978
0.004875 0.09706 0.0783 0.3685 0.1534 0.05679 0.05288 0.01173 0.03485 0.009831 0.005981 0.007682 0.003396 0.005231 0.001799 0.002599 0.002852 0.001427 0.001176 0.002198
0.0113 0.05473 0.2723 0.06529 0.2583 0.1075 0.03982 0.03707 0.008225 0.02444 0.006893 0.004194 0.005386 0.002381 0.003668 0.001261 0.001822 0.002 0.001001 0.002365
0.004501 0.1269 0.1536 0.2271 0.04578 0.1811 0.0754 0.02792 0.02599 0.005767 0.01713 0.004833 0.00294 0.003776 0.00167 0.002572 0.0008844 0.001278 0.001402 0.00236
0.004938 0.05054 0.3561 0.1281 0.1592 0.0321 0.127 0.05287 0.01957 0.01823 0.004043 0.01201 0.003389 0.002062 0.002648 0.001171 0.001803 0.0006201 0.0008959 0.002638
0.002824 0.05544 0.1418 0.297 0.0898 0.1116 0.02251 0.08905 0.03707 0.01372 0.01278 0.002835 0.008423 0.002376 0.001446 0.001856 0.0008208 0.001264 0.0004348 0.002477
0.006447 0.03171 0.1556 0.1182 0.2082 0.06296 0.07828 0.01578 0.06243 0.02599 0.009623 0.00896 0.001988 0.005905 0.001666 0.001014 0.001302 0.0005755 0.0008864 0.002042
0.007291 0.07238 0.08898 0.1297 0.08291 0.146 0.04414 0.05488 0.01106 0.04378 0.01822 0.006747 0.006282 0.001394 0.004141 0.001168 0.0007106 0.0009126 0.0004035 0.002053
0.007614 0.08186 0.2031 0.07419 0.09096 0.05813 0.1024 0.03095 0.03848 0.007757 0.03069 0.01278 0.00473 0.004405 0.0009772 0.002903 0.0008189 0.0004983 0.0006399 0.001723
0.004528 0.08549 0.2297 0.1694 0.05202 0.06377 0.04076 0.07177 0.0217 0.02698 0.005439 0.02152 0.008959 0.003317 0.003088 0.0006851 0.002036 0.0005742 0.0003493 0.001656
0.006041 0.05085 0.2399 0.1915 0.1188 0.03647 0.04472 0.02858 0.05032 0.01522 0.01892 0.003814 0.01509 0.006281 0.002325 0.002165 0.0004804 0.001427 0.0004026 0.001406
0.004655 0.06783 0.1427 0.2 0.1343 0.08326 0.02557 0.03135 0.02004 0.03528 0.01067 0.01326 0.002674 0.01058 0.004404 0.00163 0.001518 0.0003368 0.001001 0.001268
0.004086 0.05227 0.1903 0.119 0.1402 0.09416 0.05838 0.01793 0.02198 0.01405 0.02474 0.00748 0.0093 0.001875 0.007418 0.003088 0.001143 0.001064 0.0002362 0.001591
0.005481 0.04588 0.1467 0.1587 0.08342 0.09833 0.06602 0.04093 0.01257 0.01541 0.00985 0.01735 0.005245 0.006521 0.001314 0.005201 0.002165 0.0008016 0.0007463 0.001281
1.084 15.86 30.74 28.65 26.07 13.7 16.15 10.84 6.723 2.065 2.532 1.618 2.849 0.8615 1.071 0.2159 0.8543 0.3556 0.1317 0.333
2.225 11.15 36.89 19.08 14.62 13.3 6.99 8.24 5.533 3.43 1.054 1.292 0.8254 1.454 0.4395 0.5464 0.1102 0.4358 0.1814 0.2371
2.33 27.17 30.6 27.11 11.54 8.839 8.042 4.227 4.983 3.345 2.074 0.6371 0.781 0.4991 0.8789 0.2658 0.3304 0.06661 0.2635 0.2531
1.535 23.02 60.58 18.12 13.17 5.606 4.294 3.907 2.053 2.421 1.625 1.008 0.3095 0.3794 0.2425 0.427 0.1291 0.1605 0.03236 0.251
0.6455 16.39 55.76 39.34 9.678 7.036 2.995 2.294 2.087 1.097 1.293 0.8683 0.5383 0.1653 0.2027 0.1295 0.2281 0.06897 0.08576 0.1514
0.5309 7.333 42.14 38.48 22.35 5.498 3.997 1.701 1.303 1.186 0.6232 0.7347 0.4933 0.3058 0.09393 0.1152 0.07359 0.1296 0.03918 0.1347
0.3855 5.784 18.06 27.78 20.86 12.12 2.981 2.167 0.9225 0.7066 0.6429 0.3379 0.3983 0.2674 0.1658 0.05093 0.06243 0.0399 0.07026 0.09428
1.295 4.39 14.85 12.41 15.69 11.78 6.844 1.684 1.224 0.5211 0.3991 0.3631 0.1909 0.225 0.1511 0.09365 0.02877 0.03526 0.02254 0.09294
3.706 12.89 9.905 8.944 6.14 7.765 5.832 3.387 0.8332 0.6058 0.2578 0.1975 0.1797 0.09445 0.1113 0.07475 0.04634 0.01423 0.01745 0.05715
0.6173 46.46 36.35 7.502 5.578 3.829 4.843 3.637 2.112 0.5197 0.3778 0.1608 0.1232 0.1121 0.0589 0.06944 0.04662 0.0289 0.008878 0.04653
2.242 6.442 109.1 22.65 3.836 2.852 1.958 2.476 1.86 1.08 0.2657 0.1932 0.08223 0.06298 0.05731 0.03012 0.03551 0.02384 0.01478 0.02833
3 25.3 16.33 73.64 12.57 2.128 1.583 1.086 1.374 1.032 0.5992 0.1474 0.1072 0.04562 0.03494 0.03179 0.01671 0.0197 0.01323 0.02392
0.4924 31.23 59.34 10.18 37.69 6.431 1.089 0.8099 0.5559 0.7031 0.5281 0.3067 0.07545 0.05485 0.02335 0.01788 0.01627 0.008552 0.01008 0.01901
0.5632 5.199 74.58 37.84 5.336 19.76 3.371 0.571 0.4245 0.2914 0.3686 0.2768 0.1608 0.03955 0.02875 0.01224 0.009374 0.00853 0.004483 0.01525
0.3928 6.34 13.22 50.78 21.2 2.989 11.07 1.888 0.3198 0.2378 0.1632 0.2064 0.155 0.09004 0.02215 0.0161 0.006855 0.00525 0.004777 0.01105
1.237 4.391 15.97 8.887 28.06 11.72 1.652 6.116 1.044 0.1768 0.1314 0.09022 0.1141 0.08569 0.04977 0.01224 0.008901 0.003789 0.002902 0.008749
1.741 12.53 10.07 9.772 4.469 14.11 5.891 0.8307 3.075 0.5247 0.08888 0.06608 0.04536 0.05737 0.04309 0.02502 0.006156 0.004476 0.001905 0.005859
0.9635 21.43 34.67 7.472 5.965 2.728 8.613 3.596 0.507 1.877 0.3203 0.05425 0.04034 0.02769 0.03502 0.0263 0.01527 0.003758 0.002732 0.004739
1.163 9.641 48.37 20.78 3.675 2.934 1.342 4.237 1.769 0.2494 0.9233 0.1575 0.02668 0.01984 0.01362 0.01722 0.01294 0.007513 0.001848 0.003675
0.8548 12.55 23.54 31.62 11.17 1.976 1.577 0.7214 2.278 0.9509 0.1341 0.4964 0.0847 0.01435 0.01067 0.007322 0.009261 0.006955 0.004039 0.00297
0.7102 10.32 34.05 17.1 18.9 6.676 1.181 0.9426 0.4311 1.361 0.5682 0.08012 0.2966 0.05061 0.008573 0.006375 0.004376 0.005534 0.004156 0.004188
2.705 7.683 25.05 21.9 9.025 9.975 3.525 0.6233 0.4976 0.2276 0.7186 0.3 0.0423 0.1566 0.02672 0.004526 0.003365 0.00231 0.002921 0.004405
0.4665 29.91 19.04 16.46 11.82 4.869 5.382 1.901 0.3363 0.2685 0.1228 0.3877 0.1618 0.02282 0.08448 0.01442 0.002442 0.001816 0.001246 0.003953
1.561 4.617 66.79 11.28 8.008 5.748 2.369 2.618 0.925 0.1636 0.1306 0.05972 0.1886 0.07872 0.0111 0.0411 0.007012 0.001188 0.0008831 0.002529
0.2743 17.56 11.73 45.42 6.311 4.479 3.215 1.325 1.464 0.5173 0.09149 0.07304 0.0334 0.1055 0.04403 0.006209 0.02299 0.003922 0.0006643 0.001908
0.4363 2.971 42.93 7.657 24.38 3.387 2.404 1.726 0.711 0.7859 0.2777 0.04911 0.0392 0.01793 0.05661 0.02363 0.003332 0.01234 0.002105 0.001381
1.948 4.816 7.4 28.58 4.191 13.34 1.854 1.316 0.9444 0.3891 0.4301 0.152 0.02688 0.02146 0.009812 0.03098 0.01293 0.001824 0.006752 0.001908
0.8036 20.01 11.21 4.604 14.62 2.143 6.823 0.9481 0.6728 0.483 0.199 0.22 0.07772 0.01374 0.01097 0.005018 0.01585 0.006615 0.0009327 0.004429
0.9426 9.854 55.22 8.299 2.805 8.905 1.306 4.157 0.5777 0.41 0.2943 0.1213 0.134 0.04735 0.008375 0.006686 0.003057 0.009655 0.00403 0.003267
1.347 9.74 22.94 34.15 4.213 1.424 4.521 0.663 2.111 0.2933 0.2081 0.1494 0.06156 0.06804 0.02404 0.004252 0.003394 0.001552 0.004902 0.003705
1.389 13.67 22.43 14.12 17.29 2.133 0.7209 2.288 0.3356 1.068 0.1485 0.1054 0.07563 0.03116 0.03444 0.01217 0.002152 0.001718 0.0007857 0.004356
0.8692 16.29 36.27 15.99 8.293 10.15 1.252 0.4233 1.344 0.197 0.6273 0.08717 0.06186 0.04441 0.0183 0.02022 0.007145 0.001264 0.001009 0.003019
0.5019 9.397 39.78 23.67 8.583 4.451 5.447 0.672 0.2272 0.7211 0.1057 0.3366 0.04678 0.0332 0.02383 0.009819 0.01085 0.003835 0.0006782 0.002162
0.9131 5.764 24.3 27.5 13.45 4.878 2.529 3.096 0.3819 0.1291 0.4098 0.0601 0.1913 0.02659 0.01887 0.01354 0.005581 0.006168 0.002179 0.001614
0.7348 9.551 13.6 15.26 14.19 6.942 2.517 1.305 1.597 0.1971 0.06661 0.2115 0.03101 0.09872 0.01372 0.009735 0.006988 0.002879 0.003183 0.001957
0.9518 7.647 22.53 8.583 7.92 7.361 3.602 1.306 0.6772 0.8288 0.1022 0.03456 0.1097 0.01609 0.05122 0.007118 0.005051 0.003626 0.001494 0.002667
0.713 10.63 19.35 15.31 4.803 4.432 4.119 2.016 0.7307 0.3789 0.4637 0.05721 0.01934 0.06139 0.009003 0.02866 0.003983 0.002826 0.002029 0.002328
1.357 8.513 28.55 13.92 9.061 2.842 2.622 2.437 1.193 0.4324 0.2242 0.2744 0.03385 0.01144 0.03633 0.005327 0.01696 0.002357 0.001672 0.002578
0.7232 13.57 19.24 17.16 6.868 4.472 1.402 1.294 1.203 0.5886 0.2134 0.1106 0.1354 0.01671 0.005647 0.01793 0.002629 0.008369 0.001163 0.002098
0.3827 8.229 34.88 13.25 9.721 3.89 2.533 0.7943 0.733 0.6812 0.3334 0.1209 0.06267 0.0767 0.009463 0.003199 0.01015 0.001489 0.00474 0.001847
1.023 4.459 21.52 24.32 7.592 5.571 2.23 1.452 0.4553 0.4201 0.3904 0.1911 0.06927 0.03592 0.04396 0.005423 0.001833 0.00582 0.0008534 0.003775
1.195 10.07 9.915 12.7 11.78 3.678 2.699 1.08 0.7032 0.2205 0.2035 0.1891 0.09255 0.03355 0.0174 0.0213 0.002627 0.0008881 0.002819 0.002242
1.143 13.5 25.72 6.783 7.149 6.63 2.07 1.519 0.6078 0.3958 0.1241 0.1145 0.1064 0.05209 0.01888 0.009793 0.01198 0.001479 0.0004998 0.002849
1.377 12.26 32.75 16.66 3.612 3.808 3.531 1.102 0.8089 0.3237 0.2108 0.0661 0.061 0.05669 0.02774 0.01006 0.005215 0.006383 0.0007875 0.001783
0.2876 15.41 30.98 22.13 9.26 2.008 2.116 1.962 0.6126 0.4496 0.1799 0.1171 0.03674 0.0339 0.03151 0.01542 0.005589 0.002898 0.003547 0.001429
0.8261 2.943 35.74 19.2 11.27 4.717 1.023 1.078 0.9998 0.3121 0.229 0.09165 0.05968 0.01872 0.01727 0.01605 0.007854 0.002847 0.001477 0.002535
1.122 9.284 7.495 24.46 10.82 6.35 2.657 0.5761 0.6073 0.5632 0.1758 0.129 0.05163 0.03362 0.01054 0.009728 0.009042 0.004424 0.001604 0.00226
1.802 13 24.26 5.245 14.08 6.227 3.656 1.53 0.3317 0.3496 0.3242 0.1012 0.07428 0.02972 0.01935 0.00607 0.005601 0.005205 0.002547 0.002225
0.2935 20.06 32.53 16.16 2.87 7.705 3.408 2.001 0.8372 0.1815 0.1913 0.1774 0.05538 0.04064 0.01627 0.01059 0.003321 0.003065 0.002848 0.002611
1.122 3.237 49.65 21.4 8.73 1.55 4.162 1.841 1.081 0.4522 0.09804 0.1033 0.09584 0.02992 0.02196 0.008786 0.005721 0.001794 0.001656 0.002949
0.5885 10.96 7.153 29.18 10.33 4.212 0.748 2.008 0.8882 0.5214 0.2182 0.04731 0.04986 0.04624 0.01444 0.01059 0.004239 0.00276 0.0008657 0.002222
1.303 7.228 30.3 5.3 17.8 6.298 2.569 0.4563 1.225 0.5417 0.318 0.1331 0.02885 0.03041 0.02821 0.008805 0.006461 0.002586 0.001684 0.001883
0.9877 13.82 17.23 19.17 2.753 9.246 3.271 1.335 0.237 0.6363 0.2814 0.1652 0.06914 0.01499 0.0158 0.01465 0.004574 0.003357 0.001343 0.001853
0.8071 10.95 34.41 11.42 10.43 1.498 5.031 1.78 0.7261 0.129 0.3462 0.1531 0.08989 0.03762 0.008155 0.008596 0.007972 0.002489 0.001826 0.001739
1.761 8.124 24.89 20.82 5.672 5.183 0.7443 2.499 0.8843 0.3607 0.06407 0.172 0.07607 0.04466 0.01869 0.004052 0.004271 0.003961 0.001236 0.001771
0.5983 19.1 19.97 16.4 11.29 3.075 2.81 0.4035 1.355 0.4794 0.1956 0.03473 0.09325 0.04124 0.02421 0.01013 0.002197 0.002315 0.002147 0.001631
0.8568 6.881 49.61 13.9 9.397 6.466 1.762 1.61 0.2312 0.7763 0.2747 0.112 0.0199 0.05342 0.02363 0.01387 0.005805 0.001258 0.001326 0.002164
0.7738 9.622 17.39 33.44 7.7 5.205 3.582 0.9758 0.8917 0.1281 0.43 0.1521 0.06207 0.01102 0.02959 0.01309 0.007684 0.003215 0.0006971 0.001934
0.6769 7.989 22.43 10.79 17.05 3.926 2.654 1.826 0.4975 0.4546 0.06529 0.2192 0.07757 0.03164 0.00562 0.01509 0.006673 0.003917 0.001639 0.001341
0.2566 8.066 21.38 16.05 6.351 10.03 2.31 1.561 1.074 0.2927 0.2675 0.03841 0.129 0.04564 0.01862 0.003306 0.008877 0.003926 0.002305 0.001754
