Originally  
101 
A 
2	100	
1	1	NA	NA	
1	20	
1 546.3 314.6 314.6 132.4 99.33 49.67 82.78 33.11 49.67 0 16.56 16.56 0 0 0 0 0 0 0 0
1 1304 183.1 183.1 297.5 45.76 45.76 137.3 45.76 0 22.88 0 0 22.88 0 0 0 0 0 0 0
1 731 1201 261.1 130.5 78.32 26.11 52.21 0 26.11 26.11 0 0 0 0 0 52.21 0 26.11 0 0
1 287.7 473.9 406.2 169.3 101.6 118.5 16.93 33.85 50.78 0 33.85 0 0 0 0 0 0 0 0 0
1 121.5 182.3 206.6 291.7 145.9 85.08 60.77 60.77 36.46 0 12.15 0 0 12.15 0 0 0 0 0 0
1 1245 103.7 41.49 228.2 248.9 41.49 41.49 41.49 20.74 20.74 20.74 20.74 0 0 0 0 0 0 0 0
1 269 637.1 70.79 14.16 141.6 127.4 56.63 28.31 28.31 14.16 0 0 14.16 0 0 0 14.16 0 0 0
1 810.7 353.4 498.9 41.58 20.79 83.15 166.3 0 41.58 41.58 20.79 0 0 0 0 0 0 0 0 0
1 697.9 538.4 239.3 398.8 0 0 39.88 39.88 19.94 0 0 19.94 0 0 0 0 0 0 0 0
1 483.7 619.1 328.9 154.8 232.2 0 38.69 38.69 19.35 19.35 0 0 0 0 0 0 0 0 0 0
1 690.5 397.6 251.1 293 83.7 251.1 20.93 0 62.78 20.93 0 0 20.93 0 0 0 0 0 0 0
1 593.6 570.7 456.6 228.3 137 22.83 182.6 45.66 0 22.83 0 0 0 0 0 0 0 0 0 22.83
1 235.5 659.5 753.7 164.9 259.1 117.8 70.66 94.21 0 0 0 0 0 0 0 0 0 0 0 0
1 675 261.3 348.4 391.9 152.4 108.9 108.9 43.55 65.32 21.77 0 0 0 0 0 0 0 0 0 0
1 468.5 728.8 130.1 390.4 546.6 104.1 52.06 104.1 26.03 0 0 0 0 26.03 0 26.03 0 0 0 0
1 425.4 212.7 258.3 91.17 151.9 182.3 30.39 30.39 60.78 0 45.58 0 0 0 0 0 15.19 15.19 0 0
1 262.2 458.9 98.33 229.4 114.7 98.33 196.7 98.33 16.39 0 16.39 49.17 0 0 0 0 0 0 0 0
1 193.3 237.9 223.1 208.2 193.3 104.1 59.49 59.49 14.87 119 44.61 14.87 14.87 0 0 0 0 0 0 0
1 536.1 141.9 173.4 157.7 94.6 141.9 63.07 15.77 47.3 31.53 47.3 47.3 15.77 47.3 0 0 15.77 0 0 0
1 104.3 475.4 115.9 104.3 150.7 69.57 57.97 11.59 23.19 0 11.59 11.59 11.59 0 11.59 0 0 0 0 0
1 548.5 154.3 428.5 137.1 68.57 85.71 68.57 68.57 17.14 34.28 51.43 0 34.28 17.14 0 0 0 0 0 0
1 390 286.8 34.41 218 57.36 45.89 34.41 34.41 11.47 11.47 0 0 0 11.47 0 0 0 0 0 11.47
1 729.2 151.9 227.9 91.15 197.5 15.19 15.19 30.38 45.57 0 0 15.19 0 0 0 0 0 0 0 0
1 1224 407.8 90.63 181.3 67.97 135.9 22.66 22.66 0 0 0 22.66 22.66 0 0 0 67.97 0 0 0
1 336.5 897.4 448.7 179.5 112.2 22.43 157 67.3 0 0 0 0 0 0 22.43 0 0 0 0 0
1 467.8 109.1 467.8 202.7 109.1 46.78 15.59 77.96 0 31.18 15.59 0 0 0 0 0 0 0 15.59 0
1 518.4 476.9 165.9 497.7 103.7 82.94 82.94 20.74 62.21 0 0 20.74 0 0 0 20.74 0 20.74 0 0
1 2152 345.9 384.3 38.43 422.8 192.2 115.3 38.43 0 38.43 0 38.43 0 38.43 38.43 0 0 0 0 0
1 476.7 976.2 227 227 45.4 158.9 90.81 0 22.7 0 22.7 0 22.7 0 0 0 0 0 0 0
1 462.2 365.9 558.5 57.77 211.8 57.77 96.29 77.03 0 19.26 0 0 0 0 0 19.26 0 0 0 0
1 272.4 567.5 227 612.9 113.5 295.1 0 68.1 45.4 0 45.4 0 22.7 0 0 0 0 0 0 0
1 496.9 124.2 49.69 124.2 186.4 49.69 62.12 12.42 99.39 0 12.42 0 0 24.85 0 0 0 0 0 0
1 608 527 101.3 162.1 162.1 182.4 81.07 81.07 20.27 0 60.8 0 20.27 0 0 20.27 0 0 0 0
1 651.9 494.5 292.2 157.3 179.8 22.48 179.8 89.91 44.96 0 44.96 44.96 0 0 22.48 22.48 0 0 0 0
1 435.6 419.5 306.5 193.6 32.27 48.4 48.4 64.53 0 16.13 0 16.13 0 0 32.27 0 0 0 0 0
1 597.1 288.9 327.4 308.2 134.8 38.52 57.78 0 57.78 0 38.52 0 57.78 19.26 0 0 0 0 0 0
1 362 419.2 247.7 285.8 209.6 76.22 95.27 57.16 19.05 57.16 0 19.05 0 19.05 0 0 0 0 19.05 19.05
1 258.2 246.4 187.7 70.4 129.1 140.8 58.67 11.73 0 11.73 46.94 0 11.73 0 0 0 0 0 0 0
1 571.2 399.8 190.4 285.6 57.12 133.3 114.2 57.12 19.04 38.08 38.08 0 0 0 0 0 0 0 0 0
1 339 260.8 117.3 143.4 156.5 39.12 39.12 130.4 0 13.04 26.08 13.04 13.04 0 13.04 0 0 0 0 0
1 710.2 173.9 260.9 43.48 116 28.99 14.49 28.99 28.99 14.49 0 0 14.49 0 0 14.49 0 0 0 0
1 914.9 823.4 297.4 114.4 22.87 45.75 0 45.75 0 0 22.87 0 0 0 0 0 0 0 0 0
1 485.2 746.5 335.9 55.99 130.6 55.99 18.66 18.66 0 0 18.66 0 0 0 0 0 0 0 0 0
1 201 416.3 402 215.3 57.42 71.78 0 28.71 0 14.36 0 14.36 14.36 0 0 0 0 0 0 0
1 178.9 102.3 196 144.9 110.8 59.65 17.04 8.521 25.56 0 0 0 8.521 0 0 0 0 0 0 0
1 152.4 114.3 83.85 152.4 129.6 91.47 0 15.24 7.622 15.24 0 0 0 0 0 0 0 0 0 0
1 456.9 76.14 114.2 76.14 76.14 66.63 57.11 9.518 9.518 9.518 0 0 0 0 0 0 0 0 0 0
1 1186 244.3 34.89 52.34 0 122.1 52.34 34.89 0 0 0 0 0 0 0 17.45 0 0 0 0
1 151.7 800.1 248.3 55.18 55.18 13.79 27.59 13.79 13.79 0 0 0 0 0 0 0 0 0 0 0
1 894.2 142.3 731.6 182.9 0 0 20.32 0 40.64 20.32 0 0 0 0 0 0 0 0 0 0
1 812.3 366.3 47.78 270.8 63.71 15.93 0 15.93 0 0 0 0 0 0 0 0 0 0 0 0
1 87.28 820.5 506.2 69.83 244.4 17.46 0 0 0 0 0 0 0 0 0 0 0 0 0 0
1 250.3 187.7 500.6 137.7 37.55 100.1 25.03 12.52 0 0 0 0 0 0 0 0 0 0 0 0
1 232 242 110.9 272.3 70.59 20.17 20.17 20.17 10.08 0 0 0 10.08 0 0 0 0 0 0 0
1 344.4 89.84 97.33 22.46 119.8 14.97 0 52.41 0 0 0 0 0 7.487 0 0 0 0 0 0
1 453.3 195.5 53.33 26.66 26.66 62.22 62.22 8.888 0 0 0 0 0 0 0 0 0 0 0 0
1 299.4 411.7 299.4 24.95 24.95 24.95 99.8 12.47 12.47 37.42 0 0 0 0 0 0 0 0 0 0
1 464.2 288.6 326.2 62.73 12.55 25.09 0 37.64 0 0 37.64 0 0 0 0 0 0 0 0 0
1 315.5 295.1 152.7 152.7 40.71 0 10.18 0 10.18 10.18 0 20.35 0 0 0 0 0 0 10.18 0
1 177.5 285.9 295.8 108.4 78.87 29.58 9.859 0 0 0 0 0 0 0 0 0 0 0 0 0
1 646.5 109.4 109.4 79.56 29.84 9.945 0 0 9.945 0 0 0 0 0 0 0 0 0 0 0
1 68.19 511.4 110.8 59.66 42.62 34.09 8.523 17.05 0 0 0 0 0 0 0 0 0 0 0 0
1 842.2 151.6 454.8 84.22 67.38 33.69 33.69 0 0 16.84 0 0 0 0 0 0 0 0 0 0
1 38.35 402.7 67.11 345.1 47.94 38.35 19.17 0 0 0 0 0 0 0 0 0 0 0 0 0
1 157.7 50.46 220.8 56.77 113.5 12.62 18.92 0 0 0 0 0 0 0 0 0 0 0 0 0
1 870.9 230.1 82.16 230.1 32.87 180.8 0 16.43 0 0 0 0 0 0 0 0 0 0 0 0
1 353.1 508.8 20.77 31.15 103.8 0 20.77 0 0 0 0 0 0 0 0 0 0 0 0 0
1 350.2 240.8 361.2 98.5 0 0 10.94 10.94 0 0 10.94 0 10.94 0 0 0 0 0 0 0
1 446.2 213.4 87.3 145.5 9.7 9.7 38.8 0 19.4 0 0 0 0 0 0 0 0 0 0 0
1 549.9 234.2 101.8 40.73 61.1 0 0 10.18 10.18 0 0 0 10.18 0 0 0 0 0 0 0
1 439 388.8 188.1 87.79 25.08 75.25 0 12.54 0 12.54 12.54 12.54 0 0 0 0 0 0 0 0
1 271 318.1 259.2 129.6 106 47.13 47.13 0 0 0 0 0 0 0 0 0 0 0 0 0
1 242.6 189.5 98.54 113.7 45.48 30.32 22.74 7.58 0 0 0 0 7.58 0 0 0 0 0 0 0
1 224.3 211.8 43.61 56.08 37.38 31.15 6.231 0 6.231 0 0 0 0 6.231 0 0 0 0 0 0
1 248.1 179.2 110.3 62.03 41.36 27.57 6.893 6.893 0 0 0 0 6.893 0 0 0 0 0 0 0
1 314.6 334.3 137.7 88.49 29.5 19.66 19.66 19.66 19.66 0 0 0 0 0 0 0 0 0 0 0
1 630.7 228.1 281.8 53.67 26.84 13.42 40.26 13.42 53.67 0 0 0 0 0 0 0 0 0 0 0
1 192.2 280.3 168.2 56.06 40.05 16.02 8.009 24.03 0 16.02 0 0 0 0 0 0 0 0 0 0
1 168.9 191.9 222.6 38.38 38.38 23.03 23.03 7.675 7.675 7.675 30.7 0 0 0 0 0 7.675 0 0 0
1 394.9 80.6 120.9 145.1 40.3 0 16.12 0 0 8.06 0 0 0 0 0 0 0 0 0 0
1 458.4 386 72.38 72.38 132.7 24.13 12.06 12.06 12.06 12.06 0 0 12.06 0 0 0 0 0 0 0
1 609.6 346.4 263.3 41.57 69.28 55.42 0 0 0 0 0 0 0 0 0 0 0 0 0 0
1 490.6 207.2 250.8 43.61 21.81 43.61 32.71 0 0 0 0 0 0 0 0 0 0 0 0 0
1 110.3 431.1 180.5 160.4 60.16 20.05 10.03 20.05 10.03 0 0 0 0 0 0 0 0 0 0 0
1 308.5 67.48 260.3 183.2 86.76 38.56 19.28 0 0 0 0 0 0 0 0 0 0 0 0 0
1 263.5 122.9 58.55 87.82 35.13 0 5.855 5.855 0 5.855 0 0 0 0 0 0 0 0 0 0
1 646 189.4 100.2 22.28 66.83 11.14 11.14 33.41 0 0 22.28 11.14 0 0 0 0 0 0 0 0
1 114.2 513.9 262.7 102.8 11.42 57.1 22.84 22.84 22.84 0 0 11.42 0 0 0 0 0 0 0 0
1 405.6 112.7 383.1 78.87 78.87 0 33.8 22.53 11.27 0 0 0 0 0 0 0 0 0 0 0
1 335.2 243.8 111.7 203.1 50.78 30.47 10.16 20.31 0 0 10.16 0 0 0 0 0 0 0 0 0
1 506.8 76.49 210.4 9.562 95.62 47.81 9.562 0 0 0 0 0 0 0 0 0 0 0 0 0
1 482 388 82.3 152.8 11.76 47.03 0 0 0 0 11.76 0 0 0 0 0 0 0 0 0
1 226.7 287.7 244.1 52.3 34.87 17.43 0 8.717 0 0 0 0 0 0 0 0 0 0 0 0
1 943.3 276.5 146.4 130.1 16.26 48.79 0 16.26 32.53 16.26 0 0 0 0 0 0 0 0 0 0
1 140.8 359.8 101.7 125.1 39.11 0 0 0 15.64 0 0 0 0 0 0 0 0 0 0 0
1 275.5 114.8 191.3 61.21 38.26 38.26 0 7.652 0 30.61 7.652 0 0 0 0 0 0 0 0 0
1 237.8 148.7 59.46 163.5 59.46 29.73 14.87 14.87 7.433 0 7.433 0 0 0 0 0 0 0 0 0
1 163 133.4 69.16 44.46 44.46 9.88 9.88 14.82 0 4.94 0 0 0 0 0 0 0 0 0 0
1 92.99 236 121.6 114.4 35.76 71.53 21.46 14.31 0 7.153 0 0 0 0 0 0 0 0 0 0
