 landings-at-age - landings.n (units : NA )
1	2	
42	100	
1	20	
1 
0.005223 0.05963 0.1556 0.1249 0.09051 0.06525 0.04486 0.03319 0.02289 0.01604 0.01075 0.007652 0.005466 0.003622 0.002362 0.001568 0.001114 0.0007695 0.0005471 0.001416
0.00501 0.05865 0.1673 0.1297 0.08754 0.06346 0.04575 0.03145 0.02327 0.01605 0.01124 0.007539 0.005365 0.003832 0.00254 0.001656 0.001099 0.000781 0.0005395 0.001376
0.08433 0.8838 2.574 2.18 1.421 0.9591 0.6953 0.5012 0.3446 0.255 0.1758 0.1232 0.08259 0.05878 0.04199 0.02783 0.01814 0.01204 0.008556 0.02099
0.1577 1.828 4.739 4.073 2.897 1.888 1.274 0.9238 0.6659 0.4579 0.3388 0.2336 0.1637 0.1097 0.0781 0.05578 0.03697 0.02411 0.016 0.03926
0.2418 2.615 7.454 5.668 4.085 2.905 1.894 1.278 0.9266 0.668 0.4593 0.3398 0.2343 0.1642 0.1101 0.07834 0.05596 0.03708 0.02418 0.05542
0.3219 3.578 9.458 7.861 5.007 3.609 2.567 1.673 1.129 0.8186 0.5901 0.4057 0.3002 0.207 0.145 0.09724 0.0692 0.04943 0.03276 0.07032
0.41 4.469 12.07 9.247 6.429 4.095 2.952 2.099 1.369 0.9236 0.6695 0.4826 0.3318 0.2455 0.1693 0.1186 0.07953 0.0566 0.04043 0.08431
0.5437 5.462 14.38 11.19 7.162 4.98 3.172 2.286 1.626 1.06 0.7154 0.5186 0.3738 0.257 0.1902 0.1311 0.09188 0.0616 0.04384 0.09662
0.6136 7.035 16.97 12.8 8.309 5.318 3.698 2.355 1.698 1.207 0.7871 0.5312 0.385 0.2776 0.1908 0.1412 0.09736 0.06823 0.04574 0.1043
0.7529 7.768 21.27 14.6 9.176 5.957 3.813 2.651 1.689 1.217 0.8657 0.5644 0.3809 0.2761 0.199 0.1368 0.1012 0.06981 0.04892 0.1076
0.8052 9.37 22.96 17.78 10.16 6.383 4.145 2.653 1.844 1.175 0.8468 0.6023 0.3926 0.265 0.1921 0.1385 0.0952 0.07044 0.04856 0.1089
0.9554 9.884 27.15 18.7 12.04 6.88 4.323 2.807 1.796 1.249 0.7956 0.5735 0.4078 0.2659 0.1794 0.1301 0.09377 0.06447 0.0477 0.1066
1.101 11.59 28.15 21.61 12.36 7.953 4.546 2.856 1.854 1.187 0.8253 0.5256 0.3789 0.2695 0.1757 0.1185 0.08594 0.06195 0.0426 0.102
1.074 13.24 32.51 21.92 13.95 7.978 5.136 2.935 1.844 1.197 0.7664 0.5329 0.3394 0.2447 0.174 0.1134 0.07655 0.05549 0.04001 0.09335
1.131 12.79 36.6 24.81 13.85 8.818 5.042 3.246 1.855 1.166 0.7567 0.4844 0.3368 0.2145 0.1546 0.11 0.07169 0.04838 0.03507 0.08427
1.194 13.38 34.91 27.39 15.36 8.577 5.459 3.121 2.009 1.148 0.7215 0.4685 0.2998 0.2085 0.1328 0.09572 0.06807 0.04438 0.02995 0.07388
1.237 14.03 36.07 25.65 16.63 9.323 5.206 3.313 1.894 1.219 0.697 0.4379 0.2843 0.182 0.1265 0.0806 0.0581 0.04132 0.02694 0.06302
1.314 14.45 37.36 26.04 15.27 9.9 5.551 3.1 1.973 1.128 0.7261 0.415 0.2608 0.1693 0.1084 0.07535 0.04799 0.03459 0.0246 0.05356
1.325 15.27 38.07 26.51 15.22 8.927 5.786 3.245 1.812 1.153 0.6593 0.4244 0.2426 0.1524 0.09895 0.06334 0.04404 0.02805 0.02022 0.04569
1.299 15.32 39.79 26.56 15.21 8.734 5.124 3.321 1.862 1.04 0.6618 0.3784 0.2436 0.1392 0.08748 0.05679 0.03635 0.02528 0.0161 0.03783
1.269 14.94 39.52 27.31 14.97 8.579 4.925 2.889 1.873 1.05 0.5863 0.3731 0.2134 0.1373 0.0785 0.04932 0.03202 0.0205 0.01425 0.03041
1.265 13.83 36.46 25.52 14.47 7.936 4.546 2.61 1.531 0.9924 0.5564 0.3107 0.1977 0.1131 0.07278 0.0416 0.02614 0.01697 0.01086 0.02367
1.343 13.79 33.75 23.55 13.53 7.669 4.205 2.409 1.383 0.8113 0.5259 0.2949 0.1647 0.1048 0.05992 0.03857 0.02205 0.01385 0.008993 0.0183
1.333 14.64 33.66 21.8 12.48 7.168 4.064 2.229 1.277 0.7329 0.4299 0.2787 0.1563 0.08725 0.05553 0.03175 0.02044 0.01168 0.00734 0.01446
1.225 14.53 35.72 21.74 11.55 6.613 3.799 2.154 1.181 0.6766 0.3884 0.2278 0.1477 0.08281 0.04624 0.02943 0.01683 0.01083 0.006191 0.01155
1.165 13.35 35.45 23.07 11.52 6.122 3.505 2.013 1.141 0.6259 0.3586 0.2058 0.1207 0.07827 0.04389 0.0245 0.0156 0.008918 0.00574 0.009404
1.121 12.7 32.57 22.9 12.23 6.105 3.244 1.857 1.067 0.6048 0.3317 0.19 0.1091 0.06399 0.04148 0.02326 0.01299 0.008265 0.004726 0.008026
1.066 12.22 31 21.04 12.13 6.48 3.235 1.719 0.9842 0.5653 0.3205 0.1758 0.1007 0.0578 0.03391 0.02198 0.01232 0.006882 0.00438 0.006758
1.018 11.62 29.81 20.02 11.15 6.431 3.434 1.715 0.9111 0.5216 0.2996 0.1699 0.09315 0.05336 0.03063 0.01797 0.01165 0.006531 0.003647 0.005902
0.9307 11.09 28.36 19.25 10.61 5.909 3.408 1.82 0.9086 0.4828 0.2764 0.1588 0.09001 0.04936 0.02828 0.01623 0.009523 0.006173 0.003461 0.005061
0.7892 10.15 27.07 18.32 10.2 5.623 3.131 1.806 0.9644 0.4815 0.2559 0.1465 0.08413 0.0477 0.02616 0.01499 0.008603 0.005047 0.003271 0.004516
0.8101 8.603 24.76 17.48 9.708 5.407 2.98 1.659 0.957 0.5111 0.2552 0.1356 0.07762 0.04459 0.02528 0.01386 0.007942 0.004559 0.002674 0.004127
0.786 8.831 20.99 15.99 9.265 5.145 2.865 1.579 0.8794 0.5072 0.2708 0.1352 0.07186 0.04114 0.02363 0.0134 0.007346 0.004209 0.002416 0.003604
0.7793 8.569 21.55 13.56 8.474 4.91 2.726 1.519 0.8368 0.466 0.2688 0.1435 0.07166 0.03808 0.0218 0.01252 0.007099 0.003893 0.00223 0.00319
0.7686 8.496 20.91 13.92 7.185 4.491 2.602 1.445 0.8047 0.4435 0.247 0.1424 0.07606 0.03798 0.02018 0.01155 0.006636 0.003762 0.002063 0.002873
0.675 8.379 20.73 13.51 7.376 3.808 2.38 1.379 0.7657 0.4265 0.235 0.1309 0.07548 0.04031 0.02012 0.01069 0.006122 0.003517 0.001994 0.002616
0.6637 7.359 20.44 13.39 7.157 3.909 2.018 1.261 0.7308 0.4058 0.226 0.1245 0.06936 0.04 0.02136 0.01066 0.005668 0.003244 0.001864 0.002443
0.6996 7.235 17.95 13.21 7.096 3.793 2.071 1.069 0.6684 0.3873 0.215 0.1198 0.066 0.03676 0.0212 0.01132 0.005652 0.003003 0.001719 0.002282
0.6957 7.627 17.65 11.6 6.998 3.76 2.01 1.098 0.5667 0.3542 0.2052 0.114 0.06347 0.03498 0.01948 0.01123 0.005999 0.002995 0.001592 0.002121
0.705 7.585 18.61 11.4 6.146 3.708 1.993 1.065 0.5817 0.3003 0.1877 0.1088 0.06039 0.03363 0.01854 0.01032 0.005953 0.003179 0.001587 0.001967
0.6464 7.503 18.1 11.76 5.913 3.187 1.923 1.033 0.5524 0.3017 0.1557 0.09734 0.0564 0.03132 0.01744 0.009612 0.005353 0.003087 0.001649 0.001843
0.582 6.88 17.95 11.51 6.138 3.086 1.663 1.004 0.5393 0.2882 0.1574 0.08127 0.05079 0.02943 0.01634 0.009102 0.005016 0.002793 0.001611 0.001822
0.564 6.194 16.51 11.48 6.042 3.223 1.62 0.8733 0.5269 0.2831 0.1513 0.08266 0.04267 0.02667 0.01545 0.008581 0.004779 0.002634 0.001467 0.001803
0.5673 6.004 14.9 10.61 6.063 3.192 1.703 0.856 0.4614 0.2784 0.1496 0.07996 0.04367 0.02255 0.01409 0.008164 0.004533 0.002525 0.001391 0.001727
0.5143 6.039 14.48 9.633 5.641 3.223 1.697 0.9051 0.455 0.2453 0.148 0.07952 0.04251 0.02321 0.01198 0.007491 0.00434 0.00241 0.001342 0.001658
0.5369 5.474 14.61 9.413 5.152 3.017 1.724 0.9075 0.4841 0.2434 0.1312 0.07915 0.04253 0.02273 0.01242 0.00641 0.004006 0.002321 0.001289 0.001605
0.4976 5.714 13.27 9.544 5.065 2.772 1.623 0.9276 0.4883 0.2605 0.1309 0.07058 0.04259 0.02288 0.01223 0.006681 0.003449 0.002156 0.001249 0.001557
0.4826 5.296 13.89 8.72 5.166 2.742 1.501 0.8787 0.5021 0.2643 0.141 0.07088 0.03821 0.02305 0.01239 0.006622 0.003616 0.001867 0.001167 0.001519
0.4607 5.134 12.91 9.174 4.748 2.813 1.493 0.8171 0.4785 0.2734 0.1439 0.07678 0.0386 0.0208 0.01255 0.006746 0.003606 0.001969 0.001017 0.001463
0.4739 4.901 12.54 8.569 5.025 2.601 1.541 0.8178 0.4476 0.2621 0.1498 0.07884 0.04206 0.02114 0.0114 0.006877 0.003695 0.001975 0.001079 0.001358
0.4366 5.039 12 8.372 4.721 2.769 1.433 0.849 0.4505 0.2466 0.1444 0.08251 0.04344 0.02317 0.01165 0.006279 0.003789 0.002036 0.001088 0.001343
0.4074 4.64 12.37 8.05 4.639 2.616 1.534 0.7941 0.4705 0.2497 0.1367 0.08002 0.04572 0.02407 0.01284 0.006455 0.003479 0.002099 0.001128 0.001347
0.3794 4.328 11.41 8.339 4.486 2.585 1.458 0.855 0.4425 0.2622 0.1391 0.07615 0.04459 0.02548 0.01341 0.007156 0.003597 0.001939 0.00117 0.001379
0.3747 4.028 10.67 7.734 4.673 2.514 1.449 0.817 0.4792 0.248 0.1469 0.07797 0.04268 0.02499 0.01428 0.007517 0.00401 0.002016 0.001087 0.001429
0.3703 3.976 9.951 7.265 4.358 2.633 1.417 0.8164 0.4604 0.27 0.1397 0.08279 0.04394 0.02405 0.01408 0.008047 0.004236 0.00226 0.001136 0.001417
0.3615 3.926 9.84 6.808 4.116 2.469 1.492 0.8026 0.4625 0.2608 0.153 0.07917 0.04691 0.02489 0.01362 0.007978 0.004559 0.0024 0.00128 0.001447
0.3685 3.83 9.735 6.763 3.877 2.344 1.406 0.8496 0.4571 0.2634 0.1485 0.08712 0.04509 0.02671 0.01418 0.007759 0.004543 0.002596 0.001367 0.001553
0.3483 3.899 9.511 6.722 3.872 2.219 1.342 0.8049 0.4864 0.2617 0.1508 0.08503 0.04987 0.02581 0.01529 0.008115 0.004442 0.002601 0.001486 0.001671
0.3494 3.682 9.699 6.596 3.867 2.227 1.277 0.7719 0.4631 0.2798 0.1505 0.08675 0.04892 0.02869 0.01485 0.008797 0.004669 0.002555 0.001496 0.001817
