Originally  
101 
A 
42	100	
1	1	NA	NA	
1	20	
1 0 0.2772 0.5041 0.6049 0.3529 0.2268 0.1512 0.1008 0.1764 0.0252 0.05041 0.0252 0 0 0 0 0 0 0 0.0252
1 0.04671 0.3737 0.6306 0.2336 0.2336 0.2102 0.04671 0.2102 0.1168 0.09342 0.02336 0.09342 0 0.02336 0 0 0 0 0 0
1 0.01777 0.1777 0.4621 0.3199 0.1955 0.1955 0.08886 0.05332 0.05332 0.07109 0.05332 0.01777 0.01777 0.01777 0 0 0 0 0 0.03555
1 0.07828 0.3653 0.574 0.4697 0.287 0.3131 0.1305 0.1566 0.07828 0.07828 0.02609 0.02609 0 0 0 0 0 0.02609 0 0
1 0.09264 0.2223 0.3335 0.315 0.2779 0.2038 0.07411 0.05559 0.07411 0.03706 0.03706 0.03706 0.01853 0 0.03706 0.01853 0 0 0 0.01853
1 0.07406 0.1728 0.6418 0.4444 0.2469 0.3703 0.1728 0.1234 0.04937 0.09875 0 0.02469 0 0.02469 0 0 0 0.02469 0 0
1 0.02037 0.3056 0.3871 0.3667 0.3463 0.2037 0.1426 0.06112 0.02037 0.08149 0.04074 0 0.02037 0.04074 0 0 0 0 0 0
1 0.06792 0.2264 0.4754 0.5886 0.317 0.09056 0.1585 0.1358 0.04528 0.04528 0.02264 0 0 0.04528 0.02264 0.02264 0 0 0 0
1 0.06666 0.3777 0.4888 0.3333 0.3999 0.1333 0.1333 0.04444 0.06666 0.04444 0.02222 0.02222 0.04444 0.04444 0 0 0 0 0 0
1 0.04444 0.3111 0.5333 0.4 0.3333 0.2889 0.1556 0.06667 0.02222 0.02222 0.04444 0 0 0 0 0 0 0 0 0
1 0 0.3011 0.6238 0.4517 0.2581 0.1936 0.1291 0.04302 0.02151 0.06453 0.02151 0 0.02151 0 0 0 0 0.02151 0 0
1 0.0189 0.2646 0.5293 0.4537 0.1323 0.189 0.1512 0.05671 0.03781 0.0189 0.03781 0 0 0 0 0 0 0 0 0
1 0.1062 0.4777 0.7166 0.6369 0.2389 0.1858 0.1062 0.05308 0.07962 0.02654 0.02654 0 0 0 0 0 0 0 0 0
1 0.04323 0.6484 0.4971 0.4323 0.1729 0.2161 0.04323 0.06484 0.02161 0 0.02161 0 0 0 0 0 0 0 0 0
1 0.1052 0.421 0.842 0.342 0.3684 0.2105 0.1842 0.05262 0.05262 0 0.02631 0 0.02631 0 0 0 0 0 0 0
1 0.01468 0.2936 0.4404 0.3376 0.1468 0.02936 0.08807 0.02936 0.01468 0.02936 0 0 0 0.01468 0 0.01468 0 0 0.01468 0
1 0.05476 0.1369 0.4791 0.2875 0.2464 0.04107 0.05476 0.02738 0.01369 0 0 0.01369 0 0 0.01369 0 0 0 0 0
1 0.08621 0.2874 0.4311 0.273 0.07184 0.1868 0.04311 0 0.02874 0.02874 0 0 0 0 0 0 0 0 0 0
1 0.06231 0.2337 0.5452 0.3427 0.1714 0.09346 0.04673 0 0.01558 0.03115 0 0.01558 0 0 0 0 0 0 0 0
1 0.02927 0.2634 0.4097 0.3512 0.1756 0.01463 0.1024 0.05854 0.0439 0 0.01463 0 0 0 0 0 0 0 0 0
1 0.015 0.225 0.51 0.3 0.165 0.105 0.12 0 0.03 0.03 0 0 0 0 0 0 0 0 0 0
1 0.05038 0.3862 0.5206 0.3191 0.1008 0.1679 0.01679 0.03358 0.01679 0.05038 0 0.01679 0 0 0 0 0 0 0 0
1 0.04707 0.2236 0.3177 0.2589 0.1648 0.04707 0.04707 0.01177 0.0353 0.01177 0.01177 0 0 0 0 0 0 0 0 0
1 0.04597 0.1839 0.2758 0.1563 0.1287 0.06435 0.03677 0.02758 0 0 0 0 0 0 0 0 0 0 0 0
1 0.01828 0.2103 0.3291 0.1554 0.09142 0.05485 0.03657 0.009142 0 0.009142 0 0 0 0 0 0 0 0 0 0
1 0.02082 0.1354 0.4165 0.2603 0.1041 0.04165 0.05206 0 0.01041 0 0 0 0 0 0 0 0 0 0 0
1 0.04666 0.1867 0.42 0.2333 0.1517 0.035 0.035 0.02333 0 0.01167 0.01167 0 0.01167 0 0 0 0 0 0 0
1 0.02495 0.1747 0.3743 0.2745 0.2121 0.08733 0.03743 0.03743 0.01248 0 0 0 0 0.01248 0 0 0 0 0 0
1 0.007438 0.1339 0.2752 0.09669 0.08181 0.07438 0.02975 0.02231 0 0.007438 0 0 0 0.007438 0 0.007438 0 0 0 0
1 0.04123 0.1855 0.371 0.1752 0.1237 0.07215 0.02061 0.02061 0 0.02061 0 0 0 0 0 0 0 0 0 0
1 0.04097 0.1946 0.3073 0.2253 0.06146 0.0717 0.0717 0.02049 0.03073 0 0 0 0 0 0 0 0 0 0 0
1 0.02047 0.08869 0.2524 0.1296 0.05458 0.04093 0.05458 0.02047 0.02047 0 0 0 0 0 0 0 0 0 0 0
1 0.01385 0.1177 0.187 0.187 0.1177 0.02078 0.02078 0.01385 0 0.01385 0 0 0 0 0 0 0 0 0 0
1 0.00792 0.1346 0.301 0.1505 0.06336 0.06336 0 0.03168 0.00792 0.01584 0 0.00792 0.00792 0 0 0 0 0 0 0
1 0.005059 0.1062 0.1619 0.09613 0.07589 0.04047 0.01518 0.005059 0 0 0 0 0 0 0 0 0 0 0 0
1 0.032 0.1152 0.2176 0.1088 0.09599 0.0256 0.0064 0.0128 0.0064 0.0128 0.0064 0 0 0 0 0 0 0 0 0
1 0 0.1424 0.2034 0.1492 0.0746 0.04069 0.02713 0.02034 0.01356 0.006782 0 0 0 0 0 0 0 0 0 0
1 0.01743 0.1394 0.1859 0.122 0.04067 0.02905 0.02324 0.01162 0 0 0.00581 0.00581 0 0 0 0 0 0 0 0
1 0.02849 0.1481 0.2051 0.06837 0.04558 0.03418 0.02279 0.005697 0.005697 0.005697 0 0 0 0 0 0 0 0 0 0
1 0.01041 0.1353 0.1717 0.07806 0.07286 0.02602 0.02082 0 0.005204 0 0 0 0 0 0 0 0 0 0 0
1 0.03842 0.169 0.292 0.169 0.05379 0.02305 0.02305 0 0 0 0 0 0 0 0 0 0 0 0 0
1 0.01268 0.1268 0.2093 0.1205 0.05073 0.05073 0.02537 0.01268 0 0.01902 0 0 0.006341 0 0 0 0 0 0 0
1 0 0.1206 0.2939 0.1582 0.1206 0.03768 0.007535 0.007535 0.007535 0 0 0 0 0 0 0 0 0 0 0
1 0.0181 0.1207 0.2112 0.07844 0.06637 0.07844 0.01207 0.006034 0 0.01207 0 0 0 0 0 0 0 0 0 0
1 0.01636 0.2045 0.3026 0.139 0.07361 0.04907 0.01636 0.008178 0 0 0.008178 0 0 0 0 0 0 0 0 0
1 0.004625 0.06475 0.1896 0.08788 0.06013 0.0185 0.01388 0 0.01388 0 0 0.004625 0.004625 0 0 0 0 0 0 0
1 0.02233 0.1172 0.1507 0.1451 0.05024 0.0614 0.01116 0 0 0 0 0 0 0 0 0 0 0 0 0
1 0.01007 0.09567 0.1863 0.08056 0.04532 0.04532 0.01007 0.01511 0 0.01007 0.005035 0 0 0 0 0 0 0 0 0
1 0 0.09732 0.139 0.1159 0.03707 0.03244 0.03707 0.004634 0 0 0 0 0 0 0 0 0 0 0 0
1 0.02058 0.09054 0.1358 0.08642 0.03704 0.01235 0.008231 0.004115 0.01235 0 0 0.004115 0 0 0 0 0 0 0 0
1 0.03175 0.1461 0.1588 0.1207 0.06985 0.03175 0.0381 0.0127 0.0127 0 0.00635 0 0 0 0 0 0 0 0.00635 0
1 0.03928 0.1178 0.2749 0.1807 0.1021 0.01571 0.03928 0.007856 0.007856 0 0 0 0 0 0 0 0 0 0 0
1 0.01828 0.0792 0.201 0.1279 0.08529 0.06092 0.01828 0.01828 0 0 0 0 0 0 0 0 0 0 0 0
1 0.01298 0.1039 0.1168 0.08222 0.05626 0.02164 0.01731 0.01298 0 0.008655 0 0 0 0 0 0 0 0 0 0
1 0.005691 0.1309 0.1707 0.09674 0.07398 0.03414 0.03983 0.005691 0 0.005691 0.005691 0 0 0 0 0 0 0 0 0
1 0.01881 0.08152 0.2007 0.138 0.08152 0.0439 0.03763 0.01881 0 0.006271 0 0 0 0 0 0 0 0 0 0
1 0.01117 0.07263 0.19 0.1006 0.05587 0.0447 0.02235 0.02794 0.01676 0.01117 0.005587 0 0 0 0 0 0 0 0 0
1 0.05242 0.1498 0.2097 0.1423 0.08986 0.03744 0.02247 0.02247 0.007489 0.007489 0.007489 0 0 0 0 0 0 0 0 0
1 0.03021 0.1148 0.1873 0.1208 0.04833 0.03625 0.03021 0.01812 0.01208 0 0 0 0.006041 0 0 0 0 0 0 0
