Originally  
101 
A 
2	100	
1	1	NA	NA	
1	20	
1 385.9 206.8 151.6 165.4 110.3 82.7 96.48 55.13 13.78 68.92 0 0 0 13.78 0 13.78 0 0 13.78 0
1 488.9 217.3 163 203.7 81.48 81.48 67.9 27.16 13.58 13.58 0 0 0 0 0 0 0 0 0 0
1 360.8 311 199.1 74.65 74.65 74.65 62.21 62.21 0 0 0 12.44 0 12.44 0 0 0 0 0 0
1 253.8 215.8 342.7 152.3 114.2 88.84 38.08 0 12.69 12.69 0 12.69 0 12.69 0 12.69 0 0 0 0
1 476.5 125.4 100.3 250.8 62.69 87.77 50.16 12.54 37.62 37.62 12.54 0 0 0 0 0 0 0 0 0
1 815.3 271.8 126.8 108.7 253.7 72.47 18.12 18.12 72.47 36.24 0 0 0 0 18.12 0 0 0 0 0
1 256.3 497.5 241.2 90.46 60.3 196 45.23 30.15 15.08 30.15 30.15 0 0 15.08 0 0 0 0 0 0
1 315.5 197.2 368.1 157.8 78.88 65.74 65.74 39.44 13.15 13.15 0 0 0 0 0 0 0 0 0 0
1 66.02 308.1 99.03 308.1 88.02 110 22.01 55.01 11 33.01 0 0 0 0 0 0 0 0 0 0
1 304.1 27.64 82.93 110.6 175.1 73.71 18.43 46.07 46.07 27.64 9.214 0 0 0 0 0 0 0 0 0
1 187.5 147.3 26.79 80.37 53.58 113.9 13.4 6.698 6.698 33.49 0 0 0 0 0 0 0 0 0 0
1 464.6 281.6 239.3 28.16 126.7 42.24 84.48 70.4 14.08 0 28.16 0 0 0 14.08 0 0 14.08 0 0
1 508.3 310.6 169.4 112.9 42.36 56.47 0 127.1 14.12 0 14.12 28.24 0 0 14.12 14.12 0 0 0 0
1 351.7 351.7 249.1 161.2 58.62 29.31 43.96 43.96 58.62 43.96 0 14.65 43.96 14.65 0 0 0 0 0 0
1 806.1 143.3 250.8 250.8 107.5 71.66 0 53.74 17.91 35.83 0 17.91 0 17.91 17.91 0 0 0 0 0
1 1893 685.3 65.27 359 130.5 32.64 32.64 0 0 0 32.64 0 32.64 0 0 0 0 0 0 0
1 244.6 1040 407.7 40.77 101.9 81.54 40.77 20.39 20.39 20.39 0 0 0 0 20.39 0 0 0 0 0
1 243.1 182.3 729.2 197.5 30.38 30.38 30.38 15.19 30.38 0 0 15.19 0 15.19 0 0 0 0 0 0
1 782.7 269.9 188.9 836.7 404.9 26.99 26.99 53.98 26.99 53.98 0 0 0 26.99 0 0 0 0 0 0
1 884.4 336.9 273.7 84.23 400.1 42.11 0 21.06 21.06 42.11 0 0 0 0 0 0 0 0 0 0
1 123 579.9 421.7 70.29 87.86 298.7 105.4 0 35.14 0 0 17.57 0 0 0 0 0 0 0 17.57
1 250.1 150.1 362.7 200.1 50.02 37.52 137.6 0 12.51 25.01 0 12.51 0 12.51 0 0 0 0 0 0
1 320.8 160.4 160.4 277 131.2 116.6 43.74 116.6 87.48 0 14.58 0 14.58 0 0 0 0 0 0 14.58
1 270.3 149.2 18.64 65.25 177.1 65.25 37.29 0 102.5 37.29 0 9.322 0 0 0 0 0 0 0 0
1 967.8 281.6 105.6 123.2 52.79 140.8 17.6 17.6 17.6 35.19 0 0 0 0 0 0 0 0 0 0
1 488.4 955.6 169.9 148.6 0 0 148.6 63.7 42.47 0 63.7 42.47 0 0 0 0 0 0 0 0
1 722.1 226.9 536.4 247.6 41.26 20.63 20.63 103.2 0 0 20.63 123.8 0 0 0 0 0 0 0 0
1 364.5 709.9 211 326.2 95.93 57.56 38.37 19.19 57.56 19.19 0 0 0 0 0 0 19.19 0 0 0
1 801.3 425.7 475.8 275.5 300.5 25.04 25.04 50.08 25.04 50.08 0 25.04 0 25.04 0 0 0 0 0 0
1 542.7 802.3 188.8 472 47.2 47.2 94.39 47.2 23.6 0 70.79 23.6 0 0 0 0 0 0 0 0
1 169.4 282.3 423.5 98.81 197.6 84.7 127 0 0 0 0 14.12 0 0 0 14.12 0 0 0 0
1 546.3 218.5 273.2 437.1 91.06 109.3 18.21 36.42 18.21 18.21 0 0 0 18.21 0 18.21 18.21 0 0 0
1 1455 503.6 83.93 195.8 307.7 83.93 27.98 0 83.93 27.98 0 0 0 27.98 0 0 0 0 0 0
1 93.55 1193 233.9 187.1 163.7 210.5 46.78 46.78 70.16 46.78 23.39 0 0 0 0 0 0 0 23.39 0
1 228.4 63.45 558.4 152.3 38.07 25.38 76.14 50.76 38.07 0 12.69 0 0 0 0 12.69 0 0 0 12.69
1 294.1 240.6 53.48 334.2 120.3 53.48 53.48 120.3 0 40.11 13.37 13.37 0 0 0 0 0 0 0 0
1 459.2 96.12 96.12 10.68 224.3 42.72 10.68 10.68 53.4 21.36 0 0 32.04 0 0 0 0 0 0 10.68
1 833.1 272 102 85.01 51 187 102 17 0 0 34 0 0 0 0 0 0 0 0 17
1 1041 630.2 301.4 109.6 109.6 82.2 219.2 109.6 27.4 54.8 54.8 0 0 0 0 0 0 0 0 0
1 451.7 358.3 373.8 109 62.31 0 0 93.46 15.58 15.58 15.58 31.15 0 0 0 31.15 0 0 0 0
1 1222 564.2 258.6 164.5 70.52 23.51 0 23.51 0 0 0 0 0 0 0 0 23.51 0 0 0
1 778.5 573.6 327.8 163.9 102.4 40.97 0 0 20.49 40.97 0 0 0 0 0 0 0 0 0 0
1 368 434.9 468.3 184 66.91 50.18 16.73 0 16.73 0 66.91 0 0 0 0 0 0 0 0 0
1 135.4 259.6 304.7 270.9 45.15 56.43 22.57 0 22.57 11.29 0 0 0 0 0 0 0 0 0 0
1 380.5 319.6 258.8 182.6 197.9 60.88 45.66 45.66 15.22 15.22 0 0 0 0 0 0 0 0 0 0
1 267.1 200.3 189.2 133.6 144.7 66.78 22.26 33.39 22.26 0 22.26 0 0 0 0 0 11.13 0 0 0
1 248.4 181.5 210.2 47.77 76.43 85.98 38.21 19.11 9.553 19.11 0 0 0 0 9.553 9.553 0 0 0 0
1 592.8 197.6 139.5 92.99 23.25 11.62 46.5 34.87 23.25 0 0 0 0 0 0 0 0 0 0 0
1 252.5 311.4 42.08 58.92 58.92 25.25 33.67 42.08 16.83 0 0 0 0 0 0 0 0 0 0 0
1 341.7 182.8 182.8 47.68 15.89 7.947 0 7.947 0 0 0 0 0 0 0 0 0 0 0 7.947
1 316 354 303.4 189.6 25.28 37.93 12.64 0 0 12.64 0 12.64 0 0 0 0 0 0 0 0
1 330.4 151.1 254.9 84.97 94.41 9.441 0 0 0 0 18.88 0 0 0 0 0 0 0 0 0
1 359.1 304.7 174.1 65.3 108.8 43.53 10.88 10.88 0 0 0 10.88 0 0 0 0 0 0 0 0
1 51.35 140 135.4 46.68 46.68 37.34 9.336 0 0 0 0 0 0 0 0 0 0 0 0 0
1 132.8 99.6 179.3 119.5 46.48 33.2 6.64 39.84 0 6.64 0 0 0 0 0 0 0 0 0 0
1 295.9 110.2 23.21 58.02 58.02 5.802 17.41 0 5.802 0 0 5.802 0 0 0 0 0 0 0 0
1 332.1 322.9 73.8 36.9 55.35 73.8 9.225 9.225 9.225 0 0 0 0 0 0 0 0 0 0 0
1 144.1 165.5 144.1 32.03 0 21.35 16.02 5.339 0 5.339 0 0 0 0 0 0 0 0 0 0
1 260 142.4 74.29 117.6 0 0 12.38 6.191 0 6.191 0 0 0 0 0 0 0 0 0 0
1 81.36 179.9 72.8 25.69 42.82 8.564 4.282 4.282 4.282 0 4.282 0 0 0 0 0 0 0 0 0
1 30.53 37.32 142.5 27.14 40.71 30.53 10.18 3.393 13.57 3.393 0 0 0 0 0 0 0 0 0 0
1 269.6 22.85 13.71 86.81 13.71 27.42 13.71 0 0 0 9.138 0 0 0 0 0 0 0 0 0
1 164 135.3 20.5 20.5 41.01 4.101 12.3 8.201 4.101 0 0 0 0 0 0 0 0 0 0 0
1 86.04 158.5 126.8 13.59 9.057 31.7 13.59 13.59 0 0 0 0 0 0 0 0 0 0 0 0
1 62.12 50.61 43.71 48.31 4.601 0 13.8 2.301 2.301 0 2.301 0 0 0 0 0 0 0 0 0
1 62.89 83.85 28.82 47.16 20.96 0 5.241 7.861 0 0 5.241 0 0 0 0 0 0 0 0 0
1 61.09 55.18 37.44 11.82 13.79 11.82 0 0 5.912 0 0 0 0 0 0 0 0 0 0 0
1 84.66 57.27 47.31 29.88 7.47 12.45 4.98 2.49 0 2.49 0 0 0 0 0 0 0 0 0 0
1 167.6 153.7 60.54 32.6 9.313 13.97 9.313 18.63 0 0 0 0 0 0 0 0 0 0 0 0
1 242.5 94.54 53.44 8.221 4.111 0 0 8.221 0 0 0 0 0 0 0 0 0 0 0 0
1 87.67 118 67.44 10.12 33.72 6.744 6.744 0 3.372 3.372 0 0 0 0 0 0 0 0 0 0
1 123.2 51.1 78.16 15.03 24.05 3.006 6.012 0 0 0 0 0 0 0 0 0 0 0 0 0
1 74.15 88.41 37.08 57.04 17.11 0 8.556 0 0 0 2.852 0 0 0 0 0 0 0 0 0
1 128.6 18.82 75.27 28.22 40.77 12.54 6.272 0 0 0 0 3.136 0 0 0 0 0 0 0 0
1 201.4 86.87 39.49 47.39 3.949 7.898 7.898 0 0 0 0 0 0 0 0 0 0 0 0 0
1 130.2 126.8 40.06 3.338 6.676 6.676 13.35 3.338 0 0 3.338 0 0 0 0 0 0 0 0 0
1 39.75 70.15 46.76 42.09 4.676 14.03 7.015 4.676 0 2.338 0 0 0 0 2.338 0 0 0 0 0
1 105.6 47.23 61.12 27.78 16.67 8.335 2.778 2.778 2.778 0 0 0 0 2.778 0 0 0 0 0 0
1 98.63 64.11 29.59 12.33 29.59 4.931 2.466 2.466 2.466 0 0 0 0 0 0 0 0 0 0 0
1 54.13 89.31 48.71 21.65 18.94 18.94 10.83 0 0 2.706 2.706 2.706 0 0 0 0 0 0 0 0
1 18.47 32.33 46.18 29.25 3.079 13.85 6.158 3.079 1.539 0 0 0 0 0 0 0 0 0 0 0
1 49.31 18.49 29.28 36.98 12.33 0 4.623 1.541 0 0 0 0 1.541 0 0 0 0 0 0 0
1 72.58 44.25 12.39 10.62 10.62 14.16 1.77 1.77 1.77 0 1.77 1.77 1.77 1.77 0 0 0 0 0 0
1 34.35 51.53 42.16 4.684 12.49 4.684 0 1.561 3.123 0 0 1.561 0 0 0 0 0 0 0 0
1 41.03 13.68 19.99 15.78 1.052 6.313 2.104 1.052 0 1.052 1.052 0 1.052 0 0 1.052 0 0 0 0
1 70.5 37.71 16.4 21.31 11.48 0 1.64 1.64 1.64 0 0 1.64 0 0 0 0 0 0 0 0
1 18.13 41.09 27.8 12.09 15.71 2.417 1.209 1.209 0 1.209 0 0 0 0 0 0 0 0 0 0
1 54.58 18.71 48.34 21.83 6.238 4.678 1.559 0 0 0 0 0 0 0 0 0 0 0 0 0
1 10.64 19.14 13.47 18.44 1.418 5.673 0 2.127 0 0 0 0 0 0 0 0 0 0 0 0
1 40.56 23.58 9.434 4.717 5.66 7.547 0 0.9434 0.9434 0.9434 0 0 0 0 0 0 0 0 0 0
1 33.2 37 7.589 1.897 4.743 2.846 1.897 0 2.846 0.9486 0.9486 0 0.9486 0 0 0 0 0 0 0
1 12.67 22.97 30.1 4.753 3.961 0 3.169 1.584 0 0 0 0 0 0 0 0 0 0 0 0
1 14.69 11.19 18.89 14.69 1.399 4.198 1.399 2.099 0.6997 0 0.6997 0 0 0 0 0 0 0 0 0
1 18.99 9.496 14.61 16.07 9.496 0 1.461 1.461 0 0.7305 0.7305 0 0 0 0 0 0 0 0 0
1 28.74 9.395 4.421 1.105 3.868 3.868 1.658 0.5526 0 1.105 0.5526 0 0 0 0 0 0 0 0 0
1 35.54 18.77 4.694 2.012 1.341 2.012 1.341 0 0.6705 0.6705 0 0 0 0 0 0 0 0 0 0
1 23.15 26.46 9.921 0 1.323 1.323 1.984 0.6614 0.6614 0.6614 0 0 0 0 0 0 0 0 0 0
1 26.04 11.9 23.81 7.44 0 1.488 2.976 0 0 0 0 0 0 0 0.744 0 0 0 0 0
1 16.25 19.38 10 12.5 1.25 0 0 0.6252 1.25 1.25 0 0 0 0 0 0 0 0 0 0
