 landings-at-age - landings.n (units : NA )
1	2	
42	100	
1	20	
1 
0.008282 0.04239 0.1584 0.09849 0.0789 0.07182 0.03752 0.04393 0.02938 0.01826 0.005628 0.006911 0.00442 0.007858 0.002421 0.003031 0.000611 0.002404 0.000998 0.001278
0.008056 0.09299 0.1189 0.1321 0.06906 0.05532 0.05036 0.02631 0.0308 0.0206 0.0128 0.003946 0.004846 0.003099 0.005509 0.001698 0.002125 0.0004284 0.001686 0.001596
0.09641 1.421 4.082 1.55 1.447 0.7566 0.6061 0.5517 0.2882 0.3374 0.2257 0.1403 0.04323 0.05309 0.03395 0.06036 0.0186 0.02328 0.004694 0.03595
0.08432 2.09 7.621 6.458 2.059 1.922 1.005 0.8053 0.733 0.383 0.4483 0.2998 0.1864 0.05744 0.07054 0.04511 0.0802 0.02471 0.03093 0.05401
0.1007 1.398 8.522 9.114 6.478 2.066 1.928 1.008 0.8078 0.7353 0.3841 0.4497 0.3007 0.187 0.05761 0.07075 0.04525 0.08044 0.02479 0.0852
0.0963 1.49 5.058 8.987 8.051 5.722 1.825 1.703 0.8908 0.7136 0.6495 0.3394 0.3973 0.2657 0.1652 0.0509 0.0625 0.03997 0.07106 0.09717
0.3883 1.337 5.026 4.945 7.35 6.585 4.68 1.492 1.393 0.7286 0.5836 0.5312 0.2776 0.3249 0.2173 0.1351 0.04163 0.05112 0.03269 0.1376
1.513 5.172 4.302 4.659 3.83 5.693 5.1 3.625 1.156 1.079 0.5643 0.4521 0.4115 0.215 0.2517 0.1683 0.1046 0.03224 0.0396 0.1319
0.2726 19.58 16.08 3.828 3.459 2.844 4.227 3.787 2.692 0.8583 0.8013 0.419 0.3357 0.3055 0.1596 0.1869 0.125 0.07769 0.02394 0.1273
1.273 3.451 59.18 13.83 2.745 2.48 2.039 3.031 2.715 1.93 0.6155 0.5745 0.3004 0.2407 0.2191 0.1145 0.134 0.0896 0.0557 0.1085
1.889 15.84 10.2 49.47 9.621 1.91 1.726 1.419 2.109 1.889 1.343 0.4282 0.3997 0.209 0.1674 0.1524 0.07963 0.09321 0.06234 0.1142
0.3197 23.18 45.91 8.307 33.5 6.515 1.293 1.169 0.9606 1.428 1.279 0.9093 0.2899 0.2707 0.1415 0.1134 0.1032 0.05392 0.06312 0.1196
0.4011 3.879 66.03 36.53 5.489 22.13 4.305 0.8544 0.772 0.6347 0.9435 0.8452 0.6008 0.1916 0.1788 0.09352 0.07492 0.06819 0.03563 0.1207
0.2958 4.82 10.88 51.43 23.59 3.544 14.29 2.78 0.5517 0.4986 0.4099 0.6092 0.5458 0.3879 0.1237 0.1155 0.06039 0.04838 0.04403 0.101
0.9534 3.525 13.33 8.302 32.5 14.91 2.24 9.032 1.757 0.3487 0.3151 0.259 0.385 0.3449 0.2452 0.07818 0.07298 0.03816 0.03057 0.09162
1.578 11.28 9.617 9.976 5.139 20.12 9.229 1.387 5.591 1.088 0.2158 0.195 0.1603 0.2383 0.2135 0.1518 0.0484 0.04518 0.02363 0.07565
0.8817 18.55 30.39 7.068 6.055 3.119 12.21 5.602 0.8416 3.394 0.6601 0.131 0.1184 0.09732 0.1447 0.1296 0.09212 0.02937 0.02742 0.06025
1.334 10.3 49.4 21.94 4.208 3.605 1.857 7.271 3.335 0.5011 2.021 0.393 0.07801 0.07049 0.05795 0.08614 0.07717 0.05485 0.01749 0.05221
1.101 15.49 27.13 35.05 12.82 2.46 2.107 1.086 4.25 1.949 0.2929 1.181 0.2297 0.04559 0.0412 0.03387 0.05035 0.0451 0.03206 0.04074
0.8383 12.73 40.37 18.93 20.12 7.36 1.412 1.209 0.6231 2.439 1.119 0.1681 0.6779 0.1318 0.02617 0.02365 0.01944 0.0289 0.02589 0.04178
3.332 9.646 32.82 27.71 10.67 11.34 4.15 0.796 0.6819 0.3513 1.375 0.6309 0.09478 0.3822 0.07434 0.01475 0.01333 0.01096 0.01629 0.03815
0.5752 36.33 23.54 21.2 14.68 5.656 6.011 2.199 0.4218 0.3614 0.1862 0.7288 0.3343 0.05023 0.2025 0.0394 0.007819 0.007065 0.005809 0.02885
2.168 6.271 88.64 15.2 11.23 7.782 2.997 3.186 1.165 0.2235 0.1915 0.09866 0.3862 0.1772 0.02662 0.1073 0.02088 0.004144 0.003744 0.01837
0.3814 23.64 15.3 57.25 8.056 5.954 4.124 1.588 1.688 0.6176 0.1185 0.1015 0.05228 0.2047 0.09389 0.01411 0.05688 0.01106 0.002196 0.01172
0.5778 4.159 57.67 9.884 30.34 4.269 3.155 2.185 0.8417 0.8946 0.3273 0.06278 0.05378 0.02771 0.1085 0.04976 0.007476 0.03014 0.005863 0.007374
2.502 6.3 10.15 37.25 5.238 16.08 2.263 1.672 1.158 0.446 0.4741 0.1734 0.03327 0.0285 0.01468 0.05748 0.02637 0.003962 0.01597 0.007015
1.112 27.27 15.37 6.554 19.74 2.776 8.521 1.199 0.8861 0.6137 0.2364 0.2512 0.09191 0.01763 0.0151 0.007781 0.03046 0.01397 0.002099 0.01218
1.198 12.12 66.54 9.928 3.473 10.46 1.471 4.516 0.6354 0.4696 0.3252 0.1253 0.1331 0.04871 0.009343 0.008004 0.004124 0.01614 0.007405 0.007569
1.939 13.06 29.58 42.98 5.261 1.841 5.544 0.7795 2.393 0.3367 0.2488 0.1724 0.06638 0.07056 0.02581 0.004951 0.004242 0.002185 0.008555 0.007936
2.105 21.13 31.88 19.11 22.78 2.788 0.9754 2.938 0.4131 1.268 0.1784 0.1319 0.09134 0.03518 0.03739 0.01368 0.002624 0.002248 0.001158 0.008739
1.185 22.94 51.56 20.59 10.13 12.07 1.478 0.5169 1.557 0.2189 0.672 0.09456 0.06988 0.0484 0.01864 0.01982 0.007249 0.00139 0.001191 0.005245
0.6959 12.92 55.98 33.31 10.91 5.366 6.396 0.783 0.2739 0.8251 0.116 0.3561 0.05011 0.03703 0.02565 0.00988 0.0105 0.003842 0.0007369 0.003411
1.19 7.586 31.51 36.16 17.65 5.782 2.844 3.39 0.415 0.1452 0.4372 0.06148 0.1887 0.02656 0.01963 0.01359 0.005236 0.005565 0.002036 0.002198
0.9724 12.98 18.51 20.36 19.16 9.354 3.064 1.507 1.796 0.2199 0.07693 0.2317 0.03258 0.1 0.01407 0.0104 0.007204 0.002775 0.002949 0.002244
1.33 10.6 31.67 11.96 10.79 10.15 4.957 1.624 0.7986 0.952 0.1165 0.04077 0.1228 0.01727 0.053 0.007458 0.005512 0.003818 0.00147 0.002752
1.019 14.5 25.87 20.45 6.336 5.717 5.381 2.627 0.8606 0.4232 0.5045 0.06176 0.0216 0.06507 0.00915 0.02809 0.003952 0.002921 0.002023 0.002238
1.835 11.1 35.39 16.71 10.84 3.358 3.029 2.852 1.392 0.456 0.2243 0.2673 0.03273 0.01145 0.03448 0.004849 0.01488 0.002095 0.001548 0.002258
1.089 20.01 27.09 22.86 8.854 5.744 1.779 1.605 1.511 0.7377 0.2417 0.1189 0.1417 0.01734 0.006067 0.01827 0.00257 0.007888 0.00111 0.002017
0.5586 11.87 48.82 17.5 12.11 4.692 3.044 0.943 0.8508 0.8009 0.3909 0.1281 0.06299 0.07508 0.009191 0.003215 0.009684 0.001362 0.00418 0.001657
1.394 6.09 28.97 31.53 9.274 6.42 2.486 1.613 0.4997 0.4509 0.4244 0.2072 0.06787 0.03338 0.03979 0.004871 0.001704 0.005132 0.0007216 0.003093
1.732 14.83 14.53 18.31 16.35 4.809 3.329 1.289 0.8366 0.2591 0.2338 0.2201 0.1074 0.0352 0.01731 0.02063 0.002526 0.0008836 0.002661 0.001978
1.562 18.44 35.5 9.237 9.555 8.533 2.51 1.737 0.6729 0.4365 0.1352 0.122 0.1149 0.05606 0.01837 0.009033 0.01077 0.001318 0.0004611 0.002421
1.948 16.62 44.24 22.69 4.85 5.017 4.481 1.318 0.9122 0.3533 0.2292 0.071 0.06406 0.06031 0.02944 0.009644 0.004743 0.005654 0.0006921 0.001513
0.3944 20.74 39.99 28.43 11.99 2.563 2.651 2.367 0.6962 0.4819 0.1867 0.1211 0.03751 0.03385 0.03186 0.01555 0.005095 0.002506 0.002987 0.001165
1.127 4.198 50.02 25.85 15.12 6.373 1.362 1.409 1.258 0.3701 0.2562 0.09923 0.06438 0.01994 0.01799 0.01694 0.008268 0.002709 0.001332 0.002207
1.389 12 10.15 32.51 13.82 8.084 3.408 0.7286 0.7536 0.673 0.1979 0.137 0.05307 0.03443 0.01067 0.009623 0.009058 0.004422 0.001449 0.001893
1.97 14.78 29.09 6.635 17.49 7.439 4.35 1.834 0.392 0.4055 0.3621 0.1065 0.07373 0.02855 0.01853 0.005739 0.005178 0.004874 0.002379 0.001798
0.3118 20.97 35.93 19.11 3.591 9.469 4.027 2.355 0.9928 0.2122 0.2195 0.196 0.05765 0.03991 0.01546 0.01003 0.003106 0.002803 0.002638 0.002261
1.198 3.317 51.1 23.73 10.41 1.956 5.156 2.193 1.282 0.5406 0.1156 0.1195 0.1067 0.03139 0.02173 0.008417 0.005461 0.001692 0.001526 0.002668
0.6746 12.74 8.105 33.93 13 5.701 1.071 2.824 1.201 0.7023 0.2961 0.0633 0.06547 0.05847 0.0172 0.0119 0.004611 0.002991 0.0009266 0.002298
1.223 7.173 31.19 5.409 18.69 7.162 3.141 0.5902 1.556 0.6617 0.387 0.1631 0.03487 0.03607 0.03222 0.009475 0.006559 0.00254 0.001648 0.001776
0.9245 13 17.61 20.93 2.997 10.36 3.969 1.74 0.3271 0.8623 0.3667 0.2144 0.09041 0.01932 0.01999 0.01785 0.00525 0.003634 0.001408 0.001898
0.7477 9.821 31.98 11.87 11.66 1.67 5.772 2.212 0.9699 0.1823 0.4805 0.2043 0.1195 0.05038 0.01077 0.01114 0.009948 0.002926 0.002025 0.001842
1.745 7.939 24.21 21.67 6.653 6.535 0.9361 3.235 1.239 0.5436 0.1021 0.2693 0.1145 0.06697 0.02823 0.006035 0.006243 0.005575 0.00164 0.002167
0.575 18.52 19.61 16.49 12.21 3.749 3.682 0.5275 1.823 0.6984 0.3063 0.05756 0.1517 0.06453 0.03774 0.01591 0.003401 0.003518 0.003142 0.002145
0.7352 6.096 45.83 13.42 9.339 6.917 2.124 2.086 0.2988 1.033 0.3957 0.1735 0.03261 0.08597 0.03656 0.02138 0.009013 0.001927 0.001993 0.002995
0.6186 7.788 15.12 31.5 7.641 5.319 3.939 1.21 1.188 0.1702 0.5881 0.2253 0.09882 0.01857 0.04896 0.02082 0.01218 0.005133 0.001097 0.002841
0.5286 6.546 19.34 10.44 18.03 4.374 3.045 2.255 0.6924 0.6802 0.09743 0.3367 0.129 0.05657 0.01063 0.02803 0.01192 0.00697 0.002939 0.002254
0.1739 5.588 16.28 13.41 6.004 10.37 2.516 1.752 1.297 0.3983 0.3913 0.05605 0.1937 0.07421 0.03255 0.006116 0.01612 0.006857 0.00401 0.002987
