Originally  
101 
A 
42	100	
1	1	NA	NA	
1	20	
1 0 0.1451 0.3035 0.1847 0.1847 0.1847 0.02639 0.07917 0.09236 0.02639 0.01319 0.01319 0.02639 0 0 0.01319 0 0.01319 0.01319 0
1 0.08391 0.2517 0.2349 0.4195 0.2182 0.08391 0.1175 0.06713 0.1007 0 0.05035 0 0.01678 0.03356 0 0 0 0 0 0
1 0.1466 0.4104 0.9966 0.3811 0.2345 0.1466 0.05862 0.1466 0.02931 0.1172 0.05862 0.08793 0 0 0.02931 0.08793 0 0 0 0
1 0.04875 0.1219 0.9506 0.6825 0.1706 0.1706 0.1463 0 0 0.02438 0.07313 0 0.02438 0 0 0.02438 0 0 0 0
1 0 0.04326 0.5624 0.4975 0.3894 0.1947 0.08653 0.04326 0.1298 0.04326 0.04326 0.02163 0.02163 0.04326 0 0 0 0.04326 0 0
1 0 0.05608 0.2524 0.8412 0.701 0.2804 0.1402 0.1682 0.08412 0 0.08412 0.05608 0.05608 0.02804 0.02804 0 0 0 0.02804 0
1 0.04428 0.08855 0.1476 0.2214 0.369 0.2214 0.2066 0.05904 0.04428 0.01476 0 0.02952 0 0.01476 0 0 0 0 0 0.01476
1 0.1147 0.2008 0.1291 0.2151 0.2008 0.1004 0.1004 0.1434 0.05736 0.0717 0.02868 0.01434 0 0.01434 0.02868 0 0 0 0.01434 0
1 0 1.028 0.5347 0.02057 0.144 0.0617 0.0617 0.02057 0.08226 0.02057 0.04113 0.02057 0 0.02057 0 0 0 0 0 0
1 0.05828 0.05828 1.107 0.1943 0.01943 0.05828 0.03885 0.1748 0.07771 0.09714 0 0.01943 0.03885 0 0 0 0 0 0 0
1 0.1099 0.403 0.05495 0.9708 0.1099 0.01832 0.03663 0 0.03663 0.01832 0.05495 0 0.01832 0 0 0 0 0 0 0
1 0 0.619 1.032 0.2358 0.7664 0.08843 0.08843 0.02948 0 0.02948 0.05895 0 0 0 0 0 0 0 0 0
1 0 0.06664 1.222 0.3999 0.02221 0.2888 0.06664 0.04443 0.02221 0 0.02221 0.02221 0 0.02221 0 0 0.02221 0 0 0
1 0 0.1673 0.1859 0.6691 0.4275 0.05576 0.223 0.07434 0 0 0 0.01859 0 0 0.01859 0 0 0.01859 0 0
1 0.02894 0.1158 0.1592 0.1592 0.5933 0.1013 0.02894 0.1881 0.02894 0 0 0 0.02894 0 0 0 0.01447 0 0 0
1 0.04394 0.1934 0.05273 0.08789 0.03516 0.3076 0.06152 0.008789 0.0791 0 0 0 0 0 0 0.008789 0 0 0 0
1 0.04587 0.3517 0.5352 0.07645 0.07645 0 0.2447 0.1223 0.01529 0.06116 0 0 0 0 0 0 0 0 0 0
1 0.04984 0.2658 0.6812 0.3489 0.04984 0.01661 0.01661 0.1329 0.08307 0 0.01661 0 0 0 0 0 0 0 0 0
1 0.06365 0.3342 0.366 0.4137 0.175 0.04774 0.04774 0.03183 0.07957 0.01591 0 0.01591 0 0 0 0 0 0 0 0
1 0 0.2916 0.4565 0.2155 0.1902 0.0634 0.02536 0 0 0.02536 0 0 0 0 0 0 0 0 0 0
1 0.1372 0.1486 0.2744 0.263 0.1029 0.1715 0.01143 0.01143 0 0 0.01143 0.01143 0 0 0 0 0 0 0 0
1 0.0228 0.4218 0.1482 0.228 0.171 0.07981 0.06841 0 0 0 0 0 0 0 0 0 0 0 0 0
1 0.06193 0.2271 1.218 0.1858 0.2064 0.06193 0.02064 0.06193 0 0 0 0 0 0.02064 0 0 0 0 0 0
1 0.01206 0.3255 0.1688 0.4702 0.1085 0.03617 0.06028 0.01206 0 0.01206 0 0 0 0 0 0 0 0 0 0
1 0.01717 0.05152 0.4036 0.05152 0.2662 0.02576 0.02576 0 0 0.01717 0 0 0 0 0 0 0 0 0 0
1 0.05608 0.08412 0.1122 0.4113 0.03739 0.1495 0.009347 0.01869 0.01869 0 0.02804 0 0 0 0 0.009347 0 0 0 0
1 0.0213 0.426 0.1917 0.08521 0.1811 0.0213 0.09586 0.03195 0.01065 0 0 0 0 0 0 0 0 0 0 0
1 0 0.1715 0.5681 0.1286 0.02144 0.07503 0 0.08574 0 0 0.01072 0.01072 0 0 0 0 0 0 0 0
1 0.04387 0.3217 0.351 0.585 0.07312 0.02925 0.04387 0.01462 0 0 0 0 0 0 0 0 0 0 0 0
1 0.022 0.253 0.319 0.198 0.242 0.022 0.011 0.033 0 0 0 0 0 0 0 0 0 0 0 0
1 0.01878 0.526 0.7514 0.2254 0.07514 0.2442 0.03757 0 0 0 0 0 0 0 0 0 0 0 0 0
1 0.06092 0.1828 0.7462 0.2894 0.09138 0.07615 0.01523 0 0.03046 0.01523 0 0.01523 0 0 0 0 0 0 0 0
1 0.06245 0.09991 0.3872 0.4621 0.1499 0.01249 0.03747 0.02498 0 0 0.01249 0 0 0 0 0 0 0 0 0
1 0.03939 0.1674 0.1674 0.1674 0.2068 0.1575 0.05908 0 0.01969 0 0 0 0 0 0 0 0 0 0 0
1 0.03512 0.1639 0.3863 0.1639 0.1756 0.1171 0.08195 0.01171 0.01171 0.02341 0 0 0 0 0 0 0 0 0 0
1 0.07592 0.2711 0.2494 0.1952 0.1301 0.03254 0.06507 0.05423 0.01085 0 0 0 0 0 0 0 0 0 0 0
1 0.05863 0.1661 0.4006 0.127 0.09771 0.0684 0.009771 0.04886 0 0 0 0 0 0 0 0 0 0 0 0
1 0.02323 0.2323 0.1781 0.2555 0.05419 0.02323 0 0 0.007742 0 0 0 0 0 0 0 0 0 0 0
1 0.01395 0.2512 0.6 0.2093 0.1395 0.02791 0.05581 0.04186 0.02791 0 0.02791 0 0 0 0 0 0 0 0 0
1 0.05419 0.1219 0.5012 0.42 0.1219 0.05419 0.05419 0 0.01355 0.01355 0 0 0 0 0 0 0 0 0 0
1 0.1152 0.3312 0.144 0.3024 0.2592 0.1296 0.072 0.0432 0 0 0 0.0432 0 0 0 0 0 0 0 0
1 0.07759 0.2328 0.4212 0.09976 0.133 0.09976 0.02217 0.01108 0.01108 0 0 0 0 0 0 0 0 0 0 0
1 0.04616 0.3539 0.6617 0.2616 0.04616 0.03078 0.09233 0 0.01539 0.01539 0 0 0.01539 0 0 0 0 0 0 0
1 0 0.3425 0.5138 0.1713 0.1346 0.02447 0.01223 0.01223 0.01223 0 0 0 0 0 0 0 0 0 0 0
1 0.02236 0.0559 0.5366 0.246 0.1565 0.02236 0.01118 0.01118 0.04472 0 0.01118 0 0 0 0 0 0 0 0 0
1 0.05641 0.2144 0.1015 0.3385 0.2031 0.09026 0.07898 0.01128 0.01128 0.01128 0 0 0 0 0 0 0.01128 0 0 0
1 0.1124 0.1328 0.378 0.08174 0.2043 0.0613 0.02043 0.01022 0.01022 0 0.01022 0 0 0 0 0 0 0 0 0
1 0 0.2433 0.4097 0.3329 0.03841 0.1408 0.08963 0.0128 0.0128 0 0 0 0 0 0 0 0 0 0 0
1 0.03654 0.09136 1.151 0.2558 0.1827 0.03654 0.03654 0.03654 0 0 0 0 0 0 0 0 0 0 0 0
1 0.07215 0.2164 0.09276 0.371 0.1649 0.04123 0.02061 0.02061 0.02061 0.01031 0 0 0 0 0 0 0 0 0 0
1 0.03917 0.1306 0.457 0.07835 0.3656 0.1698 0.03917 0 0.01306 0.01306 0 0 0 0 0 0 0 0 0 0
1 0.04541 0.2498 0.2044 0.3292 0.04541 0.1476 0.03406 0.01135 0 0.04541 0 0.01135 0 0 0.01135 0 0 0 0 0
1 0.07394 0.1922 0.6211 0.1922 0.207 0.02958 0.05915 0.05915 0.04436 0 0 0 0 0 0 0 0 0 0 0
1 0.09099 0.182 0.39 0.325 0.07799 0.104 0.026 0.039 0.039 0.013 0 0.013 0 0 0 0 0 0 0 0
1 0.03224 0.3385 0.3385 0.4191 0.3708 0.0806 0.01612 0 0 0 0.01612 0 0 0 0 0 0 0 0 0
1 0.03688 0.166 0.7376 0.3319 0.2582 0.166 0.03688 0.03688 0 0 0.01844 0.01844 0 0 0.03688 0 0 0 0 0
1 0.01518 0.1518 0.3188 0.6376 0.1366 0.09108 0.04554 0.03036 0.04554 0.01518 0.01518 0.01518 0 0 0 0 0 0 0 0
1 0.04396 0.1319 0.2638 0.2198 0.3187 0.05495 0.04396 0 0 0.02198 0 0 0 0 0 0 0 0 0 0
1 0 0.1324 0.3055 0.2342 0.1018 0.1629 0.02037 0.01018 0.02037 0.02037 0 0.01018 0 0 0 0 0 0 0 0
