Originally  
101 
A 
42	100	
1	1	NA	NA	
1	20	
1 0.1164 0.2328 0.6984 0.2328 0.8924 0.8148 0.194 0.2328 0.194 0.1164 0 0 0.0776 0 0 0.0388 0 0.0388 0 0
1 0.02365 0.3547 0.5439 0.4729 0.09458 0.1655 0.4493 0.04729 0.1419 0.02365 0.02365 0 0 0 0 0 0 0 0 0.02365
1 0 0.09718 0.6073 0.5102 0.2186 0.1944 0.2915 0.2186 0.07288 0.1215 0.02429 0 0 0.02429 0.02429 0.02429 0 0 0 0
1 0.05493 0.1099 0.6317 0.5768 0.412 0.2747 0.1923 0.1923 0.2747 0 0 0 0.02747 0 0 0 0 0 0 0
1 0.0549 0.0549 0.08235 0.2059 0.2333 0.1784 0.1098 0.0549 0.151 0.1647 0.02745 0.01372 0 0.01372 0.01372 0 0 0 0.01372 0
1 0.03212 0.273 0.3212 0.2088 0.1285 0.2088 0.08029 0.1124 0.01606 0.09635 0.09635 0.01606 0 0 0 0 0 0.01606 0 0
1 0.1818 0.2364 0.5637 0.2 0.1273 0.09092 0.1273 0.05455 0.01818 0.05455 0.05455 0.07274 0 0.01818 0.01818 0 0 0 0 0
1 0.1053 0.8635 0.358 0.3159 0.1053 0.04212 0.02106 0.06318 0.06318 0.04212 0 0.06318 0.04212 0 0.02106 0 0 0 0 0
1 0.05544 0.2217 1.247 0.4989 0.3603 0.02772 0.08315 0.05544 0.08315 0.05544 0.02772 0 0.02772 0.02772 0 0 0 0 0 0
1 0 0.3081 0.4842 0.7263 0.2641 0.2201 0.11 0.02201 0.04402 0 0 0.02201 0 0 0 0 0 0 0 0
1 0.06916 0.05187 0.2939 0.3804 0.4668 0.1729 0.1729 0.03458 0 0 0.01729 0.01729 0.03458 0 0 0 0 0 0 0.01729
1 0.01953 0.3515 0.2929 0.2538 0.2538 0.3905 0.1367 0.09763 0 0.03905 0 0 0.0781 0.01953 0 0 0.01953 0 0 0
1 0.03114 0.1401 0.4671 0.218 0.2336 0.109 0.1246 0.09343 0.09343 0 0.01557 0.01557 0 0 0 0 0 0.01557 0 0
1 0.01202 0.1924 0.1803 0.3246 0.07213 0.1202 0.09618 0.1202 0.02404 0.02404 0.03607 0 0 0 0 0 0 0 0 0
1 0.06348 0.3015 0.4602 0.1587 0.1587 0.06348 0.09521 0.07934 0.1111 0.03174 0.04761 0 0 0.01587 0 0 0 0 0 0
1 0.00962 0.2597 0.2597 0.1154 0.0481 0.1058 0.01924 0.05772 0.00962 0.02886 0.00962 0.02886 0 0 0 0 0 0.00962 0 0
1 0.1302 0.1952 0.8027 0.3471 0.2386 0.08677 0.1302 0.04339 0.04339 0.08677 0.06508 0 0 0 0 0 0 0 0 0
1 0.0709 0.39 0.3722 0.5495 0.1241 0.03545 0.05318 0.0709 0.01773 0.01773 0 0.01773 0.01773 0 0.01773 0 0 0 0 0.01773
1 0.07374 0.3441 1.254 0.3195 0.2704 0.07374 0.04916 0.02458 0.02458 0 0 0.02458 0 0 0 0 0 0 0 0
1 0.04813 0.2647 0.5294 0.9626 0.385 0.04813 0.09626 0 0 0 0.02406 0 0 0.02406 0 0.02406 0 0 0 0
1 0 0.2911 0.3118 0.2703 0.6237 0.2495 0.2079 0.02079 0.02079 0.02079 0.02079 0 0 0.04158 0 0 0 0 0 0
1 0.05184 0.1815 1.141 0.2333 0.3111 0.4666 0.05184 0.07777 0.02592 0.02592 0 0 0 0 0 0 0 0 0.02592 0
1 0.05746 0.5171 0.2298 0.8331 0.2298 0.2586 0.4022 0.1436 0.1436 0.02873 0.02873 0 0 0 0 0 0 0 0 0
1 0.01892 0.07568 0.5676 0.1703 0.5297 0.09459 0.1514 0.1324 0.03784 0.05676 0.01892 0.01892 0 0 0.01892 0 0 0 0 0
1 0.01686 0.2361 0.1686 0.3878 0.2192 0.2529 0.1349 0.118 0.08431 0.03372 0.01686 0.01686 0 0 0 0 0 0 0 0
1 0.1398 0.1652 0.2287 0.06353 0.2923 0.03812 0.1017 0.02541 0.08895 0.05083 0.05083 0.02541 0 0 0 0 0 0 0 0
1 0.02075 0.9335 0.1452 0.4149 0.02075 0.3112 0.04149 0.02075 0 0.06224 0.04149 0.04149 0 0.02075 0 0 0 0 0 0
1 0 0.1221 1.099 0.1395 0.05233 0.05233 0.1047 0.05233 0.08721 0 0.01744 0 0 0 0 0.01744 0 0 0 0
1 0.07443 0.3163 0.2419 0.8931 0.1675 0.01861 0.01861 0.05582 0.03721 0 0.03721 0 0 0 0 0 0 0 0 0
1 0.0329 0.4441 0.3454 0.1151 0.4606 0.06579 0.09869 0 0.01645 0.04935 0.01645 0 0 0 0 0 0 0 0 0
1 0.03268 0.06537 0.7191 0.2778 0.09805 0.3105 0.04903 0.04903 0 0.01634 0 0.01634 0 0 0 0 0 0 0 0
1 0.05822 0.2038 0.07277 0.5531 0.1601 0.04366 0.2329 0.01455 0.01455 0 0.04366 0.01455 0.02911 0 0.01455 0 0 0 0 0
1 0.03666 0.2383 0.6048 0.03666 0.4582 0.2016 0.07331 0.165 0.01833 0 0 0 0 0 0 0 0 0 0 0
1 0.03682 0.07365 0.1964 0.3805 0.03682 0.2578 0.08592 0.03682 0.08592 0.01227 0 0 0.01227 0 0 0 0.01227 0 0 0
1 0.01428 0.3 0.2143 0.2428 0.2714 0.05714 0.1571 0.1143 0.01428 0.02857 0 0.01428 0 0 0 0 0 0 0 0
1 0 0.04195 0.783 0.1119 0.1119 0.1538 0.02797 0.06991 0.02797 0.02797 0.02797 0 0 0 0 0 0.01398 0 0 0
1 0.03374 0.07873 0.1687 0.4386 0.1012 0.04499 0.07873 0.04499 0.06748 0.01125 0.01125 0.01125 0 0.02249 0 0 0 0.01125 0 0
1 0.05588 0.2887 0.07451 0.08382 0.1956 0.04657 0.05588 0.0652 0.01863 0.02794 0 0.009314 0 0 0.009314 0 0 0 0 0
1 0.05048 0.2692 0.7573 0.101 0.05048 0.3029 0.06731 0.06731 0 0 0 0.01683 0 0 0 0 0 0 0 0
1 0.07237 0.3257 0.6875 0.4342 0.03619 0.05428 0.09047 0.05428 0 0.05428 0 0 0 0 0 0 0 0 0 0
1 0.07494 0.2248 0.5808 0.4122 0.3747 0.03747 0 0.07494 0.01874 0.01874 0.01874 0 0.03747 0 0 0 0 0 0 0
1 0 0.4448 0.6017 0.6017 0.3663 0.2878 0.1308 0.02616 0.1046 0 0 0 0 0.02616 0 0 0.02616 0 0 0
1 0.02866 0.02866 0.4872 0.2722 0.3009 0.129 0.07164 0.01433 0.01433 0.02866 0.02866 0 0.02866 0 0 0 0 0 0 0
1 0.05573 0.2043 0.5201 0.3158 0.2972 0.1672 0.1486 0.0743 0.03715 0 0.01858 0 0 0.01858 0 0 0 0 0 0
1 0.1046 0.5651 0.2511 0.1884 0.3349 0.2511 0.1256 0.08371 0.1256 0 0 0.04186 0.02093 0 0 0 0 0 0 0
1 0.1909 0.409 1.254 0.1091 0.1909 0.2181 0.1091 0.1091 0.05453 0.05453 0 0 0 0 0 0 0 0.02727 0 0
1 0.05065 0.7598 0.5065 0.6078 0.152 0.05065 0.1773 0.07598 0.07598 0 0.02533 0 0 0.02533 0.02533 0 0 0 0 0
1 0.06829 0.4097 1.332 0.6146 0.4439 0.1024 0.2049 0.1366 0 0.06829 0 0.03414 0 0 0 0 0 0 0 0
1 0.05739 0.1148 0.8034 0.7747 0.4878 0.373 0.05739 0.05739 0.02869 0.05739 0.02869 0.02869 0 0 0 0 0 0 0 0
1 0 0.2812 0.8435 0.3749 0.9372 0.2812 0.2499 0.06248 0 0 0.06248 0.03124 0 0 0 0 0 0 0 0
1 0.02262 0.2262 0.4977 0.4977 0.3393 0.2941 0.2036 0.1131 0.02262 0.02262 0 0 0.02262 0 0 0 0 0 0 0
1 0.03739 0.1869 0.486 0.2617 0.243 0.1682 0.1495 0.1495 0.1495 0 0 0 0 0.03739 0 0 0 0 0 0
1 0.0195 0.312 0.3705 0.234 0.1755 0.1755 0.1365 0.2925 0.117 0.07799 0 0 0 0 0.0195 0 0 0 0.0195 0
1 0.0143 0.1716 0.529 0.2001 0.07148 0.1001 0.1001 0.05718 0.08578 0 0.04289 0.0143 0 0 0.0143 0.0143 0 0 0 0.0143
1 0.1351 0.5132 0.7293 0.3241 0.2431 0.1891 0.2161 0.1351 0.108 0.02701 0.02701 0.02701 0 0.02701 0 0 0 0 0 0
1 0.02205 0.1323 1.102 0.3087 0.2866 0.1102 0.1323 0.0441 0.02205 0 0.02205 0.02205 0 0 0 0 0 0 0 0
1 0.02249 0.1799 0.4049 0.8547 0.2699 0.2249 0.1125 0.04498 0.02249 0.02249 0.04498 0 0 0 0 0 0.02249 0.02249 0 0
1 0.0849 0.566 0.3962 0.4245 0.6509 0.2547 0.1698 0.0849 0.0283 0 0.0283 0.0849 0.0283 0.0283 0 0 0 0 0 0
1 0.05575 0.3066 0.7526 0.2509 0.3902 0.3066 0.2787 0.3345 0.02787 0.02787 0 0.02787 0 0.02787 0 0 0 0 0 0
