 landings-at-age - landings.n (units : NA )
1	2	
42	100	
1	20	
1 
0.4279 5.701 14.47 5.502 12.21 14.49 2.758 3.925 1.516 1.438 0.4629 0.4689 0.4778 0.1053 0.09301 0.1374 0.04085 0.0866 0.01967 0.09582
0.1528 2.724 8.899 6.539 2.078 4.609 5.472 1.041 1.482 0.5725 0.5432 0.1748 0.1771 0.1804 0.03975 0.03512 0.0519 0.01543 0.0327 0.04361
0.1113 2.518 10.98 10.47 6.449 2.049 4.546 5.397 1.027 1.462 0.5647 0.5358 0.1724 0.1747 0.178 0.0392 0.03464 0.05119 0.01522 0.07527
0.142 1.14 6.305 7.98 6.37 3.922 1.246 2.765 3.282 0.6247 0.8892 0.3434 0.3258 0.1049 0.1062 0.1082 0.02384 0.02107 0.03113 0.05503
0.5629 2.13 4.158 6.676 7.072 5.645 3.476 1.105 2.45 2.909 0.5536 0.7881 0.3044 0.2888 0.09293 0.09414 0.09592 0.02113 0.01867 0.07636
0.3366 5.333 4.915 2.77 3.717 3.937 3.143 1.935 0.6149 1.364 1.62 0.3082 0.4388 0.1695 0.1608 0.05174 0.05241 0.05341 0.01176 0.05291
0.7157 3.213 12.45 3.327 1.568 2.105 2.23 1.78 1.096 0.3482 0.7725 0.9171 0.1745 0.2484 0.09595 0.09103 0.0293 0.02968 0.03024 0.03662
0.3386 9.982 10.93 12.3 2.752 1.297 1.741 1.844 1.472 0.9063 0.288 0.6389 0.7585 0.1443 0.2055 0.07935 0.07529 0.02423 0.02454 0.0553
0.2746 3.914 28.06 8.884 8.363 1.871 0.882 1.184 1.254 1.001 0.6162 0.1958 0.4344 0.5157 0.09815 0.1397 0.05395 0.05119 0.01647 0.05429
0.137 2.826 9.812 20.34 5.383 5.067 1.133 0.5344 0.7171 0.7596 0.6063 0.3733 0.1186 0.2632 0.3124 0.05946 0.08464 0.03269 0.03101 0.04287
0.3187 1.681 8.435 8.477 14.7 3.889 3.661 0.819 0.3861 0.5181 0.5488 0.4381 0.2698 0.08571 0.1902 0.2258 0.04296 0.06115 0.02362 0.05338
0.1694 3.889 4.977 7.209 6.056 10.5 2.779 2.615 0.5851 0.2758 0.3702 0.3921 0.313 0.1927 0.06124 0.1359 0.1613 0.0307 0.04369 0.05501
0.2266 1.69 9.428 3.477 4.208 3.535 6.129 1.622 1.527 0.3416 0.161 0.2161 0.2289 0.1827 0.1125 0.03575 0.0793 0.09415 0.01792 0.05762
0.2999 2.626 4.758 7.672 2.366 2.863 2.405 4.169 1.103 1.039 0.2324 0.1095 0.147 0.1557 0.1243 0.07653 0.02432 0.05395 0.06405 0.05139
0.6177 3.631 7.709 4.031 5.432 1.675 2.027 1.703 2.952 0.7813 0.7354 0.1645 0.07756 0.1041 0.1103 0.08801 0.05419 0.01722 0.0382 0.08174
0.4419 6.608 9.421 5.762 2.517 3.392 1.046 1.266 1.063 1.843 0.4878 0.4592 0.1027 0.04842 0.06498 0.06883 0.05495 0.03383 0.01075 0.07488
0.7824 4.65 16.89 6.946 3.55 1.551 2.089 0.6443 0.7797 0.655 1.136 0.3005 0.2829 0.06328 0.02983 0.04003 0.04241 0.03385 0.02084 0.05275
0.4804 9.13 13.18 13.82 4.751 2.428 1.06 1.429 0.4406 0.5333 0.4479 0.7766 0.2055 0.1935 0.04328 0.0204 0.02738 0.029 0.02315 0.05033
0.197 4.492 20.8 8.664 7.595 2.61 1.334 0.5827 0.7852 0.2421 0.293 0.2461 0.4267 0.1129 0.1063 0.02378 0.01121 0.01504 0.01594 0.04038
0.4412 2.107 11.73 15.74 5.484 4.807 1.652 0.8443 0.3688 0.497 0.1533 0.1855 0.1558 0.2701 0.07148 0.06728 0.01505 0.007096 0.009522 0.03564
0.1247 3.702 4.336 7.009 7.87 2.743 2.404 0.8263 0.4223 0.1844 0.2486 0.07664 0.09275 0.07791 0.1351 0.03575 0.03365 0.007528 0.003549 0.02259
0.2919 1.474 10.74 3.67 4.97 5.58 1.945 1.705 0.5859 0.2994 0.1308 0.1762 0.05434 0.06576 0.05524 0.09577 0.02535 0.02386 0.005337 0.01853
0.09352 5.129 6.301 13.36 3.825 5.18 5.816 2.027 1.777 0.6107 0.3121 0.1363 0.1837 0.05664 0.06855 0.05758 0.09983 0.02642 0.02487 0.02488
0.1468 0.695 9.319 3.307 5.86 1.678 2.272 2.551 0.889 0.7792 0.2678 0.1369 0.05979 0.08056 0.02484 0.03006 0.02525 0.04378 0.01159 0.02182
0.08396 1.357 1.578 6.17 1.834 3.249 0.9301 1.259 1.414 0.4928 0.432 0.1485 0.07587 0.03314 0.04466 0.01377 0.01667 0.014 0.02427 0.01852
0.8753 1.659 6.533 2.217 7.261 2.158 3.823 1.095 1.482 1.664 0.58 0.5084 0.1747 0.0893 0.03901 0.05256 0.01621 0.01961 0.01648 0.05036
0.0919 6.523 3.024 3.443 0.9762 3.198 0.9504 1.684 0.4821 0.6528 0.733 0.2554 0.2239 0.07696 0.03933 0.01718 0.02315 0.007138 0.008639 0.02944
0.2311 1.078 18.74 2.532 2.414 0.6845 2.242 0.6664 1.181 0.338 0.4577 0.514 0.1791 0.157 0.05396 0.02758 0.01205 0.01623 0.005005 0.0267
0.4832 3.133 3.567 18.05 2.042 1.947 0.552 1.808 0.5374 0.9522 0.2726 0.3691 0.4145 0.1444 0.1266 0.04352 0.02224 0.009714 0.01309 0.02557
0.08707 5.415 8.563 2.826 11.96 1.353 1.29 0.3659 1.199 0.3562 0.6311 0.1807 0.2447 0.2747 0.09574 0.08392 0.02884 0.01474 0.006439 0.02562
0.3023 0.8537 12.98 5.952 1.643 6.956 0.7868 0.7501 0.2127 0.6968 0.2071 0.3669 0.105 0.1422 0.1597 0.05566 0.04879 0.01677 0.008569 0.01864
0.1318 2.69 1.864 8.246 3.165 0.874 3.699 0.4185 0.399 0.1131 0.3706 0.1101 0.1951 0.05587 0.07565 0.08495 0.0296 0.02595 0.008919 0.01447
0.1394 2.523 12.53 2.531 9.381 3.601 0.9942 4.209 0.4761 0.4539 0.1287 0.4216 0.1253 0.222 0.06356 0.08607 0.09664 0.03368 0.02952 0.02661
0.3774 1.176 5.19 7.446 1.257 4.657 1.788 0.4936 2.089 0.2363 0.2253 0.06389 0.2093 0.0622 0.1102 0.03155 0.04272 0.04797 0.01672 0.02786
0.07502 3.935 3 3.849 4.621 0.7799 2.89 1.109 0.3063 1.297 0.1467 0.1398 0.03965 0.1299 0.0386 0.06839 0.01958 0.02652 0.02977 0.02767
0.1192 1.117 14.28 3.163 3.397 4.078 0.6883 2.551 0.9791 0.2703 1.144 0.1294 0.1234 0.03499 0.1146 0.03407 0.06036 0.01728 0.0234 0.05069
0.5186 1.351 3.077 11.36 2.103 2.259 2.712 0.4576 1.696 0.651 0.1797 0.7608 0.08607 0.08205 0.02327 0.07622 0.02265 0.04013 0.01149 0.04926
0.4319 5.942 3.759 2.472 7.623 1.412 1.516 1.82 0.3072 1.139 0.437 0.1207 0.5108 0.05778 0.05509 0.01562 0.05117 0.01521 0.02694 0.04079
0.5336 4.471 14.96 2.731 1.501 4.629 0.8572 0.9206 1.105 0.1865 0.6913 0.2654 0.07326 0.3101 0.03508 0.03345 0.009484 0.03107 0.009233 0.04112
0.3281 5.73 11.69 11.31 1.726 0.9485 2.926 0.5418 0.5819 0.6986 0.1179 0.4369 0.1677 0.04631 0.196 0.02217 0.02114 0.005994 0.01964 0.03183
0.3083 2.788 11.91 7.043 5.697 0.8697 0.4778 1.474 0.273 0.2931 0.3519 0.0594 0.2201 0.08449 0.02333 0.09875 0.01117 0.01065 0.00302 0.02593
0.1851 3.53 7.819 9.731 4.817 3.897 0.5948 0.3268 1.008 0.1867 0.2005 0.2407 0.04063 0.1506 0.05779 0.01596 0.06754 0.007641 0.007284 0.0198
0.1765 2.698 12.54 8.079 8.419 4.167 3.371 0.5146 0.2827 0.8721 0.1615 0.1735 0.2082 0.03515 0.1302 0.05 0.0138 0.05843 0.00661 0.02343
0.5788 1.934 7.196 9.678 5.213 5.432 2.689 2.175 0.332 0.1824 0.5627 0.1042 0.1119 0.1344 0.02268 0.08404 0.03226 0.008907 0.0377 0.01938
0.4672 6.003 4.89 5.269 5.926 3.192 3.326 1.646 1.332 0.2033 0.1117 0.3445 0.06381 0.06853 0.08227 0.01388 0.05146 0.01975 0.005453 0.03495
0.6692 4.162 13.1 3.096 2.791 3.138 1.69 1.761 0.8719 0.7053 0.1077 0.05916 0.1825 0.03379 0.03629 0.04357 0.007353 0.02725 0.01046 0.0214
0.2876 6.372 9.737 8.933 1.769 1.594 1.793 0.9657 1.006 0.4981 0.4029 0.06151 0.03379 0.1042 0.0193 0.02073 0.02489 0.004201 0.01557 0.0182
0.4674 5.189 28.06 12.51 9.617 1.904 1.716 1.93 1.04 1.083 0.5362 0.4337 0.06621 0.03638 0.1122 0.02078 0.02232 0.0268 0.004522 0.03635
0.3491 5.969 16.08 25.13 9.369 7.203 1.426 1.285 1.446 0.7786 0.8113 0.4016 0.3249 0.04959 0.02725 0.08404 0.01557 0.01672 0.02007 0.03061
0.3432 4.012 16.62 12.9 16.84 6.277 4.825 0.9554 0.8611 0.9684 0.5216 0.5435 0.2691 0.2176 0.03322 0.01826 0.05631 0.01043 0.0112 0.03396
0.339 3.415 9.694 11.56 7.496 9.787 3.648 2.805 0.5553 0.5005 0.5629 0.3032 0.3159 0.1564 0.1265 0.01931 0.01061 0.03273 0.006061 0.02624
0.3134 2.623 6.463 5.306 5.291 3.429 4.477 1.669 1.283 0.254 0.229 0.2575 0.1387 0.1445 0.07154 0.05787 0.008834 0.004854 0.01497 0.01478
0.3177 2.967 6.101 4.384 3.014 3.005 1.948 2.543 0.948 0.7288 0.1443 0.1301 0.1463 0.07878 0.08209 0.04064 0.03287 0.005018 0.002757 0.0169
0.5558 3.798 8.715 5.236 3.152 2.167 2.161 1.401 1.829 0.6817 0.5241 0.1038 0.09352 0.1052 0.05665 0.05903 0.02922 0.02364 0.003608 0.01413
0.2394 7.781 13.01 8.711 4.384 2.64 1.815 1.81 1.173 1.531 0.5708 0.4388 0.08689 0.07831 0.08807 0.04744 0.04943 0.02447 0.01979 0.01486
0.2045 3.3 26.11 12.68 7.103 3.575 2.152 1.48 1.476 0.9564 1.249 0.4655 0.3578 0.07085 0.06386 0.07182 0.03868 0.04031 0.01995 0.02826
0.4505 2.618 10.24 23.42 9.505 5.325 2.68 1.614 1.109 1.106 0.717 0.9361 0.3489 0.2682 0.05311 0.04787 0.05384 0.029 0.03022 0.03614
0.3121 3.237 4.594 5.184 9.897 4.018 2.251 1.133 0.682 0.4689 0.4675 0.303 0.3956 0.1475 0.1134 0.02245 0.02023 0.02276 0.01226 0.02805
0.4559 3.429 8.715 3.602 3.403 6.497 2.637 1.477 0.7436 0.4477 0.3078 0.3069 0.1989 0.2597 0.09682 0.07443 0.01474 0.01328 0.01494 0.02646
