 landings-at-age - landings.n (units : NA )
1	2	
42	100	
1	20	
1 
0.2714 3.628 9.753 9.496 2.889 2.492 2.032 2.059 1.462 0.8662 0.4763 0.503 0.302 0.2448 0.1319 0.09038 0.05257 0.06876 0.02768 0.07984
0.2078 1.728 5.663 4.406 3.586 1.091 0.9409 0.7673 0.7775 0.552 0.3271 0.1799 0.1899 0.114 0.09245 0.04982 0.03413 0.01985 0.02597 0.0406
0.1869 3.424 6.963 6.666 4.346 3.537 1.076 0.928 0.7569 0.7669 0.5444 0.3226 0.1774 0.1874 0.1125 0.09119 0.04914 0.03366 0.01958 0.06566
0.2029 1.915 8.575 5.061 4.054 2.643 2.151 0.6543 0.5644 0.4603 0.4664 0.3311 0.1962 0.1079 0.1139 0.06841 0.05545 0.02989 0.02047 0.05184
0.2693 3.042 6.983 9.08 4.486 3.593 2.343 1.906 0.5799 0.5002 0.4079 0.4134 0.2934 0.1739 0.09563 0.101 0.06063 0.04915 0.02649 0.06409
0.2227 2.551 7.019 4.652 5.055 2.497 2 1.304 1.061 0.3229 0.2785 0.2271 0.2301 0.1634 0.09681 0.05324 0.05622 0.03376 0.02736 0.05043
0.2238 2.126 5.956 4.751 2.634 2.862 1.414 1.133 0.7385 0.601 0.1828 0.1577 0.1286 0.1303 0.09251 0.05482 0.03015 0.03183 0.01911 0.04405
0.3654 3.122 7.228 5.884 3.929 2.179 2.367 1.169 0.9367 0.6108 0.497 0.1512 0.1304 0.1064 0.1078 0.07651 0.04534 0.02493 0.02633 0.05224
0.2776 4.223 8.777 5.878 4.001 2.672 1.481 1.61 0.7952 0.6369 0.4153 0.3379 0.1028 0.08867 0.07232 0.07328 0.05202 0.03083 0.01695 0.05342
0.3033 2.857 10.59 6.361 3.561 2.424 1.619 0.8975 0.9752 0.4818 0.3859 0.2516 0.2048 0.06228 0.05372 0.04381 0.0444 0.03152 0.01868 0.04264
0.3841 3.721 8.526 9.146 4.596 2.573 1.751 1.17 0.6485 0.7046 0.3481 0.2788 0.1818 0.1479 0.045 0.03882 0.03166 0.03208 0.02277 0.0443
0.5301 4.686 11.01 7.287 6.535 3.284 1.838 1.251 0.8356 0.4633 0.5034 0.2487 0.1992 0.1299 0.1057 0.03215 0.02773 0.02262 0.02292 0.04792
0.3343 5.288 11.36 7.696 4.254 3.815 1.917 1.073 0.7304 0.4878 0.2704 0.2939 0.1452 0.1163 0.07581 0.0617 0.01877 0.01619 0.0132 0.04135
0.3052 3.874 14.89 9.245 5.236 2.894 2.595 1.304 0.73 0.4969 0.3318 0.184 0.1999 0.09876 0.0791 0.05158 0.04197 0.01277 0.01101 0.03711
0.4419 3.695 11.37 12.62 6.546 3.707 2.049 1.837 0.9233 0.5169 0.3518 0.235 0.1303 0.1416 0.06993 0.05601 0.03652 0.02972 0.00904 0.03408
0.5242 4.727 9.589 8.501 7.877 4.087 2.314 1.279 1.147 0.5764 0.3227 0.2197 0.1467 0.08133 0.08838 0.04366 0.03497 0.0228 0.01855 0.02692
0.2768 5.516 12.08 7.07 5.237 4.853 2.518 1.426 0.7881 0.7067 0.3551 0.1988 0.1353 0.09037 0.0501 0.05445 0.0269 0.02154 0.01405 0.02801
0.389 3.231 15.63 9.887 4.835 3.582 3.319 1.722 0.9752 0.539 0.4833 0.2429 0.136 0.09255 0.06181 0.03427 0.03724 0.01839 0.01473 0.02877
0.2113 3.637 7.359 10.28 5.433 2.657 1.968 1.824 0.9462 0.5358 0.2962 0.2656 0.1334 0.07471 0.05085 0.03396 0.01883 0.02046 0.01011 0.0239
0.3191 2.26 9.494 5.568 6.505 3.439 1.682 1.246 1.154 0.5989 0.3392 0.1875 0.1681 0.08447 0.04729 0.03219 0.0215 0.01192 0.01295 0.02153
0.1324 2.678 4.651 5.675 2.785 3.253 1.72 0.841 0.623 0.5773 0.2995 0.1696 0.09375 0.08407 0.04224 0.02365 0.0161 0.01075 0.00596 0.01724
0.3086 1.564 7.765 3.937 4.024 1.975 2.307 1.219 0.5963 0.4417 0.4093 0.2124 0.1203 0.06647 0.05961 0.02995 0.01677 0.01141 0.007622 0.01645
0.3215 5.422 6.69 9.664 4.103 4.194 2.058 2.404 1.271 0.6216 0.4604 0.4266 0.2214 0.1254 0.06929 0.06213 0.03122 0.01748 0.0119 0.02509
0.09259 2.39 9.85 3.511 4.238 1.8 1.839 0.9026 1.055 0.5574 0.2726 0.2019 0.1871 0.09708 0.05498 0.03039 0.02725 0.01369 0.007666 0.01622
0.1738 0.8557 5.427 6.521 1.947 2.35 0.9977 1.02 0.5004 0.5846 0.309 0.1511 0.1119 0.1037 0.05382 0.03048 0.01685 0.01511 0.007591 0.01324
0.2758 3.434 4.12 7.621 7.674 2.291 2.765 1.174 1.2 0.5889 0.688 0.3637 0.1779 0.1317 0.1221 0.06334 0.03587 0.01983 0.01778 0.02452
0.2022 2.055 6.26 2.171 3.357 3.38 1.009 1.218 0.5171 0.5286 0.2594 0.303 0.1602 0.07833 0.05802 0.05376 0.0279 0.0158 0.008732 0.01863
0.1581 2.371 5.905 5.241 1.522 2.354 2.37 0.7075 0.854 0.3626 0.3706 0.1819 0.2125 0.1123 0.05493 0.04069 0.0377 0.01956 0.01108 0.01919
0.2551 2.144 7.85 5.688 4.227 1.228 1.898 1.911 0.5706 0.6887 0.2924 0.2989 0.1467 0.1713 0.09057 0.04429 0.03281 0.0304 0.01577 0.0244
0.1538 2.859 5.86 6.22 3.77 2.802 0.8137 1.258 1.267 0.3782 0.4565 0.1938 0.1981 0.09721 0.1136 0.06003 0.02936 0.02175 0.02015 0.02663
0.2535 1.508 6.853 4.073 3.616 2.192 1.629 0.4731 0.7314 0.7365 0.2199 0.2654 0.1127 0.1152 0.05652 0.06602 0.0349 0.01707 0.01264 0.0272
0.1395 2.256 3.293 4.354 2.166 1.923 1.166 0.8663 0.2516 0.389 0.3917 0.1169 0.1411 0.05993 0.06126 0.03006 0.03511 0.01856 0.009078 0.02119
0.46 2.67 10.51 4.472 4.954 2.464 2.188 1.326 0.9855 0.2862 0.4425 0.4456 0.133 0.1606 0.06818 0.06969 0.0342 0.03995 0.02112 0.03443
0.2419 3.879 5.493 6.244 2.22 2.459 1.223 1.086 0.6583 0.4892 0.1421 0.2197 0.2212 0.06604 0.07971 0.03384 0.03459 0.01697 0.01983 0.02758
0.239 2.523 9.9 4.073 3.876 1.378 1.526 0.7592 0.6741 0.4085 0.3036 0.08819 0.1363 0.1373 0.04098 0.04947 0.021 0.02147 0.01054 0.02942
0.1821 3.56 9.151 10.44 3.595 3.42 1.216 1.347 0.67 0.5949 0.3605 0.2679 0.07783 0.1203 0.1212 0.03617 0.04366 0.01854 0.01895 0.03526
0.2502 2.063 9.805 7.279 6.939 2.39 2.274 0.8084 0.8956 0.4455 0.3956 0.2397 0.1782 0.05175 0.08 0.08056 0.02405 0.02903 0.01233 0.03604
0.2594 2.867 5.741 7.875 4.887 4.658 1.605 1.527 0.5427 0.6012 0.2991 0.2656 0.1609 0.1196 0.03474 0.05371 0.05408 0.01614 0.01949 0.03247
0.3433 2.685 7.216 4.171 4.782 2.967 2.828 0.9742 0.9269 0.3295 0.365 0.1816 0.1612 0.09771 0.07262 0.02109 0.03261 0.03284 0.009802 0.03155
0.2492 3.686 7.02 5.456 2.636 3.022 1.875 1.788 0.6158 0.5859 0.2083 0.2307 0.1148 0.1019 0.06176 0.0459 0.01333 0.02061 0.02075 0.02614
0.3175 2.118 7.665 4.229 2.749 1.328 1.523 0.9448 0.9006 0.3102 0.2952 0.1049 0.1162 0.05782 0.05134 0.03111 0.02312 0.006716 0.01038 0.02362
0.4018 3.635 5.939 6.261 2.893 1.88 0.9085 1.041 0.6462 0.616 0.2122 0.2019 0.07177 0.0795 0.03955 0.03512 0.02128 0.01582 0.004594 0.02326
0.3482 5.856 12.92 6.137 5.417 2.503 1.626 0.7859 0.901 0.5591 0.5329 0.1836 0.1747 0.06209 0.06878 0.03421 0.03038 0.01841 0.01368 0.0241
0.1974 3.815 15.62 9.966 3.96 3.495 1.615 1.049 0.5071 0.5813 0.3607 0.3438 0.1184 0.1127 0.04006 0.04438 0.02207 0.0196 0.01188 0.02438
0.3314 2.048 9.648 11.44 6.102 2.425 2.14 0.9887 0.6425 0.3105 0.3559 0.2209 0.2105 0.07252 0.069 0.02453 0.02717 0.01352 0.012 0.0222
0.2841 2.953 4.467 6.108 6.057 3.232 1.284 1.133 0.5236 0.3403 0.1644 0.1885 0.117 0.1115 0.03841 0.03654 0.01299 0.01439 0.007158 0.01811
0.1068 2.705 6.907 3.047 3.489 3.46 1.846 0.7335 0.6474 0.2991 0.1944 0.09394 0.1077 0.06682 0.06369 0.02194 0.02087 0.007421 0.008221 0.01444
0.2482 1.927 11.91 8.874 3.28 3.756 3.725 1.988 0.7897 0.697 0.322 0.2093 0.1011 0.1159 0.07193 0.06857 0.02362 0.02247 0.007989 0.02439
0.309 3.17 5.973 10.67 6.646 2.457 2.813 2.79 1.489 0.5914 0.522 0.2412 0.1567 0.07574 0.08682 0.05388 0.05136 0.01769 0.01683 0.02425
0.3012 3.551 8.826 4.79 7.147 4.453 1.646 1.885 1.869 0.9973 0.3962 0.3497 0.1616 0.105 0.05074 0.05817 0.03609 0.03441 0.01185 0.02752
0.3718 2.998 8.582 6.142 2.784 4.154 2.588 0.9567 1.096 1.086 0.5796 0.2303 0.2033 0.09391 0.06103 0.02949 0.03381 0.02098 0.02 0.02289
0.1408 2.876 5.672 4.697 2.81 1.274 1.901 1.184 0.4377 0.5012 0.497 0.2652 0.1054 0.09299 0.04296 0.02792 0.01349 0.01547 0.009598 0.01962
0.3344 1.333 6.691 3.847 2.668 1.596 0.7234 1.079 0.6725 0.2486 0.2847 0.2823 0.1506 0.05984 0.05282 0.0244 0.01586 0.007664 0.008785 0.01659
0.1154 3.997 3.915 5.742 2.767 1.919 1.148 0.5202 0.7763 0.4836 0.1788 0.2047 0.203 0.1083 0.04303 0.03798 0.01755 0.0114 0.005511 0.01825
0.2656 1.616 13.7 3.913 4.808 2.317 1.606 0.961 0.4356 0.65 0.4049 0.1497 0.1714 0.17 0.0907 0.03603 0.0318 0.01469 0.009549 0.0199
0.3792 3.66 5.422 13.34 3.191 3.921 1.889 1.31 0.7837 0.3552 0.53 0.3302 0.1221 0.1398 0.1386 0.07396 0.02938 0.02593 0.01198 0.02401
0.447 4.855 11.36 4.862 10 2.392 2.939 1.416 0.982 0.5874 0.2663 0.3973 0.2475 0.0915 0.1048 0.1039 0.05544 0.02203 0.01944 0.02698
0.1999 3.211 8.518 5.75 2.055 4.228 1.011 1.242 0.5986 0.4151 0.2483 0.1125 0.1679 0.1046 0.03868 0.04429 0.04392 0.02343 0.00931 0.01962
0.1252 2.196 8.646 6.679 3.775 1.349 2.776 0.6638 0.8155 0.3929 0.2725 0.163 0.07388 0.1102 0.06868 0.02539 0.02907 0.02883 0.01538 0.01899
