# ASAP VERSION 3.0
#
#
#
#
# Number of Years
40
# First Year
1973
# Number of Ages
6
# Number of Fleets
1
# Number of Selectivity Blocks
6
# Number of Available Indices
5
# Natural Mortality
  0.4050   0.3360   0.2960   0.2750   0.2560   0.2311 
  0.4050   0.3360   0.2960   0.2750   0.2560   0.2311 
  0.4050   0.3360   0.2960   0.2750   0.2560   0.2311 
  0.4050   0.3360   0.2960   0.2750   0.2560   0.2311 
  0.4050   0.3360   0.2960   0.2750   0.2560   0.2311 
  0.4050   0.3360   0.2960   0.2750   0.2560   0.2311 
  0.4050   0.3360   0.2960   0.2750   0.2560   0.2311 
  0.4050   0.3360   0.2960   0.2750   0.2560   0.2311 
  0.4050   0.3360   0.2960   0.2750   0.2560   0.2311 
  0.4050   0.3360   0.2960   0.2750   0.2560   0.2311 
  0.4050   0.3360   0.2960   0.2750   0.2560   0.2311 
  0.4050   0.3360   0.2960   0.2750   0.2560   0.2311 
  0.4050   0.3360   0.2960   0.2750   0.2560   0.2311 
  0.4050   0.3360   0.2960   0.2750   0.2560   0.2311 
  0.4050   0.3360   0.2960   0.2750   0.2560   0.2311 
  0.4050   0.3360   0.2960   0.2750   0.2560   0.2311 
  0.4050   0.3360   0.2960   0.2750   0.2560   0.2311 
  0.4050   0.3360   0.2960   0.2750   0.2560   0.2311 
  0.4050   0.3360   0.2960   0.2750   0.2560   0.2311 
  0.4050   0.3360   0.2960   0.2750   0.2560   0.2311 
  0.4050   0.3360   0.2960   0.2750   0.2560   0.2311 
  0.4050   0.3360   0.2960   0.2750   0.2560   0.2311 
  0.4050   0.3360   0.2960   0.2750   0.2560   0.2311 
  0.4050   0.3360   0.2960   0.2750   0.2560   0.2311 
  0.4050   0.3360   0.2960   0.2750   0.2560   0.2311 
  0.4050   0.3360   0.2960   0.2750   0.2560   0.2311 
  0.4050   0.3360   0.2960   0.2750   0.2560   0.2311 
  0.4050   0.3360   0.2960   0.2750   0.2560   0.2311 
  0.4050   0.3360   0.2960   0.2750   0.2560   0.2311 
  0.4050   0.3360   0.2960   0.2750   0.2560   0.2311 
  0.4050   0.3360   0.2960   0.2750   0.2560   0.2311 
  0.4050   0.3360   0.2960   0.2750   0.2560   0.2311 
  0.4050   0.3360   0.2960   0.2750   0.2560   0.2311 
  0.4050   0.3360   0.2960   0.2750   0.2560   0.2311 
  0.4050   0.3360   0.2960   0.2750   0.2560   0.2311 
  0.4050   0.3360   0.2960   0.2750   0.2560   0.2311 
  0.4050   0.3360   0.2960   0.2750   0.2560   0.2311 
  0.4050   0.3360   0.2960   0.2750   0.2560   0.2311 
  0.4050   0.3360   0.2960   0.2750   0.2560   0.2311 
  0.4050   0.3360   0.2960   0.2750   0.2560   0.2311 
# Fecundity option
0
# Fraction of Year Prior to Spawning
  0.4167
# Maturity
  0.0072   0.4703   0.9817   0.9984   0.9968   1.0000 
  0.0072   0.4703   0.9817   0.9984   0.9968   1.0000 
  0.0072   0.4703   0.9817   0.9984   0.9968   1.0000 
  0.0072   0.4703   0.9817   0.9984   0.9968   1.0000 
  0.0072   0.4703   0.9817   0.9984   0.9968   1.0000 
  0.0072   0.4703   0.9817   0.9984   0.9968   1.0000 
  0.0072   0.4703   0.9817   0.9984   0.9968   1.0000 
  0.0072   0.4703   0.9817   0.9984   0.9968   1.0000 
  0.0072   0.4703   0.9817   0.9984   0.9968   1.0000 
  0.0072   0.4703   0.9817   0.9984   0.9968   1.0000 
  0.0072   0.4703   0.9817   0.9984   0.9968   1.0000 
  0.0072   0.4703   0.9817   0.9984   0.9968   1.0000 
  0.0072   0.4703   0.9817   0.9984   0.9968   1.0000 
  0.0072   0.4703   0.9817   0.9984   0.9968   1.0000 
  0.0072   0.4703   0.9817   0.9984   0.9968   1.0000 
  0.0072   0.4703   0.9817   0.9984   0.9968   1.0000 
  0.0072   0.4703   0.9817   0.9984   0.9968   1.0000 
  0.0072   0.4703   0.9817   0.9984   0.9968   1.0000 
  0.0072   0.4703   0.9817   0.9984   0.9968   1.0000 
  0.0072   0.4703   0.9817   0.9984   0.9968   1.0000 
  0.0072   0.4703   0.9817   0.9984   0.9968   1.0000 
  0.0072   0.4703   0.9817   0.9984   0.9968   1.0000 
  0.0072   0.4703   0.9817   0.9984   0.9968   1.0000 
  0.0072   0.4703   0.9817   0.9984   0.9968   1.0000 
  0.0072   0.4703   0.9817   0.9984   0.9968   1.0000 
  0.0072   0.4703   0.9817   0.9984   0.9968   1.0000 
  0.0072   0.4703   0.9817   0.9984   0.9968   1.0000 
  0.0072   0.4703   0.9817   0.9984   0.9968   1.0000 
  0.0072   0.4703   0.9817   0.9984   0.9968   1.0000 
  0.0072   0.4703   0.9817   0.9984   0.9968   1.0000 
  0.0072   0.4703   0.9817   0.9984   0.9968   1.0000 
  0.0072   0.4703   0.9817   0.9984   0.9968   1.0000 
  0.0072   0.4703   0.9817   0.9984   0.9968   1.0000 
  0.0072   0.4703   0.9817   0.9984   0.9968   1.0000 
  0.0072   0.4703   0.9817   0.9984   0.9968   1.0000 
  0.0072   0.4703   0.9817   0.9984   0.9968   1.0000 
  0.0072   0.4703   0.9817   0.9984   0.9968   1.0000 
  0.0072   0.4703   0.9817   0.9984   0.9968   1.0000 
  0.0072   0.4703   0.9817   0.9984   0.9968   1.0000 
  0.0072   0.4703   0.9817   0.9984   0.9968   1.0000 
# Number of Weights at Age Matrices
3
# Weight Matrix 1
  0.2100   0.2960   0.3480   0.3740   0.3820   0.4280 
  0.2030   0.3080   0.3520   0.3960   0.4390   0.4570 
  0.2180   0.2890   0.3760   0.4320   0.4350   0.4810 
  0.2280   0.3030   0.4080   0.4980   0.4990   0.5570 
  0.2150   0.2830   0.3810   0.5040   0.5130   0.5420 
  0.2340   0.2920   0.3830   0.5360   0.6620   0.6560 
  0.1890   0.3010   0.3640   0.4750   0.5900   0.6620 
  0.2060   0.2810   0.3840   0.5000   0.6820   0.9250 
  0.1400   0.2620   0.3420   0.4740   0.5960   0.6500 
  0.2260   0.2630   0.3530   0.4990   0.6600   0.8330 
  0.1750   0.2610   0.3390   0.4960   0.6680   0.8190 
  0.1820   0.2370   0.2950   0.3880   0.4870   0.6560 
  0.1830   0.2600   0.3650   0.4080   0.5040   0.6080 
  0.1860   0.2840   0.3310   0.4630   0.5870   0.6420 
  0.2470   0.2680   0.3530   0.4040   0.5200   0.6310 
  0.2700   0.2930   0.3960   0.4930   0.6110   0.8210 
  0.0610   0.2160   0.2750   0.4890   0.7350   0.9570 
  0.2040   0.2550   0.2900   0.3660   0.6130   0.8840 
  0.0900   0.2140   0.2940   0.3780   0.6640   0.7980 
  0.1100   0.3030   0.3750   0.4470   0.6310   0.9180 
  0.1220   0.3140   0.4200   0.4390   0.6400   1.0400 
  0.0780   0.2470   0.3210   0.3870   0.4800   0.6220 
  0.0760   0.2160   0.3250   0.4010   0.5790   0.7580 
  0.1020   0.3350   0.3680   0.4570   0.6040   0.7400 
  0.1390   0.2510   0.3960   0.4660   0.5840   0.7680 
  0.1600   0.2870   0.3670   0.4940   0.5670   0.7260 
  0.1310   0.3090   0.4000   0.5570   0.6290   1.6950 
  0.1850   0.3210   0.4440   0.5610   0.6670   0.7520 
  0.1450   0.3600   0.4190   0.5670   0.6840   0.8240 
  0.1640   0.3300   0.4380   0.5740   0.7640   0.7510 
  0.0950   0.3130   0.4130   0.5720   0.7220   0.9450 
  0.1360   0.2950   0.4360   0.5400   0.5810   0.7990 
  0.1020   0.2950   0.4150   0.5110   0.6340   0.7950 
  0.1100   0.2510   0.3730   0.4750   0.6070   0.7830 
  0.1110   0.2680   0.3630   0.4720   0.6280   0.8340 
  0.1510   0.2660   0.3880   0.4610   0.5740   1.0770 
  0.1050   0.2810   0.3670   0.5020   0.6010   0.7530 
  0.0990   0.2810   0.4140   0.4700   0.5730   0.7020 
  0.1300   0.2800   0.4120   0.4910   0.5720   0.7170 
  0.1200   0.2510   0.3650   0.4750   0.5540   0.7090 
# Weight Matrix 2
  0.1970   0.2880   0.3410   0.3640   0.3810   0.4280 
  0.1910   0.2890   0.3420   0.3880   0.4270   0.4570 
  0.2060   0.2730   0.3640   0.4180   0.4280   0.4810 
  0.2200   0.2870   0.3850   0.4750   0.4870   0.5570 
  0.2040   0.2730   0.3670   0.4870   0.5110   0.5420 
  0.2240   0.2780   0.3640   0.5060   0.6330   0.6560 
  0.1770   0.2890   0.3510   0.4580   0.5810   0.6620 
  0.1980   0.2630   0.3690   0.4740   0.6420   0.9250 
  0.1260   0.2520   0.3310   0.4580   0.5790   0.6500 
  0.2210   0.2370   0.3360   0.4690   0.6250   0.8330 
  0.1660   0.2550   0.3250   0.4690   0.6360   0.8190 
  0.1720   0.2250   0.2890   0.3790   0.4890   0.6560 
  0.1700   0.2450   0.3400   0.3870   0.4830   0.6080 
  0.1750   0.2640   0.3180   0.4450   0.5530   0.6420 
  0.2400   0.2520   0.3400   0.3910   0.5100   0.6310 
  0.2800   0.2850   0.3710   0.4660   0.5700   0.8210 
  0.0480   0.2240   0.2780   0.4720   0.6880   0.9570 
  0.2020   0.2010   0.2760   0.3490   0.5900   0.8840 
  0.0740   0.2120   0.2870   0.3620   0.6010   0.7980 
  0.0920   0.2480   0.3420   0.4170   0.5790   0.9180 
  0.1090   0.2640   0.3980   0.4280   0.6030   1.0400 
  0.0660   0.2200   0.3200   0.3920   0.4730   0.6220 
  0.0590   0.1820   0.3110   0.3860   0.5410   0.7580 
  0.0880   0.2620   0.3370   0.4320   0.5640   0.7400 
  0.1230   0.2160   0.3850   0.4480   0.5610   0.7680 
  0.1430   0.2540   0.3450   0.4760   0.5490   0.7260 
  0.1130   0.2770   0.3790   0.5200   0.6040   1.6950 
  0.1660   0.2770   0.4180   0.5300   0.6470   0.7520 
  0.1260   0.3220   0.4010   0.5440   0.6620   0.8240 
  0.1470   0.2880   0.4240   0.5450   0.7270   0.7510 
  0.0790   0.2810   0.3980   0.5470   0.6950   0.9450 
  0.1200   0.2440   0.4130   0.5160   0.5800   0.7990 
  0.0880   0.2590   0.3920   0.4980   0.6170   0.7950 
  0.0950   0.2160   0.3590   0.4640   0.5900   0.7830 
  0.0960   0.2310   0.3410   0.4540   0.6000   0.8340 
  0.1360   0.2300   0.3650   0.4430   0.5560   1.0770 
  0.0890   0.2530   0.3480   0.4810   0.5750   0.7530 
  0.0830   0.2390   0.3880   0.4510   0.5610   0.7020 
  0.1200   0.2360   0.3870   0.4770   0.5540   0.7170 
  0.1059   0.2249   0.3492   0.4639   0.5429   0.7090 
# Weight Matrix 3
  0.1730   0.2710   0.3260   0.3450   0.3780   0.4280 
  0.1700   0.2540   0.3230   0.3710   0.4050   0.4570 
  0.1850   0.2420   0.3400   0.3900   0.4150   0.4810 
  0.2050   0.2570   0.3430   0.4330   0.4640   0.5570 
  0.1850   0.2540   0.3400   0.4540   0.5050   0.5420 
  0.2060   0.2510   0.3290   0.4520   0.5780   0.6560 
  0.1550   0.2650   0.3260   0.4270   0.5620   0.6620 
  0.1830   0.2310   0.3400   0.4270   0.5690   0.9250 
  0.1020   0.2320   0.3100   0.4270   0.5460   0.6500 
  0.2100   0.1920   0.3040   0.4130   0.5590   0.8330 
  0.1500   0.2430   0.2990   0.4180   0.5770   0.8190 
  0.1520   0.2040   0.2780   0.3630   0.4920   0.6560 
  0.1470   0.2180   0.2940   0.3470   0.4420   0.6080 
  0.1550   0.2280   0.2930   0.4110   0.4890   0.6420 
  0.2270   0.2230   0.3170   0.3660   0.4910   0.6310 
  0.3020   0.2690   0.3260   0.4170   0.4970   0.8210 
  0.0300   0.2420   0.2840   0.4400   0.6020   0.9570 
  0.1990   0.1250   0.2500   0.3170   0.5480   0.8840 
  0.0490   0.2090   0.2740   0.3310   0.4930   0.7980 
  0.0650   0.1650   0.2830   0.3630   0.4880   0.9180 
  0.0860   0.1860   0.3570   0.4060   0.5350   1.0400 
  0.0470   0.1740   0.3180   0.4030   0.4590   0.6220 
  0.0360   0.1300   0.2830   0.3590   0.4730   0.7580 
  0.0650   0.1600   0.2820   0.3850   0.4920   0.7400 
  0.0970   0.1600   0.3640   0.4140   0.5170   0.7680 
  0.1150   0.2000   0.3040   0.4420   0.5140   0.7260 
  0.0840   0.2220   0.3390   0.4520   0.5570   1.6950 
  0.1330   0.2050   0.3700   0.4740   0.6100   0.7520 
  0.0960   0.2580   0.3670   0.5020   0.6200   0.8240 
  0.1190   0.2190   0.3970   0.4900   0.6580   0.7510 
  0.0540   0.2270   0.3690   0.5010   0.6440   0.9450 
  0.0920   0.1670   0.3690   0.4720   0.5770   0.7990 
  0.0650   0.2000   0.3500   0.4720   0.5850   0.7950 
  0.0710   0.1600   0.3320   0.4440   0.5570   0.7830 
  0.0720   0.1720   0.3020   0.4200   0.5460   0.8340 
  0.1110   0.1720   0.3230   0.4090   0.5210   1.0770 
  0.0640   0.2060   0.3120   0.4410   0.5260   0.7530 
  0.0590   0.1720   0.3410   0.4150   0.5360   0.7020 
  0.1020   0.1670   0.3400   0.4510   0.5190   0.7170 
  0.0825   0.1806   0.3197   0.4424   0.5215   0.7090 
# Weight at Age Pointers
1
1
1
1
2
3
# Selectivity Blocks
# FLEET-1
1
1
1
1
1
2
2
2
2
2
2
2
2
3
3
3
4
4
4
4
4
5
5
5
5
5
5
5
5
6
6
6
6
6
6
6
6
6
6
6
# Selectivity Types
1  1  1  1  1  1  
# Selectivity Block Spec
# Block 1
  0.5000     5            0    0.5000
  0.7500     5            0    0.5000
  1.0000     5            0    0.5000
  1.0000    -5            0    0.5000
  1.0000    -5            0    0.5000
  1.0000    -5            0    0.5000
  0.0000     0            0    0.0000
  0.0000     0            0    0.0000
  0.0000     0            0    0.0000
  0.0000     0            0    0.0000
  0.0000     0            0    0.0000
  0.0000     0            0    0.0000
# Block 2
  0.0100     5            0    0.5000
  0.2500     5            0    0.5000
  0.7500     5            0    0.5000
  1.0000    -5            0    0.5000
  1.0000    -5            0    0.5000
  1.0000    -5            0    0.5000
  0.0000     0            0    0.0000
  0.0000     0            0    0.0000
  0.0000     0            0    0.0000
  0.0000     0            0    0.0000
  0.0000     0            0    0.0000
  0.0000     0            0    0.0000
# Block 3
  0.0100     5            0    0.5000
  0.2500     5            0    0.5000
  0.7500     5            0    0.5000
  1.0000    -5            0    0.5000
  1.0000    -5            0    0.5000
  1.0000    -5            0    0.5000
  0.0000     0            0    0.0000
  0.0000     0            0    0.0000
  0.0000     0            0    0.0000
  0.0000     0            0    0.0000
  0.0000     0            0    0.0000
  0.0000     0            0    0.0000
# Block 4
  0.0100     5            0    0.5000
  0.2500     5            0    0.5000
  0.7500     5            0    0.5000
  1.0000    -5            0    0.5000
  1.0000    -5            0    0.5000
  1.0000    -5            0    0.5000
  0.0000     0            0    0.0000
  0.0000     0            0    0.0000
  0.0000     0            0    0.0000
  0.0000     0            0    0.0000
  0.0000     0            0    0.0000
  0.0000     0            0    0.0000
# Block 5
  0.0100     5            0    0.5000
  0.2500     5            0    0.5000
  0.7500     5            0    0.5000
  1.0000    -5            0    0.5000
  1.0000    -5            0    0.5000
  1.0000    -5            0    0.5000
  0.0000     0            0    0.0000
  0.0000     0            0    0.0000
  0.0000     0            0    0.0000
  0.0000     0            0    0.0000
  0.0000     0            0    0.0000
  0.0000     0            0    0.0000
# Block 6
  0.0100     5            0    0.5000
  0.2500     5            0    0.5000
  0.7500     5            0    0.5000
  1.0000    -5            0    0.5000
  1.0000    -5            0    0.5000
  1.0000    -5            0    0.5000
  0.0000     0            0    0.0000
  0.0000     0            0    0.0000
  0.0000     0            0    0.0000
  0.0000     0            0    0.0000
  0.0000     0            0    0.0000
  0.0000     0            0    0.0000
# Fleet Selectivity Start Age
1   
# Fleet Selectivity End Age
6   
# Age Range Average F
4   5
# Average F Report Option
1
# Use Likelihood Constants
0
# Release Mortality
       1   
# Catch at Age FLEET-1
         201           5333          11815           7973           5226           6286          14549   
         788          25853           5477           7366           3687           3347          17088   
        8037           3986           1884           1129           1597           1452           5732   
         193           6156           1179            327            449            896           3436   
        4968           4750           4886            507            278            649           5223   
        7830          13181           2163           1470            247            179           8085   
         186          17988           8655           1062            438            131           9883   
         919           9671           6593           3829            512            167           8021   
          34           6627           7546           2926           1111            183           6607   
         158          33925          14267           1858            415             86          15764   
        2407          18801          42269           3600            385            192          22211   
         470           5885          19895           8121            878            276          11225   
        2032           7769           2173           1968           1109            246           4817   
         421           9594           3322            635            356            149           4620   
        1442           3234           2366            926            167             65           2652   
        5309           2020            536            506            134             32           2782   
          22          18520           3164            449             48              3           8349   
         173           1893          40271           2142             89              5          17916   
         401           1475           4886           9414            166             51           6430   
         429           1338           1989           2674            294             18           2695   
          12            436            445            711            145              4            771   
         177            593            539            407            307             96            735   
           1            339            274            273             57             31            343   
           4            491           1131            238             31             30            759   
          17            182           1521            920            115             49           1222   
           5           1232           1166            423             78             16           1087   
          69            433           2132            482             94             42           1403   
          18           1167           1426            558             57             10           1397   
           0            494           1946            547            139             43           1449   
           7            385           1154            467             34              1            945   
           3            234            731            413             34             13            666   
         291            174            347            305            204            101            619   
          32            185            190            168            117             49            346   
          51            354            304            159             61             72            396   
           9            279            703            176             45             36            502   
          30             67            458            662             51              9            583   
          14            168            154            318            252             14            453   
           3             67            183            105            158             55            291   
          16             65            204            198            157            118            390   
          23            377            278            270            183            133            563   
# Discards at Age FLEET-1
           0              0              0              0              0              0              0   
           0              0              0              0              0              0              0   
           0              0              0              0              0              0              0   
           0              0              0              0              0              0              0   
           0              0              0              0              0              0              0   
           0              0              0              0              0              0              0   
           0              0              0              0              0              0              0   
           0              0              0              0              0              0              0   
           0              0              0              0              0              0              0   
           0              0              0              0              0              0              0   
           0              0              0              0              0              0              0   
           0              0              0              0              0              0              0   
           0              0              0              0              0              0              0   
           0              0              0              0              0              0              0   
           0              0              0              0              0              0              0   
           0              0              0              0              0              0              0   
           0              0              0              0              0              0              0   
           0              0              0              0              0              0              0   
           0              0              0              0              0              0              0   
           0              0              0              0              0              0              0   
           0              0              0              0              0              0              0   
           0              0              0              0              0              0              0   
           0              0              0              0              0              0              0   
           0              0              0              0              0              0              0   
           0              0              0              0              0              0              0   
           0              0              0              0              0              0              0   
           0              0              0              0              0              0              0   
           0              0              0              0              0              0              0   
           0              0              0              0              0              0              0   
           0              0              0              0              0              0              0   
           0              0              0              0              0              0              0   
           0              0              0              0              0              0              0   
           0              0              0              0              0              0              0   
           0              0              0              0              0              0              0   
           0              0              0              0              0              0              0   
           0              0              0              0              0              0              0   
           0              0              0              0              0              0              0   
           0              0              0              0              0              0              0   
           0              0              0              0              0              0              0   
           0              0              0              0              0              0              0   
# Release Proportion at Age FLEET-1
           0              0              0              0              0              0   
           0              0              0              0              0              0   
           0              0              0              0              0              0   
           0              0              0              0              0              0   
           0              0              0              0              0              0   
           0              0              0              0              0              0   
           0              0              0              0              0              0   
           0              0              0              0              0              0   
           0              0              0              0              0              0   
           0              0              0              0              0              0   
           0              0              0              0              0              0   
           0              0              0              0              0              0   
           0              0              0              0              0              0   
           0              0              0              0              0              0   
           0              0              0              0              0              0   
           0              0              0              0              0              0   
           0              0              0              0              0              0   
           0              0              0              0              0              0   
           0              0              0              0              0              0   
           0              0              0              0              0              0   
           0              0              0              0              0              0   
           0              0              0              0              0              0   
           0              0              0              0              0              0   
           0              0              0              0              0              0   
           0              0              0              0              0              0   
           0              0              0              0              0              0   
           0              0              0              0              0              0   
           0              0              0              0              0              0   
           0              0              0              0              0              0   
           0              0              0              0              0              0   
           0              0              0              0              0              0   
           0              0              0              0              0              0   
           0              0              0              0              0              0   
           0              0              0              0              0              0   
           0              0              0              0              0              0   
           0              0              0              0              0              0   
           0              0              0              0              0              0   
           0              0              0              0              0              0   
           0              0              0              0              0              0   
           0              0              0              0              0              0   
# Survey Specifications
# Survey Units
2  2  2  1  1  
# Survey Age ProportionUnits
2  2  2  1  1  
# Survey Weight at Age Matrix
3  3  3  3  3  
# Survey Month
3  4  10  7  7  
# Survey Choice
-1  -1  -1  -1  -1  
# Survey Selectivity Type
1  1  1  1  1  
# Survey Start Age
1  1  1  2  2  
# Survey End Age
6  6  6  6  6  
# Estimate Survey Proportion at Age ?
0  1  1  0  0  
# Use Survey ?
0  1  1  0  0  
# Index Selectivity
# INDEX-1
     0.5     5            0       0.5
       1     5            0       0.5
       1     5            0       0.5
       1    -5            0       0.5
       1    -5            0       0.5
       1    -5            0       0.5
       0     0            0         0
       0     0            0         0
       0     0            0         0
       0     0            0         0
       0     0            0         0
       0     0            0         0
# INDEX-2
     0.5     5            0       0.5
       1     5            0       0.5
       1     5            0       0.5
       1    -5            0       0.5
       1    -5            0       0.5
       1    -5            0       0.5
       0     0            0         0
       0     0            0         0
       0     0            0         0
       0     0            0         0
       0     0            0         0
       0     0            0         0
# INDEX-3
     0.5     5            0       0.5
       1     5            0       0.5
       1     5            0       0.5
       1    -5            0       0.5
       1    -5            0       0.5
       1    -5            0       0.5
       0     0            0         0
       0     0            0         0
       0     0            0         0
       0     0            0         0
       0     0            0         0
       0     0            0         0
# INDEX-4
       0    -5            0       0.5
       1    -5            0       0.5
       1    -5            0       0.5
       1    -5            0       0.5
       1    -5            0       0.5
       1    -5            0       0.5
       0     0            0         0
       0     0            0         0
       0     0            0         0
       0     0            0         0
       0     0            0         0
       0     0            0         0
# INDEX-5
       0    -5            0       0.5
       1    -5            0       0.5
       1    -5            0       0.5
       1    -5            0       0.5
       1    -5            0       0.5
       1    -5            0       0.5
       0     0            0         0
       0     0            0         0
       0     0            0         0
       0     0            0         0
       0     0            0         0
       0     0            0         0
# Index Data
# INDEX-1
1973      0.0000      0.3600      0.0000      0.0000      0.0000      0.0000      0.0000      0.0000      0.0000  
1974      0.0000      0.3600      0.0000      0.0000      0.0000      0.0000      0.0000      0.0000      0.0000  
1975      0.0000      0.3600      0.0000      0.0000      0.0000      0.0000      0.0000      0.0000      0.0000  
1976      0.0000      0.3600      0.0000      0.0000      0.0000      0.0000      0.0000      0.0000      0.0000  
1977      0.0000      0.3600      0.0000      0.0000      0.0000      0.0000      0.0000      0.0000      0.0000  
1978      0.0000      0.3600      0.0000      0.0000      0.0000      0.0000      0.0000      0.0000      0.0000  
1979      0.0000      0.3600      0.0000      0.0000      0.0000      0.0000      0.0000      0.0000      0.0000  
1980      0.0000      0.3600      0.0000      0.0000      0.0000      0.0000      0.0000      0.0000      0.0000  
1981      0.0000      0.3600      0.0000      0.0000      0.0000      0.0000      0.0000      0.0000      0.0000  
1982      0.0000      0.3600      0.0000      0.0000      0.0000      0.0000      0.0000      0.0000      0.0000  
1983      0.0000      0.3600      0.0000      0.0000      0.0000      0.0000      0.0000      0.0000      0.0000  
1984      0.0000      0.3600      0.0000      0.0000      0.0000      0.0000      0.0000      0.0000      0.0000  
1985      0.0000      0.3600      0.0000      0.0000      0.0000      0.0000      0.0000      0.0000      0.0000  
1986      0.0000      0.3600      0.0000      0.0000      0.0000      0.0000      0.0000      0.0000      0.0000  
1987      0.0000      0.3600      0.0000      0.0000      0.0000      0.0000      0.0000      0.0000      0.0000  
1988      0.0000      0.3600      0.0000      0.0000      0.0000      0.0000      0.0000      0.0000      0.0000  
1989      0.0000      0.3600      0.0000      0.0000      0.0000      0.0000      0.0000      0.0000      0.0000  
1990      0.0000      0.3600      0.0000      0.0000      0.0000      0.0000      0.0000      0.0000      0.0000  
1991      0.0000      0.3600      0.0000      0.0000      0.0000      0.0000      0.0000      0.0000      0.0000  
1992  16742.2100      0.2400      0.0000      0.0000      0.0000      0.0000      0.0000      0.0000      0.0000  
1993   8234.5400      0.3800      0.0000      0.0000      0.0000      0.0000      0.0000      0.0000      0.0000  
1994  14947.3300      0.4300      0.0000      0.0000      0.0000      0.0000      0.0000      0.0000      0.0000  
1995  11971.8600      0.6100      0.0000      0.0000      0.0000      0.0000      0.0000      0.0000      0.0000  
1996  13359.8600      0.3500      0.0000      0.0000      0.0000      0.0000      0.0000      0.0000      0.0000  
1997  21548.3900      0.2800      0.0000      0.0000      0.0000      0.0000      0.0000      0.0000      0.0000  
1998  14708.8400      0.3200      0.0000      0.0000      0.0000      0.0000      0.0000      0.0000      0.0000  
1999  19818.7800      0.3000      0.0000      0.0000      0.0000      0.0000      0.0000      0.0000      0.0000  
2000  12608.4900      0.4100      0.0000      0.0000      0.0000      0.0000      0.0000      0.0000      0.0000  
2001  16101.0200      0.3600      0.0000      0.0000      0.0000      0.0000      0.0000      0.0000      0.0000  
2002  10618.5600      0.2800      0.0000      0.0000      0.0000      0.0000      0.0000      0.0000      0.0000  
2003   5988.3200      0.3900      0.0000      0.0000      0.0000      0.0000      0.0000      0.0000      0.0000  
2004   3010.2100      0.3000      0.0000      0.0000      0.0000      0.0000      0.0000      0.0000      0.0000  
2005   4145.3200      0.3200      0.0000      0.0000      0.0000      0.0000      0.0000      0.0000      0.0000  
2006  33786.7000      0.3900      0.0000      0.0000      0.0000      0.0000      0.0000      0.0000      0.0000  
2007  20972.7400      0.3300      0.0000      0.0000      0.0000      0.0000      0.0000      0.0000      0.0000  
2008      0.0000      0.3600      0.0000      0.0000      0.0000      0.0000      0.0000      0.0000      0.0000  
2009      0.0000      0.3600      0.0000      0.0000      0.0000      0.0000      0.0000      0.0000      0.0000  
2010      0.0000      0.3600      0.0000      0.0000      0.0000      0.0000      0.0000      0.0000      0.0000  
2011      0.0000      0.3600      0.0000      0.0000      0.0000      0.0000      0.0000      0.0000      0.0000  
2012      0.0000      0.3600      0.0000      0.0000      0.0000      0.0000      0.0000      0.0000      0.0000  
# INDEX-2
1973  45993.2800      0.2200    912.7400   5523.3000  15092.5400   8483.2700   6580.5100   9400.9200     12.0000  
1974  18318.6800      0.3200    592.2400   2507.7300   2955.7200   5699.8500   3476.5000   3086.6400     12.0000  
1975   4839.4100      0.2900    414.3900   1513.0600    451.4400    584.7800   1049.5900    826.1500     12.0000  
1976   5942.6100      0.3100     18.8400   4300.7600    580.0900    278.5000    264.5300    499.8900     12.0000  
1977   6925.3700      0.3900   1523.5000   1634.2400   2881.7900    263.2400    164.7500    457.8500     12.0000  
1978  18730.6800      0.2800   3064.5700  11879.6300   2109.8500    900.9100    292.6900    483.0200     12.0000  
1979   5889.5500      0.3200    981.3100   2901.8900   1545.7100    278.3200    121.2000     61.1100     12.0000  
1980  14774.3800      0.2300    666.0200   6520.1100   4418.4800   2786.0600    274.3800    109.3300     12.0000  
1981  27000.4500      0.2900    849.0800  18261.2500   4743.5300   2446.5100    587.4800    112.6100     12.0000  
1982  43523.8800      0.2900    340.1700  29950.6400   9722.8500   2437.7700    799.0000    273.4500     12.0000  
1983  30456.2400      0.2500     66.3200  10831.9600  17948.5600   1220.1200    352.2300     37.0600     12.0000  
1984   8397.8800      0.2800     78.3000    924.0500   1838.2200   4457.0900    677.3000    422.9100     12.0000  
1985   6074.2900      0.3600    446.1400   2695.8600    677.9300    802.8900   1192.8900    258.5700     12.0000  
1986   7020.7500      0.2300     27.1800   4834.5100   1530.0500    395.3100    207.3600     26.3400     12.0000  
1987   1593.4800      0.3400      0.0000    144.4200   1170.6900    278.3600      0.0000      0.0000     12.0000  
1988   2035.3000      0.3600    401.9000    595.8200    207.9900    290.1500    491.3000     48.1400     12.0000  
1989  17077.8900      0.2800    229.8300  15925.5600    761.9100    160.6000      0.0000      0.0000     12.0000  
1990  25849.4700      0.3100    127.0000    689.6000  21804.6300   3138.1600     90.0800      0.0000     12.0000  
1991  11510.0000      0.2400    346.4900    844.4500   3564.6100   5903.7700    765.3700     85.3100     12.0000  
1992   3741.8200      0.3000     32.9200     84.7400    954.5900   2669.5700      0.0000      0.0000     12.0000  
1993   1493.4500      0.3300     27.1800    423.3400    187.2600    737.5200    118.1500      0.0000     12.0000  
1994    529.8500      0.3900      0.0000    382.0600     23.3100      0.0000     97.2000     27.2800     12.0000  
1995   2393.7400      0.3000     26.3400   1952.8900    114.0800    154.0400     31.2400    115.1500     12.0000  
1996   3908.9700      0.3500      0.0000    664.3300   2178.1400    946.6200    119.8900      0.0000     12.0000  
1997   4137.0400      0.4500     87.9400   1479.2100   1911.5800    546.1500    112.1600      0.0000     12.0000  
1998   6162.7000      0.3300    113.4400   5040.4400    644.5900    269.2100     60.6800     34.3400     12.0000  
1999   5117.7900      0.2300     59.2700   1087.1200   3225.5600    583.2000    124.3300     38.3000     12.0000  
2000   4801.3600      0.2800     32.0900   1935.8300   2478.2800    328.8200     26.3400      0.0000     12.0000  
2001   2626.6400      0.3400      0.0000    115.7300   1934.6200    400.6700    137.3200     38.3000     12.0000  
2002   2910.4900      0.4700     81.5400   1990.2900    393.0000    333.9100    111.7600      0.0000     12.0000  
2003    750.4400      0.4600     51.6500    125.6800    339.4900    179.4200     54.2100      0.0000     12.0000  
2004   1002.5800      0.4600     27.1800    227.1600    488.2100    137.4100     90.5200     32.0900     12.0000  
2005   1143.7700      0.3500    245.5800    343.2300    161.5100    112.5500    254.5600     26.3400     12.0000  
2006   3334.6500      0.4800     83.9000   2646.8400    374.3900    176.8400      0.0000     52.6800     12.0000  
2007   2429.5700      0.3000      0.0000    962.9800   1320.6300    145.9600      0.0000      0.0000     12.0000  
2008   2112.4900      0.6800      0.0000     83.0600   1144.7900    802.3100     82.3300      0.0000     12.0000  
2009   3367.5500      0.3200    133.0160    811.7010    737.4720   1131.4250    514.3050     39.6300     12.0000  
2010   4738.4070      0.1300    135.5470   1502.6310   1692.6100    607.1380    747.6440     52.8370     12.0000  
2011   3828.2490      0.1700    298.1230    876.4620    999.2910   1051.7580    283.7250    318.8910     12.0000  
2012   4154.0410      0.1900     51.9140   2055.8530    463.9740    636.8300    450.3700    495.0990     12.0000  
# INDEX-3
1973  17342.9700      0.5300   2069.4300   2610.7700   5901.8600   3233.4200   2291.5600   1235.9300     12.0000  
1974   7069.1400      0.5200   1016.7200   1604.0900    569.2700   2240.8000    948.7100    689.5500     12.0000  
1975   3338.0000      0.6000   1908.4600    524.5600    193.2800    290.6200    277.3900    143.6800     12.0000  
1976  10016.5400      0.4500   2752.2200   5892.5300    490.3900     64.7500    102.2800    714.3700     12.0000  
1977   5279.0300      0.4300   2693.2400   1714.0200    672.6500     39.0900     33.4600    126.5600     12.0000  
1978   8912.4200      0.3600   2477.5500   5684.2400    352.5900    280.7600     28.5600     88.7100     12.0000  
1979   7917.8500      0.3000   1778.3100   3910.8300   1880.5200    286.5200     31.3000     30.3600     12.0000  
1980   6111.8200      0.4700   1373.6400   3464.1500    901.6000    372.4200      0.0000      0.0000     12.0000  
1981  24538.3000      0.3500  11209.2500  11315.2700   1612.2200    235.4500    136.5400     29.5600     12.0000  
1982  35005.5400      0.5100   2826.1900  24940.2700   6155.3000    749.6600    334.1200      0.0000     12.0000  
1983  27070.5900      0.4200   2658.9800  15818.9400   7852.2100    649.7500     53.6400     37.0600     12.0000  
1984   6421.5000      0.3900   2023.8300   1786.6100   2142.9300    468.1400      0.0000      0.0000     12.0000  
1985   1397.5200      0.4500    822.5100    415.8800    106.0200     53.1100      0.0000      0.0000     12.0000  
1986   3102.4300      0.4300    539.0900   1869.2300    525.9300    150.9700     17.2200      0.0000     12.0000  
1987   2330.0100      0.5200   1162.1900    564.9100    492.0800     45.2900     38.1200     27.4200     12.0000  
1988   5754.2200      0.3500   5019.6900    365.2100    161.9800    161.7600     15.1900     30.3800     12.0000  
1989  11846.9300      0.4200     22.5300  10224.3500   1419.8700    168.9800     11.1900      0.0000     12.0000  
1990   5562.5700      0.4500     27.2800   1952.9600   3318.3900    263.9500      0.0000      0.0000     12.0000  
1991   2649.7500      0.4000    551.7300    238.1600   1500.8600    359.0000      0.0000      0.0000     12.0000  
1992    629.0400      0.5800    192.4600     27.4200     82.2700    326.9000      0.0000      0.0000     12.0000  
1993    579.7700      0.4700    324.4300     27.2800    126.8900    101.1700      0.0000      0.0000     12.0000  
1994   1704.8400      0.5100    846.6900    512.7100    122.8500    133.3200     60.6800     28.5900     12.0000  
1995   1389.3700      0.7900    159.6700    740.9900    295.5400    132.5800      0.0000     60.6000     12.0000  
1996   1066.7700      0.5800    514.9600    184.7600    367.0400      0.0000      0.0000      0.0000     12.0000  
1997   3556.0700      0.4200    944.6600    596.2500   1676.4900    311.4900     27.1800      0.0000     12.0000  
1998   3107.9700      0.5100   1022.5000   1861.4800    141.8400     55.8300      0.0000     26.3400     12.0000  
1999   2256.8900      0.7100   1422.1100    450.0300    320.5700     32.0900     32.0900      0.0000     12.0000  
2000   2545.2100      0.6300     56.7200   1917.4400    348.1100    196.6100      0.0000     26.3400     12.0000  
2001   1413.6500      0.5700    448.4500    701.7200    181.9400     81.5400      0.0000      0.0000     12.0000  
2002   3443.4000      0.5600    291.2900   2008.3500    982.3600    161.4000      0.0000      0.0000     12.0000  
2003   1953.9200      0.6500   1344.1400      9.5000    308.5600    263.2100      0.0000     28.5000     12.0000  
2004    303.1200      0.4500     80.7000    112.4800      0.0000     26.4200     55.0100     28.5000     12.0000  
2005   3025.8600      0.3600   2169.3000    532.8300    212.8800     55.8500     55.0100      0.0000     12.0000  
2006   4060.2800      0.4200   1370.0000   2472.0100    196.1700     22.0900      0.0000      0.0000     12.0000  
2007   1983.4500      0.5200    257.4100   1286.3600    409.3100      0.0000     30.3800      0.0000     12.0000  
2008   3774.1100      0.4900   1223.9500    452.3100   1233.1000    768.4100     67.8500     28.5000     12.0000  
2009   1949.6110      0.3300    438.4770    724.7970    434.4110    326.5760     25.3500      0.0000     12.0000  
2010  14077.9400      0.5300    425.1990   6526.1800   3597.2900   2596.9330    932.3370      0.0000     12.0000  
2011   2300.5330      0.7300    312.0840    543.3470    747.7550    459.2650    218.2550     19.8270     12.0000  
2012   5822.1610      0.4500    301.3950   3164.8400   1265.3020    717.6730    172.5990    200.3530     12.0000  
# INDEX-4
1973      0.0000      0.5500      0.0000      0.0000      0.0000      0.0000      0.0000      0.0000      0.0000  
1974      0.0000      0.5500      0.0000      0.0000      0.0000      0.0000      0.0000      0.0000      0.0000  
1975      0.0000      0.5500      0.0000      0.0000      0.0000      0.0000      0.0000      0.0000      0.0000  
1976      0.0000      0.5500      0.0000      0.0000      0.0000      0.0000      0.0000      0.0000      0.0000  
1977     33.6000      0.5500      0.0000      0.0000      0.0000      0.0000      0.0000      0.0000      0.0000  
1978     27.3000      0.5500      0.0000      0.0000      0.0000      0.0000      0.0000      0.0000      0.0000  
1979     38.2000      0.5500      0.0000      0.0000      0.0000      0.0000      0.0000      0.0000      0.0000  
1980    112.5000      0.5500      0.0000      0.0000      0.0000      0.0000      0.0000      0.0000      0.0000  
1981     68.2000      0.5500      0.0000      0.0000      0.0000      0.0000      0.0000      0.0000      0.0000  
1982     47.3000      0.5500      0.0000      0.0000      0.0000      0.0000      0.0000      0.0000      0.0000  
1983    166.0000      0.5500      0.0000      0.0000      0.0000      0.0000      0.0000      0.0000      0.0000  
1984     51.5000      0.5500      0.0000      0.0000      0.0000      0.0000      0.0000      0.0000      0.0000  
1985     16.6000      0.5500      0.0000      0.0000      0.0000      0.0000      0.0000      0.0000      0.0000  
1986     22.2000      0.5500      0.0000      0.0000      0.0000      0.0000      0.0000      0.0000      0.0000  
1987     70.2000      0.5500      0.0000      0.0000      0.0000      0.0000      0.0000      0.0000      0.0000  
1988      0.0000      0.5500      0.0000      0.0000      0.0000      0.0000      0.0000      0.0000      0.0000  
1989      0.0000      0.5500      0.0000      0.0000      0.0000      0.0000      0.0000      0.0000      0.0000  
1990      0.0000      0.5500      0.0000      0.0000      0.0000      0.0000      0.0000      0.0000      0.0000  
1991      0.0000      0.5500      0.0000      0.0000      0.0000      0.0000      0.0000      0.0000      0.0000  
1992      0.0000      0.5500      0.0000      0.0000      0.0000      0.0000      0.0000      0.0000      0.0000  
1993      0.0000      0.5500      0.0000      0.0000      0.0000      0.0000      0.0000      0.0000      0.0000  
1994      0.0000      0.5500      0.0000      0.0000      0.0000      0.0000      0.0000      0.0000      0.0000  
1995      0.0000      0.5500      0.0000      0.0000      0.0000      0.0000      0.0000      0.0000      0.0000  
1996      0.0000      0.5500      0.0000      0.0000      0.0000      0.0000      0.0000      0.0000      0.0000  
1997      0.0000      0.5500      0.0000      0.0000      0.0000      0.0000      0.0000      0.0000      0.0000  
1998      0.0000      0.5500      0.0000      0.0000      0.0000      0.0000      0.0000      0.0000      0.0000  
1999      0.0000      0.5500      0.0000      0.0000      0.0000      0.0000      0.0000      0.0000      0.0000  
2000      0.0000      0.5500      0.0000      0.0000      0.0000      0.0000      0.0000      0.0000      0.0000  
2001      0.0000      0.5500      0.0000      0.0000      0.0000      0.0000      0.0000      0.0000      0.0000  
2002      0.0000      0.5500      0.0000      0.0000      0.0000      0.0000      0.0000      0.0000      0.0000  
2003      0.0000      0.5500      0.0000      0.0000      0.0000      0.0000      0.0000      0.0000      0.0000  
2004      0.0000      0.5500      0.0000      0.0000      0.0000      0.0000      0.0000      0.0000      0.0000  
2005      0.0000      0.5500      0.0000      0.0000      0.0000      0.0000      0.0000      0.0000      0.0000  
2006      0.0000      0.5500      0.0000      0.0000      0.0000      0.0000      0.0000      0.0000      0.0000  
2007      0.0000      0.5500      0.0000      0.0000      0.0000      0.0000      0.0000      0.0000      0.0000  
2008      0.0000      0.5500      0.0000      0.0000      0.0000      0.0000      0.0000      0.0000      0.0000  
2009      0.0000      0.5500      0.0000      0.0000      0.0000      0.0000      0.0000      0.0000      0.0000  
2010      0.0000      0.5500      0.0000      0.0000      0.0000      0.0000      0.0000      0.0000      0.0000  
2011      0.0000      0.5500      0.0000      0.0000      0.0000      0.0000      0.0000      0.0000      0.0000  
2012      0.0000      0.5500      0.0000      0.0000      0.0000      0.0000      0.0000      0.0000      0.0000  
# INDEX-5
1973      0.0000      0.5500      0.0000      0.0000      0.0000      0.0000      0.0000      0.0000      0.0000  
1974      0.0000      0.5500      0.0000      0.0000      0.0000      0.0000      0.0000      0.0000      0.0000  
1975      0.0000      0.5500      0.0000      0.0000      0.0000      0.0000      0.0000      0.0000      0.0000  
1976      0.0000      0.5500      0.0000      0.0000      0.0000      0.0000      0.0000      0.0000      0.0000  
1977      0.0000      0.5500      0.0000      0.0000      0.0000      0.0000      0.0000      0.0000      0.0000  
1978      0.0000      0.5500      0.0000      0.0000      0.0000      0.0000      0.0000      0.0000      0.0000  
1979      0.0000      0.5500      0.0000      0.0000      0.0000      0.0000      0.0000      0.0000      0.0000  
1980      0.0000      0.5500      0.0000      0.0000      0.0000      0.0000      0.0000      0.0000      0.0000  
1981      0.0000      0.5500      0.0000      0.0000      0.0000      0.0000      0.0000      0.0000      0.0000  
1982      0.0000      0.5500      0.0000      0.0000      0.0000      0.0000      0.0000      0.0000      0.0000  
1983      0.0000      0.5500      0.0000      0.0000      0.0000      0.0000      0.0000      0.0000      0.0000  
1984      0.0000      0.5500      0.0000      0.0000      0.0000      0.0000      0.0000      0.0000      0.0000  
1985      0.0000      0.5500      0.0000      0.0000      0.0000      0.0000      0.0000      0.0000      0.0000  
1986      0.0000      0.5500      0.0000      0.0000      0.0000      0.0000      0.0000      0.0000      0.0000  
1987      0.0000      0.5500      0.0000      0.0000      0.0000      0.0000      0.0000      0.0000      0.0000  
1988      0.0000      0.5500      0.0000      0.0000      0.0000      0.0000      0.0000      0.0000      0.0000  
1989      0.0000      0.5500      0.0000      0.0000      0.0000      0.0000      0.0000      0.0000      0.0000  
1990      0.0000      0.5500      0.0000      0.0000      0.0000      0.0000      0.0000      0.0000      0.0000  
1991      0.0000      0.5500      0.0000      0.0000      0.0000      0.0000      0.0000      0.0000      0.0000  
1992      0.0000      0.5500      0.0000      0.0000      0.0000      0.0000      0.0000      0.0000      0.0000  
1993      0.0000      0.5500      0.0000      0.0000      0.0000      0.0000      0.0000      0.0000      0.0000  
1994      0.0000      0.5500      0.0000      0.0000      0.0000      0.0000      0.0000      0.0000      0.0000  
1995     43.0000      0.5500      0.0000      0.0000      0.0000      0.0000      0.0000      0.0000      0.0000  
1996      0.0000      0.5500      0.0000      0.0000      0.0000      0.0000      0.0000      0.0000      0.0000  
1997      0.0000      0.5500      0.0000      0.0000      0.0000      0.0000      0.0000      0.0000      0.0000  
1998      0.0000      0.5500      0.0000      0.0000      0.0000      0.0000      0.0000      0.0000      0.0000  
1999      0.0000      0.5500      0.0000      0.0000      0.0000      0.0000      0.0000      0.0000      0.0000  
2000     59.7000      0.5500      0.0000      0.0000      0.0000      0.0000      0.0000      0.0000      0.0000  
2001    245.7000      0.5500      0.0000      0.0000      0.0000      0.0000      0.0000      0.0000      0.0000  
2002    121.2000      0.5500      0.0000      0.0000      0.0000      0.0000      0.0000      0.0000      0.0000  
2003      0.0000      0.5500      0.0000      0.0000      0.0000      0.0000      0.0000      0.0000      0.0000  
2004     78.2000      0.5500      0.0000      0.0000      0.0000      0.0000      0.0000      0.0000      0.0000  
2005     58.0000      0.5500      0.0000      0.0000      0.0000      0.0000      0.0000      0.0000      0.0000  
2006     48.3000      0.5500      0.0000      0.0000      0.0000      0.0000      0.0000      0.0000      0.0000  
2007     49.6000      0.5500      0.0000      0.0000      0.0000      0.0000      0.0000      0.0000      0.0000  
2008      0.0000      0.5500      0.0000      0.0000      0.0000      0.0000      0.0000      0.0000      0.0000  
2009     65.8000      0.5500      0.0000      0.0000      0.0000      0.0000      0.0000      0.0000      0.0000  
2010    202.4000      0.5500      0.0000      0.0000      0.0000      0.0000      0.0000      0.0000      0.0000  
2011    225.4000      0.5500      0.0000      0.0000      0.0000      0.0000      0.0000      0.0000      0.0000  
2012      0.0000      0.5500      0.0000      0.0000      0.0000      0.0000      0.0000      0.0000      0.0000  
# Phase Flags
#
1
#
2
#
3
#
4
#
1
#
-7
#
1
#
-3
# Recruit CV
  0.5000
  0.5000
  0.5000
  0.5000
  0.5000
  0.5000
  0.5000
  0.5000
  0.5000
  0.5000
  0.5000
  0.5000
  0.5000
  0.5000
  0.5000
  0.5000
  0.5000
  0.5000
  0.5000
  0.5000
  0.5000
  0.5000
  0.5000
  0.5000
  0.5000
  0.5000
  0.5000
  0.5000
  0.5000
  0.5000
  0.5000
  0.5000
  0.5000
  0.5000
  0.5000
  0.5000
  0.5000
  0.5000
  0.5000
  0.5000
# Lambda Index
       1        1        1        1        1 
# Lambda Catch
       1 
# Lambda Discard
       0  
# Catch CV
  0.2000  
  0.2000  
  0.2000  
  0.2000  
  0.2000  
  0.2000  
  0.2000  
  0.2000  
  0.2000  
  0.2000  
  0.2000  
  0.2000  
  0.2000  
  0.2000  
  0.2000  
  0.2000  
  0.2000  
  0.2000  
  0.2000  
  0.2000  
  0.2000  
  0.2000  
  0.2000  
  0.2000  
  0.2000  
  0.2000  
  0.2000  
  0.2000  
  0.2000  
  0.2000  
  0.2000  
  0.2000  
  0.2000  
  0.2000  
  0.2000  
  0.2000  
  0.2000  
  0.2000  
  0.2000  
  0.2000  
# Discard CV
  0.0000  
  0.0000  
  0.0000  
  0.0000  
  0.0000  
  0.0000  
  0.0000  
  0.0000  
  0.0000  
  0.0000  
  0.0000  
  0.0000  
  0.0000  
  0.0000  
  0.0000  
  0.0000  
  0.0000  
  0.0000  
  0.0000  
  0.0000  
  0.0000  
  0.0000  
  0.0000  
  0.0000  
  0.0000  
  0.0000  
  0.0000  
  0.0000  
  0.0000  
  0.0000  
  0.0000  
  0.0000  
  0.0000  
  0.0000  
  0.0000  
  0.0000  
  0.0000  
  0.0000  
  0.0000  
  0.0000  
# Catch Sample Size
      18  
      18  
      18  
      18  
      18  
      18  
      18  
      18  
      18  
      18  
      18  
      18  
      18  
      18  
      18  
      18  
      18  
      18  
      18  
      18  
      18  
      18  
      18  
      37  
      37  
      37  
      37  
      37  
      37  
      37  
      37  
      37  
      37  
      37  
      37  
      37  
      37  
      37  
      37  
      37  
# Discard Sample Size
       0  
       0  
       0  
       0  
       0  
       0  
       0  
       0  
       0  
       0  
       0  
       0  
       0  
       0  
       0  
       0  
       0  
       0  
       0  
       0  
       0  
       0  
       0  
       0  
       0  
       0  
       0  
       0  
       0  
       0  
       0  
       0  
       0  
       0  
       0  
       0  
       0  
       0  
       0  
       0  
# FMult Lambda
       0  
# FMult cv
  0.9000  
# F dev Lambda
       0  
# F dev cv
  0.9000  
#N 1st Year Lambda
       0
#N 1st Year cv
  0.9000
#Recruit Lambda
       0
# Lambda
       0         0         0         0         0  
# cv
  0.9000    0.9000    0.9000    0.9000    0.9000  
# Lambda
       0         0         0         0         0  
# cv
  0.9000    0.9000    0.9000    0.9000    0.9000  
# Lambda Steepness
       0
# cv Steepness
  0.9000
# Lambda Unexploited Srock
       0
# cv
  0.9000
# Stock at Age in 1st Year Option
1
# Initial Guess Stock at Age in 1st Year
  42491.00    18128.00    29322.00    16834.00    11027.00    13264.00  
# Initial Guess
    0.7000  
# Initial Guess
2.000000e-001  2.000000e-001  2.000000e-001  1.125000e-007  1.125000e-007  
# Stock Recruitment Option
0
# Initial Guess
1.500000e+005
# Initial Guess
1.000000e+000
# Initial Guess
    5.0000
# Ignore Guesses
0
# Projection
0
#
1  
#
2013
#
2013  -1  3      -99.00      1.0000
#MCMC
#
0
#
0
#
0
#
0
#
0
#
2
#
0
#
0
# Export R
1
#
-23456
# FINIS
