Originally  
101 
A 
2	100	
1	1	NA	NA	
1	20	
1 554.6 306.5 233.5 146 58.38 72.98 14.6 14.6 0 29.19 14.6 0 0 0 0 14.6 0 0 0 0
1 732.5 309.3 146.5 195.3 113.9 65.11 0 0 0 16.28 32.56 0 0 16.28 0 0 0 0 0 0
1 596.9 736.1 298.4 79.58 0 119.4 39.79 19.9 19.9 39.79 0 19.9 0 19.9 0 0 0 0 0 0
1 257.3 386 680.1 165.4 91.9 110.3 91.9 36.76 18.38 0 0 0 0 0 0 0 0 0 0 0
1 139.6 118.1 247 300.6 85.9 42.95 42.95 32.21 32.21 10.74 10.74 0 0 0 10.74 0 0 0 0 0
1 839.6 122.9 143.3 204.8 307.2 61.43 143.3 40.95 61.43 61.43 0 0 0 40.95 0 20.48 0 0 0 0
1 383.8 819.8 69.77 34.89 104.7 139.5 17.44 34.89 34.89 0 69.77 17.44 0 0 17.44 0 0 0 0 0
1 536.7 242.4 432.8 17.31 34.63 103.9 190.5 17.31 51.94 34.63 34.63 0 0 17.31 0 0 17.31 0 0 0
1 1016 658.8 329.4 549 0 0 109.8 54.9 0 0 0 0 0 0 27.45 0 0 0 0 0
1 649.3 497.8 303 259.7 238.1 21.64 0 43.29 43.29 86.57 21.64 0 0 0 0 0 0 0 0 0
1 757.1 573.5 412.9 183.5 68.82 183.5 0 0 45.88 68.82 0 0 0 0 0 0 0 0 0 0
1 521.8 602.1 240.8 160.6 260.9 80.28 100.4 0 0 0 0 40.14 0 0 0 0 0 0 0 0
1 159.4 391.3 347.8 202.9 101.5 86.96 14.49 86.96 0 14.49 14.49 28.99 0 0 0 0 0 0 0 0
1 351 183.1 259.4 290 137.3 137.3 61.04 15.26 61.04 0 0 30.52 0 0 0 0 0 0 0 0
1 143.4 220.6 88.26 209.6 110.3 66.19 55.16 77.22 77.22 33.1 0 11.03 0 0 0 0 0 11.03 0 0
1 316.9 146.3 268.2 73.13 60.95 85.32 97.51 48.76 48.76 12.19 36.57 12.19 0 0 0 0 0 0 12.19 0
1 153.2 118.4 69.65 83.58 34.82 76.61 55.72 6.965 41.79 13.93 13.93 13.93 0 0 6.965 0 0 6.965 0 0
1 226.7 136 172.3 27.21 72.56 36.28 63.49 45.35 63.49 0 27.21 0 18.14 0 9.07 9.07 0 0 0 0
1 620.2 95.42 143.1 83.49 47.71 71.56 23.85 23.85 23.85 35.78 11.93 0 0 11.93 0 0 0 0 0 0
1 154.4 299.2 106.2 125.5 57.92 19.31 57.92 9.653 9.653 48.26 28.96 19.31 9.653 0 0 0 0 9.653 0 9.653
1 432.4 73.83 179.3 105.5 52.73 42.19 21.09 31.64 0 21.09 31.64 21.09 0 0 10.55 21.09 0 0 10.55 0
1 255.7 221.6 85.24 127.9 42.62 34.1 34.1 0 17.05 0 0 0 25.57 0 8.524 0 0 0 0 0
1 769.6 199.5 228 14.25 142.5 0 0 0 28.5 14.25 0 0 0 0 14.25 0 14.25 0 0 0
1 1111 631.8 130.7 130.7 21.79 87.14 21.79 21.79 0 0 21.79 0 0 0 0 0 0 0 0 0
1 196.8 1107 565.7 221.4 172.2 98.38 49.19 0 24.59 0 0 24.59 0 0 0 0 0 0 0 0
1 632.5 31.62 442.7 253 47.43 79.06 0 31.62 0 0 31.62 0 0 15.81 0 15.81 0 0 0 0
1 319.9 739.9 120 379.9 220 79.98 59.99 20 20 0 0 0 0 20 0 0 0 0 0 20
1 1178 441.6 323.8 117.8 382.7 147.2 117.8 117.8 29.44 29.44 0 0 29.44 0 0 0 0 0 0 29.44
1 279.8 466.4 146.6 146.6 13.32 173.2 53.3 0 39.97 0 0 0 0 13.32 0 0 0 0 0 0
1 263.5 190.3 424.6 117.1 87.84 43.92 161 87.84 29.28 0 0 29.28 0 14.64 0 0 14.64 0 0 0
1 195.4 172.4 183.9 229.9 91.96 115 11.5 91.96 45.98 11.5 0 0 0 0 0 0 0 0 0 0
1 229.5 82.61 174.4 110.2 146.9 18.36 45.9 0 36.72 18.36 18.36 18.36 0 9.179 0 9.179 0 0 0 0
1 539 262.6 96.74 124.4 69.1 82.92 41.46 41.46 27.64 27.64 41.46 13.82 0 13.82 0 0 0 0 0 0
1 546 333.6 227.5 30.33 90.99 45.5 30.33 15.17 75.83 0 60.66 30.33 15.17 15.17 0 0 0 0 0 0
1 383.1 301 150.5 109.4 82.09 41.04 27.36 95.77 68.4 68.4 0 27.36 0 0 0 13.68 0 0 0 0
1 543.7 177.3 177.3 82.73 82.73 23.64 35.46 23.64 0 11.82 11.82 0 0 11.82 0 0 0 0 0 0
1 449.8 387.7 170.6 201.6 124.1 46.53 31.02 31.02 0 15.51 0 31.02 15.51 46.53 0 0 0 0 0 0
1 267.4 149.7 213.9 117.6 117.6 42.78 53.48 10.7 21.39 10.7 10.7 10.7 21.39 10.7 0 0 0 0 0 10.7
1 349.8 198.2 93.28 174.9 139.9 58.3 11.66 58.3 11.66 0 11.66 34.98 11.66 0 11.66 0 0 0 0 0
1 375.7 361.3 231.2 144.5 130.1 43.35 14.45 28.9 43.35 28.9 14.45 0 14.45 0 0 0 14.45 0 0 0
1 775.6 344.7 241.3 68.94 68.94 34.47 51.71 68.94 34.47 17.24 0 0 0 0 0 0 0 0 17.24 0
1 540.4 429.2 158.9 158.9 63.58 63.58 31.79 79.47 31.79 0 31.79 0 0 0 0 0 0 0 0 0
1 697.7 721 302.4 116.3 116.3 46.52 116.3 69.77 46.52 23.26 23.26 23.26 0 0 0 0 0 0 0 23.26
1 148.1 330.4 205.1 159.5 113.9 91.14 11.39 0 45.57 11.39 0 0 11.39 0 0 11.39 0 0 0 0
1 175.4 165 247.6 165 134.1 51.58 41.26 0 20.63 10.32 10.32 10.32 0 0 0 0 0 0 0 0
1 312.8 112.6 150.1 312.8 100.1 137.6 25.02 12.51 37.53 12.51 12.51 0 0 25.02 0 0 0 0 0 0
1 399.9 72.7 81.79 63.62 145.4 90.88 27.26 0 18.18 0 0 0 0 0 0 0 9.088 0 0 0
1 2104 481 0 150.3 30.06 60.12 90.18 0 60.12 30.06 0 0 0 0 0 0 0 0 0 0
1 278 1542 303.3 101.1 126.4 0 25.28 75.83 0 25.28 0 0 0 0 25.28 0 0 0 0 25.28
1 748.6 47.78 461.9 95.56 0 47.78 47.78 63.71 31.85 47.78 0 0 0 0 0 0 0 0 0 0
1 930.1 534.8 139.5 534.8 116.3 0 23.25 23.25 0 23.25 0 0 0 0 0 0 0 0 0 0
1 202.2 1242 693.2 173.3 375.5 0 57.76 28.88 0 28.88 57.76 28.88 0 0 0 0 0 0 0 0
1 132 132 811.1 396.1 37.73 282.9 56.59 0 0 0 18.86 0 18.86 0 0 0 0 0 0 0
1 203.9 224.3 142.7 734 367 81.56 244.7 40.78 0 0 0 0 0 0 0 0 0 0 0 0
1 277.1 44.7 53.63 26.82 259.2 143 8.939 62.57 8.939 0 0 0 8.939 0 0 0 0 0 0 0
1 449.6 192.7 25.69 89.92 64.23 205.5 167 0 77.07 0 0 12.85 0 0 0 0 0 0 0 0
1 261.3 252 186.7 28 37.33 0 65.33 37.33 0 65.33 0 0 0 0 0 0 0 0 0 0
1 562.6 264.8 231.7 165.5 33.1 82.74 0 148.9 66.19 0 99.29 0 0 0 0 0 0 0 0 0
1 435 299 217.5 217.5 27.19 13.59 13.59 0 67.96 13.59 0 27.19 13.59 0 0 13.59 0 0 0 0
1 347.1 293.7 293.7 146.8 53.39 26.7 13.35 40.05 13.35 40.05 26.7 13.35 0 13.35 0 0 0 0 13.35 0
1 1441 347.9 124.3 198.8 74.56 74.56 49.71 24.85 0 24.85 49.71 49.71 0 24.85 0 0 0 0 0 0
1 215.1 645.3 164.5 50.61 88.57 37.96 12.65 25.31 0 0 0 12.65 12.65 0 0 0 0 0 0 0
1 814.6 83.55 605.7 208.9 188 0 62.66 20.89 20.89 20.89 0 20.89 20.89 20.89 0 0 0 0 0 0
1 95.5 360.8 84.89 233.4 74.28 63.66 63.66 21.22 21.22 31.83 0 0 0 0 0 10.61 0 0 0 0
1 153.7 68.3 247.6 51.22 222 42.69 8.537 34.15 8.537 8.537 8.537 0 0 0 0 0 0 0 0 0
1 758 137.8 103.4 310.1 34.46 224 34.46 51.68 51.68 17.23 0 0 0 0 0 0 0 0 0 0
1 286.1 341.1 77.02 33.01 187 0 121 0 11 11 0 0 0 0 11 11 0 11 0 0
1 813.8 372 744 93 46.5 69.75 0 116.3 46.5 0 0 23.25 0 0 0 0 0 0 0 0
1 589.6 246.8 109.7 150.8 68.56 13.71 109.7 13.71 27.42 13.71 13.71 13.71 0 0 0 0 0 0 0 0
1 885.4 548.1 274 105.4 126.5 21.08 42.16 21.08 0 63.24 0 0 0 21.08 0 0 0 0 0 0
1 263.2 401.1 213.1 100.3 62.68 150.4 12.54 0 50.14 0 0 0 0 0 0 0 0 0 0 0
1 256.1 302.6 267.7 93.11 104.7 34.92 46.56 11.64 23.28 0 0 11.64 0 0 11.64 0 0 0 0 0
1 466.6 183.8 212.1 240.3 98.97 42.41 28.28 113.1 14.14 0 0 0 14.14 0 0 0 0 0 0 0
1 318.4 393.3 206 299.7 393.3 93.64 37.46 37.46 37.46 18.73 0 0 0 37.46 0 0 0 0 0 0
1 331 238.3 238.3 92.69 105.9 132.4 52.96 39.72 0 39.72 13.24 13.24 13.24 13.24 0 0 0 0 0 0
1 187.2 374.4 163.8 198.9 46.8 46.8 58.5 11.7 23.4 11.7 35.1 0 0 0 0 11.7 0 0 0 0
1 616.8 138.5 176.2 62.94 75.53 25.18 25.18 113.3 0 0 0 12.59 0 0 12.59 0 0 0 0 0
1 486.1 315.3 170.8 131.4 65.69 13.14 13.14 26.28 26.28 0 0 26.28 13.14 0 0 0 0 26.28 0 0
1 129.9 269 241.2 64.93 55.66 55.66 37.11 18.55 9.276 27.83 0 0 0 9.276 9.276 0 0 0 0 0
1 478.7 85.11 95.75 159.6 63.83 74.47 10.64 31.92 31.92 0 31.92 0 0 0 0 0 0 0 0 0
1 489.5 367.1 149.6 81.59 136 54.39 40.79 27.2 0 13.6 0 0 0 0 0 0 0 0 0 0
1 637.2 391 144.8 57.93 43.45 101.4 28.97 14.48 14.48 14.48 0 0 0 0 0 0 0 0 0 0
1 868.1 385.8 289.4 154.3 19.29 57.87 19.29 38.58 38.58 19.29 19.29 0 0 19.29 0 0 0 0 0 0
1 295.2 726.7 408.7 454.2 249.8 45.42 45.42 22.71 22.71 0 0 0 0 0 0 0 0 0 0 0
1 539.5 212.5 376 130.8 114.4 114.4 16.35 16.35 81.74 16.35 0 0 0 0 16.35 0 0 0 0 0
1 506 328.9 50.6 164.5 75.9 50.6 37.95 12.65 0 0 25.3 0 12.65 0 0 0 0 0 0 0
1 751.5 409.9 222 34.16 119.6 68.32 51.24 0 0 34.16 17.08 0 0 0 0 0 0 0 0 0
1 98.53 426.9 218.9 109.5 54.74 109.5 21.89 21.89 21.89 0 10.95 0 0 0 0 0 0 0 0 0
1 398.5 0 490.5 291.2 137.9 45.98 61.31 30.65 15.33 0 0 30.65 0 0 15.33 0 0 0 0 15.33
1 291.4 349.7 11.66 244.8 93.25 46.62 11.66 69.94 11.66 23.31 11.66 0 0 0 0 0 0 0 0 0
1 685.4 326.4 163.2 48.96 212.1 65.27 48.96 16.32 32.64 16.32 16.32 0 0 0 0 0 0 0 0 0
1 562.6 437.6 109.4 265.7 15.63 78.14 31.26 15.63 0 46.88 0 0 0 0 0 0 0 0 0 0
1 599.4 325.4 359.6 119.9 102.8 0 119.9 34.25 0 0 51.38 0 0 0 0 0 0 0 0 0
1 864.3 252.1 252.1 234.1 18.01 36.01 36.01 54.02 0 36.01 0 18.01 0 0 0 0 0 0 0 0
1 300.4 643.8 100.1 85.84 114.5 28.61 57.23 14.31 42.92 14.31 28.61 0 0 0 0 0 0 0 0 0
1 535 224.3 379.7 155.3 172.6 155.3 17.26 34.52 0 17.26 17.26 0 0 17.26 0 0 0 0 0 0
1 321 195.4 167.5 348.9 181.4 55.82 55.82 41.86 27.91 0 0 0 0 0 0 0 0 0 0 0
1 194.7 194.7 184.4 133.2 184.4 20.49 40.98 20.49 10.24 20.49 0 10.24 0 0 0 10.24 0 0 0 0
1 68.74 181.2 118.7 87.49 49.99 56.24 31.25 12.5 0 18.75 0 0 0 0 0 0 0 0 0 0
