 landings-at-age - landings.n (units : NA )
1	2	
2	100	
1	20	
1 
0.02659 0.2984 0.8352 0.6934 0.4839 0.3377 0.2357 0.1644 0.1148 0.08008 0.05589 0.039 0.02722 0.01899 0.01325 0.009249 0.006454 0.004504 0.003143 0.007259
0.01107 0.05216 0.1462 0.1214 0.08475 0.05914 0.04127 0.0288 0.0201 0.01403 0.009787 0.00683 0.004766 0.003326 0.002321 0.00162 0.00113 0.0007888 0.0005504 0.001271
0.005311 0.1243 0.1464 0.1219 0.08515 0.05942 0.04147 0.02894 0.02019 0.01409 0.009834 0.006862 0.004789 0.003342 0.002332 0.001627 0.001136 0.0007925 0.000553 0.001277
0.001991 0.05964 0.3489 0.122 0.08549 0.0597 0.04166 0.02907 0.02029 0.01416 0.00988 0.006895 0.004811 0.003358 0.002343 0.001635 0.001141 0.0007963 0.0005557 0.001283
0.001349 0.02235 0.1673 0.2909 0.08557 0.05994 0.04186 0.02921 0.02038 0.01423 0.009927 0.006927 0.004834 0.003374 0.002354 0.001643 0.001146 8e-04 0.0005583 0.001289
0.01117 0.01515 0.06272 0.1395 0.204 0.06 0.04203 0.02935 0.02048 0.01429 0.009974 0.00696 0.004857 0.00339 0.002365 0.001651 0.001152 0.0008038 0.0005609 0.001295
0.004561 0.1254 0.04251 0.0523 0.09784 0.143 0.04207 0.02947 0.02058 0.01436 0.01002 0.006993 0.00488 0.003406 0.002377 0.001658 0.001157 0.0008076 0.0005636 0.001302
0.007097 0.05122 0.3519 0.03545 0.03667 0.0686 0.1003 0.0295 0.02066 0.01443 0.01007 0.007026 0.004903 0.003422 0.002388 0.001666 0.001163 0.0008114 0.0005663 0.001308
0.007803 0.07969 0.1437 0.2935 0.02486 0.02571 0.0481 0.07031 0.02068 0.01449 0.01012 0.00706 0.004926 0.003438 0.002399 0.001674 0.001168 0.0008153 0.0005689 0.001314
0.006559 0.08761 0.2236 0.1198 0.2058 0.01743 0.01803 0.03372 0.0493 0.0145 0.01016 0.007093 0.00495 0.003454 0.00241 0.001682 0.001174 0.0008191 0.0005716 0.00132
0.008585 0.07364 0.2458 0.1865 0.08402 0.1443 0.01222 0.01264 0.02364 0.03456 0.01017 0.007121 0.004973 0.003471 0.002422 0.00169 0.001179 0.000823 0.0005743 0.001326
0.005328 0.0964 0.2066 0.205 0.1307 0.05891 0.1012 0.008568 0.008863 0.01658 0.02423 0.007128 0.004993 0.003487 0.002433 0.001698 0.001185 0.0008269 0.0005771 0.001333
0.002444 0.05982 0.2705 0.1723 0.1437 0.09167 0.04131 0.07093 0.006007 0.006214 0.01162 0.01699 0.004998 0.003501 0.002445 0.001706 0.001191 0.0008308 0.0005798 0.001339
0.004732 0.02744 0.1679 0.2256 0.1208 0.1008 0.06427 0.02896 0.04973 0.004212 0.004357 0.00815 0.01191 0.003504 0.002455 0.001714 0.001196 0.0008348 0.0005825 0.001345
0.002046 0.05313 0.07699 0.14 0.1581 0.08471 0.07066 0.04506 0.02031 0.03487 0.002953 0.003055 0.005714 0.008353 0.002457 0.001721 0.001202 0.0008387 0.0005853 0.001352
0.003159 0.02297 0.1491 0.0642 0.09814 0.1109 0.05939 0.04954 0.0316 0.01424 0.02445 0.002071 0.002142 0.004006 0.005857 0.001723 0.001207 0.0008427 0.0005881 0.001358
0.001833 0.03547 0.06445 0.1243 0.04502 0.06881 0.07774 0.04164 0.03474 0.02215 0.009983 0.01714 0.001452 0.001502 0.002809 0.004106 0.001208 0.000846 0.0005908 0.001365
0.002289 0.02058 0.09952 0.05374 0.08716 0.03156 0.04825 0.05451 0.0292 0.02436 0.01553 0.006999 0.01202 0.001018 0.001053 0.00197 0.002879 0.0008469 0.0005932 0.001371
0.006139 0.0257 0.05774 0.08299 0.03768 0.06111 0.02213 0.03383 0.03822 0.02047 0.01708 0.01089 0.004907 0.008427 0.0007137 0.0007383 0.001381 0.002019 0.0005938 0.001377
0.001568 0.06893 0.07212 0.04815 0.05819 0.02642 0.04285 0.01552 0.02372 0.0268 0.01435 0.01197 0.007636 0.003441 0.005908 0.0005004 0.0005176 0.0009682 0.001415 0.001382
0.005281 0.01761 0.1934 0.06014 0.03376 0.0408 0.01852 0.03004 0.01088 0.01663 0.01879 0.01006 0.008395 0.005354 0.002413 0.004143 0.0003509 0.0003629 0.0006789 0.001961
0.004181 0.05929 0.0494 0.1613 0.04217 0.02367 0.0286 0.01299 0.02106 0.007628 0.01166 0.01317 0.007056 0.005886 0.003754 0.001692 0.002905 0.000246 0.0002545 0.001851
0.008008 0.04694 0.1664 0.0412 0.1131 0.02956 0.0166 0.02006 0.009107 0.01477 0.005348 0.008175 0.009237 0.004948 0.004127 0.002632 0.001186 0.002036 0.0001725 0.001476
0.01355 0.08991 0.1317 0.1387 0.02889 0.07928 0.02073 0.01164 0.01406 0.006385 0.01036 0.00375 0.005732 0.006476 0.003469 0.002894 0.001845 0.0008315 0.001428 0.001156
0.002424 0.1522 0.2523 0.1098 0.09727 0.02025 0.05559 0.01453 0.008158 0.00986 0.004477 0.007261 0.002629 0.004019 0.004541 0.002432 0.002029 0.001294 0.000583 0.001812
0.008352 0.02722 0.427 0.2104 0.07701 0.0682 0.0142 0.03898 0.01019 0.00572 0.006913 0.003139 0.005091 0.001843 0.002818 0.003184 0.001705 0.001423 0.0009072 0.001679
0.004531 0.09378 0.07639 0.3561 0.1475 0.054 0.04782 0.009956 0.02733 0.007145 0.004011 0.004847 0.002201 0.003569 0.001293 0.001976 0.002232 0.001196 0.0009974 0.001813
0.009179 0.05087 0.2632 0.0637 0.2497 0.1034 0.03786 0.03353 0.006981 0.01916 0.00501 0.002812 0.003398 0.001543 0.002503 0.0009062 0.001385 0.001565 0.0008383 0.001971
0.003276 0.1031 0.1427 0.2194 0.04466 0.1751 0.07252 0.02654 0.02351 0.004895 0.01343 0.003512 0.001972 0.002383 0.001082 0.001755 0.0006354 0.0009713 0.001097 0.00197
0.003512 0.03679 0.2892 0.119 0.1539 0.03131 0.1227 0.05084 0.01861 0.01648 0.003432 0.009419 0.002463 0.001382 0.001671 0.0007586 0.00123 0.0004455 0.000681 0.00215
0.00195 0.03943 0.1032 0.2412 0.08346 0.1079 0.02196 0.08606 0.03565 0.01305 0.01156 0.002406 0.006604 0.001727 0.0009693 0.001171 0.0005319 0.0008626 0.0003124 0.001985
0.00433 0.0219 0.1106 0.08607 0.1691 0.05852 0.07564 0.01539 0.06034 0.025 0.00915 0.008103 0.001687 0.004631 0.001211 0.0006796 0.0008213 0.0003729 0.0006048 0.001611
0.004862 0.04861 0.06144 0.09226 0.06035 0.1186 0.04103 0.05303 0.01079 0.04231 0.01753 0.006415 0.005681 0.001183 0.003247 0.0008489 0.0004765 0.0005758 0.0002615 0.001554
0.005461 0.05459 0.1364 0.05123 0.06469 0.04231 0.08312 0.02877 0.03718 0.007568 0.02966 0.01229 0.004498 0.003983 0.0008294 0.002276 0.0005952 0.0003341 0.0004038 0.001273
0.003555 0.06132 0.1532 0.1137 0.03592 0.04536 0.02967 0.05828 0.02017 0.02607 0.005306 0.0208 0.008615 0.003154 0.002793 0.0005815 0.001596 0.0004173 0.0002342 0.001175
0.005079 0.03991 0.1721 0.1277 0.07975 0.02519 0.0318 0.0208 0.04086 0.01414 0.01828 0.00372 0.01458 0.006041 0.002211 0.001958 0.0004077 0.001119 0.0002926 0.0009883
0.004003 0.05702 0.112 0.1435 0.08956 0.05592 0.01766 0.0223 0.01458 0.02865 0.009916 0.01282 0.002608 0.01022 0.004235 0.00155 0.001373 0.0002859 0.0007846 0.0008981
0.003515 0.04494 0.16 0.09339 0.1006 0.06279 0.03921 0.01238 0.01563 0.01023 0.02009 0.006952 0.008986 0.001829 0.007169 0.00297 0.001087 0.0009627 0.0002004 0.00118
0.004743 0.03947 0.1261 0.1334 0.06548 0.07053 0.04403 0.02749 0.008681 0.01096 0.00717 0.01409 0.004875 0.006301 0.001282 0.005026 0.002082 0.0007622 0.000675 0.0009678
0.1976 2.914 5.964 5.641 5.018 2.463 2.653 1.656 1.034 0.3265 0.4122 0.2697 0.5297 0.1833 0.237 0.04823 0.189 0.07831 0.02866 0.06178
0.5612 2.834 10.18 6.047 4.787 4.258 2.09 2.251 1.405 0.8773 0.2771 0.3498 0.2288 0.4495 0.1556 0.2011 0.04092 0.1604 0.06645 0.07675
0.3221 3.572 4.424 4.598 2.283 1.808 1.608 0.7891 0.85 0.5306 0.3313 0.1046 0.1321 0.08641 0.1697 0.05875 0.07593 0.01545 0.06057 0.05407
0.3711 5.307 14.4 5.207 4.535 2.252 1.783 1.586 0.7784 0.8385 0.5233 0.3268 0.1032 0.1303 0.08523 0.1674 0.05794 0.0749 0.01524 0.1131
0.1551 3.801 13.29 10.47 3.166 2.758 1.37 1.084 0.9646 0.4733 0.5099 0.3183 0.1987 0.06276 0.07924 0.05183 0.1018 0.03524 0.04555 0.07804
0.1672 2.326 13.86 14.07 9.276 2.806 2.444 1.214 0.9609 0.8549 0.4195 0.4519 0.2821 0.1761 0.05562 0.07023 0.04594 0.09024 0.03123 0.1095
0.09948 1.585 5.367 9.236 7.836 5.164 1.562 1.361 0.6759 0.535 0.476 0.2336 0.2516 0.157 0.09806 0.03097 0.0391 0.02558 0.05024 0.07837
0.2704 0.9498 3.699 3.633 5.23 4.437 2.924 0.8847 0.7705 0.3827 0.3029 0.2695 0.1323 0.1425 0.08892 0.05552 0.01753 0.02214 0.01448 0.07283
1.115 3.771 3.229 3.655 3.005 4.325 3.669 2.418 0.7317 0.6373 0.3165 0.2505 0.2229 0.1094 0.1178 0.07354 0.04592 0.0145 0.01831 0.07221
0.1849 12.89 10.6 2.626 2.485 2.043 2.941 2.495 1.644 0.4975 0.4333 0.2152 0.1703 0.1515 0.07437 0.08011 0.05 0.03122 0.00986 0.06155
0.7156 1.903 32.32 7.684 1.591 1.505 1.238 1.782 1.512 0.9962 0.3014 0.2625 0.1304 0.1032 0.09181 0.04506 0.04854 0.0303 0.01892 0.04326
1.044 8.779 5.679 27.92 5.552 1.15 1.088 0.8944 1.287 1.092 0.7198 0.2178 0.1897 0.09421 0.07457 0.06634 0.03256 0.03507 0.02189 0.04493
0.1688 12.73 25.99 4.854 19.95 3.966 0.8213 0.7771 0.639 0.9198 0.7803 0.5143 0.1556 0.1355 0.06731 0.05328 0.0474 0.02326 0.02506 0.04774
0.1622 1.684 30.87 18.16 2.834 11.64 2.315 0.4794 0.4536 0.373 0.5369 0.4555 0.3002 0.09082 0.0791 0.03929 0.0311 0.02767 0.01358 0.04249
0.1107 1.88 4.743 25.12 12.35 1.928 7.922 1.575 0.3262 0.3086 0.2537 0.3653 0.3099 0.2042 0.06179 0.05381 0.02673 0.02116 0.01882 0.03814
0.319 1.34 5.519 4.018 17.79 8.748 1.365 5.609 1.115 0.2309 0.2185 0.1797 0.2586 0.2194 0.1446 0.04375 0.0381 0.01893 0.01498 0.04034
0.4567 3.413 3.478 4.125 2.509 11.11 5.461 0.8522 3.502 0.6963 0.1442 0.1364 0.1122 0.1615 0.137 0.09028 0.02731 0.02379 0.01182 0.03454
0.2503 4.805 8.724 2.565 2.541 1.546 6.842 3.365 0.525 2.157 0.429 0.08883 0.08405 0.06911 0.09947 0.08439 0.05562 0.01683 0.01466 0.02856
0.4084 2.92 13.62 7.138 1.754 1.738 1.057 4.679 2.301 0.359 1.476 0.2934 0.06075 0.05748 0.04726 0.06803 0.05771 0.03804 0.01151 0.02955
0.2787 3.819 6.652 8.953 3.922 0.9638 0.9549 0.5808 2.571 1.264 0.1973 0.8107 0.1612 0.03338 0.03158 0.02597 0.03738 0.03171 0.0209 0.02256
0.1941 2.98 9.967 5.034 5.667 2.483 0.61 0.6045 0.3676 1.627 0.8003 0.1249 0.5132 0.102 0.02113 0.01999 0.01644 0.02366 0.02007 0.02751
0.5509 1.629 6.133 5.958 2.517 2.834 1.242 0.3051 0.3023 0.1838 0.8139 0.4002 0.06245 0.2566 0.05103 0.01057 0.009998 0.008221 0.01183 0.0238
0.1007 6.51 4.725 5.191 4.224 1.785 2.01 0.8803 0.2163 0.2143 0.1304 0.577 0.2838 0.04428 0.182 0.03618 0.007492 0.007089 0.005829 0.02526
0.5966 1.77 27.84 5.88 5.41 4.403 1.861 2.095 0.9175 0.2255 0.2234 0.1359 0.6015 0.2958 0.04615 0.1897 0.03771 0.007809 0.007389 0.03241
0.06992 4.434 3.215 14.61 2.579 2.373 1.931 0.816 0.9187 0.4024 0.09889 0.09798 0.05959 0.2638 0.1297 0.02024 0.08319 0.01654 0.003425 0.01745
0.08593 0.6462 10.07 2.129 8.1 1.43 1.315 1.071 0.4524 0.5093 0.2231 0.05482 0.05432 0.03304 0.1462 0.07192 0.01122 0.04612 0.009169 0.01157
0.6393 1.698 3.111 14.14 2.505 9.532 1.683 1.548 1.26 0.5324 0.5994 0.2625 0.06452 0.06393 0.03888 0.1721 0.08464 0.01321 0.05427 0.02441
0.1885 4.764 3.095 1.64 6.228 1.103 4.198 0.741 0.6819 0.5549 0.2345 0.264 0.1156 0.02841 0.02815 0.01712 0.0758 0.03728 0.005816 0.03466
0.2166 2.21 13.69 2.591 1.15 4.367 0.7737 2.944 0.5196 0.4781 0.3891 0.1644 0.1851 0.08108 0.01992 0.01974 0.01201 0.05315 0.02614 0.02838
0.4391 2.936 7.316 13.18 2.09 0.9272 3.522 0.6239 2.374 0.419 0.3856 0.3138 0.1326 0.1493 0.06539 0.01607 0.01592 0.009683 0.04286 0.04397
0.4789 4.921 8.026 5.797 8.738 1.385 0.6146 2.334 0.4136 1.573 0.2777 0.2556 0.208 0.08788 0.09894 0.04334 0.01065 0.01055 0.006418 0.05755
0.2347 4.695 11.79 5.578 3.37 5.08 0.8053 0.3573 1.357 0.2404 0.9148 0.1615 0.1486 0.1209 0.05109 0.05752 0.0252 0.006191 0.006135 0.03719
0.1104 2.088 10.25 7.493 2.967 1.792 2.702 0.4283 0.19 0.7217 0.1279 0.4865 0.08588 0.07902 0.06431 0.02717 0.03059 0.0134 0.003293 0.02304
0.3221 2.114 9.73 13.92 8.525 3.375 2.039 3.074 0.4872 0.2162 0.8211 0.1455 0.5535 0.0977 0.08989 0.07316 0.03091 0.0348 0.01524 0.02996
0.1932 2.716 4.349 5.78 6.911 4.232 1.675 1.012 1.526 0.2419 0.1073 0.4076 0.07221 0.2748 0.0485 0.04462 0.03632 0.01535 0.01728 0.02244
0.2457 2.014 6.93 3.225 3.588 4.289 2.626 1.04 0.6282 0.947 0.1501 0.0666 0.253 0.04482 0.1705 0.0301 0.0277 0.02254 0.009524 0.02465
0.2567 3.66 7.308 7.306 2.846 3.166 3.785 2.318 0.9176 0.5544 0.8357 0.1325 0.05878 0.2232 0.03955 0.1505 0.02656 0.02444 0.01989 0.03016
0.4794 2.909 10.08 5.813 4.858 1.892 2.105 2.517 1.541 0.6101 0.3686 0.5557 0.08808 0.03908 0.1484 0.0263 0.1001 0.01766 0.01625 0.03328
0.2961 5.492 8.094 8.096 3.902 3.261 1.27 1.413 1.69 1.035 0.4096 0.2475 0.3731 0.05913 0.02624 0.09965 0.01766 0.06718 0.01186 0.03325
0.1419 3.066 13.83 5.881 4.916 2.369 1.98 0.7713 0.858 1.026 0.6282 0.2487 0.1503 0.2265 0.0359 0.01593 0.0605 0.01072 0.04079 0.02739
0.3417 1.524 8.015 10.45 3.717 3.107 1.498 1.251 0.4875 0.5423 0.6484 0.397 0.1572 0.09497 0.1432 0.02269 0.01007 0.03824 0.006775 0.04309
0.3308 2.904 3.168 4.829 5.266 1.873 1.565 0.7544 0.6305 0.2456 0.2732 0.3267 0.2 0.07919 0.04785 0.07212 0.01143 0.005072 0.01927 0.02512
0.3126 3.787 8.144 2.588 3.303 3.602 1.281 1.071 0.516 0.4312 0.168 0.1869 0.2234 0.1368 0.05417 0.03273 0.04933 0.007819 0.003469 0.03036
0.5247 4.556 13.45 8.415 2.239 2.857 3.116 1.108 0.9262 0.4464 0.3731 0.1453 0.1617 0.1933 0.1184 0.04686 0.02831 0.04268 0.006765 0.02927
0.1073 5.747 12.15 10.38 5.429 1.444 1.844 2.01 0.7149 0.5976 0.288 0.2407 0.09377 0.1043 0.1247 0.07637 0.03023 0.01827 0.02754 0.02325
0.2918 1.113 14.54 8.898 6.357 3.324 0.8844 1.129 1.231 0.4377 0.3659 0.1764 0.1474 0.05742 0.06387 0.07636 0.04676 0.01851 0.01118 0.03109
0.2916 2.6 2.427 9.203 4.713 3.367 1.761 0.4684 0.5978 0.6519 0.2318 0.1938 0.0934 0.07806 0.03041 0.03383 0.04044 0.02476 0.009804 0.02239
0.3555 2.777 6.082 1.656 5.257 2.692 1.923 1.006 0.2676 0.3415 0.3724 0.1324 0.1107 0.05336 0.04459 0.01737 0.01932 0.0231 0.01415 0.01839
0.09344 6.415 12.23 7.814 1.783 5.66 2.898 2.071 1.083 0.288 0.3676 0.4009 0.1426 0.1192 0.05744 0.048 0.0187 0.0208 0.02487 0.03503
0.4297 1.193 19.88 10.95 5.852 1.335 4.239 2.171 1.551 0.8109 0.2157 0.2753 0.3003 0.1068 0.08926 0.04302 0.03595 0.01401 0.01558 0.04486
0.2581 4.939 3.322 15.94 7.338 3.921 0.8945 2.84 1.454 1.039 0.5433 0.1445 0.1845 0.2012 0.07154 0.0598 0.02882 0.02409 0.009383 0.0405
0.426 2.568 11.93 2.312 9.267 4.265 2.279 0.5199 1.651 0.8452 0.6039 0.3158 0.084 0.1072 0.1169 0.04158 0.03476 0.01675 0.014 0.02899
0.2322 3.296 4.86 6.532 1.058 4.239 1.951 1.042 0.2378 0.7551 0.3867 0.2763 0.1445 0.03843 0.04905 0.05349 0.01902 0.0159 0.007664 0.01967
0.1674 2.199 7.667 3.296 3.71 0.6007 2.408 1.108 0.5921 0.1351 0.4289 0.2196 0.1569 0.08205 0.02183 0.02786 0.03038 0.0108 0.009031 0.01552
0.4349 2.001 6.457 6.58 2.37 2.668 0.432 1.732 0.7969 0.4258 0.09715 0.3084 0.1579 0.1128 0.059 0.0157 0.02003 0.02185 0.007769 0.01766
0.1863 6.087 6.858 6.455 5.51 1.985 2.234 0.3617 1.45 0.6673 0.3565 0.08135 0.2583 0.1322 0.09448 0.04941 0.01314 0.01678 0.0183 0.02129
0.3045 2.568 20.43 6.682 5.263 4.493 1.619 1.822 0.295 1.182 0.5442 0.2907 0.06633 0.2106 0.1078 0.07705 0.04029 0.01072 0.01368 0.03228
0.3072 3.898 7.973 18.32 5.009 3.946 3.368 1.213 1.366 0.2211 0.8863 0.4079 0.2179 0.04973 0.1579 0.08084 0.05776 0.0302 0.008034 0.03445
0.174 2.207 6.841 4.035 7.743 2.117 1.668 1.424 0.5128 0.5772 0.09346 0.3746 0.1724 0.09212 0.02102 0.06673 0.03417 0.02441 0.01277 0.01796
0.05828 1.912 5.944 5.363 2.649 5.083 1.39 1.095 0.9345 0.3366 0.3789 0.06135 0.2459 0.1132 0.06047 0.0138 0.0438 0.02243 0.01603 0.02017
