 landings-at-age - landings.n (units : NA )
1	2	
42	100	
1	20	
1 
1.153 13.98 34.72 26.24 17.83 12.86 9.092 6.399 4.376 2.897 2.033 1.447 1.064 0.8592 0.5761 0.4001 0.2643 0.1873 0.1422 0.3481
1.309 14.08 38.37 25.51 15.86 10.78 7.779 5.498 3.869 2.646 1.752 1.229 0.8749 0.6435 0.5196 0.3484 0.2419 0.1598 0.1132 0.2965
1.16 12.93 31.4 22.71 12.39 7.707 5.238 3.779 2.671 1.88 1.286 0.8509 0.5973 0.425 0.3126 0.2524 0.1692 0.1175 0.07763 0.1991
0.9996 12.39 31.32 20.39 12.13 6.621 4.118 2.798 2.019 1.427 1.004 0.6868 0.4546 0.3191 0.2271 0.167 0.1348 0.09041 0.06279 0.1478
1.053 11.36 31.84 21.62 11.58 6.894 3.761 2.339 1.59 1.147 0.8106 0.5705 0.3901 0.2583 0.1813 0.129 0.09487 0.07661 0.05136 0.1197
1.05 11.48 27.97 20.99 11.72 6.28 3.738 2.039 1.268 0.8618 0.6218 0.4395 0.3093 0.2115 0.14 0.09828 0.06994 0.05144 0.04153 0.09272
1.048 11.96 29.46 19.21 11.86 6.62 3.547 2.111 1.152 0.7163 0.4868 0.3512 0.2482 0.1747 0.1195 0.07909 0.05551 0.0395 0.02905 0.07583
0.9822 10.43 26.98 17.74 9.507 5.868 3.276 1.755 1.045 0.57 0.3545 0.2409 0.1738 0.1228 0.08646 0.05913 0.03914 0.02747 0.01955 0.0519
1.089 12.31 29.42 20.44 11.07 5.929 3.66 2.043 1.095 0.6516 0.3555 0.2211 0.1502 0.1084 0.07661 0.05392 0.03688 0.02441 0.01713 0.04457
1.093 11.36 28.91 18.33 10.45 5.659 3.032 1.871 1.045 0.5598 0.3332 0.1818 0.113 0.07682 0.05543 0.03917 0.02757 0.01886 0.01248 0.03155
1.047 12.34 28.81 19.52 10.17 5.798 3.14 1.682 1.038 0.5796 0.3106 0.1848 0.1009 0.06272 0.04262 0.03075 0.02173 0.0153 0.01046 0.02443
0.9662 10.9 28.94 17.96 9.989 5.204 2.967 1.607 0.8608 0.5314 0.2966 0.1589 0.0946 0.05161 0.0321 0.02181 0.01574 0.01112 0.007829 0.01786
0.8785 10.2 26.03 18.46 9.414 5.236 2.728 1.555 0.8423 0.4513 0.2785 0.1555 0.08332 0.04959 0.02706 0.01683 0.01143 0.00825 0.005831 0.01346
0.9235 9.889 25.94 17.72 10.34 5.273 2.933 1.528 0.8712 0.4717 0.2527 0.156 0.08709 0.04666 0.02777 0.01515 0.009424 0.006404 0.004621 0.01081
0.9359 10.32 24.9 17.44 9.795 5.714 2.914 1.621 0.8446 0.4815 0.2607 0.1397 0.08623 0.04814 0.02579 0.01535 0.008376 0.005209 0.00354 0.008527
0.8397 9.484 23.68 15.24 8.769 4.925 2.873 1.465 0.8151 0.4247 0.2421 0.1311 0.07024 0.04336 0.0242 0.01297 0.007719 0.004212 0.002619 0.006068
0.9917 10.33 26.24 17.56 9.303 5.352 3.006 1.754 0.8944 0.4975 0.2592 0.1478 0.08002 0.04288 0.02646 0.01477 0.007916 0.004712 0.002571 0.005302
0.9816 9.924 23.33 15.73 8.639 4.576 2.633 1.479 0.8626 0.44 0.2447 0.1275 0.0727 0.03936 0.02109 0.01302 0.007267 0.003894 0.002318 0.003873
0.8298 10.59 24.23 15.25 8.456 4.645 2.46 1.415 0.795 0.4638 0.2365 0.1316 0.06855 0.03908 0.02116 0.01134 0.006999 0.003907 0.002094 0.003328
0.959 10.02 28.73 17.6 9.112 5.053 2.776 1.47 0.8458 0.4751 0.2771 0.1413 0.07862 0.04096 0.02336 0.01265 0.006776 0.004182 0.002335 0.00324
0.8667 10.38 24.32 18.48 9.29 4.811 2.668 1.465 0.7761 0.4465 0.2508 0.1463 0.07462 0.0415 0.02162 0.01233 0.006676 0.003577 0.002208 0.002943
0.8814 9.583 25.7 15.98 9.972 5.012 2.595 1.439 0.7905 0.4187 0.2409 0.1353 0.07893 0.04026 0.02239 0.01167 0.006652 0.003602 0.00193 0.002779
0.8199 8.725 21.4 15.24 7.774 4.851 2.438 1.262 0.7001 0.3845 0.2037 0.1172 0.06582 0.0384 0.01958 0.01089 0.005675 0.003236 0.001752 0.002291
0.8063 9.222 22.16 14.55 8.522 4.348 2.713 1.364 0.7061 0.3915 0.2151 0.1139 0.06554 0.03681 0.02147 0.01095 0.006092 0.003174 0.00181 0.002261
0.7588 8.732 22.55 14.47 7.811 4.574 2.334 1.456 0.7318 0.379 0.2102 0.1154 0.06114 0.03518 0.01976 0.01153 0.005878 0.00327 0.001704 0.002185
0.6784 8.376 21.75 15.01 7.919 4.275 2.503 1.277 0.797 0.4005 0.2074 0.115 0.06318 0.03346 0.01925 0.01081 0.006308 0.003217 0.00179 0.002128
0.6272 6.968 19.5 13.53 7.676 4.05 2.186 1.28 0.6532 0.4076 0.2048 0.1061 0.05882 0.03231 0.01711 0.009846 0.00553 0.003226 0.001645 0.002004
0.6924 7.691 19.23 14.43 8.245 4.677 2.468 1.332 0.7801 0.398 0.2483 0.1248 0.06463 0.03584 0.01969 0.01043 0.005999 0.00337 0.001966 0.002223
0.6307 7.155 17.9 11.89 7.327 4.186 2.375 1.253 0.6763 0.3961 0.2021 0.1261 0.06337 0.03281 0.0182 0.009995 0.005294 0.003046 0.001711 0.002127
0.5676 6.402 16.47 11.02 6.02 3.709 2.119 1.202 0.6341 0.3423 0.2005 0.1023 0.06382 0.03207 0.01661 0.00921 0.005059 0.00268 0.001542 0.001942
0.6673 6.657 16.98 11.75 6.473 3.535 2.178 1.244 0.7057 0.3723 0.201 0.1177 0.06005 0.03747 0.01883 0.009752 0.005408 0.002971 0.001573 0.002046
0.6114 7.214 16.26 11.08 6.305 3.474 1.897 1.169 0.6677 0.3787 0.1998 0.1079 0.06317 0.03223 0.02011 0.01011 0.005234 0.002902 0.001594 0.001942
0.5733 7.021 18.65 11.24 6.3 3.583 1.974 1.078 0.6642 0.3795 0.2152 0.1136 0.06131 0.0359 0.01832 0.01143 0.005744 0.002974 0.001649 0.00201
0.5717 5.997 16.57 11.72 5.798 3.25 1.849 1.019 0.5562 0.3427 0.1958 0.1111 0.05859 0.03163 0.01852 0.00945 0.005897 0.002964 0.001535 0.001888
0.5362 5.95 14.15 10.46 6.081 3.009 1.687 0.9593 0.5286 0.2886 0.1778 0.1016 0.05763 0.0304 0.01641 0.009612 0.004904 0.00306 0.001538 0.001776
0.5606 5.987 15.06 9.616 5.85 3.402 1.683 0.9437 0.5368 0.2958 0.1615 0.0995 0.05684 0.03224 0.01701 0.009184 0.005378 0.002744 0.001712 0.001854
0.5916 6.693 16.08 10.83 5.69 3.461 2.013 0.996 0.5584 0.3176 0.175 0.09556 0.05887 0.03363 0.01908 0.01007 0.005434 0.003182 0.001623 0.00211
0.547 5.919 15.13 9.668 5.344 2.808 1.708 0.9936 0.4916 0.2756 0.1567 0.08636 0.04716 0.02905 0.0166 0.009416 0.004968 0.002682 0.00157 0.001843
0.5378 6.224 15.21 10.41 5.476 3.027 1.59 0.9676 0.5628 0.2784 0.1561 0.08878 0.04892 0.02671 0.01646 0.009402 0.005333 0.002814 0.001519 0.001933
0.5637 6.267 16.28 10.6 5.969 3.138 1.735 0.9116 0.5545 0.3225 0.1596 0.08946 0.05088 0.02804 0.01531 0.009432 0.005389 0.003057 0.001613 0.001979
0.5298 5.552 13.93 9.607 5.137 2.891 1.52 0.8403 0.4416 0.2686 0.1562 0.0773 0.04334 0.02465 0.01358 0.007416 0.004569 0.00261 0.001481 0.00174
0.5359 5.989 14.18 9.532 5.407 2.891 1.627 0.8556 0.4729 0.2485 0.1512 0.08793 0.0435 0.02439 0.01387 0.007643 0.004174 0.002571 0.001469 0.001812
0.5865 5.75 14.52 9.184 5.076 2.88 1.54 0.8667 0.4557 0.2519 0.1324 0.08052 0.04683 0.02317 0.01299 0.007388 0.004071 0.002223 0.001369 0.001748
0.5273 6.564 14.52 9.813 5.104 2.821 1.6 0.8557 0.4816 0.2532 0.14 0.07356 0.04475 0.02603 0.01288 0.007219 0.004106 0.002262 0.001235 0.001732
0.4991 5.396 15.22 9.003 4.999 2.6 1.437 0.8153 0.4359 0.2454 0.129 0.07131 0.03747 0.0228 0.01326 0.00656 0.003677 0.002092 0.001153 0.001512
0.4928 5.61 13.74 10.42 5.071 2.816 1.465 0.8096 0.4593 0.2456 0.1382 0.07268 0.04017 0.02111 0.01284 0.007469 0.003695 0.002072 0.001178 0.001501
0.525 5.712 14.66 9.616 5.997 2.92 1.621 0.8433 0.4661 0.2644 0.1414 0.07958 0.04184 0.02313 0.01215 0.007393 0.0043 0.002127 0.001193 0.001542
0.5639 5.843 14.29 9.764 5.262 3.282 1.598 0.8872 0.4615 0.2551 0.1447 0.07736 0.04354 0.0229 0.01265 0.00665 0.004046 0.002353 0.001164 0.001497
0.5905 6.221 14.47 9.399 5.275 2.843 1.773 0.8631 0.4793 0.2493 0.1378 0.07816 0.04179 0.02352 0.01237 0.006836 0.003592 0.002185 0.001271 0.001437
0.4822 5.768 13.75 8.503 4.535 2.545 1.372 0.8554 0.4164 0.2312 0.1203 0.06648 0.03771 0.02016 0.01135 0.005968 0.003298 0.001733 0.001054 0.001307
0.5475 5.923 15.94 10.19 5.186 2.766 1.552 0.8366 0.5217 0.254 0.141 0.07336 0.04055 0.023 0.0123 0.006922 0.00364 0.002012 0.001057 0.00144
0.5303 5.809 14.12 10.09 5.291 2.694 1.437 0.8063 0.4346 0.271 0.1319 0.07327 0.03811 0.02106 0.01195 0.006388 0.003596 0.001891 0.001045 0.001297
0.5571 5.876 14.46 9.354 5.488 2.879 1.466 0.7818 0.4387 0.2364 0.1475 0.07178 0.03986 0.02073 0.01146 0.006501 0.003476 0.001957 0.001029 0.001274
0.506 5.608 13.36 8.75 4.647 2.727 1.43 0.7282 0.3884 0.218 0.1175 0.07326 0.03566 0.0198 0.0103 0.005694 0.00323 0.001727 0.0009721 0.001144
0.4938 5.489 13.78 8.806 4.744 2.52 1.478 0.7755 0.3948 0.2106 0.1182 0.06369 0.03972 0.01934 0.01074 0.005585 0.003087 0.001751 0.0009363 0.001147
0.5025 5.68 14.25 9.595 5.045 2.718 1.443 0.8468 0.4443 0.2262 0.1206 0.0677 0.03649 0.02275 0.01108 0.006151 0.0032 0.001768 0.001003 0.001194
0.4918 5.643 14.35 9.608 5.315 2.795 1.505 0.7996 0.4691 0.2461 0.1253 0.06683 0.0375 0.02021 0.0126 0.006136 0.003407 0.001772 0.0009796 0.001217
0.4307 5.077 13.15 8.909 4.898 2.71 1.425 0.7675 0.4076 0.2392 0.1255 0.06388 0.03407 0.01912 0.0103 0.006426 0.003129 0.001737 0.0009036 0.00112
0.4696 5.133 13.59 9.41 5.241 2.882 1.594 0.8383 0.4516 0.2398 0.1407 0.07382 0.03758 0.02005 0.01125 0.006063 0.003781 0.001841 0.001022 0.001191
