 landings-at-age - landings.n (units : NA )
1	2	
42	100	
1	20	
1 
0.3198 2.934 21.61 6.814 7.535 4.178 2.704 1.589 0.9704 0.7173 0.6054 0.3902 0.4189 0.2209 0.2074 0.09516 0.05186 0.02369 0.05348 0.0758
0.2254 2.036 4.58 9.762 2.573 2.845 1.578 1.021 0.6001 0.3664 0.2709 0.2286 0.1473 0.1582 0.08343 0.07833 0.03593 0.01958 0.008945 0.04882
0.2629 3.713 8.204 5.391 9.629 2.538 2.807 1.556 1.007 0.592 0.3615 0.2672 0.2255 0.1453 0.156 0.08229 0.07726 0.03544 0.01932 0.05698
0.1944 2.693 9.3 5.963 3.278 5.856 1.544 1.707 0.9463 0.6124 0.36 0.2198 0.1625 0.1371 0.08839 0.09488 0.05004 0.04699 0.02155 0.0464
0.3829 2.915 9.823 9.847 5.285 2.905 5.19 1.368 1.513 0.8387 0.5428 0.3191 0.1948 0.144 0.1215 0.07834 0.08409 0.04435 0.04164 0.06022
0.3086 3.627 6.728 6.544 5.482 2.943 1.618 2.89 0.7616 0.8422 0.4669 0.3022 0.1776 0.1085 0.08017 0.06767 0.04361 0.04682 0.02469 0.05672
0.2082 2.946 8.468 4.554 3.706 3.104 1.666 0.9159 1.636 0.4313 0.4769 0.2644 0.1711 0.1006 0.06142 0.0454 0.03832 0.0247 0.02651 0.0461
0.215 2.904 10.02 8.366 3.766 3.065 2.567 1.378 0.7575 1.353 0.3567 0.3944 0.2187 0.1415 0.08319 0.05079 0.03754 0.03169 0.02042 0.06005
0.2394 2.485 8.165 8.146 5.688 2.561 2.084 1.746 0.9369 0.5151 0.92 0.2425 0.2682 0.1487 0.09622 0.05656 0.03454 0.02553 0.02155 0.05472
0.5605 2.464 6.23 5.918 4.935 3.446 1.552 1.262 1.058 0.5677 0.312 0.5574 0.1469 0.1625 0.09008 0.05829 0.03427 0.02092 0.01547 0.0462
0.3024 6.877 7.354 5.383 4.276 3.566 2.49 1.121 0.9122 0.7642 0.4102 0.2255 0.4028 0.1062 0.1174 0.06508 0.04212 0.02476 0.01512 0.04456
0.4015 3.69 20.36 6.285 3.846 3.055 2.548 1.779 0.8009 0.6517 0.5459 0.293 0.1611 0.2877 0.07584 0.08387 0.0465 0.03009 0.01769 0.04264
0.4314 4.005 8.947 14.22 3.669 2.245 1.783 1.487 1.039 0.4675 0.3804 0.3187 0.1711 0.09403 0.168 0.04427 0.04896 0.02714 0.01757 0.03521
0.252 4.999 11.28 7.28 9.677 2.496 1.527 1.213 1.012 0.7065 0.3181 0.2588 0.2168 0.1164 0.06397 0.1143 0.03012 0.0333 0.01846 0.03591
0.3519 3.051 14.68 9.556 5.155 6.852 1.767 1.081 0.859 0.7163 0.5002 0.2252 0.1832 0.1535 0.0824 0.04529 0.08091 0.02133 0.02358 0.0385
0.2629 3.764 7.917 10.97 5.966 3.218 4.278 1.103 0.6751 0.5363 0.4472 0.3123 0.1406 0.1144 0.09584 0.05144 0.02828 0.05051 0.01331 0.03876
0.1591 2.767 9.622 5.837 6.757 3.676 1.983 2.635 0.6798 0.4159 0.3304 0.2755 0.1924 0.08662 0.07048 0.05904 0.03169 0.01742 0.03112 0.03208
0.2257 1.857 7.84 7.873 3.992 4.621 2.514 1.356 1.802 0.4649 0.2844 0.226 0.1884 0.1316 0.05924 0.0482 0.04038 0.02167 0.01191 0.04322
0.1807 2.111 4.229 5.155 4.326 2.193 2.539 1.381 0.7451 0.9903 0.2554 0.1563 0.1242 0.1035 0.0723 0.03255 0.02649 0.02219 0.01191 0.0303
0.2933 1.933 5.509 3.2 3.263 2.738 1.388 1.607 0.8743 0.4716 0.6269 0.1617 0.09893 0.07859 0.06554 0.04577 0.0206 0.01677 0.01404 0.02672
0.1576 2.461 3.977 3.293 1.6 1.632 1.369 0.6943 0.8038 0.4372 0.2359 0.3135 0.08086 0.04947 0.0393 0.03277 0.02289 0.0103 0.008384 0.02038
0.1933 1.862 7.138 3.366 2.335 1.135 1.157 0.971 0.4923 0.5699 0.31 0.1672 0.2223 0.05733 0.03508 0.02787 0.02324 0.01623 0.007306 0.0204
0.2914 3.397 7.962 8.883 3.509 2.434 1.183 1.206 1.012 0.5132 0.5941 0.3231 0.1743 0.2317 0.05976 0.03656 0.02905 0.02422 0.01691 0.02888
0.1612 2.165 6.172 4.179 3.896 1.539 1.067 0.5187 0.5289 0.4439 0.2251 0.2605 0.1417 0.07645 0.1016 0.02621 0.01604 0.01274 0.01062 0.02008
0.1114 1.49 4.918 4.086 2.317 2.16 0.8532 0.5917 0.2876 0.2932 0.2461 0.1248 0.1444 0.07856 0.04238 0.05633 0.01453 0.00889 0.007062 0.01702
0.3746 2.201 7.172 6.906 4.809 2.727 2.542 1.004 0.6964 0.3384 0.3451 0.2896 0.1468 0.17 0.09246 0.04988 0.0663 0.0171 0.01046 0.02834
0.2089 2.792 4.011 3.779 3.042 2.118 1.201 1.119 0.4422 0.3067 0.1491 0.152 0.1275 0.06467 0.07487 0.04072 0.02197 0.0292 0.007531 0.01709
0.3431 2.45 8.022 3.359 2.65 2.133 1.485 0.8421 0.785 0.3101 0.2151 0.1045 0.1066 0.08943 0.04535 0.0525 0.02855 0.0154 0.02047 0.01727
0.2938 4.652 8.109 7.726 2.709 2.137 1.72 1.198 0.6791 0.633 0.2501 0.1734 0.08429 0.08594 0.07212 0.03657 0.04233 0.02303 0.01242 0.03043
0.3001 3.293 12.72 6.425 5.121 1.795 1.417 1.14 0.7938 0.4501 0.4196 0.1657 0.115 0.05587 0.05696 0.0478 0.02424 0.02806 0.01526 0.02841
0.2332 2.943 7.891 8.837 3.735 2.977 1.044 0.8235 0.6628 0.4615 0.2617 0.2439 0.09636 0.06683 0.03248 0.03312 0.02779 0.01409 0.01631 0.02539
0.1451 2.075 6.425 5.014 4.7 1.987 1.583 0.5551 0.438 0.3525 0.2454 0.1392 0.1297 0.05125 0.03555 0.01727 0.01761 0.01478 0.007494 0.02218
0.2988 2.776 9.67 8.725 5.704 5.347 2.26 1.801 0.6315 0.4983 0.401 0.2792 0.1583 0.1476 0.0583 0.04044 0.01965 0.02004 0.01682 0.03376
0.5229 2.52 5.712 5.745 4.331 2.832 2.654 1.122 0.8942 0.3135 0.2474 0.1991 0.1386 0.0786 0.07326 0.02894 0.02007 0.009755 0.009947 0.02511
0.3299 5.452 6.43 4.236 3.565 2.688 1.757 1.647 0.6963 0.555 0.1946 0.1535 0.1235 0.08602 0.04878 0.04547 0.01796 0.01246 0.006054 0.02175
0.4432 4.913 19.78 6.779 3.738 3.146 2.372 1.551 1.454 0.6145 0.4898 0.1717 0.1355 0.109 0.07592 0.04305 0.04013 0.01585 0.01099 0.02454
0.2151 5.023 13.53 15.73 4.507 2.486 2.092 1.577 1.031 0.9667 0.4086 0.3256 0.1142 0.09008 0.0725 0.05048 0.02862 0.02668 0.01054 0.02363
0.2367 2.465 13.97 10.87 10.56 3.026 1.669 1.404 1.059 0.6923 0.649 0.2743 0.2186 0.07664 0.06047 0.04867 0.03389 0.01922 0.01791 0.02294
0.307 2.451 6.205 10.15 6.598 6.413 1.837 1.013 0.8527 0.6429 0.4203 0.394 0.1665 0.1327 0.04653 0.03672 0.02955 0.02057 0.01167 0.0248
0.2846 3.296 6.407 4.691 6.417 4.171 4.053 1.161 0.6403 0.539 0.4064 0.2657 0.249 0.1053 0.0839 0.02941 0.02321 0.01868 0.013 0.02305
0.1685 2.419 6.853 3.86 2.363 3.233 2.101 2.042 0.585 0.3226 0.2715 0.2047 0.1338 0.1255 0.05303 0.04227 0.01482 0.01169 0.009409 0.01816
0.196 1.929 6.784 5.598 2.64 1.616 2.211 1.437 1.397 0.4001 0.2207 0.1857 0.14 0.09155 0.08582 0.03627 0.02891 0.01013 0.007997 0.01886
0.44 2.857 6.853 7.009 4.843 2.284 1.398 1.913 1.243 1.208 0.3462 0.1909 0.1607 0.1211 0.0792 0.07424 0.03138 0.02501 0.008768 0.02323
0.1778 4.819 7.62 5.288 4.522 3.125 1.474 0.9022 1.234 0.8022 0.7796 0.2233 0.1232 0.1037 0.07816 0.0511 0.0479 0.02025 0.01614 0.02065
0.2109 1.844 12.19 5.58 3.238 2.769 1.913 0.9023 0.5524 0.7558 0.4912 0.4773 0.1368 0.07541 0.06347 0.04786 0.03129 0.02933 0.0124 0.02252
0.0904 1.879 4.022 7.717 2.955 1.715 1.467 1.013 0.4779 0.2926 0.4003 0.2601 0.2528 0.07243 0.03994 0.03362 0.02535 0.01657 0.01553 0.01849
0.1894 0.8607 4.395 2.743 4.408 1.688 0.9796 0.8378 0.5788 0.273 0.1671 0.2287 0.1486 0.1444 0.04137 0.02282 0.0192 0.01448 0.009466 0.01944
0.3676 3.418 3.79 5.647 2.953 4.746 1.817 1.055 0.9019 0.6231 0.2939 0.1799 0.2462 0.16 0.1555 0.04454 0.02456 0.02067 0.01559 0.03112
0.4116 4.694 10.59 3.395 4.229 2.212 3.554 1.361 0.7898 0.6755 0.4667 0.2201 0.1348 0.1844 0.1198 0.1164 0.03336 0.0184 0.01548 0.03498
0.3559 4.73 13.07 8.495 2.275 2.833 1.482 2.381 0.9119 0.5291 0.4525 0.3127 0.1475 0.09028 0.1235 0.08027 0.07801 0.02235 0.01232 0.03381
0.2718 3.542 11.43 9.094 4.937 1.322 1.647 0.8613 1.384 0.53 0.3075 0.263 0.1817 0.08571 0.05247 0.07179 0.04665 0.04534 0.01299 0.02681
0.302 2.103 6.702 6.256 4.161 2.259 0.6048 0.7534 0.3941 0.6332 0.2425 0.1407 0.1203 0.08314 0.03921 0.02401 0.03284 0.02134 0.02074 0.01821
0.1801 2.86 4.892 4.546 3.554 2.363 1.283 0.3435 0.4279 0.2238 0.3596 0.1377 0.07992 0.06835 0.04722 0.02227 0.01364 0.01865 0.01212 0.02212
0.1669 2.153 8.399 4.198 3.269 2.555 1.699 0.9226 0.247 0.3077 0.1609 0.2586 0.09904 0.05747 0.04915 0.03396 0.01601 0.009805 0.01341 0.02463
0.2611 2.336 7.377 8.395 3.515 2.737 2.14 1.423 0.7725 0.2069 0.2577 0.1348 0.2166 0.08293 0.04812 0.04116 0.02843 0.01341 0.00821 0.03185
0.2359 3.598 7.839 7.187 6.846 2.867 2.232 1.745 1.16 0.63 0.1687 0.2101 0.1099 0.1766 0.06763 0.03924 0.03356 0.02319 0.01094 0.03267
0.2437 3.02 11.17 7.029 5.388 5.132 2.149 1.673 1.308 0.8698 0.4722 0.1264 0.1575 0.08238 0.1324 0.05069 0.02942 0.02516 0.01738 0.03269
0.3317 1.751 5.299 5.652 2.971 2.277 2.169 0.9083 0.7072 0.5529 0.3677 0.1996 0.05345 0.06657 0.03482 0.05595 0.02143 0.01243 0.01063 0.02116
0.1774 3.645 4.713 4.155 3.711 1.95 1.495 1.424 0.5962 0.4643 0.3629 0.2413 0.131 0.03509 0.0437 0.02286 0.03673 0.01407 0.008162 0.02087
