Originally  
101 
A 
2	100	
1	1	NA	NA	
1	20	
1 656 337.4 356.1 206.2 56.23 93.72 74.98 37.49 18.74 0 18.74 0 0 0 0 18.74 0 0 0 0
1 520.7 377.1 287.3 215.5 197.5 89.78 53.87 17.96 0 0 0 0 0 0 0 17.96 17.96 0 0 0
1 336.6 274.3 162.1 137.1 87.26 112.2 0 49.87 12.47 12.47 0 12.47 12.47 24.93 12.47 0 0 0 0 0
1 412.3 412.3 183.2 198.5 91.61 76.34 61.07 30.54 0 30.54 15.27 0 0 15.27 0 0 0 0 0 0
1 511.4 375 323.9 68.18 102.3 102.3 85.23 68.18 34.09 17.05 17.05 0 0 0 0 0 0 0 0 0
1 638.3 337.9 394.2 206.5 112.6 56.32 75.09 18.77 18.77 0 0 0 18.77 0 0 0 0 0 0 0
1 469.5 293.5 102.7 293.5 88.04 73.36 0 29.35 44.02 14.67 14.67 14.67 14.67 0 0 14.67 0 0 0 0
1 465.2 267.9 211.5 141 141 56.39 28.2 42.29 14.1 14.1 0 14.1 0 0 0 14.1 0 0 0 0
1 329.5 354.8 139.4 139.4 101.4 101.4 12.67 12.67 25.35 38.02 12.67 0 0 0 0 0 0 0 0 0
1 735.6 468.1 423.5 222.9 66.87 111.5 89.16 44.58 44.58 0 22.29 0 0 0 0 0 0 0 0 0
1 380.2 453.3 131.6 73.12 43.87 102.4 73.12 58.49 43.87 29.25 14.62 29.25 29.25 0 0 0 0 0 0 0
1 491.2 474.9 212.9 81.87 131 81.87 32.75 16.37 32.75 32.75 32.75 0 0 16.37 0 0 0 0 0 0
1 567 483 315 294 83.99 126 83.99 0 42 21 0 21 42 0 21 0 0 0 0 0
1 490 214.4 245 199.1 137.8 91.88 76.57 15.31 45.94 0 0 0 15.31 0 0 0 0 0 0 0
1 448.4 282.3 315.5 232.5 116.3 83.04 66.43 49.82 33.21 0 16.61 0 16.61 0 0 0 0 0 0 0
1 378.2 324.1 148.6 121.5 121.5 40.52 94.54 54.02 13.51 0 13.51 27.01 0 0 0 0 0 13.51 0 0
1 531.3 215.4 215.4 71.8 114.9 129.2 43.08 43.08 14.36 0 0 57.44 0 0 0 0 0 0 0 0
1 469.9 402.8 285.3 134.3 117.5 67.13 100.7 67.13 16.78 16.78 0 0 0 0 0 0 0 0 0 0
1 625 507.8 332 136.7 97.65 58.59 78.12 58.59 39.06 19.53 0 0 0 0 0 0 0 0 0 0
1 670.3 531.6 277.4 300.5 231.1 46.23 115.6 23.11 0 23.11 23.11 46.23 0 0 23.11 0 0 0 0 0
1 608.6 247.2 228.2 323.3 114.1 133.1 114.1 76.07 0 0 0 57.06 0 0 0 0 0 0 0 0
1 585.6 241.1 292.8 206.7 120.6 103.3 51.67 34.45 51.67 0 17.22 17.22 0 0 0 0 0 0 0 0
1 331.7 221.2 172 208.9 110.6 49.15 49.15 12.29 24.57 24.57 0 24.57 0 0 0 0 0 0 0 0
1 505 466.2 330.2 194.2 136 77.69 58.27 38.85 77.69 38.85 0 0 19.42 0 0 0 0 0 0 0
1 529.2 264.6 282.2 246.9 158.7 52.92 105.8 70.55 0 17.64 35.28 0 0 0 0 0 0 0 0 0
1 447 380.8 314.5 149 115.9 82.77 66.22 66.22 16.55 0 16.55 0 0 0 0 0 0 0 0 0
1 522.1 317 298.4 298.4 130.5 74.59 37.29 74.59 0 37.29 37.29 18.65 0 0 0 18.65 0 0 0 0
1 642.4 233.6 189.8 87.6 87.6 87.6 43.8 14.6 43.8 0 0 0 29.2 0 0 0 0 0 0 0
1 227.8 217.9 138.7 89.16 118.9 19.81 39.63 39.63 29.72 29.72 9.906 9.906 0 19.81 0 0 0 0 0 0
1 454.1 381.4 181.6 308.8 90.81 72.65 36.33 54.49 109 18.16 18.16 36.33 36.33 0 0 0 0 0 0 18.16
1 403 328.4 223.9 194 164.2 29.85 89.56 0 14.93 14.93 0 14.93 0 14.93 0 0 0 0 0 0
1 409.3 245.6 232 109.2 122.8 54.58 68.22 54.58 13.64 0 13.64 0 0 0 27.29 13.64 0 0 0 0
1 329.9 238.9 250.2 91 79.62 34.12 56.87 11.37 0 11.37 11.37 0 11.37 0 0 11.37 0 0 0 0
1 484.3 306.7 177.6 258.3 96.86 113 48.43 48.43 32.29 16.14 0 16.14 16.14 0 0 0 0 0 0 0
1 571.7 336.3 235.4 185 117.7 50.44 33.63 67.26 16.81 16.81 16.81 16.81 0 16.81 0 0 0 0 0 0
1 246.3 191.6 164.2 82.1 63.85 63.85 36.49 9.122 27.37 9.122 9.122 9.122 0 0 0 0 0 0 0 0
1 448.9 419 149.6 179.6 104.8 74.82 0 14.96 14.96 44.89 14.96 0 14.96 0 0 0 0 14.96 0 0
1 417.1 322.9 161.5 148 121.1 40.37 26.91 26.91 26.91 0 0 13.46 13.46 0 0 13.46 0 0 13.46 0
1 441.9 315.7 299.9 142 157.8 15.78 78.91 31.57 47.35 0 31.57 0 15.78 0 0 0 0 0 0 0
1 280.8 159.1 149.8 74.89 84.25 46.8 56.17 18.72 28.08 9.361 9.361 0 0 0 0 9.361 0 9.361 0 0
1 281 204.4 204.4 153.3 115 89.42 76.64 63.87 63.87 0 12.77 0 0 0 0 12.77 0 0 0 0
1 505.1 199 214.3 91.85 122.5 107.2 91.85 91.85 30.62 0 30.62 15.31 0 15.31 15.31 0 0 0 0 0
1 376.2 235.1 152.8 141.1 11.76 82.29 47.02 35.27 23.51 35.27 0 11.76 0 11.76 0 0 0 0 11.76 0
1 391.4 154.2 177.9 166.1 83.03 83.03 23.72 35.59 23.72 0 0 11.86 0 0 11.86 0 0 0 11.86 11.86
1 541.4 422.9 355.3 84.59 50.75 84.59 33.84 50.75 33.84 16.92 16.92 0 0 0 0 0 0 0 0 0
1 356.2 245.6 159.7 171.9 85.97 61.41 12.28 12.28 36.85 12.28 12.28 49.13 0 12.28 0 0 0 0 0 0
1 438.1 339.2 141.3 155.5 70.67 84.8 42.4 56.53 14.13 28.27 14.13 14.13 14.13 0 0 0 0 0 0 0
1 499.1 249.6 374.4 196.1 124.8 142.6 35.65 0 35.65 17.83 17.83 35.65 35.65 0 0 17.83 0 0 0 0
1 508.3 446.7 123.2 138.6 77.02 77.02 61.62 30.81 15.4 30.81 15.4 15.4 0 0 0 0 0 0 0 0
1 394 250.7 250.7 59.7 83.58 35.82 59.7 23.88 0 0 23.88 0 0 0 11.94 0 0 0 0 0
1 562 487.1 206.1 206.1 224.8 56.2 74.93 18.73 18.73 0 0 18.73 0 0 0 0 0 0 0 0
1 662.3 349.5 404.7 91.98 202.4 73.59 18.4 36.79 0 0 0 0 0 0 0 0 0 0 0 0
1 482.4 281.4 201 120.6 80.4 67 53.6 26.8 0 13.4 0 13.4 0 0 0 0 0 0 0 0
1 668.3 351.7 281.4 193.5 87.94 87.94 52.76 0 0 0 17.59 0 0 0 0 0 0 0 0 17.59
1 405 335.2 223.5 139.7 97.76 27.93 55.87 27.93 27.93 13.97 0 27.93 0 0 0 0 0 0 0 13.97
1 321.9 211.2 171 110.6 70.41 40.23 20.12 20.12 0 10.06 20.12 10.06 0 0 0 0 0 0 0 0
1 402.2 330.3 201.1 158 143.6 86.18 43.09 43.09 0 0 14.36 0 0 0 0 14.36 0 0 0 0
1 419 165.1 228.5 101.6 114.3 63.48 76.18 12.7 50.79 25.39 0 0 0 0 0 0 0 12.7 0 0
1 445.9 356.7 140.1 152.9 63.7 25.48 25.48 25.48 12.74 0 0 12.74 12.74 0 0 0 0 0 0 0
1 516.4 219.5 180.7 142 77.46 64.55 64.55 12.91 0 0 12.91 0 0 0 0 0 0 0 0 0
1 275.6 241.2 206.7 91.88 126.3 68.91 45.94 22.97 11.49 11.49 34.46 0 0 11.49 0 0 0 0 0 0
1 273.9 192.7 152.2 101.4 111.6 81.15 10.14 20.29 30.43 30.43 0 0 10.14 0 0 0 0 0 0 0
1 323 198 156.3 135.5 62.52 104.2 10.42 0 31.26 0 10.42 10.42 0 0 0 0 0 0 0 0
1 340.2 267.3 218.7 109.3 97.2 48.6 60.75 36.45 36.45 0 0 0 0 0 0 0 0 0 0 0
1 267.8 238.1 119 138.9 39.68 69.44 29.76 39.68 0 39.68 9.92 0 0 0 0 0 0 0 0 0
1 277.1 194 147.8 101.6 55.43 46.19 36.95 0 18.48 18.48 9.238 18.48 0 0 0 0 0 0 0 0
1 254.9 254.9 182 206.3 109.2 97.09 48.54 24.27 0 12.14 12.14 0 0 0 0 0 0 0 0 12.14
1 455.7 390.6 211.6 227.8 81.37 65.1 97.65 16.27 32.55 16.27 16.27 0 16.27 0 0 0 0 0 0 0
1 317.9 304.6 225.2 119.2 172.2 66.23 26.49 26.49 26.49 13.25 13.25 13.25 0 0 0 0 0 0 0 0
1 262.9 262.9 178.7 105.1 52.57 94.63 42.06 10.51 21.03 21.03 0 0 0 0 0 0 0 0 0 0
1 248.2 167.9 65.69 72.99 58.39 36.49 21.9 14.6 21.9 7.299 7.299 7.299 0 0 0 0 0 0 0 0
1 338.1 253.6 169.1 132.8 132.8 60.38 36.23 12.08 24.15 0 36.23 0 0 0 0 12.08 0 0 0 0
1 269.7 206.3 87.27 47.6 55.53 39.67 15.87 23.8 0 23.8 0 7.933 0 0 0 0 7.933 7.933 0 0
1 482.1 148.4 173.1 86.54 173.1 37.09 24.73 37.09 12.36 0 37.09 0 24.73 0 0 0 0 0 0 0
1 263.3 149.5 71.17 99.64 56.94 28.47 14.23 21.35 7.117 0 0 0 0 0 0 0 0 0 0 0
1 318.7 208.8 230.8 109.9 54.95 43.96 32.97 32.97 10.99 21.98 21.98 10.99 0 0 0 0 0 0 0 0
1 278.1 177.7 146.8 38.62 30.9 23.17 38.62 0 15.45 0 0 15.45 0 7.724 0 0 0 0 0 0
1 386.4 223.7 132.2 111.9 50.84 20.34 20.34 40.67 10.17 10.17 0 10.17 0 0 0 0 0 0 0 0
1 164 210.8 164 62.47 46.85 15.62 46.85 39.04 15.62 7.809 0 7.809 0 0 0 0 0 0 0 0
1 269.8 231.2 134.9 106 115.6 28.91 28.91 0 38.54 0 0 0 9.635 0 0 0 0 0 0 0
1 246.3 194.1 134.3 44.78 59.71 29.86 7.464 7.464 7.464 0 0 0 0 0 7.464 0 0 0 0 7.464
1 340.3 250.8 125.4 71.65 62.69 17.91 0 0 17.91 0 0 0 8.956 0 0 0 0 0 0 0
1 338.8 364.8 221.5 182.4 91.2 39.09 39.09 13.03 0 13.03 0 0 0 0 0 0 0 0 0 0
1 174.8 192.9 48.23 66.32 24.12 30.14 12.06 6.029 6.029 18.09 12.06 6.029 6.029 0 0 0 0 0 0 0
1 407.3 337.1 309 126.4 70.23 70.23 0 42.14 28.09 0 14.05 0 0 0 0 0 0 0 0 0
1 321.1 275.3 149.1 137.6 114.7 57.35 11.47 0 34.41 22.94 0 0 0 11.47 0 11.47 0 0 0 0
1 295.7 169 118.3 84.49 67.59 42.24 25.35 0 16.9 8.449 0 8.449 8.449 0 0 0 0 0 0 0
1 236.8 236.8 184.2 78.92 61.39 26.31 17.54 8.769 17.54 8.769 0 0 0 0 0 0 0 0 0 0
1 382.6 255.1 216.8 153 63.77 63.77 38.26 25.51 38.26 12.75 12.75 0 12.75 0 0 0 0 0 0 0
1 200.8 150.6 87.83 56.46 62.74 18.82 25.1 0 6.274 6.274 0 6.274 0 0 6.274 0 0 0 0 0
1 422.9 189.2 144.7 111.3 66.78 33.39 22.26 44.52 22.26 33.39 0 0 22.26 0 0 0 0 0 0 0
1 340.3 328.6 152.6 140.8 46.94 35.21 23.47 23.47 35.21 23.47 23.47 0 0 0 0 0 0 0 0 0
1 255.7 293.6 142.1 28.41 37.88 56.82 28.41 56.82 28.41 0 18.94 0 0 0 0 0 0 0 0 0
1 305 156.4 117.3 62.57 39.1 31.28 31.28 15.64 0 7.821 0 15.64 0 0 0 0 0 0 0 0
1 313.3 212.2 111.2 101.1 60.64 60.64 50.53 20.21 10.11 20.21 20.21 10.11 10.11 10.11 0 0 0 0 0 0
1 225.2 180.2 97.6 75.07 67.57 22.52 22.52 22.52 15.01 0 7.507 0 7.507 0 7.507 0 0 0 0 0
1 372.3 181.4 66.82 114.6 95.46 38.18 28.64 19.09 19.09 9.546 9.546 0 0 0 0 0 0 0 0 0
1 214.1 154.2 197 77.08 51.39 85.64 34.26 25.69 17.13 0 0 0 0 0 0 0 0 0 0 0
1 181.5 85.09 79.41 73.74 68.07 17.02 11.34 5.672 17.02 22.69 5.672 0 0 0 0 0 0 0 0 0
