 landings-at-age - landings.n (units : NA )
1	2	
2	100	
1	20	
1 
0.02659 0.2984 0.8352 0.6934 0.4839 0.3377 0.2357 0.1644 0.1148 0.08008 0.05589 0.039 0.02722 0.01899 0.01325 0.009249 0.006454 0.004504 0.003143 0.007259
0.00519 0.05216 0.1462 0.1214 0.08475 0.05914 0.04127 0.0288 0.0201 0.01403 0.009787 0.00683 0.004766 0.003326 0.002321 0.00162 0.00113 0.0007888 0.0005504 0.001271
0.00515 0.05827 0.1464 0.1219 0.08515 0.05942 0.04147 0.02894 0.02019 0.01409 0.009834 0.006862 0.004789 0.003342 0.002332 0.001627 0.001136 0.0007925 0.000553 0.001277
0.0052 0.05783 0.1635 0.122 0.08549 0.0597 0.04166 0.02907 0.02029 0.01416 0.00988 0.006895 0.004811 0.003358 0.002343 0.001635 0.001141 0.0007963 0.0005557 0.001283
0.005024 0.05839 0.1623 0.1363 0.08557 0.05994 0.04186 0.02921 0.02038 0.01423 0.009927 0.006927 0.004834 0.003374 0.002354 0.001643 0.001146 8e-04 0.0005583 0.001289
0.005083 0.05641 0.1638 0.1353 0.0956 0.06 0.04203 0.02935 0.02048 0.01429 0.009974 0.00696 0.004857 0.00339 0.002365 0.001651 0.001152 0.0008038 0.0005609 0.001295
0.004943 0.05707 0.1583 0.1366 0.09487 0.06703 0.04207 0.02947 0.02058 0.01436 0.01002 0.006993 0.00488 0.003406 0.002377 0.001658 0.001157 0.0008076 0.0005636 0.001302
0.005053 0.0555 0.1601 0.132 0.09579 0.06652 0.047 0.0295 0.02066 0.01443 0.01007 0.007026 0.004903 0.003422 0.002388 0.001666 0.001163 0.0008114 0.0005663 0.001308
0.005219 0.05674 0.1557 0.1335 0.09254 0.06716 0.04664 0.03295 0.02068 0.01449 0.01012 0.00706 0.004926 0.003438 0.002399 0.001674 0.001168 0.0008153 0.0005689 0.001314
0.00543 0.0586 0.1592 0.1299 0.09362 0.06489 0.04709 0.0327 0.0231 0.0145 0.01016 0.007093 0.00495 0.003454 0.00241 0.001682 0.001174 0.0008191 0.0005716 0.00132
0.005147 0.06097 0.1644 0.1328 0.09105 0.06564 0.04549 0.03302 0.02293 0.0162 0.01017 0.007121 0.004973 0.003471 0.002422 0.00169 0.001179 0.000823 0.0005743 0.001326
0.005046 0.05779 0.1711 0.1371 0.09308 0.06384 0.04603 0.0319 0.02315 0.01608 0.01136 0.007128 0.004993 0.003487 0.002433 0.001698 0.001185 0.0008269 0.0005771 0.001333
0.004919 0.05665 0.1622 0.1427 0.09613 0.06526 0.04476 0.03227 0.02237 0.01623 0.01127 0.007963 0.004998 0.003501 0.002445 0.001706 0.001191 0.0008308 0.0005798 0.001339
0.004754 0.05524 0.159 0.1352 0.1 0.0674 0.04576 0.03138 0.02263 0.01568 0.01138 0.007903 0.005584 0.003504 0.002455 0.001714 0.001196 0.0008348 0.0005825 0.001345
0.005149 0.05338 0.155 0.1326 0.09481 0.07013 0.04726 0.03208 0.022 0.01586 0.01099 0.007979 0.005541 0.003915 0.002457 0.001721 0.001202 0.0008387 0.0005853 0.001352
0.005429 0.05781 0.1498 0.1292 0.09294 0.06648 0.04917 0.03314 0.0225 0.01543 0.01112 0.007709 0.005594 0.003885 0.002745 0.001723 0.001207 0.0008427 0.0005881 0.001358
0.005506 0.06096 0.1622 0.1249 0.09062 0.06517 0.04661 0.03448 0.02323 0.01577 0.01082 0.007799 0.005405 0.003922 0.002724 0.001925 0.001208 0.000846 0.0005908 0.001365
0.005803 0.06182 0.1711 0.1353 0.08757 0.06354 0.04569 0.03268 0.02417 0.01629 0.01106 0.007585 0.005468 0.00379 0.00275 0.00191 0.001349 0.0008469 0.0005932 0.001371
0.005887 0.06516 0.1735 0.1426 0.09485 0.0614 0.04455 0.03204 0.02291 0.01695 0.01142 0.007754 0.005318 0.003834 0.002657 0.001928 0.001339 0.0009461 0.0005938 0.001377
0.005573 0.0661 0.1828 0.1446 0.1 0.0665 0.04305 0.03123 0.02246 0.01607 0.01188 0.008008 0.005436 0.003729 0.002688 0.001863 0.001352 0.0009389 0.0006634 0.001382
0.005732 0.06258 0.1855 0.1525 0.1014 0.07012 0.04663 0.03019 0.0219 0.01575 0.01126 0.008332 0.005615 0.003812 0.002614 0.001885 0.001306 0.000948 0.0006583 0.001434
0.005467 0.06436 0.1756 0.1547 0.1069 0.07111 0.04916 0.03269 0.02116 0.01536 0.01104 0.007898 0.005842 0.003937 0.002673 0.001833 0.001322 0.0009159 0.0006646 0.001467
0.005151 0.06139 0.1806 0.1464 0.1084 0.07495 0.04986 0.03447 0.02292 0.01484 0.01077 0.007742 0.005538 0.004096 0.00276 0.001874 0.001285 0.0009266 0.0006422 0.001495
0.004685 0.05783 0.1723 0.1506 0.1027 0.07604 0.05255 0.03496 0.02417 0.01607 0.0104 0.007549 0.005428 0.003883 0.002872 0.001935 0.001314 0.0009011 0.0006497 0.001498
0.004588 0.0526 0.1623 0.1436 0.1056 0.07198 0.05331 0.03685 0.02451 0.01695 0.01127 0.007295 0.005293 0.003806 0.002722 0.002014 0.001357 0.0009212 0.0006318 0.001506
0.00484 0.05152 0.1476 0.1353 0.1007 0.07403 0.05047 0.03738 0.02583 0.01718 0.01188 0.007901 0.005115 0.003711 0.002669 0.001909 0.001412 0.0009514 0.0006459 0.001499
0.0049 0.05435 0.1446 0.1231 0.09488 0.07062 0.05191 0.03539 0.02621 0.01811 0.01205 0.008331 0.00554 0.003586 0.002602 0.001871 0.001338 0.0009899 0.0006671 0.001504
0.005194 0.05502 0.1525 0.1205 0.0863 0.06652 0.04951 0.03639 0.02481 0.01838 0.0127 0.008448 0.005841 0.003884 0.002514 0.001824 0.001312 0.0009383 0.000694 0.001522
0.004603 0.05833 0.1544 0.1272 0.08452 0.06051 0.04664 0.03471 0.02552 0.0174 0.01288 0.008905 0.005923 0.004095 0.002723 0.001763 0.001279 0.0009198 0.0006579 0.001554
0.004466 0.05169 0.1637 0.1287 0.08916 0.05926 0.04243 0.0327 0.02434 0.01789 0.0122 0.009034 0.006243 0.004153 0.002871 0.001909 0.001236 0.0008968 0.0006449 0.001551
0.004449 0.05014 0.145 0.1365 0.09027 0.06252 0.04155 0.02975 0.02293 0.01707 0.01254 0.008552 0.006334 0.004378 0.002912 0.002013 0.001339 0.0008667 0.0006288 0.001539
0.004466 0.04995 0.1407 0.1209 0.09569 0.06329 0.04383 0.02913 0.02086 0.01608 0.01197 0.008796 0.005996 0.004441 0.003069 0.002042 0.001412 0.0009387 0.0006077 0.00152
0.004758 0.05015 0.1402 0.1173 0.0848 0.06709 0.04438 0.03073 0.02043 0.01462 0.01127 0.00839 0.006167 0.004204 0.003114 0.002152 0.001431 0.0009897 0.0006581 0.001492
0.004941 0.05343 0.1407 0.1169 0.08226 0.05946 0.04704 0.03111 0.02155 0.01432 0.01025 0.007903 0.005882 0.004324 0.002948 0.002183 0.001509 0.001004 0.0006939 0.001508
0.004991 0.05548 0.1499 0.1173 0.08195 0.05768 0.04169 0.03298 0.02182 0.01511 0.01004 0.007189 0.005541 0.004124 0.003032 0.002067 0.001531 0.001058 0.0007037 0.001544
0.005012 0.05604 0.1557 0.125 0.08227 0.05746 0.04044 0.02923 0.02312 0.0153 0.01059 0.00704 0.00504 0.003885 0.002892 0.002126 0.001449 0.001073 0.0007418 0.001576
0.004905 0.05628 0.1572 0.1298 0.08765 0.05768 0.04029 0.02835 0.02049 0.01621 0.01072 0.007427 0.004936 0.003534 0.002724 0.002028 0.00149 0.001016 0.0007525 0.001625
0.004855 0.05508 0.1579 0.1311 0.09102 0.06146 0.04044 0.02825 0.01988 0.01437 0.01137 0.007519 0.005208 0.003461 0.002478 0.00191 0.001422 0.001045 0.0007124 0.001667
0.004441 0.05452 0.1546 0.1317 0.09194 0.06382 0.04309 0.02836 0.0198 0.01394 0.01007 0.007971 0.005272 0.003651 0.002427 0.001737 0.001339 0.0009967 0.0007327 0.001668
0.2427 2.729 8.238 6.913 4.952 3.458 2.4 1.621 1.066 0.7448 0.5242 0.3789 0.2998 0.1983 0.1373 0.09126 0.06534 0.05037 0.03749 0.09029
0.2822 3.481 9.529 8.353 5.866 4.203 2.934 2.037 1.375 0.905 0.6321 0.4449 0.3215 0.2544 0.1683 0.1165 0.07745 0.05545 0.04274 0.1084
0.1734 1.796 5.434 4.305 3.154 2.215 1.587 1.108 0.7691 0.5193 0.3417 0.2387 0.168 0.1214 0.09606 0.06354 0.044 0.02924 0.02094 0.05709
0.2687 2.857 7.241 6.396 4.246 3.111 2.185 1.565 1.093 0.7586 0.5122 0.3371 0.2354 0.1657 0.1198 0.09475 0.06267 0.0434 0.02885 0.07696
0.2312 2.753 7.155 5.263 3.89 2.582 1.892 1.329 0.9519 0.6646 0.4613 0.3115 0.205 0.1432 0.1008 0.07283 0.05762 0.03811 0.0264 0.06434
0.3335 3.467 10.04 7.576 4.665 3.447 2.289 1.677 1.178 0.8437 0.589 0.4089 0.2761 0.1817 0.1269 0.08931 0.06455 0.05107 0.03378 0.08042
0.2959 3.16 8 6.689 4.218 2.597 1.919 1.274 0.9336 0.6557 0.4697 0.328 0.2276 0.1537 0.1012 0.07065 0.04972 0.03594 0.02843 0.06358
0.2508 2.825 7.376 5.415 3.788 2.388 1.471 1.087 0.7215 0.5286 0.3713 0.266 0.1857 0.1289 0.08704 0.05727 0.04 0.02815 0.02035 0.0521
0.3324 3.498 9.606 7.288 4.479 3.133 1.975 1.216 0.8988 0.5967 0.4372 0.307 0.22 0.1536 0.1066 0.07198 0.04737 0.03308 0.02328 0.05992
0.3411 3.842 9.835 7.811 4.955 3.045 2.13 1.343 0.8269 0.6111 0.4057 0.2973 0.2088 0.1496 0.1044 0.07248 0.04894 0.03221 0.02249 0.05657
0.3349 3.51 9.632 7.128 4.732 3.002 1.845 1.29 0.8137 0.501 0.3702 0.2458 0.1801 0.1265 0.09061 0.06326 0.04391 0.02965 0.01951 0.0479
0.3478 4.109 10.48 8.321 5.15 3.419 2.169 1.333 0.9324 0.5879 0.362 0.2675 0.1776 0.1301 0.09139 0.06547 0.04571 0.03173 0.02142 0.04871
0.3728 4.244 12.16 8.954 5.945 3.679 2.443 1.55 0.9524 0.6661 0.42 0.2586 0.1911 0.1269 0.09297 0.06529 0.04678 0.03266 0.02267 0.05011
0.3171 3.719 10.29 8.499 5.227 3.47 2.148 1.426 0.9046 0.556 0.3888 0.2452 0.151 0.1116 0.07407 0.05427 0.03811 0.02731 0.01906 0.04248
0.3369 3.675 10.47 8.372 5.782 3.556 2.361 1.461 0.9701 0.6154 0.3782 0.2645 0.1668 0.1027 0.0759 0.05039 0.03692 0.02593 0.01858 0.04187
0.3618 4.078 10.79 8.873 5.928 4.094 2.518 1.672 1.035 0.6869 0.4358 0.2678 0.1873 0.1181 0.07272 0.05374 0.03568 0.02614 0.01836 0.0428
0.3389 3.871 10.58 8.063 5.54 3.701 2.556 1.572 1.044 0.6459 0.4289 0.2721 0.1672 0.1169 0.07374 0.0454 0.03355 0.02228 0.01632 0.03818
0.3396 3.566 9.895 7.803 4.967 3.413 2.28 1.575 0.9684 0.643 0.3979 0.2642 0.1676 0.103 0.07204 0.04543 0.02797 0.02067 0.01372 0.03358
0.3874 3.963 10.11 8.096 5.336 3.397 2.334 1.559 1.077 0.6623 0.4397 0.2721 0.1807 0.1146 0.07045 0.04927 0.03107 0.01913 0.01414 0.03235
0.2823 3.623 9.028 6.645 4.449 2.932 1.867 1.283 0.8569 0.5918 0.3639 0.2416 0.1495 0.09929 0.06298 0.03871 0.02707 0.01707 0.01051 0.02554
0.2839 3.019 9.456 6.831 4.206 2.816 1.856 1.182 0.8118 0.5424 0.3746 0.2303 0.1529 0.09465 0.06285 0.03987 0.0245 0.01714 0.01081 0.02282
0.1942 2.383 6.212 5.652 3.416 2.104 1.408 0.9282 0.5909 0.406 0.2712 0.1873 0.1152 0.07648 0.04734 0.03143 0.01994 0.01225 0.00857 0.01682
0.2059 2.295 6.909 5.258 4.007 2.422 1.491 0.9985 0.6581 0.419 0.2879 0.1923 0.1328 0.08168 0.05423 0.03356 0.02228 0.01414 0.008688 0.018
0.3341 3.618 9.813 8.599 5.48 4.177 2.525 1.555 1.041 0.686 0.4367 0.3 0.2005 0.1384 0.08513 0.05653 0.03498 0.02323 0.01473 0.02782
0.2143 2.483 6.574 5.151 3.771 2.403 1.832 1.107 0.6818 0.4564 0.3009 0.1915 0.1316 0.08792 0.06072 0.03734 0.02479 0.01534 0.01019 0.01866
0.1693 1.981 5.639 4.352 2.855 2.091 1.332 1.016 0.6139 0.378 0.253 0.1668 0.1062 0.07295 0.04874 0.03366 0.0207 0.01374 0.008506 0.01599
0.2678 3.346 9.538 7.92 5.122 3.361 2.46 1.568 1.195 0.7225 0.4448 0.2978 0.1963 0.125 0.08585 0.05736 0.03961 0.02436 0.01617 0.02883
0.1766 1.996 6.099 5.026 3.488 2.256 1.48 1.084 0.6906 0.5264 0.3182 0.1959 0.1312 0.08645 0.05504 0.03781 0.02526 0.01745 0.01073 0.01982
0.1836 2.071 5.735 5.107 3.524 2.446 1.582 1.038 0.7599 0.4843 0.3691 0.2231 0.1374 0.09197 0.06062 0.03859 0.02651 0.01771 0.01223 0.02142
0.2161 2.489 6.856 5.524 4.119 2.842 1.972 1.276 0.8369 0.6128 0.3905 0.2977 0.1799 0.1108 0.07417 0.04888 0.03112 0.02138 0.01429 0.02714
0.2162 2.422 6.805 5.432 3.661 2.73 1.884 1.307 0.8455 0.5547 0.4062 0.2588 0.1973 0.1193 0.07343 0.04916 0.0324 0.02063 0.01417 0.02746
0.2131 2.12 5.804 4.729 3.158 2.128 1.587 1.095 0.7601 0.4915 0.3225 0.2361 0.1505 0.1147 0.06933 0.04269 0.02858 0.01884 0.01199 0.0242
0.1591 1.896 4.629 3.688 2.515 1.68 1.132 0.8441 0.5825 0.4042 0.2614 0.1715 0.1256 0.08004 0.061 0.03688 0.0227 0.0152 0.01002 0.01925
0.2478 3.046 8.834 6.285 4.196 2.862 1.911 1.288 0.9602 0.6627 0.4599 0.2974 0.1951 0.1429 0.09105 0.0694 0.04195 0.02583 0.01729 0.0333
0.1981 2.09 6.266 5.248 3.12 2.083 1.421 0.9486 0.6393 0.4767 0.329 0.2283 0.1476 0.09687 0.07092 0.0452 0.03445 0.02082 0.01282 0.02511
0.1845 2.066 5.333 4.647 3.257 1.936 1.293 0.8816 0.5887 0.3968 0.2958 0.2042 0.1417 0.09163 0.06012 0.04402 0.02805 0.02138 0.01292 0.02354
0.2535 2.748 7.494 5.622 4.101 2.875 1.709 1.141 0.778 0.5196 0.3502 0.2611 0.1802 0.125 0.08086 0.05305 0.03884 0.02476 0.01887 0.03218
0.2506 2.872 7.567 5.961 3.738 2.727 1.911 1.136 0.7585 0.5173 0.3455 0.2328 0.1736 0.1198 0.08314 0.05376 0.03528 0.02583 0.01646 0.03395
0.2632 2.871 7.991 6.078 4.002 2.509 1.831 1.283 0.7628 0.5092 0.3473 0.2319 0.1563 0.1165 0.08043 0.05581 0.03609 0.02368 0.01734 0.03384
0.2344 2.724 7.227 5.806 3.69 2.43 1.524 1.111 0.7791 0.4631 0.3092 0.2109 0.1408 0.0949 0.07076 0.04883 0.03389 0.02191 0.01438 0.03107
0.2218 2.517 7.123 5.464 3.67 2.332 1.536 0.963 0.7025 0.4924 0.2927 0.1954 0.1333 0.089 0.05998 0.04472 0.03086 0.02142 0.01385 0.02873
0.1772 1.885 5.233 4.291 2.752 1.849 1.175 0.7737 0.4851 0.3539 0.2481 0.1475 0.09844 0.06714 0.04484 0.03022 0.02253 0.01555 0.01079 0.02145
0.18 2.029 5.287 4.275 2.935 1.883 1.265 0.8037 0.5292 0.3318 0.2421 0.1697 0.1009 0.06733 0.04593 0.03067 0.02067 0.01541 0.01064 0.02205
0.2635 2.624 7.209 5.463 3.698 2.539 1.629 1.094 0.6953 0.4578 0.2871 0.2094 0.1468 0.08726 0.05825 0.03973 0.02653 0.01788 0.01333 0.02828
0.2293 2.887 6.999 5.563 3.525 2.386 1.638 1.051 0.7059 0.4486 0.2954 0.1852 0.1351 0.09471 0.0563 0.03758 0.02563 0.01712 0.01154 0.02685
0.2162 2.378 7.301 5.125 3.406 2.158 1.461 1.003 0.6434 0.4322 0.2747 0.1809 0.1134 0.08273 0.05799 0.03447 0.02301 0.0157 0.01048 0.0235
0.1659 1.926 5.188 4.622 2.714 1.804 1.143 0.7737 0.5313 0.3408 0.2289 0.1455 0.09579 0.06006 0.04381 0.03071 0.01826 0.01219 0.008313 0.018
0.1403 1.579 4.505 3.539 2.64 1.55 1.03 0.6529 0.442 0.3035 0.1947 0.1308 0.0831 0.05472 0.03431 0.02503 0.01754 0.01043 0.006962 0.01503
0.2389 2.532 6.955 5.788 3.81 2.843 1.669 1.109 0.7029 0.4758 0.3267 0.2096 0.1408 0.08946 0.05891 0.03694 0.02694 0.01889 0.01123 0.02368
0.2877 3.051 7.847 6.23 4.335 2.854 2.129 1.25 0.8308 0.5264 0.3564 0.2447 0.157 0.1054 0.067 0.04412 0.02766 0.02018 0.01415 0.02614
0.2756 3.306 8.495 6.293 4.174 2.904 1.912 1.426 0.8375 0.5566 0.3527 0.2388 0.1639 0.1052 0.07063 0.04489 0.02956 0.01853 0.01352 0.02699
0.251 2.742 7.99 5.911 3.658 2.426 1.688 1.111 0.829 0.4868 0.3235 0.205 0.1388 0.09529 0.06112 0.04105 0.02609 0.01718 0.01077 0.02355
0.1715 1.941 5.189 4.373 2.704 1.673 1.11 0.7723 0.5084 0.3793 0.2227 0.148 0.09378 0.06349 0.04359 0.02796 0.01878 0.01194 0.00786 0.0157
0.1505 1.624 4.517 3.52 2.484 1.536 0.9505 0.6304 0.4386 0.2887 0.2154 0.1265 0.08407 0.05327 0.03606 0.02476 0.01588 0.01067 0.00678 0.01338
0.1597 1.799 4.77 3.876 2.531 1.786 1.105 0.6835 0.4533 0.3154 0.2076 0.1549 0.09096 0.06045 0.0383 0.02593 0.01781 0.01142 0.007671 0.0145
0.1993 2.236 6.163 4.768 3.246 2.119 1.496 0.9249 0.5723 0.3796 0.2641 0.1739 0.1297 0.07616 0.05062 0.03207 0.02171 0.01491 0.009563 0.01856
0.2376 2.746 7.505 6.005 3.888 2.647 1.728 1.22 0.7543 0.4667 0.3095 0.2154 0.1418 0.1058 0.06211 0.04128 0.02615 0.01771 0.01216 0.02294
0.258 3.042 8.527 6.729 4.502 2.915 1.984 1.296 0.9143 0.5654 0.3498 0.232 0.1615 0.1063 0.07929 0.04656 0.03094 0.01961 0.01327 0.02631
0.1537 1.854 5.337 4.315 2.844 1.903 1.232 0.8386 0.5476 0.3864 0.239 0.1479 0.09808 0.06824 0.04492 0.03351 0.01968 0.01308 0.008287 0.01673
0.1515 1.689 4.991 4.184 2.833 1.867 1.249 0.8087 0.5505 0.3595 0.2537 0.1569 0.09707 0.06438 0.0448 0.02949 0.022 0.01292 0.008586 0.01642
