 proportion of M before spawning - m.spwn (units :  )
1	8	
42	100	
1	20	
1 
0.09558 0.09558 0.09558 0.09558 0.09558 0.09558 0.09558 0.09558 0.09558 0.09558 0.09558 0.09558 0.09558 0.09558 0.09558 0.09558 0.09558 0.09558 0.09558 0.09558
0.09558 0.09558 0.09558 0.09558 0.09558 0.09558 0.09558 0.09558 0.09558 0.09558 0.09558 0.09558 0.09558 0.09558 0.09558 0.09558 0.09558 0.09558 0.09558 0.09558
0.09558 0.09558 0.09558 0.09558 0.09558 0.09558 0.09558 0.09558 0.09558 0.09558 0.09558 0.09558 0.09558 0.09558 0.09558 0.09558 0.09558 0.09558 0.09558 0.09558
0.09558 0.09558 0.09558 0.09558 0.09558 0.09558 0.09558 0.09558 0.09558 0.09558 0.09558 0.09558 0.09558 0.09558 0.09558 0.09558 0.09558 0.09558 0.09558 0.09558
0.09558 0.09558 0.09558 0.09558 0.09558 0.09558 0.09558 0.09558 0.09558 0.09558 0.09558 0.09558 0.09558 0.09558 0.09558 0.09558 0.09558 0.09558 0.09558 0.09558
0.09558 0.09558 0.09558 0.09558 0.09558 0.09558 0.09558 0.09558 0.09558 0.09558 0.09558 0.09558 0.09558 0.09558 0.09558 0.09558 0.09558 0.09558 0.09558 0.09558
0.09558 0.09558 0.09558 0.09558 0.09558 0.09558 0.09558 0.09558 0.09558 0.09558 0.09558 0.09558 0.09558 0.09558 0.09558 0.09558 0.09558 0.09558 0.09558 0.09558
0.09558 0.09558 0.09558 0.09558 0.09558 0.09558 0.09558 0.09558 0.09558 0.09558 0.09558 0.09558 0.09558 0.09558 0.09558 0.09558 0.09558 0.09558 0.09558 0.09558
0.09558 0.09558 0.09558 0.09558 0.09558 0.09558 0.09558 0.09558 0.09558 0.09558 0.09558 0.09558 0.09558 0.09558 0.09558 0.09558 0.09558 0.09558 0.09558 0.09558
0.09558 0.09558 0.09558 0.09558 0.09558 0.09558 0.09558 0.09558 0.09558 0.09558 0.09558 0.09558 0.09558 0.09558 0.09558 0.09558 0.09558 0.09558 0.09558 0.09558
0.09558 0.09558 0.09558 0.09558 0.09558 0.09558 0.09558 0.09558 0.09558 0.09558 0.09558 0.09558 0.09558 0.09558 0.09558 0.09558 0.09558 0.09558 0.09558 0.09558
0.09558 0.09558 0.09558 0.09558 0.09558 0.09558 0.09558 0.09558 0.09558 0.09558 0.09558 0.09558 0.09558 0.09558 0.09558 0.09558 0.09558 0.09558 0.09558 0.09558
0.09558 0.09558 0.09558 0.09558 0.09558 0.09558 0.09558 0.09558 0.09558 0.09558 0.09558 0.09558 0.09558 0.09558 0.09558 0.09558 0.09558 0.09558 0.09558 0.09558
0.09558 0.09558 0.09558 0.09558 0.09558 0.09558 0.09558 0.09558 0.09558 0.09558 0.09558 0.09558 0.09558 0.09558 0.09558 0.09558 0.09558 0.09558 0.09558 0.09558
0.09558 0.09558 0.09558 0.09558 0.09558 0.09558 0.09558 0.09558 0.09558 0.09558 0.09558 0.09558 0.09558 0.09558 0.09558 0.09558 0.09558 0.09558 0.09558 0.09558
0.09558 0.09558 0.09558 0.09558 0.09558 0.09558 0.09558 0.09558 0.09558 0.09558 0.09558 0.09558 0.09558 0.09558 0.09558 0.09558 0.09558 0.09558 0.09558 0.09558
0.09558 0.09558 0.09558 0.09558 0.09558 0.09558 0.09558 0.09558 0.09558 0.09558 0.09558 0.09558 0.09558 0.09558 0.09558 0.09558 0.09558 0.09558 0.09558 0.09558
0.09558 0.09558 0.09558 0.09558 0.09558 0.09558 0.09558 0.09558 0.09558 0.09558 0.09558 0.09558 0.09558 0.09558 0.09558 0.09558 0.09558 0.09558 0.09558 0.09558
0.09558 0.09558 0.09558 0.09558 0.09558 0.09558 0.09558 0.09558 0.09558 0.09558 0.09558 0.09558 0.09558 0.09558 0.09558 0.09558 0.09558 0.09558 0.09558 0.09558
0.09558 0.09558 0.09558 0.09558 0.09558 0.09558 0.09558 0.09558 0.09558 0.09558 0.09558 0.09558 0.09558 0.09558 0.09558 0.09558 0.09558 0.09558 0.09558 0.09558
0.09558 0.09558 0.09558 0.09558 0.09558 0.09558 0.09558 0.09558 0.09558 0.09558 0.09558 0.09558 0.09558 0.09558 0.09558 0.09558 0.09558 0.09558 0.09558 0.09558
0.09558 0.09558 0.09558 0.09558 0.09558 0.09558 0.09558 0.09558 0.09558 0.09558 0.09558 0.09558 0.09558 0.09558 0.09558 0.09558 0.09558 0.09558 0.09558 0.09558
0.09558 0.09558 0.09558 0.09558 0.09558 0.09558 0.09558 0.09558 0.09558 0.09558 0.09558 0.09558 0.09558 0.09558 0.09558 0.09558 0.09558 0.09558 0.09558 0.09558
0.09558 0.09558 0.09558 0.09558 0.09558 0.09558 0.09558 0.09558 0.09558 0.09558 0.09558 0.09558 0.09558 0.09558 0.09558 0.09558 0.09558 0.09558 0.09558 0.09558
0.09558 0.09558 0.09558 0.09558 0.09558 0.09558 0.09558 0.09558 0.09558 0.09558 0.09558 0.09558 0.09558 0.09558 0.09558 0.09558 0.09558 0.09558 0.09558 0.09558
0.09558 0.09558 0.09558 0.09558 0.09558 0.09558 0.09558 0.09558 0.09558 0.09558 0.09558 0.09558 0.09558 0.09558 0.09558 0.09558 0.09558 0.09558 0.09558 0.09558
0.09558 0.09558 0.09558 0.09558 0.09558 0.09558 0.09558 0.09558 0.09558 0.09558 0.09558 0.09558 0.09558 0.09558 0.09558 0.09558 0.09558 0.09558 0.09558 0.09558
0.09558 0.09558 0.09558 0.09558 0.09558 0.09558 0.09558 0.09558 0.09558 0.09558 0.09558 0.09558 0.09558 0.09558 0.09558 0.09558 0.09558 0.09558 0.09558 0.09558
0.09558 0.09558 0.09558 0.09558 0.09558 0.09558 0.09558 0.09558 0.09558 0.09558 0.09558 0.09558 0.09558 0.09558 0.09558 0.09558 0.09558 0.09558 0.09558 0.09558
0.09558 0.09558 0.09558 0.09558 0.09558 0.09558 0.09558 0.09558 0.09558 0.09558 0.09558 0.09558 0.09558 0.09558 0.09558 0.09558 0.09558 0.09558 0.09558 0.09558
0.09558 0.09558 0.09558 0.09558 0.09558 0.09558 0.09558 0.09558 0.09558 0.09558 0.09558 0.09558 0.09558 0.09558 0.09558 0.09558 0.09558 0.09558 0.09558 0.09558
0.09558 0.09558 0.09558 0.09558 0.09558 0.09558 0.09558 0.09558 0.09558 0.09558 0.09558 0.09558 0.09558 0.09558 0.09558 0.09558 0.09558 0.09558 0.09558 0.09558
0.09558 0.09558 0.09558 0.09558 0.09558 0.09558 0.09558 0.09558 0.09558 0.09558 0.09558 0.09558 0.09558 0.09558 0.09558 0.09558 0.09558 0.09558 0.09558 0.09558
0.09558 0.09558 0.09558 0.09558 0.09558 0.09558 0.09558 0.09558 0.09558 0.09558 0.09558 0.09558 0.09558 0.09558 0.09558 0.09558 0.09558 0.09558 0.09558 0.09558
0.09558 0.09558 0.09558 0.09558 0.09558 0.09558 0.09558 0.09558 0.09558 0.09558 0.09558 0.09558 0.09558 0.09558 0.09558 0.09558 0.09558 0.09558 0.09558 0.09558
0.09558 0.09558 0.09558 0.09558 0.09558 0.09558 0.09558 0.09558 0.09558 0.09558 0.09558 0.09558 0.09558 0.09558 0.09558 0.09558 0.09558 0.09558 0.09558 0.09558
0.09558 0.09558 0.09558 0.09558 0.09558 0.09558 0.09558 0.09558 0.09558 0.09558 0.09558 0.09558 0.09558 0.09558 0.09558 0.09558 0.09558 0.09558 0.09558 0.09558
0.09558 0.09558 0.09558 0.09558 0.09558 0.09558 0.09558 0.09558 0.09558 0.09558 0.09558 0.09558 0.09558 0.09558 0.09558 0.09558 0.09558 0.09558 0.09558 0.09558
0.09558 0.09558 0.09558 0.09558 0.09558 0.09558 0.09558 0.09558 0.09558 0.09558 0.09558 0.09558 0.09558 0.09558 0.09558 0.09558 0.09558 0.09558 0.09558 0.09558
0.09558 0.09558 0.09558 0.09558 0.09558 0.09558 0.09558 0.09558 0.09558 0.09558 0.09558 0.09558 0.09558 0.09558 0.09558 0.09558 0.09558 0.09558 0.09558 0.09558
0.09558 0.09558 0.09558 0.09558 0.09558 0.09558 0.09558 0.09558 0.09558 0.09558 0.09558 0.09558 0.09558 0.09558 0.09558 0.09558 0.09558 0.09558 0.09558 0.09558
0.09558 0.09558 0.09558 0.09558 0.09558 0.09558 0.09558 0.09558 0.09558 0.09558 0.09558 0.09558 0.09558 0.09558 0.09558 0.09558 0.09558 0.09558 0.09558 0.09558
0.09558 0.09558 0.09558 0.09558 0.09558 0.09558 0.09558 0.09558 0.09558 0.09558 0.09558 0.09558 0.09558 0.09558 0.09558 0.09558 0.09558 0.09558 0.09558 0.09558
0.09558 0.09558 0.09558 0.09558 0.09558 0.09558 0.09558 0.09558 0.09558 0.09558 0.09558 0.09558 0.09558 0.09558 0.09558 0.09558 0.09558 0.09558 0.09558 0.09558
0.09558 0.09558 0.09558 0.09558 0.09558 0.09558 0.09558 0.09558 0.09558 0.09558 0.09558 0.09558 0.09558 0.09558 0.09558 0.09558 0.09558 0.09558 0.09558 0.09558
0.09558 0.09558 0.09558 0.09558 0.09558 0.09558 0.09558 0.09558 0.09558 0.09558 0.09558 0.09558 0.09558 0.09558 0.09558 0.09558 0.09558 0.09558 0.09558 0.09558
0.09558 0.09558 0.09558 0.09558 0.09558 0.09558 0.09558 0.09558 0.09558 0.09558 0.09558 0.09558 0.09558 0.09558 0.09558 0.09558 0.09558 0.09558 0.09558 0.09558
0.09558 0.09558 0.09558 0.09558 0.09558 0.09558 0.09558 0.09558 0.09558 0.09558 0.09558 0.09558 0.09558 0.09558 0.09558 0.09558 0.09558 0.09558 0.09558 0.09558
0.09558 0.09558 0.09558 0.09558 0.09558 0.09558 0.09558 0.09558 0.09558 0.09558 0.09558 0.09558 0.09558 0.09558 0.09558 0.09558 0.09558 0.09558 0.09558 0.09558
0.09558 0.09558 0.09558 0.09558 0.09558 0.09558 0.09558 0.09558 0.09558 0.09558 0.09558 0.09558 0.09558 0.09558 0.09558 0.09558 0.09558 0.09558 0.09558 0.09558
0.09558 0.09558 0.09558 0.09558 0.09558 0.09558 0.09558 0.09558 0.09558 0.09558 0.09558 0.09558 0.09558 0.09558 0.09558 0.09558 0.09558 0.09558 0.09558 0.09558
0.09558 0.09558 0.09558 0.09558 0.09558 0.09558 0.09558 0.09558 0.09558 0.09558 0.09558 0.09558 0.09558 0.09558 0.09558 0.09558 0.09558 0.09558 0.09558 0.09558
0.09558 0.09558 0.09558 0.09558 0.09558 0.09558 0.09558 0.09558 0.09558 0.09558 0.09558 0.09558 0.09558 0.09558 0.09558 0.09558 0.09558 0.09558 0.09558 0.09558
0.09558 0.09558 0.09558 0.09558 0.09558 0.09558 0.09558 0.09558 0.09558 0.09558 0.09558 0.09558 0.09558 0.09558 0.09558 0.09558 0.09558 0.09558 0.09558 0.09558
0.09558 0.09558 0.09558 0.09558 0.09558 0.09558 0.09558 0.09558 0.09558 0.09558 0.09558 0.09558 0.09558 0.09558 0.09558 0.09558 0.09558 0.09558 0.09558 0.09558
0.09558 0.09558 0.09558 0.09558 0.09558 0.09558 0.09558 0.09558 0.09558 0.09558 0.09558 0.09558 0.09558 0.09558 0.09558 0.09558 0.09558 0.09558 0.09558 0.09558
0.09558 0.09558 0.09558 0.09558 0.09558 0.09558 0.09558 0.09558 0.09558 0.09558 0.09558 0.09558 0.09558 0.09558 0.09558 0.09558 0.09558 0.09558 0.09558 0.09558
0.09558 0.09558 0.09558 0.09558 0.09558 0.09558 0.09558 0.09558 0.09558 0.09558 0.09558 0.09558 0.09558 0.09558 0.09558 0.09558 0.09558 0.09558 0.09558 0.09558
0.09558 0.09558 0.09558 0.09558 0.09558 0.09558 0.09558 0.09558 0.09558 0.09558 0.09558 0.09558 0.09558 0.09558 0.09558 0.09558 0.09558 0.09558 0.09558 0.09558
