 landings-at-age - landings.n (units : NA )
1	2	
42	100	
1	20	
1 
0.5612 2.834 10.18 6.047 4.787 4.258 2.09 2.251 1.405 0.8773 0.2771 0.3498 0.2288 0.4495 0.1556 0.2011 0.04092 0.1604 0.06645 0.07675
0.3221 3.572 4.424 4.598 2.283 1.808 1.608 0.7891 0.85 0.5306 0.3313 0.1046 0.1321 0.08641 0.1697 0.05875 0.07593 0.01545 0.06057 0.05407
0.3711 5.307 14.4 5.207 4.535 2.252 1.783 1.586 0.7784 0.8385 0.5233 0.3268 0.1032 0.1303 0.08523 0.1674 0.05794 0.0749 0.01524 0.1131
0.1551 3.801 13.29 10.47 3.166 2.758 1.37 1.084 0.9646 0.4733 0.5099 0.3183 0.1987 0.06276 0.07924 0.05183 0.1018 0.03524 0.04555 0.07804
0.1672 2.326 13.86 14.07 9.276 2.806 2.444 1.214 0.9609 0.8549 0.4195 0.4519 0.2821 0.1761 0.05562 0.07023 0.04594 0.09024 0.03123 0.1095
0.09948 1.585 5.367 9.236 7.836 5.164 1.562 1.361 0.6759 0.535 0.476 0.2336 0.2516 0.157 0.09806 0.03097 0.0391 0.02558 0.05024 0.07837
0.2704 0.9498 3.699 3.633 5.23 4.437 2.924 0.8847 0.7705 0.3827 0.3029 0.2695 0.1323 0.1425 0.08892 0.05552 0.01753 0.02214 0.01448 0.07283
1.115 3.771 3.229 3.655 3.005 4.325 3.669 2.418 0.7317 0.6373 0.3165 0.2505 0.2229 0.1094 0.1178 0.07354 0.04592 0.0145 0.01831 0.07221
0.1849 12.89 10.6 2.626 2.485 2.043 2.941 2.495 1.644 0.4975 0.4333 0.2152 0.1703 0.1515 0.07437 0.08011 0.05 0.03122 0.00986 0.06155
0.7156 1.903 32.32 7.684 1.591 1.505 1.238 1.782 1.512 0.9962 0.3014 0.2625 0.1304 0.1032 0.09181 0.04506 0.04854 0.0303 0.01892 0.04326
1.044 8.779 5.679 27.92 5.552 1.15 1.088 0.8944 1.287 1.092 0.7198 0.2178 0.1897 0.09421 0.07457 0.06634 0.03256 0.03507 0.02189 0.04493
0.1688 12.73 25.99 4.854 19.95 3.966 0.8213 0.7771 0.639 0.9198 0.7803 0.5143 0.1556 0.1355 0.06731 0.05328 0.0474 0.02326 0.02506 0.04774
0.1622 1.684 30.87 18.16 2.834 11.64 2.315 0.4794 0.4536 0.373 0.5369 0.4555 0.3002 0.09082 0.0791 0.03929 0.0311 0.02767 0.01358 0.04249
0.1107 1.88 4.743 25.12 12.35 1.928 7.922 1.575 0.3262 0.3086 0.2537 0.3653 0.3099 0.2042 0.06179 0.05381 0.02673 0.02116 0.01882 0.03814
0.319 1.34 5.519 4.018 17.79 8.748 1.365 5.609 1.115 0.2309 0.2185 0.1797 0.2586 0.2194 0.1446 0.04375 0.0381 0.01893 0.01498 0.04034
0.4567 3.413 3.478 4.125 2.509 11.11 5.461 0.8522 3.502 0.6963 0.1442 0.1364 0.1122 0.1615 0.137 0.09028 0.02731 0.02379 0.01182 0.03454
0.2503 4.805 8.724 2.565 2.541 1.546 6.842 3.365 0.525 2.157 0.429 0.08883 0.08405 0.06911 0.09947 0.08439 0.05562 0.01683 0.01466 0.02856
0.4084 2.92 13.62 7.138 1.754 1.738 1.057 4.679 2.301 0.359 1.476 0.2934 0.06075 0.05748 0.04726 0.06803 0.05771 0.03804 0.01151 0.02955
0.2787 3.819 6.652 8.953 3.922 0.9638 0.9549 0.5808 2.571 1.264 0.1973 0.8107 0.1612 0.03338 0.03158 0.02597 0.03738 0.03171 0.0209 0.02256
0.1941 2.98 9.967 5.034 5.667 2.483 0.61 0.6045 0.3676 1.627 0.8003 0.1249 0.5132 0.102 0.02113 0.01999 0.01644 0.02366 0.02007 0.02751
0.5509 1.629 6.133 5.958 2.517 2.834 1.242 0.3051 0.3023 0.1838 0.8139 0.4002 0.06245 0.2566 0.05103 0.01057 0.009998 0.008221 0.01183 0.0238
0.1007 6.51 4.725 5.191 4.224 1.785 2.01 0.8803 0.2163 0.2143 0.1304 0.577 0.2838 0.04428 0.182 0.03618 0.007492 0.007089 0.005829 0.02526
0.5966 1.77 27.84 5.88 5.41 4.403 1.861 2.095 0.9175 0.2255 0.2234 0.1359 0.6015 0.2958 0.04615 0.1897 0.03771 0.007809 0.007389 0.03241
0.06992 4.434 3.215 14.61 2.579 2.373 1.931 0.816 0.9187 0.4024 0.09889 0.09798 0.05959 0.2638 0.1297 0.02024 0.08319 0.01654 0.003425 0.01745
0.08593 0.6462 10.07 2.129 8.1 1.43 1.315 1.071 0.4524 0.5093 0.2231 0.05482 0.05432 0.03304 0.1462 0.07192 0.01122 0.04612 0.009169 0.01157
0.6393 1.698 3.111 14.14 2.505 9.532 1.683 1.548 1.26 0.5324 0.5994 0.2625 0.06452 0.06393 0.03888 0.1721 0.08464 0.01321 0.05427 0.02441
0.1885 4.764 3.095 1.64 6.228 1.103 4.198 0.741 0.6819 0.5549 0.2345 0.264 0.1156 0.02841 0.02815 0.01712 0.0758 0.03728 0.005816 0.03466
0.2166 2.21 13.69 2.591 1.15 4.367 0.7737 2.944 0.5196 0.4781 0.3891 0.1644 0.1851 0.08108 0.01992 0.01974 0.01201 0.05315 0.02614 0.02838
0.4391 2.936 7.316 13.18 2.09 0.9272 3.522 0.6239 2.374 0.419 0.3856 0.3138 0.1326 0.1493 0.06539 0.01607 0.01592 0.009683 0.04286 0.04397
0.4789 4.921 8.026 5.797 8.738 1.385 0.6146 2.334 0.4136 1.573 0.2777 0.2556 0.208 0.08788 0.09894 0.04334 0.01065 0.01055 0.006418 0.05755
0.2347 4.695 11.79 5.578 3.37 5.08 0.8053 0.3573 1.357 0.2404 0.9148 0.1615 0.1486 0.1209 0.05109 0.05752 0.0252 0.006191 0.006135 0.03719
0.1104 2.088 10.25 7.493 2.967 1.792 2.702 0.4283 0.19 0.7217 0.1279 0.4865 0.08588 0.07902 0.06431 0.02717 0.03059 0.0134 0.003293 0.02304
0.3221 2.114 9.73 13.92 8.525 3.375 2.039 3.074 0.4872 0.2162 0.8211 0.1455 0.5535 0.0977 0.08989 0.07316 0.03091 0.0348 0.01524 0.02996
0.1932 2.716 4.349 5.78 6.911 4.232 1.675 1.012 1.526 0.2419 0.1073 0.4076 0.07221 0.2748 0.0485 0.04462 0.03632 0.01535 0.01728 0.02244
0.2457 2.014 6.93 3.225 3.588 4.289 2.626 1.04 0.6282 0.947 0.1501 0.0666 0.253 0.04482 0.1705 0.0301 0.0277 0.02254 0.009524 0.02465
0.2567 3.66 7.308 7.306 2.846 3.166 3.785 2.318 0.9176 0.5544 0.8357 0.1325 0.05878 0.2232 0.03955 0.1505 0.02656 0.02444 0.01989 0.03016
0.4794 2.909 10.08 5.813 4.858 1.892 2.105 2.517 1.541 0.6101 0.3686 0.5557 0.08808 0.03908 0.1484 0.0263 0.1001 0.01766 0.01625 0.03328
0.2961 5.492 8.094 8.096 3.902 3.261 1.27 1.413 1.69 1.035 0.4096 0.2475 0.3731 0.05913 0.02624 0.09965 0.01766 0.06718 0.01186 0.03325
0.1419 3.066 13.83 5.881 4.916 2.369 1.98 0.7713 0.858 1.026 0.6282 0.2487 0.1503 0.2265 0.0359 0.01593 0.0605 0.01072 0.04079 0.02739
0.3417 1.524 8.015 10.45 3.717 3.107 1.498 1.251 0.4875 0.5423 0.6484 0.397 0.1572 0.09497 0.1432 0.02269 0.01007 0.03824 0.006775 0.04309
0.3308 2.904 3.168 4.829 5.266 1.873 1.565 0.7544 0.6305 0.2456 0.2732 0.3267 0.2 0.07919 0.04785 0.07212 0.01143 0.005072 0.01927 0.02512
0.3126 3.787 8.144 2.588 3.303 3.602 1.281 1.071 0.516 0.4312 0.168 0.1869 0.2234 0.1368 0.05417 0.03273 0.04933 0.007819 0.003469 0.03036
0.5247 4.556 13.45 8.415 2.239 2.857 3.116 1.108 0.9262 0.4464 0.3731 0.1453 0.1617 0.1933 0.1184 0.04686 0.02831 0.04268 0.006765 0.02927
0.1073 5.747 12.15 10.38 5.429 1.444 1.844 2.01 0.7149 0.5976 0.288 0.2407 0.09377 0.1043 0.1247 0.07637 0.03023 0.01827 0.02754 0.02325
0.2918 1.113 14.54 8.898 6.357 3.324 0.8844 1.129 1.231 0.4377 0.3659 0.1764 0.1474 0.05742 0.06387 0.07636 0.04676 0.01851 0.01118 0.03109
0.2916 2.6 2.427 9.203 4.713 3.367 1.761 0.4684 0.5978 0.6519 0.2318 0.1938 0.0934 0.07806 0.03041 0.03383 0.04044 0.02476 0.009804 0.02239
0.3555 2.777 6.082 1.656 5.257 2.692 1.923 1.006 0.2676 0.3415 0.3724 0.1324 0.1107 0.05336 0.04459 0.01737 0.01932 0.0231 0.01415 0.01839
0.09344 6.415 12.23 7.814 1.783 5.66 2.898 2.071 1.083 0.288 0.3676 0.4009 0.1426 0.1192 0.05744 0.048 0.0187 0.0208 0.02487 0.03503
0.4297 1.193 19.88 10.95 5.852 1.335 4.239 2.171 1.551 0.8109 0.2157 0.2753 0.3003 0.1068 0.08926 0.04302 0.03595 0.01401 0.01558 0.04486
0.2581 4.939 3.322 15.94 7.338 3.921 0.8945 2.84 1.454 1.039 0.5433 0.1445 0.1845 0.2012 0.07154 0.0598 0.02882 0.02409 0.009383 0.0405
0.426 2.568 11.93 2.312 9.267 4.265 2.279 0.5199 1.651 0.8452 0.6039 0.3158 0.084 0.1072 0.1169 0.04158 0.03476 0.01675 0.014 0.02899
0.2322 3.296 4.86 6.532 1.058 4.239 1.951 1.042 0.2378 0.7551 0.3867 0.2763 0.1445 0.03843 0.04905 0.05349 0.01902 0.0159 0.007664 0.01967
0.1674 2.199 7.667 3.296 3.71 0.6007 2.408 1.108 0.5921 0.1351 0.4289 0.2196 0.1569 0.08205 0.02183 0.02786 0.03038 0.0108 0.009031 0.01552
0.4349 2.001 6.457 6.58 2.37 2.668 0.432 1.732 0.7969 0.4258 0.09715 0.3084 0.1579 0.1128 0.059 0.0157 0.02003 0.02185 0.007769 0.01766
0.1863 6.087 6.858 6.455 5.51 1.985 2.234 0.3617 1.45 0.6673 0.3565 0.08135 0.2583 0.1322 0.09448 0.04941 0.01314 0.01678 0.0183 0.02129
0.3045 2.568 20.43 6.682 5.263 4.493 1.619 1.822 0.295 1.182 0.5442 0.2907 0.06633 0.2106 0.1078 0.07705 0.04029 0.01072 0.01368 0.03228
0.3072 3.898 7.973 18.32 5.009 3.946 3.368 1.213 1.366 0.2211 0.8863 0.4079 0.2179 0.04973 0.1579 0.08084 0.05776 0.0302 0.008034 0.03445
0.174 2.207 6.841 4.035 7.743 2.117 1.668 1.424 0.5128 0.5772 0.09346 0.3746 0.1724 0.09212 0.02102 0.06673 0.03417 0.02441 0.01277 0.01796
0.05828 1.912 5.944 5.363 2.649 5.083 1.39 1.095 0.9345 0.3366 0.3789 0.06135 0.2459 0.1132 0.06047 0.0138 0.0438 0.02243 0.01603 0.02017
