Originally  
101 
A 
42	100	
1	1	NA	NA	
1	20	
1 0.07782 0.07782 0.3243 0.1946 0.1427 0.1427 0.07782 0.09079 0.06485 0.05188 0 0.01297 0.01297 0 0.02594 0 0 0 0 0
1 0.03961 0.3565 0.2377 0.2112 0.1056 0.07922 0.05281 0.03961 0.05281 0.02641 0.03961 0.02641 0 0 0.02641 0 0.0132 0.0132 0 0
1 0.06763 0.5636 0.5861 0.1353 0.2029 0.1803 0.1578 0.1803 0.02254 0.04509 0.04509 0.02254 0.02254 0 0 0 0 0 0 0.02254
1 0.04056 0.365 0.6287 0.5273 0.1014 0.142 0.06084 0.06084 0.02028 0.02028 0 0.02028 0.02028 0 0 0.02028 0 0 0 0
1 0 0.1057 0.4492 0.2906 0.1849 0.1057 0.07926 0.06605 0.01321 0.01321 0 0 0 0 0 0 0 0.01321 0 0
1 0.049 0.1715 0.2695 0.6614 0.49 0.245 0.09799 0.196 0.049 0.09799 0.049 0 0 0.0245 0.0245 0 0 0 0 0.0245
1 0.0541 0.06762 0.2299 0.2029 0.3111 0.1893 0.1623 0.04057 0.01352 0 0.01352 0.02705 0 0.02705 0 0.01352 0 0 0 0
1 0.1011 0.2743 0.2166 0.1155 0.1444 0.1299 0.1877 0.1588 0.04331 0.04331 0 0.01444 0 0 0.01444 0 0 0 0 0
1 0 1.046 0.4067 0.07747 0.03874 0.0581 0.0581 0.09684 0.1549 0 0 0 0 0 0 0 0 0 0 0
1 0.1482 0.1482 1.837 0.3259 0.02963 0.1185 0.08889 0.02963 0.08889 0.1185 0 0 0 0 0 0.02963 0 0 0 0
1 0.17 0.6233 0.3966 1.105 0.2266 0.05666 0.05666 0.02833 0.1133 0.02833 0 0 0.02833 0 0 0 0 0 0 0
1 0.03439 0.9284 1.1 0.3095 0.8253 0.1375 0 0.03439 0 0 0 0.06877 0 0 0 0 0 0 0 0
1 0.02901 0.174 1.247 0.5801 0.116 0.5801 0.05801 0.05801 0.02901 0.02901 0 0 0 0 0 0 0 0 0 0
1 0.01988 0.03977 0.1591 1.074 0.338 0.05965 0.1988 0.05965 0 0 0 0.01988 0 0.01988 0 0 0 0 0 0
1 0 0.05269 0.2108 0.1581 0.6499 0.2459 0.07025 0.281 0.03513 0 0 0.01756 0 0.03513 0 0 0 0 0 0
1 0.01225 0.147 0.1103 0.2083 0.08577 0.2696 0.1348 0.02451 0.1838 0.01225 0 0 0 0 0.03676 0 0 0 0 0
1 0.01819 0.4728 0.4547 0.09093 0.1819 0.07274 0.291 0.1091 0 0.09093 0 0.01819 0 0 0 0 0 0.01819 0 0
1 0 0.1959 0.4338 0.2939 0.09795 0.09795 0 0.1539 0.05597 0.01399 0.01399 0.02799 0 0.01399 0 0 0 0 0 0
1 0.04271 0.4912 0.3844 0.5339 0.2776 0.02135 0.04271 0.02135 0.1068 0.08542 0.02135 0.08542 0.02135 0 0 0 0 0 0 0
1 0.0394 0.1051 0.4202 0.2101 0.2364 0.1444 0.0394 0 0.01313 0.05253 0.05253 0 0 0 0 0 0 0 0 0
1 0.05446 0.2178 0.5991 0.4538 0.1452 0.1089 0.1271 0 0 0.03631 0.03631 0.01815 0 0.01815 0 0 0 0 0 0
1 0 0.6277 0.2825 0.2197 0.1255 0.07846 0.1098 0.01569 0 0.01569 0 0.03139 0.01569 0 0.04708 0 0 0 0 0
1 0.02095 0.1048 1.027 0.2514 0.2724 0.1676 0.06285 0.1048 0.0419 0 0.02095 0 0.02095 0 0 0 0 0 0 0
1 0 0.3815 0.2948 0.555 0.08671 0.08671 0.1214 0.03469 0.06937 0.03469 0 0 0 0.03469 0 0 0.01734 0.01734 0 0
1 0 0.04789 0.6226 0.04789 0.5907 0.03193 0.03193 0.1118 0.03193 0.03193 0.01596 0 0 0 0.01596 0 0 0.01596 0 0
1 0.08004 0.08004 0.04802 0.5923 0.06403 0.4162 0.1761 0.03202 0.06403 0.01601 0.03202 0 0 0 0 0 0 0 0 0
1 0.1428 0.9713 0.2571 0.1143 0.3999 0.02857 0.5428 0.1428 0.0857 0.1428 0 0 0 0 0 0 0 0.02857 0 0
1 0.05926 0.1975 0.7901 0.1383 0.09876 0.3358 0 0.2173 0.01975 0.05926 0 0 0.05926 0 0 0 0 0 0 0
1 0.01669 0.217 0.3838 0.4673 0.1669 0.1168 0.1335 0.03338 0.1168 0 0 0.01669 0 0 0 0 0 0 0 0
1 0.06241 0.416 0.3744 0.312 0.4368 0.0416 0.06241 0.1664 0.0208 0.104 0.0208 0.0416 0 0 0 0 0 0.0208 0 0
1 0.04014 0.3814 0.5018 0.3412 0.1806 0.3011 0.08028 0 0.04014 0 0.1004 0.02007 0 0.02007 0 0 0 0 0 0
1 0 0.2008 0.5623 0.4619 0.3414 0.1205 0.1807 0.04016 0.02008 0.04016 0 0 0.04016 0 0 0 0 0 0 0
1 0.01869 0.09344 0.3364 0.5046 0.4485 0.1869 0.1121 0.09344 0.01869 0 0.01869 0 0.01869 0 0 0.01869 0 0 0 0
1 0.01604 0.2085 0.2085 0.2566 0.3208 0.2727 0.1123 0.08019 0.09623 0 0 0.03208 0 0 0 0 0 0 0 0
1 0.01756 0.2282 0.474 0.1229 0.2984 0.2282 0.1053 0.03511 0.05267 0.1229 0 0.01756 0 0 0.03511 0.01756 0 0 0 0
1 0.04271 0.2776 0.4911 0.363 0.2562 0.2135 0.2349 0.06406 0.02135 0.02135 0.1068 0 0 0 0 0.04271 0 0 0 0
1 0.04047 0.263 0.4654 0.3844 0.2428 0.1012 0.1012 0.2428 0.0607 0.04047 0 0.08094 0 0 0 0 0 0 0 0
1 0.09778 0.277 0.3748 0.3748 0.1304 0.1304 0.06519 0.06519 0.06519 0 0.03259 0 0 0 0 0 0 0.0163 0 0
1 0.01394 0.2091 0.5577 0.1394 0.1534 0.1115 0.06971 0.01394 0.01394 0.02788 0.02788 0.02788 0.01394 0.01394 0 0 0 0 0 0
1 0.06165 0.111 0.2466 0.2959 0.1233 0.2096 0.02466 0.03699 0.04932 0.04932 0.01233 0.01233 0 0 0 0 0 0 0 0
1 0.03941 0.3941 0.2759 0.3744 0.3941 0.07882 0.09853 0.1182 0.09853 0.03941 0 0.01971 0.01971 0 0 0 0 0 0 0.01971
1 0 0.5813 0.45 0.1313 0.2063 0.1125 0.05625 0.15 0.0375 0.0375 0.01875 0.09375 0 0 0 0 0 0 0 0
1 0.09017 0.2963 0.5152 0.219 0.02576 0.03864 0.02576 0.01288 0.02576 0 0.01288 0.01288 0 0.01288 0 0 0 0 0 0
1 0.03939 0.3742 0.6499 0.3742 0.1379 0.1182 0.09847 0.05908 0.01969 0.03939 0.01969 0 0 0 0.03939 0 0 0 0 0
1 0.02786 0.1114 1.17 0.4178 0.39 0.39 0.02786 0.02786 0 0.08357 0 0.02786 0 0 0.02786 0.02786 0.05571 0 0 0
1 0.08662 0.3032 0.1299 0.7146 0.3898 0.2815 0.1083 0.04331 0.04331 0.02165 0 0 0 0 0 0.02165 0 0.02165 0 0
1 0.01967 0.354 0.6884 0.07867 0.413 0.05901 0.1377 0.03934 0.03934 0 0.07867 0 0.01967 0 0.01967 0 0 0.01967 0 0
1 0 0.4398 0.2932 0.3747 0.04887 0.2444 0.114 0.01629 0.04887 0 0.01629 0.03258 0 0 0 0 0 0 0 0
1 0.08959 0.06719 0.9855 0.4031 0.3136 0.04479 0.1344 0.0224 0.06719 0.06719 0.0224 0 0 0 0 0 0.0224 0 0 0
1 0.01812 0.3261 0.1087 0.8154 0.1812 0.0906 0.01812 0.1087 0.05436 0.03624 0.01812 0 0.01812 0 0 0 0 0 0 0.01812
1 0.03486 0.2266 0.4532 0.03486 0.5578 0.1394 0 0.06972 0.122 0.01743 0.03486 0 0.03486 0 0.01743 0 0 0 0 0
1 0.04158 0.2356 0.2218 0.2633 0.05544 0.2218 0.1386 0.04158 0.01386 0.0693 0.01386 0.04158 0 0 0 0.02772 0 0 0 0
1 0.05111 0.1533 0.3706 0.2044 0.2044 0.03833 0.1406 0.07667 0.02556 0 0.01278 0 0 0 0 0 0 0 0 0
1 0.09632 0.1926 0.3578 0.3303 0.08256 0.1238 0 0.08256 0.04128 0.01376 0.01376 0 0.01376 0.01376 0 0.01376 0 0 0 0
1 0.03937 0.5314 0.433 0.3346 0.2559 0.05905 0.1378 0 0.03937 0.07873 0.01968 0 0 0 0.01968 0 0 0 0 0.01968
1 0.0147 0.1176 0.6907 0.2057 0.1323 0.1176 0.07348 0.04409 0.0147 0.02939 0.02939 0 0 0 0 0 0 0 0 0
1 0.014 0.196 0.2659 0.4479 0.05599 0.112 0.06998 0.014 0.126 0 0.04199 0.02799 0.02799 0 0 0 0 0 0 0
1 0.01569 0.2196 0.3608 0.1255 0.2981 0.1883 0.09413 0.09413 0.04706 0.03138 0.01569 0 0.04706 0 0 0 0 0.01569 0 0.01569
1 0 0.2453 0.2759 0.3066 0.09198 0.3066 0.07665 0.03066 0.06132 0.06132 0.03066 0 0.03066 0.01533 0 0 0 0 0 0
