 landings-at-age - landings.n (units : NA )
1	2	
2	100	
1	20	
1 
0.02659 0.2984 0.8352 0.6934 0.4839 0.3377 0.2357 0.1644 0.1148 0.08008 0.05589 0.039 0.02722 0.01899 0.01325 0.009249 0.006454 0.004504 0.003143 0.007259
0.007312 0.05216 0.1462 0.1214 0.08475 0.05914 0.04127 0.0288 0.0201 0.01403 0.009787 0.00683 0.004766 0.003326 0.002321 0.00162 0.00113 0.0007888 0.0005504 0.001271
0.005211 0.0821 0.1464 0.1219 0.08515 0.05942 0.04147 0.02894 0.02019 0.01409 0.009834 0.006862 0.004789 0.003342 0.002332 0.001627 0.001136 0.0007925 0.000553 0.001277
0.005004 0.05851 0.2304 0.122 0.08549 0.0597 0.04166 0.02907 0.02029 0.01416 0.00988 0.006895 0.004811 0.003358 0.002343 0.001635 0.001141 0.0007963 0.0005557 0.001283
0.005581 0.05618 0.1642 0.1921 0.08557 0.05994 0.04186 0.02921 0.02038 0.01423 0.009927 0.006927 0.004834 0.003374 0.002354 0.001643 0.001146 8e-04 0.0005583 0.001289
0.007857 0.06266 0.1576 0.1369 0.1347 0.06 0.04203 0.02935 0.02048 0.01429 0.009974 0.00696 0.004857 0.00339 0.002365 0.001651 0.001152 0.0008038 0.0005609 0.001295
0.003798 0.08822 0.1758 0.1315 0.09599 0.09444 0.04207 0.02947 0.02058 0.01436 0.01002 0.006993 0.00488 0.003406 0.002377 0.001658 0.001157 0.0008076 0.0005636 0.001302
0.003953 0.04264 0.2475 0.1466 0.09217 0.0673 0.06621 0.0295 0.02066 0.01443 0.01007 0.007026 0.004903 0.003422 0.002388 0.001666 0.001163 0.0008114 0.0005663 0.001308
0.004905 0.04438 0.1197 0.2064 0.1028 0.06463 0.04719 0.04643 0.02068 0.01449 0.01012 0.00706 0.004926 0.003438 0.002399 0.001674 0.001168 0.0008153 0.0005689 0.001314
0.002437 0.05508 0.1245 0.09978 0.1447 0.07208 0.04531 0.03308 0.03255 0.0145 0.01016 0.007093 0.00495 0.003454 0.00241 0.001682 0.001174 0.0008191 0.0005716 0.00132
0.0061 0.02737 0.1546 0.1039 0.06996 0.1015 0.05054 0.03177 0.0232 0.02282 0.01017 0.007121 0.004973 0.003471 0.002422 0.00169 0.001179 0.000823 0.0005743 0.001326
0.003004 0.06849 0.07679 0.1289 0.07281 0.04905 0.07115 0.03544 0.02228 0.01626 0.016 0.007128 0.004993 0.003487 0.002433 0.001698 0.001185 0.0008269 0.0005771 0.001333
0.005558 0.03373 0.1922 0.06403 0.09036 0.05105 0.03439 0.04988 0.02485 0.01562 0.0114 0.01122 0.004998 0.003501 0.002445 0.001706 0.001191 0.0008308 0.0005798 0.001339
0.004435 0.06241 0.09465 0.1602 0.04489 0.06336 0.0358 0.02411 0.03498 0.01742 0.01095 0.007996 0.007867 0.003504 0.002455 0.001714 0.001196 0.0008348 0.0005825 0.001345
0.006055 0.0498 0.1751 0.07893 0.1124 0.03148 0.04442 0.0251 0.01691 0.02452 0.01221 0.007678 0.005606 0.005516 0.002457 0.001721 0.001202 0.0008387 0.0005853 0.001352
0.003628 0.06799 0.1397 0.146 0.05534 0.07878 0.02207 0.03115 0.0176 0.01185 0.01719 0.008564 0.005383 0.003931 0.003867 0.001723 0.001207 0.0008427 0.0005881 0.001358
0.003592 0.04074 0.1908 0.1165 0.1024 0.0388 0.05524 0.01547 0.02184 0.01234 0.008312 0.01206 0.006004 0.003775 0.002756 0.002711 0.001208 0.000846 0.0005908 0.001365
0.003805 0.04033 0.1143 0.1591 0.08169 0.07179 0.02721 0.03873 0.01085 0.01531 0.008651 0.005828 0.008453 0.00421 0.002646 0.001932 0.001901 0.0008469 0.0005932 0.001371
0.009062 0.04273 0.1132 0.09531 0.1115 0.05728 0.05034 0.01908 0.02715 0.007607 0.01074 0.006065 0.004086 0.005927 0.002952 0.001856 0.001355 0.001333 0.0005938 0.001377
0.004454 0.1018 0.1199 0.09436 0.06683 0.07821 0.04016 0.03529 0.01337 0.01904 0.005334 0.007527 0.004253 0.002865 0.004155 0.00207 0.001301 0.0009499 0.0009346 0.001382
0.002582 0.05001 0.2855 0.09998 0.06616 0.04686 0.05484 0.02816 0.02475 0.009377 0.01335 0.00374 0.005278 0.002982 0.002009 0.002914 0.001451 0.0009122 0.000666 0.001624
0.00375 0.02899 0.1403 0.2381 0.0701 0.04639 0.03285 0.03845 0.01974 0.01735 0.006575 0.00936 0.002622 0.0037 0.002091 0.001408 0.002043 0.001017 0.0006396 0.001606
0.006239 0.0421 0.08134 0.117 0.1669 0.04915 0.03252 0.02303 0.02696 0.01384 0.01216 0.00461 0.006562 0.001838 0.002595 0.001466 0.0009875 0.001432 0.0007134 0.001574
0.005944 0.07006 0.1181 0.06783 0.08204 0.117 0.03446 0.0228 0.01615 0.0189 0.009706 0.008529 0.003232 0.004601 0.001289 0.001819 0.001028 0.0006924 0.001004 0.001604
0.003106 0.06674 0.1966 0.09851 0.04756 0.05752 0.08206 0.02416 0.01599 0.01132 0.01325 0.006805 0.00598 0.002266 0.003226 0.0009038 0.001275 0.0007206 0.0004854 0.001829
0.003808 0.03487 0.1873 0.1639 0.06907 0.03334 0.04033 0.05754 0.01694 0.01121 0.00794 0.009292 0.004771 0.004193 0.001589 0.002262 0.0006337 0.0008943 0.0005053 0.001623
0.003224 0.04276 0.09785 0.1562 0.1149 0.04843 0.02338 0.02828 0.04034 0.01188 0.00786 0.005567 0.006515 0.003345 0.00294 0.001114 0.001586 0.0004443 0.000627 0.001492
0.004011 0.0362 0.12 0.08159 0.1095 0.08059 0.03396 0.01639 0.01983 0.02829 0.008328 0.005511 0.003903 0.004568 0.002346 0.002061 0.0007811 0.001112 0.0003115 0.001486
0.00404 0.04504 0.1016 0.1001 0.05721 0.07677 0.0565 0.02381 0.01149 0.0139 0.01983 0.005839 0.003864 0.002737 0.003203 0.001645 0.001445 0.0005477 0.0007796 0.00126
0.004819 0.04537 0.1264 0.08471 0.07015 0.04011 0.05383 0.03962 0.01669 0.008058 0.009747 0.01391 0.004094 0.002709 0.001919 0.002246 0.001153 0.001013 0.000384 0.00143
0.004079 0.05411 0.1273 0.1054 0.0594 0.04919 0.02812 0.03774 0.02778 0.0117 0.00565 0.006834 0.00975 0.002871 0.0019 0.001345 0.001574 0.0008085 0.0007105 0.001272
0.003436 0.0458 0.1518 0.1061 0.07389 0.04164 0.03449 0.01972 0.02646 0.01948 0.008206 0.003961 0.004792 0.006836 0.002013 0.001332 0.0009433 0.001104 0.0005669 0.00139
0.00494 0.03858 0.1285 0.1266 0.07443 0.05181 0.0292 0.02418 0.01383 0.01855 0.01365 0.005754 0.002778 0.00336 0.004793 0.001411 0.0009338 0.0006614 0.000774 0.001372
0.003023 0.05547 0.1083 0.1072 0.08877 0.05218 0.03633 0.02047 0.01695 0.009694 0.01301 0.009574 0.004034 0.001947 0.002356 0.003361 0.0009894 0.0006547 0.0004637 0.001505
0.006979 0.03395 0.1557 0.09028 0.07514 0.06224 0.03659 0.02547 0.01435 0.01189 0.006797 0.009121 0.006713 0.002829 0.001365 0.001652 0.002356 0.0006937 0.0004591 0.00138
0.005068 0.07837 0.09525 0.1298 0.0633 0.05268 0.04364 0.02565 0.01786 0.01006 0.008334 0.004766 0.006395 0.004707 0.001983 0.0009574 0.001158 0.001652 0.0004864 0.00129
0.005801 0.0569 0.2199 0.07943 0.09101 0.04438 0.03694 0.0306 0.01799 0.01252 0.007057 0.005844 0.003341 0.004484 0.0033 0.001391 0.0006713 0.000812 0.001158 0.001245
0.002988 0.06514 0.1597 0.1834 0.05569 0.06381 0.03112 0.0259 0.02145 0.01261 0.008779 0.004948 0.004097 0.002343 0.003144 0.002314 0.000975 0.0004706 0.0005693 0.001685
0.005028 0.03355 0.1828 0.1331 0.1286 0.03905 0.04474 0.02182 0.01816 0.01504 0.008842 0.006155 0.003469 0.002873 0.001643 0.002204 0.001622 0.0006836 0.00033 0.001581
0.3153 3.089 5.07 8.176 5.007 4.835 1.469 1.683 0.8205 0.683 0.5657 0.3326 0.2315 0.1305 0.108 0.06178 0.0829 0.06101 0.02571 0.07186
0.3847 4.523 10.79 5.141 6.938 4.249 4.103 1.246 1.428 0.6963 0.5796 0.48 0.2822 0.1964 0.1107 0.09168 0.05242 0.07035 0.05177 0.0828
0.2557 2.448 7.059 4.874 1.941 2.62 1.604 1.549 0.4706 0.5392 0.2629 0.2188 0.1813 0.1066 0.07418 0.04181 0.03462 0.0198 0.02656 0.05082
0.3438 4.213 9.868 8.309 4.807 1.915 2.584 1.583 1.528 0.4642 0.5318 0.2593 0.2159 0.1788 0.1051 0.07317 0.04124 0.03415 0.01953 0.07633
0.1215 3.522 10.55 7.173 5.053 2.923 1.164 1.571 0.9625 0.9294 0.2823 0.3234 0.1577 0.1313 0.1087 0.06392 0.0445 0.02508 0.02077 0.05829
0.1812 1.821 12.85 11.17 6.357 4.478 2.591 1.032 1.393 0.853 0.8237 0.2502 0.2866 0.1398 0.1163 0.09637 0.05665 0.03944 0.02223 0.07007
0.5379 1.717 4.202 8.558 6.22 3.539 2.493 1.443 0.5746 0.7754 0.4749 0.4586 0.1393 0.1596 0.07783 0.06478 0.05365 0.03154 0.02196 0.05139
0.1515 5.136 4.007 2.845 4.846 3.522 2.004 1.412 0.8168 0.3253 0.4391 0.2689 0.2597 0.07887 0.09037 0.04407 0.03668 0.03038 0.01786 0.04153
0.2765 2.112 17.46 3.959 2.353 4.008 2.913 1.658 1.168 0.6755 0.2691 0.3631 0.2224 0.2148 0.06523 0.07474 0.03645 0.03033 0.02513 0.04912
0.2818 3.196 5.939 14.2 2.692 1.6 2.725 1.98 1.127 0.7939 0.4593 0.1829 0.2469 0.1512 0.146 0.04435 0.05081 0.02478 0.02063 0.05048
0.1894 2.901 8.011 4.304 8.603 1.631 0.9692 1.651 1.2 0.6828 0.481 0.2783 0.1108 0.1496 0.09161 0.08847 0.02687 0.03079 0.01501 0.04308
0.1973 2.324 8.657 6.921 3.11 6.216 1.178 0.7002 1.193 0.867 0.4933 0.3475 0.2011 0.08009 0.1081 0.0662 0.06392 0.01941 0.02224 0.04197
0.3722 2.408 6.88 7.399 4.945 2.222 4.441 0.8418 0.5003 0.8522 0.6194 0.3525 0.2483 0.1437 0.05722 0.07722 0.04729 0.04567 0.01387 0.04588
0.3662 3.713 5.838 4.808 4.319 2.887 1.297 2.592 0.4914 0.292 0.4975 0.3616 0.2057 0.1449 0.08386 0.0334 0.04508 0.02761 0.02666 0.03488
0.225 4.244 10.46 4.75 3.271 2.938 1.964 0.8823 1.764 0.3343 0.1987 0.3384 0.246 0.14 0.0986 0.05705 0.02272 0.03066 0.01878 0.04186
0.5632 2.724 12.46 8.859 3.364 2.316 2.081 1.39 0.6248 1.249 0.2367 0.1407 0.2396 0.1742 0.09911 0.06981 0.04039 0.01609 0.02171 0.04294
0.2836 6.025 7.069 9.312 5.531 2.1 1.446 1.299 0.8681 0.3901 0.7796 0.1478 0.08783 0.1496 0.1087 0.06188 0.04359 0.02522 0.01004 0.04036
0.313 2.984 15.4 5.212 5.737 3.408 1.294 0.8907 0.8002 0.5348 0.2403 0.4803 0.09105 0.05411 0.09217 0.06699 0.03812 0.02685 0.01554 0.03106
0.3058 3.653 8.456 12.6 3.565 3.923 2.33 0.8848 0.6092 0.5473 0.3657 0.1643 0.3285 0.06227 0.037 0.06303 0.04581 0.02607 0.01836 0.03186
0.323 2.86 8.32 5.56 6.924 1.959 2.156 1.281 0.4862 0.3347 0.3007 0.201 0.0903 0.1805 0.03421 0.02033 0.03464 0.02517 0.01432 0.0276
0.2771 3.455 7.464 6.296 3.52 4.383 1.24 1.365 0.8105 0.3077 0.2119 0.1903 0.1272 0.05716 0.1142 0.02166 0.01287 0.02192 0.01593 0.02654
0.1364 2.325 7.109 4.462 3.148 1.76 2.192 0.62 0.6824 0.4054 0.1539 0.106 0.09519 0.06362 0.02859 0.05714 0.01083 0.006436 0.01096 0.02124
0.2157 1.612 6.743 6.017 3.164 2.232 1.248 1.554 0.4396 0.4839 0.2874 0.1091 0.07513 0.06749 0.04511 0.02027 0.04051 0.007679 0.004563 0.02283
0.3417 3.791 6.893 8.391 6.271 3.297 2.327 1.301 1.62 0.4582 0.5043 0.2996 0.1137 0.07831 0.07035 0.04702 0.02113 0.04223 0.008004 0.02856
0.158 2.539 6.887 3.618 3.68 2.751 1.446 1.021 0.5705 0.7104 0.201 0.2212 0.1314 0.04988 0.03434 0.03085 0.02062 0.009265 0.01852 0.01603
0.1599 1.46 5.766 4.559 2.006 2.04 1.525 0.8017 0.5657 0.3163 0.3938 0.1114 0.1226 0.07284 0.02765 0.01904 0.01711 0.01143 0.005136 0.01916
0.4704 3.16 7.032 8.099 5.366 2.361 2.401 1.795 0.9435 0.6658 0.3722 0.4635 0.1311 0.1443 0.08572 0.03255 0.02241 0.02013 0.01345 0.02859
0.1634 3.506 5.76 3.706 3.567 2.363 1.04 1.058 0.7904 0.4156 0.2932 0.1639 0.2041 0.05775 0.06356 0.03775 0.01433 0.009869 0.008866 0.01852
0.2268 1.916 10.07 4.823 2.599 2.501 1.657 0.729 0.7415 0.5542 0.2914 0.2056 0.115 0.1431 0.04049 0.04457 0.02647 0.01005 0.00692 0.0192
0.3788 3.075 6.341 9.701 3.889 2.096 2.017 1.336 0.5879 0.598 0.4469 0.235 0.1658 0.0927 0.1154 0.03265 0.03594 0.02135 0.008105 0.02106
0.3892 4.246 8.404 5.025 6.43 2.578 1.389 1.337 0.8857 0.3897 0.3964 0.2962 0.1557 0.1099 0.06144 0.07651 0.02164 0.02382 0.01415 0.01933
0.3882 3.816 10.17 5.841 2.921 3.738 1.499 0.8075 0.7772 0.5149 0.2265 0.2304 0.1722 0.09055 0.0639 0.03572 0.04448 0.01258 0.01385 0.01947
0.1602 3.454 8.332 6.465 3.107 1.554 1.988 0.7971 0.4295 0.4134 0.2739 0.1205 0.1226 0.09159 0.04816 0.03398 0.019 0.02366 0.006692 0.01772
0.634 3.066 16.09 11.31 7.355 3.534 1.767 2.262 0.9068 0.4886 0.4703 0.3116 0.1371 0.1394 0.1042 0.05479 0.03866 0.02161 0.02691 0.02777
0.4416 5.347 6.308 9.561 5.616 3.651 1.754 0.8774 1.123 0.4501 0.2425 0.2334 0.1547 0.06804 0.06921 0.05173 0.0272 0.01919 0.01073 0.02715
0.2699 4.605 13.64 4.678 5.934 3.486 2.266 1.089 0.5445 0.6969 0.2794 0.1505 0.1449 0.09599 0.04223 0.04296 0.0321 0.01688 0.01191 0.02351
0.3475 4.02 16.71 14.38 4.128 5.237 3.076 2 0.9609 0.4806 0.615 0.2465 0.1328 0.1279 0.08471 0.03727 0.03791 0.02833 0.0149 0.03126
0.3364 3.938 11.07 13.29 9.563 2.745 3.482 2.045 1.33 0.6389 0.3195 0.4089 0.1639 0.08833 0.08501 0.05633 0.02478 0.02521 0.01884 0.03069
0.239 3.854 10.96 8.892 8.921 6.42 1.843 2.338 1.373 0.8927 0.4289 0.2145 0.2745 0.1101 0.0593 0.05707 0.03781 0.01664 0.01692 0.03325
0.2764 2.475 9.703 7.961 5.399 5.416 3.898 1.119 1.419 0.8337 0.542 0.2604 0.1302 0.1667 0.06682 0.036 0.03465 0.02296 0.0101 0.03046
0.2173 2.968 6.47 7.336 5.032 3.413 3.423 2.464 0.7072 0.8971 0.527 0.3426 0.1646 0.08232 0.1053 0.04223 0.02276 0.0219 0.01451 0.02564
0.1795 1.847 6.17 3.898 3.696 2.535 1.719 1.725 1.241 0.3563 0.4519 0.2655 0.1726 0.08293 0.04147 0.05307 0.02128 0.01146 0.01103 0.02023
0.2152 2.056 5.179 5.04 2.666 2.528 1.734 1.176 1.18 0.849 0.2437 0.3091 0.1816 0.118 0.05672 0.02837 0.0363 0.01455 0.007841 0.02138
0.3262 3.136 7.304 5.351 4.36 2.306 2.187 1.5 1.017 1.021 0.7345 0.2108 0.2674 0.1571 0.1021 0.04907 0.02454 0.0314 0.01259 0.02528
0.2973 3.574 8.364 5.636 3.453 2.813 1.488 1.411 0.9678 0.6564 0.6585 0.4739 0.136 0.1725 0.1014 0.06589 0.03166 0.01583 0.02026 0.02443
0.2254 3.084 9.038 6.124 3.451 2.114 1.723 0.9112 0.8639 0.5926 0.4019 0.4032 0.2902 0.08328 0.1056 0.06206 0.04034 0.01939 0.009694 0.02737
0.1112 2.008 6.727 5.722 3.243 1.828 1.12 0.9123 0.4826 0.4575 0.3138 0.2128 0.2135 0.1537 0.04411 0.05595 0.03287 0.02137 0.01027 0.01963
0.2094 1.059 4.697 4.589 3.269 1.853 1.044 0.6396 0.5212 0.2757 0.2614 0.1793 0.1216 0.122 0.08779 0.0252 0.03196 0.01878 0.01221 0.01708
0.2819 3.778 4.663 6.034 4.94 3.519 1.995 1.124 0.6885 0.5611 0.2968 0.2814 0.193 0.1309 0.1313 0.0945 0.02712 0.03441 0.02021 0.03152
0.3795 3.6 11.71 4.177 4.519 3.7 2.635 1.494 0.8418 0.5157 0.4202 0.2223 0.2107 0.1445 0.09803 0.09835 0.07078 0.02032 0.02577 0.03875
0.5187 4.361 10.02 9.389 2.799 3.028 2.479 1.766 1.001 0.564 0.3455 0.2815 0.1489 0.1412 0.09684 0.06568 0.06589 0.04742 0.01361 0.04323
0.3714 5.162 10.54 6.975 5.457 1.627 1.76 1.441 1.026 0.5817 0.3278 0.2008 0.1636 0.08655 0.08206 0.05629 0.03817 0.0383 0.02756 0.03303
0.2118 2.873 9.768 5.768 3.191 2.496 0.7442 0.8051 0.6591 0.4695 0.2661 0.15 0.09186 0.07486 0.0396 0.03754 0.02575 0.01746 0.01752 0.02772
0.1233 2.006 6.684 6.625 3.276 1.812 1.418 0.4227 0.4573 0.3743 0.2667 0.1512 0.08517 0.05218 0.04252 0.02249 0.02132 0.01463 0.009919 0.0257
0.1179 1.474 5.89 5.736 4.764 2.356 1.303 1.02 0.3039 0.3288 0.2692 0.1918 0.1087 0.06125 0.03752 0.03058 0.01617 0.01533 0.01052 0.02561
0.1872 1.65 5.049 5.888 4.803 3.989 1.973 1.091 0.8538 0.2545 0.2754 0.2254 0.1606 0.09102 0.05129 0.03142 0.0256 0.01354 0.01284 0.03025
0.3523 2.579 5.539 4.92 4.801 3.917 3.253 1.609 0.89 0.6963 0.2075 0.2245 0.1838 0.1309 0.07422 0.04182 0.02562 0.02088 0.01104 0.03514
0.4532 4.51 8.008 4.966 3.688 3.599 2.936 2.439 1.206 0.6671 0.5219 0.1556 0.1683 0.1378 0.09815 0.05564 0.03135 0.01921 0.01565 0.03462
0.2905 3.256 7.914 4.053 2.099 1.559 1.521 1.241 1.031 0.5097 0.282 0.2206 0.06576 0.07114 0.05824 0.04149 0.02352 0.01325 0.008118 0.02125
0.217 3.193 8.766 6.205 2.66 1.378 1.023 0.9986 0.8146 0.6766 0.3346 0.1851 0.1448 0.04317 0.0467 0.03823 0.02723 0.01544 0.008699 0.01928
