 maturity-at-age ogive - mat (units :  )
1	6	
42	100	
1	20	
1 
0.0001458 0.002762 0.05 0.5 0.95 0.9972 0.9999 1 1 1 1 1 1 1 1 1 1 1 1 1
0.0001458 0.002762 0.05 0.5 0.95 0.9972 0.9999 1 1 1 1 1 1 1 1 1 1 1 1 1
0.0001458 0.002762 0.05 0.5 0.95 0.9972 0.9999 1 1 1 1 1 1 1 1 1 1 1 1 1
0.0001458 0.002762 0.05 0.5 0.95 0.9972 0.9999 1 1 1 1 1 1 1 1 1 1 1 1 1
0.0001458 0.002762 0.05 0.5 0.95 0.9972 0.9999 1 1 1 1 1 1 1 1 1 1 1 1 1
0.0001458 0.002762 0.05 0.5 0.95 0.9972 0.9999 1 1 1 1 1 1 1 1 1 1 1 1 1
0.0001458 0.002762 0.05 0.5 0.95 0.9972 0.9999 1 1 1 1 1 1 1 1 1 1 1 1 1
0.0001458 0.002762 0.05 0.5 0.95 0.9972 0.9999 1 1 1 1 1 1 1 1 1 1 1 1 1
0.0001458 0.002762 0.05 0.5 0.95 0.9972 0.9999 1 1 1 1 1 1 1 1 1 1 1 1 1
0.0001458 0.002762 0.05 0.5 0.95 0.9972 0.9999 1 1 1 1 1 1 1 1 1 1 1 1 1
0.0001458 0.002762 0.05 0.5 0.95 0.9972 0.9999 1 1 1 1 1 1 1 1 1 1 1 1 1
0.0001458 0.002762 0.05 0.5 0.95 0.9972 0.9999 1 1 1 1 1 1 1 1 1 1 1 1 1
0.0001458 0.002762 0.05 0.5 0.95 0.9972 0.9999 1 1 1 1 1 1 1 1 1 1 1 1 1
0.0001458 0.002762 0.05 0.5 0.95 0.9972 0.9999 1 1 1 1 1 1 1 1 1 1 1 1 1
0.0001458 0.002762 0.05 0.5 0.95 0.9972 0.9999 1 1 1 1 1 1 1 1 1 1 1 1 1
0.0001458 0.002762 0.05 0.5 0.95 0.9972 0.9999 1 1 1 1 1 1 1 1 1 1 1 1 1
0.0001458 0.002762 0.05 0.5 0.95 0.9972 0.9999 1 1 1 1 1 1 1 1 1 1 1 1 1
0.0001458 0.002762 0.05 0.5 0.95 0.9972 0.9999 1 1 1 1 1 1 1 1 1 1 1 1 1
0.0001458 0.002762 0.05 0.5 0.95 0.9972 0.9999 1 1 1 1 1 1 1 1 1 1 1 1 1
0.0001458 0.002762 0.05 0.5 0.95 0.9972 0.9999 1 1 1 1 1 1 1 1 1 1 1 1 1
0.0001458 0.002762 0.05 0.5 0.95 0.9972 0.9999 1 1 1 1 1 1 1 1 1 1 1 1 1
0.0001458 0.002762 0.05 0.5 0.95 0.9972 0.9999 1 1 1 1 1 1 1 1 1 1 1 1 1
0.0001458 0.002762 0.05 0.5 0.95 0.9972 0.9999 1 1 1 1 1 1 1 1 1 1 1 1 1
0.0001458 0.002762 0.05 0.5 0.95 0.9972 0.9999 1 1 1 1 1 1 1 1 1 1 1 1 1
0.0001458 0.002762 0.05 0.5 0.95 0.9972 0.9999 1 1 1 1 1 1 1 1 1 1 1 1 1
0.0001458 0.002762 0.05 0.5 0.95 0.9972 0.9999 1 1 1 1 1 1 1 1 1 1 1 1 1
0.0001458 0.002762 0.05 0.5 0.95 0.9972 0.9999 1 1 1 1 1 1 1 1 1 1 1 1 1
0.0001458 0.002762 0.05 0.5 0.95 0.9972 0.9999 1 1 1 1 1 1 1 1 1 1 1 1 1
0.0001458 0.002762 0.05 0.5 0.95 0.9972 0.9999 1 1 1 1 1 1 1 1 1 1 1 1 1
0.0001458 0.002762 0.05 0.5 0.95 0.9972 0.9999 1 1 1 1 1 1 1 1 1 1 1 1 1
0.0001458 0.002762 0.05 0.5 0.95 0.9972 0.9999 1 1 1 1 1 1 1 1 1 1 1 1 1
0.0001458 0.002762 0.05 0.5 0.95 0.9972 0.9999 1 1 1 1 1 1 1 1 1 1 1 1 1
0.0001458 0.002762 0.05 0.5 0.95 0.9972 0.9999 1 1 1 1 1 1 1 1 1 1 1 1 1
0.0001458 0.002762 0.05 0.5 0.95 0.9972 0.9999 1 1 1 1 1 1 1 1 1 1 1 1 1
0.0001458 0.002762 0.05 0.5 0.95 0.9972 0.9999 1 1 1 1 1 1 1 1 1 1 1 1 1
0.0001458 0.002762 0.05 0.5 0.95 0.9972 0.9999 1 1 1 1 1 1 1 1 1 1 1 1 1
0.0001458 0.002762 0.05 0.5 0.95 0.9972 0.9999 1 1 1 1 1 1 1 1 1 1 1 1 1
0.0001458 0.002762 0.05 0.5 0.95 0.9972 0.9999 1 1 1 1 1 1 1 1 1 1 1 1 1
0.0001458 0.002762 0.05 0.5 0.95 0.9972 0.9999 1 1 1 1 1 1 1 1 1 1 1 1 1
0.0001458 0.002762 0.05 0.5 0.95 0.9972 0.9999 1 1 1 1 1 1 1 1 1 1 1 1 1
0.0001458 0.002762 0.05 0.5 0.95 0.9972 0.9999 1 1 1 1 1 1 1 1 1 1 1 1 1
0.0001458 0.002762 0.05 0.5 0.95 0.9972 0.9999 1 1 1 1 1 1 1 1 1 1 1 1 1
0.0001458 0.002762 0.05 0.5 0.95 0.9972 0.9999 1 1 1 1 1 1 1 1 1 1 1 1 1
0.0001458 0.002762 0.05 0.5 0.95 0.9972 0.9999 1 1 1 1 1 1 1 1 1 1 1 1 1
0.0001458 0.002762 0.05 0.5 0.95 0.9972 0.9999 1 1 1 1 1 1 1 1 1 1 1 1 1
0.0001458 0.002762 0.05 0.5 0.95 0.9972 0.9999 1 1 1 1 1 1 1 1 1 1 1 1 1
0.0001458 0.002762 0.05 0.5 0.95 0.9972 0.9999 1 1 1 1 1 1 1 1 1 1 1 1 1
0.0001458 0.002762 0.05 0.5 0.95 0.9972 0.9999 1 1 1 1 1 1 1 1 1 1 1 1 1
0.0001458 0.002762 0.05 0.5 0.95 0.9972 0.9999 1 1 1 1 1 1 1 1 1 1 1 1 1
0.0001458 0.002762 0.05 0.5 0.95 0.9972 0.9999 1 1 1 1 1 1 1 1 1 1 1 1 1
0.0001458 0.002762 0.05 0.5 0.95 0.9972 0.9999 1 1 1 1 1 1 1 1 1 1 1 1 1
0.0001458 0.002762 0.05 0.5 0.95 0.9972 0.9999 1 1 1 1 1 1 1 1 1 1 1 1 1
0.0001458 0.002762 0.05 0.5 0.95 0.9972 0.9999 1 1 1 1 1 1 1 1 1 1 1 1 1
0.0001458 0.002762 0.05 0.5 0.95 0.9972 0.9999 1 1 1 1 1 1 1 1 1 1 1 1 1
0.0001458 0.002762 0.05 0.5 0.95 0.9972 0.9999 1 1 1 1 1 1 1 1 1 1 1 1 1
0.0001458 0.002762 0.05 0.5 0.95 0.9972 0.9999 1 1 1 1 1 1 1 1 1 1 1 1 1
0.0001458 0.002762 0.05 0.5 0.95 0.9972 0.9999 1 1 1 1 1 1 1 1 1 1 1 1 1
0.0001458 0.002762 0.05 0.5 0.95 0.9972 0.9999 1 1 1 1 1 1 1 1 1 1 1 1 1
0.0001458 0.002762 0.05 0.5 0.95 0.9972 0.9999 1 1 1 1 1 1 1 1 1 1 1 1 1
