 landings-at-age - landings.n (units : NA )
1	2	
42	100	
1	20	
1 
0.2493 4.596 11.64 6.281 5.783 3.191 2.08 1.746 1.036 1.252 0.8801 0.3644 0.3657 0.1957 0.1158 0.1001 0.05685 0.0786 0.02737 0.08104
0.1197 1.587 7.174 5.261 2.372 2.184 1.205 0.7854 0.6592 0.3913 0.4726 0.3324 0.1376 0.1381 0.07389 0.04374 0.03781 0.02147 0.02968 0.04094
0.3433 1.972 6.395 8.444 5.189 2.34 2.154 1.188 0.7747 0.6502 0.386 0.4662 0.3278 0.1357 0.1362 0.07289 0.04314 0.03729 0.02117 0.06966
0.2732 3.516 4.938 4.649 5.135 3.156 1.423 1.31 0.7227 0.4711 0.3954 0.2347 0.2835 0.1994 0.08253 0.08283 0.04433 0.02624 0.02268 0.05524
0.1295 4.097 12.82 5.229 4.12 4.551 2.797 1.261 1.161 0.6405 0.4175 0.3504 0.208 0.2513 0.1767 0.07315 0.07341 0.03928 0.02325 0.06906
0.3525 1.227 9.454 8.545 2.911 2.294 2.534 1.557 0.7021 0.6464 0.3566 0.2325 0.1951 0.1158 0.1399 0.09837 0.04073 0.04087 0.02187 0.0514
0.4861 3.366 2.864 6.4 4.838 1.648 1.299 1.435 0.8817 0.3975 0.366 0.2019 0.1316 0.1105 0.06558 0.07921 0.0557 0.02306 0.02314 0.04149
0.2431 6.78 11.44 2.83 5.293 4.001 1.363 1.074 1.187 0.7292 0.3288 0.3027 0.167 0.1089 0.09137 0.05424 0.06551 0.04607 0.01907 0.05345
0.2431 2.81 19.06 9.305 1.924 3.599 2.721 0.927 0.7303 0.8068 0.4958 0.2235 0.2058 0.1136 0.07402 0.06212 0.03688 0.04454 0.03132 0.04931
0.2467 2.502 7.044 13.82 5.637 1.166 2.18 1.648 0.5616 0.4425 0.4888 0.3004 0.1354 0.1247 0.0688 0.04484 0.03764 0.02234 0.02699 0.04885
0.364 3.027 7.468 6.086 9.983 4.073 0.8422 1.575 1.191 0.4058 0.3197 0.3532 0.217 0.09786 0.0901 0.04971 0.0324 0.0272 0.01614 0.0548
0.237 4.441 8.96 6.383 4.348 7.132 2.91 0.6017 1.125 0.8509 0.2899 0.2284 0.2523 0.1551 0.06991 0.06437 0.03551 0.02315 0.01943 0.05068
0.3255 2.365 10.77 6.261 3.726 2.538 4.163 1.699 0.3512 0.657 0.4967 0.1692 0.1333 0.1473 0.09052 0.04081 0.03758 0.02073 0.01351 0.04093
0.4361 3.772 6.659 8.761 4.259 2.535 1.727 2.832 1.156 0.2389 0.4469 0.3379 0.1151 0.09071 0.1002 0.06158 0.02776 0.02556 0.0141 0.03704
0.3972 5.279 11.07 5.641 6.204 3.016 1.795 1.223 2.005 0.8183 0.1692 0.3165 0.2393 0.08152 0.06423 0.07095 0.0436 0.01966 0.0181 0.03621
0.2825 4.249 13.7 8.276 3.522 3.873 1.883 1.121 0.7633 1.252 0.5109 0.1056 0.1976 0.1494 0.05089 0.0401 0.0443 0.02722 0.01227 0.03391
0.3176 2.973 10.86 10.1 5.098 2.17 2.386 1.16 0.6903 0.4702 0.7713 0.3147 0.06508 0.1217 0.09202 0.03135 0.0247 0.02729 0.01677 0.02845
0.2845 3.706 8.423 8.887 6.907 3.487 1.484 1.632 0.7933 0.4721 0.3216 0.5275 0.2152 0.04451 0.08325 0.06294 0.02144 0.01689 0.01866 0.03093
0.2601 2.66 8.442 5.538 4.883 3.795 1.916 0.8154 0.8967 0.4359 0.2594 0.1767 0.2899 0.1183 0.02445 0.04574 0.03458 0.01178 0.009283 0.02725
0.4306 2.782 6.944 6.388 3.506 3.091 2.402 1.213 0.5161 0.5676 0.2759 0.1642 0.1118 0.1835 0.07486 0.01548 0.02895 0.02189 0.007458 0.02312
0.2034 3.614 5.725 4.151 3.195 1.753 1.546 1.201 0.6065 0.2581 0.2838 0.138 0.08212 0.05594 0.09175 0.03744 0.007741 0.01448 0.01095 0.01529
0.3957 2.404 10.48 4.845 2.943 2.265 1.243 1.096 0.8519 0.43 0.183 0.2013 0.09783 0.05823 0.03966 0.06506 0.02655 0.005489 0.01027 0.01861
0.3281 6.952 10.28 13.04 5.051 3.068 2.361 1.296 1.142 0.8879 0.4482 0.1908 0.2098 0.102 0.06069 0.04134 0.06781 0.02767 0.005721 0.03009
0.2498 2.438 12.63 5.395 5.72 2.215 1.345 1.035 0.5683 0.5011 0.3894 0.1966 0.08366 0.092 0.04472 0.02662 0.01813 0.02974 0.01214 0.01571
0.238 2.309 5.537 8.362 2.991 3.171 1.228 0.7458 0.574 0.315 0.2778 0.2159 0.109 0.04638 0.051 0.02479 0.01476 0.01005 0.01649 0.01544
0.2332 4.702 11.12 7.776 9.841 3.52 3.732 1.445 0.8777 0.6756 0.3708 0.3269 0.2541 0.1283 0.05458 0.06002 0.02918 0.01737 0.01183 0.03757
0.2021 1.738 8.571 5.859 3.425 4.334 1.55 1.644 0.6365 0.3866 0.2975 0.1633 0.144 0.1119 0.05649 0.02404 0.02644 0.01285 0.007648 0.02176
0.2531 2.369 4.994 7.177 4.108 2.401 3.039 1.087 1.153 0.4463 0.2711 0.2086 0.1145 0.101 0.07846 0.03961 0.01686 0.01854 0.009011 0.02062
0.3024 3.432 7.843 4.81 5.788 3.313 1.937 2.451 0.8766 0.9295 0.3599 0.2186 0.1683 0.09234 0.08141 0.06328 0.03194 0.01359 0.01495 0.02389
0.3695 3.389 9.38 6.215 3.188 3.836 2.196 1.284 1.625 0.581 0.6161 0.2386 0.1449 0.1115 0.0612 0.05396 0.04194 0.02117 0.00901 0.02575
0.2432 3.622 8.122 6.52 3.613 1.853 2.23 1.277 0.7463 0.9444 0.3378 0.3582 0.1387 0.08423 0.06483 0.03558 0.03137 0.02438 0.01231 0.02021
0.1495 2.164 7.91 5.161 3.468 1.922 0.9858 1.186 0.679 0.3969 0.5023 0.1796 0.1905 0.07376 0.0448 0.03448 0.01892 0.01669 0.01297 0.01729
0.2382 2.861 10.08 10.74 5.871 3.945 2.186 1.121 1.349 0.7724 0.4515 0.5714 0.2044 0.2167 0.08392 0.05097 0.03923 0.02153 0.01898 0.03443
0.3034 2.009 5.886 5.99 5.332 2.915 1.958 1.085 0.5567 0.6699 0.3835 0.2241 0.2837 0.1015 0.1076 0.04166 0.0253 0.01947 0.01069 0.02651
0.2868 3.164 5.126 4.365 3.717 3.309 1.809 1.215 0.6735 0.3455 0.4157 0.238 0.1391 0.1761 0.06297 0.06677 0.02585 0.0157 0.01209 0.02309
0.355 4.272 11.48 5.404 3.852 3.281 2.92 1.596 1.073 0.5944 0.3049 0.3669 0.21 0.1228 0.1554 0.05557 0.05892 0.02282 0.01386 0.03104
0.3355 4.023 11.77 9.129 3.593 2.561 2.181 1.942 1.061 0.7131 0.3952 0.2027 0.2439 0.1396 0.08163 0.1033 0.03695 0.03918 0.01517 0.02985
0.4701 3.844 11.19 9.45 6.128 2.412 1.719 1.464 1.304 0.7126 0.4788 0.2653 0.1361 0.1638 0.09375 0.0548 0.06935 0.0248 0.0263 0.03023
0.412 4.867 9.676 8.133 5.738 3.721 1.465 1.044 0.8891 0.7915 0.4326 0.2907 0.1611 0.08264 0.09943 0.05692 0.03327 0.04211 0.01506 0.03432
0.3306 4.424 12.73 7.315 5.14 3.627 2.352 0.9257 0.6598 0.562 0.5003 0.2735 0.1837 0.1018 0.05223 0.06285 0.03598 0.02103 0.02661 0.03121
0.2549 2.809 9.199 7.666 3.685 2.59 1.827 1.185 0.4664 0.3324 0.2831 0.252 0.1378 0.09256 0.05129 0.02631 0.03166 0.01812 0.01059 0.02913
0.2305 2.918 7.879 7.514 5.244 2.521 1.771 1.25 0.8104 0.319 0.2274 0.1936 0.1724 0.09423 0.06331 0.03508 0.018 0.02166 0.0124 0.02717
0.3081 3.359 10.37 8.141 6.501 4.536 2.181 1.532 1.081 0.7011 0.276 0.1967 0.1675 0.1491 0.08152 0.05477 0.03035 0.01557 0.01874 0.03423
0.2471 3.375 8.961 8 5.253 4.194 2.927 1.407 0.9887 0.6975 0.4523 0.1781 0.1269 0.1081 0.09622 0.0526 0.03534 0.01958 0.01005 0.03418
0.2268 2.562 8.537 6.561 4.899 3.216 2.568 1.792 0.8615 0.6054 0.4271 0.277 0.109 0.07771 0.06618 0.05891 0.0322 0.02164 0.01199 0.02708
0.2401 2.02 5.59 5.405 3.475 2.594 1.703 1.36 0.9491 0.4563 0.3206 0.2262 0.1467 0.05774 0.04116 0.03505 0.0312 0.01706 0.01146 0.02069
0.14 2.286 4.726 3.813 3.087 1.985 1.482 0.9731 0.777 0.5422 0.2606 0.1832 0.1292 0.08379 0.03298 0.02351 0.02002 0.01782 0.009743 0.01837
0.3504 2.526 10.06 6.072 4.105 3.324 2.137 1.595 1.048 0.8365 0.5837 0.2806 0.1972 0.1391 0.09021 0.03551 0.02531 0.02156 0.01919 0.03026
0.3757 4.475 7.827 9.016 4.547 3.074 2.489 1.601 1.195 0.7846 0.6265 0.4372 0.2101 0.1477 0.1042 0.06756 0.02659 0.01896 0.01614 0.03704
0.2743 4.317 12.46 6.277 6.04 3.047 2.06 1.668 1.072 0.8006 0.5256 0.4197 0.2929 0.1408 0.09894 0.0698 0.04526 0.01782 0.0127 0.03563
0.2559 2.729 10.43 8.67 3.648 3.511 1.771 1.197 0.9693 0.6233 0.4653 0.3055 0.244 0.1702 0.08183 0.0575 0.04057 0.02631 0.01036 0.02809
0.2057 1.98 5.165 5.71 3.966 1.669 1.606 0.8101 0.5477 0.4435 0.2851 0.2129 0.1398 0.1116 0.07788 0.03744 0.02631 0.01856 0.01204 0.01759
0.2133 1.948 4.606 3.503 3.243 2.253 0.948 0.9123 0.4601 0.3111 0.2519 0.162 0.1209 0.07939 0.06339 0.04423 0.02126 0.01494 0.01054 0.01683
0.2581 2.549 5.721 3.953 2.519 2.332 1.62 0.6817 0.656 0.3309 0.2237 0.1811 0.1165 0.08695 0.05709 0.04558 0.03181 0.01529 0.01074 0.01968
0.1831 3.613 8.735 5.719 3.31 2.109 1.953 1.357 0.5708 0.5493 0.2771 0.1873 0.1517 0.09752 0.0728 0.0478 0.03817 0.02664 0.0128 0.02548
0.2778 2.523 12.13 8.511 4.663 2.699 1.72 1.593 1.106 0.4655 0.4479 0.2259 0.1527 0.1237 0.07952 0.05937 0.03898 0.03113 0.02172 0.03122
0.2944 3.556 7.832 10.87 6.38 3.496 2.023 1.289 1.194 0.8293 0.3489 0.3358 0.1694 0.1145 0.09271 0.05961 0.0445 0.02922 0.02333 0.03968
0.1897 2.115 6.24 3.963 4.596 2.697 1.478 0.8553 0.545 0.5046 0.3505 0.1475 0.1419 0.07158 0.0484 0.03919 0.0252 0.01881 0.01235 0.02663
0.1814 2.084 5.696 4.893 2.602 3.017 1.77 0.9699 0.5614 0.3578 0.3313 0.2301 0.09682 0.09317 0.04699 0.03177 0.02572 0.01654 0.01235 0.02559
