Originally  
101 
A 
42	100	
1	1	0	0	
1	20	
1 0.02069 0.2069 0.4552 0.4759 0.2276 0.2069 0.1655 0.1241 0.08276 0.04138 0.02069 0.02069 0 0 0.02069 0 0 0 0 0
1 0.01572 0.1887 0.2988 0.3459 0.2359 0.1572 0.07862 0.1101 0.04717 0 0 0.03145 0.01572 0 0.01572 0.01572 0.01572 0 0 0
1 0.02042 0.2246 0.4289 0.4289 0.2655 0.2246 0.1021 0.1634 0.08169 0.06127 0 0.02042 0 0 0 0 0.02042 0 0 0
1 0.0264 0.1716 0.2376 0.2772 0.2508 0.07919 0.07919 0.0396 0.0264 0.1056 0.0132 0 0 0 0.0132 0 0 0 0 0
1 0.02813 0.1547 0.3938 0.2953 0.1828 0.1406 0.04219 0.08438 0.04219 0.01406 0.01406 0.01406 0 0 0 0 0 0 0 0
1 0.0221 0.1768 0.2542 0.1768 0.1547 0.1216 0.07737 0.01105 0.04421 0.0221 0.01105 0.01105 0 0.01105 0 0 0 0 0 0.01105
1 0.0299 0.1944 0.3738 0.2243 0.2093 0.1047 0.04485 0.07475 0.1047 0.0299 0.0299 0.01495 0.01495 0 0 0.01495 0 0 0.01495 0.01495
1 0.01249 0.1998 0.2872 0.2247 0.09988 0.1373 0.0874 0.07491 0.04994 0.01249 0.02497 0.01249 0.01249 0.01249 0 0 0 0 0 0
1 0.03262 0.174 0.1957 0.2283 0.1087 0.08698 0.09785 0.04349 0.06524 0 0.03262 0 0.01087 0 0 0 0 0 0 0.01087
1 0.01197 0.3111 0.2154 0.1915 0.1556 0.0718 0.05983 0.05983 0.04787 0.01197 0.01197 0.01197 0.01197 0 0 0 0 0.01197 0.01197 0
1 0.03411 0.2217 0.4434 0.3752 0.2388 0.06822 0.1023 0.08527 0.01705 0.05116 0.03411 0 0.01705 0.01705 0 0 0 0 0 0
1 0.06886 0.2238 0.5164 0.3959 0.1549 0.08607 0.1033 0.05164 0.03443 0.03443 0.01721 0.01721 0 0.01721 0 0 0 0 0 0
1 0.08443 0.2364 0.4559 0.3209 0.2195 0.08443 0.06755 0.08443 0.06755 0 0.01689 0.01689 0 0 0.01689 0.01689 0 0 0 0
1 0.04815 0.2046 0.325 0.2167 0.1444 0.08426 0.04815 0.07222 0.01204 0.02407 0 0 0.01204 0 0 0 0 0 0 0.01204
1 0.01564 0.2972 0.4693 0.3598 0.1251 0.09386 0.09386 0.03129 0.06257 0 0.01564 0 0 0 0 0 0 0 0 0
1 0 0.1591 0.2937 0.2203 0.1469 0.1958 0.06119 0.08566 0.01224 0 0.01224 0.01224 0 0 0 0 0.01224 0 0 0.01224
1 0.05627 0.09846 0.4501 0.3095 0.1125 0.07033 0.09846 0.1407 0 0.02813 0 0.01407 0 0 0.01407 0 0 0 0 0.01407
1 0 0.2648 0.337 0.2166 0.1685 0.06017 0.04814 0.0361 0.01203 0.01203 0 0.01203 0.01203 0 0.01203 0 0 0 0.01203 0
1 0.04761 0.1309 0.2976 0.2381 0.1428 0.1309 0.08332 0.04761 0 0.02381 0 0.02381 0.0119 0 0 0 0 0 0 0.0119
1 0.04497 0.2361 0.3035 0.2361 0.05621 0.06745 0.04497 0.05621 0.03373 0 0.02248 0.02248 0 0 0 0 0 0 0 0
1 0.05652 0.2638 0.6405 0.2826 0.2072 0.113 0.07536 0.0942 0.07536 0.03768 0.01884 0 0 0 0 0 0 0.01884 0 0
1 0.04576 0.1373 0.4271 0.2746 0.1831 0.2136 0.09153 0.07627 0.03051 0 0.01525 0.03051 0 0 0 0 0 0 0 0
1 0.01846 0.2769 0.5723 0.24 0.2769 0.2216 0.1108 0.07385 0.03693 0 0 0 0 0 0.01846 0 0 0 0 0
1 0.02654 0.1725 0.3583 0.2654 0.2389 0.1327 0.02654 0.03981 0.01327 0.01327 0.02654 0 0.01327 0 0 0 0 0 0 0
1 0.0345 0.2587 0.4485 0.3105 0.345 0.138 0.06899 0.08624 0 0.0345 0 0 0 0 0 0 0 0 0 0
1 0.0142 0.07099 0.3266 0.4118 0.2272 0.09939 0.07099 0.05679 0.05679 0.0426 0 0.0142 0 0.0142 0 0.0142 0 0 0 0
1 0.03033 0.1971 0.4549 0.273 0.2123 0.09099 0.06066 0.07582 0.06066 0.01516 0 0 0.01516 0 0 0 0 0 0 0.03033
1 0 0.2579 0.3807 0.221 0.1474 0.07368 0.07368 0 0.01228 0 0.01228 0.02456 0 0 0.01228 0.01228 0 0 0 0
1 0.03425 0.2226 0.3254 0.3596 0.2226 0.137 0.1712 0.0685 0.0685 0.03425 0.03425 0 0.03425 0 0 0 0 0 0 0
1 0.01567 0.3448 0.4858 0.2194 0.2194 0.141 0.07836 0.03134 0.03134 0 0 0 0 0 0 0 0 0 0 0
1 0.05901 0.3344 0.6098 0.4328 0.2164 0.1377 0.03934 0.05901 0.03934 0.01967 0.01967 0 0 0 0 0 0 0 0 0
1 0.05309 0.1194 0.3849 0.292 0.146 0.0929 0.07963 0.03982 0.05309 0.01327 0.01327 0.01327 0.01327 0 0.01327 0 0 0 0 0
1 0.09088 0.2272 0.1969 0.3938 0.2272 0.1212 0.07573 0.09088 0.01515 0.01515 0 0.06058 0 0 0 0 0 0 0 0
1 0.07693 0.3847 0.4039 0.4616 0.2308 0.09616 0.03847 0.0577 0.07693 0.01923 0.01923 0.01923 0.01923 0 0.01923 0 0 0 0 0
1 0.02609 0.2348 0.4435 0.1957 0.1174 0.1044 0.03913 0.06522 0.01304 0.02609 0.01304 0 0 0.01304 0 0.01304 0 0 0 0
1 0.01867 0.2428 0.5228 0.4668 0.1681 0.1681 0.09337 0.09337 0.01867 0.03735 0.01867 0 0 0.01867 0 0 0 0 0 0
1 0.01838 0.2758 0.4412 0.3677 0.1287 0.239 0.1471 0.09192 0.05515 0.01838 0.05515 0 0 0 0 0 0 0 0 0
1 0.01751 0.2101 0.4551 0.3501 0.2801 0.1926 0.08753 0.07002 0.05252 0.01751 0.01751 0 0 0 0 0 0 0 0 0
1 0.07235 0.217 0.3473 0.3473 0.1736 0.1013 0.05788 0.05788 0.02894 0.01447 0.01447 0.01447 0 0 0 0 0 0 0 0
1 0.08353 0.355 0.5639 0.2506 0.3341 0.1253 0.188 0.08353 0.02088 0.02088 0 0 0.02088 0 0.02088 0 0.02088 0 0 0
1 0.03698 0.3698 0.3883 0.3144 0.2034 0.1664 0.07397 0.05548 0.09246 0.07397 0.01849 0.01849 0.01849 0.01849 0 0 0 0 0 0
1 0.02772 0.2079 0.2356 0.2633 0.291 0.0693 0.1109 0.05544 0.02772 0.01386 0.01386 0 0.02772 0.02772 0.01386 0 0 0 0 0
1 0.01982 0.2972 0.4161 0.3567 0.3963 0.1585 0.09908 0.05945 0.07926 0.03963 0.03963 0 0 0 0 0 0.01982 0 0 0
1 0.04916 0.2622 0.4425 0.3278 0.213 0.08194 0.09833 0.04916 0.04916 0.01639 0 0.01639 0 0.01639 0 0 0 0.01639 0 0
1 0.04554 0.1252 0.2846 0.2505 0.1594 0.06831 0.1025 0.03415 0.02277 0.02277 0 0 0 0.01138 0 0 0.01138 0 0 0
1 0 0.3345 0.6689 0.3822 0.3345 0.215 0.1194 0.09556 0.09556 0.04778 0.04778 0 0 0 0.02389 0 0 0.02389 0 0
1 0.07221 0.361 0.4573 0.7702 0.2166 0.1926 0.1685 0.09628 0.02407 0 0 0.02407 0 0 0 0 0 0 0 0.02407
1 0.04638 0.2319 0.3555 0.371 0.2164 0.06183 0.1082 0.06183 0.06183 0.01546 0 0 0 0.01546 0 0 0 0 0 0
1 0.03884 0.3237 0.3625 0.1424 0.1683 0.1165 0.03884 0.02589 0.02589 0.03884 0.01295 0 0 0 0 0 0 0 0 0
1 0.07031 0.3516 0.5625 0.7031 0.1641 0.2578 0.04687 0.09375 0.07031 0.02344 0 0 0 0 0 0 0 0 0 0
1 0.04817 0.2087 0.4335 0.2408 0.273 0.08028 0.09634 0.1124 0.03211 0.03211 0.01606 0.01606 0 0.01606 0 0 0 0 0 0
1 0.1196 0.311 0.5024 0.6459 0.4306 0.1435 0.1675 0 0 0.02392 0.02392 0 0.02392 0 0 0 0 0 0 0
1 0.06034 0.4023 0.6236 0.4023 0.2615 0.1006 0.1207 0.04023 0 0 0 0 0 0 0 0 0 0 0 0
1 0.01706 0.2388 0.3923 0.3582 0.2388 0.1365 0.1023 0.1365 0.01706 0.05117 0 0 0 0 0.01706 0 0 0 0 0
1 0.1407 0.3987 0.5159 0.469 0.2345 0.2111 0.1876 0.09381 0.02345 0.02345 0.02345 0.02345 0 0 0 0 0 0 0 0
1 0 0.2491 0.5978 0.4733 0.4733 0.1744 0.1744 0.1993 0 0.07473 0.04982 0 0.02491 0 0 0 0 0 0 0
1 0.01794 0.1256 0.4665 0.4845 0.1615 0.1615 0.1436 0.07178 0.05383 0.03589 0.03589 0.01794 0.01794 0 0 0 0 0 0 0
1 0.07594 0.405 0.5569 0.405 0.3291 0.3037 0.1772 0.07594 0.1266 0.05062 0 0.02531 0 0 0 0 0 0 0 0
1 0.05755 0.4029 0.5372 0.1535 0.2878 0.1535 0.03837 0.1535 0.01918 0.03837 0 0.03837 0.01918 0 0 0 0 0 0 0.01918
