Originally  
101 
A 
2	100	
1	1	NA	NA	
1	20	
1 275.9 275.9 206.9 103.5 68.97 22.99 57.48 80.47 22.99 0 11.5 0 0 11.5 11.5 0 0 0 0 0
1 704.2 224.1 144 144 64.02 64.02 48.01 64.02 80.02 32.01 0 16 0 16 0 0 0 0 0 0
1 404.1 452.6 210.1 145.5 48.49 145.5 64.65 80.82 0 16.16 32.33 16.16 0 0 0 0 0 0 0 0
1 549.4 164.8 206 123.6 164.8 41.21 54.94 13.74 13.74 13.74 13.74 0 0 0 0 0 0 0 13.74 0
1 340.4 326.2 127.6 283.7 70.91 113.5 56.73 28.37 42.55 14.18 0 14.18 0 0 0 0 0 0 0 0
1 548.2 213.2 228.4 106.6 167.5 76.14 60.91 45.68 15.23 15.23 15.23 15.23 0 0 15.23 0 0 0 0 0
1 460.5 158.3 359.7 187.1 115.1 57.56 57.56 43.17 0 0 0 0 0 0 0 0 0 0 0 0
1 321.8 244.1 144.3 155.3 77.67 66.58 44.38 0 22.19 0 11.1 11.1 11.1 0 0 0 0 0 0 0
1 562.8 212.9 197.7 167.3 91.26 152.1 15.21 45.63 15.21 30.42 0 0 30.42 0 0 0 0 0 0 0
1 337.1 232.5 151.1 139.5 139.5 69.75 46.5 0 11.63 11.63 11.63 0 0 11.63 0 0 0 0 0 0
1 441.8 270 85.9 135 85.9 73.63 24.54 36.81 12.27 0 0 12.27 0 0 0 0 12.27 12.27 0 24.54
1 271.9 435.1 95.18 217.6 81.58 67.99 67.99 40.79 13.6 13.6 27.19 13.6 0 0 13.6 0 0 0 0 0
1 150.8 201.1 192.7 108.9 67.03 33.52 16.76 16.76 8.379 8.379 8.379 0 8.379 0 0 8.379 8.379 0 0 0
1 365 107.3 171.7 182.5 64.4 75.14 32.2 32.2 0 0 10.73 0 10.73 0 10.73 0 10.73 0 0 0
1 276.6 331.9 132.8 110.6 99.57 22.13 44.25 22.13 11.06 33.19 11.06 0 0 11.06 0 0 0 0 0 0
1 307.9 180.5 191.1 63.7 84.94 74.32 53.09 21.23 31.85 21.23 10.62 0 10.62 0 0 0 10.62 0 0 0
1 508.3 438.2 245.4 210.3 87.64 35.06 87.64 17.53 70.11 35.06 0 17.53 0 0 0 0 0 0 0 0
1 301.7 352 213.7 100.6 88 12.57 75.43 75.43 0 12.57 0 12.57 12.57 0 0 0 0 0 0 0
1 339.6 235.1 248.2 156.7 104.5 52.25 13.06 26.12 52.25 0 13.06 0 26.12 0 13.06 0 13.06 0 13.06 0
1 345 157.7 167.6 88.7 49.28 39.42 49.28 0 9.856 29.57 9.856 19.71 0 0 0 0 0 0 19.71 0
1 417.1 225.5 101.5 78.91 112.7 135.3 11.27 22.55 0 0 0 11.27 0 0 0 0 0 0 0 11.27
1 385.6 235.6 149.9 85.68 53.55 10.71 53.55 32.13 21.42 21.42 0 0 0 0 0 0 21.42 0 0 0
1 360.9 375.4 259.9 129.9 129.9 72.18 28.87 28.87 14.44 0 14.44 14.44 14.44 0 0 0 0 0 0 0
1 899.8 225 206.2 299.9 37.49 56.24 37.49 74.98 37.49 0 0 0 0 0 0 0 0 0 0 0
1 225.9 414.2 163.2 200.8 75.32 62.76 12.55 62.76 0 12.55 0 12.55 0 0 0 12.55 0 0 0 0
1 381.3 190.7 238.3 71.5 143 59.58 35.75 11.92 23.83 0 23.83 0 0 0 11.92 0 0 0 0 0
1 269.6 291.2 107.8 183.3 43.14 75.49 32.35 10.78 21.57 10.78 10.78 10.78 0 0 10.78 0 0 0 0 0
1 433.4 256.8 337.1 144.5 176.6 64.21 96.31 48.15 16.05 0 0 0 0 32.1 0 0 0 0 0 0
1 656.1 309.8 291.6 127.6 91.12 91.12 109.3 36.45 36.45 36.45 18.22 0 0 0 0 0 0 18.22 0 0
1 212.8 303.9 121.6 70.92 91.18 70.92 101.3 10.13 20.26 0 0 0 0 0 10.13 0 0 0 0 0
1 659.1 270.4 321.1 84.5 118.3 16.9 0 135.2 16.9 16.9 16.9 0 0 0 33.8 0 0 0 0 0
1 640.4 432.7 155.8 138.5 86.54 86.54 34.62 17.31 69.23 17.31 34.62 17.31 0 0 0 0 0 0 0 0
1 282.2 409.2 381 42.33 112.9 42.33 42.33 28.22 0 56.44 0 14.11 0 0 0 0 0 0 0 0
1 349.1 162.9 197.8 209.5 46.55 58.18 81.46 11.64 23.27 11.64 0 0 0 0 0 0 0 0 11.64 0
1 513.5 308.1 171.2 291 154.1 51.35 85.59 51.35 34.23 17.12 34.23 0 0 0 0 0 0 0 0 0
1 383.8 230.3 127.9 63.97 204.7 89.56 38.38 63.97 25.59 25.59 12.79 0 0 0 12.79 0 0 0 0 0
1 450.5 291.5 145.7 66.25 106 92.74 92.74 26.5 26.5 13.25 0 0 0 0 0 0 0 0 13.25 0
1 419.2 361.3 187.9 115.6 57.81 72.27 144.5 28.91 14.45 28.91 0 0 14.45 0 0 0 0 0 0 0
1 424.5 172.5 318.4 119.4 106.1 92.86 13.27 26.53 26.53 13.27 0 0 0 0 0 0 0 0 0 13.27
1 468.4 369 85.15 170.3 85.15 56.77 42.58 42.58 28.38 0 14.19 28.38 14.19 0 0 14.19 0 0 0 0
1 402.7 542.8 297.7 70.04 122.6 70.04 0 52.53 52.53 52.53 35.02 52.53 0 0 0 0 0 0 0 0
1 269 220.1 195.7 220.1 110.1 48.92 24.46 24.46 48.92 12.23 12.23 12.23 12.23 0 0 12.23 0 0 0 0
1 379.3 126.4 331.9 300.3 173.9 63.22 94.83 31.61 47.41 15.8 0 0 0 0 0 15.8 0 0 0 0
1 620.9 479 124.2 88.7 159.7 124.2 53.22 35.48 17.74 17.74 17.74 17.74 0 0 0 0 0 0 0 17.74
1 227.5 492.9 214.8 101.1 25.28 101.1 12.64 25.28 12.64 0 0 0 0 25.28 12.64 0 0 0 0 12.64
1 447.2 105.9 211.8 94.15 58.84 47.07 82.38 23.54 47.07 23.54 0 11.77 11.77 0 11.77 0 0 0 0 0
1 850.2 283.4 62.98 94.47 126 15.74 15.74 31.49 15.74 15.74 31.49 15.74 0 0 0 0 0 0 0 15.74
1 226.3 528 314.3 12.57 50.28 50.28 0 25.14 12.57 0 0 0 0 12.57 0 0 12.57 12.57 0 0
1 305.6 292.8 318.3 127.3 12.73 63.66 101.9 12.73 12.73 12.73 0 0 0 0 0 0 0 0 0 12.73
1 222.2 257.2 93.55 280.6 128.6 46.77 35.08 11.69 11.69 0 23.39 0 11.69 23.39 0 11.69 0 0 0 11.69
1 328.1 288.3 89.47 109.4 89.47 39.77 19.88 19.88 0 0 0 0 9.941 0 0 0 0 0 0 0
1 327.7 406.3 131.1 52.42 118 157.3 91.74 0 0 13.11 0 0 0 13.11 0 0 0 0 0 0
1 381.4 156.5 117.3 97.79 68.45 19.56 68.45 29.34 0 0 9.779 9.779 9.779 0 0 0 0 0 9.779 0
1 640.9 366.2 137.3 183.1 76.29 15.26 15.26 61.04 30.52 0 0 0 0 0 0 0 0 0 0 0
1 423.1 320.2 217.2 22.87 45.74 57.17 22.87 22.87 11.43 0 0 0 0 0 0 0 0 0 0 0
1 257.4 284.1 221.9 79.89 17.75 17.75 0 0 0 8.877 0 0 0 0 0 0 0 0 0 0
1 407 172.7 209.7 160.3 74 37 98.66 24.67 12.33 24.67 0 12.33 0 0 0 0 0 0 0 0
1 277.2 169.4 92.41 107.8 77.01 30.8 0 7.701 7.701 0 0 0 0 0 0 0 0 0 0 0
1 244.8 191.3 137.7 53.56 61.21 22.95 30.6 15.3 7.651 0 0 0 0 0 0 0 0 0 0 0
1 549 207.4 158.6 183 36.6 36.6 36.6 0 0 12.2 0 0 0 0 0 0 0 0 0 0
1 284.3 328 185.9 120.3 54.67 65.61 21.87 10.93 0 10.93 10.93 0 0 0 0 0 0 0 0 0
1 780.5 276.4 341.5 97.57 48.78 32.52 16.26 16.26 0 16.26 0 0 0 0 0 0 0 0 0 0
1 229.4 396.2 166.8 114.7 62.55 20.85 10.43 0 10.43 10.43 10.43 0 10.43 0 0 0 0 0 0 0
1 565 295.9 255.6 161.4 67.26 0 0 0 0 0 0 0 0 0 0 0 0 0 0 0
1 467.8 228.5 130.5 195.8 21.76 10.88 21.76 0 0 0 0 10.88 0 0 0 0 0 0 0 0
1 417.1 381.3 178.7 35.75 131.1 35.75 11.92 0 0 0 0 0 0 0 0 0 0 0 0 0
1 341.3 176.2 242.2 165.2 77.08 44.04 11.01 11.01 0 11.01 0 0 0 11.01 0 0 11.01 0 0 0
1 365.8 230 177.7 104.5 73.17 31.36 31.36 10.45 10.45 10.45 0 0 0 0 0 0 0 0 0 0
1 436.8 423.5 172.1 79.41 66.17 39.7 26.47 52.94 26.47 0 0 0 0 0 0 0 0 0 0 0
1 431.6 276.6 177.1 99.59 66.39 33.2 11.07 11.07 0 0 0 0 0 0 0 0 0 0 0 0
1 588.4 508.9 302.2 63.61 111.3 0 0 15.9 0 0 0 0 0 0 0 0 0 0 0 0
1 222.2 204.4 222.2 151.1 44.44 17.78 8.888 17.78 0 0 0 0 0 0 0 0 0 0 0 0
1 414.7 337 220.3 168.5 64.8 38.88 25.92 0 12.96 12.96 0 0 0 0 0 0 0 0 0 0
1 630.5 191.9 219.3 95.95 137.1 27.41 27.41 41.12 0 0 0 0 0 0 0 0 0 0 0 0
1 454.5 243.1 116.3 73.98 63.42 42.28 21.14 31.71 0 10.57 0 0 0 0 0 0 0 0 0 0
1 488.7 333.7 190.7 95.35 47.67 23.84 11.92 0 0 0 0 0 0 0 0 0 0 0 0 0
1 464 293 232 183.1 24.42 0 0 24.42 0 0 0 0 0 0 0 0 0 0 0 0
1 608.3 358.7 218.4 202.8 93.58 31.19 0 31.19 15.6 0 0 0 0 0 0 0 0 0 0 0
1 712.2 486.4 139 191.1 121.6 17.37 17.37 0 52.11 0 0 0 0 0 0 0 0 0 0 0
1 666.6 373.9 357.7 81.29 48.77 97.55 0 0 0 0 0 0 0 0 0 0 0 0 0 0
1 529.7 300.6 243.4 200.4 85.9 14.32 14.32 42.95 0 0 0 0 0 0 0 0 0 0 0 0
1 410 269 345.9 128.1 51.25 38.43 12.81 12.81 12.81 0 0 0 0 0 0 0 0 0 0 0
1 400.1 360.1 240.1 173.4 53.35 93.36 0 0 0 13.34 0 0 0 0 0 0 0 0 0 0
1 423.1 395.8 204.7 122.8 109.2 27.3 54.6 0 27.3 0 0 0 0 0 0 0 0 0 0 0
1 297.3 218.6 157.4 87.44 26.23 52.47 17.49 17.49 0 0 0 0 0 0 0 0 0 0 0 0
1 481.4 257.5 111.9 167.9 22.39 33.58 11.19 0 11.19 11.19 0 0 0 0 0 11.19 0 0 0 0
1 343.3 343.3 203.5 127.2 114.4 63.58 25.43 25.43 25.43 0 0 0 0 0 0 0 0 0 0 0
1 367 116.8 133.5 75.08 33.37 50.05 33.37 8.342 8.342 0 0 0 0 8.342 0 0 0 0 0 0
1 516 485.7 258 166.9 0 30.35 30.35 30.35 0 0 0 0 0 0 0 0 0 0 0 0
1 324.4 337.3 324.4 129.7 51.9 51.9 12.97 12.97 51.9 0 0 0 0 0 0 0 0 0 0 0
1 418.7 274.7 248.6 209.3 39.25 52.33 26.17 0 13.08 0 13.08 0 0 0 13.08 0 0 0 0 0
1 230.3 141.1 126.3 104 89.14 22.28 22.28 7.428 0 0 0 0 0 0 0 0 0 0 0 0
1 344.3 239.1 153 76.5 57.38 28.69 28.69 19.13 0 0 9.563 0 0 0 0 0 0 0 0 0
1 646.4 277 145.1 39.58 26.39 52.77 105.5 0 13.19 0 0 0 13.19 0 0 0 0 0 0 0
1 285.2 307.2 285.2 120.7 43.88 21.94 0 0 0 10.97 10.97 0 10.97 0 0 0 0 0 0 0
1 257.9 193.4 230.3 147.4 36.84 18.42 9.211 18.42 0 0 9.211 0 0 0 0 0 0 0 0 0
1 295.6 181.2 171.6 152.6 95.34 38.14 0 19.07 0 0 0 0 0 0 0 0 0 0 0 0
1 348.8 387.6 193.8 116.3 129.2 77.52 12.92 0 12.92 12.92 0 0 0 0 0 0 0 0 0 0
1 294.3 165.6 156.4 165.6 45.99 45.99 36.79 9.198 0 0 0 0 0 0 0 0 0 0 0 0
