 landings-at-age - landings.n (units : NA )
1	2	
42	100	
1	20	
1 
1.39 12.37 42.83 31.54 13.45 8.423 8.066 6.517 3.439 2.189 1.394 0.9071 0.7156 0.6187 0.2741 0.2096 0.1998 0.08873 0.07541 0.2628
1.235 16.98 33.96 31.47 19.07 8.13 5.093 4.878 3.941 2.08 1.324 0.8429 0.5485 0.4327 0.3741 0.1658 0.1268 0.1208 0.05366 0.2045
2.203 12.2 37.86 20.1 15.29 9.264 3.95 2.474 2.37 1.914 1.01 0.643 0.4095 0.2665 0.2102 0.1817 0.08053 0.06159 0.05871 0.1254
1.383 23.53 29.54 24.59 10.74 8.168 4.949 2.11 1.322 1.266 1.023 0.5397 0.3435 0.2188 0.1424 0.1123 0.09709 0.04302 0.0329 0.09838
0.9546 15.71 60.49 20.39 13.97 6.101 4.64 2.812 1.199 0.751 0.7192 0.581 0.3066 0.1951 0.1243 0.08087 0.0638 0.05516 0.02444 0.07458
1.817 10.4 38.71 39.88 11.06 7.573 3.308 2.516 1.524 0.6499 0.4072 0.3899 0.315 0.1662 0.1058 0.06738 0.04385 0.03459 0.02991 0.05369
1.582 20.7 26.7 26.58 22.52 6.244 4.277 1.868 1.421 0.861 0.3671 0.23 0.2202 0.1779 0.0939 0.05976 0.03806 0.02477 0.01954 0.04722
1.154 15.75 46.7 16.08 13.16 11.15 3.09 2.117 0.9246 0.7032 0.4261 0.1817 0.1138 0.109 0.08805 0.04647 0.02957 0.01883 0.01226 0.03303
1.272 14.47 44.42 35.37 10.03 8.205 6.952 1.927 1.32 0.5766 0.4386 0.2657 0.1133 0.07098 0.06797 0.05492 0.02898 0.01844 0.01175 0.02825
1.076 13.27 33.96 27.67 18.09 5.129 4.195 3.555 0.9854 0.675 0.2948 0.2243 0.1359 0.05793 0.03629 0.03476 0.02808 0.01482 0.009431 0.02045
1.428 12.14 33.64 22.93 15.35 10.03 2.845 2.328 1.972 0.5467 0.3745 0.1636 0.1244 0.07539 0.03214 0.02014 0.01928 0.01558 0.008222 0.01658
1.235 14.87 28.48 20.97 11.73 7.858 5.135 1.456 1.191 1.009 0.2798 0.1917 0.08372 0.06367 0.03858 0.01645 0.01031 0.009869 0.007973 0.01269
0.4948 13.04 35.5 18.16 10.99 6.151 4.119 2.692 0.7634 0.6244 0.5291 0.1467 0.1005 0.04389 0.03338 0.02023 0.008623 0.005402 0.005173 0.01083
0.686 5.569 33.15 24.17 10.17 6.157 3.445 2.307 1.508 0.4275 0.3497 0.2963 0.08215 0.05627 0.02458 0.01869 0.01133 0.00483 0.003026 0.008965
1.163 7.668 14.03 22.29 13.36 5.623 3.403 1.904 1.275 0.8333 0.2363 0.1933 0.1638 0.04541 0.0311 0.01359 0.01033 0.006261 0.002669 0.006628
0.6357 11.79 17.59 8.584 11.21 6.716 2.827 1.711 0.9574 0.6412 0.419 0.1188 0.0972 0.08235 0.02283 0.01564 0.006831 0.005196 0.003148 0.004675
0.7469 7.823 32.61 13.05 5.24 6.842 4.1 1.726 1.044 0.5844 0.3914 0.2558 0.07253 0.05933 0.05027 0.01394 0.009546 0.00417 0.003171 0.004775
0.4912 7.474 17.66 19.55 6.418 2.577 3.365 2.017 0.8489 0.5137 0.2875 0.1925 0.1258 0.03568 0.02918 0.02473 0.006855 0.004696 0.002051 0.003909
0.9584 5.298 18.25 11.54 10.51 3.45 1.386 1.809 1.084 0.4564 0.2762 0.1546 0.1035 0.06764 0.01918 0.01569 0.01329 0.003685 0.002525 0.003204
0.5846 11.58 14.38 13.25 6.898 6.28 2.062 0.828 1.081 0.6479 0.2727 0.165 0.09236 0.06185 0.04042 0.01146 0.009376 0.007944 0.002202 0.003423
0.9005 6.325 28.08 9.249 6.997 3.642 3.315 1.088 0.4371 0.5708 0.342 0.144 0.08713 0.04876 0.03265 0.02134 0.006051 0.00495 0.004194 0.00297
0.3724 9.957 15.67 18.46 4.99 3.775 1.965 1.789 0.5872 0.2358 0.3079 0.1845 0.07767 0.04701 0.0263 0.01761 0.01151 0.003264 0.00267 0.003865
0.4587 3.686 22.24 9.289 8.978 2.427 1.836 0.9557 0.87 0.2856 0.1147 0.1498 0.08976 0.03778 0.02287 0.0128 0.008569 0.0056 0.001588 0.003179
0.7316 5.16 9.361 15.12 5.195 5.021 1.358 1.027 0.5345 0.4866 0.1598 0.06416 0.08378 0.0502 0.02113 0.01279 0.007156 0.004792 0.003132 0.002666
0.5771 7.923 12.62 6.112 8.116 2.788 2.695 0.7287 0.5512 0.2869 0.2612 0.08575 0.03444 0.04496 0.02694 0.01134 0.006864 0.003841 0.002572 0.003112
0.9296 6.37 19.74 8.398 3.345 4.442 1.526 1.475 0.3988 0.3017 0.157 0.1429 0.04693 0.01885 0.02461 0.01475 0.006208 0.003757 0.002102 0.003111
0.3723 9.549 14.83 12.28 4.295 1.711 2.272 0.7805 0.7543 0.204 0.1543 0.0803 0.0731 0.024 0.009639 0.01259 0.007542 0.003175 0.001921 0.002666
0.3854 4.565 26.35 10.98 7.481 2.617 1.042 1.384 0.4755 0.4596 0.1243 0.09401 0.04893 0.04454 0.01462 0.005873 0.007669 0.004595 0.001934 0.002795
0.5317 3.983 10.63 16.3 5.572 3.798 1.329 0.5292 0.7027 0.2414 0.2334 0.06309 0.04773 0.02484 0.02261 0.007424 0.002982 0.003893 0.002333 0.002401
0.4465 5.398 9.171 6.544 8.249 2.821 1.923 0.6725 0.2679 0.3557 0.1222 0.1181 0.03194 0.02416 0.01257 0.01145 0.003758 0.001509 0.001971 0.002396
0.6893 5.236 14.32 6.54 3.842 4.844 1.656 1.129 0.3949 0.1573 0.2089 0.07175 0.06935 0.01875 0.01418 0.007383 0.006721 0.002207 0.0008862 0.002564
0.234 7.452 12.79 9.346 3.51 2.062 2.6 0.8888 0.6058 0.2119 0.08441 0.1121 0.03851 0.03722 0.01006 0.007613 0.003962 0.003607 0.001184 0.001852
0.3901 2.687 19.27 8.839 5.311 1.995 1.172 1.477 0.5051 0.3443 0.1204 0.04797 0.0637 0.02189 0.02115 0.005719 0.004326 0.002252 0.00205 0.001725
0.3577 4.081 6.341 12.11 4.561 2.741 1.029 0.6047 0.7623 0.2606 0.1777 0.06214 0.02475 0.03287 0.01129 0.01091 0.002951 0.002232 0.001162 0.001948
0.2091 3.723 9.626 4.002 6.281 2.366 1.422 0.534 0.3138 0.3955 0.1352 0.09218 0.03224 0.01284 0.01705 0.005859 0.005663 0.001531 0.001158 0.001614
0.2581 2.335 9.42 6.543 2.239 3.515 1.324 0.7957 0.2988 0.1756 0.2213 0.07567 0.05158 0.01804 0.007187 0.009543 0.003278 0.003169 0.0008567 0.001551
0.54 3.081 6.271 6.775 3.872 1.325 2.08 0.7835 0.4708 0.1768 0.1039 0.1309 0.04477 0.03052 0.01067 0.004252 0.005646 0.00194 0.001875 0.001425
0.3332 5.403 6.964 3.77 3.343 1.911 0.6539 1.026 0.3867 0.2323 0.08725 0.05127 0.06463 0.0221 0.01506 0.005268 0.002099 0.002787 0.0009574 0.001628
0.1403 3.791 13.88 4.794 2.135 1.894 1.082 0.3704 0.5813 0.219 0.1316 0.04942 0.02904 0.0366 0.01252 0.008531 0.002984 0.001189 0.001578 0.001465
0.2996 1.635 9.913 9.68 2.748 1.224 1.085 0.6203 0.2123 0.3332 0.1255 0.07542 0.02832 0.01664 0.02098 0.007173 0.004889 0.00171 0.0006813 0.001744
0.1762 2.95 3.634 5.852 4.689 1.331 0.5928 0.5258 0.3005 0.1028 0.1614 0.0608 0.03654 0.01372 0.008062 0.01016 0.003475 0.002369 0.0008285 0.001175
0.1465 1.992 7.533 2.486 3.293 2.639 0.7491 0.3336 0.2959 0.1691 0.05787 0.09083 0.03422 0.02056 0.007722 0.004537 0.00572 0.001956 0.001333 0.001127
0.1904 1.572 4.83 4.88 1.324 1.754 1.405 0.399 0.1777 0.1576 0.09006 0.03082 0.04838 0.01822 0.01095 0.004112 0.002416 0.003046 0.001041 0.00131
0.1583 2.131 3.972 3.264 2.712 0.7359 0.9748 0.7811 0.2217 0.09875 0.08758 0.05005 0.01713 0.02688 0.01013 0.006086 0.002286 0.001343 0.001693 0.001307
0.239 1.62 4.941 2.462 1.663 1.382 0.3749 0.4966 0.3979 0.113 0.05031 0.04462 0.0255 0.008726 0.0137 0.00516 0.003101 0.001164 0.0006841 0.001528
0.301 2.686 4.126 3.381 1.387 0.9366 0.7784 0.2112 0.2797 0.2242 0.06363 0.02834 0.02513 0.01436 0.004915 0.007715 0.002907 0.001747 0.0006559 0.001246
0.177 3.489 7.019 2.887 1.947 0.7984 0.5392 0.4481 0.1216 0.161 0.129 0.03663 0.01632 0.01447 0.008269 0.00283 0.004442 0.001673 0.001006 0.001095
0.1255 1.971 8.728 4.675 1.58 1.065 0.4369 0.2951 0.2452 0.06653 0.08813 0.07062 0.02005 0.008928 0.007918 0.004525 0.001549 0.002431 0.0009157 0.00115
0.2058 1.384 4.879 5.742 2.526 0.8535 0.5755 0.236 0.1594 0.1325 0.03594 0.04761 0.03815 0.01083 0.004823 0.004277 0.002444 0.0008365 0.001313 0.001116
0.09548 2.01 3.059 2.867 2.77 1.219 0.4118 0.2777 0.1139 0.07691 0.06391 0.01734 0.02297 0.01841 0.005225 0.002327 0.002064 0.001179 0.0004036 0.001172
0.1364 1.173 5.554 2.267 1.749 1.69 0.7432 0.2512 0.1693 0.06945 0.04691 0.03898 0.01058 0.01401 0.01123 0.003187 0.001419 0.001259 0.0007194 0.0009609
0.1163 1.447 2.796 3.515 1.177 0.9085 0.8778 0.3861 0.1305 0.08797 0.03608 0.02437 0.02025 0.005494 0.007278 0.005832 0.001655 0.0007373 0.0006539 0.0008729
0.1617 1.289 3.603 1.852 1.912 0.6406 0.4943 0.4776 0.2101 0.07099 0.04786 0.01963 0.01326 0.01102 0.002989 0.00396 0.003173 0.0009007 0.0004012 0.0008307
0.1151 1.627 2.932 2.18 0.9202 0.9501 0.3183 0.2456 0.2373 0.1044 0.03527 0.02378 0.009752 0.006587 0.005474 0.001485 0.001967 0.001576 0.0004475 0.000612
0.08639 1.249 4 1.932 1.182 0.4989 0.5151 0.1726 0.1331 0.1286 0.05658 0.01912 0.01289 0.005287 0.003571 0.002968 0.0008052 0.001067 0.0008547 0.0005744
0.1277 0.9936 3.243 2.785 1.107 0.6771 0.2858 0.2951 0.09886 0.07628 0.07369 0.03241 0.01095 0.007386 0.003029 0.002046 0.0017 0.0004613 0.000611 0.0008187
0.06527 1.434 2.511 2.186 1.543 0.6131 0.3751 0.1583 0.1635 0.05476 0.04225 0.04082 0.01796 0.006068 0.004091 0.001678 0.001133 0.0009418 0.0002555 0.000792
0.07609 0.6739 3.343 1.559 1.114 0.7865 0.3126 0.1912 0.08072 0.08334 0.02792 0.02154 0.02081 0.009155 0.003094 0.002086 0.0008555 0.0005778 0.0004802 0.0005341
0.05856 0.9066 1.804 2.392 0.9169 0.6557 0.4627 0.1839 0.1125 0.04749 0.04903 0.01643 0.01267 0.01225 0.005386 0.00182 0.001227 0.0005033 0.0003399 0.0005967
