 landings-at-age - landings.n (units : NA )
1	2	
2	100	
1	20	
1 
0.02659 0.2984 0.8352 0.6934 0.4839 0.3377 0.2357 0.1644 0.1148 0.08008 0.05589 0.039 0.02722 0.01899 0.01325 0.009249 0.006454 0.004504 0.003143 0.007259
0.00219 0.05216 0.1462 0.1214 0.08475 0.05914 0.04127 0.0288 0.0201 0.01403 0.009787 0.00683 0.004766 0.003326 0.002321 0.00162 0.00113 0.0007888 0.0005504 0.001271
0.002264 0.0246 0.1464 0.1219 0.08515 0.05942 0.04147 0.02894 0.02019 0.01409 0.009834 0.006862 0.004789 0.003342 0.002332 0.001627 0.001136 0.0007925 0.000553 0.001277
0.002468 0.02542 0.06901 0.122 0.08549 0.0597 0.04166 0.02907 0.02029 0.01416 0.00988 0.006895 0.004811 0.003358 0.002343 0.001635 0.001141 0.0007963 0.0005557 0.001283
0.002246 0.02771 0.07132 0.05755 0.08557 0.05994 0.04186 0.02921 0.02038 0.01423 0.009927 0.006927 0.004834 0.003374 0.002354 0.001643 0.001146 8e-04 0.0005583 0.001289
0.00213 0.02522 0.07775 0.05947 0.04035 0.06 0.04203 0.02935 0.02048 0.01429 0.009974 0.00696 0.004857 0.00339 0.002365 0.001651 0.001152 0.0008038 0.0005609 0.001295
0.00219 0.02392 0.07077 0.06483 0.0417 0.02829 0.04207 0.02947 0.02058 0.01436 0.01002 0.006993 0.00488 0.003406 0.002377 0.001658 0.001157 0.0008076 0.0005636 0.001302
0.002401 0.02459 0.06711 0.05901 0.04546 0.02924 0.01984 0.0295 0.02066 0.01443 0.01007 0.007026 0.004903 0.003422 0.002388 0.001666 0.001163 0.0008114 0.0005663 0.001308
0.002542 0.02696 0.06899 0.05596 0.04137 0.03187 0.0205 0.01391 0.02068 0.01449 0.01012 0.00706 0.004926 0.003438 0.002399 0.001674 0.001168 0.0008153 0.0005689 0.001314
0.002521 0.02854 0.07565 0.05753 0.03924 0.02901 0.02235 0.01437 0.009751 0.0145 0.01016 0.007093 0.00495 0.003454 0.00241 0.001682 0.001174 0.0008191 0.0005716 0.00132
0.002628 0.0283 0.08009 0.06309 0.04034 0.02751 0.02034 0.01567 0.01008 0.006837 0.01017 0.007121 0.004973 0.003471 0.002422 0.00169 0.001179 0.000823 0.0005743 0.001326
0.002814 0.0295 0.07942 0.06679 0.04423 0.02828 0.01929 0.01426 0.01099 0.007066 0.004794 0.007128 0.004993 0.003487 0.002433 0.001698 0.001185 0.0008269 0.0005771 0.001333
0.003108 0.03159 0.08278 0.06623 0.04683 0.03101 0.01983 0.01353 0.009999 0.007703 0.004954 0.003361 0.004998 0.003501 0.002445 0.001706 0.001191 0.0008308 0.0005798 0.001339
0.003168 0.0349 0.08865 0.06903 0.04643 0.03283 0.02174 0.0139 0.009483 0.007011 0.005401 0.003474 0.002357 0.003504 0.002455 0.001714 0.001196 0.0008348 0.0005825 0.001345
0.003366 0.03557 0.09793 0.07392 0.0484 0.03256 0.02302 0.01525 0.009749 0.006649 0.004916 0.003787 0.002435 0.001652 0.002457 0.001721 0.001202 0.0008387 0.0005853 0.001352
0.003412 0.03779 0.09982 0.08166 0.05183 0.03394 0.02283 0.01614 0.01069 0.006835 0.004662 0.003447 0.002655 0.001708 0.001159 0.001723 0.001207 0.0008427 0.0005881 0.001358
0.003681 0.03832 0.106 0.08323 0.05725 0.03634 0.02379 0.01601 0.01132 0.007495 0.004793 0.003269 0.002416 0.001862 0.001197 0.0008123 0.001208 0.000846 0.0005908 0.001365
0.003684 0.04133 0.1075 0.08842 0.05836 0.04014 0.02548 0.01668 0.01122 0.007935 0.005255 0.00336 0.002292 0.001694 0.001305 0.0008395 0.0005695 0.0008469 0.0005932 0.001371
0.00425 0.04136 0.116 0.08965 0.062 0.04092 0.02815 0.01787 0.0117 0.007868 0.005564 0.003685 0.002356 0.001607 0.001188 0.0009151 0.0005886 0.0003993 0.0005938 0.001377
0.0043 0.04772 0.1161 0.09671 0.06286 0.04347 0.02869 0.01973 0.01253 0.008202 0.005517 0.003901 0.002583 0.001652 0.001127 0.0008329 0.0006416 0.0004127 0.00028 0.001382
0.004336 0.04828 0.1339 0.09678 0.06781 0.04407 0.03048 0.02012 0.01384 0.008783 0.00575 0.003868 0.002735 0.001811 0.001158 0.0007899 0.000584 0.0004499 0.0002893 0.001165
0.004641 0.04869 0.1355 0.1116 0.06785 0.04755 0.0309 0.02137 0.0141 0.009702 0.006158 0.004032 0.002712 0.001918 0.00127 0.0008121 0.0005539 0.0004095 0.0003154 0.00102
0.004958 0.05211 0.1366 0.113 0.07828 0.04758 0.03334 0.02167 0.01498 0.009889 0.006802 0.004318 0.002827 0.001902 0.001345 0.0008905 0.0005694 0.0003883 0.0002871 0.0009362
0.00495 0.05567 0.1462 0.1139 0.07921 0.05489 0.03336 0.02337 0.01519 0.01051 0.006933 0.004769 0.003027 0.001982 0.001333 0.0009427 0.0006243 0.0003992 0.0002723 0.0008577
0.005189 0.05558 0.1562 0.1219 0.07988 0.05554 0.03848 0.02339 0.01639 0.01065 0.007366 0.004861 0.003344 0.002122 0.00139 0.0009348 0.000661 0.0004377 0.0002799 0.0007923
0.004909 0.05827 0.1559 0.1303 0.08548 0.05601 0.03894 0.02698 0.0164 0.01149 0.007468 0.005165 0.003409 0.002345 0.001488 0.0009744 0.0006554 0.0004634 0.0003069 0.0007518
0.004944 0.05512 0.1635 0.13 0.09133 0.05994 0.03927 0.0273 0.01892 0.0115 0.008056 0.005236 0.003621 0.00239 0.001644 0.001043 0.0006832 0.0004595 0.0003249 0.0007423
0.005307 0.05552 0.1547 0.1363 0.09117 0.06403 0.04202 0.02753 0.01914 0.01326 0.008062 0.005649 0.003671 0.002539 0.001676 0.001153 0.0007316 0.000479 0.0003222 0.0007483
0.005518 0.05959 0.1558 0.129 0.09559 0.06393 0.0449 0.02946 0.0193 0.01342 0.0093 0.005652 0.003961 0.002574 0.00178 0.001175 0.0008082 0.0005129 0.0003359 0.0007506
0.00529 0.06196 0.1672 0.1299 0.09042 0.06703 0.04482 0.03148 0.02066 0.01354 0.009411 0.006521 0.003963 0.002777 0.001805 0.001248 0.0008237 0.0005666 0.0003596 0.0007617
0.005354 0.0594 0.1739 0.1394 0.09108 0.0634 0.04699 0.03143 0.02207 0.01448 0.00949 0.006598 0.004572 0.002779 0.001947 0.001265 0.0008751 0.0005776 0.0003973 0.0007863
0.005517 0.06012 0.1667 0.145 0.09776 0.06386 0.04445 0.03295 0.02203 0.01548 0.01016 0.006654 0.004626 0.003206 0.001948 0.001365 0.0008873 0.0006136 0.000405 0.0008298
0.005433 0.06194 0.1687 0.139 0.1016 0.06854 0.04477 0.03117 0.0231 0.01545 0.01085 0.007121 0.004665 0.003244 0.002248 0.001366 0.0009572 0.0006221 0.0004302 0.0008658
0.005377 0.061 0.1738 0.1407 0.09744 0.07127 0.04806 0.03139 0.02185 0.0162 0.01083 0.007608 0.004993 0.003271 0.002274 0.001576 0.0009578 0.0006711 0.0004362 0.0009087
0.005653 0.06037 0.1712 0.1449 0.09863 0.06832 0.04997 0.0337 0.02201 0.01532 0.01136 0.007595 0.005334 0.003501 0.002294 0.001595 0.001105 0.0006715 0.0004705 0.0009429
0.005456 0.06348 0.1694 0.1427 0.1016 0.06915 0.0479 0.03504 0.02363 0.01543 0.01074 0.007963 0.005325 0.00374 0.002454 0.001608 0.001118 0.0007747 0.0004708 0.000991
0.006056 0.06126 0.1781 0.1413 0.1001 0.07125 0.04849 0.03359 0.02457 0.01657 0.01082 0.007532 0.005583 0.003734 0.002622 0.001721 0.001127 0.0007839 0.0005432 0.001025
0.006017 0.06799 0.1719 0.1485 0.09904 0.07016 0.04996 0.034 0.02355 0.01722 0.01161 0.007587 0.005281 0.003915 0.002618 0.001839 0.001207 0.0007905 0.0005496 0.0011
0.005951 0.06756 0.1908 0.1433 0.1041 0.06944 0.0492 0.03503 0.02384 0.01651 0.01208 0.008144 0.005319 0.003703 0.002745 0.001835 0.001289 0.000846 0.0005543 0.001156
0.006278 0.06683 0.1896 0.1591 0.1005 0.07301 0.04869 0.03449 0.02456 0.01671 0.01158 0.008467 0.00571 0.00373 0.002596 0.001924 0.001287 0.0009038 0.0005932 0.001199
0.006209 0.07049 0.1875 0.1581 0.1115 0.07047 0.05119 0.03414 0.02418 0.01722 0.01172 0.008117 0.005937 0.004003 0.002615 0.00182 0.001349 0.0009023 0.0006337 0.001257
7.386e-08 7.98e-07 2.265e-06 1.79e-06 1.269e-06 8.956e-07 5.658e-07 4.11e-07 2.741e-07 1.942e-07 1.382e-07 9.408e-08 6.517e-08 4.766e-08 3.214e-08 2.1e-08 1.461e-08 1.083e-08 7.244e-09 1.518e-08
0.08679 1.07 2.877 2.425 1.612 1.143 0.8064 0.5095 0.3701 0.2468 0.1748 0.1245 0.08471 0.05868 0.04292 0.02894 0.01891 0.01316 0.009755 0.02019
0.165 1.943 5.928 4.706 3.331 2.214 1.57 1.108 0.6998 0.5083 0.339 0.2402 0.171 0.1164 0.0806 0.05895 0.03975 0.02597 0.01808 0.04113
0.2196 2.767 8.015 7.174 4.777 3.381 2.248 1.593 1.124 0.7103 0.516 0.3441 0.2438 0.1736 0.1181 0.08181 0.05984 0.04035 0.02636 0.0601
0.283 3.269 10.07 8.506 6.378 4.247 3.006 1.998 1.417 0.9996 0.6315 0.4587 0.3059 0.2167 0.1543 0.105 0.07274 0.0532 0.03587 0.07686
0.3529 3.942 11.07 9.882 6.985 5.238 3.488 2.469 1.641 1.163 0.8209 0.5186 0.3767 0.2512 0.178 0.1267 0.08623 0.05973 0.04369 0.09259
0.4154 4.711 12.72 10.29 7.677 5.426 4.069 2.709 1.918 1.275 0.9037 0.6377 0.4029 0.2927 0.1952 0.1383 0.09844 0.06699 0.0464 0.1059
0.4861 5.384 14.67 11.34 7.657 5.713 4.038 3.028 2.016 1.427 0.9488 0.6725 0.4746 0.2998 0.2178 0.1452 0.1029 0.07326 0.04985 0.1133
0.5878 6.162 16.3 12.64 8.148 5.5 4.104 2.901 2.175 1.448 1.025 0.6815 0.4831 0.3409 0.2154 0.1565 0.1043 0.07391 0.05263 0.1172
0.6991 7.323 18.23 13.64 8.809 5.677 3.832 2.859 2.021 1.515 1.009 0.7143 0.4748 0.3366 0.2375 0.15 0.109 0.07269 0.0515 0.1183
0.7784 8.589 21.24 14.87 9.252 5.973 3.849 2.598 1.939 1.37 1.028 0.6842 0.4843 0.322 0.2282 0.161 0.1017 0.07391 0.04929 0.1151
0.8365 9.453 24.48 16.92 9.835 6.119 3.951 2.546 1.719 1.282 0.9064 0.6797 0.4525 0.3203 0.213 0.1509 0.1065 0.06729 0.04889 0.1088
0.8927 10.06 26.53 19.08 10.94 6.356 3.955 2.553 1.645 1.111 0.8288 0.5858 0.4393 0.2925 0.207 0.1376 0.09756 0.06885 0.04349 0.1019
0.9916 10.64 27.82 20.26 12.07 6.917 4.02 2.501 1.615 1.041 0.7025 0.5242 0.3705 0.2778 0.185 0.1309 0.08705 0.0617 0.04354 0.09195
1.016 11.73 29.05 20.84 12.55 7.476 4.285 2.49 1.55 1 0.6447 0.4352 0.3247 0.2295 0.1721 0.1146 0.08111 0.05392 0.03822 0.08393
1.05 11.95 31.64 21.36 12.66 7.621 4.54 2.602 1.512 0.941 0.6075 0.3915 0.2643 0.1972 0.1394 0.1045 0.06959 0.04926 0.03275 0.07419
1.104 12.27 31.83 22.85 12.73 7.54 4.54 2.705 1.55 0.9009 0.5606 0.3619 0.2332 0.1574 0.1175 0.08303 0.06226 0.04146 0.02935 0.0637
1.242 12.83 32.32 22.59 13.36 7.441 4.408 2.655 1.581 0.9064 0.5268 0.3278 0.2116 0.1364 0.09206 0.06868 0.04855 0.0364 0.02424 0.0544
1.263 14.37 33.44 22.55 12.97 7.67 4.272 2.531 1.524 0.9079 0.5204 0.3024 0.1882 0.1215 0.07829 0.05285 0.03943 0.02787 0.0209 0.04515
1.26 14.54 37.06 22.95 12.72 7.315 4.326 2.409 1.427 0.8595 0.5121 0.2935 0.1706 0.1061 0.06852 0.04415 0.02981 0.02224 0.01572 0.03725
1.179 13.73 35.47 23.94 12.16 6.741 3.877 2.292 1.277 0.7564 0.4555 0.2714 0.1555 0.09039 0.05624 0.03631 0.0234 0.0158 0.01179 0.02807
1.198 12.85 33.51 22.91 12.69 6.446 3.572 2.054 1.215 0.6766 0.4009 0.2414 0.1438 0.08242 0.0479 0.0298 0.01924 0.0124 0.008371 0.02112
1.21 13.06 31.35 21.64 12.14 6.723 3.416 1.893 1.089 0.6438 0.3586 0.2124 0.1279 0.07621 0.04368 0.02538 0.01579 0.0102 0.006571 0.01563
1.218 13.19 31.85 20.25 11.47 6.434 3.563 1.81 1.003 0.577 0.3412 0.19 0.1126 0.06779 0.04038 0.02315 0.01345 0.00837 0.005404 0.01177
1.176 13.28 32.19 20.58 10.73 6.078 3.41 1.888 0.9594 0.5316 0.3058 0.1808 0.1007 0.05966 0.03592 0.0214 0.01227 0.007129 0.004436 0.009099
1.13 12.82 32.4 20.79 10.9 5.687 3.221 1.807 1 0.5084 0.2817 0.162 0.09581 0.05336 0.03162 0.01904 0.01134 0.0065 0.003778 0.007172
1.189 12.32 31.28 20.93 11.02 5.778 3.014 1.707 0.9576 0.5302 0.2694 0.1493 0.08587 0.05077 0.02828 0.01675 0.01009 0.00601 0.003445 0.005803
1.198 12.97 30.06 20.2 11.09 5.838 3.062 1.597 0.9046 0.5075 0.281 0.1428 0.07912 0.0455 0.02691 0.01499 0.008879 0.005346 0.003185 0.004901
1.266 13.06 31.64 19.42 10.71 5.877 3.094 1.623 0.8463 0.4794 0.2689 0.1489 0.07567 0.04193 0.02411 0.01426 0.007942 0.004705 0.002833 0.004285
1.341 13.8 31.87 20.44 10.29 5.673 3.115 1.64 0.8599 0.4485 0.254 0.1425 0.07891 0.0401 0.02222 0.01278 0.007556 0.004209 0.002493 0.003772
1.298 14.62 33.68 20.59 10.83 5.454 3.006 1.651 0.8689 0.4557 0.2377 0.1346 0.07553 0.04182 0.02125 0.01178 0.006772 0.004004 0.00223 0.003321
1.249 14.15 35.68 21.75 10.91 5.739 2.89 1.593 0.8747 0.4605 0.2415 0.126 0.07134 0.04002 0.02216 0.01126 0.00624 0.003589 0.002122 0.002942
1.262 13.61 34.53 23.05 11.53 5.781 3.042 1.532 0.8443 0.4635 0.244 0.128 0.06675 0.03781 0.02121 0.01174 0.005968 0.003307 0.001902 0.002684
1.326 13.75 33.21 22.3 12.21 6.109 3.064 1.612 0.8116 0.4474 0.2456 0.1293 0.06782 0.03537 0.02004 0.01124 0.006223 0.003163 0.001753 0.00243
1.323 14.46 33.56 21.45 11.82 6.473 3.238 1.624 0.8542 0.4301 0.2371 0.1302 0.06853 0.03594 0.01875 0.01062 0.005957 0.003298 0.001676 0.002217
1.248 14.42 35.28 21.68 11.37 6.263 3.43 1.716 0.8604 0.4527 0.2279 0.1257 0.06899 0.03632 0.01905 0.009934 0.005627 0.003157 0.001748 0.002063
1.261 13.6 35.18 22.79 11.49 6.024 3.319 1.818 0.9092 0.4559 0.2399 0.1208 0.06659 0.03656 0.01925 0.01009 0.005264 0.002982 0.001673 0.002019
1.392 13.75 33.19 22.73 12.08 6.087 3.192 1.759 0.9633 0.4818 0.2416 0.1271 0.06401 0.03529 0.01937 0.0102 0.005349 0.00279 0.00158 0.001957
1.367 15.18 33.54 21.44 12.04 6.4 3.226 1.692 0.9321 0.5105 0.2553 0.128 0.06737 0.03392 0.0187 0.01027 0.005405 0.002835 0.001478 0.001874
1.322 14.55 36.22 21.2 11.12 6.246 3.319 1.673 0.8774 0.4834 0.2647 0.1324 0.0664 0.03494 0.01759 0.009698 0.005324 0.002803 0.00147 0.001739
1.124 14.08 34.81 23.02 11.06 5.801 3.259 1.732 0.873 0.4578 0.2522 0.1381 0.0691 0.03465 0.01823 0.00918 0.005061 0.002778 0.001463 0.001674
1.169 11.96 33.78 22.25 12.09 5.809 3.046 1.711 0.9094 0.4584 0.2404 0.1324 0.07254 0.03628 0.01819 0.009573 0.00482 0.002657 0.001459 0.001647
1.188 12.44 28.78 21.71 11.76 6.386 3.069 1.609 0.9041 0.4804 0.2422 0.127 0.06997 0.03832 0.01917 0.009613 0.005057 0.002547 0.001404 0.001641
1.154 12.64 30.01 18.6 11.54 6.249 3.395 1.631 0.8554 0.4806 0.2554 0.1287 0.06751 0.0372 0.02037 0.01019 0.00511 0.002688 0.001354 0.001619
1.15 12.28 30.58 19.5 9.949 6.172 3.342 1.816 0.8725 0.4575 0.257 0.1366 0.06885 0.03611 0.01989 0.0109 0.00545 0.002733 0.001438 0.00159
1.111 12.24 29.78 19.98 10.49 5.353 3.321 1.798 0.977 0.4695 0.2462 0.1383 0.0735 0.03705 0.01943 0.0107 0.005863 0.002933 0.001471 0.001629
1.018 11.82 29.76 19.56 10.82 5.68 2.898 1.798 0.9735 0.5289 0.2541 0.1333 0.07487 0.03978 0.02005 0.01052 0.005794 0.003174 0.001587 0.001678
1.019 10.83 28.82 19.66 10.65 5.89 3.093 1.578 0.979 0.5301 0.288 0.1384 0.07256 0.04077 0.02166 0.01092 0.005727 0.003155 0.001728 0.001778
0.9931 10.83 26.45 19.13 10.77 5.834 3.226 1.694 0.8643 0.5362 0.2904 0.1577 0.0758 0.03975 0.02233 0.01187 0.005982 0.003137 0.001728 0.001921
0.957 10.56 26.53 17.65 10.54 5.932 3.214 1.778 0.9335 0.4762 0.2954 0.16 0.08691 0.04176 0.0219 0.0123 0.006538 0.003296 0.001728 0.00201
0.9709 10.17 25.92 17.8 9.781 5.842 3.287 1.781 0.985 0.5173 0.2639 0.1637 0.08865 0.04816 0.02314 0.01214 0.006818 0.003623 0.001826 0.002072
0.9843 10.31 25.02 17.47 9.918 5.451 3.255 1.832 0.9926 0.5489 0.2883 0.1471 0.09123 0.04941 0.02684 0.0129 0.006763 0.0038 0.002019 0.002172
0.9622 10.45 25.43 16.95 9.792 5.558 3.055 1.824 1.027 0.5563 0.3076 0.1615 0.08241 0.05113 0.02769 0.01504 0.007228 0.00379 0.002129 0.002349
0.8893 10.21 25.82 17.31 9.554 5.518 3.132 1.721 1.028 0.5785 0.3135 0.1733 0.09103 0.04644 0.02881 0.0156 0.008475 0.004073 0.002136 0.002523
0.8401 9.429 25.27 17.66 9.808 5.412 3.126 1.774 0.9752 0.5824 0.3278 0.1776 0.0982 0.05157 0.02631 0.01632 0.008839 0.004802 0.002307 0.00264
0.8553 8.899 23.38 17.37 10.06 5.586 3.083 1.78 1.01 0.5554 0.3317 0.1867 0.1011 0.05593 0.02937 0.01498 0.009296 0.005034 0.002735 0.002817
0.7864 9.052 22.1 16.14 9.942 5.758 3.198 1.765 1.019 0.5785 0.3179 0.1899 0.1069 0.0579 0.03202 0.01681 0.008577 0.005321 0.002882 0.003178
0.782 8.312 22.51 15.33 9.286 5.719 3.313 1.84 1.015 0.5863 0.3328 0.1829 0.1092 0.06147 0.03331 0.01842 0.009673 0.004934 0.003061 0.003486
