Originally  
101 
A 
2	100	
1	1	NA	NA	
1	20	
1 391.3 326.1 182.6 91.31 143.5 78.27 26.09 0 26.09 13.04 13.04 0 0 0 0 0 13.04 0 0 0
1 249.8 212.4 199.9 199.9 137.4 74.95 112.4 12.49 24.98 12.49 0 12.49 0 0 0 0 0 0 0 0
1 501.1 147.4 176.9 221.1 147.4 132.6 44.22 14.74 29.48 29.48 29.48 0 0 0 0 0 0 0 0 0
1 292.2 231.3 133.9 121.7 109.6 85.21 73.04 60.87 24.35 0 60.87 0 0 0 12.17 0 0 0 12.17 0
1 233.4 203 142.1 111.6 81.18 81.18 40.59 30.44 20.3 40.59 20.3 10.15 0 0 0 0 0 0 0 0
1 281.5 193.5 96.76 87.96 79.17 52.78 43.98 26.39 0 0 0 0 17.59 0 0 0 0 0 0 0
1 314.4 161.7 134.7 53.89 98.8 26.94 17.96 8.982 35.93 8.982 0 8.982 8.982 8.982 0 0 8.982 0 0 0
1 251.3 174 135.3 87 67.67 38.67 67.67 29 29 9.667 19.33 29 9.667 0 9.667 0 0 0 0 9.667
1 376.6 350.6 168.8 77.91 77.91 64.93 77.91 25.97 12.99 38.96 12.99 0 12.99 0 0 0 0 0 0 0
1 297.7 230.5 153.7 67.23 67.23 48.02 38.42 9.605 0 19.21 19.21 0 0 0 0 0 0 0 0 9.605
1 231.2 154.1 111.3 94.18 42.81 51.37 51.37 25.69 17.12 17.12 8.562 25.69 8.562 0 0 8.562 0 8.562 0 0
1 189.2 180.2 189.2 99.13 72.09 45.06 36.05 18.02 18.02 18.02 9.012 9.012 0 18.02 0 0 0 0 0 0
1 557.2 155.5 233.2 90.7 51.83 64.79 12.96 25.91 25.91 0 38.87 12.96 0 12.96 12.96 0 0 0 0 0
1 367.1 109.1 208.4 109.1 49.61 29.76 39.69 29.76 9.922 29.76 0 0 0 0 0 0 0 0 0 9.922
1 271.9 203.9 126.2 135.9 87.39 29.13 29.13 19.42 0 38.84 19.42 9.71 0 0 0 0 0 0 0 0
1 410.5 331 185.4 158.9 66.2 52.96 26.48 39.72 26.48 13.24 0 0 13.24 0 0 0 0 0 0 0
1 467.3 316.1 137.5 137.5 96.22 54.98 41.24 41.24 0 27.49 41.24 0 0 0 13.75 0 0 0 0 0
1 365.6 204.3 150.5 161.3 43.01 53.76 21.5 32.26 0 21.5 10.75 0 0 0 10.75 0 0 0 0 0
1 377.9 273.7 221.5 130.3 65.16 52.13 91.22 13.03 26.06 13.03 0 0 0 13.03 13.03 0 13.03 0 0 0
1 481.2 275 220 96.24 96.24 82.49 68.74 13.75 41.24 0 0 0 0 0 0 0 0 0 0 0
1 350.6 320.2 152.5 198.2 167.7 106.7 91.47 30.49 0 30.49 30.49 0 15.25 0 0 0 15.25 0 0 15.25
1 395.8 325.1 212 141.4 70.68 42.41 56.54 28.27 28.27 14.14 14.14 28.27 28.27 0 0 14.14 0 0 14.14 0
1 513.4 325.1 290.9 188.2 154 102.7 51.34 51.34 0 0 34.23 0 0 0 0 0 0 0 0 0
1 479.4 278.4 201.1 232 15.47 123.7 77.33 46.4 15.47 30.93 15.47 0 15.47 0 0 0 0 0 15.47 0
1 470.8 218.6 353.1 185 151.3 100.9 67.26 16.81 33.63 0 0 0 33.63 50.44 0 0 0 0 0 0
1 354.2 320 194.3 68.56 45.71 34.28 45.71 11.43 34.28 11.43 11.43 0 0 11.43 0 0 0 0 0 0
1 649.4 222.2 239.3 188 119.6 68.36 51.27 17.09 51.27 34.18 17.09 0 0 0 17.09 0 0 17.09 0 17.09
1 451.4 278.8 199.2 119.5 92.94 66.38 26.55 26.55 39.83 0 13.28 13.28 0 0 0 0 0 0 0 0
1 526.5 232.3 232.3 263.3 108.4 61.94 30.97 15.49 15.49 61.94 0 0 0 0 0 0 0 0 0 0
1 547 370 225.2 144.8 96.53 80.44 32.18 48.27 32.18 0 16.09 0 0 16.09 0 0 0 0 0 0
1 676.2 260.1 329.5 138.7 52.02 104 34.68 34.68 17.34 0 34.68 17.34 17.34 0 0 0 0 0 17.34 0
1 663.1 427.8 470.6 106.9 128.3 106.9 64.17 64.17 64.17 21.39 21.39 0 0 0 0 0 0 0 0 0
1 635.7 610.3 406.9 356 127.1 101.7 50.86 25.43 50.86 50.86 50.86 25.43 0 0 0 0 50.86 0 0 0
1 560.4 385.3 192.7 192.7 122.6 105.1 87.57 17.51 17.51 17.51 35.03 17.51 0 0 0 0 0 0 0 0
1 656.9 378.2 318.5 238.9 179.1 99.52 59.71 39.81 0 0 0 19.9 0 0 0 0 0 0 0 0
1 492.3 437.6 364.7 218.8 91.17 91.17 54.7 18.23 18.23 18.23 18.23 0 0 0 0 0 0 0 0 0
1 427.1 270.5 213.5 142.4 71.18 71.18 42.71 85.41 56.94 14.24 14.24 0 14.24 0 0 0 0 0 0 0
1 302 183.3 172.6 118.6 53.92 75.49 64.71 10.78 21.57 10.78 10.78 10.78 10.78 10.78 0 10.78 10.78 0 0 0
1 741.2 240.4 400.7 220.4 160.3 80.13 40.07 0 0 0 60.1 40.07 0 0 0 0 0 0 0 20.03
1 751.6 289.1 231.3 173.5 96.36 134.9 96.36 38.55 38.55 57.82 19.27 0 0 0 0 0 0 0 0 0
1 715 484.4 322.9 230.7 207.6 69.2 0 115.3 46.13 23.07 46.13 23.07 23.07 0 0 0 0 0 0 0
1 635 348.2 471.2 204.9 143.4 122.9 40.97 0 40.97 0 0 0 20.49 0 0 0 0 20.49 0 0
1 414.8 300.4 243.2 143 85.82 71.52 71.52 14.3 28.61 42.91 0 0 14.3 0 0 0 0 0 0 0
1 524.6 293.2 262.3 216 61.72 77.15 61.72 0 0 0 15.43 0 0 0 0 0 15.43 0 15.43 0
1 444.7 301.8 365.3 158.8 174.7 31.76 63.53 31.76 0 0 0 0 0 0 0 0 0 0 0 15.88
1 483.7 447.9 250.8 179.2 53.75 107.5 107.5 53.75 53.75 17.92 35.83 0 0 0 0 0 0 0 0 0
1 790.4 512.7 277.7 149.5 170.9 128.2 42.72 21.36 21.36 21.36 0 0 0 0 0 0 0 0 0 0
1 678.2 423.9 271.3 152.6 118.7 33.91 16.95 0 0 0 0 0 0 0 0 0 0 0 0 0
1 798.2 359.2 239.5 179.6 139.7 59.87 79.82 39.91 19.96 19.96 0 59.87 0 0 0 0 0 0 0 0
1 540.3 520.3 360.2 220.1 180.1 60.04 40.02 20.01 20.01 20.01 0 0 0 0 20.01 0 0 0 0 0
1 506.1 347.9 237.2 158.1 94.89 47.44 63.26 31.63 63.26 31.63 0 0 0 0 0 0 0 0 0 0
1 714.9 365.4 158.9 95.32 111.2 47.66 0 31.77 15.89 31.77 0 0 0 0 0 0 0 0 15.89 0
1 749.5 431.5 340.7 318 204.4 136.3 45.42 0 45.42 0 0 0 0 0 0 0 0 0 0 0
1 432.4 336.3 304.3 160.2 144.1 48.05 80.08 32.03 32.03 16.02 0 16.02 0 0 0 0 0 0 0 0
1 459.9 445.1 163.2 178 103.8 59.34 29.67 0 29.67 0 0 0 0 0 14.84 0 0 0 0 0
1 681.4 251 197.2 197.2 215.2 35.86 71.72 35.86 35.86 53.79 0 17.93 0 0 0 0 0 0 0 0
1 715.1 405.9 309.2 174 96.64 77.31 57.98 0 19.33 19.33 19.33 0 38.66 0 0 0 0 0 0 0
1 450.3 315.2 240.1 240.1 75.04 90.05 45.03 30.02 0 0 0 0 0 0 0 0 15.01 0 0 0
1 356.3 400.8 133.6 193 148.4 89.07 74.22 14.84 14.84 0 14.84 14.84 0 0 0 14.84 0 14.84 0 0
1 503.7 436.5 167.9 184.7 100.7 50.37 83.95 67.16 16.79 16.79 33.58 0 0 0 16.79 0 0 0 0 0
1 415.6 560.1 252.9 198.7 36.14 72.27 90.34 90.34 18.07 18.07 18.07 18.07 0 18.07 0 0 0 0 0 0
1 419.3 279.5 167.7 125.8 111.8 139.8 69.88 41.93 41.93 0 0 0 0 0 0 0 0 0 0 0
1 401.5 272.4 215.1 114.7 114.7 86.04 71.7 57.36 14.34 14.34 0 28.68 14.34 14.34 0 14.34 0 0 0 0
1 734 330.3 348.6 91.74 128.4 36.7 55.05 18.35 55.05 0 18.35 0 0 0 0 0 0 0 0 18.35
1 337.9 191.8 118.7 82.19 45.66 63.92 27.4 27.4 18.26 0 0 0 0 0 0 0 0 0 0 0
1 432.7 327.8 222.9 78.68 91.79 39.34 26.23 0 39.34 26.23 13.11 0 0 0 13.11 0 0 0 0 0
1 398.9 299.2 224.4 62.32 87.25 74.79 24.93 37.39 24.93 0 0 0 12.46 0 0 0 0 0 0 0
1 273.2 162.2 119.5 111 25.61 68.29 34.15 17.07 8.537 17.07 0 8.537 8.537 0 0 0 0 0 0 0
1 217.4 226.8 160.7 94.5 66.15 47.25 75.6 18.9 9.45 18.9 0 0 0 0 9.45 0 0 0 0 0
1 340.7 201.9 164 227.1 75.72 88.33 25.24 25.24 50.48 12.62 12.62 12.62 12.62 0 12.62 0 0 0 0 0
1 281.6 206.5 131.4 122 65.72 28.16 37.55 0 28.16 0 37.55 0 0 0 0 0 0 0 0 0
1 221.9 190.2 95.09 63.39 31.7 55.47 47.54 39.62 23.77 7.924 0 15.85 0 0 0 0 0 0 0 0
1 462.7 298.5 223.9 104.5 104.5 164.2 59.7 44.78 0 14.93 14.93 0 0 0 0 0 0 0 0 0
1 436.6 237 149.7 137.2 74.84 49.89 62.36 24.95 12.47 12.47 24.95 12.47 0 0 12.47 0 0 0 0 0
1 233 224 107.5 62.73 89.61 53.76 17.92 35.84 17.92 8.961 0 0 8.961 8.961 0 8.961 8.961 0 0 8.961
1 345.5 262.1 190.6 119.1 71.48 47.65 59.57 47.65 11.91 23.83 11.91 0 0 0 0 0 0 0 0 0
1 502.3 196 171.5 171.5 36.76 73.51 12.25 24.5 0 0 24.5 0 12.25 0 0 0 0 0 0 0
1 296.9 157.2 131 69.85 52.39 61.12 8.731 34.92 17.46 8.731 17.46 8.731 0 8.731 0 0 0 0 0 0
1 356.8 262.4 188.9 41.98 83.96 31.48 20.99 20.99 0 0 10.49 10.49 0 0 0 0 10.49 0 0 10.49
1 285.9 345 128.1 59.14 69 49.29 0 19.71 0 9.857 19.71 0 0 0 0 0 0 0 0 0
1 304 214.6 125.2 80.46 71.52 35.76 0 35.76 0 8.94 8.94 0 0 0 0 8.94 0 0 0 0
1 230.5 146 53.78 115.2 84.51 46.1 30.73 15.37 23.05 15.37 0 7.683 0 0 0 0 0 0 0 0
1 344.7 197 187.1 59.09 68.94 9.849 68.94 9.849 0 9.849 29.55 0 0 0 0 0 0 0 0 0
1 509.5 239.7 284.7 119.9 89.9 119.9 59.94 29.97 29.97 14.98 0 0 0 0 0 0 0 0 0 0
1 260.2 243.5 134.3 41.98 75.56 33.58 33.58 8.395 0 0 8.395 0 0 0 0 0 0 0 0 0
1 326 236.1 202.4 67.45 44.97 78.7 11.24 56.21 33.73 33.73 22.48 11.24 0 0 0 0 0 0 0 0
1 422.1 322.8 186.2 124.1 49.66 49.66 24.83 12.41 12.41 12.41 12.41 0 0 0 12.41 0 0 0 0 0
1 269.5 147.8 173.9 95.62 60.85 26.08 26.08 0 34.77 0 8.693 0 8.693 8.693 0 0 0 0 0 8.693
1 333.4 347.3 194.5 138.9 138.9 125 69.46 0 41.68 0 0 0 0 0 0 0 0 0 0 0
1 274.1 146.2 137 155.3 36.54 45.68 63.95 0 18.27 0 9.136 9.136 9.136 9.136 0 0 0 0 0 0
1 270.4 194.3 185.9 59.14 50.69 33.79 25.35 16.9 8.449 0 0 0 0 0 0 0 0 0 0 0
1 295.5 197 125.3 107.4 80.58 44.77 8.953 17.91 17.91 0 0 0 0 0 0 0 0 0 0 0
1 324.5 171.8 105 143.2 66.81 47.72 38.18 19.09 9.545 9.545 0 9.545 0 0 0 9.545 0 0 0 0
1 437.6 409.3 155.3 183.5 112.9 42.35 0 28.23 0 14.12 0 0 14.12 14.12 0 0 0 0 0 0
1 240.5 172.9 90.2 67.65 30.07 15.03 52.61 22.55 30.07 7.516 0 7.516 0 0 0 7.516 0 7.516 0 0
1 371.8 234.8 137 88.06 9.785 58.71 29.35 19.57 0 0 19.57 0 9.785 0 0 0 0 0 0 0
1 321.7 197.1 207.5 83.01 62.26 31.13 31.13 41.5 20.75 10.38 10.38 20.75 0 0 0 0 0 0 0 0
1 196.9 212.7 110.3 63.02 78.77 39.39 15.75 31.51 7.877 7.877 15.75 0 7.877 0 0 0 0 0 0 0
1 313 181.2 98.83 123.5 32.94 16.47 24.71 16.47 0 8.236 8.236 0 0 0 0 0 0 0 0 0
