 landings-at-age - landings.n (units : NA )
1	2	
42	100	
1	20	
1 
0.9858 10.88 25.72 16.43 11.31 8.024 5.731 4.394 3.064 2.099 1.515 0.9874 0.5814 0.4301 0.3001 0.2198 0.1634 0.1108 0.07701 0.1797
1.143 12.04 29.86 18.9 9.933 6.837 4.852 3.465 2.657 1.853 1.269 0.9159 0.5971 0.3515 0.2601 0.1815 0.1329 0.09883 0.067 0.1552
1.044 11.29 26.84 17.68 9.184 4.826 3.321 2.357 1.684 1.291 0.9 0.6166 0.445 0.2901 0.1708 0.1263 0.08816 0.06456 0.04801 0.108
0.9938 11.16 27.34 17.43 9.445 4.906 2.578 1.774 1.259 0.8994 0.6896 0.4808 0.3294 0.2377 0.155 0.09124 0.06749 0.0471 0.03449 0.08333
1.001 11.29 28.68 18.87 9.902 5.366 2.787 1.465 1.008 0.7154 0.5109 0.3918 0.2731 0.1871 0.135 0.08804 0.05183 0.03834 0.02676 0.06694
1.065 10.91 27.81 18.91 10.23 5.369 2.909 1.511 0.794 0.5465 0.3879 0.277 0.2124 0.1481 0.1015 0.07322 0.04773 0.0281 0.02079 0.0508
1.079 12.12 28 19.1 10.68 5.779 3.033 1.643 0.8536 0.4485 0.3087 0.2191 0.1565 0.12 0.08365 0.05731 0.04136 0.02696 0.01587 0.04044
0.9985 10.74 27.36 16.87 9.452 5.285 2.86 1.501 0.8131 0.4224 0.2219 0.1528 0.1084 0.07743 0.05937 0.04139 0.02836 0.02047 0.01334 0.02787
1.096 12.52 30.29 20.72 10.52 5.895 3.296 1.784 0.9359 0.5071 0.2634 0.1384 0.09527 0.06762 0.04829 0.03703 0.02582 0.01769 0.01276 0.0257
0.9916 11.44 29.38 18.87 10.59 5.378 3.014 1.685 0.912 0.4786 0.2593 0.1347 0.07078 0.04872 0.03457 0.02469 0.01893 0.0132 0.009044 0.01967
0.9608 11.19 28.99 19.84 10.47 5.878 2.984 1.672 0.9351 0.506 0.2655 0.1439 0.07474 0.03927 0.02703 0.01918 0.0137 0.0105 0.007324 0.01593
1.05 10.01 26.25 18.07 10.15 5.358 3.008 1.527 0.8559 0.4785 0.259 0.1359 0.07363 0.03825 0.0201 0.01383 0.009817 0.007011 0.005376 0.0119
0.9895 11.08 23.89 16.74 9.474 5.323 2.809 1.577 0.8005 0.4487 0.2509 0.1358 0.07123 0.0386 0.02005 0.01054 0.007251 0.005146 0.003675 0.009057
0.9696 11.14 28.18 16.26 9.375 5.306 2.981 1.573 0.8832 0.4484 0.2513 0.1405 0.07603 0.0399 0.02162 0.01123 0.005901 0.004061 0.002882 0.007131
0.9394 10.84 28.05 18.95 8.99 5.182 2.933 1.648 0.8695 0.4882 0.2478 0.1389 0.07766 0.04202 0.02205 0.01195 0.006207 0.003261 0.002245 0.005535
0.9105 9.519 24.87 17.17 9.527 4.52 2.605 1.475 0.8286 0.4372 0.2455 0.1246 0.06984 0.03905 0.02113 0.01109 0.006008 0.003121 0.00164 0.003912
0.9947 11.21 26.34 18.44 10.48 5.815 2.759 1.59 0.9001 0.5057 0.2669 0.1498 0.07606 0.04263 0.02383 0.0129 0.006768 0.003667 0.001905 0.003389
0.944 9.954 25.3 15.79 9.071 5.154 2.861 1.357 0.7823 0.4427 0.2488 0.1313 0.0737 0.03741 0.02097 0.01172 0.006344 0.003329 0.001804 0.002604
0.9621 10.18 24.3 16.54 8.488 4.877 2.771 1.538 0.7297 0.4206 0.238 0.1337 0.07058 0.03962 0.02011 0.01127 0.006303 0.003411 0.00179 0.00237
1.036 11.62 27.63 17.65 9.881 5.072 2.914 1.656 0.919 0.436 0.2513 0.1422 0.07992 0.04217 0.02368 0.01202 0.006737 0.003767 0.002038 0.002486
0.9963 11.2 28.19 17.78 9.318 5.216 2.678 1.539 0.8742 0.4852 0.2302 0.1327 0.07509 0.04219 0.02226 0.0125 0.006345 0.003556 0.001988 0.002388
1.05 11.02 27.76 18.53 9.59 5.027 2.814 1.445 0.83 0.4716 0.2617 0.1242 0.07158 0.04051 0.02276 0.01201 0.006743 0.003423 0.001919 0.002361
0.9472 10.39 24.6 16.46 9.012 4.665 2.445 1.369 0.7027 0.4038 0.2294 0.1273 0.06041 0.03482 0.01971 0.01107 0.005843 0.00328 0.001665 0.002082
0.9623 10.65 26.39 16.73 9.203 5.041 2.609 1.368 0.7657 0.393 0.2258 0.1283 0.07121 0.03379 0.01947 0.01102 0.006193 0.003268 0.001835 0.002096
0.9554 10.42 26.05 17.23 8.979 4.94 2.705 1.4 0.7341 0.4109 0.2109 0.1212 0.06887 0.03822 0.01813 0.01045 0.005916 0.003324 0.001754 0.00211
0.9408 10.55 25.96 17.34 9.431 4.914 2.704 1.481 0.7664 0.4018 0.2249 0.1154 0.06634 0.03769 0.02092 0.009925 0.005721 0.003238 0.001819 0.002115
0.8288 9.664 24.55 16.15 8.868 4.823 2.513 1.383 0.7573 0.392 0.2055 0.115 0.05904 0.03393 0.01928 0.0107 0.005076 0.002926 0.001656 0.002012
0.9599 10.16 26.67 18.17 9.84 5.403 2.939 1.531 0.8424 0.4614 0.2388 0.1252 0.07008 0.03597 0.02067 0.01175 0.006518 0.003093 0.001783 0.002235
0.9065 9.918 23.66 16.49 9.225 4.996 2.743 1.492 0.7775 0.4277 0.2342 0.1213 0.06356 0.03558 0.01826 0.01049 0.005963 0.003309 0.00157 0.00204
0.8404 9.201 22.84 14.57 8.349 4.67 2.529 1.389 0.7552 0.3935 0.2165 0.1186 0.06137 0.03217 0.01801 0.009245 0.005312 0.003018 0.001675 0.001827
0.9113 9.856 24.41 16.29 8.554 4.902 2.742 1.485 0.8153 0.4434 0.2311 0.1271 0.06962 0.03604 0.01889 0.01058 0.005428 0.003119 0.001772 0.002056
1.013 9.852 24.07 15.93 8.74 4.59 2.631 1.471 0.7968 0.4375 0.238 0.124 0.06822 0.03736 0.01934 0.01014 0.005675 0.002913 0.001674 0.002055
1.103 11.64 25.48 16.64 9.054 4.967 2.609 1.495 0.8363 0.4528 0.2487 0.1352 0.07047 0.03877 0.02123 0.01099 0.005762 0.003225 0.001656 0.002119
1.08 11.53 27.46 16 8.585 4.672 2.563 1.346 0.7714 0.4315 0.2337 0.1283 0.06978 0.03636 0.02 0.01096 0.005671 0.002973 0.001664 0.001948
1.06 11.24 27.21 17.33 8.304 4.454 2.424 1.33 0.6984 0.4003 0.2239 0.1212 0.06657 0.03621 0.01887 0.01038 0.005685 0.002943 0.001543 0.001874
1.178 11.84 28.44 18.49 9.698 4.646 2.492 1.356 0.7441 0.3908 0.224 0.1253 0.06784 0.03725 0.02026 0.01056 0.005808 0.003181 0.001647 0.001912
1.453 14.07 31.81 20.45 10.94 5.738 2.749 1.475 0.8025 0.4403 0.2312 0.1325 0.07412 0.04014 0.02204 0.01199 0.006247 0.003436 0.001882 0.002105
1.275 14.54 31.79 19.12 10.09 5.4 2.832 1.357 0.7278 0.3961 0.2173 0.1141 0.0654 0.03658 0.01981 0.01088 0.005916 0.003083 0.001696 0.001968
1.339 14.51 37.35 21.89 10.83 5.718 3.059 1.604 0.7685 0.4122 0.2243 0.1231 0.06464 0.03704 0.02072 0.01122 0.006161 0.003351 0.001746 0.002075
1.46 15.6 37.93 26.04 12.55 6.207 3.277 1.753 0.9193 0.4404 0.2363 0.1286 0.07053 0.03705 0.02123 0.01188 0.006431 0.003531 0.00192 0.00219
1.396 14.38 34.69 22.39 12.62 6.077 3.007 1.587 0.8493 0.4453 0.2134 0.1145 0.06228 0.03417 0.01795 0.01028 0.005753 0.003115 0.001711 0.001991
1.361 15.78 36.71 23.73 12.6 7.1 3.42 1.692 0.8934 0.478 0.2506 0.1201 0.06441 0.03505 0.01923 0.0101 0.005788 0.003238 0.001753 0.002083
1.282 14.61 38.27 23.79 12.64 6.712 3.781 1.821 0.9013 0.4758 0.2545 0.1335 0.06395 0.0343 0.01867 0.01024 0.005379 0.003083 0.001724 0.002043
1.461 14.35 36.9 25.86 13.22 7.023 3.73 2.101 1.012 0.5009 0.2644 0.1415 0.07418 0.03554 0.01906 0.01037 0.005692 0.002989 0.001713 0.002094
1.328 14.95 33.29 22.87 13.18 6.734 3.578 1.9 1.071 0.5157 0.2552 0.1347 0.07207 0.03779 0.01811 0.009712 0.005285 0.0029 0.001523 0.001939
1.305 14.93 38.09 22.78 12.88 7.422 3.794 2.015 1.07 0.6031 0.2905 0.1437 0.07589 0.0406 0.02129 0.0102 0.005471 0.002977 0.001633 0.00195
1.342 15.12 39 26.65 13.11 7.417 4.273 2.184 1.16 0.6163 0.3472 0.1672 0.08275 0.04369 0.02337 0.01226 0.005872 0.00315 0.001714 0.002063
1.221 14.94 37.84 25.98 14.58 7.177 4.059 2.338 1.195 0.6349 0.3372 0.19 0.09152 0.04528 0.02391 0.01279 0.006706 0.003213 0.001724 0.002067
1.204 13.47 36.98 24.89 14.03 7.878 3.877 2.192 1.263 0.6456 0.343 0.1822 0.1026 0.04944 0.02446 0.01291 0.006909 0.003623 0.001736 0.002048
1.094 11.76 29.77 21.73 12.01 6.771 3.801 1.871 1.058 0.6094 0.3115 0.1655 0.0879 0.04952 0.02385 0.0118 0.006231 0.003334 0.001748 0.001826
1.193 13.44 32.5 22.06 13.26 7.325 4.13 2.319 1.141 0.6452 0.3717 0.19 0.1009 0.05361 0.0302 0.01455 0.007199 0.003801 0.002033 0.00218
1.174 12.65 32.04 20.57 11.46 6.886 3.805 2.145 1.204 0.5927 0.3352 0.1931 0.0987 0.05243 0.02785 0.01569 0.007558 0.00374 0.001974 0.002189
1.237 13.01 31.5 21.22 11.19 6.235 3.746 2.07 1.167 0.6553 0.3225 0.1824 0.1051 0.0537 0.02853 0.01515 0.008536 0.004112 0.002035 0.002265
1.137 12.45 29.57 19.06 10.55 5.56 3.098 1.861 1.029 0.5799 0.3256 0.1602 0.0906 0.0522 0.02668 0.01417 0.007528 0.004241 0.002043 0.002136
1.104 12.33 30.6 19.49 10.34 5.717 3.015 1.68 1.009 0.5576 0.3144 0.1765 0.08686 0.04912 0.0283 0.01446 0.007685 0.004081 0.002299 0.002266
1.22 12.7 32.02 21.3 11.17 5.921 3.275 1.727 0.9622 0.5781 0.3195 0.1801 0.1011 0.04976 0.02814 0.01621 0.008286 0.004402 0.002338 0.002615
1.37 13.71 32.09 21.58 11.8 6.185 3.28 1.814 0.9566 0.533 0.3202 0.177 0.09978 0.05601 0.02756 0.01559 0.00898 0.00459 0.002439 0.002744
1.312 14.15 31.95 19.92 11 6.016 3.153 1.672 0.925 0.4877 0.2717 0.1633 0.09022 0.05087 0.02856 0.01405 0.007947 0.004579 0.00234 0.002642
1.401 15.63 37.87 22.85 11.72 6.474 3.54 1.855 0.9838 0.5442 0.287 0.1599 0.09606 0.05308 0.02993 0.0168 0.008268 0.004676 0.002694 0.002932
