Originally  
101 
A 
42	100	
1	1	NA	NA	
1	20	
1 0 0.1618 0.3641 0.4855 0.2832 0.1214 0.2225 0.1416 0.02023 0.04046 0.04046 0.02023 0.04046 0.06069 0 0.02023 0 0 0 0
1 0.06701 0.1005 0.3016 0.3183 0.3853 0.1508 0.1173 0.05026 0.1005 0.03351 0.03351 0 0.01675 0 0 0 0 0 0 0
1 0 0.3445 0.6889 0.424 0.3445 0.159 0.2915 0.07949 0.159 0 0.053 0.07949 0 0 0 0.0265 0 0 0 0
1 0.02805 0.2524 0.4488 0.6732 0.6171 0.2524 0.1963 0.0561 0.08415 0.02805 0.0561 0.02805 0.02805 0 0 0 0 0.02805 0 0.02805
1 0.04256 0.2554 0.6172 0.3618 0.1915 0.2341 0.1064 0.04256 0.08513 0.02128 0.02128 0.06384 0 0.04256 0.02128 0 0 0 0 0.02128
1 0.01517 0.2731 0.3641 0.1365 0.2276 0.1365 0.07586 0.04552 0.03034 0.07586 0.01517 0.06069 0 0.01517 0 0.01517 0 0 0.01517 0.01517
1 0.0346 0.2768 0.4499 0.346 0.1557 0.1557 0.06921 0.05191 0.0346 0.05191 0.0173 0 0.0173 0 0.05191 0 0 0.0173 0 0
1 0.06291 0.2726 0.5452 0.1887 0.3565 0.1468 0.1678 0.08388 0.04194 0.08388 0.02097 0.06291 0.04194 0 0 0 0 0 0.02097 0
1 0.01841 0.1472 0.5522 0.3313 0.2945 0.09203 0.1104 0.07362 0.05522 0 0.03681 0.07362 0.01841 0.03681 0 0 0 0 0 0
1 0.07378 0.3136 0.4058 0.2951 0.2398 0.1291 0.2029 0.03689 0.03689 0.01844 0 0.05533 0.01844 0.01844 0 0 0 0 0 0
1 0.0283 0.2972 0.4104 0.184 0.1557 0.07076 0.1274 0.0283 0.01415 0.04246 0.0283 0 0.0283 0 0 0 0 0 0 0
1 0.04512 0.3159 0.3309 0.2858 0.1955 0.09024 0.09024 0.03008 0.03008 0 0.03008 0.03008 0.03008 0 0 0 0 0 0 0
1 0.09614 0.3077 0.5768 0.3846 0.1731 0.07691 0.1346 0.1538 0 0 0 0 0 0.01923 0 0 0 0 0 0
1 0.03079 0.1231 0.2771 0.2565 0.1129 0.06157 0.06157 0.03079 0.04105 0.02052 0 0.01026 0 0 0 0 0 0 0 0
1 0.01738 0.2954 0.3649 0.3649 0.2954 0.2259 0.06951 0 0.03475 0.03475 0.01738 0 0 0.01738 0 0 0 0 0 0
1 0.03424 0.2054 0.5135 0.1712 0.05706 0.07988 0.03424 0.02282 0.01141 0 0 0.01141 0 0 0 0 0 0 0 0
1 0.03159 0.2211 0.4738 0.2685 0.1264 0.1737 0.07897 0.03159 0.07897 0.03159 0.01579 0.01579 0 0.01579 0 0.01579 0 0 0 0
1 0.03928 0.1964 0.3928 0.3928 0.07856 0.07856 0.05237 0.02619 0.01309 0.01309 0.01309 0 0 0.01309 0 0 0 0 0 0
1 0.01818 0.2 0.2637 0.1364 0.1091 0.07274 0.009092 0.05455 0 0.009092 0.009092 0.009092 0.009092 0 0 0 0 0 0 0.009092
1 0.05523 0.2071 0.5385 0.1933 0.1657 0.1243 0.01381 0.05523 0.01381 0.01381 0 0 0 0 0 0 0 0 0 0
1 0.04471 0.1341 0.3353 0.3129 0.1229 0.03353 0.06706 0.04471 0 0.01118 0 0 0 0 0 0 0 0 0 0.01118
1 0 0.1163 0.3221 0.2684 0.08947 0.02684 0.008947 0.02684 0.008947 0.01789 0 0.008947 0 0 0 0 0 0 0 0
1 0.02845 0.1802 0.2371 0.2371 0.1328 0.0569 0.009484 0.03794 0 0 0.009484 0 0.01897 0 0 0 0 0 0 0
1 0.03574 0.1161 0.268 0.2055 0.1161 0.06254 0.06254 0.008934 0 0 0.008934 0 0 0.008934 0 0 0 0 0 0
1 0.01187 0.1425 0.1603 0.1187 0.0653 0.05936 0.02374 0.005936 0.005936 0 0 0 0 0 0 0 0 0 0 0
1 0.01112 0.1891 0.3115 0.2114 0.178 0.06675 0.0445 0.06675 0.01112 0.01112 0.01112 0 0 0 0 0 0 0 0 0
1 0.01786 0.1965 0.2322 0.1875 0.1161 0.02679 0.07144 0.01786 0.01786 0 0 0.00893 0 0 0 0 0 0 0 0
1 0.01441 0.08167 0.1393 0.08647 0.1057 0.02402 0.01441 0.004804 0.004804 0 0 0 0.004804 0 0 0 0 0 0 0
1 0.02132 0.07818 0.263 0.1848 0.09951 0.04265 0.007108 0.01422 0 0 0 0 0 0 0 0 0 0 0 0
1 0.01001 0.1201 0.1401 0.1201 0.06005 0.01501 0.005004 0.01001 0.02002 0 0 0 0 0 0 0 0 0 0 0
1 0.0253 0.08856 0.2277 0.1202 0.07591 0.04428 0.01898 0.01898 0.01265 0 0 0 0 0 0 0 0 0 0 0
1 0.02771 0.1316 0.2078 0.1732 0.07619 0.01385 0.02078 0.01385 0 0.02078 0 0 0 0 0 0.006927 0 0 0 0
1 0.008513 0.1362 0.2639 0.2043 0.1192 0.05959 0.02554 0 0 0.008513 0.02554 0 0 0 0 0 0 0 0 0
1 0.01954 0.08794 0.1612 0.1173 0.02931 0.03908 0.009771 0.004886 0 0.009771 0.004886 0.004886 0 0 0 0 0 0 0 0
1 0.0208 0.08737 0.1123 0.09153 0.05825 0.01664 0.01248 0.01248 0 0.004161 0 0 0 0 0 0 0 0 0 0
1 0.005564 0.1669 0.1391 0.1057 0.0779 0.02782 0.01113 0.01113 0 0 0.005564 0 0.005564 0 0 0 0 0 0 0
1 0.005874 0.1468 0.2173 0.1057 0.06461 0.01762 0.005874 0.01762 0 0 0 0 0 0.005874 0 0 0 0 0 0
1 0.02095 0.06285 0.1571 0.1466 0.06809 0.03666 0.01047 0.01571 0 0 0.005237 0 0 0 0 0 0 0 0 0
1 0.03534 0.101 0.1262 0.09087 0.05048 0.04544 0.03029 0.005048 0.005048 0.005048 0.005048 0 0.005048 0 0 0 0 0 0 0
1 0.02648 0.07943 0.1589 0.1271 0.07413 0.02648 0.01059 0.01059 0 0.005295 0 0.01059 0 0 0 0 0 0 0 0
1 0.01348 0.08761 0.2763 0.1146 0.09435 0.06065 0.006739 0.006739 0.006739 0.006739 0 0 0 0 0 0 0 0 0 0
1 0.03041 0.152 0.2205 0.1596 0.09883 0.03801 0.03041 0.0152 0 0 0 0 0.007602 0 0 0.007602 0 0 0 0
1 0.02448 0.08814 0.1616 0.1028 0.04407 0.02448 0.004897 0.01469 0.01959 0 0.004897 0 0 0 0 0 0 0 0 0
1 0 0.2025 0.1846 0.131 0.04168 0.01786 0.01191 0.005955 0 0 0 0 0 0 0 0 0 0 0 0
1 0.01544 0.1235 0.1338 0.08751 0.09266 0.03603 0.005148 0.0103 0 0.005148 0 0.005148 0 0 0 0 0 0 0 0
1 0.003638 0.06912 0.1164 0.0873 0.04365 0.01455 0.01091 0.003638 0.007275 0.003638 0 0 0.003638 0 0 0 0 0 0 0
1 0.01301 0.1084 0.1171 0.08241 0.04338 0.02603 0.02603 0.004338 0.008675 0 0 0 0 0 0 0.004338 0 0 0 0
1 0.007694 0.06155 0.1308 0.1077 0.03078 0.03078 0.007694 0.003847 0 0.003847 0 0 0 0 0 0 0 0 0 0
1 0.01523 0.0914 0.1142 0.07617 0.03427 0.02666 0.01142 0.003808 0.003808 0 0.003808 0 0 0 0 0 0 0 0 0
1 0.01606 0.1178 0.1659 0.09099 0.04282 0.05888 0.02141 0.01606 0 0.005352 0 0 0 0 0 0 0 0 0 0
1 0.007173 0.1148 0.2152 0.2152 0.07173 0.03587 0.007173 0.007173 0.01435 0.007173 0.007173 0.007173 0 0.007173 0 0 0 0 0 0
1 0.03688 0.1697 0.177 0.1918 0.03688 0.05901 0.02213 0.02213 0.02213 0 0 0 0 0 0 0 0 0 0 0
1 0.008595 0.07736 0.1074 0.1031 0.06876 0.03008 0.01289 0.008595 0.008595 0 0.004298 0 0 0 0 0 0 0 0 0
1 0.02263 0.1245 0.2037 0.0792 0.03394 0.03394 0.02828 0.02263 0.005657 0.005657 0 0 0.005657 0 0 0 0 0 0 0
1 0.03382 0.1296 0.1973 0.08454 0.04509 0.04509 0.01691 0 0.01127 0 0 0 0 0 0 0 0 0 0 0
1 0.01317 0.07245 0.1844 0.1778 0.09879 0.03952 0.02634 0.01317 0.01317 0.006586 0.01317 0 0 0 0 0 0 0 0 0
1 0.01305 0.124 0.2088 0.1501 0.04568 0.04568 0.0261 0.01958 0 0.01305 0.006525 0 0 0 0 0 0 0 0 0
1 0.02181 0.1454 0.2618 0.1672 0.07998 0.01454 0.01454 0.01454 0 0 0.007271 0 0 0 0 0 0 0 0 0
1 0.005233 0.08897 0.1518 0.1099 0.1099 0.02617 0.0157 0.01047 0 0.005233 0 0 0 0 0 0 0 0 0 0
