 landings-at-age - landings.n (units : NA )
1	2	
42	100	
1	20	
1 
0.004658 0.05782 0.1625 0.1476 0.1046 0.07547 0.05334 0.03754 0.02567 0.01699 0.01193 0.008488 0.006243 0.005041 0.00338 0.002347 0.00155 0.001099 0.0008345 0.002042
0.004884 0.0523 0.1623 0.1355 0.1035 0.07334 0.05291 0.0374 0.02632 0.018 0.01191 0.008362 0.005951 0.004377 0.003534 0.00237 0.001646 0.001087 0.0007703 0.002017
0.07814 0.8615 2.296 2.114 1.484 1.134 0.8035 0.5797 0.4097 0.2884 0.1972 0.1305 0.09162 0.0652 0.04795 0.03872 0.02596 0.01803 0.01191 0.03054
0.1393 1.694 4.619 3.632 2.809 1.972 1.506 1.068 0.7702 0.5444 0.3831 0.262 0.1734 0.1217 0.08663 0.06371 0.05144 0.03449 0.02396 0.0564
0.2166 2.31 6.907 5.525 3.643 2.818 1.978 1.511 1.071 0.7726 0.546 0.3843 0.2628 0.174 0.1221 0.08689 0.06391 0.0516 0.0346 0.0806
0.2944 3.205 8.357 7.284 4.88 3.219 2.489 1.748 1.335 0.946 0.6825 0.4824 0.3395 0.2322 0.1537 0.1079 0.07676 0.05646 0.04559 0.1018
0.3575 4.087 10.81 8.17 5.957 3.992 2.633 2.036 1.429 1.092 0.7737 0.5582 0.3945 0.2777 0.1899 0.1257 0.08822 0.06278 0.04618 0.1205
0.4476 4.762 13.15 10.02 6.328 4.614 3.092 2.039 1.577 1.107 0.8456 0.5993 0.4324 0.3056 0.2151 0.1471 0.09736 0.06833 0.04863 0.1291
0.5096 5.792 14.8 11.7 7.443 4.699 3.426 2.296 1.514 1.171 0.8221 0.6279 0.445 0.321 0.2269 0.1597 0.1092 0.07229 0.05074 0.132
0.6114 6.451 17.51 12.73 8.392 5.337 3.369 2.457 1.646 1.086 0.8395 0.5895 0.4502 0.3191 0.2302 0.1627 0.1145 0.07831 0.05183 0.131
0.6405 7.609 19.06 14.63 8.859 5.838 3.713 2.344 1.709 1.145 0.7552 0.584 0.4101 0.3132 0.222 0.1601 0.1132 0.07966 0.05448 0.1272
0.688 7.862 22.05 15.53 9.911 5.999 3.954 2.514 1.587 1.157 0.7755 0.5114 0.3955 0.2777 0.2121 0.1503 0.1085 0.07665 0.05395 0.123
0.7106 8.349 22.39 17.55 10.26 6.548 3.964 2.612 1.661 1.049 0.7647 0.5124 0.3379 0.2613 0.1835 0.1401 0.09931 0.07166 0.05064 0.1169
0.7824 8.539 23.41 17.44 11.33 6.626 4.228 2.56 1.687 1.073 0.6772 0.4938 0.3309 0.2182 0.1687 0.1185 0.0905 0.06413 0.04627 0.1082
0.8275 9.324 23.61 17.87 11.02 7.16 4.187 2.672 1.617 1.066 0.6779 0.428 0.3121 0.2091 0.1379 0.1066 0.07488 0.05719 0.04053 0.09763
0.8549 9.788 25.44 17.67 11.06 6.822 4.433 2.592 1.654 1.001 0.6599 0.4197 0.2649 0.1932 0.1294 0.08537 0.06602 0.04635 0.0354 0.08553
0.9514 10.05 26.38 18.7 10.73 6.713 4.141 2.69 1.573 1.004 0.6078 0.4005 0.2547 0.1608 0.1173 0.07856 0.05181 0.04007 0.02813 0.0734
1.08 11.11 26.76 19.04 11.13 6.387 3.997 2.466 1.602 0.9367 0.5978 0.3619 0.2385 0.1517 0.09575 0.06982 0.04678 0.03085 0.02386 0.06046
0.9746 12.55 29.27 18.98 11.13 6.506 3.733 2.336 1.441 0.9363 0.5475 0.3494 0.2115 0.1394 0.08865 0.05596 0.04081 0.02734 0.01803 0.04928
1.057 11.27 32.7 20.42 10.9 6.388 3.734 2.142 1.341 0.8271 0.5374 0.3142 0.2005 0.1214 0.08 0.05088 0.03212 0.02342 0.01569 0.03863
0.9937 12.16 29.06 22.44 11.52 6.144 3.602 2.106 1.208 0.7561 0.4663 0.303 0.1772 0.1131 0.06845 0.04511 0.02869 0.01811 0.01321 0.03063
0.9813 10.83 29.67 18.77 11.89 6.102 3.256 1.909 1.116 0.6402 0.4007 0.2471 0.1606 0.0939 0.05992 0.03627 0.02391 0.0152 0.009598 0.02323
0.9927 10.7 26.43 19.16 9.947 6.302 3.234 1.725 1.011 0.5913 0.3393 0.2123 0.131 0.08509 0.04976 0.03176 0.01922 0.01267 0.008057 0.0174
0.9373 10.82 26.1 17.07 10.15 5.271 3.34 1.714 0.9143 0.536 0.3134 0.1798 0.1125 0.0694 0.04509 0.02637 0.01683 0.01019 0.006714 0.01349
0.8735 10.22 26.41 16.86 9.048 5.381 2.793 1.77 0.9082 0.4845 0.2841 0.1661 0.09527 0.05963 0.03678 0.0239 0.01397 0.008918 0.005398 0.01071
0.7621 9.523 24.93 17.06 8.935 4.795 2.852 1.48 0.9379 0.4813 0.2568 0.1505 0.088 0.05049 0.0316 0.01949 0.01266 0.007405 0.004726 0.008535
0.7412 8.308 23.23 16.1 9.039 4.735 2.541 1.511 0.7845 0.497 0.255 0.1361 0.07977 0.04664 0.02676 0.01675 0.01033 0.006711 0.003924 0.007028
0.721 8.08 20.27 15.01 8.535 4.79 2.509 1.347 0.8009 0.4157 0.2634 0.1352 0.07211 0.04228 0.02471 0.01418 0.008875 0.005474 0.003557 0.005804
0.6853 7.861 19.72 13.09 7.953 4.523 2.538 1.33 0.7136 0.4244 0.2203 0.1396 0.07163 0.03822 0.0224 0.0131 0.007514 0.004703 0.002901 0.004961
0.664 7.471 19.18 12.73 6.939 4.215 2.397 1.345 0.7047 0.3782 0.2249 0.1168 0.07397 0.03796 0.02025 0.01187 0.006941 0.003982 0.002492 0.004166
0.7221 7.239 18.23 12.39 6.749 3.677 2.234 1.27 0.7129 0.3734 0.2004 0.1192 0.06187 0.0392 0.02012 0.01073 0.006292 0.003678 0.00211 0.003529
0.6595 7.873 17.66 11.77 6.565 3.576 1.949 1.184 0.6731 0.3778 0.1979 0.1062 0.06316 0.03279 0.02077 0.01066 0.005687 0.003334 0.001949 0.002988
0.5842 7.19 19.21 11.41 6.24 3.479 1.895 1.033 0.6273 0.3567 0.2002 0.1049 0.05628 0.03347 0.01738 0.01101 0.005649 0.003014 0.001767 0.002617
0.6053 6.369 17.54 12.41 6.046 3.307 1.844 1.004 0.5473 0.3324 0.189 0.1061 0.05558 0.02983 0.01774 0.009208 0.005834 0.002994 0.001597 0.002323
0.5975 6.599 15.54 11.33 6.575 3.204 1.752 0.977 0.5322 0.29 0.1762 0.1002 0.05622 0.02945 0.01581 0.0094 0.00488 0.003092 0.001586 0.002078
0.6088 6.514 16.1 10.04 6.005 3.484 1.698 0.9287 0.5178 0.2821 0.1537 0.09335 0.05309 0.02979 0.01561 0.008376 0.004982 0.002586 0.001638 0.001942
0.5805 6.637 15.89 10.4 5.319 3.182 1.847 0.8998 0.4921 0.2744 0.1495 0.08145 0.04947 0.02813 0.01579 0.008271 0.004439 0.00264 0.00137 0.001897
0.5824 6.329 16.19 10.27 5.511 2.819 1.686 0.9786 0.4769 0.2608 0.1454 0.07921 0.04316 0.02622 0.01491 0.008367 0.004383 0.002352 0.001399 0.001732
0.5521 6.349 15.44 10.46 5.44 2.92 1.494 0.8937 0.5186 0.2527 0.1382 0.07706 0.04198 0.02287 0.01389 0.007901 0.004434 0.002323 0.001247 0.001659
0.539 6.019 15.49 9.975 5.543 2.883 1.548 0.7916 0.4736 0.2748 0.1339 0.07324 0.04084 0.02225 0.01212 0.007363 0.004187 0.00235 0.001231 0.00154
0.5482 5.737 14.37 9.792 5.173 2.875 1.495 0.8026 0.4105 0.2456 0.1425 0.06945 0.03798 0.02118 0.01154 0.006286 0.003818 0.002171 0.001219 0.001437
0.5255 5.835 13.73 9.131 5.11 2.699 1.5 0.7801 0.4188 0.2142 0.1282 0.07437 0.03624 0.01982 0.01105 0.00602 0.00328 0.001992 0.001133 0.001386
0.5686 5.593 14 8.775 4.795 2.683 1.417 0.7876 0.4096 0.2199 0.1125 0.06729 0.03905 0.01903 0.01041 0.005802 0.003161 0.001722 0.001046 0.001323
0.4873 6.053 13.46 9 4.636 2.533 1.417 0.7488 0.4161 0.2164 0.1162 0.05943 0.03555 0.02063 0.01005 0.005498 0.003066 0.00167 0.00091 0.001251
0.482 5.187 14.6 8.698 4.784 2.464 1.347 0.7535 0.3981 0.2212 0.115 0.06176 0.03159 0.0189 0.01097 0.005344 0.002923 0.00163 0.0008878 0.001149
0.4545 5.131 12.55 9.49 4.652 2.559 1.318 0.7202 0.403 0.2129 0.1183 0.06153 0.03303 0.0169 0.01011 0.005865 0.002858 0.001563 0.0008716 0.001089
0.445 4.837 12.44 8.198 5.106 2.503 1.377 0.7092 0.3875 0.2168 0.1146 0.06366 0.03311 0.01777 0.009091 0.005439 0.003156 0.001538 0.0008411 0.001055
0.4591 4.736 11.76 8.173 4.438 2.764 1.355 0.7452 0.3839 0.2098 0.1174 0.06201 0.03446 0.01792 0.009621 0.004921 0.002944 0.001708 0.0008325 0.001026
0.4695 4.885 11.54 7.767 4.451 2.417 1.505 0.7378 0.4058 0.2091 0.1142 0.06392 0.03377 0.01876 0.009759 0.005239 0.00268 0.001603 0.0009303 0.001012
0.425 4.993 11.93 7.663 4.254 2.438 1.324 0.8244 0.4041 0.2223 0.1145 0.06257 0.03501 0.0185 0.01028 0.005346 0.00287 0.001468 0.0008782 0.001064
0.4236 4.519 12.23 7.964 4.222 2.344 1.343 0.7293 0.4542 0.2227 0.1225 0.06309 0.03447 0.01929 0.01019 0.005663 0.002945 0.001581 0.0008087 0.00107
0.4108 4.502 11.09 8.203 4.413 2.339 1.299 0.7443 0.4041 0.2517 0.1234 0.06787 0.03496 0.0191 0.01069 0.005647 0.003138 0.001632 0.0008762 0.001041
0.4193 4.364 11.07 7.478 4.571 2.459 1.304 0.7239 0.4148 0.2252 0.1403 0.06876 0.03782 0.01948 0.01065 0.005957 0.003147 0.001749 0.0009095 0.001068
0.4071 4.452 10.76 7.504 4.191 2.562 1.378 0.7306 0.4057 0.2324 0.1262 0.07861 0.03853 0.0212 0.01092 0.005966 0.003338 0.001764 0.00098 0.001109
0.3943 4.319 11 7.326 4.228 2.361 1.444 0.7767 0.4117 0.2286 0.131 0.07112 0.0443 0.02171 0.01194 0.006153 0.003362 0.001881 0.0009937 0.001177
0.3704 4.181 10.69 7.523 4.15 2.395 1.338 0.8178 0.44 0.2332 0.1295 0.07421 0.04029 0.0251 0.0123 0.006766 0.003486 0.001905 0.001066 0.00123
0.3418 3.924 10.37 7.347 4.284 2.364 1.364 0.7619 0.4658 0.2506 0.1328 0.07375 0.04226 0.02295 0.01429 0.007006 0.003854 0.001985 0.001085 0.001307
0.3095 3.617 9.745 7.157 4.206 2.453 1.353 0.781 0.4362 0.2666 0.1434 0.07604 0.04222 0.02419 0.01314 0.008182 0.004011 0.002206 0.001136 0.001369
0.3025 3.272 8.997 6.758 4.118 2.42 1.411 0.7784 0.4493 0.2509 0.1534 0.08253 0.04375 0.02429 0.01392 0.007557 0.004707 0.002307 0.001269 0.001441
