Originally  
101 
A 
2	100	
1	1	NA	NA	
1	20	
1 512.8 362 135.7 150.8 120.7 75.41 30.16 45.25 45.25 0 0 0 15.08 15.08 0 0 0 0 0 0
1 606.9 392.7 196.3 196.3 142.8 89.24 35.7 53.55 35.7 17.85 0 17.85 0 0 0 0 0 0 0 0
1 562.1 386.5 351.3 70.27 140.5 105.4 52.7 35.13 35.13 0 0 0 17.57 0 0 0 0 0 0 0
1 443 233.2 163.2 93.27 81.61 58.29 23.32 23.32 34.98 11.66 0 0 0 0 0 0 0 0 0 0
1 664.5 449.5 332.2 136.8 175.9 19.54 39.09 39.09 19.54 0 58.63 0 0 0 0 19.54 0 0 0 0
1 458.2 242.6 175.2 107.8 121.3 53.91 26.95 67.38 0 26.95 13.48 13.48 0 13.48 0 0 13.48 0 0 13.48
1 322.4 161.2 235.6 99.19 124 49.59 37.19 37.19 24.8 49.59 12.4 0 24.8 37.19 0 0 0 0 0 24.8
1 493.5 265.7 189.8 139.2 12.65 63.27 25.31 37.96 0 0 0 12.65 12.65 0 12.65 0 0 0 0 0
1 512.2 320.1 304.1 112 112 128.1 64.03 16.01 0 0 16.01 16.01 0 0 0 0 0 0 0 0
1 469.9 242.1 213.6 142.4 85.43 71.2 71.2 56.96 0 56.96 0 0 0 0 0 0 0 0 0 14.24
1 641.3 348.1 164.9 238.2 164.9 54.97 73.29 18.32 36.65 0 54.97 18.32 0 0 0 0 18.32 0 0 0
1 528.2 391.2 313 215.2 97.81 117.4 78.25 78.25 58.69 78.25 0 0 0 0 0 0 0 0 0 0
1 459.2 374.1 255.1 255.1 119 68.03 68.03 34.01 0 34.01 34.01 0 0 0 0 0 0 0 0 0
1 613.7 239.5 194.6 209.6 89.82 14.97 14.97 29.94 44.91 0 14.97 0 0 0 29.94 0 0 0 0 0
1 382.3 240.7 283.2 169.9 113.3 56.64 42.48 28.32 56.64 0 14.16 0 0 14.16 0 0 0 14.16 0 0
1 427.3 253.2 189.9 237.4 142.4 94.95 63.3 31.65 15.83 47.48 0 0 15.83 31.65 15.83 15.83 0 0 0 0
1 394.4 289.2 197.2 131.5 118.3 52.58 65.73 13.15 0 39.44 13.15 0 0 0 0 0 0 0 0 0
1 459.3 489.9 91.86 137.8 91.86 76.55 61.24 30.62 30.62 15.31 15.31 0 15.31 0 15.31 0 0 0 0 0
1 469.1 339.7 258.8 194.1 97.05 97.05 16.18 32.35 48.53 0 0 0 16.18 16.18 0 16.18 0 0 16.18 0
1 744.5 638.2 398.9 106.4 292.5 292.5 53.18 53.18 0 26.59 26.59 26.59 0 0 0 0 0 0 0 0
1 358.1 276.7 276.7 195.3 211.6 130.2 97.66 32.55 0 16.28 0 0 32.55 0 0 0 0 0 0 0
1 629.4 381.4 324.2 133.5 190.7 57.22 57.22 19.07 38.14 38.14 0 0 0 38.14 0 0 0 0 0 0
1 332.4 360.1 277 166.2 41.55 69.25 27.7 27.7 55.4 0 13.85 0 13.85 0 0 0 0 0 0 0
1 419.1 436.6 261.9 157.2 104.8 122.2 34.93 104.8 34.93 0 0 17.46 34.93 17.46 0 0 0 0 0 0
1 426 308.5 205.6 146.9 146.9 58.76 58.76 0 44.07 14.69 58.76 0 0 0 0 0 0 0 0 0
1 409.3 259.2 136.4 150.1 150.1 81.86 27.29 54.57 68.22 0 13.64 0 13.64 0 0 0 0 0 0 0
1 472.9 407.6 244.6 163.1 81.53 97.83 65.22 32.61 32.61 32.61 0 0 0 0 0 0 0 0 0 0
1 512.7 352.5 240.3 96.13 112.2 128.2 80.11 16.02 32.04 16.02 0 16.02 0 0 0 0 0 0 0 0
1 483 483 251.2 193.2 135.2 115.9 135.2 57.96 19.32 19.32 0 19.32 19.32 0 0 0 0 0 0 0
1 412.5 167.2 122.6 133.8 89.19 22.3 44.59 33.44 22.3 11.15 22.3 11.15 0 0 0 0 11.15 0 0 11.15
1 415.9 259.9 259.9 64.99 104 51.99 13 13 25.99 38.99 0 25.99 0 13 0 0 13 0 0 0
1 233.1 273.6 182.4 131.7 50.66 60.8 20.27 20.27 20.27 10.13 0 10.13 0 0 0 0 0 0 0 0
1 495.1 392.7 324.4 153.6 68.29 34.14 51.22 51.22 68.29 0 0 34.14 17.07 0 17.07 0 0 0 0 0
1 307.5 294.7 153.8 230.7 89.7 51.26 12.81 12.81 64.07 12.81 12.81 0 0 12.81 0 12.81 0 12.81 0 0
1 520 356.6 193.1 133.7 59.43 14.86 14.86 29.71 44.57 59.43 0 29.71 0 14.86 0 14.86 0 0 0 0
1 456.1 494.1 380.1 76.01 76.01 114 57.01 76.01 95.01 38.01 0 0 0 19 0 0 0 0 0 19
1 401.2 356.6 133.7 148.6 163.4 59.43 29.72 59.43 29.72 59.43 14.86 14.86 14.86 0 0 0 0 0 0 0
1 553.1 430.2 307.3 204.8 184.4 143.4 40.97 81.94 20.48 40.97 0 0 20.48 0 0 0 20.48 0 0 0
1 398.7 256.3 213.6 156.6 113.9 56.95 42.71 42.71 99.67 14.24 0 14.24 0 0 14.24 0 0 0 0 0
1 385.6 449.9 224.9 96.4 112.5 96.4 80.33 48.2 16.07 16.07 16.07 0 32.13 16.07 16.07 0 0 0 0 0
1 282.4 248.5 146.8 101.7 56.47 56.47 135.5 33.88 11.29 11.29 11.29 11.29 11.29 0 0 0 11.29 0 0 0
1 314.4 188.6 176 176 150.9 75.45 50.3 50.3 0 25.15 0 12.57 25.15 0 0 0 0 0 12.57 0
1 312.8 273.7 234.6 169.5 130.3 39.1 26.07 0 39.1 26.07 13.03 0 0 13.03 26.07 0 0 0 0 0
1 391.7 265.8 265.8 97.93 83.94 97.93 13.99 55.96 55.96 27.98 13.99 0 13.99 0 13.99 0 0 0 0 0
1 276.4 301.6 238.7 125.6 50.26 25.13 62.82 50.26 37.69 37.69 0 25.13 0 0 12.56 12.56 0 0 0 0
1 478.4 239.2 197 98.5 126.6 42.21 28.14 56.29 28.14 28.14 14.07 28.14 28.14 14.07 0 0 0 0 0 0
1 473.4 378.7 299.8 78.9 78.9 31.56 47.34 15.78 78.9 31.56 31.56 15.78 0 0 15.78 0 0 0 0 0
1 524 262 232.9 145.6 87.34 14.56 14.56 58.22 14.56 72.78 14.56 14.56 0 0 0 0 0 0 0 0
1 463.1 313.7 224.1 149.4 104.6 29.88 134.5 29.88 0 0 0 14.94 14.94 0 0 14.94 0 0 0 0
1 383.8 243.1 294.2 204.7 63.96 0 51.17 0 25.59 0 0 12.79 0 0 0 0 0 0 0 0
1 723.4 200.1 246.3 138.5 76.96 61.56 15.39 15.39 30.78 15.39 15.39 0 0 0 0 0 0 0 0 0
1 367.2 248.4 280.8 86.4 54 32.4 10.8 0 0 0 0 0 0 0 0 0 0 0 0 0
1 274.7 113.1 177.8 72.72 72.72 40.4 24.24 0 8.08 16.16 8.08 0 0 0 0 0 0 0 0 0
1 438.3 275.5 162.8 162.8 75.14 50.09 37.57 25.05 0 0 0 12.52 0 0 0 0 0 0 0 12.52
1 348 420.5 232 203 159.5 29 29 0 14.5 0 0 0 14.5 0 0 0 0 0 0 0
1 639.9 421 202.1 101 151.6 33.68 101 33.68 0 0 0 0 0 0 0 0 0 0 0 0
1 556.1 413.1 333.7 127.1 95.33 31.78 15.89 15.89 0 0 0 0 0 0 0 0 0 0 0 0
1 330.3 481.6 247.7 96.32 137.6 41.28 13.76 0 13.76 0 0 13.76 0 0 0 0 0 0 0 0
1 289.3 221.8 221.8 77.14 67.5 38.57 19.29 0 9.643 19.29 0 0 0 0 0 0 0 0 0 0
1 360 281.2 202.5 112.5 78.75 33.75 33.75 11.25 0 11.25 0 0 0 0 0 0 0 0 0 0
1 439.7 375.1 206.9 142.3 77.6 38.8 12.93 0 0 0 0 0 0 0 0 0 0 0 0 0
1 419.3 245.5 173.9 20.46 112.5 10.23 10.23 0 10.23 20.46 0 0 0 0 0 0 0 0 0 0
1 300.7 375.9 200.5 200.5 112.8 0 12.53 12.53 12.53 12.53 12.53 0 0 0 0 0 0 0 0 0
1 301.9 186.5 195.4 71.04 71.04 8.88 17.76 26.64 0 0 0 0 0 8.88 0 0 0 0 0 0
1 267.6 210.9 81.1 97.32 105.4 24.33 0 16.22 0 0 8.11 0 0 0 0 0 0 0 0 0
1 313.6 268.8 156.8 190.4 78.4 56 22.4 11.2 11.2 11.2 0 0 0 0 0 0 0 0 0 0
1 345.8 167.9 207.5 187.7 19.76 9.879 39.51 9.879 0 0 0 0 0 0 0 0 0 0 0 0
1 360.6 236.7 202.9 202.9 22.54 33.81 45.08 22.54 0 0 0 0 0 0 0 0 0 0 0 0
1 201.6 128.3 109.9 85.51 42.76 24.43 6.108 0 6.108 0 6.108 0 0 0 0 0 0 0 0 0
1 148.8 110.4 62.39 71.99 4.799 33.6 19.2 14.4 9.599 0 4.799 0 0 0 0 0 0 0 0 0
1 214.4 131 89.33 59.55 41.69 23.82 17.87 5.955 0 0 5.955 5.955 0 0 0 0 0 0 0 0
1 193.9 234.3 137.3 96.93 72.7 24.23 16.16 16.16 0 16.16 0 0 0 0 0 0 0 0 0 0
1 174.9 271 183.6 69.94 61.2 34.97 26.23 8.743 8.743 17.49 8.743 8.743 0 0 0 0 0 0 0 0
1 226.9 136.2 96.45 56.73 17.02 11.35 11.35 0 11.35 0 0 0 0 0 0 0 0 0 0 0
1 94.01 94.01 50.14 34.47 25.07 9.401 0 0 0 0 0 3.134 0 0 0 0 0 0 0 3.134
1 205.4 145 120.8 36.24 42.28 30.2 6.041 6.041 6.041 6.041 0 0 0 0 0 0 0 0 0 0
1 136.4 141 90.94 31.83 13.64 22.73 9.094 9.094 0 0 0 0 0 0 0 0 0 0 0 0
1 183 133.1 122 49.9 22.18 16.63 11.09 5.545 5.545 0 0 0 0 5.545 0 0 0 0 0 0
1 148.2 97.62 39.77 28.92 18.08 7.231 10.85 7.231 3.616 0 0 0 0 0 0 0 0 0 0 0
1 123 119.5 45.68 28.11 31.62 0 3.514 0 0 0 0 0 0 0 0 0 0 0 0 0
1 165.6 111.8 57.96 41.4 8.28 16.56 4.14 0 0 0 4.14 0 0 0 4.14 0 0 0 0 0
1 195.1 110.7 105.4 36.91 42.18 26.36 0 5.272 0 0 5.272 0 0 0 0 0 0 0 0 0
1 166.4 80.94 76.45 80.94 22.48 0 4.497 8.994 0 0 8.994 0 0 0 0 0 0 0 0 0
1 148.8 113.8 78.77 56.89 17.5 8.752 8.752 4.376 0 0 0 0 0 0 0 0 0 0 0 0
1 112.9 125.9 73.82 65.14 13.03 13.03 13.03 4.342 0 8.685 4.342 0 0 0 0 0 0 0 0 0
1 171.4 68.55 76.17 38.08 11.43 3.808 11.43 0 0 0 0 0 0 0 0 0 0 0 0 0
1 98.77 80.81 53.87 20.95 26.94 2.993 2.993 5.986 2.993 0 2.993 0 0 0 0 0 0 0 0 0
1 145.4 57.49 57.49 30.43 20.29 16.91 0 0 3.382 3.382 0 3.382 0 0 0 0 0 0 0 0
1 134.6 70.49 19.22 35.24 22.43 28.83 3.204 3.204 3.204 0 0 0 0 0 0 0 0 0 0 0
1 153.1 100.6 87.47 39.36 21.87 17.49 4.373 0 8.747 0 0 0 4.373 0 0 0 0 0 0 0
1 184 115 68.99 41.39 9.198 23 13.8 0 4.599 0 0 0 0 0 0 0 0 0 0 0
1 131.8 99.99 109.1 63.63 27.27 9.09 4.545 9.09 0 0 0 0 0 0 0 0 0 0 0 0
1 108.9 90.77 54.46 36.31 29.05 18.15 3.631 10.89 10.89 0 0 0 0 0 0 0 0 0 0 0
1 160 83.98 55.98 43.99 19.99 12 12 3.999 3.999 0 0 3.999 0 0 0 0 0 0 0 0
1 147.1 68.18 61 32.3 14.35 17.94 10.77 3.588 3.588 0 0 0 0 0 0 0 0 0 0 0
1 108 104.4 57.59 21.59 25.19 7.198 18 3.599 10.8 0 0 0 3.599 0 0 0 0 0 0 0
1 117 94.38 71.73 49.08 18.88 7.55 7.55 7.55 0 0 3.775 0 0 0 0 0 0 0 0 0
1 129.5 103.6 38.86 29.14 12.95 0 9.715 0 0 0 0 0 0 0 0 0 0 0 0 0
1 251.5 110 83.83 36.68 10.48 10.48 10.48 5.239 5.239 0 0 0 0 0 0 0 0 0 0 0
