 landings-at-age - landings.n (units : NA )
1	2	
2	100	
1	20	
1 
0.02659 0.2984 0.8352 0.6934 0.4839 0.3377 0.2357 0.1644 0.1148 0.08008 0.05589 0.039 0.02722 0.01899 0.01325 0.009249 0.006454 0.004504 0.003143 0.007259
0.00519 0.05216 0.1462 0.1214 0.08475 0.05914 0.04127 0.0288 0.0201 0.01403 0.009787 0.00683 0.004766 0.003326 0.002321 0.00162 0.00113 0.0007888 0.0005504 0.001271
0.00515 0.05827 0.1464 0.1219 0.08515 0.05942 0.04147 0.02894 0.02019 0.01409 0.009834 0.006862 0.004789 0.003342 0.002332 0.001627 0.001136 0.0007925 0.000553 0.001277
0.0052 0.05783 0.1635 0.122 0.08549 0.0597 0.04166 0.02907 0.02029 0.01416 0.00988 0.006895 0.004811 0.003358 0.002343 0.001635 0.001141 0.0007963 0.0005557 0.001283
0.005024 0.05839 0.1623 0.1363 0.08557 0.05994 0.04186 0.02921 0.02038 0.01423 0.009927 0.006927 0.004834 0.003374 0.002354 0.001643 0.001146 8e-04 0.0005583 0.001289
0.005083 0.05641 0.1638 0.1353 0.0956 0.06 0.04203 0.02935 0.02048 0.01429 0.009974 0.00696 0.004857 0.00339 0.002365 0.001651 0.001152 0.0008038 0.0005609 0.001295
0.004943 0.05707 0.1583 0.1366 0.09487 0.06703 0.04207 0.02947 0.02058 0.01436 0.01002 0.006993 0.00488 0.003406 0.002377 0.001658 0.001157 0.0008076 0.0005636 0.001302
0.005053 0.0555 0.1601 0.132 0.09579 0.06652 0.047 0.0295 0.02066 0.01443 0.01007 0.007026 0.004903 0.003422 0.002388 0.001666 0.001163 0.0008114 0.0005663 0.001308
0.005219 0.05674 0.1557 0.1335 0.09254 0.06716 0.04664 0.03295 0.02068 0.01449 0.01012 0.00706 0.004926 0.003438 0.002399 0.001674 0.001168 0.0008153 0.0005689 0.001314
0.00543 0.0586 0.1592 0.1299 0.09362 0.06489 0.04709 0.0327 0.0231 0.0145 0.01016 0.007093 0.00495 0.003454 0.00241 0.001682 0.001174 0.0008191 0.0005716 0.00132
0.005147 0.06097 0.1644 0.1328 0.09105 0.06564 0.04549 0.03302 0.02293 0.0162 0.01017 0.007121 0.004973 0.003471 0.002422 0.00169 0.001179 0.000823 0.0005743 0.001326
0.005046 0.05779 0.1711 0.1371 0.09308 0.06384 0.04603 0.0319 0.02315 0.01608 0.01136 0.007128 0.004993 0.003487 0.002433 0.001698 0.001185 0.0008269 0.0005771 0.001333
0.004919 0.05665 0.1622 0.1427 0.09613 0.06526 0.04476 0.03227 0.02237 0.01623 0.01127 0.007963 0.004998 0.003501 0.002445 0.001706 0.001191 0.0008308 0.0005798 0.001339
0.004754 0.05524 0.159 0.1352 0.1 0.0674 0.04576 0.03138 0.02263 0.01568 0.01138 0.007903 0.005584 0.003504 0.002455 0.001714 0.001196 0.0008348 0.0005825 0.001345
0.005149 0.05338 0.155 0.1326 0.09481 0.07013 0.04726 0.03208 0.022 0.01586 0.01099 0.007979 0.005541 0.003915 0.002457 0.001721 0.001202 0.0008387 0.0005853 0.001352
0.005429 0.05781 0.1498 0.1292 0.09294 0.06648 0.04917 0.03314 0.0225 0.01543 0.01112 0.007709 0.005594 0.003885 0.002745 0.001723 0.001207 0.0008427 0.0005881 0.001358
0.005506 0.06096 0.1622 0.1249 0.09062 0.06517 0.04661 0.03448 0.02323 0.01577 0.01082 0.007799 0.005405 0.003922 0.002724 0.001925 0.001208 0.000846 0.0005908 0.001365
0.005803 0.06182 0.1711 0.1353 0.08757 0.06354 0.04569 0.03268 0.02417 0.01629 0.01106 0.007585 0.005468 0.00379 0.00275 0.00191 0.001349 0.0008469 0.0005932 0.001371
0.005887 0.06516 0.1735 0.1426 0.09485 0.0614 0.04455 0.03204 0.02291 0.01695 0.01142 0.007754 0.005318 0.003834 0.002657 0.001928 0.001339 0.0009461 0.0005938 0.001377
0.005573 0.0661 0.1828 0.1446 0.1 0.0665 0.04305 0.03123 0.02246 0.01607 0.01188 0.008008 0.005436 0.003729 0.002688 0.001863 0.001352 0.0009389 0.0006634 0.001382
0.005732 0.06258 0.1855 0.1525 0.1014 0.07012 0.04663 0.03019 0.0219 0.01575 0.01126 0.008332 0.005615 0.003812 0.002614 0.001885 0.001306 0.000948 0.0006583 0.001434
0.005467 0.06436 0.1756 0.1547 0.1069 0.07111 0.04916 0.03269 0.02116 0.01536 0.01104 0.007898 0.005842 0.003937 0.002673 0.001833 0.001322 0.0009159 0.0006646 0.001467
0.005151 0.06139 0.1806 0.1464 0.1084 0.07495 0.04986 0.03447 0.02292 0.01484 0.01077 0.007742 0.005538 0.004096 0.00276 0.001874 0.001285 0.0009266 0.0006422 0.001495
0.004685 0.05783 0.1723 0.1506 0.1027 0.07604 0.05255 0.03496 0.02417 0.01607 0.0104 0.007549 0.005428 0.003883 0.002872 0.001935 0.001314 0.0009011 0.0006497 0.001498
0.004588 0.0526 0.1623 0.1436 0.1056 0.07198 0.05331 0.03685 0.02451 0.01695 0.01127 0.007295 0.005293 0.003806 0.002722 0.002014 0.001357 0.0009212 0.0006318 0.001506
0.00484 0.05152 0.1476 0.1353 0.1007 0.07403 0.05047 0.03738 0.02583 0.01718 0.01188 0.007901 0.005115 0.003711 0.002669 0.001909 0.001412 0.0009514 0.0006459 0.001499
0.0049 0.05435 0.1446 0.1231 0.09488 0.07062 0.05191 0.03539 0.02621 0.01811 0.01205 0.008331 0.00554 0.003586 0.002602 0.001871 0.001338 0.0009899 0.0006671 0.001504
0.005194 0.05502 0.1525 0.1205 0.0863 0.06652 0.04951 0.03639 0.02481 0.01838 0.0127 0.008448 0.005841 0.003884 0.002514 0.001824 0.001312 0.0009383 0.000694 0.001522
0.004603 0.05833 0.1544 0.1272 0.08452 0.06051 0.04664 0.03471 0.02552 0.0174 0.01288 0.008905 0.005923 0.004095 0.002723 0.001763 0.001279 0.0009198 0.0006579 0.001554
0.004466 0.05169 0.1637 0.1287 0.08916 0.05926 0.04243 0.0327 0.02434 0.01789 0.0122 0.009034 0.006243 0.004153 0.002871 0.001909 0.001236 0.0008968 0.0006449 0.001551
0.004449 0.05014 0.145 0.1365 0.09027 0.06252 0.04155 0.02975 0.02293 0.01707 0.01254 0.008552 0.006334 0.004378 0.002912 0.002013 0.001339 0.0008667 0.0006288 0.001539
0.004466 0.04995 0.1407 0.1209 0.09569 0.06329 0.04383 0.02913 0.02086 0.01608 0.01197 0.008796 0.005996 0.004441 0.003069 0.002042 0.001412 0.0009387 0.0006077 0.00152
0.004758 0.05015 0.1402 0.1173 0.0848 0.06709 0.04438 0.03073 0.02043 0.01462 0.01127 0.00839 0.006167 0.004204 0.003114 0.002152 0.001431 0.0009897 0.0006581 0.001492
0.004941 0.05343 0.1407 0.1169 0.08226 0.05946 0.04704 0.03111 0.02155 0.01432 0.01025 0.007903 0.005882 0.004324 0.002948 0.002183 0.001509 0.001004 0.0006939 0.001508
0.004991 0.05548 0.1499 0.1173 0.08195 0.05768 0.04169 0.03298 0.02182 0.01511 0.01004 0.007189 0.005541 0.004124 0.003032 0.002067 0.001531 0.001058 0.0007037 0.001544
0.005012 0.05604 0.1557 0.125 0.08227 0.05746 0.04044 0.02923 0.02312 0.0153 0.01059 0.00704 0.00504 0.003885 0.002892 0.002126 0.001449 0.001073 0.0007418 0.001576
0.004905 0.05628 0.1572 0.1298 0.08765 0.05768 0.04029 0.02835 0.02049 0.01621 0.01072 0.007427 0.004936 0.003534 0.002724 0.002028 0.00149 0.001016 0.0007525 0.001625
0.004855 0.05508 0.1579 0.1311 0.09102 0.06146 0.04044 0.02825 0.01988 0.01437 0.01137 0.007519 0.005208 0.003461 0.002478 0.00191 0.001422 0.001045 0.0007124 0.001667
0.004441 0.05452 0.1546 0.1317 0.09194 0.06382 0.04309 0.02836 0.0198 0.01394 0.01007 0.007971 0.005272 0.003651 0.002427 0.001737 0.001339 0.0009967 0.0007327 0.001668
0.004413 0.04987 0.153 0.1289 0.09233 0.06446 0.04474 0.03021 0.01988 0.01389 0.009773 0.007064 0.005589 0.003697 0.00256 0.001701 0.001218 0.000939 0.0006989 0.001683
0.003976 0.04955 0.1399 0.1276 0.09036 0.06474 0.0452 0.03137 0.02118 0.01394 0.009736 0.006853 0.004953 0.003918 0.002592 0.001795 0.001193 0.0008541 0.0006583 0.00167
4.765e-08 5.11e-07 1.592e-06 1.336e-06 1.024e-06 7.255e-07 5.197e-07 3.629e-07 2.519e-07 1.701e-07 1.119e-07 7.817e-08 5.502e-08 3.976e-08 3.146e-08 2.081e-08 1.441e-08 9.578e-09 6.857e-09 1.87e-08
0.06286 0.6903 1.843 1.705 1.203 0.9222 0.6533 0.468 0.3268 0.2268 0.1531 0.1008 0.07039 0.04954 0.03581 0.02833 0.01874 0.01298 0.008624 0.02301
0.1169 1.407 3.824 3.014 2.342 1.652 1.267 0.8973 0.6428 0.4488 0.3115 0.2104 0.1384 0.09668 0.06805 0.04918 0.03891 0.02574 0.01782 0.04345
0.1883 1.961 5.805 4.628 3.059 2.377 1.677 1.286 0.9108 0.6525 0.4556 0.3162 0.2135 0.1405 0.09813 0.06907 0.04992 0.0395 0.02612 0.0622
0.2656 2.801 7.134 6.16 4.115 2.72 2.113 1.491 1.143 0.8097 0.5801 0.405 0.2811 0.1898 0.1249 0.08724 0.06141 0.04438 0.03511 0.07852
0.3339 3.7 9.486 7.003 5.059 3.379 2.234 1.735 1.225 0.9387 0.665 0.4764 0.3326 0.2309 0.1559 0.1026 0.07165 0.05043 0.03645 0.09332
0.432 4.457 11.94 8.819 5.44 3.93 2.625 1.735 1.348 0.9514 0.7293 0.5166 0.3701 0.2584 0.1794 0.1211 0.07969 0.05566 0.03918 0.1008
0.5061 5.598 13.88 10.65 6.563 4.048 2.925 1.954 1.291 1.003 0.708 0.5427 0.3844 0.2754 0.1923 0.1335 0.09013 0.05931 0.04142 0.1042
0.6205 6.415 16.95 11.96 7.647 4.714 2.908 2.101 1.403 0.9275 0.7207 0.5086 0.3898 0.2762 0.1978 0.1381 0.09588 0.06474 0.0426 0.1046
0.6613 7.73 18.98 14.19 8.334 5.328 3.285 2.026 1.464 0.9777 0.6462 0.5021 0.3543 0.2716 0.1924 0.1378 0.09624 0.0668 0.04511 0.1026
0.7203 8.124 22.42 15.48 9.62 5.651 3.612 2.227 1.374 0.9925 0.6629 0.4382 0.3404 0.2403 0.1842 0.1305 0.09346 0.06525 0.04529 0.1001
0.7527 8.747 23.16 17.86 10.24 6.363 3.738 2.389 1.473 0.9087 0.6565 0.4385 0.2898 0.2252 0.1589 0.1218 0.08629 0.06182 0.04316 0.09618
0.8373 9.05 24.54 18.05 11.54 6.617 4.113 2.416 1.544 0.9521 0.5873 0.4243 0.2834 0.1873 0.1455 0.1027 0.07873 0.05577 0.03995 0.09006
0.894 9.983 25.04 18.74 11.42 7.301 4.185 2.601 1.528 0.9767 0.6021 0.3714 0.2683 0.1792 0.1185 0.09204 0.06496 0.04979 0.03527 0.08223
0.9319 10.58 27.25 18.75 11.61 7.072 4.523 2.592 1.611 0.9464 0.605 0.373 0.2301 0.1662 0.111 0.07339 0.05702 0.04024 0.03085 0.07279
1.044 10.95 28.52 20.04 11.39 7.052 4.295 2.747 1.574 0.9785 0.5748 0.3674 0.2265 0.1397 0.1009 0.06743 0.04457 0.03463 0.02444 0.06294
1.191 12.2 29.19 20.6 11.94 6.784 4.201 2.558 1.636 0.9379 0.5829 0.3424 0.2189 0.1349 0.08324 0.06014 0.04017 0.02655 0.02063 0.05205
1.077 13.84 32.15 20.72 12.04 6.979 3.967 2.456 1.496 0.9567 0.5484 0.3408 0.2002 0.128 0.0789 0.04867 0.03516 0.02349 0.01552 0.04249
1.167 12.45 36.07 22.44 11.89 6.915 4.007 2.277 1.41 0.8588 0.5492 0.3148 0.1957 0.1149 0.07347 0.0453 0.02794 0.02019 0.01348 0.03331
1.095 13.43 32.12 24.76 12.66 6.708 3.9 2.26 1.284 0.7953 0.4843 0.3098 0.1776 0.1104 0.06482 0.04144 0.02555 0.01576 0.01139 0.02639
1.079 11.94 32.76 20.75 13.12 6.707 3.555 2.067 1.198 0.6806 0.4215 0.2567 0.1642 0.09409 0.05848 0.03435 0.02196 0.01354 0.008351 0.02002
1.086 11.76 29.13 21.16 10.99 6.954 3.554 1.884 1.095 0.6346 0.3607 0.2233 0.136 0.08699 0.04986 0.03099 0.0182 0.01164 0.007174 0.01503
1.018 11.84 28.7 18.81 11.21 5.826 3.685 1.883 0.9983 0.5804 0.3363 0.1911 0.1184 0.07208 0.0461 0.02642 0.01642 0.009647 0.006167 0.01177
0.9404 11.1 28.89 18.54 9.97 5.943 3.088 1.953 0.9981 0.529 0.3076 0.1782 0.1013 0.06272 0.0382 0.02443 0.014 0.008703 0.005112 0.009505
0.8124 10.25 27.08 18.66 9.825 5.284 3.149 1.636 1.035 0.529 0.2804 0.163 0.09445 0.05368 0.03324 0.02024 0.01295 0.007421 0.004612 0.007747
0.7834 8.857 25.02 17.49 9.887 5.206 2.8 1.669 0.8671 0.5485 0.2803 0.1486 0.08638 0.05005 0.02845 0.01762 0.01073 0.006861 0.003933 0.00655
0.7555 8.541 21.61 16.16 9.268 5.24 2.759 1.484 0.8845 0.4595 0.2907 0.1485 0.07873 0.04577 0.02652 0.01508 0.009335 0.005685 0.003636 0.005555
0.7098 8.236 20.84 13.96 8.563 4.912 2.777 1.462 0.7863 0.4687 0.2435 0.154 0.07872 0.04172 0.02426 0.01406 0.007989 0.004947 0.003013 0.004871
0.6765 7.738 20.1 13.46 7.397 4.538 2.603 1.471 0.7749 0.4167 0.2484 0.1291 0.08163 0.04172 0.02211 0.01286 0.007449 0.004234 0.002622 0.004178
0.7215 7.375 18.88 12.98 7.133 3.92 2.405 1.379 0.7798 0.4106 0.2208 0.1316 0.06839 0.04326 0.02211 0.01172 0.006813 0.003948 0.002244 0.003603
0.6468 7.866 17.99 12.19 6.879 3.78 2.077 1.274 0.731 0.4132 0.2176 0.117 0.06976 0.03624 0.02292 0.01172 0.00621 0.00361 0.002092 0.003099
0.5624 7.051 19.19 11.62 6.462 3.645 2.003 1.101 0.6753 0.3874 0.219 0.1153 0.06202 0.03697 0.01921 0.01215 0.006209 0.003291 0.001913 0.002751
0.5719 6.131 17.2 12.4 6.159 3.425 1.932 1.062 0.5834 0.3579 0.2053 0.1161 0.06111 0.03287 0.01959 0.01018 0.006438 0.00329 0.001744 0.002472
0.5556 6.235 14.96 11.11 6.57 3.264 1.815 1.024 0.5626 0.3092 0.1897 0.1088 0.0615 0.03239 0.01742 0.01038 0.005394 0.003412 0.001744 0.002234
0.557 6.057 15.21 9.663 5.889 3.482 1.73 0.9618 0.5425 0.2981 0.1638 0.1005 0.05765 0.03259 0.01716 0.00923 0.005502 0.002858 0.001808 0.002108
0.5195 6.073 14.78 9.826 5.121 3.121 1.845 0.9166 0.5097 0.2875 0.158 0.08682 0.05326 0.03055 0.01727 0.009095 0.004891 0.002916 0.001515 0.002075
0.5089 5.663 14.82 9.546 5.207 2.714 1.654 0.9777 0.4858 0.2701 0.1524 0.08373 0.04601 0.02823 0.01619 0.009153 0.00482 0.002592 0.001545 0.001903
0.4724 5.548 13.82 9.571 5.059 2.759 1.438 0.8764 0.5181 0.2574 0.1431 0.08074 0.04437 0.02438 0.01496 0.00858 0.004851 0.002554 0.001374 0.001827
0.4527 5.15 13.54 8.925 5.072 2.681 1.462 0.7621 0.4644 0.2746 0.1364 0.07585 0.04279 0.02351 0.01292 0.007927 0.004547 0.002571 0.001354 0.001696
0.452 4.818 12.29 8.556 4.628 2.63 1.39 0.7583 0.3952 0.2409 0.1424 0.07075 0.03934 0.02219 0.01219 0.006701 0.004111 0.002358 0.001333 0.001582
0.4246 4.81 11.53 7.813 4.465 2.415 1.372 0.7255 0.3957 0.2062 0.1257 0.07431 0.03692 0.02053 0.01158 0.006363 0.003497 0.002145 0.00123 0.001521
0.4505 4.52 11.54 7.371 4.102 2.344 1.268 0.7207 0.3809 0.2078 0.1083 0.06599 0.03902 0.01938 0.01078 0.00608 0.003341 0.001836 0.001126 0.001445
0.3787 4.795 10.87 7.419 3.894 2.167 1.239 0.67 0.3807 0.2013 0.1098 0.05721 0.03487 0.02061 0.01024 0.005694 0.003212 0.001765 0.0009701 0.001358
0.3687 4.031 11.57 7.028 3.944 2.07 1.152 0.6584 0.3562 0.2024 0.107 0.05836 0.03041 0.01853 0.01096 0.005444 0.003027 0.001708 0.0009384 0.001238
0.3435 3.924 9.749 7.518 3.759 2.109 1.107 0.6162 0.3521 0.1905 0.1082 0.05722 0.03121 0.01627 0.009913 0.005861 0.002912 0.001619 0.0009132 0.001164
0.3338 3.655 9.517 6.37 4.045 2.023 1.135 0.5957 0.3316 0.1895 0.1025 0.05825 0.03079 0.01679 0.008752 0.005334 0.003153 0.001567 0.0008711 0.001118
0.3416 3.552 8.887 6.252 3.448 2.19 1.095 0.6144 0.3225 0.1795 0.1026 0.05548 0.03153 0.01667 0.009091 0.004738 0.002887 0.001707 0.0008481 0.001077
0.3453 3.634 8.657 5.869 3.404 1.878 1.192 0.5962 0.3346 0.1756 0.09773 0.05585 0.03021 0.01717 0.009076 0.00495 0.00258 0.001572 0.0009295 0.001048
0.3094 3.673 8.879 5.748 3.215 1.865 1.028 0.6531 0.3266 0.1833 0.09618 0.05353 0.03059 0.01655 0.009405 0.004971 0.002712 0.001413 0.0008612 0.001083
0.3059 3.29 8.995 5.926 3.167 1.771 1.027 0.5667 0.3598 0.1799 0.101 0.05299 0.0295 0.01686 0.009118 0.005182 0.002739 0.001494 0.0007786 0.001071
0.2961 3.252 8.075 6.034 3.284 1.755 0.9815 0.5693 0.314 0.1994 0.0997 0.05595 0.02937 0.01634 0.00934 0.005053 0.002871 0.001518 0.0008278 0.001025
0.3034 3.146 7.999 5.444 3.363 1.83 0.9779 0.547 0.3173 0.175 0.1111 0.05556 0.03118 0.01636 0.009108 0.005205 0.002816 0.0016 0.0008458 0.001033
0.2954 3.221 7.756 5.42 3.051 1.884 1.025 0.5481 0.3065 0.1778 0.09807 0.06227 0.03114 0.01747 0.009171 0.005104 0.002917 0.001578 0.0008967 0.001053
0.2866 3.135 7.956 5.281 3.054 1.719 1.062 0.5779 0.3088 0.1727 0.1002 0.05526 0.03509 0.01755 0.009846 0.005168 0.002876 0.001644 0.0008892 0.001098
0.2703 3.039 7.758 5.444 2.992 1.73 0.974 0.6016 0.3274 0.175 0.09786 0.05676 0.03131 0.01988 0.00994 0.005578 0.002928 0.00163 0.0009312 0.001126
0.2515 2.863 7.535 5.332 3.1 1.704 0.9854 0.5547 0.3426 0.1864 0.09964 0.05573 0.03233 0.01783 0.01132 0.005661 0.003177 0.001667 0.0009281 0.001172
0.2306 2.662 7.111 5.203 3.052 1.775 0.9754 0.5641 0.3175 0.1961 0.1067 0.05704 0.0319 0.01851 0.01021 0.006481 0.003241 0.001819 0.0009545 0.001202
0.2282 2.437 6.62 4.932 2.993 1.756 1.021 0.5611 0.3245 0.1827 0.1128 0.0614 0.03281 0.01835 0.01065 0.005872 0.003729 0.001864 0.001046 0.001241
