Originally  
101 
A 
2	100	
1	1	NA	NA	
1	20	
1 417.4 188.5 188.5 161.6 134.6 53.85 80.78 80.78 26.93 13.46 0 0 0 0 0 0 0 0 0 0
1 430.6 344.5 241.1 241.1 120.6 103.3 68.9 86.12 51.67 34.45 0 0 0 0 0 0 0 0 0 0
1 442.5 252.8 237 173.8 158 79.01 94.81 31.6 31.6 15.8 15.8 15.8 0 0 15.8 0 0 15.8 0 0
1 409.5 148.9 186.1 99.28 99.28 74.46 86.87 24.82 62.05 0 0 0 24.82 0 24.82 0 0 0 0 0
1 281 351.2 266.9 140.5 112.4 42.15 70.25 70.25 0 0 14.05 14.05 0 28.1 0 0 0 14.05 0 0
1 240.2 163 137.3 94.38 42.9 42.9 60.06 34.32 8.58 8.58 17.16 8.58 0 0 0 0 0 0 0 0
1 503.4 152.2 70.24 175.6 70.24 93.65 11.71 23.41 0 46.83 0 11.71 0 11.71 0 0 0 0 0 0
1 314.3 528.6 100 85.71 114.3 85.71 28.57 28.57 28.57 14.29 42.86 0 14.29 14.29 0 0 0 0 0 28.57
1 370.9 296.7 321.5 111.3 24.73 61.82 37.09 0 0 12.36 0 0 0 0 0 0 0 0 0 0
1 406.8 196.8 131.2 262.5 105 26.25 39.37 52.49 39.37 13.12 26.25 0 0 13.12 0 0 0 0 0 0
1 515.8 378.3 171.9 206.3 240.7 34.39 34.39 51.58 51.58 17.19 17.19 0 0 0 0 0 0 0 0 0
1 294.5 675.6 173.2 155.9 103.9 86.62 86.62 51.97 34.65 17.32 17.32 17.32 17.32 0 0 0 0 0 0 0
1 426.4 274.1 274.1 121.8 106.6 60.91 106.6 30.46 30.46 45.68 30.46 0 15.23 0 0 0 0 0 0 0
1 325 351 182 195 117 65 26 0 13 0 13 0 13 0 0 0 0 0 0 0
1 170.6 250.9 190.7 50.19 140.5 30.11 50.19 50.19 30.11 10.04 0 20.08 0 0 0 0 0 0 0 10.04
1 163.5 221.3 153.9 144.3 28.86 144.3 38.48 9.62 9.62 28.86 0 9.62 0 0 9.62 0 0 0 0 0
1 378 172.8 118.8 108 97.21 21.6 64.81 43.21 0 21.6 21.6 10.8 0 0 10.8 0 10.8 0 0 0
1 283.4 164.6 109.7 64 64 45.71 54.85 36.57 18.28 36.57 0 18.28 9.142 0 0 0 0 0 9.142 0
1 514 332.6 226.8 90.7 90.7 45.35 75.59 45.35 30.23 30.23 0 15.12 15.12 0 0 0 0 0 0 0
1 582 363.7 101.8 189.1 29.1 58.2 87.3 14.55 14.55 0 0 0 0 0 0 0 0 0 0 14.55
1 481.5 518.6 314.8 111.1 129.6 111.1 18.52 74.08 18.52 37.04 37.04 0 0 0 0 0 0 0 0 0
1 307.4 409.9 263.5 175.7 43.92 43.92 29.28 14.64 14.64 43.92 29.28 0 0 0 14.64 29.28 0 29.28 0 14.64
1 323.5 283 229.1 269.5 80.86 40.43 26.95 13.48 13.48 0 26.95 0 0 26.95 0 0 0 0 0 13.48
1 357.8 99.39 169 169 79.51 39.76 19.88 19.88 0 9.939 9.939 0 9.939 0 0 0 9.939 0 0 0
1 272.8 450.1 218.2 68.19 109.1 68.19 54.55 13.64 40.91 13.64 13.64 13.64 13.64 13.64 0 0 0 0 0 0
1 484.4 161.5 201.8 53.82 148 94.19 80.73 26.91 13.46 40.37 0 13.46 13.46 13.46 0 0 0 0 0 0
1 354.7 249.6 144.5 210.2 118.2 39.41 131.4 26.27 13.14 26.27 0 0 0 0 0 0 0 0 0 0
1 392.6 350.5 196.3 84.13 196.3 28.04 28.04 28.04 56.09 0 0 28.04 14.02 0 0 0 0 0 0 0
1 352.9 249.1 145.3 83.04 31.14 41.52 31.14 20.76 0 20.76 41.52 0 0 10.38 0 10.38 0 0 0 0
1 271.6 161.3 127.3 76.39 84.87 59.41 16.97 8.487 0 16.97 8.487 8.487 8.487 0 0 0 0 0 0 0
1 234.1 323.2 222.9 100.3 100.3 22.29 44.58 22.29 0 22.29 0 11.15 0 11.15 0 0 0 0 0 0
1 481.8 264.2 264.2 217.6 93.26 124.3 31.09 31.09 0 15.54 15.54 0 0 0 0 0 0 0 0 15.54
1 348.6 204.4 120.2 156.3 132.2 96.17 36.06 0 24.04 24.04 12.02 12.02 12.02 12.02 12.02 0 0 0 0 0
1 519.6 259.8 198.7 137.5 76.41 107 91.69 15.28 15.28 30.56 15.28 30.56 15.28 0 15.28 0 0 0 0 0
1 333.8 253.7 227 93.47 93.47 133.5 80.12 66.77 13.35 0 13.35 13.35 0 0 0 13.35 0 0 0 0
1 156.9 289.6 277.5 181 108.6 36.2 72.39 24.13 24.13 0 12.07 0 0 0 0 12.07 12.07 0 0 0
1 316.6 180.9 271.3 241.2 105.5 75.37 120.6 60.3 30.15 60.3 0 30.15 0 15.07 0 0 0 0 0 0
1 413.5 76.17 163.2 119.7 108.8 97.93 21.76 21.76 21.76 0 21.76 10.88 10.88 0 0 0 0 0 0 0
1 421.7 345 102.2 140.6 63.89 76.67 25.56 63.89 25.56 0 0 0 12.78 0 0 0 0 0 0 0
1 792.8 418.4 506.5 88.09 154.1 44.04 66.06 0 0 0 44.04 22.02 44.04 0 0 0 22.02 0 0 0
1 323.6 198.3 167 114.8 62.63 10.44 41.75 62.63 20.88 0 10.44 10.44 0 0 0 0 0 0 10.44 10.44
1 455.7 190.8 116.6 137.8 52.99 21.19 31.79 0 21.19 0 0 10.6 10.6 10.6 0 0 0 0 0 0
1 276.6 361.7 170.2 127.6 74.46 10.64 21.27 21.27 0 0 0 0 0 0 0 0 0 0 0 0
1 238.4 300.2 158.9 35.32 52.98 52.98 17.66 8.829 8.829 8.829 0 0 0 0 0 0 0 0 0 0
1 275.6 145.1 108.8 101.5 58.03 7.253 14.51 0 0 14.51 0 0 0 0 0 0 0 0 0 0
1 226.3 250.5 121.2 80.81 64.65 24.24 24.24 0 8.081 0 0 0 0 0 8.081 0 0 0 0 0
1 309.1 224.8 196.7 93.67 46.83 46.83 9.367 0 9.367 0 0 0 0 0 0 0 0 0 0 0
1 314.3 168.7 91.99 46 99.66 15.33 15.33 7.666 0 7.666 0 0 0 0 0 0 0 0 0 0
1 219.8 206.5 93.24 79.92 26.64 19.98 19.98 0 0 0 0 0 0 0 0 0 0 0 0 0
1 311.8 160.6 226.8 151.2 37.8 18.9 18.9 9.45 0 0 0 0 0 0 0 0 9.45 0 0 0
1 245.3 182 118.7 134.5 47.48 15.83 39.57 0 7.913 0 0 0 0 0 0 0 0 0 0 0
1 286.6 171.9 95.53 25.47 31.84 6.368 6.368 6.368 0 0 6.368 0 0 0 0 0 0 0 0 0
1 227.2 267.8 138 89.27 56.81 24.35 0 8.115 0 0 0 0 0 0 0 0 0 0 0 0
1 132.9 68.44 96.63 44.29 28.18 8.052 12.08 8.052 0 0 0 4.026 0 0 0 0 0 0 0 0
1 307.8 174.7 141.4 124.8 33.28 16.64 16.64 0 0 0 0 8.32 0 8.32 0 0 0 0 0 0
1 255.2 138.7 83.23 22.19 44.39 5.548 0 5.548 0 0 0 0 0 0 0 0 0 0 0 0
1 156.6 232 104.4 28.99 28.99 17.4 0 5.799 0 0 0 0 5.799 0 0 0 0 0 0 0
1 236.5 173.5 244.4 70.96 47.31 7.885 0 0 7.885 0 0 0 0 0 0 0 0 0 0 0
1 166.8 166.8 50.05 111.2 27.81 16.68 5.561 5.561 5.561 0 0 0 0 0 0 0 0 0 0 0
1 188.4 76.36 81.45 66.18 56 15.27 10.18 0 5.091 5.091 0 0 0 0 0 5.091 0 0 0 0
1 112.5 120 52.51 48.76 15 7.502 3.751 7.502 3.751 0 0 0 0 3.751 0 0 0 0 0 0
1 284.2 116.2 96.87 71.04 45.21 6.458 19.37 0 0 0 0 0 0 0 6.458 0 0 0 0 0
1 196.4 174.6 54.56 54.56 16.37 16.37 0 16.37 5.456 5.456 0 0 5.456 0 0 0 0 0 0 0
1 133.2 158.5 171.2 38.04 76.09 12.68 19.02 12.68 6.341 0 6.341 0 0 0 0 0 0 0 0 0
1 202.3 101.2 89.25 136.9 5.95 29.75 11.9 17.85 0 0 0 0 0 0 0 0 0 0 0 0
1 68.65 90.62 24.72 30.21 35.7 5.492 10.98 0 5.492 2.746 0 0 0 0 0 0 0 0 0 0
1 130.7 89.45 79.13 6.881 17.2 10.32 0 3.441 3.441 0 3.441 0 0 0 0 0 0 0 0 0
1 83.56 86.34 47.35 16.71 11.14 13.93 13.93 5.571 0 0 0 0 0 0 0 0 0 0 0 0
1 83.58 35.82 54.93 26.27 14.33 0 9.552 9.552 0 0 0 2.388 0 0 2.388 0 0 0 0 0
1 63.86 59.46 37.44 24.22 17.62 13.21 0 0 4.404 0 0 0 0 0 0 0 0 0 0 0
1 55.44 23.52 28.56 30.24 8.4 10.08 8.4 0 1.68 1.68 0 0 0 0 0 0 0 0 0 0
1 60.07 80.78 22.78 16.57 6.214 6.214 6.214 6.214 0 2.071 0 0 0 0 0 0 0 0 0 0
1 120.8 39.5 44.15 11.62 2.324 0 6.971 4.648 0 0 0 2.324 0 0 0 0 0 0 0 0
1 64.82 89.41 40.23 8.941 8.941 4.47 2.235 4.47 0 0 0 0 0 0 0 0 0 0 0 0
1 73.98 45.21 51.38 14.39 12.33 2.055 4.11 2.055 0 0 0 0 0 0 0 0 0 0 0 0
1 66.39 105.1 41.49 33.19 13.83 8.298 2.766 2.766 0 0 0 2.766 0 0 0 0 0 0 0 0
1 36.66 32.43 32.43 18.33 5.64 4.23 8.46 0 0 2.82 0 0 0 0 0 0 0 0 0 0
1 48.14 22.12 13.01 22.12 11.71 5.204 2.602 2.602 0 0 1.301 0 1.301 0 0 0 0 0 0 0
1 57.76 16.69 19.25 6.417 15.4 6.417 3.85 1.283 0 0 1.283 0 0 0 0 0 0 0 0 0
1 38.32 67.94 34.84 22.65 3.484 1.742 1.742 3.484 0 0 0 0 0 0 0 0 0 0 0 0
1 72.41 37.01 28.96 14.48 0 1.609 1.609 1.609 1.609 1.609 0 0 0 0 0 0 0 0 0 0
1 64.75 44.22 23.69 9.475 7.896 0 1.579 6.317 0 0 0 0 0 0 0 0 0 0 0 0
1 44.25 49.96 19.98 11.42 11.42 4.282 1.427 0 0 0 0 0 0 0 0 0 0 0 0 0
1 21.8 34.42 29.83 17.21 6.883 4.589 0 0 0 0 0 0 0 0 0 0 0 0 0 0
1 46.59 20.55 32.88 26.03 4.111 2.74 1.37 2.74 0 0 0 0 0 0 0 0 0 0 0 0
1 48.42 18.54 9.272 6.181 9.272 4.121 3.091 2.06 1.03 1.03 0 0 0 0 0 0 0 0 0 0
1 22.57 40 25.64 6.154 1.026 2.051 4.103 0 1.026 0 0 0 0 0 0 0 0 0 0 0
1 27.22 24.75 45.79 14.85 1.237 3.712 3.712 2.475 0 0 0 0 0 0 0 0 0 0 0 0
1 39.41 27.7 12.78 14.91 5.326 2.131 3.196 0 0 0 0 0 0 0 0 1.065 0 0 0 0
1 24.38 16.49 13.62 5.02 4.303 2.151 0.7171 1.434 2.151 1.434 0 0 0 0 0 0 0 0 0 0
1 40.22 21.07 20.11 4.788 2.873 3.831 0 0.9577 0.9577 0.9577 0 0 0 0 0 0 0 0 0 0
1 15.36 21.21 17.56 8.778 5.121 1.463 1.463 0 0.7315 0.7315 0.7315 0 0 0 0 0 0 0 0 0
1 42.53 12.51 15.01 5.838 3.336 0.834 2.502 0 0.834 0 0 0 0 0 0 0 0 0 0 0
1 14.44 43.33 9.345 6.797 6.797 1.699 0 0 1.699 0 0 0 0 0 0 0 0 0.8496 0 0
1 16.86 7.227 15.42 3.854 2.891 0.9636 0.4818 0 0 0.4818 0 0 0 0 0 0 0 0 0 0
1 29.24 17.99 6.748 12.75 1.499 4.498 1.499 0.7497 0 0 0 0 0 0 0 0 0 0 0 0
1 17.19 13.97 10.74 2.149 5.909 0.5372 2.686 0 0 0 0.5372 0 0 0 0 0 0 0 0 0
1 21.87 19.37 8.746 4.373 3.748 4.373 0 0 0 0 0 0 0 0 0 0 0 0 0 0
1 10.93 6.558 11.37 6.558 4.809 0.8744 1.312 0 0.4372 0.4372 0.4372 0 0 0 0 0 0 0 0 0
