 landings-at-age - landings.n (units : NA )
1	2	
2	100	
1	20	
1 
0.02659 0.2984 0.8352 0.6934 0.4839 0.3377 0.2357 0.1644 0.1148 0.08008 0.05589 0.039 0.02722 0.01899 0.01325 0.009249 0.006454 0.004504 0.003143 0.007259
0.004307 0.05216 0.1462 0.1214 0.08475 0.05914 0.04127 0.0288 0.0201 0.01403 0.009787 0.00683 0.004766 0.003326 0.002321 0.00162 0.00113 0.0007888 0.0005504 0.001271
0.004652 0.04836 0.1464 0.1219 0.08515 0.05942 0.04147 0.02894 0.02019 0.01409 0.009834 0.006862 0.004789 0.003342 0.002332 0.001627 0.001136 0.0007925 0.000553 0.001277
0.004365 0.05224 0.1357 0.122 0.08549 0.0597 0.04166 0.02907 0.02029 0.01416 0.00988 0.006895 0.004811 0.003358 0.002343 0.001635 0.001141 0.0007963 0.0005557 0.001283
0.002448 0.04901 0.1466 0.1131 0.08557 0.05994 0.04186 0.02921 0.02038 0.01423 0.009927 0.006927 0.004834 0.003374 0.002354 0.001643 0.001146 8e-04 0.0005583 0.001289
0.003087 0.02749 0.1375 0.1222 0.07933 0.06 0.04203 0.02935 0.02048 0.01429 0.009974 0.00696 0.004857 0.00339 0.002365 0.001651 0.001152 0.0008038 0.0005609 0.001295
0.008092 0.03466 0.07714 0.1147 0.0857 0.05562 0.04207 0.02947 0.02058 0.01436 0.01002 0.006993 0.00488 0.003406 0.002377 0.001658 0.001157 0.0008076 0.0005636 0.001302
0.004442 0.09086 0.09725 0.06432 0.0804 0.06008 0.039 0.0295 0.02066 0.01443 0.01007 0.007026 0.004903 0.003422 0.002388 0.001666 0.001163 0.0008114 0.0005663 0.001308
0.003648 0.04988 0.255 0.08109 0.0451 0.05637 0.04213 0.02735 0.02068 0.01449 0.01012 0.00706 0.004926 0.003438 0.002399 0.001674 0.001168 0.0008153 0.0005689 0.001314
0.004274 0.04097 0.14 0.2126 0.05686 0.03162 0.03952 0.02954 0.01917 0.0145 0.01016 0.007093 0.00495 0.003454 0.00241 0.001682 0.001174 0.0008191 0.0005716 0.00132
0.006677 0.04799 0.1149 0.1167 0.1491 0.03987 0.02217 0.02771 0.02071 0.01344 0.01017 0.007121 0.004973 0.003471 0.002422 0.00169 0.001179 0.000823 0.0005743 0.001326
0.002953 0.07497 0.1346 0.09585 0.08183 0.1045 0.02795 0.01555 0.01943 0.01452 0.009425 0.007128 0.004993 0.003487 0.002433 0.001698 0.001185 0.0008269 0.0005771 0.001333
0.005346 0.03315 0.2104 0.1123 0.06721 0.05738 0.07328 0.0196 0.0109 0.01362 0.01018 0.006609 0.004998 0.003501 0.002445 0.001706 0.001191 0.0008308 0.0005798 0.001339
0.004424 0.06003 0.09303 0.1754 0.07872 0.04712 0.04023 0.05138 0.01374 0.007642 0.009552 0.007139 0.004634 0.003504 0.002455 0.001714 0.001196 0.0008348 0.0005825 0.001345
0.003233 0.04968 0.1684 0.07757 0.123 0.0552 0.03304 0.02821 0.03603 0.009634 0.005358 0.006697 0.005005 0.003249 0.002457 0.001721 0.001202 0.0008387 0.0005853 0.001352
0.002537 0.0363 0.1394 0.1405 0.05439 0.08624 0.0387 0.02317 0.01978 0.02526 0.006755 0.003757 0.004696 0.003509 0.002278 0.001723 0.001207 0.0008427 0.0005881 0.001358
0.00442 0.02849 0.1018 0.1162 0.09848 0.03813 0.06047 0.02714 0.01624 0.01387 0.01771 0.004736 0.002634 0.003292 0.002461 0.001597 0.001208 0.000846 0.0005908 0.001365
0.003383 0.04963 0.07995 0.08493 0.0815 0.06905 0.02674 0.04239 0.01903 0.01139 0.009722 0.01242 0.003321 0.001847 0.002308 0.001725 0.00112 0.0008469 0.0005932 0.001371
0.004232 0.03799 0.1393 0.06667 0.05955 0.05714 0.04841 0.01875 0.02972 0.01334 0.007985 0.006817 0.008706 0.002328 0.001295 0.001619 0.00121 0.0007851 0.0005938 0.001377
0.005332 0.04752 0.1066 0.1161 0.04674 0.04175 0.04006 0.03394 0.01314 0.02084 0.009353 0.005598 0.004779 0.006104 0.001633 0.0009079 0.001135 0.0008481 0.0005505 0.001382
0.004962 0.05987 0.1333 0.08889 0.08142 0.03277 0.02927 0.02809 0.0238 0.009216 0.01461 0.006558 0.003925 0.003351 0.00428 0.001145 0.0006366 0.0007957 0.0005946 0.001355
0.003293 0.05571 0.168 0.1112 0.06233 0.05709 0.02298 0.02052 0.0197 0.01669 0.006462 0.01025 0.004598 0.002752 0.00235 0.003001 0.0008025 0.0004463 0.0005579 0.001367
0.003377 0.03697 0.1563 0.1401 0.07796 0.0437 0.04003 0.01611 0.01439 0.01381 0.0117 0.004531 0.007184 0.003224 0.00193 0.001647 0.002104 0.0005627 0.000313 0.00135
0.005883 0.03792 0.1037 0.1304 0.09822 0.05466 0.03064 0.02806 0.0113 0.01009 0.009682 0.008203 0.003177 0.005037 0.00226 0.001353 0.001155 0.001475 0.0003945 0.001166
0.003154 0.06605 0.1064 0.08651 0.0914 0.06887 0.03833 0.02148 0.01968 0.00792 0.007075 0.006789 0.005752 0.002227 0.003532 0.001585 0.0009486 0.0008098 0.001034 0.001094
0.003801 0.03541 0.1853 0.08873 0.06066 0.06409 0.04829 0.02687 0.01506 0.0138 0.005553 0.00496 0.00476 0.004033 0.001562 0.002476 0.001111 0.0006651 0.0005678 0.001492
0.003891 0.04268 0.09936 0.1546 0.06221 0.04253 0.04493 0.03386 0.01884 0.01056 0.009674 0.003894 0.003478 0.003337 0.002828 0.001095 0.001736 0.0007791 0.0004663 0.001444
0.005062 0.04368 0.1198 0.08285 0.1084 0.04362 0.02982 0.0315 0.02374 0.01321 0.007405 0.006783 0.00273 0.002438 0.00234 0.001983 0.0007677 0.001217 0.0005463 0.00134
0.004378 0.05683 0.1226 0.09986 0.05809 0.07598 0.03058 0.02091 0.02209 0.01664 0.009262 0.005192 0.004756 0.001914 0.00171 0.001641 0.00139 0.0005383 0.0008535 0.001322
0.005113 0.04916 0.1595 0.1022 0.07002 0.04073 0.05327 0.02144 0.01466 0.01549 0.01167 0.006494 0.00364 0.003334 0.001342 0.001199 0.00115 0.0009746 0.0003774 0.001526
0.003395 0.05741 0.1379 0.133 0.07167 0.04909 0.02856 0.03735 0.01504 0.01028 0.01086 0.008182 0.004553 0.002552 0.002338 0.000941 0.0008405 0.0008065 0.0006833 0.001334
0.004328 0.03812 0.1611 0.115 0.09324 0.05025 0.03442 0.02002 0.02619 0.01054 0.007207 0.007614 0.005737 0.003193 0.00179 0.001639 0.0006598 0.0005893 0.0005655 0.001415
0.005121 0.0486 0.107 0.1343 0.08065 0.06537 0.03523 0.02413 0.01404 0.01836 0.007391 0.005053 0.005338 0.004022 0.002238 0.001255 0.001149 0.0004626 0.0004132 0.001388
0.005058 0.0575 0.1364 0.08918 0.09418 0.05655 0.04584 0.0247 0.01692 0.009843 0.01287 0.005182 0.003543 0.003743 0.00282 0.001569 0.0008797 0.0008058 0.0003243 0.001263
0.0035 0.05679 0.1613 0.1137 0.06253 0.06603 0.03965 0.03214 0.01732 0.01186 0.006902 0.009027 0.003634 0.002484 0.002624 0.001977 0.0011 0.0006168 0.000565 0.001113
0.003009 0.0393 0.1594 0.1345 0.07972 0.04384 0.0463 0.0278 0.02253 0.01214 0.008318 0.004839 0.006329 0.002548 0.001742 0.00184 0.001386 0.0007715 0.0004325 0.001177
0.002446 0.03378 0.1103 0.1329 0.09433 0.0559 0.03074 0.03246 0.01949 0.0158 0.008514 0.005832 0.003393 0.004438 0.001786 0.001221 0.00129 0.0009721 0.000541 0.001128
0.005589 0.02746 0.09479 0.09195 0.09317 0.06614 0.03919 0.02155 0.02276 0.01367 0.01108 0.00597 0.004089 0.002379 0.003111 0.001252 0.0008562 0.0009046 0.0006815 0.00117
0.004603 0.06275 0.07705 0.07905 0.06447 0.06533 0.04637 0.02748 0.01511 0.01596 0.009582 0.007767 0.004186 0.002867 0.001668 0.002182 0.0008781 0.0006003 0.0006342 0.001298
1.229 13.32 42.04 15.05 12.98 10.59 10.73 7.617 4.514 2.482 2.621 1.574 1.276 0.6875 0.471 0.274 0.3583 0.1442 0.09861 0.3175
0.9639 12.64 30.98 26.1 7.679 6.624 5.402 5.474 3.886 2.303 1.266 1.337 0.8029 0.6509 0.3508 0.2403 0.1398 0.1828 0.07359 0.2123
1.451 11.77 34.69 22.77 15.78 4.644 4.005 3.267 3.31 2.35 1.392 0.7658 0.8086 0.4855 0.3936 0.2121 0.1453 0.08452 0.1105 0.1729
0.7987 14.33 26.25 20.54 11.06 7.668 2.256 1.946 1.587 1.608 1.142 0.6765 0.372 0.3929 0.2359 0.1912 0.103 0.07058 0.04106 0.1377
0.9057 8.531 34.71 17.04 10.97 5.909 4.096 1.205 1.04 0.8478 0.8591 0.6099 0.3614 0.1987 0.2099 0.126 0.1021 0.05505 0.03771 0.09549
0.8204 10.29 21.93 23.96 9.683 6.233 3.357 2.327 0.6847 0.5906 0.4816 0.4881 0.3465 0.2053 0.1129 0.1192 0.07159 0.05803 0.03127 0.07567
0.7464 8.938 25.34 14.46 12.99 5.25 3.38 1.82 1.262 0.3712 0.3202 0.2611 0.2646 0.1878 0.1113 0.06122 0.06464 0.03881 0.03146 0.05798
0.8501 8.5 22.95 17.41 8.166 7.337 2.965 1.909 1.028 0.7126 0.2097 0.1809 0.1475 0.1495 0.1061 0.06287 0.03458 0.03651 0.02192 0.05052
0.9189 8.46 19.18 13.82 8.614 4.041 3.631 1.467 0.9447 0.5087 0.3527 0.1038 0.0895 0.07299 0.07396 0.0525 0.03111 0.01711 0.01807 0.03585
0.7105 11.52 23.86 14.53 8.62 5.372 2.52 2.264 0.9152 0.5892 0.3173 0.2199 0.06471 0.05582 0.04552 0.04613 0.03275 0.01941 0.01067 0.03363
0.7497 7.415 27.04 14.87 7.427 4.408 2.747 1.289 1.158 0.468 0.3013 0.1622 0.1125 0.03309 0.02854 0.02328 0.02359 0.01674 0.009922 0.02265
0.8265 8.46 18.8 18.26 8.248 4.121 2.445 1.524 0.715 0.6424 0.2596 0.1671 0.09001 0.0624 0.01836 0.01584 0.01291 0.01309 0.00929 0.01807
0.9778 8.606 19.84 11.72 9.345 4.221 2.109 1.251 0.78 0.3659 0.3287 0.1329 0.08554 0.04606 0.03193 0.009395 0.008104 0.006609 0.006697 0.014
0.6374 10.33 20.55 12.65 6.142 4.899 2.213 1.106 0.6561 0.4089 0.1918 0.1723 0.06965 0.04484 0.02415 0.01674 0.004925 0.004248 0.003465 0.01085
0.5461 7.175 26.25 13.99 7.088 3.44 2.744 1.239 0.6192 0.3674 0.229 0.1074 0.09652 0.03901 0.02511 0.01352 0.009376 0.002759 0.002379 0.008019
0.736 6.104 18.07 17.65 7.733 3.918 1.901 1.517 0.685 0.3422 0.2031 0.1266 0.05938 0.05335 0.02156 0.01388 0.007475 0.005182 0.001525 0.005747
0.8657 7.459 14 11.06 8.875 3.888 1.97 0.956 0.7625 0.3444 0.1721 0.1021 0.06364 0.02986 0.02682 0.01084 0.00698 0.003759 0.002606 0.003657
0.5396 10.65 20.64 10.39 6.75 5.417 2.373 1.202 0.5835 0.4654 0.2102 0.105 0.06233 0.03885 0.01823 0.01637 0.006618 0.00426 0.002294 0.003822
0.6206 5.4 24.05 12.37 5.109 3.32 2.665 1.167 0.5914 0.287 0.2289 0.1034 0.05167 0.03066 0.01911 0.008965 0.008054 0.003255 0.002096 0.003009
0.3729 6.693 13.18 15.72 6.651 2.747 1.785 1.433 0.6276 0.318 0.1543 0.1231 0.0556 0.02778 0.01648 0.01027 0.00482 0.00433 0.00175 0.002744
0.6748 4.504 18.17 9.575 9.395 3.974 1.641 1.067 0.856 0.3751 0.19 0.09222 0.07355 0.03322 0.0166 0.009851 0.006139 0.00288 0.002588 0.002686
0.3655 7.301 10.93 11.69 5.055 4.96 2.098 0.8665 0.5631 0.4519 0.198 0.1003 0.04868 0.03883 0.01754 0.008763 0.0052 0.003241 0.00152 0.002784
0.751 4.041 18.09 7.181 6.305 2.727 2.676 1.132 0.4674 0.3038 0.2438 0.1068 0.05412 0.02626 0.02095 0.009463 0.004728 0.002806 0.001748 0.002322
0.4061 7.434 9.026 10.72 3.493 3.067 1.327 1.302 0.5506 0.2274 0.1478 0.1186 0.05196 0.02632 0.01278 0.01019 0.004603 0.0023 0.001365 0.00198
0.1677 4.568 18.88 6.137 5.997 1.954 1.715 0.7419 0.728 0.3079 0.1272 0.08265 0.06633 0.02906 0.01472 0.007146 0.0057 0.002574 0.001286 0.001871
0.3598 1.816 11.17 12.33 3.294 3.219 1.049 0.9206 0.3982 0.3907 0.1653 0.06826 0.04436 0.0356 0.0156 0.007902 0.003835 0.003059 0.001382 0.001694
0.323 3.972 4.523 7.434 6.747 1.803 1.762 0.5739 0.5039 0.218 0.2138 0.09046 0.03736 0.02428 0.01949 0.008537 0.004325 0.002099 0.001674 0.001684
0.3313 3.318 9.245 2.814 3.802 3.451 0.922 0.9009 0.2935 0.2577 0.1115 0.1094 0.04626 0.01911 0.01242 0.009965 0.004366 0.002212 0.001074 0.001717
0.24 4.062 9.156 6.843 1.715 2.316 2.102 0.5618 0.5489 0.1788 0.157 0.06791 0.06664 0.02819 0.01164 0.007566 0.006072 0.00266 0.001348 0.0017
0.2648 2.48 9.456 5.662 3.474 0.8705 1.176 1.067 0.2852 0.2787 0.0908 0.07971 0.03448 0.03383 0.01431 0.00591 0.003841 0.003083 0.001351 0.001548
0.136 2.688 5.711 5.823 2.866 1.759 0.4406 0.5953 0.5403 0.1444 0.1411 0.04596 0.04035 0.01745 0.01712 0.007244 0.002992 0.001944 0.00156 0.001467
0.2624 1.595 7.129 4.072 3.419 1.683 1.033 0.2587 0.3495 0.3172 0.08476 0.08282 0.02699 0.02369 0.01025 0.01005 0.004253 0.001757 0.001142 0.001778
0.1699 2.837 3.895 4.654 2.185 1.835 0.9032 0.5541 0.1388 0.1876 0.1702 0.04549 0.04445 0.01448 0.01271 0.0055 0.005396 0.002283 0.0009427 0.001567
0.313 1.951 7.335 2.692 2.645 1.242 1.043 0.5133 0.3149 0.07891 0.1066 0.09675 0.02585 0.02526 0.00823 0.007226 0.003126 0.003067 0.001297 0.001426
0.1857 3.275 4.604 4.608 1.389 1.365 0.6408 0.538 0.2648 0.1625 0.04071 0.055 0.04992 0.01334 0.01303 0.004247 0.003728 0.001613 0.001582 0.001405
0.1697 1.932 7.724 2.905 2.391 0.7207 0.7081 0.3325 0.2792 0.1374 0.08431 0.02113 0.02854 0.0259 0.006922 0.006763 0.002203 0.001935 0.0008368 0.00155
0.09403 1.895 4.89 5.251 1.626 1.338 0.4033 0.3962 0.1861 0.1562 0.07689 0.04718 0.01182 0.01597 0.01449 0.003873 0.003784 0.001233 0.001082 0.001336
0.1408 1.123 5.09 3.517 3.107 0.9619 0.7915 0.2386 0.2344 0.1101 0.09242 0.0455 0.02791 0.006994 0.009449 0.008576 0.002292 0.002239 0.0007295 0.001431
0.1302 1.408 2.537 3.06 1.736 1.533 0.4747 0.3906 0.1178 0.1157 0.05433 0.04561 0.02245 0.01378 0.003452 0.004663 0.004232 0.001131 0.001105 0.001066
0.1772 1.482 3.618 1.747 1.733 0.983 0.8684 0.2689 0.2213 0.0667 0.06553 0.03077 0.02584 0.01272 0.007803 0.001955 0.002641 0.002397 0.0006406 0.00123
0.1261 2.064 3.875 2.523 1.001 0.9933 0.5634 0.4977 0.1541 0.1268 0.03823 0.03756 0.01764 0.01481 0.007289 0.004472 0.001121 0.001514 0.001374 0.001072
0.1649 1.242 4.59 2.287 1.222 0.485 0.4812 0.2729 0.2411 0.07465 0.06143 0.01852 0.01819 0.008544 0.007173 0.003531 0.002166 0.0005428 0.0007333 0.001185
0.1914 1.864 3.171 3.14 1.287 0.6878 0.273 0.2708 0.1536 0.1357 0.04201 0.03457 0.01042 0.01024 0.004808 0.004037 0.001987 0.001219 0.0003055 0.00108
0.1243 2.054 4.519 2.054 1.672 0.6856 0.3663 0.1454 0.1442 0.0818 0.07227 0.02238 0.01841 0.00555 0.005453 0.002561 0.00215 0.001058 0.0006493 0.0007377
0.07231 1.391 5.188 3.054 1.142 0.9294 0.381 0.2036 0.08079 0.08015 0.04546 0.04016 0.01244 0.01023 0.003085 0.003031 0.001423 0.001195 0.0005882 0.0007708
0.1223 0.74 3.226 3.216 1.556 0.5816 0.4735 0.1941 0.1037 0.04116 0.04083 0.02316 0.02046 0.006335 0.005213 0.001571 0.001544 0.000725 0.0006087 0.0006923
0.1428 1.375 1.885 2.208 1.812 0.8764 0.3276 0.2667 0.1093 0.05843 0.02319 0.023 0.01305 0.01153 0.003569 0.002937 0.0008852 0.0008698 0.0004084 0.0007329
0.06741 1.655 3.593 1.319 1.271 1.043 0.5046 0.1886 0.1535 0.06295 0.03364 0.01335 0.01324 0.007511 0.006635 0.002055 0.001691 0.0005096 0.0005007 0.0006571
0.08861 0.7503 4.139 2.393 0.7216 0.6955 0.5707 0.2761 0.1032 0.08402 0.03445 0.01841 0.007304 0.007247 0.00411 0.003631 0.001124 0.0009251 0.0002789 0.0006336
0.08815 0.9775 1.857 2.723 1.293 0.3898 0.3757 0.3083 0.1492 0.05575 0.04539 0.01861 0.009943 0.003946 0.003915 0.00222 0.001961 0.0006073 0.0004998 0.0004929
0.07331 0.861 2.16 1.092 1.314 0.6238 0.1881 0.1813 0.1487 0.07197 0.0269 0.0219 0.008979 0.004797 0.001904 0.001889 0.001071 0.0009464 0.000293 0.000479
0.1053 0.9005 2.379 1.601 0.6659 0.8013 0.3805 0.1147 0.1106 0.09072 0.04389 0.01641 0.01336 0.005476 0.002926 0.001161 0.001152 0.0006534 0.0005772 0.0004709
0.05028 1.118 2.147 1.506 0.8315 0.3459 0.4163 0.1976 0.0596 0.05744 0.04713 0.0228 0.008523 0.006939 0.002845 0.00152 0.0006032 0.0005985 0.0003394 0.0005445
0.13 0.5571 2.782 1.422 0.8193 0.4524 0.1882 0.2265 0.1075 0.03242 0.03125 0.02564 0.01241 0.004637 0.003775 0.001548 0.000827 0.0003282 0.0003256 0.0004809
0.03595 1.308 1.267 1.683 0.7066 0.407 0.2248 0.0935 0.1125 0.05342 0.01611 0.01553 0.01274 0.006164 0.002304 0.001876 0.000769 0.0004109 0.0001631 0.0004007
0.06349 0.39 3.215 0.835 0.9127 0.3831 0.2207 0.1219 0.05069 0.061 0.02896 0.008734 0.008418 0.006907 0.003342 0.001249 0.001017 0.0004169 0.0002228 0.0003057
0.07399 0.7302 1.013 2.239 0.4783 0.5229 0.2195 0.1264 0.06981 0.02904 0.03495 0.01659 0.005003 0.004822 0.003957 0.001914 0.0007156 0.0005826 0.0002388 0.0003027
0.07948 0.8309 1.845 0.6826 1.24 0.265 0.2896 0.1216 0.07003 0.03867 0.01609 0.01936 0.009192 0.002772 0.002671 0.002192 0.00106 0.0003964 0.0003227 3e-04
0.05035 0.8206 1.937 1.145 0.348 0.6322 0.1351 0.1477 0.06198 0.03571 0.01972 0.008202 0.00987 0.004686 0.001413 0.001362 0.001117 0.0005407 0.0002021 0.0003175
0.03127 0.5999 2.196 1.386 0.6739 0.2048 0.372 0.07948 0.08688 0.03647 0.02101 0.0116 0.004826 0.005807 0.002757 0.0008314 0.0008013 0.0006575 0.0003181 0.0003057
