 landings-at-age - landings.n (units : NA )
1	2	
42	100	
1	20	
1 
0.3238 2.971 21.88 6.899 7.629 4.23 2.737 1.609 0.9825 0.7263 0.613 0.3951 0.4241 0.2237 0.21 0.09635 0.05251 0.02399 0.05415 0.07675
0.2282 2.061 4.637 9.884 2.605 2.881 1.597 1.034 0.6076 0.371 0.2742 0.2315 0.1492 0.1602 0.08447 0.07931 0.03638 0.01983 0.009057 0.04943
0.2662 3.76 8.307 5.458 9.75 2.57 2.842 1.575 1.02 0.5994 0.366 0.2705 0.2283 0.1472 0.158 0.08332 0.07823 0.03589 0.01956 0.05769
0.1969 2.727 9.416 6.038 3.319 5.929 1.563 1.728 0.9581 0.6201 0.3645 0.2226 0.1645 0.1389 0.08949 0.09607 0.05067 0.04757 0.02182 0.04698
0.3877 2.952 9.946 9.97 5.351 2.942 5.255 1.385 1.532 0.8492 0.5495 0.323 0.1973 0.1458 0.1231 0.07932 0.08514 0.04491 0.04216 0.06098
0.3124 3.673 6.812 6.626 5.551 2.979 1.638 2.926 0.7712 0.8527 0.4728 0.306 0.1799 0.1098 0.08117 0.06852 0.04416 0.0474 0.025 0.05743
0.2108 2.983 8.574 4.611 3.752 3.143 1.687 0.9274 1.657 0.4366 0.4828 0.2677 0.1732 0.1018 0.06218 0.04596 0.0388 0.025 0.02684 0.04667
0.2177 2.941 10.14 8.471 3.814 3.103 2.599 1.395 0.767 1.37 0.3611 0.3993 0.2214 0.1433 0.08423 0.05143 0.03801 0.03209 0.02068 0.0608
0.2424 2.516 8.267 8.247 5.759 2.593 2.11 1.767 0.9487 0.5215 0.9315 0.2455 0.2715 0.1505 0.09742 0.05727 0.03497 0.02585 0.02182 0.0554
0.5675 2.495 6.308 5.992 4.997 3.489 1.571 1.278 1.071 0.5748 0.316 0.5644 0.1488 0.1645 0.0912 0.05902 0.0347 0.02119 0.01566 0.04678
0.3062 6.963 7.445 5.45 4.329 3.61 2.521 1.135 0.9236 0.7737 0.4153 0.2283 0.4078 0.1075 0.1189 0.0659 0.04265 0.02507 0.01531 0.04512
0.4065 3.737 20.61 6.364 3.894 3.093 2.579 1.801 0.8109 0.6598 0.5528 0.2967 0.1631 0.2913 0.07679 0.08491 0.04708 0.03047 0.01791 0.04317
0.4368 4.056 9.058 14.4 3.715 2.273 1.806 1.506 1.051 0.4734 0.3852 0.3227 0.1732 0.09521 0.1701 0.04483 0.04957 0.02748 0.01779 0.03565
0.2552 5.061 11.42 7.371 9.798 2.527 1.546 1.228 1.024 0.7153 0.322 0.262 0.2195 0.1178 0.06477 0.1157 0.0305 0.03372 0.0187 0.03635
0.3563 3.089 14.86 9.676 5.219 6.938 1.789 1.095 0.8697 0.7253 0.5065 0.228 0.1855 0.1554 0.08343 0.04586 0.08192 0.02159 0.02388 0.03898
0.2662 3.811 8.016 11.11 6.041 3.259 4.331 1.117 0.6835 0.543 0.4528 0.3162 0.1424 0.1158 0.09704 0.05208 0.02863 0.05114 0.01348 0.03924
0.1611 2.801 9.743 5.91 6.842 3.721 2.008 2.668 0.6882 0.4211 0.3345 0.279 0.1948 0.0877 0.07136 0.05978 0.03209 0.01764 0.03151 0.03248
0.2285 1.88 7.938 7.971 4.042 4.679 2.545 1.373 1.825 0.4707 0.288 0.2288 0.1908 0.1332 0.05998 0.04881 0.04089 0.02195 0.01206 0.04376
0.183 2.137 4.282 5.219 4.38 2.221 2.571 1.398 0.7544 1.003 0.2586 0.1582 0.1257 0.1048 0.07321 0.03296 0.02682 0.02247 0.01206 0.03068
0.297 1.957 5.578 3.24 3.304 2.773 1.406 1.627 0.8852 0.4775 0.6347 0.1637 0.1002 0.07957 0.06636 0.04634 0.02086 0.01697 0.01422 0.02705
0.1595 2.492 4.027 3.334 1.62 1.652 1.387 0.703 0.8139 0.4427 0.2388 0.3174 0.08187 0.05009 0.03979 0.03318 0.02317 0.01043 0.008489 0.02064
0.1958 1.885 7.227 3.409 2.364 1.149 1.171 0.9831 0.4985 0.5771 0.3139 0.1693 0.2251 0.05805 0.03552 0.02821 0.02353 0.01643 0.007397 0.02065
0.295 3.44 8.062 8.994 3.553 2.464 1.198 1.221 1.025 0.5196 0.6015 0.3272 0.1765 0.2346 0.06051 0.03702 0.02941 0.02452 0.01713 0.02924
0.1632 2.192 6.249 4.232 3.945 1.558 1.081 0.5252 0.5355 0.4494 0.2279 0.2638 0.1435 0.07741 0.1029 0.02654 0.01624 0.0129 0.01076 0.02033
0.1128 1.508 4.979 4.137 2.346 2.187 0.8638 0.5991 0.2912 0.2969 0.2491 0.1263 0.1462 0.07955 0.04291 0.05704 0.01471 0.009001 0.00715 0.01724
0.3793 2.228 7.261 6.993 4.869 2.761 2.574 1.017 0.7051 0.3427 0.3494 0.2932 0.1487 0.1721 0.09362 0.0505 0.06712 0.01731 0.01059 0.0287
0.2115 2.827 4.061 3.827 3.08 2.144 1.216 1.133 0.4477 0.3106 0.1509 0.1539 0.1291 0.06548 0.0758 0.04123 0.02224 0.02956 0.007625 0.01731
0.3474 2.48 8.122 3.401 2.683 2.159 1.504 0.8526 0.7948 0.314 0.2178 0.1058 0.1079 0.09055 0.04591 0.05315 0.02891 0.0156 0.02073 0.01748
0.2975 4.71 8.21 7.823 2.742 2.164 1.741 1.213 0.6876 0.6409 0.2532 0.1756 0.08534 0.08702 0.07302 0.03703 0.04286 0.02332 0.01258 0.03081
0.3039 3.334 12.87 6.505 5.185 1.818 1.434 1.154 0.8037 0.4557 0.4248 0.1678 0.1164 0.05656 0.05768 0.0484 0.02454 0.02841 0.01545 0.02876
0.2361 2.979 7.99 8.948 3.782 3.014 1.057 0.8338 0.6711 0.4672 0.2649 0.247 0.09756 0.06767 0.03288 0.03353 0.02814 0.01427 0.01652 0.0257
0.1469 2.101 6.506 5.077 4.759 2.012 1.603 0.562 0.4435 0.3569 0.2485 0.1409 0.1314 0.05189 0.03599 0.01749 0.01783 0.01497 0.007588 0.02246
0.3026 2.811 9.79 8.834 5.776 5.414 2.288 1.824 0.6394 0.5045 0.406 0.2827 0.1603 0.1494 0.05903 0.04094 0.0199 0.02029 0.01703 0.03418
0.5294 2.551 5.783 5.816 4.385 2.867 2.688 1.136 0.9054 0.3174 0.2504 0.2016 0.1403 0.07958 0.07418 0.0293 0.02032 0.009877 0.01007 0.02542
0.334 5.52 6.511 4.289 3.61 2.722 1.779 1.668 0.705 0.5619 0.197 0.1554 0.1251 0.0871 0.04939 0.04604 0.01819 0.01261 0.00613 0.02203
0.4488 4.975 20.03 6.863 3.785 3.186 2.402 1.57 1.472 0.6222 0.4959 0.1738 0.1372 0.1104 0.07686 0.04359 0.04063 0.01605 0.01113 0.02485
0.2178 5.085 13.7 15.93 4.564 2.517 2.118 1.597 1.044 0.9787 0.4137 0.3297 0.1156 0.09121 0.0734 0.05111 0.02898 0.02701 0.01067 0.02392
0.2397 2.495 14.15 11 10.69 3.064 1.689 1.422 1.072 0.701 0.6571 0.2777 0.2214 0.0776 0.06123 0.04928 0.03431 0.01946 0.01814 0.02322
0.3108 2.481 6.282 10.28 6.681 6.493 1.86 1.026 0.8634 0.651 0.4256 0.3989 0.1686 0.1344 0.04712 0.03718 0.02992 0.02083 0.01181 0.02511
0.2882 3.337 6.487 4.749 6.498 4.223 4.104 1.176 0.6484 0.5457 0.4114 0.269 0.2522 0.1066 0.08495 0.02978 0.0235 0.01891 0.01317 0.02334
0.1706 2.449 6.939 3.908 2.393 3.273 2.127 2.067 0.5923 0.3266 0.2749 0.2073 0.1355 0.127 0.05369 0.04279 0.015 0.01184 0.009527 0.01839
0.1985 1.953 6.868 5.668 2.673 1.637 2.239 1.455 1.414 0.4051 0.2234 0.188 0.1418 0.09269 0.08689 0.03673 0.02927 0.01026 0.008097 0.0191
0.4455 2.893 6.938 7.097 4.903 2.312 1.416 1.937 1.259 1.223 0.3505 0.1933 0.1627 0.1227 0.08019 0.07517 0.03177 0.02532 0.008877 0.02352
0.18 4.88 7.716 5.354 4.579 3.164 1.492 0.9135 1.25 0.8122 0.7893 0.2261 0.1247 0.105 0.07914 0.05174 0.0485 0.0205 0.01634 0.02091
0.2135 1.867 12.34 5.65 3.278 2.804 1.937 0.9136 0.5593 0.7652 0.4973 0.4833 0.1385 0.07636 0.06427 0.04846 0.03168 0.0297 0.01255 0.0228
0.09153 1.902 4.072 7.813 2.992 1.736 1.485 1.026 0.4838 0.2962 0.4053 0.2634 0.256 0.07333 0.04044 0.03404 0.02566 0.01678 0.01573 0.01873
0.1918 0.8715 4.45 2.778 4.463 1.709 0.9918 0.8482 0.5861 0.2764 0.1692 0.2315 0.1505 0.1462 0.04189 0.0231 0.01944 0.01466 0.009585 0.01968
0.3722 3.461 3.838 5.717 2.99 4.805 1.84 1.068 0.9132 0.6309 0.2976 0.1822 0.2492 0.162 0.1574 0.0451 0.02487 0.02093 0.01578 0.03151
0.4167 4.752 10.72 3.438 4.282 2.24 3.599 1.378 0.7997 0.6839 0.4725 0.2229 0.1364 0.1867 0.1213 0.1179 0.03378 0.01863 0.01568 0.03542
0.3603 4.789 13.23 8.601 2.303 2.869 1.5 2.411 0.9233 0.5358 0.4582 0.3166 0.1493 0.09141 0.1251 0.08127 0.07898 0.02263 0.01248 0.03423
0.2752 3.586 11.57 9.208 4.999 1.339 1.667 0.8721 1.401 0.5366 0.3114 0.2663 0.184 0.08678 0.05313 0.07269 0.04724 0.04591 0.01315 0.02715
0.3058 2.129 6.786 6.335 4.213 2.287 0.6124 0.7628 0.399 0.6411 0.2455 0.1425 0.1218 0.08418 0.0397 0.02431 0.03325 0.02161 0.021 0.01844
0.1823 2.896 4.953 4.603 3.598 2.393 1.299 0.3478 0.4333 0.2266 0.3641 0.1394 0.08092 0.0692 0.04781 0.02255 0.01381 0.01889 0.01227 0.0224
0.1689 2.18 8.504 4.251 3.31 2.587 1.721 0.9341 0.2501 0.3116 0.163 0.2619 0.1003 0.05819 0.04976 0.03438 0.01622 0.009928 0.01358 0.02494
0.2643 2.365 7.469 8.5 3.559 2.771 2.167 1.441 0.7822 0.2094 0.2609 0.1365 0.2193 0.08397 0.04872 0.04167 0.02879 0.01358 0.008313 0.03225
0.2388 3.643 7.937 7.277 6.931 2.903 2.26 1.767 1.175 0.6378 0.1708 0.2127 0.1113 0.1788 0.06847 0.03973 0.03398 0.02348 0.01107 0.03308
0.2467 3.058 11.31 7.117 5.455 5.196 2.176 1.694 1.324 0.8807 0.4781 0.128 0.1595 0.08341 0.134 0.05133 0.02978 0.02547 0.0176 0.0331
0.3358 1.772 5.366 5.723 3.008 2.306 2.196 0.9196 0.7161 0.5598 0.3722 0.2021 0.05412 0.06741 0.03526 0.05665 0.02169 0.01259 0.01077 0.02143
0.1797 3.691 4.772 4.207 3.757 1.975 1.514 1.442 0.6037 0.4701 0.3675 0.2444 0.1327 0.03552 0.04425 0.02314 0.03719 0.01424 0.008264 0.02113
