Originally  
101 
A 
2	100	
1	1	NA	NA	
1	20	
1 483.6 249.6 171.6 218.4 109.2 78 62.4 78 46.8 0 15.6 0 0 15.6 15.6 15.6 0 0 0 0
1 683.7 213.6 405.9 235 170.9 42.73 149.6 85.46 42.73 64.09 0 0 21.36 0 21.36 0 0 0 0 0
1 232 287.2 176.8 132.6 132.6 22.09 55.24 11.05 22.09 0 11.05 0 0 0 11.05 11.05 0 0 0 0
1 403.1 147.8 201.5 309 67.18 67.18 67.18 26.87 40.31 0 0 13.44 0 0 0 0 0 0 0 0
1 539.9 284.2 156.3 113.7 56.83 85.25 28.42 42.62 56.83 28.42 14.21 14.21 0 0 0 0 0 0 0 0
1 412.3 364.7 269.6 174.4 111 47.57 47.57 63.42 31.71 15.86 15.86 15.86 15.86 0 0 0 0 0 0 0
1 432.3 187 163.6 46.74 58.42 81.79 93.48 23.37 11.68 11.68 0 23.37 23.37 0 0 11.68 0 0 0 0
1 550.6 388.7 210.5 194.3 64.78 32.39 64.78 16.19 16.19 32.39 16.19 0 0 16.19 0 16.19 0 0 0 0
1 411.5 411.5 156.1 70.94 156.1 99.32 28.38 42.56 14.19 14.19 14.19 0 0 0 0 0 0 0 0 0
1 337.1 154.1 115.6 125.2 28.89 67.42 38.53 28.89 9.631 28.89 19.26 9.631 0 0 0 0 0 0 0 0
1 412.7 382.1 259.8 152.9 91.71 45.86 0 61.14 45.86 45.86 0 15.29 0 0 15.29 0 0 0 0 0
1 325.5 310.7 251.5 162.7 133.1 88.76 44.38 59.18 44.38 14.79 14.79 14.79 0 0 14.79 0 0 0 0 0
1 437 249.7 234.1 312.2 78.04 93.65 46.82 15.61 31.22 31.22 15.61 15.61 0 0 0 0 0 0 0 0
1 384.7 186.5 163.2 116.6 104.9 46.64 34.98 11.66 23.32 34.98 23.32 0 11.66 11.66 0 0 0 0 0 11.66
1 407 319.8 159.9 116.3 101.7 116.3 58.14 29.07 58.14 29.07 0 0 14.53 14.53 0 0 14.53 0 0 14.53
1 301.3 338.9 251 62.76 113 62.76 25.1 0 50.21 12.55 12.55 12.55 0 12.55 0 0 0 0 0 0
1 435.3 247.1 176.5 117.7 70.6 35.3 23.53 11.77 11.77 23.53 11.77 0 0 11.77 0 0 0 0 0 0
1 368.5 315.9 197.4 157.9 65.8 52.64 13.16 13.16 52.64 26.32 13.16 0 13.16 0 0 13.16 0 0 0 13.16
1 318.9 198 176 110 110 43.99 32.99 22 43.99 22 0 0 11 0 11 0 0 0 0 0
1 261 210.5 109.5 92.61 42.1 33.68 42.1 16.84 16.84 0 8.419 8.419 0 0 0 0 0 0 0 0
1 362.5 186.7 98.85 153.8 76.89 54.92 54.92 21.97 32.95 21.97 10.98 10.98 10.98 0 0 0 0 0 0 0
1 315.8 267.2 194.4 121.5 72.88 97.18 12.15 60.74 48.59 0 0 24.29 0 0 0 0 0 0 0 0
1 886.5 354.6 216.7 157.6 78.8 59.1 78.8 39.4 78.8 0 0 0 0 0 19.7 0 0 0 0 0
1 236.5 354.8 223.4 105.1 105.1 91.98 26.28 52.56 39.42 39.42 13.14 0 0 0 0 0 0 13.14 0 13.14
1 239.9 115.1 316.6 95.94 19.19 28.78 47.97 38.38 28.78 0 9.594 0 19.19 0 0 0 0 0 0 0
1 326.1 205 83.86 111.8 83.86 27.95 27.95 27.95 0 0 9.318 18.64 0 0 0 9.318 0 0 0 0
1 790.4 441.7 232.5 162.7 232.5 116.2 23.25 186 23.25 46.49 0 46.49 0 23.25 0 0 0 0 0 0
1 459.6 459.6 172.4 129.3 28.73 114.9 0 0 28.73 14.36 0 0 14.36 14.36 0 0 0 0 0 0
1 421.5 276.6 263.5 184.4 39.52 39.52 65.86 26.35 0 0 0 0 0 0 0 0 0 0 0 0
1 365.3 316.6 182.6 219.2 36.53 12.18 0 24.35 12.18 0 12.18 0 12.18 12.18 0 0 0 0 0 12.18
1 369.4 307.8 153.9 92.34 230.8 107.7 107.7 46.17 30.78 30.78 15.39 15.39 15.39 15.39 0 0 0 0 0 0
1 267.3 305.5 216.4 165.5 165.5 63.65 25.46 0 12.73 12.73 25.46 12.73 0 0 0 0 0 0 0 0
1 317.6 332.7 257.1 105.9 196.6 105.9 105.9 30.25 0 15.12 15.12 15.12 15.12 0 0 0 0 0 0 0
1 270.6 220.5 90.2 110.2 90.2 40.09 30.07 60.13 60.13 20.04 10.02 0 0 0 0 0 0 0 0 0
1 705.6 343.7 180.9 217.1 144.7 54.27 18.09 54.27 54.27 18.09 18.09 0 0 0 0 0 0 0 0 0
1 500.7 329 157.3 186 42.91 42.91 42.91 42.91 42.91 14.3 0 14.3 14.3 0 0 0 0 0 0 0
1 740.7 407.4 407.4 55.55 92.59 55.55 37.04 0 18.52 0 37.04 0 0 0 0 0 0 0 0 0
1 427.2 410.7 361.4 131.4 65.72 65.72 98.57 0 16.43 49.29 16.43 0 0 0 0 0 0 0 0 0
1 931.8 381.2 402.4 84.71 84.71 63.53 21.18 42.36 42.36 21.18 42.36 0 0 0 0 0 0 0 0 0
1 353.2 632 223.1 241.6 204.5 37.18 92.94 18.59 37.18 0 0 0 18.59 0 0 0 0 0 0 0
1 330.5 240.3 450.6 105.1 210.3 15.02 45.06 15.02 45.06 15.02 15.02 0 15.02 0 0 0 0 0 0 0
1 392.9 331.5 147.4 196.5 36.84 49.12 12.28 24.56 36.84 0 0 0 0 0 0 0 0 0 0 0
1 505 356.4 297 104 74.26 29.7 44.55 14.85 29.7 0 0 14.85 0 0 0 0 14.85 0 0 0
1 231.2 244.1 308.3 167 77.08 154.2 25.69 0 25.69 12.85 0 0 12.85 0 12.85 0 12.85 0 0 0
1 556 291.9 152.9 125.1 41.7 69.5 69.5 0 41.7 27.8 13.9 0 0 0 0 0 0 0 0 0
1 358.9 387.6 86.14 186.6 244.1 71.78 28.71 0 0 28.71 0 43.07 0 0 0 0 0 0 0 0
1 304.7 278.2 291.4 79.48 119.2 132.5 52.98 13.25 13.25 0 0 26.49 0 13.25 0 0 0 0 0 0
1 281.6 311.3 385.4 177.9 88.93 103.8 29.64 29.64 14.82 29.64 0 0 14.82 0 14.82 0 0 0 0 0
1 288.6 225.9 200.8 225.9 100.4 75.29 75.29 12.55 0 12.55 25.1 0 0 0 0 0 0 12.55 0 0
1 425.1 279 106.3 172.7 159.4 79.71 26.57 13.28 26.57 13.28 26.57 0 0 0 0 0 0 0 0 0
1 473.9 515.7 125.4 97.56 55.75 55.75 41.81 0 0 13.94 0 0 13.94 0 0 0 0 0 0 0
1 528.4 325.2 325.2 54.2 27.1 54.2 0 0 13.55 0 13.55 0 0 13.55 0 0 0 0 0 0
1 477.8 431.6 185 323.7 46.24 0 30.83 15.41 30.83 0 0 0 0 0 0 0 0 0 0 0
1 235.9 314.5 196.6 131 196.6 91.73 39.31 26.21 0 65.52 13.1 0 0 0 0 0 0 0 0 0
1 406.5 182.2 336.4 112.1 112.1 126.2 42.05 28.03 14.02 0 14.02 28.03 0 0 0 0 0 0 0 0
1 310 224.5 128.3 139 128.3 53.45 64.13 0 0 10.69 10.69 0 0 0 0 0 0 0 0 0
1 256.4 269.3 153.9 89.75 205.1 102.6 89.75 89.75 0 0 0 0 0 0 12.82 0 0 0 12.82 0
1 190.6 102.6 146.6 102.6 43.97 36.64 36.64 29.32 29.32 7.329 0 0 0 7.329 0 0 0 0 0 0
1 155.7 113.8 53.9 71.87 41.92 23.96 53.9 59.89 5.989 5.989 5.989 0 5.989 0 0 0 0 0 0 0
1 355.5 271.9 115 115 73.19 31.37 20.91 41.82 0 10.46 10.46 0 0 0 0 0 0 0 0 0
1 208.3 307.9 108.7 63.39 54.34 45.28 54.34 9.056 27.17 9.056 9.056 0 0 0 0 0 0 0 9.056 0
1 408.1 276.5 276.5 118.5 65.83 39.5 39.5 26.33 39.5 0 26.33 0 0 0 0 0 0 0 0 0
1 391.1 296.7 242.8 188.8 94.42 40.46 13.49 53.95 13.49 0 13.49 0 0 0 0 0 0 0 0 0
1 335.5 451.6 245.2 90.33 64.52 38.71 25.81 0 0 12.9 12.9 0 0 0 0 0 0 0 12.9 0
1 168.9 155.4 108.1 94.57 60.8 60.8 6.755 0 6.755 0 0 6.755 6.755 0 0 0 0 0 0 0
1 422.1 158.3 147.7 94.97 73.87 52.76 52.76 10.55 0 0 10.55 10.55 10.55 10.55 0 0 0 0 0 0
1 439.1 284.8 83.07 94.94 83.07 94.94 35.6 11.87 23.73 0 11.87 0 23.73 0 0 0 0 0 0 0
1 641.2 233.2 247.7 102 87.44 72.86 14.57 29.15 14.57 14.57 0 0 0 0 0 0 0 0 0 0
1 406.4 271 174.2 58.06 19.35 9.677 19.35 9.677 0 0 0 0 0 0 0 0 0 0 0 0
1 374.4 309.8 258.2 180.7 51.64 0 51.64 12.91 0 0 12.91 12.91 12.91 0 12.91 0 0 0 0 0
1 538.6 269.3 149.6 299.2 104.7 59.84 44.88 0 0 0 14.96 0 0 0 0 14.96 0 0 0 0
1 352.6 338.5 253.9 84.62 141 141 28.21 56.41 0 0 14.1 0 0 0 0 0 0 0 0 0
1 527 310 170.5 155 124 155 62 46.5 0 0 0 0 0 0 0 0 0 0 0 0
1 777.8 179.5 134.6 119.7 59.83 29.91 149.6 0 29.91 14.96 0 0 0 0 0 0 0 0 0 0
1 770.2 624.5 229 104.1 62.45 62.45 83.27 83.27 20.82 20.82 0 0 20.82 0 0 0 0 0 0 0
1 603.3 385.4 318.4 100.5 134.1 33.51 16.76 16.76 16.76 0 16.76 16.76 0 0 0 0 16.76 0 0 0
1 209.7 447.3 237.6 237.6 125.8 0 55.91 0 13.98 41.93 0 0 13.98 0 0 0 0 13.98 0 0
1 226.7 99.19 85.02 92.11 141.7 28.34 7.085 14.17 7.085 7.085 0 0 0 0 0 0 0 0 0 0
1 238.2 238.2 108.3 173.2 129.9 119.1 0 10.83 10.83 10.83 21.65 10.83 0 0 0 10.83 0 0 0 0
1 397.6 210.5 152 58.48 175.4 46.78 46.78 11.7 11.7 23.39 35.09 0 0 0 0 0 0 0 0 0
1 332.1 297.7 171.8 103.1 57.26 68.71 45.81 22.9 22.9 0 0 0 0 22.9 0 0 0 0 0 0
1 417.5 250.5 264.4 222.7 69.58 83.5 27.83 13.92 0 13.92 0 0 13.92 13.92 0 0 0 0 0 0
1 653.5 368.7 201.1 234.6 134.1 50.27 0 16.76 0 0 0 0 0 0 0 0 16.76 0 0 0
1 342.2 476.2 193.4 119 119 59.52 74.4 29.76 29.76 14.88 29.76 0 0 0 0 0 0 0 0 0
1 236.7 135.3 186 101.5 50.73 16.91 25.36 25.36 0 25.36 8.454 8.454 8.454 0 0 8.454 8.454 0 0 0
1 141.7 283.4 163.5 207.1 87.19 32.69 21.8 54.49 54.49 10.9 21.8 10.9 0 0 0 0 0 0 0 0
1 299.9 67.48 157.5 67.48 59.98 29.99 7.498 7.498 15 0 7.498 7.498 7.498 7.498 0 0 0 0 0 7.498
1 461.3 276.8 92.26 131.8 79.08 145 0 26.36 39.54 26.36 26.36 0 0 13.18 0 0 0 0 0 0
1 337.5 178.1 150 37.5 84.38 28.13 65.63 37.5 9.376 0 9.376 0 0 0 0 0 0 0 0 0
1 372.8 279.6 221.4 116.5 34.95 46.61 46.61 0 11.65 0 11.65 0 11.65 0 11.65 0 0 0 0 0
1 392.5 336.4 252.3 196.3 70.09 42.05 14.02 0 56.07 14.02 14.02 0 14.02 0 0 0 0 0 0 0
1 776.2 286.9 270 168.7 67.5 33.75 16.87 33.75 0 0 0 0 0 0 16.87 0 0 16.87 0 0
1 310.6 299.9 149.9 107.1 96.38 42.84 10.71 0 32.13 0 10.71 0 0 10.71 0 0 0 0 0 0
1 465.3 226.3 238.9 125.7 62.87 62.87 12.57 37.72 12.57 0 0 0 12.57 0 0 0 0 0 0 0
1 291.2 194.1 203.9 116.5 29.12 38.83 38.83 29.12 19.41 0 0 0 0 0 0 9.707 0 0 0 0
1 397.8 334.2 175 206.9 254.6 31.83 47.74 79.57 31.83 15.91 15.91 0 0 0 0 0 0 0 0 0
1 170 134.6 162.9 56.67 77.92 56.67 21.25 7.084 14.17 7.084 0 0 0 0 0 0 0 0 0 0
1 674.1 188.7 148.3 134.8 94.37 40.45 40.45 0 26.96 0 0 0 0 0 0 0 0 0 0 0
1 253.3 194.2 109.8 118.2 67.55 16.89 0 50.66 16.89 0 8.444 8.444 0 0 0 0 0 0 0 0
