Originally  
101 
A 
2	100	
1	1	NA	NA	
1	20	
1 413.5 271.4 193.8 116.3 77.53 64.61 64.61 12.92 25.84 0 12.92 0 0 0 12.92 12.92 12.92 0 0 0
1 510.9 146 233.5 102.2 204.3 87.58 87.58 14.6 29.19 14.6 14.6 14.6 0 0 0 0 0 0 0 0
1 464.9 499.3 223.8 86.08 172.2 137.7 34.43 17.22 17.22 17.22 0 34.43 0 0 0 17.22 0 0 0 0
1 278.5 177.2 265.8 189.9 151.9 50.63 25.31 37.97 25.31 12.66 25.31 12.66 0 12.66 0 0 0 0 0 0
1 467.9 380.2 146.2 117 102.3 102.3 29.24 29.24 43.86 14.62 0 14.62 0 0 0 14.62 0 0 0 0
1 418 220.6 150.9 92.88 104.5 69.66 23.22 34.83 34.83 0 0 11.61 0 0 0 0 0 0 0 0
1 464.1 225.8 150.5 37.63 75.27 112.9 50.18 37.63 37.63 12.54 25.09 0 12.54 0 0 12.54 0 0 0 0
1 380.5 312.6 163.1 176.7 122.3 40.77 81.55 13.59 27.18 40.77 0 0 0 0 0 0 0 0 0 0
1 539.5 238 253.9 158.7 95.21 111.1 15.87 47.6 31.74 0 15.87 15.87 0 0 31.74 31.74 0 0 0 0
1 458.8 169 181.1 120.7 84.52 24.15 24.15 60.37 48.3 12.07 12.07 12.07 0 0 0 0 0 0 0 0
1 481.9 361.4 180.7 135.5 105.4 45.18 60.24 90.36 30.12 15.06 0 0 0 0 0 0 0 0 0 0
1 458.8 229.4 351.7 137.6 137.6 61.17 30.58 61.17 0 15.29 0 15.29 0 15.29 0 0 0 15.29 0 0
1 339 226 296.6 211.9 70.62 28.25 42.37 42.37 42.37 28.25 14.12 42.37 0 0 0 14.12 0 14.12 0 0
1 650.6 250.2 283.6 233.6 50.05 50.05 33.37 33.37 16.68 16.68 33.37 0 16.68 0 0 0 0 0 0 0
1 451.1 392.9 131 101.9 131 87.3 58.2 43.65 14.55 14.55 14.55 0 0 0 0 0 0 0 0 14.55
1 265.9 392.6 265.9 88.65 25.33 50.66 50.66 37.99 25.33 12.66 12.66 12.66 0 0 12.66 0 0 12.66 0 0
1 533 257.9 257.9 292.3 51.58 68.78 103.2 17.19 17.19 51.58 51.58 0 0 0 0 0 0 0 0 17.19
1 372.5 332.6 199.6 133 173 53.22 26.61 13.3 13.3 0 0 0 0 0 0 0 0 13.3 0 0
1 425.8 300.6 175.3 100.2 112.7 62.62 12.52 25.05 12.52 12.52 0 0 0 0 12.52 0 0 0 0 0
1 519.4 301.6 351.8 167.5 100.5 100.5 16.75 50.26 0 33.51 33.51 0 0 0 0 0 0 0 0 0
1 302.7 111 161.4 161.4 151.3 30.27 20.18 20.18 10.09 10.09 0 20.18 0 0 0 10.09 0 0 0 0
1 210.5 132.6 85.77 70.18 124.8 38.99 23.39 38.99 0 23.39 15.59 7.797 0 7.797 0 0 0 0 0 0
1 724.4 371.5 278.6 185.7 111.4 74.29 0 37.15 37.15 37.15 0 0 0 0 0 0 0 0 0 0
1 232.2 403.2 183.3 97.75 61.1 48.88 61.1 12.22 48.88 24.44 24.44 12.22 12.22 0 0 0 0 0 0 0
1 236 103.9 254.9 75.54 103.9 47.21 18.88 28.33 28.33 9.442 9.442 18.88 9.442 0 0 0 0 0 0 0
1 400.1 157.9 94.75 200 84.22 21.06 0 21.06 10.53 31.58 0 10.53 0 0 0 0 10.53 0 0 10.53
1 367.6 208.6 99.35 39.74 109.3 39.74 29.81 19.87 29.81 19.87 9.935 9.935 0 9.935 0 0 0 0 0 0
1 389.4 401.6 121.7 109.5 48.67 48.67 36.5 0 12.17 12.17 36.5 0 0 0 0 0 0 0 0 0
1 794 325.8 305.4 224 81.44 101.8 0 101.8 20.36 20.36 20.36 0 0 0 0 0 0 40.72 0 0
1 452.6 570 268.2 167.6 67.06 50.29 33.53 16.76 33.53 16.76 0 0 0 0 0 0 0 0 0 0
1 393.7 217.2 298.6 122.2 149.3 13.57 81.45 13.57 27.15 0 13.57 13.57 0 0 13.57 0 0 0 0 0
1 329.4 407.8 298 188.2 94.11 62.74 47.06 0 15.69 62.74 15.69 31.37 0 0 0 0 0 0 15.69 0
1 416.8 216.1 231.5 169.8 138.9 185.2 108.1 15.44 0 30.87 0 15.44 0 0 15.44 0 0 0 0 0
1 428.9 275.8 291.1 168.5 61.28 107.2 76.6 61.28 15.32 0 0 15.32 0 15.32 0 0 0 15.32 0 0
1 272.7 154.6 100 90.91 63.64 45.46 72.73 27.27 36.37 9.091 9.091 0 9.091 0 9.091 0 0 9.091 0 0
1 575.4 431.6 207.8 79.92 63.94 15.98 31.97 111.9 31.97 0 15.98 15.98 0 0 0 15.98 0 0 0 0
1 566.4 188.8 261.4 101.7 58.1 58.1 58.1 29.05 43.57 29.05 0 14.52 0 0 29.05 0 0 14.52 0 0
1 312.8 405.4 127.4 92.67 104.3 34.75 34.75 23.17 0 0 0 0 0 11.58 0 0 0 0 0 11.58
1 868.6 312.7 208.5 69.49 104.2 0 86.86 52.12 0 0 0 17.37 17.37 0 0 0 0 0 0 0
1 354.2 575.6 132.8 206.6 59.03 29.52 44.27 29.52 14.76 0 14.76 14.76 0 0 0 0 0 0 0 0
1 200.6 165.7 209.3 69.77 69.77 52.33 43.61 8.721 8.721 0 8.721 0 8.721 0 17.44 0 0 0 0 8.721
1 349.2 379.5 106.3 303.6 106.3 121.4 15.18 60.72 15.18 30.36 30.36 0 0 0 0 0 0 0 0 0
1 317.3 344.9 179.4 138 151.8 110.4 82.79 0 13.8 13.8 0 0 0 27.6 0 0 0 0 0 0
1 276.4 289 201 188.5 50.25 100.5 25.13 50.25 37.69 25.13 12.56 0 0 0 0 0 0 0 0 0
1 367.2 208.1 208.1 134.7 85.69 36.72 85.69 12.24 36.72 24.48 24.48 0 0 0 0 0 0 0 0 0
1 537.8 379.6 174 110.7 79.09 15.82 31.64 189.8 15.82 15.82 15.82 0 0 0 0 15.82 0 0 0 0
1 399.3 570.4 437.3 76.05 76.05 57.04 76.05 19.01 76.05 0 76.05 19.01 19.01 0 0 0 0 0 0 0
1 219.6 219.6 263.6 153.7 43.93 43.93 65.89 32.94 0 10.98 0 0 10.98 10.98 0 0 0 10.98 10.98 0
1 491 159.2 199.1 199.1 106.2 66.35 53.08 13.27 26.54 0 0 13.27 0 0 0 0 0 0 0 0
1 975.1 220.8 165.6 110.4 184 55.19 18.4 73.59 18.4 0 0 0 18.4 0 0 0 0 0 0 0
1 306.9 646.2 193.9 193.9 80.77 64.62 16.15 64.62 0 32.31 0 16.15 0 0 0 0 0 0 0 0
1 532.4 252.2 294.2 112.1 98.07 28.02 42.03 14.01 14.01 0 14.01 0 0 0 0 0 0 0 0 0
1 480.4 395.6 183.7 211.9 84.77 14.13 0 0 14.13 0 14.13 0 0 0 14.13 0 0 0 0 0
1 350.8 423.9 292.3 102.3 102.3 58.46 43.85 0 0 14.62 29.23 14.62 14.62 0 0 0 0 14.62 0 0
1 487.4 174.9 287.4 162.5 49.98 12.5 62.48 0 12.5 0 0 0 0 0 0 0 0 0 0 0
1 282.1 291.5 37.61 150.5 84.63 28.21 28.21 9.404 0 0 0 18.81 9.404 0 0 0 0 0 0 0
1 221.6 282 221.6 60.43 100.7 50.36 30.21 20.14 0 0 20.14 0 0 0 0 0 0 0 0 0
1 321.3 164.8 107.1 82.38 41.19 41.19 24.71 16.48 8.238 8.238 0 0 8.238 0 0 0 0 0 0 0
1 324.9 136.8 119.7 145.3 42.75 25.65 25.65 17.1 8.549 0 0 8.549 0 0 0 0 0 0 0 0
1 568.7 241.7 327 113.7 42.66 71.09 14.22 0 0 0 28.44 0 0 0 0 0 0 0 0 14.22
1 476.6 297.9 59.57 79.43 19.86 19.86 9.929 0 9.929 9.929 0 0 9.929 0 0 0 0 0 0 0
1 334.4 253.4 202.7 121.6 40.54 10.13 20.27 30.4 0 0 0 0 0 0 0 0 0 0 0 0
1 355.3 300.6 91.1 118.4 27.33 9.11 0 0 0 0 9.11 0 0 0 0 0 0 0 0 0
1 247.5 185.6 170.1 46.4 69.6 23.2 0 15.47 0 15.47 0 0 0 0 0 0 0 0 0 0
1 358.9 272.3 272.3 148.5 86.64 61.89 24.75 0 0 0 12.38 0 0 0 0 0 0 0 0 0
1 466.7 165.3 106.9 106.9 58.33 19.44 19.44 0 9.722 9.722 9.722 0 0 0 0 0 0 0 0 0
1 339.9 321 75.54 84.98 47.21 66.09 0 0 0 0 0 0 9.442 0 0 0 0 0 0 0
1 969.7 466.2 279.7 18.65 55.95 18.65 18.65 37.3 0 0 0 0 0 0 0 0 0 0 0 0
1 456.5 423.1 122.5 89.08 11.13 0 11.13 0 0 0 0 0 0 0 0 0 0 0 0 0
1 452.6 232.1 313.4 81.24 23.21 34.82 0 11.61 11.61 0 0 0 0 0 0 0 0 0 0 0
1 318.3 191 163.7 127.3 81.86 9.095 9.095 0 9.095 0 0 0 0 0 0 0 0 0 0 0
1 326.4 205.1 121.2 121.2 111.9 9.325 27.97 0 9.325 0 0 0 0 0 0 0 0 0 0 0
1 296 197.3 217.1 157.9 88.8 19.73 9.867 0 0 0 0 0 0 0 0 0 0 0 0 0
1 622.5 207.5 207.5 85.44 12.21 48.83 24.41 0 12.21 0 0 0 0 0 0 0 0 0 0 0
1 496.4 646.8 180.5 60.17 75.21 0 30.08 0 0 0 0 15.04 0 0 0 0 0 0 0 0
1 686.2 423.8 524.7 100.9 121.1 40.37 40.37 80.73 0 0 0 0 0 0 0 0 0 0 0 0
1 224.7 382 235.9 191 22.47 33.71 11.24 11.24 11.24 0 0 0 0 0 0 0 0 0 0 0
1 195.9 106.9 276 133.6 115.8 35.62 0 8.905 8.905 0 8.905 0 0 0 0 0 0 0 0 0
1 529.1 192.4 168.4 144.3 96.2 60.13 12.03 0 0 0 0 0 0 0 0 0 0 0 0 0
1 328 337.9 129.2 39.75 109.3 19.88 19.88 0 0 9.938 0 0 0 0 0 0 0 0 0 0
1 510 289.4 261.9 96.48 110.3 68.91 27.57 0 13.78 0 0 0 0 0 0 0 0 0 0 0
1 439.7 268.1 182.3 64.35 42.9 10.72 32.17 10.72 21.45 0 0 0 0 0 0 0 0 0 0 0
1 763.2 221.6 61.55 135.4 12.31 12.31 0 12.31 0 12.31 0 0 0 0 0 0 0 0 0 0
1 182.6 383.4 136.9 109.5 63.9 18.26 9.129 0 9.129 0 0 0 0 0 0 0 0 0 0 0
1 333.4 185.2 222.3 83.36 27.79 37.05 9.262 18.52 0 0 9.262 0 0 0 0 0 0 0 0 0
1 105 160.3 88.43 138.2 27.63 11.05 16.58 5.527 0 0 0 0 0 0 0 0 0 0 0 0
1 351.1 95.09 102.4 43.89 80.46 14.63 14.63 0 14.63 14.63 0 0 0 0 0 0 0 0 0 0
1 410.5 232 53.54 89.23 26.77 26.77 26.77 8.923 8.923 0 0 8.923 0 0 0 0 0 0 0 0
1 372.6 322.3 181.3 30.21 50.35 20.14 10.07 10.07 0 0 10.07 0 0 0 0 0 0 0 0 0
1 458.9 430.2 243.8 200.8 28.68 57.37 14.34 0 0 0 0 0 0 0 0 0 0 0 0 0
1 587.8 335.9 223.9 153.9 69.97 13.99 0 0 13.99 0 0 0 0 0 0 0 0 0 0 0
1 446.3 164.9 106.7 116.4 67.91 29.11 0 19.4 19.4 0 0 0 0 0 0 0 0 0 0 0
1 295 448 153 54.64 43.71 21.86 21.86 0 21.86 0 21.86 10.93 0 0 0 0 0 0 0 0
1 427.8 530.5 308 136.9 68.45 136.9 68.45 17.11 0 17.11 0 0 0 0 0 0 0 0 0 0
1 631.6 334.4 334.4 297.2 130 55.73 37.15 37.15 0 0 0 0 0 0 0 0 0 0 0 0
1 526.1 304.6 166.2 166.2 110.8 27.69 41.54 0 41.54 0 0 0 0 0 0 0 0 0 0 0
1 304.5 232.9 179.1 80.61 8.957 17.91 53.74 8.957 0 0 0 0 8.957 0 0 0 0 0 0 0
1 518.4 162 118.8 97.21 43.2 0 54 21.6 32.4 0 21.6 10.8 0 0 0 0 0 0 0 0
1 375.9 387.7 117.5 152.7 46.99 70.49 11.75 0 0 11.75 0 0 0 0 0 0 0 0 0 0
