 landings-at-age - landings.n (units : NA )
1	2	
2	100	
1	20	
1 
0.02659 0.2984 0.8352 0.6934 0.4839 0.3377 0.2357 0.1644 0.1148 0.08008 0.05589 0.039 0.02722 0.01899 0.01325 0.009249 0.006454 0.004504 0.003143 0.007259
0.006852 0.05216 0.1462 0.1214 0.08475 0.05914 0.04127 0.0288 0.0201 0.01403 0.009787 0.00683 0.004766 0.003326 0.002321 0.00162 0.00113 0.0007888 0.0005504 0.001271
0.003765 0.07694 0.1464 0.1219 0.08515 0.05942 0.04147 0.02894 0.02019 0.01409 0.009834 0.006862 0.004789 0.003342 0.002332 0.001627 0.001136 0.0007925 0.000553 0.001277
0.003158 0.04228 0.2159 0.122 0.08549 0.0597 0.04166 0.02907 0.02029 0.01416 0.00988 0.006895 0.004811 0.003358 0.002343 0.001635 0.001141 0.0007963 0.0005557 0.001283
0.005 0.03546 0.1186 0.18 0.08557 0.05994 0.04186 0.02921 0.02038 0.01423 0.009927 0.006927 0.004834 0.003374 0.002354 0.001643 0.001146 8e-04 0.0005583 0.001289
0.008703 0.05614 0.09949 0.09892 0.1262 0.06 0.04203 0.02935 0.02048 0.01429 0.009974 0.00696 0.004857 0.00339 0.002365 0.001651 0.001152 0.0008038 0.0005609 0.001295
0.002307 0.09772 0.1575 0.08296 0.06936 0.0885 0.04207 0.02947 0.02058 0.01436 0.01002 0.006993 0.00488 0.003406 0.002377 0.001658 0.001157 0.0008076 0.0005636 0.001302
0.003706 0.0259 0.2742 0.1314 0.05817 0.04863 0.06205 0.0295 0.02066 0.01443 0.01007 0.007026 0.004903 0.003422 0.002388 0.001666 0.001163 0.0008114 0.0005663 0.001308
0.0008077 0.04161 0.07267 0.2286 0.0921 0.04078 0.0341 0.04351 0.02068 0.01449 0.01012 0.00706 0.004926 0.003438 0.002399 0.001674 0.001168 0.0008153 0.0005689 0.001314
0.003676 0.009069 0.1167 0.0606 0.1603 0.06458 0.02859 0.02391 0.03051 0.0145 0.01016 0.007093 0.00495 0.003454 0.00241 0.001682 0.001174 0.0008191 0.0005716 0.00132
0.003844 0.04127 0.02545 0.09735 0.04249 0.1124 0.04528 0.02005 0.01676 0.02139 0.01017 0.007121 0.004973 0.003471 0.002422 0.00169 0.001179 0.000823 0.0005743 0.001326
0.003835 0.04316 0.1158 0.02122 0.06826 0.02979 0.07881 0.03175 0.01406 0.01175 0.015 0.007128 0.004993 0.003487 0.002433 0.001698 0.001185 0.0008269 0.0005771 0.001333
0.004771 0.04306 0.1211 0.09657 0.01488 0.04786 0.02089 0.05526 0.02226 0.009856 0.00824 0.01051 0.004998 0.003501 0.002445 0.001706 0.001191 0.0008308 0.0005798 0.001339
0.002257 0.05357 0.1208 0.101 0.06771 0.01043 0.03356 0.01465 0.03874 0.01561 0.006911 0.005777 0.007372 0.003504 0.002455 0.001714 0.001196 0.0008348 0.0005825 0.001345
0.00909 0.02535 0.1503 0.1007 0.07081 0.04747 0.007314 0.02353 0.01027 0.02717 0.01094 0.004845 0.004051 0.005169 0.002457 0.001721 0.001202 0.0008387 0.0005853 0.001352
0.01926 0.1021 0.07112 0.1253 0.07064 0.04964 0.03329 0.005128 0.0165 0.0072 0.01905 0.007672 0.003397 0.00284 0.003624 0.001723 0.001207 0.0008427 0.0005881 0.001358
0.003351 0.2162 0.2864 0.05931 0.08788 0.04953 0.03481 0.02334 0.003596 0.01157 0.005048 0.01335 0.005379 0.002382 0.001991 0.002541 0.001208 0.000846 0.0005908 0.001365
0.003083 0.03763 0.6068 0.2388 0.04158 0.06162 0.03473 0.02441 0.01636 0.002521 0.00811 0.003539 0.009363 0.003772 0.00167 0.001396 0.001782 0.0008469 0.0005932 0.001371
0.005753 0.03462 0.1056 0.506 0.1674 0.02916 0.0432 0.02435 0.01711 0.01147 0.001768 0.005686 0.002482 0.006565 0.002645 0.001171 0.000979 0.001249 0.0005938 0.001377
0.01057 0.0646 0.09713 0.08805 0.3548 0.1174 0.02044 0.03029 0.01707 0.012 0.008044 0.001239 0.003987 0.00174 0.004603 0.001854 0.000821 0.0006864 0.0008759 0.001382
0.002041 0.1187 0.1813 0.08099 0.06173 0.2487 0.08232 0.01433 0.02124 0.01197 0.008412 0.00564 0.000869 0.002795 0.00122 0.003227 0.0013 0.0005757 0.0004813 0.001583
0.002188 0.02292 0.333 0.1511 0.05679 0.04328 0.1744 0.05772 0.01005 0.01489 0.008393 0.005898 0.003955 0.0006093 0.00196 0.0008554 0.002263 0.0009115 0.0004036 0.001447
0.003219 0.02457 0.0643 0.2777 0.106 0.03982 0.03035 0.1223 0.04047 0.007046 0.01044 0.005884 0.004135 0.002773 0.0004272 0.001374 0.0005998 0.001587 0.0006391 0.001298
0.004021 0.03614 0.06894 0.05362 0.1947 0.0743 0.02792 0.02128 0.08574 0.02837 0.004941 0.00732 0.004126 0.0029 0.001944 0.0002995 0.0009635 0.0004205 0.001112 0.001358
0.01081 0.04515 0.1014 0.05749 0.0376 0.1365 0.0521 0.01957 0.01492 0.06012 0.01989 0.003464 0.005133 0.002893 0.002033 0.001363 0.00021 0.0006755 0.0002948 0.001732
0.004889 0.1213 0.1267 0.08456 0.04031 0.02636 0.09572 0.03653 0.01372 0.01046 0.04215 0.01395 0.002429 0.003599 0.002028 0.001425 0.0009557 0.0001472 0.0004737 0.001421
0.009517 0.05489 0.3405 0.1056 0.05929 0.02826 0.01848 0.06711 0.02561 0.009623 0.007334 0.02955 0.00978 0.001703 0.002523 0.001422 0.0009994 0.0006701 0.0001032 0.001329
0.00453 0.1069 0.154 0.2839 0.07408 0.04157 0.01981 0.01296 0.04706 0.01796 0.006747 0.005142 0.02072 0.006857 0.001194 0.001769 0.0009971 0.0007007 0.0004698 0.001004
0.008981 0.05086 0.2998 0.1284 0.1991 0.05194 0.02915 0.01389 0.009086 0.03299 0.01259 0.004731 0.003606 0.01453 0.004808 0.0008372 0.00124 0.0006991 0.0004913 0.001033
0.005918 0.1008 0.1427 0.25 0.09006 0.1396 0.03642 0.02044 0.009741 0.006371 0.02313 0.008828 0.003317 0.002528 0.01019 0.003371 0.000587 0.0008697 0.0004902 0.001069
0.002038 0.06645 0.283 0.119 0.1753 0.06314 0.09786 0.02553 0.01433 0.00683 0.004467 0.01622 0.006189 0.002326 0.001772 0.007142 0.002364 0.0004115 0.0006098 0.001093
0.00673 0.02288 0.1864 0.236 0.08344 0.1229 0.04427 0.06861 0.0179 0.01005 0.004789 0.003132 0.01137 0.00434 0.001631 0.001243 0.005008 0.001657 0.0002886 0.001194
0.01414 0.07557 0.06421 0.1555 0.1654 0.05851 0.08618 0.03104 0.04811 0.01255 0.007044 0.003358 0.002196 0.007974 0.003043 0.001143 0.0008714 0.003511 0.001162 0.00104
0.001247 0.1587 0.212 0.05354 0.109 0.116 0.04102 0.06043 0.02176 0.03373 0.008801 0.004939 0.002354 0.00154 0.005591 0.002133 0.0008016 0.0006109 0.002462 0.001543
0.003371 0.014 0.4453 0.1768 0.03754 0.07643 0.08133 0.02876 0.04237 0.01526 0.02365 0.006171 0.003463 0.001651 0.001079 0.00392 0.001496 0.000562 0.0004284 0.002808
0.002607 0.03785 0.03928 0.3714 0.124 0.02632 0.05359 0.05703 0.02017 0.02971 0.0107 0.01658 0.004326 0.002428 0.001157 0.0007569 0.002748 0.001049 0.000394 0.002269
0.005551 0.02927 0.1062 0.03276 0.2604 0.08692 0.01846 0.03757 0.03998 0.01414 0.02083 0.007502 0.01163 0.003033 0.001702 0.0008114 0.0005307 0.001927 0.0007353 0.001867
0.008887 0.06233 0.08214 0.08857 0.02297 0.1826 0.06094 0.01294 0.02635 0.02803 0.009914 0.0146 0.00526 0.008152 0.002127 0.001194 0.0005689 0.0003721 0.001351 0.001825
0.007915 0.09978 0.1749 0.0685 0.0621 0.0161 0.128 0.04273 0.009073 0.01847 0.01966 0.006951 0.01024 0.003688 0.005716 0.001491 0.0008368 0.0003989 0.0002609 0.002227
0.3677 4.863 15.08 7.822 2.576 2.336 0.6057 4.814 1.607 0.3412 0.6947 0.7392 0.2614 0.3851 0.1387 0.215 0.05608 0.03147 0.015 0.09356
0.9776 5.275 16.98 15.29 6.638 2.186 1.982 0.514 4.085 1.364 0.2896 0.5895 0.6273 0.2218 0.3268 0.1177 0.1824 0.04759 0.02671 0.09213
0.3392 6.223 8.234 7.672 5.773 2.507 0.8255 0.7484 0.1941 1.543 0.515 0.1093 0.2226 0.2369 0.08377 0.1234 0.04444 0.06888 0.01797 0.04487
0.2709 5.589 25.08 9.691 7.567 5.694 2.472 0.8143 0.7382 0.1914 1.522 0.508 0.1078 0.2196 0.2337 0.08263 0.1217 0.04384 0.06794 0.06199
0.1737 2.775 14 18.23 5.894 4.602 3.463 1.504 0.4952 0.4489 0.1164 0.9254 0.3089 0.06559 0.1335 0.1421 0.05025 0.07402 0.02666 0.07902
0.316 2.604 10.12 14.82 16.16 5.223 4.079 3.069 1.333 0.4389 0.3979 0.1032 0.8201 0.2738 0.05813 0.1183 0.1259 0.04453 0.0656 0.09366
0.1763 2.994 6.01 6.742 8.252 8.996 2.908 2.271 1.709 0.7419 0.2443 0.2215 0.05745 0.4566 0.1524 0.03236 0.06589 0.07011 0.02479 0.08867
0.1228 1.683 6.988 4.068 3.818 4.672 5.094 1.647 1.286 0.9675 0.4201 0.1384 0.1254 0.03253 0.2585 0.08631 0.01832 0.03731 0.0397 0.06425
0.3455 1.713 5.722 6.904 3.365 3.157 3.864 4.213 1.362 1.063 0.8002 0.3474 0.1144 0.1037 0.0269 0.2138 0.07138 0.01516 0.03086 0.08597
0.3734 3.993 4.816 4.653 4.695 2.288 2.147 2.627 2.864 0.926 0.723 0.5441 0.2362 0.0778 0.07053 0.01829 0.1454 0.04853 0.0103 0.07943
0.3634 3.844 10.01 3.491 2.819 2.844 1.386 1.301 1.592 1.735 0.561 0.4381 0.3296 0.1431 0.04714 0.04273 0.01108 0.08808 0.0294 0.05437
0.3526 4.459 11.47 8.649 2.522 2.037 2.055 1.001 0.9398 1.15 1.254 0.4053 0.3165 0.2382 0.1034 0.03406 0.03088 0.008007 0.06364 0.06053
0.5868 4.302 13.2 9.804 6.179 1.802 1.455 1.468 0.7155 0.6714 0.8217 0.8958 0.2896 0.2261 0.1702 0.07388 0.02433 0.02206 0.005721 0.08871
0.3063 5.854 10.43 9.224 5.723 3.607 1.052 0.8495 0.8571 0.4177 0.3919 0.4797 0.5229 0.169 0.132 0.09933 0.04313 0.0142 0.01288 0.05513
0.1118 3.55 16.48 8.487 6.275 3.893 2.454 0.7156 0.5779 0.583 0.2841 0.2666 0.3263 0.3557 0.115 0.0898 0.06757 0.02934 0.009662 0.04626
0.1926 1.354 10.42 13.97 6.009 4.443 2.757 1.737 0.5067 0.4092 0.4128 0.2012 0.1888 0.2311 0.2519 0.08143 0.06358 0.04785 0.02077 0.0396
0.4354 2.06 3.513 7.789 8.719 3.752 2.774 1.721 1.085 0.3163 0.2555 0.2577 0.1256 0.1179 0.1443 0.1573 0.05084 0.0397 0.02987 0.03769
0.2715 4.581 5.267 2.59 4.799 5.372 2.311 1.709 1.06 0.6683 0.1949 0.1574 0.1588 0.07738 0.07261 0.08887 0.09688 0.03132 0.02446 0.04162
0.2637 3.168 12.98 4.309 1.771 3.282 3.674 1.581 1.169 0.7252 0.457 0.1333 0.1076 0.1086 0.05292 0.04966 0.06078 0.06626 0.02142 0.04519
0.4922 2.466 7.215 8.536 2.368 0.9732 1.803 2.019 0.8686 0.6422 0.3984 0.2511 0.07323 0.05915 0.05967 0.02908 0.02729 0.0334 0.03641 0.0366
0.1547 5.264 6.436 5.46 5.403 1.499 0.616 1.141 1.278 0.5498 0.4065 0.2522 0.159 0.04635 0.03744 0.03777 0.01841 0.01727 0.02114 0.04621
0.06249 1.298 10.83 3.847 2.731 2.702 0.7495 0.3081 0.5708 0.639 0.2749 0.2033 0.1261 0.07949 0.02318 0.01872 0.01889 0.009205 0.008638 0.03368
0.3401 0.7385 3.765 9.168 2.728 1.936 1.916 0.5314 0.2184 0.4047 0.4531 0.1949 0.1441 0.08943 0.05636 0.01644 0.01328 0.01339 0.006526 0.03001
0.3397 5.975 3.158 4.686 9.556 2.843 2.018 1.997 0.5539 0.2277 0.4219 0.4722 0.2032 0.1502 0.09322 0.05875 0.01713 0.01384 0.01396 0.03808
0.1293 2.524 10.86 1.658 2.055 4.191 1.247 0.8851 0.8759 0.2429 0.09986 0.185 0.2071 0.08912 0.06589 0.04088 0.02577 0.007514 0.006069 0.02282
0.1605 1.195 5.733 7.187 0.9189 1.139 2.323 0.6913 0.4907 0.4856 0.1347 0.05536 0.1026 0.1148 0.0494 0.03653 0.02266 0.01428 0.004165 0.01602
0.2396 3.171 5.755 8.051 8.458 1.081 1.341 2.734 0.8136 0.5774 0.5714 0.1585 0.06515 0.1207 0.1351 0.05814 0.04299 0.02667 0.01681 0.02375
0.1771 1.785 5.78 3.033 3.546 3.725 0.4763 0.5906 1.204 0.3583 0.2543 0.2517 0.06981 0.02869 0.05316 0.05951 0.02561 0.01893 0.01175 0.01787
0.1935 2.076 5.129 4.84 2.127 2.486 2.612 0.334 0.4141 0.8444 0.2512 0.1783 0.1765 0.04895 0.02012 0.03728 0.04173 0.01796 0.01328 0.02076
0.3058 2.623 6.873 4.941 3.903 1.715 2.005 2.106 0.2693 0.3339 0.681 0.2026 0.1438 0.1423 0.03948 0.01623 0.03006 0.03365 0.01448 0.02745
0.626 3.427 7.171 5.446 3.275 2.587 1.137 1.329 1.396 0.1785 0.2213 0.4513 0.1343 0.09532 0.09433 0.02616 0.01075 0.01993 0.02231 0.02779
0.2544 6.138 8.214 4.984 3.166 1.904 1.504 0.6609 0.7727 0.8117 0.1038 0.1287 0.2624 0.07807 0.05542 0.05484 0.01521 0.006252 0.01158 0.02913
0.3172 2.263 13.4 5.219 2.651 1.684 1.013 0.7999 0.3515 0.4109 0.4317 0.0552 0.06844 0.1396 0.04152 0.02947 0.02917 0.00809 0.003325 0.02165
0.2149 6.07 10.55 18.2 5.937 3.016 1.916 1.152 0.9099 0.3999 0.4675 0.4911 0.06279 0.07786 0.1588 0.04724 0.03353 0.03318 0.009204 0.02842
0.3554 1.812 12.49 6.265 9.035 2.947 1.497 0.9509 0.5718 0.4517 0.1985 0.2321 0.2438 0.03117 0.03865 0.07881 0.02345 0.01664 0.01647 0.01867
0.4014 3.706 4.625 9.261 3.889 5.607 1.829 0.9291 0.5902 0.3549 0.2803 0.1232 0.144 0.1513 0.01935 0.02399 0.04891 0.01455 0.01033 0.02181
0.5049 5.979 13.44 4.875 8.173 3.432 4.948 1.614 0.8199 0.5208 0.3132 0.2474 0.1087 0.1271 0.1335 0.01707 0.02117 0.04317 0.01284 0.02837
0.1982 5.722 16.47 10.69 3.241 5.434 2.282 3.29 1.073 0.5452 0.3463 0.2082 0.1645 0.07229 0.08452 0.08878 0.01135 0.01408 0.0287 0.0274
0.4288 2.271 15.92 13.23 7.179 2.176 3.648 1.532 2.209 0.7206 0.366 0.2325 0.1398 0.1104 0.04853 0.05674 0.0596 0.007621 0.009449 0.03766
0.4502 4.439 5.717 11.57 8.03 4.359 1.321 2.215 0.93 1.341 0.4375 0.2222 0.1412 0.08488 0.06705 0.02946 0.03445 0.03619 0.004627 0.02861
0.2316 4.834 11.61 4.322 7.31 5.075 2.755 0.8351 1.4 0.5878 0.8477 0.2765 0.1405 0.08922 0.05365 0.04238 0.01862 0.02177 0.02287 0.021
0.06334 1.968 10.05 6.992 2.177 3.683 2.557 1.388 0.4207 0.7053 0.2961 0.427 0.1393 0.07076 0.04495 0.02703 0.02135 0.009382 0.01097 0.02211
0.2356 0.7251 5.519 8.21 4.783 1.489 2.519 1.749 0.9494 0.2878 0.4824 0.2026 0.2921 0.09529 0.0484 0.03074 0.01849 0.0146 0.006417 0.02262
0.3396 3.433 2.577 5.703 7.103 4.138 1.288 2.179 1.513 0.8213 0.2489 0.4174 0.1752 0.2527 0.08244 0.04187 0.0266 0.01599 0.01263 0.02512
0.1808 3.72 9.158 1.988 3.679 4.583 2.67 0.8313 1.406 0.9762 0.5299 0.1606 0.2693 0.1131 0.163 0.05319 0.02701 0.01716 0.01032 0.02436
0.2477 1.875 9.408 6.706 1.217 2.253 2.806 1.635 0.509 0.8609 0.5977 0.3245 0.09835 0.1649 0.06923 0.09983 0.03257 0.01654 0.01051 0.02123
0.3457 2.206 4.09 5.956 3.551 0.6447 1.193 1.486 0.8657 0.2696 0.456 0.3166 0.1718 0.05209 0.08732 0.03666 0.05287 0.01725 0.00876 0.01681
0.09296 3.292 5.162 2.79 3.402 2.029 0.3683 0.6816 0.8489 0.4945 0.154 0.2605 0.1808 0.09817 0.02975 0.04988 0.02094 0.0302 0.009853 0.01461
0.2392 1.677 14.5 6.632 3.003 3.663 2.184 0.3965 0.7338 0.9139 0.5324 0.1658 0.2804 0.1947 0.1057 0.03203 0.0537 0.02255 0.03251 0.02633
0.2054 3.054 5.198 12.98 4.967 2.249 2.743 1.636 0.297 0.5496 0.6845 0.3987 0.1242 0.21 0.1458 0.07915 0.02399 0.04022 0.01689 0.04407
0.5345 2.361 8.504 4.169 8.699 3.328 1.507 1.838 1.096 0.199 0.3682 0.4586 0.2671 0.08318 0.1407 0.09768 0.05303 0.01607 0.02695 0.04084
0.3531 5.32 5.705 5.917 2.423 5.056 1.934 0.8759 1.068 0.637 0.1156 0.214 0.2665 0.1553 0.04835 0.08178 0.05678 0.03082 0.009342 0.0394
0.1377 2.732 10.07 3.123 2.707 1.108 2.313 0.8848 0.4007 0.4887 0.2914 0.0529 0.0979 0.1219 0.07103 0.02212 0.03741 0.02597 0.0141 0.0223
0.09781 1.304 6.355 6.827 1.774 1.538 0.6296 1.314 0.5026 0.2276 0.2776 0.1655 0.03005 0.05561 0.06926 0.04034 0.01256 0.02125 0.01475 0.02067
0.08294 1.169 3.83 5.454 4.91 1.275 1.106 0.4527 0.9448 0.3614 0.1637 0.1996 0.119 0.02161 0.03999 0.0498 0.02901 0.009034 0.01528 0.02548
0.2308 1.161 4.006 3.829 4.567 4.111 1.068 0.9259 0.3791 0.7911 0.3026 0.137 0.1671 0.09966 0.01809 0.03348 0.0417 0.02429 0.007565 0.03413
0.371 3.181 3.897 3.904 3.122 3.724 3.352 0.8709 0.755 0.3091 0.6451 0.2468 0.1118 0.1363 0.08127 0.01475 0.0273 0.03401 0.01981 0.034
0.3072 4.75 9.875 3.494 2.926 2.34 2.791 2.513 0.6528 0.566 0.2317 0.4836 0.185 0.08377 0.1022 0.06092 0.01106 0.02047 0.02549 0.04034
0.2656 2.207 8.335 4.997 1.477 1.237 0.9892 1.18 1.062 0.2759 0.2392 0.09795 0.2044 0.07819 0.03541 0.04319 0.02575 0.004675 0.008651 0.02782
0.2069 2.918 5.942 6.535 3.28 0.9695 0.8119 0.6494 0.7745 0.6973 0.1811 0.157 0.0643 0.1342 0.05133 0.02324 0.02835 0.0169 0.003069 0.02394
