Originally  
101 
A 
2	100	
1	1	NA	NA	
1	20	
1 447.3 245.3 274.2 101 115.4 28.86 43.29 72.15 14.43 14.43 43.29 14.43 0 0 0 14.43 0 14.43 0 0
1 199.9 253.2 279.9 159.9 133.3 133.3 26.65 13.33 26.65 13.33 26.65 39.98 0 0 13.33 13.33 0 0 0 0
1 379.2 189.6 167.3 111.5 89.23 44.61 22.31 44.61 0 33.46 22.31 11.15 0 0 0 0 0 0 0 0
1 148 369.9 116.3 169.1 52.84 63.41 42.28 21.14 31.71 0 21.14 0 0 0 0 0 10.57 0 0 10.57
1 868.8 201.7 170.7 108.6 62.06 46.54 15.51 46.54 0 0 0 15.51 15.51 0 0 0 0 0 0 0
1 311.8 311.8 149.7 149.7 87.31 49.89 37.42 24.95 24.95 12.47 37.42 24.95 0 12.47 0 12.47 0 0 0 0
1 299.4 299.4 338.4 52.06 91.11 52.06 26.03 26.03 39.05 26.03 0 26.03 0 13.02 13.02 0 0 0 0 0
1 609.8 243.9 243.9 278.8 0 209.1 17.42 87.12 0 17.42 17.42 0 0 17.42 0 0 0 0 0 0
1 531.2 398.4 132.8 132.8 132.8 14.75 44.26 29.51 0 29.51 0 0 0 14.75 14.75 0 0 0 0 0
1 242.2 403.6 390.2 94.18 121.1 40.36 0 40.36 0 0 0 0 13.45 0 0 0 0 0 0 0
1 321.3 141.4 372.7 128.5 64.25 51.4 102.8 38.55 12.85 0 12.85 0 12.85 12.85 0 0 0 0 0 12.85
1 881.8 440.9 92.82 324.9 278.5 69.62 23.21 92.82 0 0 23.21 23.21 23.21 23.21 0 0 23.21 0 0 0
1 913.3 376.1 125.4 71.63 107.4 35.82 35.82 71.63 0 17.91 17.91 0 0 0 0 0 0 0 0 17.91
1 162.6 552.9 357.8 97.57 97.57 97.57 113.8 16.26 16.26 48.79 0 0 0 32.52 0 0 0 16.26 0 16.26
1 348.4 116.1 450 72.58 116.1 29.03 145.2 72.58 29.03 43.55 14.52 0 0 0 0 0 0 0 0 14.52
1 454.5 212.1 136.4 318.2 121.2 75.75 45.45 15.15 60.6 45.45 0 15.15 0 15.15 0 0 0 0 0 0
1 135.5 290.4 125.8 58.08 154.9 58.08 38.72 19.36 29.04 9.679 29.04 0 9.679 0 0 0 9.679 0 0 0
1 147 86.47 198.9 51.88 69.18 138.4 86.47 17.29 25.94 8.647 17.29 0 0 8.647 8.647 0 0 0 0 0
1 1206 172.2 129.2 172.2 107.6 21.53 172.2 21.53 21.53 21.53 0 43.06 0 43.06 0 0 21.53 0 0 0
1 419.8 715.1 124.4 93.28 62.19 0 77.73 31.09 15.55 0 0 0 0 0 0 15.55 0 0 0 0
1 201.5 345.4 417.4 100.7 28.78 115.1 43.17 14.39 115.1 28.78 28.78 0 0 0 0 0 0 0 0 0
1 420.3 157.6 157.6 394.1 52.54 26.27 26.27 26.27 13.14 0 13.14 0 0 13.14 0 0 13.14 0 0 0
1 331.2 331.2 110.4 165.6 248.4 55.21 13.8 41.4 27.6 13.8 13.8 0 13.8 0 0 13.8 0 0 0 0
1 657.8 164.5 312.5 98.67 98.67 197.3 65.78 32.89 16.45 0 0 0 0 0 0 0 0 0 0 0
1 206.3 515.8 51.58 193.4 38.68 12.89 116.1 38.68 12.89 25.79 25.79 25.79 12.89 12.89 0 0 0 0 0 0
1 420.4 76.43 293 101.9 165.6 50.95 25.48 63.69 0 12.74 0 25.48 0 12.74 25.48 0 0 0 0 0
1 224.3 280.4 44.86 168.2 44.86 123.4 44.86 56.07 112.1 0 0 22.43 0 0 0 0 0 0 0 0
1 147.9 147.9 266.2 49.3 187.3 39.44 49.3 19.72 19.72 29.58 9.86 0 9.86 9.86 0 0 0 0 0 0
1 311.6 100.8 119.1 110 36.65 91.63 18.33 45.82 0 9.163 45.82 0 9.163 0 0 0 9.163 0 0 9.163
1 477.2 433.8 86.76 101.2 86.76 14.46 115.7 57.84 14.46 14.46 28.92 14.46 0 0 0 0 0 0 0 0
1 290.3 290.3 252.4 126.2 37.86 113.6 12.62 50.48 12.62 25.24 0 25.24 0 0 0 0 0 0 12.62 12.62
1 744.4 259.7 190.4 328.9 69.25 34.62 34.62 0 34.62 17.31 0 0 0 0 0 0 0 0 0 17.31
1 465 434 170.5 77.5 217 62 31 31 15.5 31 0 0 0 15.5 0 0 0 0 0 0
1 1477 523.1 461.6 61.55 184.6 123.1 30.77 61.55 0 61.55 92.32 0 0 0 0 0 0 0 0 0
1 507 1014 458.8 265.6 48.29 48.29 24.15 0 0 24.15 0 0 24.15 0 0 0 0 0 0 0
1 1593 261.1 339.5 104.4 182.8 104.4 0 0 0 0 0 0 26.11 0 0 0 0 0 0 0
1 566.7 585 109.7 274.2 36.56 146.3 54.84 0 18.28 0 0 36.56 0 0 0 0 0 0 0 0
1 293.2 733.1 586.4 41.89 251.3 62.83 0 41.89 20.94 20.94 0 0 41.89 0 0 0 0 0 0 0
1 447.7 203.5 468.1 468.1 122.1 142.5 81.41 61.05 20.35 0 0 0 0 0 0 0 0 20.35 0 0
1 707.5 524 183.4 366.8 471.6 52.4 157.2 52.4 52.4 0 0 52.4 0 0 0 0 0 0 0 0
1 480.6 436.9 218.5 196.6 415.1 284 0 43.69 87.38 21.85 0 0 0 0 0 0 0 0 0 0
1 288.5 352.6 288.5 144.3 16.03 256.4 112.2 0 16.03 64.11 32.06 0 0 0 0 0 32.06 0 0 0
1 153.6 249.5 403.1 287.9 211.1 38.39 172.8 268.7 0 57.58 19.19 19.19 0 0 19.19 0 19.19 0 0 0
1 161 94.69 123.1 132.6 123.1 75.75 37.87 56.81 56.81 28.41 18.94 0 28.41 0 0 0 0 0 0 9.469
1 609 124.6 69.21 69.21 166.1 96.89 96.89 27.68 41.53 55.37 0 13.84 0 0 0 0 0 0 0 13.84
1 490 490 72.06 28.83 72.06 100.9 43.24 72.06 0 43.24 14.41 0 14.41 0 0 0 0 0 0 0
1 829.2 414.6 241.9 17.28 51.83 34.55 51.83 51.83 0 0 17.28 17.28 0 0 0 0 0 0 0 0
1 376.6 914.5 89.66 197.3 53.8 0 35.86 53.8 17.93 0 35.86 0 17.93 0 0 0 0 0 0 0
1 256.9 241.8 710.4 105.8 120.9 30.23 0 0 15.11 15.11 0 15.11 0 0 0 0 0 0 0 0
1 192.9 205.8 257.2 385.8 64.3 51.44 12.86 12.86 25.72 0 25.72 25.72 0 25.72 0 0 0 0 0 0
1 333.7 141.2 166.8 77.01 320.9 51.34 102.7 0 12.83 0 12.83 38.5 12.83 0 12.83 0 0 0 0 0
1 144 197 53.04 45.47 68.2 136.4 37.89 37.89 15.16 0 0 7.578 0 7.578 0 7.578 0 0 0 0
1 393.1 163.8 207.5 21.84 98.28 54.6 98.28 21.84 10.92 0 0 0 0 10.92 0 0 0 0 0 10.92
1 367.3 183.6 73.45 73.45 36.73 18.36 55.09 64.27 18.36 0 18.36 0 0 0 0 0 0 9.181 0 0
1 704.7 352.3 214.5 15.32 153.2 15.32 30.64 30.64 0 15.32 0 0 0 0 0 0 0 0 0 0
1 382.9 382.9 138.3 85.1 31.91 10.64 10.64 10.64 0 0 10.64 0 0 0 0 0 0 0 0 0
1 1045 409.8 389.3 122.9 61.47 0 0 0 20.49 0 0 0 0 0 0 0 0 0 0 0
1 703.8 665.8 247.3 171.2 38.04 19.02 0 19.02 0 19.02 19.02 0 0 0 0 0 0 0 0 0
1 262.5 334.1 381.9 131.3 59.67 11.93 11.93 0 0 0 0 0 0 0 0 0 0 0 0 0
1 672.9 117.8 319.6 201.9 134.6 117.8 84.12 16.82 0 0 16.82 0 0 0 0 0 0 0 0 0
1 347 475.5 77.1 115.7 141.4 77.1 51.4 0 0 0 0 0 0 0 0 0 0 0 0 0
1 782.2 352 469.3 117.3 117.3 78.22 0 39.11 0 0 0 0 0 0 0 0 0 0 0 0
1 121.8 412.4 84.36 150 56.24 18.75 56.24 9.373 18.75 0 0 9.373 0 0 0 0 0 0 0 0
1 268.3 46 276 53.66 68.99 15.33 15.33 23 0 0 0 0 0 0 0 0 0 0 0 0
1 224.5 263.6 68.33 224.5 97.62 58.57 9.762 9.762 0 9.762 0 9.762 0 0 0 0 0 0 0 0
1 783.5 55.97 78.35 44.77 100.7 11.19 33.58 0 11.19 0 0 0 0 0 0 0 0 0 0 0
1 226.8 893.1 56.71 85.06 14.18 70.88 56.71 14.18 0 0 0 0 0 0 0 0 0 0 0 0
1 559.8 242.1 590 45.39 30.26 0 30.26 0 15.13 0 0 0 0 0 0 0 0 0 0 0
1 729.7 350.2 72.97 248.1 29.19 0 0 14.59 14.59 0 0 0 0 0 0 0 0 0 0 0
1 114.3 476.4 162 57.17 123.9 19.06 0 0 0 0 0 0 0 0 0 0 0 0 0 0
1 434.7 140.2 448.7 154.2 42.07 154.2 14.02 0 14.02 0 0 0 0 0 0 0 0 0 0 0
1 181.6 321.9 41.27 189.9 49.53 0 41.27 0 0 0 0 0 0 0 0 0 0 0 0 0
1 214.6 186.6 363.9 18.66 93.32 28 9.332 18.66 0 0 0 0 0 0 0 0 0 0 0 0
1 710.3 122.1 99.88 77.68 11.1 66.59 22.2 0 0 0 0 0 0 0 0 0 0 0 0 0
1 124 429.8 82.65 57.86 74.39 16.53 0 8.265 8.265 24.8 0 0 0 0 0 0 0 0 0 0
1 187.7 104.3 278 27.8 27.8 48.66 6.951 13.9 0 0 0 0 0 0 0 0 0 0 0 0
1 772.8 110.4 73.6 208.5 24.53 0 24.53 12.27 0 0 0 0 0 0 0 0 0 0 0 0
1 706.3 706.3 86.13 68.91 137.8 0 0 17.23 0 0 0 0 0 0 0 0 0 0 0 0
1 700.6 270.4 208.9 0 12.29 24.58 0 0 12.29 0 0 0 0 0 0 0 0 0 0 0
1 358.2 611.9 238.8 134.3 44.77 14.92 74.62 0 0 14.92 0 0 0 0 0 0 0 0 0 0
1 588.9 250.3 412.2 132.5 44.17 0 0 0 14.72 14.72 14.72 0 0 0 0 0 0 0 0 0
1 536.3 618.8 391.9 309.4 123.8 61.88 0 0 20.63 0 0 0 0 0 0 0 0 0 0 0
1 199.9 219.9 279.9 129.9 79.97 69.97 9.996 0 0 9.996 0 0 0 0 0 0 0 0 0 0
1 770.8 237.2 74.12 266.8 59.3 59.3 14.82 0 0 0 0 0 0 0 0 0 0 0 0 0
1 574 623.2 114.8 114.8 131.2 0 65.6 0 16.4 0 0 0 0 0 0 0 0 0 0 0
1 1881 778.4 421.6 64.87 0 64.87 0 32.43 0 0 0 0 0 0 0 0 0 0 0 0
1 670.8 769.4 335.4 157.8 39.46 0 0 0 0 0 0 0 0 0 0 0 0 0 0 0
1 1232 646.8 708.4 184.8 123.2 61.6 30.8 61.6 30.8 0 0 0 0 0 0 0 0 0 0 0
1 483.6 394.1 322.4 447.8 107.5 0 0 35.82 0 0 0 0 0 0 0 0 0 0 0 0
1 605.1 319.4 319.4 184.9 151.3 50.43 50.43 0 0 0 0 0 0 0 0 0 0 0 0 0
1 447.8 289.8 210.7 118.5 79.03 144.9 13.17 13.17 0 0 0 0 0 0 0 0 0 0 0 0
1 535.4 249 99.62 149.4 24.9 49.81 99.62 12.45 12.45 0 0 12.45 0 0 0 0 0 0 0 0
1 617.9 340.4 176.5 50.44 25.22 37.83 0 12.61 0 0 0 0 0 0 0 0 0 0 0 0
1 950 353.9 204.9 149 55.88 18.63 37.25 55.88 37.25 0 0 0 0 0 0 0 0 0 0 0
1 288.4 646 126.9 57.68 11.54 0 0 0 0 11.54 0 0 0 0 11.54 0 0 0 0 0
1 238.7 305 450.8 145.9 79.56 39.78 13.26 13.26 0 26.52 13.26 0 0 0 0 0 0 0 0 0
1 884 140.6 200.9 482.2 120.5 120.5 20.09 20.09 0 0 0 0 20.09 0 0 0 0 0 0 0
1 418.6 258.6 160.1 24.62 160.1 98.5 49.25 36.94 12.31 12.31 0 0 0 0 0 0 0 0 0 0
1 1128 170.3 234.2 106.5 106.5 212.9 63.87 63.87 0 21.29 21.29 0 0 0 0 0 0 0 0 0
