Originally  
101 
A 
42	100	
1	1	NA	NA	
1	20	
1 0 0.4013 0.5797 0.3121 0.2898 0.1338 0.08918 0.2229 0.08918 0.04459 0.02229 0.02229 0 0 0.02229 0 0 0 0 0
1 0.05726 0.1336 0.5917 0.3627 0.3245 0.1527 0.1145 0.05726 0.01909 0.03818 0 0 0.01909 0.01909 0.01909 0 0 0 0 0
1 0.03848 0.2501 0.481 0.3271 0.2693 0.07695 0.07695 0.1539 0.05772 0.03848 0.01924 0.03848 0.03848 0.01924 0.01924 0.01924 0 0 0 0
1 0 0.4143 0.5233 0.3925 0.2617 0.109 0.1308 0.04361 0.1308 0.04361 0.04361 0.0218 0.04361 0 0 0 0 0 0 0.0218
1 0 0.1802 0.4095 0.3439 0.2457 0.131 0.09827 0.04913 0.04913 0.03276 0.01638 0.01638 0 0.01638 0 0.03276 0 0 0 0.01638
1 0.04266 0.1849 0.3413 0.3128 0.1991 0.08532 0.08532 0.04266 0.02844 0.01422 0 0.01422 0.0711 0 0 0 0 0 0 0
1 0.01737 0.2085 0.556 0.3996 0.139 0.1564 0.1042 0.01737 0.08687 0.01737 0.03475 0 0 0 0 0 0 0 0 0
1 0 0.3741 0.3081 0.4622 0.3301 0.2861 0.2201 0.11 0.04402 0.04402 0 0 0.02201 0 0 0 0 0 0 0
1 0.03543 0.2126 0.3189 0.1949 0.372 0.1594 0.124 0.07086 0.1063 0.05315 0.03543 0.03543 0.03543 0.01772 0 0 0 0 0 0
1 0.02184 0.4806 0.5024 0.4151 0.4369 0.1092 0.06553 0.06553 0.04369 0 0 0.02184 0 0 0.02184 0 0 0 0 0
1 0.07479 0.374 0.5485 0.4737 0.3989 0.1247 0.1496 0.1496 0.07479 0.04986 0 0 0 0 0 0 0 0.02493 0 0.04986
1 0 0.1682 0.6727 0.3994 0.3364 0.08409 0.1261 0.08409 0.04204 0.06307 0.08409 0.04204 0 0 0 0 0 0 0 0
1 0.01901 0.1711 0.6654 0.3042 0.3042 0.2091 0.09506 0.01901 0.05703 0 0.01901 0.01901 0 0 0.01901 0 0 0 0 0
1 0.05171 0.3878 0.8273 0.3878 0.5429 0.1551 0.05171 0 0.02585 0.02585 0 0.1034 0 0.02585 0 0 0 0 0 0
1 0.05687 0.3697 0.654 0.7393 0.3128 0.199 0.1706 0.1137 0.0853 0.02843 0.05687 0.02843 0.02843 0 0 0 0 0 0 0
1 0.04225 0.3169 0.5492 0.4647 0.3591 0.1267 0.0845 0.06337 0.04225 0 0 0.02112 0.02112 0.02112 0 0 0 0 0 0
1 0.06218 0.1658 0.684 0.3109 0.2487 0.228 0.1865 0 0.08291 0.04145 0.04145 0.02073 0 0 0 0 0 0 0 0
1 0.07768 0.09321 0.4505 0.3418 0.1398 0.1554 0.1087 0.09321 0.03107 0.03107 0 0.01554 0.01554 0 0 0 0 0 0 0
1 0.03369 0.2527 0.539 0.2864 0.1853 0.1011 0.08422 0.01684 0.05053 0.03369 0.01684 0.05053 0 0.01684 0 0 0.01684 0 0 0
1 0.05602 0.154 0.3081 0.3641 0.2381 0.09803 0.09803 0.02801 0.02801 0 0.014 0.014 0 0 0 0 0 0 0 0
1 0 0.3745 0.5492 0.4993 0.2496 0.1997 0.1997 0.07489 0.1248 0.09986 0.04993 0.02496 0.02496 0 0 0 0 0 0 0.02496
1 0.03247 0.2436 0.5358 0.2923 0.1624 0.09742 0.1137 0.04871 0.01624 0.04871 0 0 0.01624 0 0 0 0.01624 0 0 0
1 0.05343 0.2671 0.5165 0.285 0.1781 0.1781 0.1425 0.01781 0.07124 0.01781 0 0.01781 0.01781 0 0.01781 0 0 0 0 0
1 0.03362 0.3026 0.4202 0.3194 0.08405 0.1849 0.08405 0.1009 0.03362 0.05043 0.03362 0 0.01681 0.01681 0 0 0 0 0 0
1 0 0.4175 0.5933 0.3736 0.1978 0.2197 0.1758 0.06592 0.04395 0.02197 0.04395 0 0.02197 0.02197 0 0 0 0 0 0
1 0.01564 0.1877 0.5318 0.2972 0.219 0.06256 0.04692 0.09384 0.04692 0.04692 0 0 0.01564 0 0 0 0 0 0 0
1 0.01381 0.1657 0.3866 0.2623 0.2347 0.08285 0.05523 0.05523 0.05523 0.01381 0.01381 0.02762 0 0.01381 0 0 0 0 0 0
1 0.03512 0.1229 0.7023 0.2985 0.2458 0.1053 0.08779 0.07023 0 0.01756 0.05267 0 0 0.01756 0 0 0 0 0 0
1 0.0608 0.0608 0.3192 0.2888 0.2432 0.1672 0.1368 0.09119 0.0152 0.0152 0.0608 0.0152 0.0152 0.0152 0 0.0152 0 0 0 0
1 0.06413 0.4061 0.2993 0.4275 0.2993 0.1924 0.1283 0.0855 0.0855 0.04275 0.06413 0.02138 0.02138 0 0 0 0 0 0 0
1 0 0.2746 0.5281 0.4013 0.169 0.2324 0.1479 0.06337 0.1267 0.02112 0.02112 0.02112 0 0.02112 0.02112 0.02112 0.02112 0 0 0.02112
1 0.07662 0.1724 0.5172 0.3831 0.1724 0.1916 0.1341 0.07662 0.03831 0.05747 0.01916 0.03831 0 0.03831 0 0 0 0 0 0
1 0.02227 0.2227 0.6012 0.2672 0.5344 0.1336 0.2004 0.04453 0.1113 0.02227 0 0.04453 0 0 0 0.02227 0 0 0 0
1 0.01534 0.07672 0.2071 0.1227 0.1227 0.06137 0.03069 0.04603 0.03069 0.03069 0 0 0.01534 0.007672 0 0 0 0 0 0
1 0.07043 0.2465 0.3873 0.3521 0.1585 0.1056 0.1761 0.07043 0.05282 0.07043 0 0.01761 0.01761 0.01761 0.01761 0 0 0 0 0
1 0.01627 0.1627 0.3905 0.4231 0.1465 0.1139 0.09763 0.1139 0.03254 0.03254 0.03254 0.03254 0.01627 0 0.01627 0 0 0 0 0
1 0.0263 0.1183 0.2893 0.3813 0.1709 0.1315 0.06575 0.0263 0.01315 0.0526 0 0.01315 0.01315 0 0 0 0.01315 0 0 0
1 0.02127 0.117 0.2446 0.1489 0.1276 0.1063 0.0957 0.0638 0.02127 0.0319 0.04253 0.01063 0.02127 0 0 0 0 0.01063 0 0
1 0.01013 0.1216 0.304 0.1824 0.1419 0.1216 0.0304 0.01013 0.02027 0.02027 0.01013 0.01013 0.01013 0 0.01013 0 0.01013 0 0 0
1 0.04195 0.2517 0.2797 0.2517 0.1538 0.2098 0.0839 0.02797 0.02797 0.01398 0 0.01398 0.01398 0.02797 0 0 0 0 0 0
1 0.02354 0.2237 0.2943 0.3061 0.1177 0.09417 0.05886 0.01177 0.01177 0.01177 0.01177 0.01177 0 0 0 0 0 0 0 0
1 0.01761 0.1408 0.493 0.2817 0.2641 0.2465 0.1056 0.1056 0 0.03521 0.01761 0 0.01761 0 0 0 0.01761 0 0.01761 0
1 0.06636 0.2522 0.2654 0.2654 0.1858 0.07963 0.1062 0.02654 0.03981 0.02654 0 0.01327 0 0 0 0 0 0 0 0
1 0.01162 0.1976 0.3486 0.2789 0.1162 0.05811 0.09297 0.02324 0 0 0.02324 0 0 0 0 0 0 0 0.01162 0
1 0.01945 0.1751 0.2918 0.1751 0.1459 0.02918 0.04863 0.0389 0.009726 0.009726 0.009726 0.009726 0.009726 0 0 0 0 0 0 0
1 0.04202 0.1821 0.2661 0.3221 0.1821 0.1541 0.1261 0.05602 0.02801 0.01401 0.01401 0 0.01401 0 0 0 0 0 0 0
1 0.05166 0.1033 0.2841 0.2841 0.155 0.1291 0.06457 0.06457 0.01291 0.03874 0.02583 0.01291 0.03874 0.01291 0 0 0 0 0.01291 0
1 0.03009 0.1354 0.361 0.361 0.2106 0.1956 0.06017 0.03009 0.06017 0.03009 0 0 0.01504 0 0 0 0 0 0 0.01504
1 0.05203 0.1821 0.3382 0.2211 0.1431 0.07804 0.1041 0.06503 0.03902 0.05203 0 0 0.01301 0.01301 0 0 0 0 0 0
1 0.01706 0.162 0.2644 0.1023 0.1109 0.0938 0.02558 0.008528 0.02558 0.01706 0.008528 0 0.008528 0.008528 0 0 0 0 0 0
1 0.04449 0.2521 0.3411 0.2521 0.1631 0.1631 0.04449 0.08898 0.02966 0 0.02966 0.02966 0 0 0 0.02966 0.01483 0 0 0
1 0.01175 0.1762 0.3172 0.2349 0.1175 0.09397 0.1175 0.02349 0 0.03524 0.01175 0.01175 0 0.01175 0 0.01175 0 0 0 0
1 0.03647 0.1337 0.3161 0.1945 0.2067 0.1094 0.04863 0.1094 0.01216 0.03647 0 0 0 0 0 0 0 0 0.01216 0
1 0.04224 0.1584 0.2957 0.1478 0.169 0.04224 0.0528 0.0528 0.01056 0.03168 0.02112 0.01056 0.01056 0.01056 0 0 0 0 0 0
1 0.009908 0.1982 0.2081 0.1882 0.109 0.09908 0.03963 0.05945 0.01982 0.01982 0.01982 0.009908 0 0 0.009908 0 0 0 0 0
1 0.03104 0.2638 0.419 0.2483 0.1862 0.1862 0.03104 0.07759 0.04656 0.03104 0.03104 0 0 0 0 0 0 0 0 0
1 0.05967 0.2088 0.3431 0.1492 0.3431 0.1193 0.0895 0.02983 0.02983 0 0.0895 0 0.01492 0 0.01492 0 0 0 0 0
1 0.01254 0.1755 0.4012 0.1379 0.1504 0.1379 0.1003 0.03761 0.06269 0.01254 0 0.01254 0 0 0.01254 0 0 0 0 0
1 0.03164 0.2531 0.4271 0.4113 0.2215 0.1107 0.03164 0.01582 0.04746 0 0 0 0.01582 0 0 0 0.01582 0 0 0
