 landings-at-age - landings.n (units : NA )
1	2	
42	100	
1	20	
1 
0.003906 0.04459 0.1193 0.09131 0.06524 0.0461 0.03279 0.02507 0.01749 0.012 0.008674 0.005661 0.003332 0.002464 0.001721 0.001261 0.0009401 0.0006394 0.000446 0.001049
0.003975 0.04386 0.1251 0.09948 0.06402 0.04574 0.03232 0.02299 0.01758 0.01226 0.008415 0.006082 0.003969 0.002337 0.001728 0.001206 0.0008844 0.0006591 0.0004483 0.001049
0.06571 0.7012 1.925 1.63 1.09 0.7014 0.5011 0.3541 0.2519 0.1926 0.1343 0.09219 0.06663 0.04348 0.0256 0.01893 0.01322 0.009689 0.007221 0.0164
0.1323 1.425 3.76 3.046 2.166 1.448 0.932 0.6659 0.4705 0.3346 0.2559 0.1785 0.1225 0.08853 0.05778 0.03401 0.02515 0.01756 0.01287 0.03138
0.2 2.194 5.809 4.496 3.055 2.173 1.453 0.9348 0.6679 0.472 0.3357 0.2567 0.179 0.1229 0.0888 0.05795 0.03412 0.02523 0.01761 0.04439
0.2918 2.959 7.936 6.126 3.972 2.699 1.919 1.283 0.8258 0.59 0.4169 0.2965 0.2268 0.1581 0.1085 0.07845 0.0512 0.03014 0.02229 0.05478
0.3605 4.05 9.982 7.758 5.01 3.249 2.207 1.57 1.049 0.6754 0.4826 0.341 0.2425 0.1855 0.1293 0.08877 0.06416 0.04187 0.02465 0.06303
0.4451 4.801 13.04 9.253 6.009 3.881 2.516 1.71 1.216 0.8129 0.5232 0.3738 0.2641 0.1879 0.1437 0.1002 0.06876 0.0497 0.03243 0.06791
0.503 5.759 14.92 11.6 6.871 4.462 2.881 1.868 1.27 0.9028 0.6036 0.3885 0.2775 0.1961 0.1395 0.1067 0.07439 0.05105 0.0369 0.07451
0.5428 6.367 17.41 12.84 8.317 4.927 3.199 2.066 1.34 0.9103 0.6473 0.4328 0.2785 0.199 0.1406 0.1 0.07648 0.05334 0.03661 0.07988
0.5779 6.755 18.82 14.55 8.931 5.786 3.427 2.226 1.437 0.932 0.6333 0.4504 0.3011 0.1938 0.1384 0.09783 0.06958 0.05321 0.03711 0.08104
0.7389 7.094 19.57 15.33 9.854 6.048 3.918 2.321 1.507 0.9734 0.6311 0.4289 0.305 0.2039 0.1312 0.09375 0.06625 0.04712 0.03603 0.08001
0.8005 8.966 20.21 15.58 10.13 6.511 3.996 2.589 1.533 0.9959 0.6431 0.417 0.2834 0.2015 0.1347 0.0867 0.06194 0.04377 0.03113 0.07667
0.8377 9.621 25.14 15.74 10.06 6.54 4.204 2.58 1.672 0.9903 0.6431 0.4153 0.2693 0.183 0.1301 0.08699 0.05599 0.04 0.02827 0.06961
0.8671 9.982 26.6 19.19 9.944 6.357 4.133 2.657 1.631 1.056 0.6258 0.4064 0.2624 0.1702 0.1156 0.08223 0.05497 0.03538 0.02528 0.06185
0.9809 10.26 27.24 19.91 11.88 6.156 3.935 2.558 1.645 1.01 0.654 0.3874 0.2516 0.1625 0.1053 0.07158 0.05091 0.03403 0.0219 0.05394
1.015 11.53 27.64 20.01 12.08 7.21 3.736 2.389 1.553 0.9983 0.6127 0.3969 0.2351 0.1527 0.09861 0.06394 0.04345 0.0309 0.02066 0.04603
1.118 11.86 30.7 19.95 11.92 7.195 4.293 2.225 1.422 0.9246 0.5944 0.3648 0.2364 0.14 0.09092 0.05872 0.03807 0.02587 0.0184 0.03971
1.203 12.98 31.24 21.78 11.66 6.966 4.206 2.509 1.3 0.8312 0.5404 0.3474 0.2132 0.1381 0.08183 0.05314 0.03432 0.02225 0.01512 0.03396
1.167 13.91 33.84 21.8 12.5 6.694 3.998 2.414 1.44 0.7463 0.4771 0.3102 0.1994 0.1224 0.07929 0.04697 0.0305 0.0197 0.01277 0.02817
1.126 13.43 35.88 23.22 12.29 7.05 3.774 2.254 1.361 0.812 0.4208 0.269 0.1749 0.1124 0.06901 0.0447 0.02648 0.0172 0.01111 0.02309
1.118 12.27 32.78 23.18 12.31 6.512 3.736 2 1.195 0.7212 0.4303 0.223 0.1426 0.09268 0.05958 0.03657 0.02369 0.01403 0.009114 0.01812
1.065 12.19 29.95 21.17 12.28 6.522 3.451 1.98 1.06 0.633 0.3822 0.228 0.1182 0.07555 0.04911 0.03157 0.01938 0.01255 0.007437 0.01443
1.006 11.61 29.75 19.34 11.22 6.509 3.456 1.829 1.049 0.5617 0.3355 0.2025 0.1208 0.06263 0.04003 0.02603 0.01673 0.01027 0.006653 0.01159
0.9455 10.96 28.32 19.22 10.25 5.945 3.449 1.832 0.9692 0.556 0.2977 0.1778 0.1073 0.06404 0.03319 0.02122 0.01379 0.008867 0.005443 0.009668
0.8693 10.31 26.75 18.29 10.18 5.432 3.151 1.828 0.9706 0.5136 0.2946 0.1577 0.09421 0.05688 0.03394 0.01759 0.01124 0.007309 0.004699 0.008008
0.7727 9.477 25.15 17.28 9.694 5.396 2.879 1.67 0.9687 0.5144 0.2722 0.1561 0.08359 0.04993 0.03014 0.01798 0.009321 0.005958 0.003874 0.006734
0.7565 8.423 23.12 16.25 9.157 5.137 2.86 1.525 0.8848 0.5133 0.2726 0.1442 0.08275 0.0443 0.02646 0.01597 0.009531 0.004939 0.003158 0.005621
0.712 8.247 20.55 14.94 8.609 4.852 2.723 1.515 0.8084 0.4689 0.272 0.1445 0.07644 0.04385 0.02348 0.01402 0.008466 0.005051 0.002618 0.004652
0.6791 7.762 20.12 13.28 7.915 4.562 2.572 1.443 0.8031 0.4284 0.2485 0.1442 0.07655 0.04051 0.02324 0.01244 0.007431 0.004486 0.002677 0.003853
0.6458 7.403 18.94 13 7.035 4.194 2.418 1.363 0.7646 0.4256 0.227 0.1317 0.0764 0.04057 0.02147 0.01231 0.006593 0.003938 0.002378 0.00346
0.6765 7.04 18.06 12.23 6.888 3.728 2.223 1.281 0.7222 0.4052 0.2255 0.1203 0.06978 0.04049 0.0215 0.01138 0.006526 0.003494 0.002087 0.003094
0.6602 7.375 17.18 11.67 6.483 3.65 1.976 1.178 0.679 0.3827 0.2147 0.1195 0.06376 0.03698 0.02146 0.01139 0.006029 0.003458 0.001852 0.002745
0.6386 7.197 18 11.1 6.183 3.435 1.934 1.047 0.6242 0.3598 0.2028 0.1138 0.06334 0.03379 0.0196 0.01137 0.006038 0.003195 0.001833 0.002436
0.6284 6.962 17.56 11.62 5.88 3.277 1.821 1.025 0.5548 0.3308 0.1907 0.1075 0.0603 0.03357 0.01791 0.01039 0.006025 0.0032 0.001693 0.002262
0.6493 6.851 16.99 11.34 6.16 3.116 1.736 0.9648 0.5433 0.294 0.1753 0.1011 0.05696 0.03196 0.01779 0.009489 0.005504 0.003193 0.001696 0.002096
0.6934 7.078 16.72 10.97 6.011 3.264 1.651 0.9202 0.5113 0.2879 0.1558 0.0929 0.05355 0.03018 0.01693 0.009427 0.005029 0.002917 0.001692 0.002009
0.6346 7.56 17.27 10.8 5.815 3.185 1.73 0.8751 0.4877 0.2709 0.1526 0.08258 0.04923 0.02838 0.016 0.008975 0.004996 0.002665 0.001546 0.001962
0.6196 6.919 18.45 11.16 5.722 3.081 1.688 0.9167 0.4638 0.2584 0.1436 0.08085 0.04376 0.02609 0.01504 0.008477 0.004756 0.002647 0.001412 0.001859
0.609 6.754 16.88 11.91 5.912 3.032 1.633 0.8946 0.4858 0.2458 0.137 0.07609 0.04285 0.02319 0.01383 0.00797 0.004492 0.00252 0.001403 0.001733
0.6167 6.482 16.12 10.67 6.179 3.066 1.573 0.8468 0.4639 0.2519 0.1274 0.07102 0.03946 0.02222 0.01203 0.00717 0.004133 0.00233 0.001307 0.001626
0.5576 6.564 15.51 10.25 5.568 3.224 1.6 0.8206 0.4419 0.2421 0.1315 0.06651 0.03706 0.02059 0.01159 0.006276 0.003742 0.002157 0.001216 0.001531
0.5075 5.935 15.75 9.915 5.38 2.924 1.693 0.84 0.4309 0.232 0.1271 0.06903 0.03492 0.01946 0.01081 0.006088 0.003295 0.001965 0.001132 0.001442
0.5401 5.402 14.28 10.12 5.238 2.842 1.545 0.8944 0.4438 0.2276 0.1226 0.06716 0.03647 0.01845 0.01028 0.005712 0.003216 0.001741 0.001038 0.00136
0.5065 5.75 13.03 9.23 5.381 2.785 1.511 0.8211 0.4755 0.2359 0.121 0.06517 0.0357 0.01939 0.009807 0.005465 0.003037 0.00171 0.0009255 0.001275
0.4697 5.391 13.91 8.469 4.936 2.878 1.489 0.8081 0.4392 0.2543 0.1262 0.06472 0.03485 0.01909 0.01037 0.005245 0.002923 0.001624 0.0009145 0.001177
0.4366 4.999 13.07 9.087 4.557 2.656 1.549 0.8014 0.4348 0.2363 0.1368 0.06789 0.03482 0.01875 0.01027 0.005579 0.002822 0.001573 0.0008739 0.001125
0.3781 4.646 12.15 8.588 4.919 2.467 1.438 0.8383 0.4338 0.2354 0.1279 0.07407 0.03675 0.01885 0.01015 0.005561 0.00302 0.001528 0.0008514 0.001082
0.3628 4.022 11.32 8.026 4.677 2.678 1.343 0.7829 0.4565 0.2362 0.1282 0.06965 0.04033 0.02001 0.01026 0.005528 0.003028 0.001645 0.000832 0.001053
0.3628 3.859 9.827 7.518 4.396 2.562 1.467 0.7357 0.4289 0.25 0.1294 0.07021 0.03815 0.02209 0.01096 0.005623 0.003028 0.001659 0.0009008 0.001032
0.3433 3.858 9.449 6.558 4.142 2.422 1.411 0.8083 0.4054 0.2363 0.1378 0.07129 0.03868 0.02102 0.01217 0.006039 0.003098 0.001668 0.0009139 0.001065
0.3333 3.649 9.468 6.339 3.634 2.295 1.342 0.7821 0.4479 0.2246 0.1309 0.07634 0.0395 0.02143 0.01165 0.006745 0.003347 0.001717 0.0009244 0.001097
0.3354 3.541 8.976 6.384 3.532 2.025 1.279 0.748 0.4358 0.2496 0.1252 0.07297 0.04254 0.02201 0.01195 0.006491 0.003759 0.001865 0.0009567 0.001126
0.3264 3.561 8.728 6.082 3.578 1.98 1.135 0.7168 0.4192 0.2442 0.1399 0.07015 0.04089 0.02384 0.01234 0.006694 0.003638 0.002106 0.001045 0.001167
0.3138 3.463 8.795 5.943 3.427 2.016 1.115 0.6396 0.4039 0.2362 0.1376 0.07883 0.03953 0.02304 0.01343 0.006952 0.003772 0.00205 0.001187 0.001247
0.3202 3.327 8.572 6.017 3.367 1.942 1.142 0.632 0.3623 0.2288 0.1338 0.07797 0.04466 0.0224 0.01305 0.007611 0.003938 0.002137 0.001161 0.001379
0.3409 3.392 8.248 5.892 3.427 1.918 1.106 0.6504 0.3599 0.2064 0.1303 0.07621 0.04441 0.02543 0.01275 0.007434 0.004335 0.002243 0.001217 0.001447
0.341 3.608 8.424 5.695 3.373 1.962 1.098 0.633 0.3723 0.206 0.1181 0.0746 0.04363 0.02542 0.01456 0.007301 0.004256 0.002481 0.001284 0.001525
0.3307 3.604 8.973 5.842 3.276 1.94 1.129 0.6315 0.3642 0.2142 0.1185 0.06796 0.04292 0.0251 0.01462 0.008376 0.0042 0.002448 0.001428 0.001616
