Originally  
101 
A 
42	100	
1	1	NA	NA	
1	20	
1 0 0.1553 0.9512 0.3106 0.1165 0.03883 0.1747 0 0 0.07765 0.01941 0.01941 0.01941 0.01941 0 0.01941 0 0 0 0.01941
1 0.009367 0.1218 0.281 0.2717 0.0281 0.0281 0.01873 0.06557 0.01873 0.01873 0.03747 0 0.009367 0.009367 0.009367 0 0 0 0.009367 0
1 0.07058 0.0794 0.1147 0.2205 0.1764 0.02647 0.02647 0.008822 0.05293 0.02647 0.008822 0.03529 0.01764 0.008822 0 0 0 0.008822 0 0
1 0.0504 0.2721 0.1814 0.09071 0.1713 0.1109 0.03024 0.02016 0 0.03024 0 0.02016 0.03024 0 0 0 0 0 0 0
1 0.009109 0.2186 0.3826 0.08198 0.02733 0.1002 0.05466 0 0.01822 0 0.01822 0 0 0 0 0 0 0 0 0
1 0.04886 0.1099 0.5252 0.4275 0.03664 0.01221 0.03664 0.02443 0 0 0 0 0 0 0 0 0 0 0 0
1 0.04543 0.4543 0.1136 0.2726 0.159 0.03407 0.01136 0.01136 0.02271 0 0.01136 0 0 0 0 0 0 0 0 0
1 0 0.1532 0.4814 0.1422 0.186 0.07659 0.02188 0 0.02188 0 0 0 0 0 0 0 0 0 0 0.01094
1 0.03272 0.1064 0.2372 0.2536 0.0409 0.09817 0.03272 0 0 0.008181 0 0 0 0 0.008181 0 0 0 0 0
1 0.02296 0.1454 0.2372 0.1454 0.09948 0.02296 0.05356 0.03826 0 0 0 0 0 0 0 0 0 0 0 0
1 0.1101 0.2891 0.3442 0.2341 0.2065 0.1514 0.01377 0.01377 0.01377 0 0 0 0 0 0 0 0 0 0 0
1 0.1298 0.3185 0.3185 0.1888 0.07079 0.05899 0.04719 0.0236 0.0236 0 0 0 0 0 0 0 0 0 0 0
1 0.0639 0.639 0.671 0.1438 0.0639 0 0.01598 0 0 0 0 0 0 0 0 0 0 0 0 0
1 0 0.4653 0.7583 0.2757 0.08617 0.0517 0.0517 0 0.01723 0 0 0 0 0.01723 0 0 0 0 0 0
1 0.1304 0.1826 0.7824 1.017 0.313 0.1043 0.05216 0 0 0.02608 0 0 0 0 0 0 0 0 0 0
1 0.01574 0.3463 0.2203 0.4092 0.4249 0.06296 0.06296 0.03148 0 0 0 0 0 0 0 0 0 0 0 0
1 0.07164 0.2006 0.6018 0.08597 0.2579 0.1719 0.01433 0.01433 0 0 0 0.01433 0 0 0 0 0 0 0 0
1 0.131 0.1915 0.2621 0.1915 0.06048 0.08064 0.06048 0.01008 0.02016 0 0 0 0 0 0 0 0 0 0 0
1 0 0.5027 0.3738 0.1934 0.07734 0.03867 0.06445 0.02578 0.01289 0 0 0 0 0 0 0 0 0 0 0
1 0.05963 0.2186 1.193 0.2981 0.09938 0.01988 0 0.03975 0.05963 0 0 0 0 0 0 0 0 0 0 0
1 0.07571 0.1666 0.2726 0.6965 0.1968 0 0.03028 0.01514 0.01514 0.01514 0.03028 0 0 0 0 0 0 0 0 0
1 0.01391 0.2504 0.2644 0.167 0.5704 0.05565 0.02783 0 0.01391 0.01391 0.01391 0 0 0 0 0 0 0 0 0
1 0.01462 0.2631 0.4532 0.2339 0.1169 0.2778 0.05847 0.02924 0 0 0 0 0.01462 0 0 0 0 0 0 0
1 0.1216 0.1892 0.3379 0.2838 0.1757 0.05406 0.1487 0.02703 0 0.01351 0 0 0 0 0 0 0 0 0 0
1 0.02747 0.2656 0.1923 0.1831 0.1465 0.03663 0 0.04579 0.01831 0 0 0 0 0 0 0 0 0 0 0
1 0.0627 0.3135 0.2884 0.1756 0.163 0.163 0.05016 0.02508 0.01254 0 0 0 0 0 0 0 0 0 0 0
1 0.1853 0.4117 0.6176 0.4323 0.2676 0.1029 0.02059 0 0 0.02059 0 0 0 0 0 0 0 0 0 0
1 0.01074 0.1289 0.4618 0.2899 0.1074 0.03222 0 0 0.02148 0 0.02148 0 0 0 0 0 0 0 0 0
1 0.03687 0.01229 0.3441 0.4301 0.1966 0.1106 0.03687 0.04916 0 0 0 0.01229 0 0 0 0 0 0 0 0
1 0.0429 0.1359 0.05005 0.1931 0.143 0.09295 0.0286 0.0143 0 0.00715 0.00715 0 0 0 0 0 0 0 0 0
1 0.04117 0.3808 0.2161 0.05146 0.1235 0.1647 0.04117 0.01029 0 0 0 0 0 0 0 0 0 0 0 0
1 0.03208 0.03208 0.5373 0.1043 0.008019 0.0401 0.03208 0 0.008019 0.008019 0 0 0 0 0 0 0 0 0 0
1 0 0.2343 0.1324 0.4074 0.1019 0.01019 0.04074 0.03056 0.03056 0.02037 0 0.01019 0 0 0 0 0 0 0 0
1 0.03287 0.04602 0.2367 0.06574 0.1841 0.03944 0 0.03944 0 0.006574 0.006574 0 0 0 0 0 0 0 0 0
1 0.03366 0.4151 0.06732 0.2805 0.08976 0.1459 0.03366 0 0.01122 0.02244 0.02244 0 0 0 0 0 0 0 0 0
1 0.08894 0.1398 0.7877 0.06353 0.1016 0 0.05082 0.02541 0 0.01271 0 0 0 0 0 0 0 0 0 0
1 0 0.5942 0.3809 0.3352 0.01524 0.04571 0.04571 0.09142 0.01524 0 0 0 0 0 0 0 0 0 0 0
1 0.0112 0.1232 0.6718 0.1679 0.08957 0.02239 0.02239 0 0.0112 0 0 0 0 0 0 0 0 0 0 0
1 0.03943 0.05915 0.138 0.5422 0.05915 0.1183 0 0 0 0.01972 0 0 0 0 0 0 0 0 0 0.009858
1 0.02687 0.4165 0.2956 0.1344 0.3225 0.06718 0.06718 0 0.01344 0 0 0 0 0 0 0 0 0 0 0
1 0.02388 0.2149 0.5492 0.1433 0.03582 0.1194 0.02388 0.05969 0.01194 0.01194 0 0 0 0 0 0 0 0 0 0
1 0.06591 0.1789 0.2354 0.226 0.09415 0.03766 0.09415 0 0.009415 0 0 0 0 0 0 0 0 0 0 0
1 0.0516 0.7224 0.3096 0.1548 0.344 0.0172 0.0172 0.086 0 0.0172 0 0 0 0 0 0 0 0 0 0
1 0.01687 0.3205 0.6916 0.2699 0.1518 0.1349 0.0506 0.01687 0.01687 0 0.01687 0 0 0 0 0 0 0 0 0
1 0.05974 0.2539 0.3286 0.5526 0.08961 0.07468 0.04481 0.01494 0.02987 0.01494 0 0.01494 0.01494 0 0 0 0 0 0 0
1 0.02813 0.2391 0.5485 0.2672 0.2532 0 0.04219 0.02813 0 0 0 0 0 0 0 0 0 0 0 0
1 0.02629 0.1709 0.3681 0.2366 0.2761 0.1709 0 0.03944 0 0 0.01315 0.01315 0 0 0 0 0 0 0 0
1 0.01174 0.3052 0.2583 0.2465 0.08217 0.1291 0.08217 0.02348 0 0.03522 0 0 0 0 0 0 0 0 0 0
1 0.1067 0.2667 0.7645 0.3023 0.1422 0.1245 0.05334 0.01778 0 0 0 0 0 0 0 0 0 0 0 0
1 0.01316 0.4344 0.2764 0.3423 0.1053 0.07898 0.03949 0.01316 0 0.01316 0 0 0 0 0 0 0 0 0 0
1 0.2008 0.251 0.7364 0.1506 0.2176 0.06694 0.03347 0 0 0.01674 0 0 0 0 0 0 0 0 0 0
1 0.02138 0.5238 0.1176 0.2031 0.07482 0.0962 0 0.02138 0.01069 0 0 0 0 0 0 0 0 0 0 0
1 0.1507 0.0959 0.7261 0.0959 0.1644 0.0274 0.0411 0.0548 0 0 0.0137 0 0 0 0 0 0 0 0 0
1 0.04518 0.9263 0.4066 0.5874 0.04518 0.113 0.02259 0.04518 0.02259 0 0 0.02259 0.02259 0 0 0 0 0 0 0
1 0.05066 0.3293 1.545 0.1013 0.38 0 0.1013 0 0 0.02533 0 0 0 0 0 0 0 0 0 0
1 0 0.1794 0.4983 0.9967 0.0598 0.1794 0.01993 0.01993 0 0.03987 0 0 0 0 0 0 0 0 0 0
1 0.09064 0.1631 0.3988 0.3082 0.6526 0.07251 0.1088 0 0 0 0.01813 0 0 0 0 0 0 0 0 0
1 0.1649 0.2999 0.135 0.2849 0.2399 0.2549 0.02999 0.08997 0 0 0 0 0 0 0 0 0 0 0 0
1 0.02543 0.5595 0.2035 0.1272 0.1272 0.06358 0.1144 0.01272 0.03815 0 0 0 0 0 0 0 0 0 0 0
