Originally  
101 
A 
42	100	
1	1	NA	NA	
1	20	
1 0.05428 0.19 0.2714 0.2035 0.04071 0.1221 0.2985 0.02714 0.05428 0.01357 0.01357 0.02714 0 0 0 0.01357 0 0.01357 0.01357 0
1 0.07547 0.4528 0.3396 0.2642 0.2076 0.01887 0.1698 0.283 0.07547 0 0 0 0 0 0 0 0 0 0 0
1 0.03535 0.3712 0.548 0.2475 0.1414 0.1768 0.03535 0 0.1768 0.01768 0 0 0 0 0 0.01768 0 0 0 0
1 0.02544 0.2926 0.636 0.1399 0.08904 0.02544 0.02544 0 0 0.01272 0 0 0 0.01272 0 0 0 0 0 0.01272
1 0.03882 0.2588 0.4141 0.3623 0.1165 0.03882 0.02588 0 0.01294 0 0 0.01294 0 0 0.01294 0 0 0 0 0
1 0.03665 0.2566 0.2566 0.2932 0.2321 0.11 0.01222 0 0 0.01222 0 0.01222 0 0 0 0 0 0 0 0
1 0.017 0.238 0.6631 0.204 0.153 0.238 0.08501 0.05101 0 0.05101 0 0 0 0 0 0 0 0 0 0
1 0.01971 0.08869 0.2661 0.3449 0.09854 0.03942 0.06898 0.02956 0.01971 0 0 0 0 0.009854 0 0 0 0 0 0
1 0.04129 0.08259 0.1652 0.07669 0.1062 0.05309 0.0177 0.02949 0 0 0.0118 0 0 0 0 0 0.005899 0 0 0
1 0.1115 0.3245 0.1927 0.1622 0.08112 0.1014 0 0 0.01014 0.02028 0 0 0 0 0 0.01014 0 0 0 0
1 0.05795 0.8306 0.6761 0.03863 0.07727 0.07727 0.07727 0.01932 0.07727 0 0 0 0 0 0 0 0 0 0 0
1 0.03585 0.1255 1.147 0.3048 0.07171 0.03585 0 0.03585 0.01793 0 0.01793 0 0 0 0 0 0 0 0 0
1 0.0122 0.09761 0.2074 0.6467 0.1708 0.0122 0.0122 0.0122 0.0366 0 0 0.0122 0 0 0 0 0 0 0 0
1 0.04459 0.1338 0.2118 0.2007 0.3567 0.1115 0.01115 0.01115 0.0223 0 0.01115 0 0 0 0 0 0 0 0 0
1 0.0827 0.07518 0.188 0.1053 0.04511 0.1729 0.05263 0.007518 0.01504 0.007518 0 0 0 0 0 0 0 0 0 0
1 0.03545 0.2836 0.1329 0.1418 0.07089 0.03545 0.1063 0.06203 0.008861 0.008861 0 0 0 0 0 0 0 0 0 0
1 0 0.1104 0.6022 0.1004 0.04015 0.04015 0.02007 0.05019 0.01004 0 0 0.02007 0 0.01004 0 0 0 0 0 0
1 0 0.04479 0.2389 0.3061 0.03733 0.05226 0.01493 0.007465 0.02986 0.007465 0.007465 0 0 0 0 0 0 0 0 0
1 0.1307 0.1852 0.1525 0.2069 0.2832 0.03268 0.02178 0.03268 0.01089 0.02178 0 0 0.01089 0 0 0 0 0 0 0
1 0.04657 0.2515 0.2422 0.09314 0.1118 0.1397 0.01863 0.01863 0.009314 0 0 0 0 0 0 0 0 0 0 0
1 0.009107 0.3461 0.3278 0.1275 0.02732 0.02732 0 0.01821 0 0.009107 0 0.009107 0.009107 0 0 0 0 0 0 0
1 0.01188 0.07127 0.6414 0.2851 0.07127 0 0.02376 0.08314 0 0 0 0 0 0 0 0 0 0 0 0
1 0.02156 0.1401 0.2156 0.3773 0.2048 0.05389 0 0.02156 0.03234 0 0 0 0 0.01078 0 0 0 0 0 0
1 0.01674 0.2595 0.1758 0.08372 0.1674 0.09209 0.01674 0 0 0.02512 0 0 0 0 0 0 0 0 0 0
1 0.03419 0.2165 0.5584 0.09117 0.03419 0.1481 0.03419 0.02279 0 0 0 0 0 0 0 0 0 0 0 0
1 0.08852 0.1328 0.2434 0.4316 0.05533 0.02213 0.07746 0.04426 0 0 0.01107 0 0 0 0 0 0 0 0 0
1 0.01084 0.4011 0.09756 0.2493 0.1734 0.06504 0.01084 0.03252 0.02168 0.01084 0 0.01084 0 0 0 0 0 0 0 0
1 0.01506 0.0753 0.8434 0.2711 0.1506 0.09036 0.03012 0.01506 0.01506 0 0 0 0 0 0 0 0 0 0 0
1 0.1242 0.1118 0.1739 0.5715 0.08697 0.07454 0.06212 0.03727 0 0 0 0 0 0 0 0 0 0 0 0
1 0.09235 0.5409 0.09235 0.2243 0.2111 0.05277 0.02639 0.06596 0.01319 0 0 0 0 0 0 0 0 0 0 0
1 0.06773 0.4877 0.596 0.06773 0.04064 0.02709 0.05418 0.01355 0 0 0 0 0 0 0 0 0 0 0 0
1 0 0.5094 0.4795 0.3596 0.07492 0.01498 0.02997 0 0 0.02997 0 0 0 0 0 0 0 0 0 0
1 0.1374 0.1145 1.328 0.3894 0.229 0.0229 0.0229 0.04581 0 0 0 0 0 0 0 0 0 0 0 0
1 0.01252 0.3506 0.1377 0.3756 0.2003 0.1628 0 0.01252 0 0 0 0 0 0 0 0 0 0 0 0
1 0.08672 0.04336 1.149 0.1734 0.4553 0.08672 0.1301 0.02168 0.02168 0 0 0 0 0 0 0 0 0 0 0
1 0.019 0.323 0.228 0.7411 0.09501 0.285 0.133 0.05701 0 0 0 0 0.019 0 0 0 0 0 0 0
1 0.01632 0.5058 0.4079 0.09789 0.3263 0.01632 0.1142 0.08158 0.04895 0.01632 0 0 0 0 0 0 0 0 0 0
1 0.009623 0.05774 0.4426 0.1925 0.03849 0.1347 0.01925 0.02887 0.01925 0.009623 0.009623 0 0 0 0 0 0 0 0 0
1 0.00958 0.07664 0.0958 0.3449 0.1916 0.08622 0.08622 0.00958 0.05748 0 0 0 0 0 0 0 0 0 0 0
1 0.1039 0.1846 0.1616 0.1269 0.3577 0.0577 0.02308 0.1039 0 0.03462 0 0 0 0 0 0 0 0 0 0
1 0.01265 0.6705 0.2404 0.08856 0.0253 0.1518 0.03795 0.0253 0 0 0.01265 0 0 0 0 0 0 0 0 0
1 0.08766 0.1503 0.7514 0.1628 0.01252 0.01252 0.03757 0 0.02505 0.01252 0 0 0 0 0 0 0 0 0 0
1 0.04318 0.95 0.3671 0.4966 0.08637 0.08637 0.04318 0.04318 0 0.02159 0.02159 0 0 0 0 0 0 0 0 0
1 0.1035 0.414 0.9522 0.207 0.207 0.0828 0.0414 0.0207 0.0207 0.0207 0 0 0 0 0 0 0 0 0 0
1 0.08046 0.362 0.6436 0.6436 0.08046 0.1408 0.02011 0.02011 0 0.02011 0 0 0 0 0 0 0 0 0 0
1 0.02316 0.5558 0.5558 0.5558 0.44 0.06947 0.04631 0.02316 0 0 0.04631 0 0 0 0 0 0 0 0 0
1 0.0386 0.2123 0.4632 0.4632 0.2895 0.3088 0.0579 0.0772 0 0 0 0 0.0193 0 0 0 0 0 0 0
1 0.05628 0.1126 0.09005 0.2589 0.2814 0.0788 0.1351 0.01126 0.0788 0.02251 0 0 0 0 0 0 0 0 0 0
1 0.05304 0.1149 0.1503 0.1149 0.1061 0.1768 0.02652 0.09724 0 0.01768 0.02652 0 0 0 0 0 0 0 0 0
1 0.08014 0.7079 0.1736 0.1336 0.05343 0.04007 0.06679 0.02671 0.04007 0 0.01336 0 0 0 0 0 0 0 0 0
1 0.03588 0.4485 0.8791 0.1076 0.1076 0.05382 0.0897 0 0 0.03588 0.01794 0.01794 0 0 0 0 0 0 0 0
1 0.02498 0.3497 0.7744 1.074 0.04996 0.07494 0.04996 0.04996 0 0.04996 0 0 0 0 0 0 0 0 0 0
1 0.03149 0.1574 0.4093 0.5195 0.3306 0.03149 0.03149 0 0.01574 0.01574 0.03149 0 0 0 0 0 0 0 0 0
1 0 0.3178 0.3739 0.4487 0.3178 0.3365 0.03739 0 0 0 0 0 0.03739 0 0 0 0 0 0 0
1 0.1005 0.05586 0.4022 0.1564 0.1229 0.08937 0.1676 0.02234 0 0 0 0 0 0 0 0 0 0 0 0
1 0.0748 0.5112 0.1995 0.2493 0.01247 0.09974 0.08727 0.01247 0 0 0 0 0 0 0 0 0 0 0 0
1 0.04772 0.7636 0.9783 0.07159 0.2863 0.02386 0.04772 0.04772 0.09545 0 0 0 0 0 0.02386 0 0 0 0 0
1 0.01897 0.3224 0.9103 0.3983 0.01897 0.07586 0.01897 0.09483 0.03793 0 0 0 0 0 0 0 0 0 0 0
1 0.01563 0.1094 0.3281 0.7188 0.25 0.07813 0.04688 0 0.01563 0 0 0 0 0 0 0 0 0 0 0
