 landings-at-age - landings.n (units : NA )
1	2	
2	100	
1	20	
1 
0.02659 0.2984 0.8352 0.6934 0.4839 0.3377 0.2357 0.1644 0.1148 0.08008 0.05589 0.039 0.02722 0.01899 0.01325 0.009249 0.006454 0.004504 0.003143 0.007259
0.007002 0.05216 0.1462 0.1214 0.08475 0.05914 0.04127 0.0288 0.0201 0.01403 0.009787 0.00683 0.004766 0.003326 0.002321 0.00162 0.00113 0.0007888 0.0005504 0.001271
0.004207 0.07862 0.1464 0.1219 0.08515 0.05942 0.04147 0.02894 0.02019 0.01409 0.009834 0.006862 0.004789 0.003342 0.002332 0.001627 0.001136 0.0007925 0.000553 0.001277
0.003327 0.04724 0.2206 0.122 0.08549 0.0597 0.04166 0.02907 0.02029 0.01416 0.00988 0.006895 0.004811 0.003358 0.002343 0.001635 0.001141 0.0007963 0.0005557 0.001283
0.003604 0.03736 0.1325 0.184 0.08557 0.05994 0.04186 0.02921 0.02038 0.01423 0.009927 0.006927 0.004834 0.003374 0.002354 0.001643 0.001146 8e-04 0.0005583 0.001289
0.003962 0.04047 0.1048 0.1105 0.129 0.06 0.04203 0.02935 0.02048 0.01429 0.009974 0.00696 0.004857 0.00339 0.002365 0.001651 0.001152 0.0008038 0.0005609 0.001295
0.003703 0.04449 0.1135 0.08741 0.0775 0.09043 0.04207 0.02947 0.02058 0.01436 0.01002 0.006993 0.00488 0.003406 0.002377 0.001658 0.001157 0.0008076 0.0005636 0.001302
0.003633 0.04158 0.1248 0.09468 0.06129 0.05434 0.06341 0.0295 0.02066 0.01443 0.01007 0.007026 0.004903 0.003422 0.002388 0.001666 0.001163 0.0008114 0.0005663 0.001308
0.004932 0.04079 0.1167 0.1041 0.06639 0.04297 0.0381 0.04446 0.02068 0.01449 0.01012 0.00706 0.004926 0.003438 0.002399 0.001674 0.001168 0.0008153 0.0005689 0.001314
0.003297 0.05538 0.1145 0.09729 0.07299 0.04655 0.03013 0.02671 0.03117 0.0145 0.01016 0.007093 0.00495 0.003454 0.00241 0.001682 0.001174 0.0008191 0.0005716 0.00132
0.004982 0.03701 0.1554 0.09545 0.06822 0.05118 0.03264 0.02112 0.01873 0.02186 0.01017 0.007121 0.004973 0.003471 0.002422 0.00169 0.001179 0.000823 0.0005743 0.001326
0.005224 0.05594 0.1039 0.1296 0.06692 0.04783 0.03588 0.02288 0.01481 0.01313 0.01532 0.007128 0.004993 0.003487 0.002433 0.001698 0.001185 0.0008269 0.0005771 0.001333
0.003144 0.05865 0.157 0.08661 0.09085 0.04692 0.03353 0.02516 0.01604 0.01038 0.009207 0.01074 0.004998 0.003501 0.002445 0.001706 0.001191 0.0008308 0.0005798 0.001339
0.004887 0.03531 0.1646 0.1309 0.06072 0.0637 0.0329 0.02351 0.01764 0.01125 0.007281 0.006455 0.007533 0.003504 0.002455 0.001714 0.001196 0.0008348 0.0005825 0.001345
0.006125 0.05487 0.09907 0.1372 0.09177 0.04258 0.04466 0.02307 0.01649 0.01237 0.007887 0.005105 0.004526 0.005282 0.002457 0.001721 0.001202 0.0008387 0.0005853 0.001352
0.0053 0.06878 0.154 0.08261 0.09622 0.06434 0.02985 0.03131 0.01617 0.01156 0.008672 0.00553 0.003579 0.003173 0.003703 0.001723 0.001207 0.0008427 0.0005881 0.001358
0.002703 0.0595 0.193 0.1284 0.05792 0.06747 0.04511 0.02093 0.02196 0.01134 0.008105 0.00608 0.003877 0.00251 0.002225 0.002597 0.001208 0.000846 0.0005908 0.001365
0.004607 0.03035 0.167 0.1609 0.09002 0.04061 0.0473 0.03163 0.01468 0.01539 0.007951 0.005682 0.004263 0.002719 0.00176 0.00156 0.001821 0.0008469 0.0005932 0.001371
0.002713 0.05173 0.08516 0.1392 0.1128 0.06312 0.02848 0.03317 0.02218 0.01029 0.01079 0.005575 0.003984 0.002989 0.001906 0.001234 0.001094 0.001276 0.0005938 0.001377
0.006594 0.03047 0.1451 0.07101 0.09762 0.07911 0.04425 0.01997 0.02325 0.01555 0.007214 0.007568 0.003909 0.002793 0.002096 0.001336 0.0008651 0.0007669 0.000895 0.001382
0.005178 0.07404 0.08549 0.121 0.04979 0.06845 0.05547 0.03103 0.014 0.0163 0.0109 0.005058 0.005306 0.002741 0.001959 0.001469 0.000937 0.0006065 0.0005377 0.001596
0.005836 0.05813 0.2078 0.07129 0.08486 0.03491 0.04799 0.03889 0.02176 0.009815 0.01143 0.007644 0.003547 0.00372 0.001922 0.001373 0.00103 0.000657 0.0004253 0.001496
0.003461 0.06553 0.1631 0.1732 0.04998 0.0595 0.02448 0.03365 0.02727 0.01525 0.006882 0.008015 0.00536 0.002487 0.002608 0.001347 0.0009629 0.0007224 0.0004607 0.001347
0.002855 0.03886 0.1839 0.136 0.1215 0.03505 0.04172 0.01716 0.02359 0.01912 0.0107 0.004825 0.00562 0.003758 0.001744 0.001829 0.0009446 0.0006751 0.0005065 0.001268
0.004509 0.03206 0.109 0.1533 0.09537 0.08516 0.02457 0.02925 0.01203 0.01654 0.01341 0.007499 0.003383 0.00394 0.002635 0.001222 0.001282 0.0006623 0.0004733 0.001244
0.003316 0.05063 0.08996 0.09093 0.1075 0.06687 0.05971 0.01723 0.02051 0.008437 0.0116 0.009399 0.005258 0.002372 0.002763 0.001847 0.0008571 0.0008991 0.0004644 0.001204
0.003041 0.03724 0.1421 0.07502 0.06376 0.07537 0.04689 0.04187 0.01208 0.01438 0.005916 0.008132 0.00659 0.003686 0.001663 0.001937 0.001295 0.000601 0.0006304 0.00117
0.004811 0.03414 0.1045 0.1185 0.0526 0.0447 0.05285 0.03287 0.02936 0.00847 0.01008 0.004148 0.005702 0.004621 0.002585 0.001166 0.001358 0.0009082 0.0004214 0.001262
0.003902 0.05402 0.0958 0.08713 0.08306 0.03688 0.03134 0.03705 0.02305 0.02058 0.005939 0.007069 0.002908 0.003998 0.00324 0.001812 0.0008176 0.0009523 0.0006368 0.00118
0.003468 0.04381 0.1516 0.07988 0.06109 0.05823 0.02586 0.02198 0.02598 0.01616 0.01443 0.004164 0.004957 0.002039 0.002803 0.002272 0.001271 0.0005732 0.0006677 0.001274
0.003737 0.03894 0.1229 0.1264 0.05601 0.04283 0.04083 0.01813 0.01541 0.01822 0.01133 0.01012 0.002919 0.003475 0.00143 0.001965 0.001593 0.0008909 0.0004019 0.001361
0.004114 0.04196 0.1093 0.1025 0.08863 0.03927 0.03003 0.02863 0.01271 0.0108 0.01277 0.007945 0.007094 0.002047 0.002437 0.001002 0.001378 0.001117 0.0006247 0.001236
0.004532 0.04619 0.1177 0.09111 0.07188 0.06214 0.02753 0.02106 0.02007 0.008913 0.007575 0.008955 0.00557 0.004974 0.001435 0.001708 0.0007028 0.0009661 0.000783 0.001305
0.006021 0.05089 0.1296 0.09817 0.06388 0.0504 0.04357 0.01931 0.01476 0.01407 0.006249 0.005311 0.006279 0.003906 0.003488 0.001006 0.001198 0.0004928 0.0006774 0.001464
0.005225 0.06761 0.1428 0.1081 0.06883 0.04479 0.03534 0.03055 0.01354 0.01035 0.009868 0.004381 0.003724 0.004402 0.002738 0.002445 0.0007055 0.0008399 0.0003455 0.001501
0.003826 0.05867 0.1897 0.1191 0.07578 0.04826 0.0314 0.02478 0.02142 0.009491 0.007258 0.006919 0.003072 0.002611 0.003087 0.00192 0.001714 0.0004947 0.0005889 0.001295
0.004282 0.04296 0.1646 0.1582 0.08348 0.05313 0.03384 0.02202 0.01737 0.01502 0.006654 0.005089 0.004851 0.002154 0.001831 0.002164 0.001346 0.001202 0.0003468 0.001321
0.006753 0.04808 0.1205 0.1373 0.1109 0.05853 0.03725 0.02372 0.01544 0.01218 0.01053 0.004666 0.003568 0.003401 0.00151 0.001284 0.001517 0.0009439 0.0008428 0.001169
0.006362 0.07582 0.1349 0.1005 0.09626 0.07777 0.04104 0.02612 0.01663 0.01082 0.00854 0.007383 0.003271 0.002502 0.002385 0.001059 0.0008999 0.001064 0.0006618 0.001411
0.004558 0.07144 0.2128 0.1125 0.07048 0.06749 0.05453 0.02877 0.01831 0.01166 0.007589 0.005988 0.005176 0.002294 0.001754 0.001672 0.0007424 0.000631 0.0007459 0.001453
0.005601 0.05117 0.2004 0.1774 0.07888 0.04941 0.04732 0.03823 0.02018 0.01284 0.008178 0.005321 0.004198 0.003629 0.001608 0.00123 0.001172 0.0005205 0.0004424 0.001542
5.086e-08 7.199e-07 1.644e-06 1.914e-06 1.424e-06 6.333e-07 3.967e-07 3.799e-07 3.069e-07 1.62e-07 1.031e-07 6.565e-08 4.272e-08 3.37e-08 2.914e-08 1.291e-08 9.874e-09 9.412e-09 4.179e-09 1.593e-08
0.1297 0.7369 2.596 1.761 1.723 1.283 0.5702 0.3572 0.3421 0.2764 0.1459 0.09283 0.05912 0.03847 0.03035 0.02624 0.01163 0.008891 0.008475 0.01811
0.1669 2.905 4.083 4.246 2.418 2.367 1.762 0.7833 0.4907 0.4699 0.3796 0.2003 0.1275 0.0812 0.05284 0.04169 0.03604 0.01597 0.01221 0.03651
0.1663 2.798 11.98 4.94 4.309 2.455 2.403 1.788 0.795 0.4981 0.477 0.3853 0.2034 0.1294 0.08242 0.05364 0.04231 0.03658 0.01621 0.04946
0.4357 2.474 10.18 12.71 4.392 3.831 2.182 2.136 1.59 0.7068 0.4428 0.424 0.3426 0.1808 0.1151 0.07328 0.04768 0.03762 0.03252 0.05838
0.4463 6.068 8.377 9.994 10.44 3.607 3.146 1.792 1.754 1.306 0.5805 0.3637 0.3482 0.2813 0.1485 0.09449 0.06018 0.03916 0.03089 0.07466
0.4252 5.958 19.58 7.788 7.764 8.112 2.802 2.444 1.392 1.363 1.014 0.4509 0.2825 0.2705 0.2186 0.1153 0.07341 0.04675 0.03042 0.082
0.5048 5.511 18.55 17.46 5.796 5.778 6.037 2.085 1.819 1.036 1.014 0.7548 0.3356 0.2102 0.2013 0.1627 0.08584 0.05463 0.03479 0.08366
0.5158 6.399 16.69 15.99 12.54 4.163 4.15 4.336 1.498 1.307 0.7443 0.7286 0.5422 0.2411 0.151 0.1446 0.1168 0.06166 0.03924 0.08509
0.7399 6.425 18.93 13.97 11.14 8.739 2.901 2.892 3.021 1.044 0.9104 0.5186 0.5076 0.3778 0.168 0.1052 0.1008 0.0814 0.04296 0.08662
0.7751 9.09 18.64 15.44 9.47 7.553 5.925 1.967 1.961 2.049 0.7076 0.6173 0.3516 0.3442 0.2561 0.1139 0.07134 0.06832 0.0552 0.08786
0.3806 9.412 25.91 14.85 10.21 6.263 4.996 3.919 1.301 1.297 1.355 0.468 0.4083 0.2326 0.2276 0.1694 0.07532 0.04719 0.04519 0.09462
0.5961 4.576 26.41 20.2 9.596 6.6 4.048 3.229 2.533 0.8408 0.8382 0.8757 0.3025 0.2639 0.1503 0.1471 0.1095 0.04868 0.0305 0.09036
1.091 7.107 12.66 20.17 12.77 6.069 4.174 2.56 2.042 1.602 0.5317 0.5301 0.5538 0.1913 0.1669 0.09506 0.09305 0.06925 0.03079 0.07644
0.7004 12.91 19.4 9.482 12.5 7.913 3.76 2.586 1.586 1.265 0.9924 0.3294 0.3284 0.3431 0.1185 0.1034 0.05889 0.05765 0.0429 0.06643
0.8741 8.233 34.79 14.26 5.758 7.589 4.805 2.283 1.57 0.9632 0.7683 0.6027 0.2 0.1994 0.2084 0.07198 0.06278 0.03576 0.03501 0.06639
0.7334 10.21 21.94 25.13 8.498 3.43 4.521 2.863 1.36 0.9355 0.5738 0.4577 0.359 0.1192 0.1188 0.1241 0.04288 0.0374 0.0213 0.06041
1.513 8.522 26.91 15.57 14.69 4.969 2.006 2.643 1.674 0.7952 0.547 0.3355 0.2676 0.2099 0.06968 0.06946 0.07257 0.02507 0.02187 0.04778
0.8498 17.5 22.21 18.78 8.94 8.435 2.853 1.151 1.518 0.9609 0.4566 0.314 0.1926 0.1536 0.1205 0.04 0.03988 0.04167 0.01439 0.03998
1.358 9.78 45.14 15.25 10.59 5.042 4.757 1.609 0.6494 0.8558 0.5419 0.2575 0.1771 0.1086 0.08665 0.06797 0.02256 0.02249 0.0235 0.03067
0.5609 14.81 23.86 29.15 8.081 5.613 2.672 2.521 0.8526 0.3441 0.4535 0.2872 0.1365 0.09386 0.05757 0.04592 0.03602 0.01196 0.01192 0.02871
0.7719 6.115 36.13 15.41 15.45 4.283 2.974 1.416 1.336 0.4518 0.1824 0.2403 0.1522 0.07231 0.04974 0.03051 0.02433 0.01909 0.006336 0.02153
1.2 8.415 14.92 23.34 8.168 8.187 2.269 1.576 0.7503 0.708 0.2394 0.09665 0.1274 0.08065 0.03832 0.02636 0.01617 0.0129 0.01012 0.01477
0.9254 13.08 20.53 9.637 12.37 4.329 4.339 1.203 0.8353 0.3976 0.3752 0.1269 0.05122 0.0675 0.04274 0.02031 0.01397 0.008567 0.006834 0.01319
1.442 10.09 31.91 13.26 5.107 6.554 2.294 2.299 0.6374 0.4427 0.2107 0.1988 0.06724 0.02714 0.03577 0.02265 0.01076 0.007402 0.00454 0.01061
0.606 15.72 24.61 20.61 7.028 2.706 3.473 1.216 1.218 0.3378 0.2346 0.1117 0.1054 0.03563 0.01438 0.01896 0.012 0.005703 0.003923 0.008028
0.5565 6.607 38.35 15.9 10.92 3.725 1.434 1.841 0.6442 0.6457 0.179 0.1243 0.05918 0.05584 0.01888 0.007623 0.01005 0.006361 0.003022 0.006334
0.7977 6.066 16.12 24.77 8.425 5.788 1.974 0.7601 0.9754 0.3414 0.3422 0.09485 0.06588 0.03136 0.02959 0.01001 0.00404 0.005324 0.003371 0.004958
0.7247 8.696 14.8 10.41 13.13 4.465 3.067 1.046 0.4028 0.5169 0.1809 0.1813 0.05027 0.03491 0.01662 0.01568 0.005303 0.002141 0.002821 0.004414
1.026 7.901 21.22 9.561 5.518 6.957 2.366 1.626 0.5543 0.2134 0.2739 0.09588 0.0961 0.02664 0.0185 0.008807 0.00831 0.00281 0.001134 0.003834
0.3408 11.18 19.28 13.71 5.067 2.924 3.687 1.254 0.8615 0.2938 0.1131 0.1452 0.05081 0.05093 0.01412 0.009805 0.004667 0.004404 0.001489 0.002633
0.5333 3.716 27.29 12.45 7.263 2.685 1.55 1.954 0.6645 0.4565 0.1557 0.05994 0.07693 0.02693 0.02699 0.007481 0.005196 0.002473 0.002334 0.002185
0.5062 5.815 9.066 17.63 6.599 3.849 1.423 0.8212 1.035 0.3521 0.2419 0.0825 0.03177 0.04077 0.01427 0.0143 0.003965 0.002754 0.001311 0.002395
0.3124 5.519 14.19 5.856 9.341 3.497 2.04 0.754 0.4352 0.5487 0.1866 0.1282 0.04372 0.01683 0.02161 0.007562 0.007579 0.002101 0.001459 0.001964
0.372 3.405 13.47 9.164 3.103 4.95 1.853 1.081 0.3996 0.2306 0.2908 0.0989 0.06794 0.02317 0.008921 0.01145 0.004007 0.004017 0.001113 0.001814
0.6904 4.056 8.309 8.698 4.856 1.645 2.623 0.982 0.5728 0.2118 0.1222 0.1541 0.05241 0.03601 0.01228 0.004728 0.006068 0.002124 0.002129 0.001551
0.4559 7.527 9.896 5.367 4.609 2.573 0.8715 1.39 0.5204 0.3036 0.1122 0.06477 0.08166 0.02777 0.01908 0.006506 0.002505 0.003215 0.001125 0.00195
0.1846 4.971 18.36 6.392 2.844 2.443 1.364 0.4618 0.7367 0.2758 0.1609 0.05947 0.03432 0.04327 0.01472 0.01011 0.003448 0.001328 0.001704 0.00163
0.3631 2.013 12.13 11.86 3.387 1.507 1.294 0.7227 0.2447 0.3904 0.1462 0.08525 0.03152 0.01819 0.02293 0.0078 0.005359 0.001827 0.0007036 0.001767
0.23 3.864 4.804 7.666 6.151 1.757 0.7816 0.6713 0.3748 0.1269 0.2025 0.07579 0.04421 0.01634 0.009433 0.01189 0.004045 0.002779 0.0009476 0.001281
0.1808 2.448 9.247 3.053 4 3.21 0.9166 0.4079 0.3503 0.1956 0.06623 0.1057 0.03955 0.02307 0.008528 0.004922 0.006206 0.002111 0.00145 0.001163
0.2291 1.925 5.875 5.911 1.603 2.1 1.685 0.4813 0.2142 0.1839 0.1027 0.03478 0.05548 0.02077 0.01211 0.004478 0.002585 0.003258 0.001108 0.001372
0.1805 2.439 4.631 3.776 3.123 0.847 1.11 0.8905 0.2543 0.1131 0.09717 0.05426 0.01837 0.02931 0.01097 0.0064 0.002366 0.001366 0.001722 0.00131
0.2835 1.922 5.883 2.993 2.007 1.66 0.4503 0.5899 0.4734 0.1352 0.06015 0.05166 0.02884 0.009767 0.01558 0.005832 0.003402 0.001258 0.0007259 0.001612
0.3414 3.018 4.648 3.823 1.601 1.074 0.8878 0.2408 0.3155 0.2532 0.07229 0.03217 0.02763 0.01543 0.005224 0.008333 0.003119 0.00182 0.0006727 0.00125
0.1838 3.633 7.318 3.037 2.057 0.8614 0.5776 0.4777 0.1296 0.1698 0.1362 0.0389 0.01731 0.01487 0.0083 0.002811 0.004484 0.001678 0.0009791 0.001035
0.1253 1.955 8.833 4.807 1.644 1.114 0.4663 0.3127 0.2586 0.07014 0.0919 0.07374 0.02106 0.00937 0.008047 0.004493 0.001521 0.002427 0.0009086 0.00109
0.2027 1.333 4.766 5.833 2.618 0.8952 0.6064 0.2539 0.1703 0.1408 0.03819 0.05004 0.04015 0.01147 0.005102 0.004382 0.002447 0.0008285 0.001322 0.001088
0.1057 2.156 3.257 3.164 3.195 1.434 0.4904 0.3322 0.1391 0.09327 0.07713 0.02092 0.02741 0.02199 0.006281 0.002795 0.0024 0.00134 0.0004538 0.00132
0.1351 1.124 5.281 2.174 1.743 1.76 0.79 0.2702 0.183 0.07663 0.05139 0.0425 0.01153 0.0151 0.01212 0.00346 0.00154 0.001322 0.0007384 0.0009774
0.1167 1.435 2.759 3.542 1.205 0.966 0.9755 0.4378 0.1497 0.1014 0.04246 0.02847 0.02355 0.006387 0.008369 0.006715 0.001918 0.0008532 0.0007328 0.0009508
0.1616 1.24 3.531 1.86 1.974 0.6713 0.5384 0.5436 0.244 0.08343 0.05651 0.02366 0.01587 0.01312 0.00356 0.004664 0.003742 0.001069 0.0004755 0.0009382
0.1265 1.716 3.057 2.393 1.043 1.106 0.3762 0.3017 0.3047 0.1367 0.04676 0.03167 0.01326 0.008893 0.007355 0.001995 0.002614 0.002097 0.0005989 0.0007923
0.09727 1.342 4.239 2.082 1.348 0.5875 0.6234 0.212 0.17 0.1717 0.07704 0.02635 0.01785 0.007472 0.005011 0.004144 0.001124 0.001473 0.001182 0.0007839
0.1359 1.031 3.321 2.9 1.179 0.7638 0.3328 0.3532 0.1201 0.09631 0.09726 0.04364 0.01493 0.01011 0.004233 0.002839 0.002348 0.0006368 0.0008344 0.001114
0.06706 1.44 2.557 2.283 1.652 0.6717 0.435 0.1896 0.2011 0.0684 0.05485 0.05539 0.02486 0.008501 0.005758 0.002411 0.001617 0.001337 0.0003627 0.001109
0.084 0.7097 3.576 1.766 1.307 0.9456 0.3845 0.249 0.1085 0.1151 0.03916 0.0314 0.03171 0.01423 0.004866 0.003296 0.00138 0.0009255 0.0007654 0.0008427
0.061 0.8878 1.765 2.48 1.016 0.7517 0.544 0.2212 0.1433 0.06242 0.06624 0.02253 0.01806 0.01824 0.008186 0.002799 0.001896 0.000794 0.0005325 0.0009252
