Originally  
101 
A 
42	100	
1	1	NA	NA	
1	20	
1 0.05219 0.1357 0.2296 0.1461 0.1044 0.1461 0.0835 0.06263 0.03131 0 0.01044 0.01044 0.01044 0.02088 0 0 0 0 0 0
1 0.05348 0.4991 0.2852 0.303 0.1961 0.08913 0.107 0.05348 0.03565 0.107 0.01783 0 0.01783 0 0.01783 0 0 0 0 0
1 0.03709 0.4821 0.7788 0.1298 0.1483 0.07417 0.05563 0.05563 0.01854 0.03709 0.01854 0 0 0 0 0 0 0.01854 0 0
1 0.02778 0.2362 0.4862 0.3751 0.09724 0.05557 0 0.02778 0.02778 0 0 0 0.04168 0.01389 0 0 0 0 0 0
1 0.02122 0.191 0.7426 0.4031 0.4244 0.1485 0.08487 0 0.02122 0.02122 0.02122 0.02122 0 0 0 0 0 0 0 0.02122
1 0.01002 0.1402 0.2003 0.2705 0.2104 0.09015 0.02003 0.02003 0.04007 0 0 0 0 0 0 0 0 0 0 0
1 0.03143 0.06287 0.1572 0.11 0.1886 0.1179 0.05501 0.01572 0.01572 0.007858 0.007858 0 0.007858 0.007858 0 0 0 0 0 0
1 0.131 0.1834 0.131 0.131 0.0524 0.1223 0.07861 0.0262 0 0.01747 0 0 0 0 0 0 0 0 0 0
1 0 0.9872 0.4255 0.03404 0.03404 0.06808 0.0851 0.01702 0.01702 0.01702 0.01702 0 0 0 0 0 0 0 0 0
1 0.09375 0.1641 1.523 0.3516 0 0.02344 0.02344 0.04687 0.04687 0 0 0 0.02344 0 0.02344 0 0.02344 0 0 0
1 0.1563 0.5558 0.1389 0.6947 0.08684 0 0.01737 0 0.06947 0.01737 0 0 0 0 0 0 0 0 0 0
1 0 0.522 0.6152 0.1864 0.5034 0.01864 0 0 0 0.01864 0 0 0 0 0 0 0 0 0 0
1 0 0.06723 0.632 0.3227 0.06723 0.2017 0.04034 0 0.01345 0 0 0 0 0 0 0 0 0 0 0
1 0.01709 0.08544 0.1111 0.3588 0.1538 0.03417 0.07689 0.01709 0 0 0 0 0 0 0 0 0 0 0 0
1 0.03917 0.08814 0.1861 0.09793 0.3819 0.1175 0.01959 0.03917 0 0.009793 0 0 0 0 0 0 0 0 0 0
1 0.05625 0.3487 0.18 0.1912 0.07875 0.135 0.1012 0.01125 0.0225 0 0 0 0 0 0 0 0 0 0 0
1 0.0175 0.2801 0.3238 0.07001 0.04376 0.0175 0.07877 0.02626 0 0.008752 0 0 0 0 0 0.008752 0 0 0 0
1 0.04818 0.09636 0.6263 0.2048 0.02409 0.03614 0.04818 0.04818 0.03614 0.01205 0 0.02409 0 0 0 0 0 0 0 0
1 0.01262 0.1892 0.2649 0.5046 0.1262 0.02523 0.01262 0.02523 0.07569 0.01262 0 0.01262 0 0 0 0 0 0 0 0
1 0.01081 0.1297 0.4109 0.1622 0.2271 0.07569 0.01081 0.02162 0.01081 0.02162 0 0 0 0 0 0 0 0 0 0
1 0.1055 0.1289 0.3046 0.3632 0.08202 0.1172 0.05859 0 0 0 0 0 0.01172 0 0 0 0 0 0 0
1 0.02088 0.4281 0.1566 0.1566 0.1253 0.05221 0.06265 0.03133 0 0.01044 0 0 0 0 0 0 0 0 0 0
1 0.05646 0.07528 1.204 0.2823 0.1129 0.07528 0.03764 0.03764 0 0 0 0 0 0 0 0 0 0 0 0
1 0.01302 0.3907 0.2214 0.4818 0.07813 0.06511 0.01302 0.01302 0.02604 0 0 0 0 0 0 0 0 0 0 0
1 0 0.04732 0.5915 0.0828 0.3904 0.03549 0.02366 0.01183 0 0 0 0 0 0 0 0 0 0 0 0
1 0.03238 0.05181 0.07123 0.3432 0.01943 0.07771 0.01943 0.006476 0.006476 0.01295 0.006476 0 0 0 0 0 0 0 0 0
1 0.03113 0.3736 0.1972 0.06226 0.2594 0.04151 0.05188 0.01038 0 0.01038 0 0 0 0 0 0 0 0 0 0
1 0.04418 0.2209 0.5302 0.1215 0.02209 0.1215 0 0.04418 0 0 0 0 0 0 0 0 0 0 0 0
1 0.0547 0.1532 0.3391 0.3282 0.07658 0 0.1203 0.01094 0.01094 0 0 0 0 0 0 0 0 0 0 0
1 0.04042 0.2728 0.2728 0.1617 0.1819 0.03031 0 0.02021 0.02021 0.0101 0 0 0 0 0 0 0 0 0 0
1 0.01103 0.2538 0.4634 0.08827 0.08827 0.1324 0.01103 0.01103 0.02207 0 0.01103 0.01103 0 0 0 0 0 0 0 0
1 0.04526 0.1018 0.43 0.2829 0.1358 0.01132 0.06789 0.03395 0 0.01132 0 0.01132 0 0 0 0 0 0 0 0
1 0.03077 0.07693 0.2308 0.2077 0.1231 0.04616 0.02308 0.02308 0.007693 0 0 0 0 0 0 0 0 0 0 0
1 0.04427 0.1859 0.1505 0.124 0.1328 0.09739 0.07969 0.02656 0.02656 0.01771 0 0 0 0 0 0 0 0 0 0
1 0.04139 0.1573 0.2235 0.08279 0.1407 0.09935 0.04967 0 0.008279 0.01656 0 0 0.008279 0 0 0 0 0 0 0
1 0.01934 0.174 0.2256 0.0838 0.03223 0.05801 0.02578 0.02578 0 0 0 0 0 0 0 0 0 0 0 0
1 0.04691 0.1313 0.3565 0.2627 0.04691 0.01876 0.009381 0.04691 0.009381 0.009381 0 0 0 0 0 0 0 0 0 0
1 0.01931 0.309 0.2897 0.2704 0.05794 0.01931 0 0 0 0 0 0 0 0 0 0 0 0 0 0
1 0.02364 0.09456 0.331 0.1418 0.0788 0.04728 0.02364 0.01576 0.01576 0.00788 0.00788 0 0 0 0 0 0 0 0 0
1 0.02895 0.05789 0.1563 0.1968 0.04053 0.01158 0.03474 0.01737 0.01737 0 0.01158 0 0 0.005789 0 0 0 0 0 0
1 0.07343 0.2129 0.1028 0.1101 0.1028 0.05874 0.04406 0.02203 0.007343 0 0 0 0 0 0 0 0 0 0 0
1 0.02785 0.2298 0.2019 0.0557 0.06962 0.0557 0.02785 0.006962 0.006962 0.006962 0 0.006962 0 0 0 0 0 0 0 0
1 0.06123 0.2551 0.4082 0.1633 0.04082 0.04082 0.03061 0 0.0102 0.0102 0 0 0 0 0 0 0 0 0 0
1 0.01395 0.3626 0.5021 0.251 0.1116 0.04184 0.04184 0.02789 0.02789 0.01395 0 0 0 0 0 0 0 0 0 0
1 0.01052 0.06313 0.4629 0.2209 0.1789 0.06313 0 0.03156 0.01052 0 0 0 0.01052 0 0 0 0 0 0 0
1 0.02572 0.1372 0.07716 0.2743 0.1372 0.12 0.04287 0.01715 0 0.008573 0.008573 0.008573 0 0 0 0 0 0 0 0
1 0.07177 0.2358 0.3281 0.04101 0.1538 0.08203 0.09228 0.02051 0 0 0 0 0 0 0 0 0 0 0 0
1 0.01126 0.4168 0.383 0.1352 0.04506 0.09011 0.01126 0.02253 0.01126 0 0 0 0 0 0 0 0 0 0 0
1 0.03727 0.04658 0.4938 0.205 0.08385 0.009317 0.02795 0.009317 0.01863 0 0 0 0 0 0 0 0 0 0 0
1 0.01352 0.1892 0.09462 0.2366 0.06759 0.03379 0.01352 0.02028 0.006759 0 0 0 0 0 0 0 0 0 0 0
1 0.04484 0.1271 0.2093 0.05232 0.1569 0.08968 0.03737 0.007474 0 0.01495 0.007474 0 0 0 0 0 0 0 0 0
1 0.02548 0.2548 0.1698 0.1868 0.03397 0.09341 0.04246 0.01698 0 0.01698 0.008492 0 0 0 0 0 0 0 0 0
1 0.008945 0.1789 0.3399 0.08945 0.1521 0 0.0805 0.04472 0 0 0 0 0 0 0 0 0 0 0 0
1 0.08053 0.1745 0.4698 0.3758 0.1611 0.04027 0.01342 0.02684 0 0 0 0 0 0 0 0 0 0 0 0
1 0.03108 0.3315 0.1554 0.1658 0.2176 0.0518 0.0518 0 0.03108 0 0 0 0 0 0 0 0 0 0 0
1 0.02512 0.1005 0.7284 0.1382 0.1758 0.05024 0 0.02512 0 0.01256 0 0 0 0 0 0 0 0 0 0
1 0.01082 0.1515 0.249 0.4113 0.07577 0.05412 0.0866 0.02165 0 0 0.02165 0 0 0 0 0 0 0 0 0
1 0.008729 0.07856 0.2619 0.1222 0.2793 0.05238 0.03492 0.02619 0.008729 0 0 0 0 0 0 0 0 0 0 0
1 0.00794 0.135 0.2541 0.1588 0.07146 0.09528 0.03176 0.01588 0.02382 0 0 0 0 0 0 0 0 0 0 0
