# Number of parameters = 168  Objective function value = 5924.72  Maximum gradient component = 9.11440e-005
# sel_params[1]:
0.00181673447715
# sel_params[2]:
0.176665761202
# sel_params[3]:
0.541056141242
# sel_params[4]:
0.656358599043
# sel_params[5]:
1.00000000000
# sel_params[6]:
1.00000000000
# sel_params[7]:
1.00000000000
# sel_params[8]:
1.00000000000
# sel_params[9]:
0.0702813454330
# sel_params[10]:
1.00000000000
# sel_params[11]:
0.349613681171
# sel_params[12]:
0.159735059783
# sel_params[13]:
0.107373073906
# sel_params[14]:
0.0773488078739
# sel_params[15]:
0.0502378895609
# sel_params[16]:
0.0281838661365
# log_Fmult_year1:
 -2.18285481694 -1.73048727912
# log_Fmult_devs:
 0.600437773800 0.571559877413 0.443536058836 -0.0696548321863 -0.0390684361201 0.192827042869 -0.155357935883 -0.0637820273788 -0.0272059789334 0.115001783626 -0.467991927818 0.0910885592856 0.179156584414 -0.501237721847 0.549546272738 -0.672572267486 0.126575993799 -0.127995844238 0.337669422465 -0.610162944209 -0.195721481765 0.282598137148 0.0236745556081 0.105370104875 -0.358073452969 0.191145982036 0.00463209002505 -0.191125430114 -0.118726065492 0.606476876348 0.122883129112 -0.0924903435696 -0.131899078767 0.0394618432182 -0.0142686731358 0.173865772320 -0.0548524820179 0.127201240795 -0.108104998029 -0.0938394912711 0.0542297919619 -0.217643347376 -0.0756365539745 0.234496929236 -0.704413683023 -0.333801306149
 -0.00828456517013 0.0995721895144 -0.220028106177 -0.286414714148 -0.557060067850 0.213069172853 0.563395427181 -0.305715439642 0.511836572686 0.627468788793 0.974420928025 -0.0686242998681 -0.404629109488 0.418365550702 0.275888047834 -0.0533492242384 -0.574765278387 -1.27581094783 -0.500937800666 0.739454422845 -0.247112912524 0.162645061682 0.305242618976 0.00945792608864 -0.356630347767 -0.583999326177 0.373630564407 0.269349140971 -0.133142763004 -0.548457800203 -0.786630059370 0.467959353511 0.480545891408 -0.0826814119018 -0.762550770180 0.848248855366 -0.300845215899 -0.818919676549 0.668693994360 -0.175351804899 0.0530627206180 0.575163959789 -1.24590667468 -0.887046987818 -0.0135575903672 -0.613471601386
# log_recruit_devs:
 0.220514900031 0.126283097808 0.873781493160 -0.102864840200 0.0392832411232 -0.572779511490 0.939027754976 -0.670678068662 -0.712715949588 -0.650558924952 -1.04623643878 -0.799862415585 0.333900097398 0.524412326411 -1.04890804773 0.337559969335 -0.0718960371084 0.0195956599702 -0.355131049796 0.712286717355 0.183923503272 -0.142714737241 0.0773136446669 0.468449167028 0.496631689764 0.463350016298 0.280548078227 -0.311347531560 -0.463134182648 -0.303139913998 0.812200227510 0.0330924769613 0.0496313266043 -0.747785758608 0.303442413747 -0.806974475551 -0.745096783565 0.0588592164478 0.424881179337 -0.184367813709 -0.448007801280 0.373455089266 -0.659573037503 0.366268506109 1.88834475678 0.0632021300026 0.373534639954
# log_N_year1_devs:
 0.708801369919 0.267696894745 -0.0565906185968 -0.540952742985 -0.0629017841694 -0.0594472026332 -0.366135911162
# log_q_year1:
 -12.1949008194 -11.9436166158
# log_q_devs:
 0.00000000000 0.00000000000 0.00000000000 0.00000000000 0.00000000000 0.00000000000 0.00000000000 0.00000000000 0.00000000000 0.00000000000 0.00000000000 0.00000000000 0.00000000000 0.00000000000 0.00000000000 0.00000000000 0.00000000000 0.00000000000 0.00000000000 0.00000000000 0.00000000000 0.00000000000 0.00000000000 0.00000000000 0.00000000000 0.00000000000
 0.00000000000 0.00000000000 0.00000000000 0.00000000000 0.00000000000 0.00000000000 0.00000000000 0.00000000000 0.00000000000 0.00000000000 0.00000000000 0.00000000000 0.00000000000 0.00000000000 0.00000000000 0.00000000000 0.00000000000 0.00000000000 0.00000000000 0.00000000000 0.00000000000 0.00000000000 0.00000000000 0.00000000000 0.00000000000 0.00000000000
# index_sel_params[1]:
0.00000000000
# index_sel_params[2]:
0.318294974268
# index_sel_params[3]:
0.714473471882
# index_sel_params[4]:
0.999999871127
# index_sel_params[5]:
1.00000000000
# index_sel_params[6]:
1.00000000000
# index_sel_params[7]:
1.00000000000
# index_sel_params[8]:
1.00000000000
# index_sel_params[9]:
2.82045187601
# index_sel_params[10]:
0.429205962880
# log_SR_scaler:
13.8491260161
# SR_steepness:
0.616129853365
