# Number of parameters = 165  Objective function value = 5833.22  Maximum gradient component = 0.000341037
# sel_params[1]:
0.00192138717368
# sel_params[2]:
0.180090950246
# sel_params[3]:
0.533753095142
# sel_params[4]:
0.655851093948
# sel_params[5]:
1.00000000000
# sel_params[6]:
1.00000000000
# sel_params[7]:
1.00000000000
# sel_params[8]:
1.00000000000
# sel_params[9]:
0.0701711116126
# sel_params[10]:
1.00000000000
# sel_params[11]:
0.353634545089
# sel_params[12]:
0.160103643389
# sel_params[13]:
0.107689737664
# sel_params[14]:
0.0778790411712
# sel_params[15]:
0.0503543367717
# sel_params[16]:
0.0282187257178
# log_Fmult_year1:
 -2.18546712825 -1.73102746689
# log_Fmult_devs:
 0.606505815760 0.568651624515 0.442471991424 -0.0660021705001 -0.0411010999425 0.193534182828 -0.159119989689 -0.0563137419267 -0.0321556898108 0.113790798333 -0.467620536083 0.0885113538246 0.176551854521 -0.497725227978 0.550229421456 -0.678873700687 0.127645331939 -0.129215361650 0.338409742567 -0.615740452289 -0.192030403682 0.280849220241 0.0217164800298 0.103503601965 -0.357025027420 0.191541208833 0.00506908459366 -0.192144539959 -0.121032734421 0.605602635454 0.119716351810 -0.0883775377210 -0.136789090378 0.0366966334366 -0.0202954824655 0.172288170896 -0.0650361517925 0.115204559510 -0.116736157997 -0.105646626481 0.0364725296998 -0.237051791397 -0.0919644164609 0.215496347826 -0.638435088783
 -0.0144724328443 0.102744120547 -0.218265379373 -0.291001454380 -0.554735248467 0.211022894660 0.568043596675 -0.312040016738 0.515280307377 0.627340975969 0.971683578359 -0.0662980991055 -0.403649498989 0.417436843152 0.271010394248 -0.0489334566697 -0.578688125133 -1.27758435655 -0.505854221880 0.743258154515 -0.251168619633 0.163500471992 0.305695068915 0.0106326964798 -0.357829243060 -0.583634832967 0.372260381834 0.267096049425 -0.133382611488 -0.547568322066 -0.785743405523 0.462045885395 0.479745694170 -0.0870769253418 -0.764205649459 0.838333699964 -0.306137258173 -0.827462283978 0.655902173934 -0.189636705908 0.0400907326026 0.555098988519 -1.25613094077 -0.841408611096 0.179693444735
# log_recruit_devs:
 0.225156877087 0.130848995677 0.878177746767 -0.0970471499504 0.0444206371490 -0.566254667643 0.943499596753 -0.664435765200 -0.707703946454 -0.644707645903 -1.04151615888 -0.795819622172 0.339090088411 0.526085659175 -1.04740276126 0.340415510157 -0.0678839988551 0.0262586580073 -0.343155969988 0.719118100669 0.191870333259 -0.136315126546 0.0834174305879 0.474620769159 0.502176499795 0.470294587606 0.287867204643 -0.302545372283 -0.452224799295 -0.291609687966 0.824400785196 0.0459685659172 0.0626099772941 -0.727338085313 0.327347553885 -0.780712116994 -0.711710627431 0.102240317894 0.473217607011 -0.128051992992 -0.383380675564 0.456317508509 -0.586687981638 0.392744469327 1.70629354931 -0.0979548769244
# log_N_year1_devs:
 0.707549692578 0.270652089656 -0.0549813762763 -0.538498129164 -0.0624770589253 -0.0590660683914 -0.364224838825
# log_q_year1:
 -12.2377347591 -11.9752481956
# log_q_devs:
 0.00000000000 0.00000000000 0.00000000000 0.00000000000 0.00000000000 0.00000000000 0.00000000000 0.00000000000 0.00000000000 0.00000000000 0.00000000000 0.00000000000 0.00000000000 0.00000000000 0.00000000000 0.00000000000 0.00000000000 0.00000000000 0.00000000000 0.00000000000 0.00000000000 0.00000000000 0.00000000000 0.00000000000 0.00000000000
 0.00000000000 0.00000000000 0.00000000000 0.00000000000 0.00000000000 0.00000000000 0.00000000000 0.00000000000 0.00000000000 0.00000000000 0.00000000000 0.00000000000 0.00000000000 0.00000000000 0.00000000000 0.00000000000 0.00000000000 0.00000000000 0.00000000000 0.00000000000 0.00000000000 0.00000000000 0.00000000000 0.00000000000 0.00000000000
# index_sel_params[1]:
0.00000000000
# index_sel_params[2]:
0.324701888626
# index_sel_params[3]:
0.704628753549
# index_sel_params[4]:
0.999999866082
# index_sel_params[5]:
1.00000000000
# index_sel_params[6]:
1.00000000000
# index_sel_params[7]:
1.00000000000
# index_sel_params[8]:
1.00000000000
# index_sel_params[9]:
2.82055029853
# index_sel_params[10]:
0.439863123923
# log_SR_scaler:
13.9189072804
# SR_steepness:
0.629692879799
