# Number of parameters = 171  Objective function value = 6058.25  Maximum gradient component = 0.00164968
# sel_params[1]:
0.00176846302899
# sel_params[2]:
0.178979973384
# sel_params[3]:
0.535643042456
# sel_params[4]:
0.661376264926
# sel_params[5]:
1.00000000000
# sel_params[6]:
1.00000000000
# sel_params[7]:
1.00000000000
# sel_params[8]:
1.00000000000
# sel_params[9]:
0.0727605841787
# sel_params[10]:
1.00000000000
# sel_params[11]:
0.349848140610
# sel_params[12]:
0.157304288339
# sel_params[13]:
0.107070334172
# sel_params[14]:
0.0771485441593
# sel_params[15]:
0.0501705562297
# sel_params[16]:
0.0282267097479
# log_Fmult_year1:
 -2.18804945983 -1.73286160632
# log_Fmult_devs:
 0.604438815732 0.565368549799 0.444654292784 -0.0664550512210 -0.0419244992566 0.194921218098 -0.158886330928 -0.0562999547458 -0.0346308747377 0.117536599880 -0.468666727356 0.0875375505296 0.177571844803 -0.498068056509 0.548699378567 -0.677065374695 0.131376079603 -0.126737926667 0.343844367089 -0.611885786753 -0.189200724160 0.280660491137 0.0259454111209 0.107102233845 -0.354745851790 0.191654929349 0.00605535407129 -0.189160547844 -0.117187994518 0.607910539841 0.126121522474 -0.0848043968611 -0.131336430296 0.0459224833590 -0.00795189733454 0.187417295410 -0.0435676193895 0.150248137474 -0.0793577341186 -0.0618686924123 0.0929300921774 -0.166819170809 -0.00993003626252 0.312656024965 -0.642710481251 -0.298173303957 -0.0419685075294
 -0.00861598769740 0.103980096031 -0.221260643296 -0.287679348053 -0.555184388797 0.208956220326 0.566383638660 -0.306509875514 0.516315817357 0.622676079923 0.972846736835 -0.0709474552335 -0.402549933665 0.419596898788 0.274185704468 -0.0506252184958 -0.576296157597 -1.27159950687 -0.502572730314 0.741878245538 -0.245000520871 0.165923531855 0.305107200452 0.0101658289056 -0.354179195612 -0.582021257606 0.375085902777 0.272034610984 -0.130811111153 -0.548890557626 -0.783366071039 0.472031787150 0.487770129173 -0.0789103943461 -0.752590328370 0.857605780122 -0.282485308203 -0.796533870423 0.695835270590 -0.143931233249 0.0966580358988 0.630252050951 -1.19727998231 -0.810546323066 0.0387987331857 -0.605346092547 -1.94089825144
# log_recruit_devs:
 0.234317735096 0.140133383627 0.883106494789 -0.0926712437726 0.0495404275278 -0.557066099180 0.950101129975 -0.656931442018 -0.699810980723 -0.638128668696 -1.03109027698 -0.781599485155 0.350892920261 0.541595365801 -1.02689275069 0.355279907993 -0.0534063828473 0.0335933801972 -0.336913980167 0.727657996568 0.198694104990 -0.130108074062 0.0890891455112 0.479512367051 0.506357724501 0.471900147837 0.289193033540 -0.304664368475 -0.460049538085 -0.303108661621 0.811793097412 0.0311941676165 0.0471077751428 -0.763162737675 0.281734893244 -0.832442685115 -0.786655493562 -0.00532583812644 0.347993155604 -0.281518477433 -0.575079762547 0.208496918375 -0.862400711859 0.100151523985 1.58368476722 -0.150562206234 0.00867864269643 1.60778965846
# log_N_year1_devs:
 0.711439360713 0.272478617355 -0.0547763716965 -0.536752803018 -0.0621954944066 -0.0588509055820 -0.363167564394
# log_q_year1:
 -12.1336726028 -11.8918067478
# log_q_devs:
 0.00000000000 0.00000000000 0.00000000000 0.00000000000 0.00000000000 0.00000000000 0.00000000000 0.00000000000 0.00000000000 0.00000000000 0.00000000000 0.00000000000 0.00000000000 0.00000000000 0.00000000000 0.00000000000 0.00000000000 0.00000000000 0.00000000000 0.00000000000 0.00000000000 0.00000000000 0.00000000000 0.00000000000 0.00000000000 0.00000000000 0.00000000000
 0.00000000000 0.00000000000 0.00000000000 0.00000000000 0.00000000000 0.00000000000 0.00000000000 0.00000000000 0.00000000000 0.00000000000 0.00000000000 0.00000000000 0.00000000000 0.00000000000 0.00000000000 0.00000000000 0.00000000000 0.00000000000 0.00000000000 0.00000000000 0.00000000000 0.00000000000 0.00000000000 0.00000000000 0.00000000000 0.00000000000 0.00000000000
# index_sel_params[1]:
0.00000000000
# index_sel_params[2]:
0.320790780877
# index_sel_params[3]:
0.716562442623
# index_sel_params[4]:
0.999999864092
# index_sel_params[5]:
1.00000000000
# index_sel_params[6]:
1.00000000000
# index_sel_params[7]:
1.00000000000
# index_sel_params[8]:
1.00000000000
# index_sel_params[9]:
2.76276919184
# index_sel_params[10]:
0.406435905411
# log_SR_scaler:
13.8211355979
# SR_steepness:
0.604265108405
