Originally  
101 
A 
2	100	
1	1	NA	NA	
1	20	
1 341 202.5 159.8 63.94 31.97 85.25 53.28 63.94 10.66 21.31 21.31 10.66 0 0 0 0 0 0 0 0
1 430.3 249.8 194.3 111 124.9 69.4 55.52 55.52 27.76 13.88 27.76 0 13.88 0 0 13.88 0 0 0 0
1 827.8 479.2 283.2 196.1 217.8 87.13 43.57 43.57 0 0 0 0 0 0 0 0 0 0 0 0
1 361.7 361.7 77.52 129.2 116.3 38.76 64.6 38.76 38.76 0 25.84 0 12.92 12.92 0 0 0 0 0 12.92
1 517.7 339.7 129.4 194.1 80.89 145.6 48.53 48.53 32.36 48.53 16.18 0 16.18 0 0 0 0 0 0 0
1 365.5 274.1 117.5 182.8 91.38 91.38 52.22 13.05 52.22 13.05 13.05 13.05 0 0 26.11 0 0 0 0 0
1 424.2 407.9 244.7 244.7 81.57 65.26 65.26 32.63 16.31 0 32.63 0 0 0 16.31 0 0 0 0 0
1 473.7 347.4 268.4 189.5 126.3 15.79 63.16 31.58 31.58 15.79 15.79 0 0 0 0 0 0 0 0 0
1 365.7 399 232.7 232.7 133 133 49.87 49.87 16.62 0 33.25 0 0 0 16.62 0 0 0 0 0
1 459 251.7 266.5 148.1 133.3 59.23 44.42 74.03 14.81 14.81 0 0 0 0 0 0 14.81 0 0 0
1 389.2 420.3 155.7 295.8 109 62.27 31.13 31.13 0 15.57 15.57 31.13 0 0 0 0 0 0 0 0
1 335.1 279.3 321.2 153.6 125.7 111.7 13.96 13.96 0 0 13.96 13.96 0 13.96 0 0 0 0 0 0
1 586.5 366.6 183.3 146.6 183.3 146.6 91.64 18.33 73.31 0 18.33 18.33 0 0 0 0 0 0 0 0
1 577.4 556.8 309.3 206.2 103.1 0 103.1 61.86 82.48 20.62 20.62 0 20.62 0 0 0 0 0 0 0
1 463 287.4 287.4 143.7 159.7 127.7 63.86 0 15.97 0 0 31.93 0 0 15.97 0 0 0 0 0
1 404.2 242.5 127 115.5 46.19 92.39 57.74 46.19 0 0 11.55 0 0 0 0 11.55 0 0 0 0
1 347.1 362.2 316.9 211.3 90.55 15.09 90.55 15.09 15.09 0 0 15.09 0 30.18 0 0 0 0 0 0
1 496.8 479.7 222.7 171.3 119.9 85.66 34.26 17.13 0 0 17.13 0 17.13 34.26 0 0 0 17.13 0 0
1 792.3 501.8 343.3 237.7 237.7 79.23 105.6 105.6 105.6 105.6 0 0 26.41 0 0 0 0 0 0 0
1 700.7 512.1 458.2 404.3 134.8 107.8 161.7 53.9 80.85 0 26.95 26.95 26.95 0 0 0 0 0 0 0
1 411.4 235.1 249.8 205.7 88.17 88.17 73.47 0 44.08 44.08 14.69 14.69 0 0 0 0 0 0 0 0
1 784.2 553.6 276.8 184.5 138.4 69.2 69.2 69.2 23.07 92.26 0 0 0 0 23.07 0 23.07 0 0 0
1 1008 672.2 427.8 397.2 336.1 122.2 91.67 0 0 0 0 0 0 0 0 0 0 0 0 0
1 673 324.9 417.8 278.5 139.3 208.9 162.5 46.42 23.21 0 0 46.42 0 0 0 0 0 0 0 0
1 363.3 223.6 153.7 279.5 83.85 97.82 69.87 55.9 13.97 27.95 0 13.97 13.97 0 0 0 0 0 0 0
1 219.9 186.9 175.9 175.9 76.97 76.97 54.98 32.99 21.99 21.99 11 0 32.99 0 0 0 11 0 0 0
1 266.7 278.3 150.7 150.7 115.9 81.16 69.57 34.78 0 0 0 0 0 0 0 0 0 0 11.59 0
1 457.9 339.7 132.9 206.8 59.09 44.32 44.32 59.09 73.86 0 14.77 14.77 0 14.77 14.77 0 0 0 0 0
1 278.8 173 134.6 96.13 48.06 105.7 28.84 38.45 9.613 9.613 0 28.84 0 0 0 0 9.613 0 0 0
1 435.2 280.8 140.4 154.4 112.3 84.23 84.23 28.08 0 14.04 0 0 28.08 0 14.04 14.04 0 0 14.04 0
1 345.5 321.7 190.6 131.1 23.83 35.74 23.83 47.66 23.83 11.91 0 0 23.83 0 11.91 0 0 0 0 0
1 262.4 331.4 179.5 124.3 151.9 69.05 55.24 41.43 27.62 27.62 55.24 41.43 0 0 0 0 0 0 0 13.81
1 455.7 242.1 242.1 71.2 156.6 85.44 85.44 56.96 0 0 0 14.24 14.24 0 0 0 0 0 0 0
1 352.8 365.9 196 91.47 65.34 78.4 39.2 26.13 39.2 13.07 13.07 0 13.07 0 0 13.07 0 0 0 0
1 659.6 287.5 203 253.7 67.65 67.65 50.74 50.74 16.91 16.91 16.91 0 0 0 0 0 0 0 0 0
1 530.8 353.9 209.1 160.8 144.8 64.34 16.08 16.08 0 32.17 0 48.25 16.08 0 16.08 0 0 0 0 0
1 528.3 257 271.3 157.1 57.11 14.28 71.39 14.28 0 28.56 14.28 0 0 14.28 0 0 0 0 0 0
1 365.1 214 176.3 176.3 75.54 75.54 50.36 37.77 25.18 0 12.59 25.18 0 12.59 12.59 0 0 0 0 0
1 334.3 295.7 192.9 154.3 77.14 77.14 77.14 0 25.71 0 12.86 0 0 12.86 0 12.86 12.86 0 0 0
1 310.8 246.5 171.5 53.58 85.73 53.58 53.58 32.15 0 10.72 10.72 21.43 10.72 0 10.72 0 0 0 0 0
1 605.3 345.9 432.3 216.2 194.5 129.7 86.47 43.23 43.23 0 0 21.62 21.62 0 0 0 0 0 0 21.62
1 399.6 223.3 199.8 141 70.51 47.01 0 23.5 11.75 23.5 11.75 11.75 0 0 0 11.75 0 0 0 0
1 489.3 302.2 215.8 143.9 115.1 71.95 14.39 43.17 14.39 0 0 14.39 14.39 0 0 0 0 0 0 0
1 568.4 408.1 189.5 102 72.87 72.87 0 29.15 0 14.57 0 0 0 0 0 0 0 0 0 0
1 434 217 293.6 165.9 76.58 38.29 25.53 12.76 12.76 0 0 0 0 0 0 0 0 0 0 0
1 520.3 557.5 427.4 148.7 74.33 55.75 18.58 0 0 18.58 0 0 37.17 0 0 0 0 0 0 0
1 374.5 351.1 163.8 163.8 70.21 23.4 0 23.4 0 0 0 0 0 0 0 0 0 0 0 0
1 261.8 219.6 177.3 135.1 33.78 8.444 0 8.444 0 0 0 0 0 0 0 0 0 0 0 0
1 356.9 272.9 157.4 136.4 83.97 10.5 31.49 0 0 0 0 0 0 0 0 0 0 0 0 0
1 332.9 262.8 87.61 78.85 35.04 26.28 26.28 8.761 8.761 8.761 0 0 0 0 0 0 0 0 0 0
1 264.2 237.8 202.6 96.88 52.85 17.62 0 0 0 8.808 0 0 0 0 0 0 0 0 0 0
1 477.6 323.1 337.1 98.33 42.14 70.23 14.05 28.09 0 14.05 0 0 0 0 0 0 0 0 0 0
1 300.7 274.1 141.5 106.1 35.37 0 8.843 8.843 0 0 0 0 0 0 0 8.843 0 0 0 0
1 282.3 217.7 96.78 129 32.26 32.26 16.13 0 0 0 0 0 0 0 0 0 0 0 0 0
1 362.8 332.5 161.2 80.61 60.46 0 0 0 10.08 0 0 0 0 0 0 0 0 0 0 0
1 251 226.7 137.7 97.17 40.49 24.29 16.2 0 8.098 0 8.098 0 0 0 0 0 0 0 0 0
1 295.5 140 163.3 85.53 38.88 46.65 7.775 0 0 0 0 0 0 0 0 0 0 0 0 0
1 284.2 303.2 170.5 104.2 37.9 37.9 9.474 0 0 0 0 0 0 0 0 0 0 0 0 0
1 360.3 262.9 165.5 107.1 48.68 19.47 9.737 0 0 0 0 0 0 0 0 0 0 0 0 0
1 215.4 209 95.02 44.34 44.34 12.67 6.335 0 0 0 6.335 0 0 0 0 0 0 0 0 0
1 350.4 225.3 108.5 41.72 66.75 0 16.69 16.69 8.344 0 0 0 0 0 0 0 0 0 0 0
1 252.3 110.4 52.57 21.03 26.28 15.77 15.77 21.03 10.51 0 0 0 0 0 0 0 0 0 0 0
1 300 213.2 134.2 47.37 31.58 47.37 7.895 0 0 0 7.895 0 0 0 0 0 0 0 0 0
1 330.7 190.4 160.4 160.4 130.3 0 20.05 0 10.02 0 0 0 0 0 0 0 0 0 0 0
1 269.1 125.2 106.4 43.81 31.3 18.78 18.78 6.259 0 6.259 0 0 0 0 0 0 0 0 0 0
1 352.1 218.9 180.8 114.2 47.58 28.55 0 0 9.517 0 0 0 0 0 0 0 0 0 0 0
1 216.6 127.4 82.81 89.18 57.33 25.48 6.37 6.37 6.37 6.37 6.37 0 0 6.37 0 0 0 0 0 0
1 330.7 220.5 84.79 110.2 50.87 25.44 0 8.479 16.96 0 0 0 0 0 0 0 0 0 0 0
1 208.3 165.4 110.3 55.14 49.02 6.127 6.127 6.127 0 0 6.127 0 0 0 0 0 0 0 0 0
1 165.1 233.9 123.8 75.68 34.4 34.4 20.64 0 0 0 0 0 0 0 0 0 0 0 0 0
1 235.1 176.3 124.1 39.18 39.18 26.12 13.06 0 0 0 0 0 0 0 0 0 0 0 0 0
1 165.8 94.08 58.24 76.16 35.84 4.48 4.48 0 4.48 4.48 0 0 0 0 0 0 0 0 0 0
1 138.4 143 83.02 46.12 23.06 4.612 13.84 9.225 0 0 0 0 0 0 0 0 0 0 0 0
1 160.3 120.2 85.15 55.1 30.05 20.04 15.03 10.02 0 0 0 0 5.009 0 0 0 0 0 0 0
1 158.8 123.5 70.57 22.05 35.28 8.821 0 22.05 0 0 0 0 0 0 0 0 0 0 0 0
1 148.5 116.7 122 53.02 42.42 37.12 5.302 5.302 0 0 0 0 0 0 0 0 0 0 0 0
1 202.5 168.8 73.14 45.01 11.25 28.13 16.88 16.88 0 0 0 0 0 0 0 0 0 0 0 0
1 157.9 112.2 78.93 20.77 16.62 4.154 8.308 8.308 0 8.308 0 0 0 0 0 0 0 0 0 0
1 117.6 88.18 69.81 36.74 25.72 7.349 0 11.02 0 3.674 7.349 0 0 0 0 0 0 0 0 0
1 241.1 114.2 152.3 82.47 6.344 25.38 6.344 0 0 6.344 0 0 0 0 0 0 0 0 0 0
1 121.9 73.87 59.1 51.71 22.16 22.16 3.693 7.387 0 0 7.387 0 0 0 0 0 0 0 0 0
1 134.7 89.8 71.09 33.67 18.71 11.22 7.483 3.742 3.742 0 0 0 0 0 0 0 0 0 0 0
1 199.1 94.6 84.64 59.74 19.91 19.91 14.94 4.979 0 0 0 0 0 0 0 0 0 0 0 0
1 108.5 62.84 45.7 37.13 17.14 11.43 2.856 0 0 0 0 0 0 0 0 0 0 0 0 0
1 128.3 56.71 59.69 20.89 14.92 11.94 5.969 0 0 0 0 0 0 0 0 0 0 0 0 0
1 169.2 158.6 84.6 58.16 21.15 15.86 10.57 0 10.57 0 0 0 0 0 0 0 0 0 0 0
1 156.3 136.8 97.7 43.96 29.31 9.77 4.885 4.885 0 4.885 0 0 0 0 0 0 0 0 0 0
1 97.45 64.17 23.77 28.52 16.64 4.754 2.377 0 0 0 0 0 0 0 0 0 0 0 0 0
1 156 120.3 57.94 49.03 31.2 8.915 8.915 13.37 0 0 0 0 0 0 0 0 0 0 0 0
1 145.1 86.4 58.75 13.82 17.28 13.82 3.456 0 3.456 3.456 0 0 0 0 0 0 0 0 0 0
1 85.51 74.11 62.71 22.8 11.4 14.25 5.701 2.85 5.701 0 0 0 0 0 0 0 0 0 0 0
1 117.9 98.88 68.46 30.42 22.82 19.02 15.21 3.803 0 0 3.803 0 0 0 0 0 0 0 0 0
1 132 68.88 48.79 20.09 11.48 0 5.74 0 0 0 0 0 0 0 0 0 0 0 0 0
1 112.7 70.85 64.41 35.43 19.32 6.441 3.221 3.221 3.221 0 3.221 0 0 0 0 0 0 0 0 0
1 124.2 107 58.65 20.7 24.15 3.45 6.9 0 0 0 0 0 0 0 0 0 0 0 0 0
1 142 117.2 42.61 14.2 14.2 10.65 14.2 0 0 0 0 0 0 0 0 0 0 0 0 0
1 94.03 73.46 73.46 23.51 20.57 2.938 0 2.938 0 2.938 0 0 0 0 0 0 0 0 0 0
1 99.86 40.42 40.42 26.15 11.89 7.133 4.755 2.378 4.755 0 0 0 0 0 0 0 0 0 0 0
1 89.01 86.47 35.6 25.43 5.086 12.72 0 0 0 0 0 0 0 0 0 0 0 0 0 0
