 landings-at-age - landings.n (units : NA )
1	2	
2	100	
1	20	
1 
0.02659 0.2984 0.8352 0.6934 0.4839 0.3377 0.2357 0.1644 0.1148 0.08008 0.05589 0.039 0.02722 0.01899 0.01325 0.009249 0.006454 0.004504 0.003143 0.007259
0.00519 0.05216 0.1462 0.1214 0.08475 0.05914 0.04127 0.0288 0.0201 0.01403 0.009787 0.00683 0.004766 0.003326 0.002321 0.00162 0.00113 0.0007888 0.0005504 0.001271
0.00515 0.05827 0.1464 0.1219 0.08515 0.05942 0.04147 0.02894 0.02019 0.01409 0.009834 0.006862 0.004789 0.003342 0.002332 0.001627 0.001136 0.0007925 0.000553 0.001277
0.0052 0.05783 0.1635 0.122 0.08549 0.0597 0.04166 0.02907 0.02029 0.01416 0.00988 0.006895 0.004811 0.003358 0.002343 0.001635 0.001141 0.0007963 0.0005557 0.001283
0.005024 0.05839 0.1623 0.1363 0.08557 0.05994 0.04186 0.02921 0.02038 0.01423 0.009927 0.006927 0.004834 0.003374 0.002354 0.001643 0.001146 8e-04 0.0005583 0.001289
0.005083 0.05641 0.1638 0.1353 0.0956 0.06 0.04203 0.02935 0.02048 0.01429 0.009974 0.00696 0.004857 0.00339 0.002365 0.001651 0.001152 0.0008038 0.0005609 0.001295
0.004943 0.05707 0.1583 0.1366 0.09487 0.06703 0.04207 0.02947 0.02058 0.01436 0.01002 0.006993 0.00488 0.003406 0.002377 0.001658 0.001157 0.0008076 0.0005636 0.001302
0.005053 0.0555 0.1601 0.132 0.09579 0.06652 0.047 0.0295 0.02066 0.01443 0.01007 0.007026 0.004903 0.003422 0.002388 0.001666 0.001163 0.0008114 0.0005663 0.001308
0.005219 0.05674 0.1557 0.1335 0.09254 0.06716 0.04664 0.03295 0.02068 0.01449 0.01012 0.00706 0.004926 0.003438 0.002399 0.001674 0.001168 0.0008153 0.0005689 0.001314
0.00543 0.0586 0.1592 0.1299 0.09362 0.06489 0.04709 0.0327 0.0231 0.0145 0.01016 0.007093 0.00495 0.003454 0.00241 0.001682 0.001174 0.0008191 0.0005716 0.00132
0.005147 0.06097 0.1644 0.1328 0.09105 0.06564 0.04549 0.03302 0.02293 0.0162 0.01017 0.007121 0.004973 0.003471 0.002422 0.00169 0.001179 0.000823 0.0005743 0.001326
0.005046 0.05779 0.1711 0.1371 0.09308 0.06384 0.04603 0.0319 0.02315 0.01608 0.01136 0.007128 0.004993 0.003487 0.002433 0.001698 0.001185 0.0008269 0.0005771 0.001333
0.004919 0.05665 0.1622 0.1427 0.09613 0.06526 0.04476 0.03227 0.02237 0.01623 0.01127 0.007963 0.004998 0.003501 0.002445 0.001706 0.001191 0.0008308 0.0005798 0.001339
0.004754 0.05524 0.159 0.1352 0.1 0.0674 0.04576 0.03138 0.02263 0.01568 0.01138 0.007903 0.005584 0.003504 0.002455 0.001714 0.001196 0.0008348 0.0005825 0.001345
0.005149 0.05338 0.155 0.1326 0.09481 0.07013 0.04726 0.03208 0.022 0.01586 0.01099 0.007979 0.005541 0.003915 0.002457 0.001721 0.001202 0.0008387 0.0005853 0.001352
0.005429 0.05781 0.1498 0.1292 0.09294 0.06648 0.04917 0.03314 0.0225 0.01543 0.01112 0.007709 0.005594 0.003885 0.002745 0.001723 0.001207 0.0008427 0.0005881 0.001358
0.005506 0.06096 0.1622 0.1249 0.09062 0.06517 0.04661 0.03448 0.02323 0.01577 0.01082 0.007799 0.005405 0.003922 0.002724 0.001925 0.001208 0.000846 0.0005908 0.001365
0.005803 0.06182 0.1711 0.1353 0.08757 0.06354 0.04569 0.03268 0.02417 0.01629 0.01106 0.007585 0.005468 0.00379 0.00275 0.00191 0.001349 0.0008469 0.0005932 0.001371
0.005887 0.06516 0.1735 0.1426 0.09485 0.0614 0.04455 0.03204 0.02291 0.01695 0.01142 0.007754 0.005318 0.003834 0.002657 0.001928 0.001339 0.0009461 0.0005938 0.001377
0.005573 0.0661 0.1828 0.1446 0.1 0.0665 0.04305 0.03123 0.02246 0.01607 0.01188 0.008008 0.005436 0.003729 0.002688 0.001863 0.001352 0.0009389 0.0006634 0.001382
0.005732 0.06258 0.1855 0.1525 0.1014 0.07012 0.04663 0.03019 0.0219 0.01575 0.01126 0.008332 0.005615 0.003812 0.002614 0.001885 0.001306 0.000948 0.0006583 0.001434
0.005467 0.06436 0.1756 0.1547 0.1069 0.07111 0.04916 0.03269 0.02116 0.01536 0.01104 0.007898 0.005842 0.003937 0.002673 0.001833 0.001322 0.0009159 0.0006646 0.001467
0.005151 0.06139 0.1806 0.1464 0.1084 0.07495 0.04986 0.03447 0.02292 0.01484 0.01077 0.007742 0.005538 0.004096 0.00276 0.001874 0.001285 0.0009266 0.0006422 0.001495
0.004685 0.05783 0.1723 0.1506 0.1027 0.07604 0.05255 0.03496 0.02417 0.01607 0.0104 0.007549 0.005428 0.003883 0.002872 0.001935 0.001314 0.0009011 0.0006497 0.001498
0.004588 0.0526 0.1623 0.1436 0.1056 0.07198 0.05331 0.03685 0.02451 0.01695 0.01127 0.007295 0.005293 0.003806 0.002722 0.002014 0.001357 0.0009212 0.0006318 0.001506
0.00484 0.05152 0.1476 0.1353 0.1007 0.07403 0.05047 0.03738 0.02583 0.01718 0.01188 0.007901 0.005115 0.003711 0.002669 0.001909 0.001412 0.0009514 0.0006459 0.001499
0.0049 0.05435 0.1446 0.1231 0.09488 0.07062 0.05191 0.03539 0.02621 0.01811 0.01205 0.008331 0.00554 0.003586 0.002602 0.001871 0.001338 0.0009899 0.0006671 0.001504
0.005194 0.05502 0.1525 0.1205 0.0863 0.06652 0.04951 0.03639 0.02481 0.01838 0.0127 0.008448 0.005841 0.003884 0.002514 0.001824 0.001312 0.0009383 0.000694 0.001522
0.004603 0.05833 0.1544 0.1272 0.08452 0.06051 0.04664 0.03471 0.02552 0.0174 0.01288 0.008905 0.005923 0.004095 0.002723 0.001763 0.001279 0.0009198 0.0006579 0.001554
0.004466 0.05169 0.1637 0.1287 0.08916 0.05926 0.04243 0.0327 0.02434 0.01789 0.0122 0.009034 0.006243 0.004153 0.002871 0.001909 0.001236 0.0008968 0.0006449 0.001551
0.004449 0.05014 0.145 0.1365 0.09027 0.06252 0.04155 0.02975 0.02293 0.01707 0.01254 0.008552 0.006334 0.004378 0.002912 0.002013 0.001339 0.0008667 0.0006288 0.001539
0.004466 0.04995 0.1407 0.1209 0.09569 0.06329 0.04383 0.02913 0.02086 0.01608 0.01197 0.008796 0.005996 0.004441 0.003069 0.002042 0.001412 0.0009387 0.0006077 0.00152
0.004758 0.05015 0.1402 0.1173 0.0848 0.06709 0.04438 0.03073 0.02043 0.01462 0.01127 0.00839 0.006167 0.004204 0.003114 0.002152 0.001431 0.0009897 0.0006581 0.001492
0.004941 0.05343 0.1407 0.1169 0.08226 0.05946 0.04704 0.03111 0.02155 0.01432 0.01025 0.007903 0.005882 0.004324 0.002948 0.002183 0.001509 0.001004 0.0006939 0.001508
0.004991 0.05548 0.1499 0.1173 0.08195 0.05768 0.04169 0.03298 0.02182 0.01511 0.01004 0.007189 0.005541 0.004124 0.003032 0.002067 0.001531 0.001058 0.0007037 0.001544
0.005012 0.05604 0.1557 0.125 0.08227 0.05746 0.04044 0.02923 0.02312 0.0153 0.01059 0.00704 0.00504 0.003885 0.002892 0.002126 0.001449 0.001073 0.0007418 0.001576
0.004905 0.05628 0.1572 0.1298 0.08765 0.05768 0.04029 0.02835 0.02049 0.01621 0.01072 0.007427 0.004936 0.003534 0.002724 0.002028 0.00149 0.001016 0.0007525 0.001625
0.004855 0.05508 0.1579 0.1311 0.09102 0.06146 0.04044 0.02825 0.01988 0.01437 0.01137 0.007519 0.005208 0.003461 0.002478 0.00191 0.001422 0.001045 0.0007124 0.001667
0.004441 0.05452 0.1546 0.1317 0.09194 0.06382 0.04309 0.02836 0.0198 0.01394 0.01007 0.007971 0.005272 0.003651 0.002427 0.001737 0.001339 0.0009967 0.0007327 0.001668
1.165 12.85 36.52 30.19 21.63 15.1 10.48 7.078 4.658 3.253 2.29 1.655 1.309 0.866 0.5998 0.3986 0.2854 0.22 0.1637 0.3944
1.001 11.98 29.89 22.67 15.4 11.03 7.704 5.348 3.611 2.376 1.66 1.168 0.8442 0.6679 0.4418 0.306 0.2034 0.1456 0.1122 0.2847
1.293 12.23 32.88 21.97 13.71 9.314 6.673 4.659 3.234 2.184 1.437 1.004 0.7063 0.5105 0.4039 0.2672 0.185 0.123 0.08804 0.24
1.211 12.77 27.27 19.46 10.67 6.661 4.525 3.242 2.263 1.571 1.061 0.6981 0.4875 0.3431 0.248 0.1962 0.1298 0.08989 0.05974 0.1594
1.056 12.93 30.93 17.71 10.4 5.702 3.559 2.417 1.732 1.209 0.8393 0.5667 0.3729 0.2605 0.1833 0.1325 0.1048 0.06934 0.04802 0.1171
1.103 12 33.24 21.35 10.06 5.907 3.239 2.022 1.373 0.9838 0.6869 0.4768 0.3219 0.2119 0.148 0.1041 0.07527 0.05955 0.03939 0.09378
1.092 12.01 29.56 21.91 11.57 5.454 3.203 1.756 1.096 0.7446 0.5334 0.3724 0.2585 0.1745 0.1149 0.08022 0.05646 0.04081 0.03229 0.0722
1.095 12.44 30.85 20.3 12.38 6.537 3.081 1.809 0.9919 0.6191 0.4206 0.3013 0.2104 0.146 0.09859 0.06488 0.04531 0.03189 0.02305 0.05902
1.032 10.89 28.07 18.58 10.05 6.125 3.235 1.524 0.8952 0.4909 0.3064 0.2081 0.1491 0.1041 0.07225 0.04879 0.03211 0.02242 0.01578 0.04061
1.148 12.94 30.73 21.26 11.59 6.266 3.82 2.017 0.9508 0.5583 0.3061 0.1911 0.1298 0.09299 0.06492 0.04506 0.03043 0.02002 0.01399 0.03517
1.157 11.98 30.38 19.14 10.87 5.925 3.204 1.953 1.032 0.4861 0.2855 0.1565 0.0977 0.06637 0.04755 0.0332 0.02304 0.01556 0.01024 0.02514
1.104 13.06 30.36 20.52 10.62 6.031 3.287 1.778 1.084 0.5723 0.2697 0.1584 0.08685 0.05421 0.03682 0.02638 0.01842 0.01278 0.008633 0.01963
1.018 11.5 30.63 18.92 10.5 5.436 3.087 1.682 0.9097 0.5546 0.2929 0.138 0.08106 0.04445 0.02774 0.01884 0.0135 0.009426 0.006543 0.01446
0.9246 10.75 27.46 19.53 9.921 5.504 2.85 1.618 0.8819 0.4769 0.2908 0.1535 0.07236 0.04249 0.0233 0.01454 0.009879 0.007077 0.004941 0.01101
0.974 10.41 27.34 18.7 10.94 5.556 3.082 1.596 0.9062 0.4939 0.2671 0.1628 0.086 0.04053 0.0238 0.01305 0.008145 0.005533 0.003964 0.008935
0.9891 10.89 26.21 18.38 10.33 6.047 3.071 1.704 0.8821 0.5009 0.273 0.1476 0.09001 0.04753 0.0224 0.01315 0.007213 0.004502 0.003058 0.007129
0.885 10.02 24.98 16.04 9.242 5.196 3.04 1.544 0.8567 0.4436 0.2519 0.1373 0.07423 0.04526 0.0239 0.01126 0.006615 0.003627 0.002264 0.005123
1.039 10.89 27.74 18.52 9.791 5.641 3.171 1.856 0.9426 0.5229 0.2707 0.1537 0.08379 0.04531 0.02762 0.01459 0.006875 0.004037 0.002214 0.004508
1.026 10.4 24.59 16.62 9.112 4.816 2.775 1.56 0.9129 0.4636 0.2572 0.1332 0.07562 0.04121 0.02229 0.01359 0.007176 0.003382 0.001986 0.003307
0.8615 11.06 25.39 16.07 8.937 4.899 2.589 1.492 0.8387 0.4908 0.2493 0.1383 0.0716 0.04065 0.02216 0.01198 0.007306 0.003858 0.001818 0.002846
0.9935 10.4 30.02 18.44 9.604 5.341 2.927 1.547 0.8915 0.5012 0.2933 0.149 0.08264 0.04279 0.02429 0.01324 0.00716 0.004366 0.002305 0.002787
0.8971 10.75 25.24 19.31 9.734 5.07 2.819 1.545 0.8169 0.4706 0.2646 0.1548 0.07863 0.04362 0.02259 0.01283 0.00699 0.00378 0.002305 0.002688
0.9099 9.919 26.63 16.59 10.42 5.252 2.735 1.521 0.8337 0.4407 0.2539 0.1427 0.08353 0.04242 0.02354 0.01219 0.006919 0.003771 0.002039 0.002694
0.8419 9.007 22.15 15.78 8.07 5.068 2.555 1.331 0.7399 0.4056 0.2144 0.1235 0.06943 0.04063 0.02064 0.01145 0.005928 0.003366 0.001834 0.002302
0.8213 9.47 22.88 15.06 8.828 4.514 2.835 1.429 0.7442 0.4138 0.2268 0.1199 0.06908 0.03884 0.02272 0.01154 0.006403 0.003315 0.001882 0.002314
0.7701 8.894 23.15 14.94 8.085 4.738 2.423 1.521 0.7669 0.3994 0.2221 0.1217 0.06435 0.03708 0.02084 0.0122 0.006195 0.003437 0.001779 0.002252
0.6843 8.501 22.15 15.41 8.175 4.425 2.593 1.326 0.8327 0.4197 0.2186 0.1216 0.06663 0.03522 0.02029 0.01141 0.006676 0.003391 0.001881 0.002207
0.6301 7.03 19.79 13.78 7.882 4.181 2.263 1.326 0.6781 0.4259 0.2146 0.1118 0.06217 0.03408 0.01801 0.01038 0.005834 0.003414 0.001734 0.00209
0.692 7.727 19.4 14.65 8.398 4.803 2.547 1.379 0.8081 0.4131 0.2595 0.1308 0.06812 0.03788 0.02076 0.01097 0.006323 0.003555 0.00208 0.00233
0.6268 7.15 17.99 12 7.436 4.264 2.438 1.293 0.7001 0.4103 0.2098 0.1317 0.0664 0.03459 0.01923 0.01054 0.005572 0.00321 0.001805 0.002239
0.555 6.363 16.47 11.08 6.073 3.764 2.158 1.234 0.6546 0.3544 0.2077 0.1062 0.06668 0.03361 0.01751 0.009734 0.005336 0.00282 0.001625 0.002047
0.6427 6.508 16.88 11.74 6.503 3.566 2.21 1.267 0.7247 0.3844 0.2081 0.1219 0.06234 0.03915 0.01973 0.01028 0.005716 0.003133 0.001656 0.002156
0.583 6.948 15.9 11.02 6.301 3.49 1.914 1.186 0.6801 0.3889 0.2063 0.1117 0.06544 0.03346 0.02101 0.01059 0.005516 0.003067 0.001681 0.002046
0.5395 6.696 17.97 10.99 6.261 3.581 1.983 1.088 0.6741 0.3865 0.221 0.1172 0.06346 0.03719 0.01901 0.01194 0.006019 0.003135 0.001743 0.002118
0.5304 5.643 15.8 11.29 5.669 3.23 1.848 1.023 0.5612 0.3478 0.1994 0.114 0.06049 0.03274 0.01919 0.009811 0.006162 0.003106 0.001618 0.001993
0.4904 5.52 13.31 9.97 5.856 2.941 1.676 0.9587 0.531 0.2912 0.1805 0.1035 0.05917 0.03139 0.01699 0.009957 0.00509 0.003197 0.001611 0.001873
0.5074 5.476 13.97 9.048 5.579 3.277 1.646 0.9379 0.5364 0.2971 0.1629 0.101 0.0579 0.03311 0.01756 0.009507 0.005571 0.002848 0.001789 0.00195
0.5286 6.058 14.71 10.05 5.354 3.301 1.939 0.9738 0.5549 0.3174 0.1758 0.0964 0.05975 0.03426 0.01959 0.01039 0.005625 0.003296 0.001685 0.002212
0.4807 5.288 13.69 8.843 4.958 2.642 1.629 0.9569 0.4806 0.2739 0.1566 0.08676 0.04757 0.02949 0.01691 0.009668 0.005128 0.002776 0.001627 0.001924
0.4634 5.47 13.59 9.426 5.009 2.808 1.497 0.9227 0.542 0.2722 0.1551 0.08873 0.04914 0.02695 0.0167 0.009576 0.005476 0.002905 0.001572 0.002011
0.4798 5.399 14.3 9.475 5.402 2.871 1.609 0.8577 0.5288 0.3106 0.156 0.08891 0.05085 0.02817 0.01544 0.009572 0.005488 0.003139 0.001665 0.002054
0.4446 4.725 12 8.444 4.59 2.617 1.391 0.7796 0.4155 0.2562 0.1505 0.07558 0.04307 0.02463 0.01364 0.007481 0.004637 0.002659 0.00152 0.001801
0.4416 5.026 12.07 8.212 4.752 2.583 1.473 0.7826 0.4388 0.2338 0.1442 0.08468 0.04254 0.02424 0.01386 0.007679 0.00421 0.00261 0.001496 0.001869
0.477 4.738 12.19 7.817 4.374 2.531 1.376 0.7844 0.4168 0.2337 0.1245 0.07678 0.0451 0.02265 0.01291 0.007383 0.00409 0.002242 0.00139 0.001793
0.4217 5.339 11.97 8.235 4.344 2.431 1.407 0.7645 0.4359 0.2316 0.1299 0.06921 0.04267 0.02506 0.01259 0.007174 0.004103 0.002273 0.001246 0.001769
0.3937 4.315 12.38 7.419 4.195 2.213 1.238 0.7166 0.3895 0.2221 0.118 0.06616 0.03526 0.02174 0.01277 0.006414 0.003655 0.00209 0.001158 0.001536
0.3835 4.425 10.99 8.473 4.179 2.363 1.247 0.6975 0.4037 0.2194 0.1251 0.06647 0.03727 0.01986 0.01225 0.007193 0.003613 0.002059 0.001178 0.001517
0.4064 4.445 11.56 7.69 4.878 2.406 1.361 0.7178 0.4016 0.2324 0.1263 0.07202 0.03827 0.02146 0.01143 0.00705 0.004141 0.00208 0.001185 0.001552
0.4322 4.523 11.12 7.702 4.208 2.669 1.317 0.7445 0.3928 0.2197 0.1272 0.06912 0.03941 0.02094 0.01174 0.006257 0.003858 0.002266 0.001138 0.001498
0.4439 4.767 11.2 7.316 4.161 2.273 1.442 0.7112 0.4022 0.2122 0.1187 0.0687 0.03734 0.02129 0.01131 0.006343 0.00338 0.002084 0.001224 0.001424
0.3548 4.335 10.53 6.581 3.53 2.008 1.097 0.6957 0.3432 0.1941 0.1024 0.05728 0.03315 0.01802 0.01027 0.005458 0.00306 0.001631 0.001006 0.001278
0.3952 4.358 11.98 7.806 4.014 2.153 1.224 0.669 0.4243 0.2093 0.1184 0.06244 0.03493 0.02022 0.01099 0.006266 0.003329 0.001867 0.0009948 0.001393
0.3804 4.193 10.39 7.582 4.055 2.085 1.118 0.6361 0.3475 0.2204 0.1087 0.06149 0.03244 0.01815 0.0105 0.005708 0.003255 0.001729 0.0009696 0.00124
0.3952 4.216 10.44 6.883 4.125 2.206 1.135 0.6085 0.3461 0.1891 0.1199 0.05915 0.03345 0.01765 0.009874 0.005714 0.003106 0.001771 0.0009409 0.001202
0.354 3.978 9.587 6.317 3.42 2.049 1.096 0.5637 0.3023 0.1719 0.09394 0.05958 0.02939 0.01662 0.008768 0.004905 0.002839 0.001543 0.0008798 0.001065
0.3392 3.84 9.776 6.318 3.425 1.854 1.111 0.5943 0.3056 0.1639 0.09322 0.05093 0.0323 0.01593 0.009011 0.004754 0.00266 0.001539 0.0008366 0.001054
0.3415 3.901 9.972 6.806 3.619 1.962 1.062 0.6366 0.3405 0.1751 0.0939 0.0534 0.02918 0.01851 0.009128 0.005162 0.002723 0.001524 0.0008817 0.001083
0.3318 3.835 9.857 6.721 3.77 2.005 1.087 0.5884 0.3526 0.1886 0.09698 0.05201 0.02958 0.01616 0.01025 0.005057 0.00286 0.001509 0.000844 0.001088
0.2875 3.426 8.94 6.119 3.427 1.922 1.022 0.5541 0.3 0.1798 0.09615 0.04944 0.02652 0.01508 0.00824 0.005227 0.002578 0.001458 0.0007691 0.0009853
0.3088 3.426 9.171 6.396 3.6 2.016 1.131 0.6014 0.326 0.1765 0.1058 0.05657 0.02909 0.0156 0.008873 0.004848 0.003075 0.001517 0.0008578 0.001032
