 landings-at-age - landings.n (units : NA )
1	2	
2	100	
1	20	
1 
0.02659 0.2984 0.8352 0.6934 0.4839 0.3377 0.2357 0.1644 0.1148 0.08008 0.05589 0.039 0.02722 0.01899 0.01325 0.009249 0.006454 0.004504 0.003143 0.007259
0.002915 0.05216 0.1462 0.1214 0.08475 0.05914 0.04127 0.0288 0.0201 0.01403 0.009787 0.00683 0.004766 0.003326 0.002321 0.00162 0.00113 0.0007888 0.0005504 0.001271
0.005477 0.03273 0.1464 0.1219 0.08515 0.05942 0.04147 0.02894 0.02019 0.01409 0.009834 0.006862 0.004789 0.003342 0.002332 0.001627 0.001136 0.0007925 0.000553 0.001277
0.004208 0.0615 0.09183 0.122 0.08549 0.0597 0.04166 0.02907 0.02029 0.01416 0.00988 0.006895 0.004811 0.003358 0.002343 0.001635 0.001141 0.0007963 0.0005557 0.001283
0.003932 0.04725 0.1726 0.07657 0.08557 0.05994 0.04186 0.02921 0.02038 0.01423 0.009927 0.006927 0.004834 0.003374 0.002354 0.001643 0.001146 8e-04 0.0005583 0.001289
0.00509 0.04415 0.1326 0.1439 0.05369 0.06 0.04203 0.02935 0.02048 0.01429 0.009974 0.00696 0.004857 0.00339 0.002365 0.001651 0.001152 0.0008038 0.0005609 0.001295
0.002667 0.05715 0.1239 0.1106 0.1009 0.03764 0.04207 0.02947 0.02058 0.01436 0.01002 0.006993 0.00488 0.003406 0.002377 0.001658 0.001157 0.0008076 0.0005636 0.001302
0.007648 0.02994 0.1604 0.1033 0.07751 0.07074 0.02639 0.0295 0.02066 0.01443 0.01007 0.007026 0.004903 0.003422 0.002388 0.001666 0.001163 0.0008114 0.0005663 0.001308
0.002546 0.08587 0.08402 0.1337 0.07243 0.05435 0.0496 0.01851 0.02068 0.01449 0.01012 0.00706 0.004926 0.003438 0.002399 0.001674 0.001168 0.0008153 0.0005689 0.001314
0.007349 0.02859 0.241 0.07006 0.09376 0.05079 0.03811 0.03478 0.01297 0.0145 0.01016 0.007093 0.00495 0.003454 0.00241 0.001682 0.001174 0.0008191 0.0005716 0.00132
0.004984 0.08252 0.08021 0.2009 0.04912 0.06574 0.03561 0.02672 0.02438 0.009097 0.01017 0.007121 0.004973 0.003471 0.002422 0.00169 0.001179 0.000823 0.0005743 0.001326
0.01065 0.05597 0.2315 0.06689 0.1409 0.03444 0.04609 0.02497 0.01873 0.0171 0.006378 0.007128 0.004993 0.003487 0.002433 0.001698 0.001185 0.0008269 0.0005771 0.001333
0.006654 0.1196 0.157 0.1931 0.0469 0.09878 0.02415 0.03232 0.0175 0.01313 0.01199 0.004472 0.004998 0.003501 0.002445 0.001706 0.001191 0.0008308 0.0005798 0.001339
0.0027 0.07471 0.3355 0.131 0.1354 0.03288 0.06926 0.01693 0.02266 0.01227 0.009209 0.008405 0.003136 0.003504 0.002455 0.001714 0.001196 0.0008348 0.0005825 0.001345
0.006178 0.03032 0.2096 0.2798 0.09182 0.09491 0.02305 0.04856 0.01187 0.01589 0.008605 0.006457 0.005893 0.002199 0.002457 0.001721 0.001202 0.0008387 0.0005853 0.001352
0.005417 0.06937 0.08507 0.1748 0.1962 0.06438 0.06655 0.01616 0.03405 0.008324 0.01114 0.006034 0.004527 0.004132 0.001542 0.001723 0.001207 0.0008427 0.0005881 0.001358
0.005563 0.06082 0.1946 0.07094 0.1226 0.1376 0.04514 0.04666 0.01133 0.02387 0.005836 0.00781 0.00423 0.003174 0.002897 0.001081 0.001208 0.000846 0.0005908 0.001365
0.003774 0.06247 0.1707 0.1623 0.04974 0.08594 0.09645 0.03165 0.03272 0.007947 0.01674 0.004092 0.005476 0.002966 0.002226 0.002031 0.0007578 0.0008469 0.0005932 0.001371
0.01679 0.04237 0.1753 0.1423 0.1138 0.03487 0.06025 0.06762 0.02219 0.02294 0.005572 0.01174 0.002869 0.003839 0.00208 0.00156 0.001424 0.0005313 0.0005938 0.001377
0.003764 0.1885 0.1189 0.1462 0.09979 0.07979 0.02445 0.04225 0.04741 0.01556 0.01608 0.003907 0.008228 0.002012 0.002692 0.001458 0.001094 0.0009985 0.0003725 0.001382
0.008222 0.04226 0.5288 0.09915 0.1025 0.06996 0.05594 0.01714 0.02962 0.03324 0.01091 0.01128 0.002739 0.005769 0.00141 0.001887 0.001022 0.0007671 0.0007001 0.00123
0.007268 0.09232 0.1186 0.441 0.06952 0.07185 0.04906 0.03923 0.01202 0.02077 0.02331 0.007648 0.007906 0.00192 0.004045 0.0009889 0.001323 0.0007168 0.0005379 0.001353
0.01721 0.08161 0.259 0.09889 0.3092 0.04874 0.05038 0.03439 0.0275 0.008428 0.01456 0.01634 0.005363 0.005544 0.001347 0.002836 0.0006934 0.0009279 0.0005026 0.001326
0.00218 0.1933 0.229 0.216 0.06933 0.2168 0.03417 0.03532 0.02412 0.01928 0.005909 0.01021 0.01146 0.00376 0.003887 0.0009441 0.001989 0.0004861 0.0006506 0.001282
0.002358 0.02448 0.5424 0.1909 0.1514 0.04861 0.152 0.02396 0.02477 0.01691 0.01352 0.004143 0.007159 0.008034 0.002636 0.002725 0.000662 0.001394 0.0003409 0.001355
0.005032 0.02648 0.06868 0.4523 0.1339 0.1062 0.03409 0.1066 0.0168 0.01737 0.01186 0.00948 0.002905 0.005019 0.005633 0.001848 0.001911 0.0004641 0.0009776 0.001189
0.007802 0.05651 0.0743 0.05727 0.3171 0.09387 0.07445 0.0239 0.07472 0.01178 0.01218 0.008312 0.006647 0.002037 0.003519 0.003949 0.001296 0.00134 0.0003254 0.001519
0.003299 0.0876 0.1586 0.06195 0.04016 0.2223 0.06582 0.0522 0.01676 0.05239 0.008259 0.008537 0.005828 0.00466 0.001428 0.002467 0.002769 0.0009087 0.0009393 0.001293
0.004219 0.03704 0.2458 0.1322 0.04344 0.02816 0.1559 0.04615 0.0366 0.01175 0.03673 0.005791 0.005986 0.004086 0.003267 0.001001 0.00173 0.001942 0.0006371 0.001565
0.004451 0.04737 0.1039 0.205 0.0927 0.03046 0.01974 0.1093 0.03236 0.02566 0.008237 0.02576 0.00406 0.004197 0.002865 0.002291 0.000702 0.001213 0.001361 0.001544
0.003323 0.04997 0.1329 0.08667 0.1437 0.065 0.02135 0.01384 0.07664 0.02269 0.01799 0.005776 0.01806 0.002847 0.002943 0.002009 0.001606 0.0004922 0.0008505 0.002037
0.002555 0.03731 0.1402 0.1108 0.06077 0.1008 0.04557 0.01497 0.009705 0.05373 0.01591 0.01262 0.00405 0.01266 0.001996 0.002063 0.001408 0.001126 0.0003451 0.002025
0.002832 0.02868 0.1047 0.1169 0.07771 0.04261 0.07065 0.03195 0.0105 0.006805 0.03767 0.01115 0.008846 0.002839 0.008878 0.001399 0.001447 0.0009875 0.0007896 0.001662
0.006863 0.03179 0.08049 0.08729 0.08199 0.05449 0.02988 0.04954 0.0224 0.007361 0.004771 0.02642 0.007819 0.006202 0.001991 0.006225 0.0009812 0.001014 0.0006924 0.001719
0.02198 0.07706 0.08922 0.06712 0.06121 0.05748 0.0382 0.02095 0.03473 0.01571 0.005161 0.003345 0.01852 0.005483 0.004348 0.001396 0.004364 0.000688 0.0007111 0.001691
0.004205 0.2468 0.2162 0.07439 0.04706 0.04291 0.0403 0.02679 0.01469 0.02435 0.01101 0.003618 0.002345 0.01299 0.003844 0.003049 0.0009787 0.00306 0.0004824 0.001684
0.003006 0.04722 0.6925 0.1803 0.05216 0.03299 0.03009 0.02826 0.01878 0.0103 0.01707 0.007722 0.002537 0.001644 0.009105 0.002695 0.002138 0.0006862 0.002145 0.001519
0.004021 0.03375 0.1325 0.5774 0.1264 0.03657 0.02313 0.0211 0.01981 0.01317 0.00722 0.01197 0.005414 0.001779 0.001153 0.006384 0.00189 0.001499 0.0004811 0.002569
0.00358 0.04515 0.09471 0.1105 0.4049 0.08864 0.02564 0.01622 0.01479 0.01389 0.009232 0.005062 0.008394 0.003796 0.001247 0.0008084 0.004476 0.001325 0.001051 0.002139
0.004233 0.04019 0.1267 0.07898 0.07746 0.2839 0.06215 0.01798 0.01137 0.01037 0.009741 0.006473 0.003549 0.005885 0.002662 0.0008745 0.0005668 0.003138 0.000929 0.002236
0.005417 0.04753 0.1128 0.1056 0.05538 0.05431 0.199 0.04358 0.01261 0.007974 0.007272 0.00683 0.004539 0.002489 0.004126 0.001866 0.0006131 0.0003974 0.0022 0.002219
9.544e-08 6.962e-07 1.527e-06 1.077e-06 8.481e-07 4.446e-07 4.361e-07 1.598e-06 3.499e-07 1.012e-07 6.402e-08 5.838e-08 5.483e-08 3.644e-08 1.998e-08 3.313e-08 1.498e-08 4.923e-09 3.191e-09 3.548e-08
0.08259 1.383 2.51 1.635 0.9697 0.7637 0.4003 0.3927 1.439 0.315 0.09114 0.05765 0.05257 0.04937 0.03281 0.01799 0.02983 0.01349 0.004433 0.03483
0.1094 1.849 7.661 4.106 2.246 1.332 1.049 0.5499 0.5393 1.976 0.4327 0.1252 0.07918 0.07221 0.06782 0.04507 0.02471 0.04098 0.01853 0.05392
0.2853 1.834 7.627 9.271 4.167 2.28 1.352 1.065 0.5582 0.5474 2.006 0.4392 0.1271 0.08037 0.07329 0.06884 0.04575 0.02508 0.04159 0.07355
0.1577 4.245 6.675 8.094 8.242 3.705 2.027 1.202 0.9466 0.4962 0.4867 1.784 0.3905 0.113 0.07145 0.06516 0.0612 0.04067 0.0223 0.1024
0.2239 2.197 14.37 6.552 6.647 6.769 3.043 1.665 0.9871 0.7774 0.4075 0.3997 1.465 0.3207 0.09277 0.05868 0.05351 0.05026 0.0334 0.1024
0.228 2.989 7.088 13.36 5.09 5.164 5.258 2.364 1.293 0.7669 0.6039 0.3166 0.3105 1.138 0.2491 0.07207 0.04559 0.04157 0.03904 0.1055
0.7649 2.955 9.308 6.321 9.945 3.788 3.843 3.913 1.759 0.9624 0.5707 0.4495 0.2356 0.2311 0.8468 0.1854 0.05363 0.03393 0.03094 0.1076
1.796 9.696 8.946 8.021 4.54 7.143 2.721 2.761 2.811 1.264 0.6913 0.4099 0.3228 0.1692 0.166 0.6083 0.1332 0.03853 0.02437 0.09948
0.3725 22.37 28.68 7.488 5.589 3.163 4.977 1.896 1.923 1.958 0.8804 0.4816 0.2856 0.2249 0.1179 0.1156 0.4238 0.09279 0.02684 0.08629
0.413 4.577 64.89 23.4 5.077 3.789 2.145 3.375 1.285 1.304 1.328 0.5969 0.3266 0.1937 0.1525 0.07995 0.07841 0.2874 0.06291 0.07671
0.4537 5.016 13.05 51.69 15.47 3.358 2.506 1.419 2.232 0.8502 0.8626 0.8783 0.3948 0.216 0.1281 0.1009 0.05288 0.05186 0.1901 0.09235
0.3741 5.455 14.08 10.17 33.41 10 2.17 1.62 0.917 1.443 0.5495 0.5575 0.5677 0.2552 0.1396 0.08279 0.0652 0.03418 0.03352 0.1825
1.399 4.46 15.09 10.75 6.431 21.13 6.325 1.373 1.025 0.5799 0.9124 0.3475 0.3526 0.359 0.1614 0.08829 0.05236 0.04124 0.02162 0.1366
0.7757 16.56 12.17 11.3 6.659 3.984 13.09 3.918 0.8503 0.6347 0.3592 0.5652 0.2153 0.2184 0.2224 0.09998 0.0547 0.03243 0.02554 0.09804
0.2736 9.118 44.64 8.951 6.865 4.044 2.419 7.949 2.38 0.5164 0.3854 0.2182 0.3432 0.1307 0.1326 0.1351 0.06071 0.03322 0.0197 0.07505
0.668 3.197 24.29 32.24 5.333 4.089 2.409 1.441 4.735 1.418 0.3076 0.2296 0.13 0.2045 0.07789 0.07902 0.08046 0.03617 0.01979 0.05644
1.428 7.762 8.422 17.24 18.85 3.118 2.391 1.409 0.8427 2.769 0.8288 0.1799 0.1342 0.07599 0.1196 0.04554 0.0462 0.04704 0.02115 0.04457
1.796 16.51 20.23 5.878 9.9 10.82 1.79 1.373 0.8087 0.4838 1.59 0.4759 0.1033 0.07708 0.04363 0.06864 0.02615 0.02653 0.02701 0.03773
0.4636 20.67 42.6 13.89 3.315 5.583 6.104 1.01 0.7742 0.4561 0.2729 0.8965 0.2684 0.05824 0.04347 0.0246 0.03871 0.01475 0.01496 0.03651
0.6362 5.054 50.44 27.52 7.36 1.757 2.959 3.235 0.535 0.4103 0.2417 0.1446 0.4751 0.1422 0.03086 0.02304 0.01304 0.02051 0.007814 0.02728
2.132 6.936 12.33 32.58 14.58 3.901 0.9309 1.568 1.714 0.2835 0.2174 0.1281 0.07663 0.2518 0.07537 0.01636 0.01221 0.00691 0.01087 0.0186
1.018 23.24 16.92 7.965 17.27 7.728 2.067 0.4933 0.831 0.9084 0.1502 0.1152 0.06787 0.04061 0.1334 0.03994 0.008667 0.006469 0.003662 0.01562
0.7383 11.09 56.71 10.93 4.221 9.15 4.095 1.095 0.2614 0.4404 0.4814 0.07962 0.06106 0.03597 0.02152 0.07071 0.02117 0.004593 0.003428 0.01022
2.169 8.049 27.07 36.63 5.793 2.237 4.849 2.17 0.5805 0.1385 0.2334 0.2551 0.04219 0.03236 0.01906 0.0114 0.03747 0.01122 0.002434 0.007231
0.5871 23.65 19.64 17.48 19.41 3.07 1.185 2.57 1.15 0.3076 0.07342 0.1237 0.1352 0.02236 0.01715 0.0101 0.006044 0.01986 0.005944 0.005122
0.4173 6.4 57.7 12.68 9.265 10.29 1.627 0.6282 1.362 0.6095 0.163 0.03891 0.06554 0.07165 0.01185 0.009087 0.005353 0.003203 0.01052 0.005864
2.043 4.549 15.62 37.27 6.722 4.91 5.452 0.8622 0.3329 0.7217 0.323 0.08639 0.02062 0.03473 0.03797 0.00628 0.004816 0.002837 0.001697 0.008684
2.153 22.27 11.1 10.09 19.75 3.562 2.602 2.889 0.4569 0.1764 0.3824 0.1712 0.04578 0.01093 0.01841 0.02012 0.003328 0.002552 0.001503 0.005502
3.928 23.47 54.34 7.17 5.345 10.47 1.888 1.379 1.531 0.2421 0.09349 0.2027 0.09071 0.02426 0.005791 0.009754 0.01066 0.001764 0.001352 0.003712
0.7526 42.83 57.27 35.1 3.8 2.833 5.547 1 0.7307 0.8114 0.1283 0.04955 0.1074 0.04807 0.01286 0.003069 0.005169 0.005651 0.0009346 0.002684
2.977 8.205 104.5 36.99 18.6 2.014 1.501 2.939 0.5302 0.3872 0.43 0.068 0.02626 0.05692 0.02547 0.006814 0.001626 0.002739 0.002995 0.001918
0.6303 32.46 20.02 67.49 19.6 9.857 1.067 0.7955 1.558 0.2809 0.2052 0.2279 0.03603 0.01391 0.03016 0.0135 0.003611 0.0008618 0.001452 0.002603
1.34 6.872 79.2 12.93 35.77 10.39 5.224 0.5655 0.4216 0.8255 0.1489 0.1087 0.1208 0.0191 0.007374 0.01598 0.007154 0.001914 0.0004567 0.002149
1.975 14.61 16.77 51.15 6.853 18.95 5.506 2.768 0.2997 0.2234 0.4375 0.0789 0.05763 0.06399 0.01012 0.003908 0.008471 0.003791 0.001014 0.001381
0.5441 21.53 35.65 10.83 27.11 3.631 10.04 2.918 1.467 0.1588 0.1184 0.2318 0.04181 0.03054 0.03391 0.005363 0.002071 0.004489 0.002009 0.001269
0.4302 5.932 52.52 23.03 5.739 14.37 1.924 5.323 1.546 0.7774 0.08416 0.06274 0.1229 0.02216 0.01618 0.01797 0.002842 0.001097 0.002379 0.001737
0.8362 4.69 14.47 33.93 12.2 3.041 7.613 1.02 2.821 0.8194 0.412 0.0446 0.03325 0.06511 0.01174 0.008577 0.009524 0.001506 0.0005816 0.002181
2.768 9.116 11.44 9.348 17.98 6.468 1.612 4.034 0.5405 1.495 0.4342 0.2183 0.02363 0.01762 0.0345 0.006223 0.004545 0.005047 0.0007981 0.001464
1.038 29.46 21.76 7.233 4.848 9.324 3.354 0.8358 2.092 0.2803 0.7753 0.2252 0.1132 0.01226 0.009137 0.01789 0.003227 0.002357 0.002617 0.001173
3.822 11.04 70.51 13.83 3.774 2.53 4.865 1.75 0.4361 1.092 0.1463 0.4045 0.1175 0.05908 0.006396 0.004768 0.009337 0.001684 0.00123 0.001978
2.29 40.68 26.5 45.07 7.261 1.982 1.328 2.555 0.919 0.229 0.5733 0.07679 0.2124 0.0617 0.03102 0.003358 0.002504 0.004903 0.0008842 0.001684
2.263 24.38 97.87 17.03 23.81 3.836 1.047 0.7018 1.35 0.4855 0.121 0.3029 0.04057 0.1122 0.0326 0.01639 0.001774 0.001323 0.00259 0.001357
1.241 24.09 58.82 63.26 9.054 12.66 2.039 0.5566 0.373 0.7175 0.2581 0.06432 0.161 0.02157 0.05966 0.01733 0.008712 0.0009432 0.0007032 0.002098
0.5098 13.21 58.26 38.22 33.83 4.843 6.77 1.091 0.2977 0.1995 0.3837 0.138 0.0344 0.08611 0.01154 0.03191 0.009268 0.00466 0.0005044 0.001498
0.59 5.426 32.04 38.07 20.57 18.2 2.606 3.643 0.5869 0.1602 0.1074 0.2065 0.07428 0.01851 0.04633 0.006207 0.01717 0.004987 0.002507 0.001078
0.6141 6.278 13.19 21.05 20.61 11.13 9.854 1.41 1.972 0.3177 0.0867 0.05811 0.1118 0.04021 0.01002 0.02508 0.00336 0.009294 0.002699 0.001941
3.248 6.534 15.3 8.712 11.46 11.22 6.062 5.366 0.7681 1.074 0.173 0.04721 0.03164 0.06086 0.02189 0.005456 0.01366 0.00183 0.005061 0.002527
2.438 34.55 15.96 10.16 4.772 6.279 6.146 3.321 2.939 0.4207 0.5882 0.09476 0.02586 0.01733 0.03334 0.01199 0.002989 0.007481 0.001002 0.004156
1.268 25.92 84.6 10.65 5.597 2.629 3.459 3.386 1.83 1.619 0.2318 0.324 0.05221 0.01425 0.00955 0.01837 0.006607 0.001647 0.004122 0.002842
0.6571 13.48 63.62 56.75 5.903 3.101 1.457 1.917 1.877 1.014 0.8974 0.1284 0.1796 0.02893 0.007896 0.005292 0.01018 0.003661 0.0009124 0.003859
1.216 6.98 33.16 42.9 31.63 3.29 1.728 0.8119 1.068 1.046 0.565 0.5001 0.07158 0.1001 0.01612 0.0044 0.002949 0.005672 0.00204 0.002659
0.5584 12.91 17.21 22.47 24.04 17.72 1.844 0.9686 0.455 0.5987 0.5861 0.3166 0.2803 0.04011 0.05608 0.009035 0.002466 0.001653 0.003179 0.002634
1.783 5.925 31.89 11.72 12.66 13.55 9.987 1.039 0.5458 0.2564 0.3373 0.3302 0.1784 0.1579 0.0226 0.0316 0.005091 0.00139 0.0009313 0.003275
2.156 18.9 14.66 21.82 6.638 7.173 7.674 5.658 0.5886 0.3092 0.1453 0.1911 0.1871 0.1011 0.08947 0.01281 0.0179 0.002884 0.0007872 0.002383
0.8547 22.84 46.86 10.08 12.42 3.78 4.085 4.371 3.222 0.3352 0.1761 0.08273 0.1088 0.1066 0.05757 0.05095 0.007293 0.0102 0.001643 0.001806
0.2606 9.044 56.73 32.36 5.77 7.112 2.164 2.338 2.502 1.845 0.1919 0.1008 0.04736 0.06231 0.06099 0.03295 0.02917 0.004175 0.005837 0.001974
0.5878 2.754 22.5 39.34 18.61 3.319 4.092 1.245 1.345 1.439 1.061 0.1104 0.058 0.02724 0.03585 0.03509 0.01896 0.01678 0.002402 0.004493
