Originally  
101 
A 
2	100	
1	1	NA	NA	
1	20	
1 538.1 499.6 230.6 211.4 96.09 76.87 38.43 96.09 19.22 57.65 0 0 38.43 0 0 0 19.22 0 0 0
1 1029 142 142 106.5 124.2 88.74 35.5 35.5 53.24 0 0 0 17.75 0 0 0 0 0 0 0
1 522.9 607.2 101.2 151.8 50.6 118.1 84.33 16.87 16.87 0 0 0 16.87 0 0 0 0 0 0 0
1 231.5 434.1 405.2 173.7 28.94 43.41 72.35 14.47 14.47 14.47 0 0 14.47 0 0 0 0 0 0 0
1 98.08 87.18 228.9 305.1 76.29 141.7 32.69 54.49 10.9 10.9 10.9 0 0 0 21.8 0 10.9 0 0 0
1 850 26.98 80.95 53.97 161.9 26.98 26.98 40.48 0 40.48 0 0 13.49 13.49 13.49 0 0 0 0 0
1 327.2 611.8 56.91 42.68 113.8 142.3 0 28.45 28.45 0 42.68 0 28.45 0 0 0 0 0 0 0
1 988.8 253.5 735.3 50.71 76.06 101.4 202.8 76.06 25.35 25.35 0 0 0 0 0 0 0 0 0 0
1 845 303.3 238.3 346.7 43.33 21.67 130 86.67 43.33 21.67 0 0 21.67 43.33 0 0 0 0 21.67 0
1 641.7 513.4 427.8 128.3 235.3 42.78 42.78 42.78 0 0 42.78 0 21.39 0 0 0 0 0 0 0
1 1116 504.9 425.2 239.2 106.3 106.3 53.15 26.57 0 53.15 26.57 0 0 0 0 0 0 0 0 0
1 535.2 455.9 475.8 218.1 138.8 19.82 118.9 0 0 0 19.82 0 0 0 0 0 0 0 0 0
1 400.1 600.1 444.5 244.5 200 66.68 66.68 111.1 44.45 0 22.23 0 0 22.23 0 0 0 0 0 0
1 498.5 221.5 295.4 313.8 110.8 184.6 92.31 55.38 55.38 18.46 0 0 0 0 0 0 0 0 0 0
1 354.9 301.7 177.5 319.4 266.2 159.7 88.73 35.49 17.75 17.75 0 0 0 35.49 0 0 0 0 0 0
1 462.6 112.1 280.4 98.13 112.1 140.2 56.07 70.09 28.04 14.02 14.02 0 0 0 14.02 0 0 0 0 0
1 297.9 312.1 99.31 241.2 70.94 113.5 70.94 42.56 56.75 42.56 42.56 14.19 0 0 14.19 0 0 0 0 0
1 316.5 135.7 260 56.53 79.14 45.22 56.53 79.14 33.92 22.61 22.61 22.61 0 0 0 0 0 0 0 0
1 447.6 145.5 100.7 89.52 78.33 44.76 44.76 55.95 22.38 0 11.19 44.76 22.38 11.19 0 0 0 0 0 0
1 197.6 421.6 237.1 39.52 92.22 79.05 52.7 26.35 52.7 52.7 13.17 26.35 0 26.35 0 0 0 0 0 0
1 466 155.3 233 155.3 51.78 64.72 12.94 25.89 0 12.94 25.89 25.89 12.94 12.94 0 25.89 12.94 0 0 0
1 252.2 195.2 16.27 162.7 56.94 16.27 65.08 8.134 8.134 8.134 0 16.27 0 0 8.134 0 0 0 0 0
1 683.8 167.2 212.7 45.59 167.2 91.18 45.59 15.2 0 15.2 15.2 0 45.59 15.2 0 0 0 0 0 0
1 1335 819.1 303.4 394.4 30.34 91.01 0 30.34 0 0 0 0 0 0 0 0 0 0 0 30.34
1 356.3 712.6 440.2 251.5 209.6 0 83.84 20.96 0 0 0 0 20.96 0 0 0 0 0 0 0
1 1116 194.1 558 242.6 48.52 48.52 48.52 72.78 0 24.26 24.26 0 24.26 0 24.26 0 0 0 0 0
1 464.8 813.5 139.5 418.4 209.2 46.48 69.73 23.24 92.97 0 0 0 0 0 23.24 23.24 0 0 0 0
1 1692 402.8 684.7 120.8 563.9 322.2 120.8 0 40.28 40.28 0 0 0 0 40.28 0 0 0 0 0
1 207.2 602.6 301.3 263.7 94.16 263.7 56.5 56.5 18.83 18.83 0 0 0 0 0 0 0 0 0 0
1 556.7 269.4 395.1 71.83 143.7 17.96 161.6 53.87 0 35.91 0 53.87 0 0 0 0 17.96 0 0 17.96
1 335.6 218.9 218.9 379.4 43.78 72.96 14.59 72.96 72.96 29.18 0 0 0 0 0 0 0 0 0 0
1 512.4 142.3 156.6 99.64 170.8 42.7 85.4 28.47 99.64 42.7 14.23 28.47 0 0 0 0 0 0 0 0
1 550 275 55 110 96.25 123.7 82.5 27.5 0 27.5 13.75 0 13.75 0 0 0 0 0 0 0
1 808.3 780.4 418.1 55.74 278.7 27.87 111.5 55.74 55.74 0 139.4 27.87 0 27.87 0 0 0 0 0 0
1 382.4 382.4 199.5 232.8 66.5 99.75 99.75 33.25 16.63 83.13 0 33.25 0 16.63 16.63 0 0 0 0 0
1 468.8 219.8 146.5 161.2 161.2 87.91 14.65 29.3 14.65 29.3 58.6 0 43.95 14.65 0 14.65 0 0 0 0
1 435.7 300.5 210.3 240.4 150.2 75.12 0 15.02 15.02 15.02 15.02 0 15.02 0 0 0 0 0 15.02 0
1 374 413.4 334.6 196.8 137.8 98.42 118.1 59.05 59.05 39.37 59.05 0 39.37 0 39.37 0 0 0 0 0
1 519.9 196.7 182.7 154.6 98.36 98.36 42.15 56.21 14.05 14.05 0 14.05 0 0 0 14.05 0 0 0 0
1 266.8 330.4 152.5 114.4 152.5 38.12 63.53 63.53 50.82 0 12.71 0 12.71 12.71 0 0 0 0 0 0
1 699.9 266.6 216.6 99.99 83.33 99.99 33.33 50 33.33 50 16.67 0 0 0 0 0 0 0 16.67 0
1 782.8 662.4 180.7 60.22 80.29 60.22 40.14 20.07 40.14 20.07 0 0 20.07 40.14 0 0 0 0 0 0
1 471.6 471.6 228.2 45.64 30.43 91.28 45.64 30.43 45.64 15.21 30.43 0 0 0 0 0 0 0 15.21 0
1 213.3 256 224 149.3 64 21.33 42.66 42.66 32 10.67 0 10.67 0 0 0 0 0 0 0 0
1 132.1 85.45 202 178.7 85.45 31.07 31.07 7.769 7.769 15.54 0 0 0 0 0 0 0 0 0 0
1 83.14 128.5 128.5 143.6 120.9 37.79 30.23 30.23 7.558 7.558 7.558 0 0 7.558 7.558 0 0 7.558 0 7.558
1 539.8 125.5 125.5 87.88 125.5 100.4 75.32 0 25.11 0 12.55 12.55 0 25.11 0 0 0 0 0 0
1 2063 339.1 169.5 56.51 0 56.51 84.77 28.26 28.26 0 0 0 0 0 0 0 0 0 0 0
1 260 1220 339.9 20 59.99 20 0 20 39.99 0 0 0 0 0 0 0 20 0 0 0
1 1006 245.3 882.9 171.7 0 24.53 0 49.05 0 24.53 0 24.53 0 0 24.53 0 0 0 0 0
1 1145 612.5 106.5 426.1 133.1 26.63 26.63 26.63 79.89 0 53.26 0 0 0 0 0 0 0 0 26.63
1 200.2 961 400.4 140.1 240.2 40.04 0 0 0 0 0 0 0 0 0 0 0 20.02 0 0
1 148.7 94.63 554.2 256.8 27.04 175.7 27.04 13.52 0 13.52 13.52 13.52 0 0 13.52 0 0 0 0 0
1 224.9 209.9 105 509.9 195 44.99 120 59.99 0 15 0 0 15 0 0 0 0 0 0 0
1 288.7 76.43 59.44 59.44 212.3 93.41 8.492 42.46 0 0 8.492 0 0 0 0 0 0 0 0 0
1 796.2 351.8 92.59 74.07 111.1 222.2 37.03 37.03 55.55 18.52 0 0 0 18.52 37.03 0 0 0 0 0
1 373.8 386.2 211.8 0 24.92 12.46 149.5 37.38 0 37.38 12.46 0 0 0 0 0 0 0 0 0
1 625.5 281.5 265.8 140.7 31.28 31.28 15.64 78.19 62.55 0 31.28 0 0 0 0 0 0 0 0 0
1 429.6 413.1 198.3 280.9 165.2 33.05 33.05 49.57 49.57 0 0 0 0 0 0 0 0 0 0 0
1 212.2 192.9 212.2 106.1 135 28.93 9.645 28.93 9.645 19.29 0 0 9.645 0 0 0 0 0 0 0
1 1575 75.01 375.1 100 100 100 100 50.01 25 0 0 0 0 0 0 0 0 0 0 0
1 250.5 1085 104.4 146.1 229.6 41.75 146.1 0 20.87 0 0 20.87 20.87 0 20.87 0 0 0 0 0
1 582.2 58.22 524 131 29.11 43.66 0 43.66 29.11 0 0 0 14.55 0 0 0 0 0 0 0
1 71.78 442.7 107.7 311.1 83.75 47.86 23.93 35.89 0 35.89 0 0 11.96 11.96 0 0 11.96 0 0 0
1 210 136.5 283.5 31.5 231 21 42 21 21 31.5 21 0 0 0 0 0 0 0 0 0
1 901.2 180.2 32.77 196.6 65.54 98.31 81.93 0 32.77 16.39 0 0 16.39 0 0 16.39 0 0 0 0
1 411.4 707.6 115.2 32.91 131.6 16.46 131.6 0 16.46 65.82 0 16.46 0 0 0 0 0 0 0 0
1 392.9 177.4 443.5 50.69 0 63.36 12.67 50.69 12.67 25.35 0 0 25.35 0 0 0 0 0 12.67 0
1 640.7 373.8 195.8 284.8 106.8 17.8 53.39 0 71.19 0 0 0 17.8 17.8 0 0 0 0 0 0
1 943.4 407.4 278.7 107.2 257.3 21.44 21.44 21.44 0 42.88 0 42.88 0 0 0 0 0 0 0 0
1 194 300.7 223.1 67.9 96.99 9.699 29.1 0 9.699 0 29.1 9.699 0 0 0 0 0 0 0 0
1 220.8 115.2 230.4 144 76.8 48 76.8 9.6 9.6 9.6 9.6 9.6 0 0 0 0 0 0 0 0
1 572.6 202.1 218.9 252.6 202.1 84.2 33.68 84.2 0 0 0 0 33.68 0 0 0 0 0 0 0
1 335 235.7 161.3 136.5 210.9 99.26 12.41 24.82 12.41 12.41 0 0 0 0 0 0 0 0 0 0
1 262.5 207.8 185.9 54.69 131.3 131.3 32.81 32.81 21.88 32.81 0 0 0 0 0 0 0 0 0 0
1 282.7 226.1 160.2 113.1 28.27 47.11 37.69 18.84 18.84 0 0 9.422 0 0 0 0 0 0 0 0
1 463.9 169.7 158.4 147.1 33.95 33.95 11.32 45.26 22.63 11.32 0 22.63 0 0 0 0 11.32 0 0 0
1 360.6 161.3 170.8 142.4 18.98 28.47 18.98 0 0 18.98 18.98 0 0 0 0 0 0 0 0 9.49
1 228.8 228.8 294.2 76.28 141.7 43.59 10.9 21.8 10.9 10.9 10.9 0 10.9 0 0 0 0 0 0 0
1 377.6 112.3 163.3 173.5 61.24 71.44 40.82 0 0 0 20.41 0 0 0 0 0 0 0 0 0
1 645.2 288.3 82.37 82.37 109.8 82.37 41.19 27.46 0 0 13.73 0 0 0 0 0 0 0 0 0
1 507.5 370.3 192 109.7 96.01 41.15 13.72 13.72 13.72 0 0 0 13.72 0 0 0 0 0 0 0
1 708 428.5 409.9 204.9 0 18.63 55.89 18.63 18.63 0 0 0 0 0 0 0 0 0 0 0
1 72.92 427.1 218.8 104.2 52.09 0 20.83 62.5 20.83 10.42 0 31.25 0 0 0 10.42 0 10.42 0 0
1 532.8 56.08 280.4 238.4 70.1 126.2 14.02 0 70.1 14.02 0 0 0 0 0 0 0 0 0 0
1 483.3 314.1 48.33 169.1 96.65 72.49 12.08 0 0 12.08 0 0 0 0 0 0 0 0 0 0
1 827.1 496.3 165.4 36.76 147 18.38 36.76 55.14 0 0 0 18.38 36.76 0 0 0 0 0 0 0
1 188.4 623 275.3 101.4 14.49 130.4 72.45 14.49 14.49 0 0 0 0 0 14.49 0 0 0 0 0
1 836.8 38.92 486.5 253 38.92 0 77.84 77.84 38.92 38.92 0 19.46 38.92 0 0 0 0 0 0 0
1 335.3 466.4 58.31 262.4 116.6 43.73 14.58 58.31 14.58 29.15 14.58 0 0 29.15 0 14.58 0 0 0 0
1 437.7 109.4 262.6 32.83 76.6 54.72 65.66 10.94 21.89 10.94 0 10.94 0 0 0 0 0 0 0 0
1 380.7 293.6 87.01 141.4 10.88 97.88 10.88 32.63 0 10.88 0 21.75 0 0 0 0 0 0 0 0
1 336.9 350.9 336.9 112.3 154.4 28.07 28.07 28.07 14.04 0 14.04 0 0 0 0 0 0 0 0 0
1 756.7 202.7 67.57 94.59 54.05 108.1 0 13.51 27.03 27.03 0 0 0 0 0 0 0 0 0 0
1 228.3 556.6 214.1 185.5 71.35 57.08 57.08 14.27 14.27 14.27 0 0 0 0 0 0 14.27 0 0 0
1 661.9 294.2 386.1 128.7 202.2 91.93 18.39 18.39 18.39 18.39 0 0 0 0 0 0 0 0 0 0
1 360.6 409.8 213.1 327.8 98.34 65.56 81.95 0 32.78 16.39 16.39 0 0 16.39 0 0 0 0 0 0
1 307.7 184.6 123.1 41.03 184.6 41.03 51.28 20.51 0 30.77 20.51 20.51 0 0 0 0 0 0 0 0
1 97.07 186.7 156.8 112 7.467 119.5 7.467 22.4 7.467 7.467 0 0 14.93 0 7.467 0 0 0 0 0
