 landings-at-age - landings.n (units : NA )
1	2	
42	100	
1	20	
1 
0.001544 0.05977 0.246 0.06093 0.05313 0.02793 0.08579 0.02133 0.01746 0.07285 0.006035 0.008358 0.005293 0.004311 0.002577 0.002313 0.001365 0.002982 0.001012 0.001745
0.001904 0.01733 0.1677 0.2052 0.04272 0.03725 0.01959 0.06015 0.01496 0.01224 0.05108 0.004232 0.00586 0.003711 0.003023 0.001807 0.001622 0.0009574 0.002091 0.001933
0.08156 0.3359 0.7609 2.185 2.248 0.468 0.4081 0.2146 0.659 0.1639 0.1342 0.5596 0.04636 0.0642 0.04066 0.03311 0.01979 0.01777 0.01049 0.04408
0.1963 1.768 1.801 1.204 2.904 2.986 0.6218 0.5422 0.2851 0.8756 0.2177 0.1782 0.7435 0.0616 0.0853 0.05402 0.044 0.0263 0.02361 0.07251
0.104 3.255 7.209 2.154 1.208 2.912 2.996 0.6237 0.5439 0.286 0.8783 0.2184 0.1788 0.7458 0.06179 0.08556 0.05419 0.04413 0.02638 0.09641
0.4752 1.539 11.78 7.602 1.903 1.067 2.573 2.646 0.551 0.4805 0.2526 0.7759 0.1929 0.1579 0.6588 0.05458 0.07559 0.04787 0.03899 0.1085
0.3345 6.597 5.191 11.51 6.218 1.556 0.8725 2.104 2.164 0.4507 0.393 0.2066 0.6346 0.1578 0.1292 0.5388 0.04464 0.06182 0.03915 0.1206
0.2799 4.455 21.23 4.812 8.917 4.816 1.205 0.6758 1.63 1.676 0.3491 0.3044 0.16 0.4915 0.1222 0.1001 0.4174 0.03458 0.04788 0.1237
0.4486 3.622 13.85 18.89 3.573 6.621 3.576 0.8951 0.5018 1.21 1.245 0.2592 0.226 0.1188 0.365 0.09075 0.07429 0.3099 0.02567 0.1274
0.4482 5.679 10.95 11.91 13.55 2.562 4.747 2.564 0.6418 0.3598 0.8678 0.8925 0.1858 0.1621 0.08521 0.2617 0.06507 0.05327 0.2222 0.1098
1.099 5.579 16.78 9.151 8.287 9.424 1.782 3.303 1.784 0.4465 0.2503 0.6037 0.6209 0.1293 0.1127 0.05928 0.1821 0.04527 0.03706 0.231
2.029 13.49 16.16 13.67 6.197 5.612 6.382 1.207 2.237 1.208 0.3024 0.1695 0.4088 0.4205 0.08756 0.07635 0.04014 0.1233 0.03066 0.1815
1.451 24.62 38.41 12.86 9.032 4.095 3.708 4.216 0.7974 1.478 0.7981 0.1998 0.112 0.2701 0.2778 0.05785 0.05044 0.02652 0.08146 0.1402
0.4058 17.44 69.05 29.92 8.307 5.832 2.644 2.394 2.723 0.5149 0.9542 0.5154 0.129 0.07232 0.1744 0.1794 0.03736 0.03257 0.01713 0.1431
1.316 4.836 48.21 52.7 18.9 5.25 3.686 1.671 1.513 1.721 0.3254 0.603 0.3257 0.08152 0.0457 0.1102 0.1134 0.02361 0.02058 0.1013
0.7838 15.56 13.2 36.09 32.62 11.7 3.25 2.282 1.034 0.9367 1.065 0.2015 0.3733 0.2016 0.05047 0.02829 0.06824 0.07019 0.01461 0.07544
1.316 9.21 41.94 9.697 21.91 19.8 7.103 1.973 1.385 0.6278 0.5685 0.6465 0.1223 0.2266 0.1224 0.03063 0.01717 0.04142 0.0426 0.05466
3.68 15.37 24.53 30.27 5.774 13.04 11.79 4.23 1.175 0.8246 0.3738 0.3385 0.385 0.0728 0.1349 0.07287 0.01824 0.01022 0.02466 0.05791
0.8064 42.75 40.49 17.41 17.69 3.375 7.623 6.891 2.472 0.6865 0.482 0.2185 0.1979 0.225 0.04255 0.07885 0.04259 0.01066 0.005976 0.04826
1.201 9.321 111.4 28.25 9.99 10.16 1.937 4.375 3.955 1.419 0.394 0.2766 0.1254 0.1136 0.1291 0.02442 0.04526 0.02445 0.006118 0.03113
1.545 13.82 24.04 76.47 15.93 5.633 5.726 1.092 2.467 2.23 0.8 0.2222 0.156 0.07071 0.06403 0.07281 0.01377 0.02552 0.01378 0.021
0.9031 16.84 33.73 15.53 40.52 8.44 2.985 3.034 0.5788 1.307 1.182 0.424 0.1177 0.08266 0.03747 0.03393 0.03859 0.007298 0.01352 0.01843
0.8829 9.846 41.09 21.79 8.229 21.47 4.473 1.582 1.608 0.3067 0.6928 0.6263 0.2247 0.06239 0.0438 0.01986 0.01798 0.02045 0.003867 0.01694
1.407 9.625 24.02 26.54 11.55 4.361 11.38 2.37 0.8383 0.8522 0.1625 0.3672 0.3319 0.1191 0.03306 0.02321 0.01052 0.009529 0.01084 0.01102
1.721 15.34 23.49 15.52 14.07 6.119 2.311 6.031 1.256 0.4443 0.4516 0.08613 0.1946 0.1759 0.0631 0.01752 0.0123 0.005577 0.00505 0.01159
2.38 18.76 37.43 15.17 8.223 7.454 3.243 1.225 3.196 0.6657 0.2354 0.2393 0.04565 0.1031 0.0932 0.03344 0.009285 0.006519 0.002955 0.008816
1.213 25.95 45.77 24.18 8.039 4.358 3.95 1.718 0.649 1.694 0.3528 0.1248 0.1268 0.02419 0.05464 0.04939 0.01772 0.004921 0.003455 0.006238
0.196 13.22 63.31 29.57 12.81 4.26 2.309 2.093 0.9106 0.344 0.8975 0.1869 0.06612 0.06721 0.01282 0.02896 0.02618 0.00939 0.002608 0.005137
1.094 2.137 32.26 40.89 15.67 6.791 2.258 1.224 1.109 0.4826 0.1823 0.4756 0.09907 0.03504 0.03562 0.006793 0.01535 0.01387 0.004976 0.004104
2.703 11.93 5.213 20.84 21.67 8.303 3.599 1.196 0.6485 0.5879 0.2557 0.0966 0.2521 0.0525 0.01857 0.01888 0.0036 0.008132 0.007351 0.004812
0.4498 29.47 29.11 3.367 11.04 11.48 4.4 1.907 0.634 0.3437 0.3116 0.1355 0.05119 0.1336 0.02782 0.00984 0.01 0.001908 0.00431 0.006446
1.192 4.904 71.91 18.8 1.784 5.852 6.086 2.332 1.011 0.336 0.1821 0.1651 0.07182 0.02713 0.07079 0.01474 0.005215 0.005301 0.001011 0.0057
0.3781 12.99 11.97 46.45 9.963 0.9456 3.101 3.225 1.236 0.5356 0.1781 0.09652 0.08749 0.03806 0.01438 0.03751 0.007813 0.002763 0.002809 0.003556
2.659 4.122 31.7 7.728 24.62 5.28 0.5011 1.643 1.709 0.6549 0.2838 0.09436 0.05115 0.04637 0.02017 0.007618 0.01988 0.004141 0.001464 0.003373
0.9673 28.99 10.06 20.47 4.096 13.04 2.798 0.2656 0.8709 0.9058 0.347 0.1504 0.05 0.02711 0.02457 0.01069 0.004037 0.01054 0.002194 0.002564
3.782 10.55 70.73 6.496 10.85 2.17 6.913 1.483 0.1407 0.4615 0.48 0.1839 0.0797 0.0265 0.01436 0.01302 0.005664 0.00214 0.005583 0.002522
0.8084 41.23 25.73 45.69 3.443 5.75 1.15 3.663 0.7858 0.07458 0.2446 0.2544 0.09746 0.04224 0.01404 0.007612 0.006901 0.003002 0.001134 0.004295
1.098 8.813 100.6 16.62 24.21 1.824 3.047 0.6095 1.941 0.4164 0.03952 0.1296 0.1348 0.05165 0.02238 0.007442 0.004034 0.003657 0.001591 0.002877
2.089 11.97 21.5 64.98 8.807 12.83 0.9668 1.615 0.323 1.029 0.2207 0.02094 0.06869 0.07144 0.02737 0.01186 0.003944 0.002138 0.001938 0.002368
1.047 22.77 29.21 13.89 34.43 4.667 6.799 0.5123 0.8557 0.1712 0.5452 0.1169 0.0111 0.0364 0.03786 0.0145 0.006286 0.00209 0.001133 0.002282
0.8996 11.15 54.34 18.46 7.203 17.86 2.42 3.526 0.2657 0.4438 0.08877 0.2827 0.06064 0.005756 0.01888 0.01963 0.007522 0.00326 0.001084 0.001771
2.569 9.575 26.68 34.54 9.633 3.759 9.318 1.263 1.84 0.1386 0.2316 0.04632 0.1475 0.03165 0.003004 0.009851 0.01024 0.003925 0.001701 0.00149
1.531 27.34 22.98 17.05 18.14 5.058 1.974 4.893 0.6632 0.9661 0.0728 0.1216 0.02432 0.07747 0.01662 0.001577 0.005172 0.005379 0.002061 0.001675
1.359 16.3 65.78 14.77 9.009 9.582 2.672 1.043 2.585 0.3504 0.5104 0.03846 0.06424 0.01285 0.04093 0.008779 0.0008333 0.002733 0.002842 0.001974
1.297 14.46 39.32 42.52 7.85 4.789 5.094 1.421 0.5543 1.374 0.1863 0.2713 0.02045 0.03415 0.006831 0.02176 0.004667 0.0004429 0.001453 0.00256
1.224 13.8 34.98 25.55 22.74 4.199 2.561 2.724 0.7598 0.2964 0.7349 0.09961 0.1451 0.01094 0.01826 0.003654 0.01164 0.002496 0.0002369 0.002146
1.817 13.03 33.47 22.85 13.75 12.24 2.259 1.378 1.466 0.4088 0.1595 0.3954 0.0536 0.07809 0.005884 0.009827 0.001966 0.006261 0.001343 0.001282
0.6234 19.33 31.68 21.99 12.37 7.443 6.623 1.223 0.7461 0.7935 0.2213 0.08634 0.2141 0.02901 0.04227 0.003185 0.00532 0.001064 0.003389 0.001421
1.779 6.632 47.12 20.92 11.97 6.737 4.053 3.607 0.6659 0.4063 0.4321 0.1205 0.04702 0.1166 0.0158 0.02302 0.001734 0.002897 0.0005795 0.00262
0.4737 18.93 16.2 31.28 11.46 6.558 3.69 2.22 1.976 0.3648 0.2225 0.2367 0.06601 0.02575 0.06385 0.008654 0.01261 0.00095 0.001587 0.001752
2.543 5.036 46.35 10.81 17.24 6.315 3.613 2.033 1.223 1.088 0.201 0.1226 0.1304 0.03637 0.01419 0.03518 0.004768 0.006946 0.0005234 0.00184
0.6176 27.03 12.36 31.09 5.992 9.551 3.499 2.002 1.127 0.6778 0.6031 0.1114 0.06794 0.07226 0.02015 0.007863 0.01949 0.002642 0.003849 0.001309
3.375 6.561 66.48 8.335 17.33 3.339 5.323 1.95 1.116 0.6279 0.3777 0.3361 0.06206 0.03786 0.04027 0.01123 0.004382 0.01086 0.001472 0.002875
1.425 35.84 16.17 45.05 4.671 9.71 1.871 2.983 1.093 0.6253 0.3519 0.2117 0.1884 0.03478 0.02122 0.02257 0.006294 0.002456 0.006088 0.002436
0.9785 15.12 88.52 11.01 25.38 2.632 5.471 1.055 1.681 0.6158 0.3524 0.1983 0.1193 0.1061 0.0196 0.01196 0.01272 0.003546 0.001384 0.004803
0.3915 10.37 37.42 60.56 6.239 14.38 1.491 3.1 0.5974 0.9522 0.3489 0.1996 0.1123 0.06757 0.06013 0.0111 0.006774 0.007204 0.002009 0.003505
0.5404 4.147 25.72 25.72 34.49 3.553 8.19 0.8492 1.765 0.3402 0.5423 0.1987 0.1137 0.06397 0.03848 0.03425 0.006323 0.003858 0.004103 0.003141
2.601 5.719 10.3 17.76 14.72 19.74 2.034 4.688 0.4861 1.011 0.1948 0.3104 0.1137 0.06508 0.03662 0.02203 0.0196 0.00362 0.002208 0.004147
0.7769 27.49 14.23 7.142 10.22 8.469 11.36 1.17 2.697 0.2797 0.5814 0.1121 0.1786 0.06543 0.03744 0.02107 0.01267 0.01128 0.002082 0.003656
