Originally  
101 
A 
42	100	
1	1	NA	NA	
1	20	
1 0 0.3393 0.7585 0.2395 0.07984 0.01996 0.1796 0.03992 0.01996 0.1796 0.03992 0.01996 0.01996 0.01996 0 0 0 0 0 0.03992
1 0 0.1405 0.7259 0.6557 0.1171 0.1405 0.02342 0.1873 0 0.02342 0.1873 0 0.04683 0 0 0.02342 0.02342 0 0.04683 0
1 0.05993 0.05993 0.1998 0.5993 0.5594 0.1199 0.09989 0.01998 0.07991 0.05993 0.01998 0.07991 0 0 0.01998 0 0 0 0 0.01998
1 0.03389 0.4067 0.1017 0.1017 0.305 0.3558 0.1017 0.03389 0.01694 0.1017 0.03389 0.01694 0.05083 0.01694 0 0.01694 0 0 0 0
1 0.01934 0.3094 0.6189 0.1354 0.05802 0.1934 0.1741 0.05802 0.03868 0.0967 0.116 0.03868 0.01934 0.03868 0 0 0 0 0 0.01934
1 0.07579 0.09474 0.739 0.4737 0.09474 0.01895 0.1326 0.1137 0 0.0379 0 0.07579 0 0 0.01895 0 0 0 0.01895 0
1 0.03201 0.3521 0.1921 0.5122 0.1921 0.01601 0.01601 0.01601 0.08003 0.01601 0.01601 0.03201 0.03201 0.01601 0.01601 0.04802 0.01601 0 0 0
1 0 0.2628 0.6801 0.1237 0.1855 0.04637 0 0 0.1082 0.1082 0.03092 0 0 0 0 0 0 0 0 0
1 0.07326 0.1648 0.4396 0.5861 0.1648 0.1465 0.1099 0.07326 0.01832 0.01832 0 0 0.01832 0 0 0 0 0.01832 0 0
1 0 0.3235 0.3805 0.4567 0.3615 0.05708 0.1522 0.01903 0.03805 0.01903 0.05708 0.01903 0 0 0 0 0 0 0.01903 0
1 0.04336 0.2168 0.3902 0.2312 0.1879 0.2168 0.01445 0.04336 0.05781 0 0 0.0289 0.01445 0 0 0 0 0 0 0
1 0.1406 0.2812 0.3656 0.2953 0.08437 0.05625 0.07031 0.01406 0.02812 0.04219 0 0 0.01406 0.01406 0 0 0 0 0 0
1 0.01661 0.4651 0.6313 0.1993 0.1329 0.1163 0.03322 0.04984 0 0.01661 0 0 0 0 0 0 0 0 0 0
1 0.04863 0.3648 1.24 0.462 0.1702 0 0.02432 0.02432 0.07295 0.02432 0 0 0 0 0 0 0 0 0 0
1 0.0744 0.09919 0.8679 1.042 0.2232 0.0248 0.0248 0.0496 0 0.0248 0.0248 0 0 0 0 0 0 0 0.0248 0
1 0.01695 0.2882 0.1865 0.5425 0.4238 0.1187 0.06781 0.01695 0 0.01695 0.01695 0 0 0 0 0 0 0 0 0
1 0.04143 0.2486 0.7665 0.145 0.3315 0.3936 0.08286 0.02072 0 0.02072 0.02072 0 0 0 0 0 0 0 0 0
1 0.2126 0.1822 0.41 0.1974 0.1519 0.167 0.1367 0.03037 0.01519 0 0 0 0.01519 0 0 0 0 0 0 0
1 0.01989 0.6166 0.6166 0.1989 0.2984 0.03978 0.01989 0.09946 0.05967 0 0 0 0 0.01989 0 0 0 0 0 0
1 0 0.2849 1.624 0.4274 0.1425 0.171 0.114 0.05698 0 0 0 0.02849 0 0 0 0 0 0 0 0
1 0.04748 0.1583 0.3166 0.7439 0.1108 0.09497 0.04748 0 0.01583 0.04748 0 0 0 0 0 0 0 0 0 0
1 0 0.1659 0.3097 0.07742 0.376 0.06636 0.02212 0.04424 0 0.03318 0.01106 0 0 0 0 0 0 0 0 0
1 0.04039 0.1212 0.4174 0.2693 0.1212 0.2558 0.04039 0.04039 0.01346 0.01346 0.01346 0 0 0 0 0 0 0 0 0
1 0.05869 0.1409 0.2582 0.3521 0.1291 0.03521 0.1761 0.01174 0 0 0 0.01174 0 0 0 0 0 0 0 0
1 0.03539 0.1557 0.1416 0.09909 0.09909 0.03539 0.04954 0.07786 0.007078 0.007078 0 0 0 0 0 0 0 0 0 0
1 0.08578 0.3431 0.3922 0.1348 0.06127 0.08578 0.06127 0.01225 0.01225 0.01225 0.02451 0 0 0 0 0 0 0 0 0
1 0.01458 0.4375 0.3937 0.3208 0.05833 0.1021 0.07291 0.02916 0 0.02916 0 0 0 0 0 0 0 0 0 0
1 0 0.205 0.6939 0.2523 0.1577 0.1262 0.06308 0.01577 0.03154 0 0.03154 0 0 0 0 0 0 0 0 0
1 0.03293 0.0439 0.2305 0.5378 0.1207 0.05488 0.02195 0.01098 0.0439 0 0 0 0 0 0 0 0 0 0 0
1 0.05743 0.1395 0.09024 0.1887 0.1969 0.09844 0.03281 0 0.008204 0.008204 0 0 0 0 0 0 0 0 0 0
1 0.01056 0.4859 0.2113 0.03169 0.1268 0.1162 0.03169 0.02113 0.02113 0 0 0 0 0 0 0 0 0 0 0
1 0 0.0699 0.679 0.1098 0 0.05991 0.04993 0.01997 0 0 0 0 0 0 0.009985 0 0 0 0 0
1 0 0.2418 0.1319 0.5165 0.08792 0 0.06594 0.03297 0.01099 0.01099 0 0 0 0 0 0 0 0 0 0
1 0.03521 0.0493 0.2958 0.0493 0.1902 0.03521 0.007043 0.01409 0.007043 0.01409 0 0 0 0 0 0 0 0 0 0.007043
1 0.009865 0.3552 0.1085 0.2664 0.03946 0.1184 0.03946 0.009865 0.009865 0.01973 0.009865 0 0 0 0 0 0 0 0 0
1 0.1506 0.2712 0.8135 0.06026 0.1506 0 0.03013 0.01506 0 0 0.01506 0 0 0 0 0 0 0 0 0
1 0.04885 0.7328 0.2931 0.3745 0.03257 0.06514 0.01628 0.04885 0.01628 0 0 0 0 0 0 0 0 0 0 0
1 0.01068 0.1175 0.6196 0.1602 0.1068 0 0.01068 0.02137 0.02137 0 0 0 0 0 0 0 0 0 0 0
1 0 0.2025 0.2893 0.6943 0.07233 0.1302 0.01447 0.01447 0.01447 0 0 0 0 0.01447 0 0 0 0 0 0
1 0.01643 0.4764 0.3286 0.2464 0.4271 0.06571 0.08214 0 0 0 0 0 0 0 0 0 0 0 0 0
1 0.01275 0.255 0.612 0.1275 0.0765 0.1658 0 0.0255 0 0 0 0 0 0 0 0 0 0 0 0
1 0.1219 0.3134 0.4179 0.4353 0.1393 0.06964 0.1393 0.03482 0.05223 0.01741 0 0 0 0 0 0 0 0 0 0
1 0.07817 0.4039 0.2736 0.1954 0.1824 0.07817 0.02606 0.05211 0 0.01303 0 0 0 0 0 0 0 0 0 0
1 0.01471 0.3237 0.7062 0.1471 0.05885 0.1618 0.01471 0 0.04414 0 0 0 0 0 0 0 0 0 0 0
1 0.03731 0.2612 0.597 0.541 0.1119 0.1493 0.1493 0 0.01866 0 0 0 0 0 0 0 0 0 0 0
1 0.06078 0.3495 0.4407 0.1975 0.3343 0.03039 0.03039 0.04559 0 0 0.03039 0 0 0 0 0 0 0 0 0
1 0.02627 0.1576 0.2277 0.2452 0.1226 0.08756 0.008756 0 0 0 0 0 0 0 0 0 0 0 0 0
1 0.02352 0.1999 0.4468 0.1764 0.1293 0.07055 0.07055 0.02352 0 0.02352 0 0 0.01176 0 0 0 0 0 0 0
1 0.02703 0.06757 0.5676 0.3784 0.1081 0.08109 0.02703 0.06757 0 0 0.01351 0 0 0 0 0 0 0 0 0.01351
1 0 0.4905 0.2373 0.4905 0.1108 0.07912 0.06329 0.06329 0.03165 0 0.01582 0 0 0 0 0 0 0 0 0
1 0.05231 0.05231 0.7062 0.1308 0.1962 0.07847 0.05231 0.02616 0.01308 0 0 0 0 0 0 0 0 0 0 0
1 0.01652 0.6276 0.1817 0.4625 0.08258 0.1817 0.01652 0.06606 0 0 0.01652 0 0 0 0 0 0 0 0 0
1 0.2178 0.04356 1.35 0.1524 0.2178 0.04356 0.1089 0.04356 0 0 0 0 0 0 0 0 0 0 0 0
1 0.07348 0.8818 0.2449 0.8328 0.07348 0.1715 0.02449 0.04899 0.02449 0.02449 0.02449 0.02449 0 0 0 0 0 0 0 0
1 0 0.5252 2.002 0.1969 0.3939 0.06564 0.09847 0 0 0 0 0 0 0 0 0 0 0 0 0
1 0 0.2402 0.6204 0.8206 0.04003 0.2001 0.02001 0.04003 0 0.02001 0 0 0 0 0 0 0 0 0 0
1 0.051 0.08499 0.442 0.391 0.51 0.08499 0.08499 0 0.034 0 0.017 0 0 0 0 0 0 0 0 0
1 0.1813 0.145 0.1994 0.3625 0.3625 0.4532 0.05438 0.01813 0 0.01813 0.01813 0 0 0 0 0 0 0 0 0
1 0.02067 0.5581 0.372 0.04134 0.2687 0.248 0.4134 0.02067 0.08267 0.02067 0.02067 0 0 0 0 0 0 0 0 0
