Originally  
101 
A 
42	100	
1	1	NA	NA	
1	20	
1 0.05537 0.1384 0.2215 0.1292 0.08305 0.03691 0.03691 0.1015 0.009228 0.02768 0.009228 0.01846 0.01846 0.01846 0 0 0.009228 0 0 0.009228
1 0.07365 0.1841 0.4051 0.221 0.1228 0.08593 0 0.03683 0.06138 0.01228 0 0 0.02455 0 0 0 0 0 0 0
1 0.05308 0.1592 0.4777 0.3583 0.1194 0.03981 0.01327 0.02654 0.01327 0.01327 0.01327 0.01327 0 0.01327 0.01327 0 0 0 0 0
1 0.02309 0.3002 0.3232 0.1963 0.1039 0.1039 0.02309 0.01154 0.01154 0.01154 0.02309 0 0 0.01154 0 0 0 0 0 0.01154
1 0.02311 0.131 0.2311 0.2157 0.06933 0.05393 0 0.007704 0.01541 0 0.007704 0.007704 0.007704 0 0 0 0 0 0 0
1 0.009198 0.1656 0.3495 0.2024 0.07359 0.06439 0.0184 0.0184 0.009198 0.009198 0 0 0 0 0 0 0 0 0 0
1 0.068 0.2267 0.3173 0.1473 0.17 0.05667 0.05667 0.068 0 0 0 0.01133 0.01133 0 0 0 0 0 0 0
1 0.05963 0.3727 0.5218 0.2385 0.1342 0.05963 0.04472 0.01491 0 0 0.01491 0.01491 0 0 0 0.01491 0 0 0 0
1 0.03226 0.2742 0.6451 0.3226 0.1613 0.1129 0 0.04838 0.01613 0 0 0 0 0 0 0 0 0 0 0
1 0.08589 0.3579 0.3865 0.4008 0.1288 0.04294 0.01431 0 0 0 0 0 0 0 0 0.01431 0 0 0 0
1 0.05089 0.1654 0.4453 0.229 0.1527 0.1018 0.07634 0.02545 0 0.01272 0 0 0.01272 0 0 0 0 0 0 0
1 0.02983 0.2386 0.5816 0.1939 0.2088 0.1193 0.02983 0.05965 0 0.02983 0 0 0 0 0 0 0 0 0 0
1 0.03227 0.3227 0.4678 0.2904 0.2904 0.08066 0 0.0484 0.03227 0.01613 0.03227 0 0 0 0 0 0 0 0 0
1 0.04493 0.2546 0.5391 0.3894 0.08985 0.0599 0.0599 0.04493 0.01498 0 0 0 0 0 0 0 0 0 0 0
1 0.05465 0.3006 0.3962 0.3143 0.1366 0.09564 0.04099 0.01366 0.01366 0 0 0 0 0 0 0 0 0 0 0
1 0.03169 0.2113 0.3275 0.243 0.09508 0.08452 0.01056 0.03169 0.01056 0.01056 0 0 0 0 0 0 0 0 0 0
1 0.02425 0.2668 0.4245 0.2547 0.1213 0.03638 0.01213 0.03638 0.01213 0.01213 0 0.01213 0 0 0 0 0 0 0 0
1 0.06188 0.3094 0.3713 0.2599 0.06188 0.08664 0.03713 0.03713 0.01238 0 0 0 0 0 0 0 0 0 0 0
1 0.02636 0.1845 0.2372 0.2372 0.07907 0.0615 0.03514 0 0 0 0.01757 0 0 0 0 0 0 0 0 0
1 0.04819 0.3694 0.514 0.257 0.2249 0.08031 0.04819 0.03212 0.03212 0 0 0 0 0 0 0 0 0 0 0
1 0.02279 0.2165 0.4899 0.2621 0.06836 0.05697 0.02279 0 0 0 0 0 0 0 0 0 0 0 0 0
1 0.02636 0.2505 0.4218 0.2373 0.2241 0.09228 0.02636 0.01318 0.01318 0.01318 0 0 0 0 0 0 0 0 0 0
1 0.03932 0.2359 0.3539 0.3539 0.09174 0.09174 0.07864 0.03932 0.02621 0 0 0 0 0 0 0 0 0 0 0
1 0.0257 0.3084 0.4112 0.2056 0.1285 0.1157 0.0257 0.03855 0.01285 0 0 0.01285 0 0 0 0 0 0 0 0
1 0.02598 0.2598 0.3897 0.3118 0.1819 0.06495 0.02598 0.02598 0.01299 0 0 0 0 0 0 0 0 0 0 0
1 0.04797 0.3038 0.5757 0.2878 0.1759 0.1119 0.03198 0.03198 0 0.01599 0.01599 0 0 0 0 0 0 0 0 0
1 0.01197 0.2872 0.3231 0.3111 0.09573 0.04787 0.0718 0.02393 0.01197 0 0.01197 0 0 0 0 0 0 0 0 0
1 0.03131 0.2609 0.3027 0.2296 0.1461 0.03131 0.02087 0.01044 0 0.01044 0 0 0 0 0 0 0 0 0 0
1 0.07558 0.2645 0.3653 0.2645 0.08818 0.08818 0.07558 0.0126 0.02519 0 0 0 0 0 0 0 0 0 0 0
1 0.08014 0.2271 0.4942 0.3206 0.1202 0.05343 0.02671 0.01336 0 0 0 0 0 0 0 0 0 0 0 0
1 0.03956 0.2275 0.3165 0.2275 0.06923 0.04945 0.01978 0.02967 0.00989 0 0 0 0 0 0 0 0 0 0 0
1 0.0703 0.1687 0.5343 0.2109 0.1547 0.1265 0.0703 0.04218 0.01406 0 0.01406 0 0 0 0 0 0 0 0 0
1 0.05166 0.3487 0.3358 0.2712 0.09041 0.1033 0.03875 0.01292 0 0.02583 0 0.01292 0 0 0 0 0 0 0 0
1 0.03396 0.317 0.3962 0.2038 0.07924 0.06792 0.01132 0.02264 0 0 0 0 0 0 0 0 0 0 0 0
1 0.01591 0.2387 0.5888 0.3342 0.2228 0.1432 0.04774 0 0 0 0 0 0 0 0 0 0 0 0 0
1 0.08634 0.1619 0.3885 0.2266 0.1079 0.05396 0.02159 0.02159 0.01079 0 0 0 0 0 0 0 0 0 0 0
1 0.06314 0.2841 0.442 0.3631 0.1894 0.1263 0.04736 0.04736 0 0 0.01579 0 0 0 0 0 0 0 0 0
1 0.06978 0.4361 0.628 0.2617 0.1396 0.1396 0.01744 0.03489 0.01744 0 0 0 0 0 0 0 0 0 0 0
1 0.02561 0.2305 0.4226 0.2689 0.1153 0.1281 0.01281 0.03842 0.01281 0 0.01281 0.01281 0 0 0 0 0 0 0 0
1 0.04018 0.2411 0.6629 0.4821 0.3214 0.1808 0.04018 0.02009 0.02009 0 0 0 0 0 0 0 0 0 0 0
1 0.07835 0.1724 0.6111 0.2821 0.2194 0.09402 0.04701 0.03134 0.03134 0 0 0 0 0 0 0 0 0 0 0
1 0.06239 0.4367 0.6031 0.4991 0.1456 0.1872 0.06239 0.04159 0.0208 0.0208 0 0 0 0 0 0 0 0 0 0
1 0.03737 0.2616 0.3986 0.299 0.1246 0.03737 0.03737 0.01246 0.01246 0.02491 0 0 0 0 0 0 0 0 0 0
1 0.0599 0.1438 0.3354 0.2516 0.1677 0.1438 0.02396 0.03594 0.01198 0.01198 0 0.01198 0 0 0 0 0 0 0 0
1 0.03354 0.2572 0.3802 0.2124 0.1006 0.05591 0.03354 0.03354 0 0 0.01118 0 0 0 0 0 0 0 0 0
1 0.01993 0.1594 0.3487 0.2092 0.08968 0.07971 0.02989 0.04982 0.009964 0 0 0 0 0 0 0 0 0 0 0
1 0.06765 0.1624 0.4736 0.2977 0.1488 0.06765 0.05412 0.05412 0 0.01353 0 0 0.01353 0 0 0 0 0 0 0
1 0.04832 0.3382 0.5315 0.3382 0.1772 0.06442 0.03221 0.03221 0.01611 0.03221 0 0 0 0 0 0 0 0 0 0
1 0.04195 0.2937 0.3776 0.3216 0.1398 0.1119 0.04195 0 0.02797 0.02797 0 0 0 0 0.01398 0 0 0 0 0
1 0.01897 0.1613 0.2561 0.2276 0.1233 0.04743 0.05691 0.009485 0.01897 0.009485 0 0.009485 0 0 0.009485 0 0 0 0 0
1 0.07321 0.2782 0.41 0.3514 0.1611 0.1025 0.02929 0.04393 0 0 0 0 0 0.01464 0 0 0 0 0 0
1 0.01122 0.2469 0.3142 0.1796 0.1459 0.1122 0.03367 0.02244 0.03367 0 0 0.02244 0 0 0 0 0 0 0 0
1 0.03107 0.2071 0.3521 0.1657 0.145 0.07249 0.03107 0.02071 0 0.01036 0 0 0 0 0 0 0 0 0 0
1 0.05521 0.3037 0.5245 0.2347 0.1242 0.06902 0.02761 0.0138 0.0138 0.0138 0 0 0 0 0 0 0 0 0 0
1 0.02473 0.1855 0.3834 0.2844 0.136 0.1113 0.0371 0.04947 0.01237 0 0 0 0 0 0.01237 0 0 0 0 0
1 0.02409 0.3131 0.3854 0.2529 0.04817 0.09635 0.04817 0.03613 0 0 0 0 0 0 0 0 0 0 0 0
1 0.09754 0.4064 0.4227 0.3577 0.1463 0.1138 0.04877 0.01626 0.01626 0 0 0 0 0 0 0 0 0 0 0
1 0.04439 0.3107 0.4439 0.2516 0.222 0.08878 0.07399 0.02959 0 0.0148 0 0 0 0 0 0 0 0 0 0
1 0.09449 0.2677 0.5512 0.315 0.2047 0.1102 0.01575 0.01575 0 0 0 0 0 0 0 0 0 0 0 0
