 landings-at-age - landings.n (units : NA )
1	2	
42	100	
1	20	
1 
0.9577 10.65 25.17 16.03 10.98 7.761 5.52 4.221 2.944 2.02 1.46 0.953 0.561 0.4149 0.2897 0.2124 0.1583 0.1076 0.07509 0.1767
1.091 11.69 29.22 18.5 9.694 6.642 4.693 3.338 2.553 1.78 1.222 0.8831 0.5763 0.3393 0.2509 0.1752 0.1284 0.09571 0.06509 0.1522
1.036 10.77 26.08 17.3 8.987 4.709 3.227 2.28 1.622 1.24 0.8648 0.5936 0.429 0.28 0.1648 0.1219 0.0851 0.06239 0.0465 0.1056
1.051 11.06 26.1 16.93 9.242 4.801 2.516 1.724 1.218 0.8663 0.6625 0.462 0.3171 0.2292 0.1496 0.08805 0.06512 0.04546 0.03333 0.08125
1.113 11.94 28.44 18.01 9.62 5.25 2.728 1.429 0.9792 0.692 0.4921 0.3763 0.2625 0.1801 0.1302 0.08497 0.05002 0.03699 0.02583 0.06509
1.221 12.12 29.42 18.75 9.765 5.216 2.846 1.479 0.7749 0.5309 0.3752 0.2668 0.204 0.1423 0.09767 0.07059 0.04607 0.02712 0.02006 0.04929
1.262 13.9 31.13 20.21 10.59 5.516 2.946 1.608 0.8353 0.4377 0.2999 0.2119 0.1507 0.1153 0.08038 0.05517 0.03987 0.02602 0.01532 0.03917
1.184 12.56 31.36 18.75 9.999 5.241 2.73 1.458 0.7956 0.4133 0.2166 0.1484 0.1049 0.07458 0.05703 0.03978 0.0273 0.01973 0.01288 0.02697
1.319 14.84 35.43 23.76 11.69 6.236 3.268 1.702 0.9092 0.4962 0.2578 0.1351 0.09256 0.0654 0.04652 0.03557 0.02481 0.01703 0.01231 0.02485
1.192 13.77 34.83 22.07 12.15 5.979 3.189 1.671 0.8705 0.4649 0.2537 0.1318 0.06908 0.04733 0.03344 0.02379 0.01819 0.01268 0.008706 0.019
1.168 13.45 34.91 23.52 12.25 6.739 3.317 1.769 0.9272 0.483 0.2579 0.1408 0.07314 0.03832 0.02626 0.01855 0.0132 0.01009 0.007038 0.01537
1.283 12.17 31.56 21.76 12.04 6.267 3.449 1.698 0.9054 0.4745 0.2472 0.132 0.07204 0.03743 0.01961 0.01344 0.009495 0.006753 0.005164 0.01147
1.221 13.54 29.05 20.13 11.41 6.31 3.285 1.808 0.8899 0.4746 0.2488 0.1296 0.0692 0.03777 0.01962 0.01028 0.007044 0.004978 0.00354 0.008719
1.207 13.74 34.43 19.78 11.27 6.389 3.534 1.84 1.013 0.4984 0.2658 0.1393 0.07257 0.03876 0.02115 0.01099 0.005758 0.003945 0.002788 0.006866
1.181 13.49 34.61 23.15 10.93 6.231 3.531 1.953 1.017 0.5597 0.2755 0.1469 0.07701 0.04011 0.02142 0.01169 0.006074 0.003183 0.002181 0.005336
1.15 11.97 30.95 21.18 11.64 5.496 3.133 1.775 0.9822 0.5114 0.2814 0.1385 0.07388 0.03872 0.02017 0.01077 0.005879 0.003054 0.0016 0.00378
1.254 14.15 33.12 22.96 12.93 7.105 3.355 1.912 1.084 0.5995 0.3121 0.1718 0.08455 0.04509 0.02363 0.01231 0.006575 0.003588 0.001864 0.003284
1.185 12.55 31.95 19.85 11.29 6.359 3.495 1.65 0.9406 0.5331 0.2949 0.1535 0.0845 0.04159 0.02218 0.01163 0.006055 0.003234 0.001765 0.002532
1.231 12.78 30.63 20.88 10.67 6.071 3.419 1.879 0.8872 0.5057 0.2866 0.1585 0.08255 0.04543 0.02236 0.01193 0.00625 0.003255 0.001739 0.00231
1.332 14.87 34.69 22.25 12.48 6.378 3.628 2.043 1.123 0.5302 0.3022 0.1713 0.09474 0.04933 0.02715 0.01336 0.007126 0.003735 0.001945 0.00242
1.282 14.41 36.07 22.31 11.74 6.588 3.367 1.915 1.079 0.5927 0.2799 0.1595 0.09041 0.05002 0.02604 0.01433 0.007054 0.003762 0.001972 0.002304
1.368 14.18 35.69 23.71 12.04 6.336 3.554 1.816 1.033 0.5819 0.3198 0.151 0.08607 0.04878 0.02698 0.01405 0.007732 0.003806 0.00203 0.002307
1.24 13.54 31.67 21.16 11.53 5.856 3.082 1.729 0.8836 0.5026 0.283 0.1555 0.07345 0.04187 0.02373 0.01313 0.006834 0.003761 0.001851 0.00211
1.264 13.95 34.4 21.53 11.83 6.45 3.275 1.724 0.967 0.4942 0.2811 0.1583 0.087 0.04108 0.02342 0.01327 0.007341 0.003822 0.002104 0.002215
1.246 13.69 34.1 22.46 11.56 6.351 3.462 1.758 0.9252 0.519 0.2652 0.1509 0.08497 0.04669 0.02205 0.01257 0.007123 0.00394 0.002052 0.002318
1.222 13.76 34.09 22.7 12.29 6.326 3.476 1.895 0.9621 0.5064 0.2841 0.1452 0.08257 0.0465 0.02556 0.01207 0.006879 0.003898 0.002157 0.002392
1.07 12.56 32.02 21.21 11.61 6.287 3.235 1.778 0.9689 0.492 0.259 0.1453 0.07424 0.04223 0.02378 0.01307 0.006172 0.003518 0.001994 0.002326
1.236 13.12 34.65 23.7 12.92 7.073 3.83 1.971 1.083 0.5904 0.2998 0.1578 0.08851 0.04523 0.02573 0.01449 0.007964 0.00376 0.002143 0.002632
1.159 12.77 30.55 21.43 12.03 6.562 3.591 1.945 1.001 0.5499 0.2997 0.1522 0.08011 0.04494 0.02297 0.01306 0.007357 0.004043 0.001909 0.002425
1.088 11.77 29.41 18.81 10.85 6.091 3.321 1.818 0.9843 0.5065 0.2783 0.1517 0.07704 0.04055 0.02275 0.01162 0.006612 0.003724 0.002047 0.002194
1.191 12.76 31.21 20.97 11.04 6.369 3.577 1.95 1.067 0.578 0.2974 0.1634 0.08908 0.04524 0.02381 0.01336 0.006826 0.003882 0.002187 0.00249
1.324 12.87 31.16 20.38 11.26 5.927 3.418 1.919 1.047 0.5728 0.3102 0.1596 0.08771 0.04781 0.02428 0.01278 0.007168 0.003663 0.002084 0.00251
1.449 15.21 33.29 21.54 11.58 6.397 3.369 1.942 1.091 0.5948 0.3255 0.1763 0.09071 0.04985 0.02717 0.0138 0.007262 0.004074 0.002082 0.00261
1.425 15.15 35.88 20.91 11.11 5.975 3.301 1.738 1.002 0.5628 0.3069 0.168 0.09096 0.04681 0.02572 0.01402 0.007119 0.003747 0.002102 0.002421
1.409 14.83 35.75 22.64 10.85 5.766 3.1 1.713 0.9019 0.52 0.292 0.1592 0.08715 0.04719 0.02429 0.01335 0.007274 0.003694 0.001944 0.002347
1.544 15.73 37.52 24.3 12.67 6.072 3.226 1.735 0.9583 0.5046 0.291 0.1634 0.0891 0.04876 0.02641 0.01359 0.007467 0.00407 0.002067 0.002401
1.847 18.43 42.25 26.98 14.38 7.497 3.592 1.909 1.026 0.567 0.2986 0.1722 0.09669 0.05272 0.02885 0.01562 0.00804 0.004418 0.002408 0.002644
1.582 18.47 41.65 25.4 13.32 7.096 3.7 1.773 0.9421 0.5066 0.2798 0.1474 0.08497 0.04772 0.02602 0.01424 0.007711 0.003968 0.002181 0.002493
1.643 18 47.47 28.67 14.39 7.542 4.019 2.096 1.004 0.5336 0.2869 0.1585 0.08346 0.04813 0.02703 0.01474 0.008065 0.004368 0.002248 0.002647
1.744 19.15 47.07 33.1 16.43 8.245 4.322 2.303 1.201 0.5755 0.3058 0.1644 0.09084 0.04784 0.02758 0.01549 0.008446 0.004623 0.002503 0.002805
1.619 17.17 42.57 27.79 16.03 7.961 3.994 2.094 1.116 0.5818 0.2788 0.1482 0.07966 0.04401 0.02317 0.01336 0.007504 0.004092 0.002239 0.002572
1.55 18.3 43.85 29.12 15.64 9.024 4.481 2.248 1.178 0.628 0.3274 0.1569 0.08338 0.04483 0.02477 0.01304 0.00752 0.004223 0.002303 0.002708
1.432 16.64 44.37 28.41 15.51 8.329 4.806 2.386 1.197 0.6276 0.3344 0.1744 0.08357 0.04441 0.02388 0.01319 0.006946 0.004005 0.002249 0.002668
1.611 16.03 42.02 29.98 15.79 8.619 4.629 2.671 1.326 0.6653 0.3488 0.1859 0.09691 0.04644 0.02468 0.01327 0.00733 0.00386 0.002226 0.002733
1.443 16.49 37.17 26.05 15.28 8.044 4.391 2.358 1.361 0.6756 0.339 0.1777 0.09469 0.04937 0.02366 0.01257 0.00676 0.003734 0.001966 0.002526
1.408 16.22 41.99 25.44 14.67 8.605 4.531 2.474 1.328 0.7665 0.3806 0.1909 0.1001 0.05334 0.02781 0.01333 0.007082 0.003808 0.002104 0.002531
1.44 16.32 42.38 29.38 14.65 8.447 4.954 2.609 1.424 0.7647 0.4413 0.2191 0.1099 0.05763 0.03071 0.01601 0.007673 0.004077 0.002192 0.002668
1.305 16.03 40.82 28.23 16.08 8.014 4.622 2.711 1.427 0.7792 0.4185 0.2415 0.1199 0.06015 0.03153 0.0168 0.008762 0.004199 0.002231 0.00266
1.285 14.39 39.68 26.85 15.25 8.686 4.329 2.497 1.464 0.7711 0.4209 0.2261 0.1304 0.06477 0.03249 0.01703 0.009078 0.004733 0.002268 0.002642
1.176 12.55 31.8 23.32 12.96 7.358 4.191 2.089 1.205 0.7066 0.3721 0.2031 0.1091 0.06294 0.03125 0.01568 0.008219 0.00438 0.002284 0.002369
1.296 14.44 34.69 23.56 14.23 7.902 4.488 2.556 1.274 0.7349 0.431 0.2269 0.1239 0.06653 0.03839 0.01906 0.009563 0.005013 0.002671 0.002838
1.285 13.75 34.43 21.96 12.24 7.39 4.105 2.331 1.328 0.6618 0.3817 0.2239 0.1179 0.06435 0.03456 0.01994 0.009901 0.004968 0.002604 0.002862
1.389 14.24 34.23 22.81 11.95 6.66 4.021 2.233 1.268 0.7224 0.3601 0.2077 0.1218 0.06414 0.03501 0.0188 0.01085 0.005387 0.002703 0.002974
1.3 13.98 32.38 20.71 11.33 5.935 3.309 1.998 1.11 0.6302 0.3589 0.1789 0.1032 0.06051 0.03187 0.0174 0.009341 0.00539 0.002676 0.00282
1.283 14.11 34.35 21.34 11.23 6.143 3.218 1.794 1.083 0.6016 0.3417 0.1946 0.09699 0.05594 0.03281 0.01728 0.009431 0.005065 0.002923 0.00298
1.421 14.76 36.63 23.92 12.22 6.433 3.519 1.843 1.028 0.6204 0.3446 0.1957 0.1115 0.05557 0.03205 0.0188 0.009898 0.005403 0.002901 0.003382
1.588 15.96 37.3 24.69 13.25 6.772 3.563 1.95 1.021 0.5693 0.3437 0.1909 0.1084 0.06175 0.03078 0.01775 0.01041 0.005483 0.002993 0.00348
1.52 16.39 37.2 23.15 12.59 6.754 3.453 1.817 0.994 0.5206 0.2902 0.1752 0.09733 0.05528 0.03149 0.01569 0.009052 0.005308 0.002795 0.0033
1.63 18.11 43.88 26.61 13.62 7.406 3.974 2.031 1.069 0.5848 0.3063 0.1708 0.1031 0.05727 0.03252 0.01852 0.009233 0.005326 0.003123 0.003586
