Originally  
101 
A 
42	100	
1	1	NA	NA	
1	20	
1 0.049 0.09799 0.3593 0.343 0.196 0.196 0.1633 0.03266 0.03266 0.03266 0.01633 0 0.01633 0.049 0.03266 0.01633 0 0 0 0
1 0.03845 0.1153 0.4998 0.3268 0.2883 0.2307 0.1538 0.09611 0.07689 0.01922 0.03845 0 0.01922 0 0 0.01922 0 0 0 0
1 0.04263 0.2984 0.405 0.3836 0.341 0.1918 0.08525 0.1279 0.06394 0.02131 0.04263 0.02131 0.04263 0.02131 0 0.02131 0 0 0 0.02131
1 0.05747 0.1293 0.3161 0.3305 0.158 0.1437 0.1006 0.0431 0.02874 0.0431 0.02874 0 0.01437 0.02874 0 0 0.01437 0 0 0
1 0.0366 0.1464 0.4941 0.2196 0.2928 0.1098 0.1098 0.1098 0.0732 0.0915 0.0183 0.0366 0.0549 0 0 0 0 0 0.0183 0.0183
1 0.04776 0.191 0.6208 0.3343 0.4059 0.3343 0.02388 0.1433 0.04776 0.04776 0 0.02388 0 0.04776 0.04776 0.02388 0.02388 0.02388 0 0
1 0.03191 0.2393 0.3351 0.3032 0.1596 0.2074 0.07978 0.06382 0.03191 0.04787 0.03191 0.03191 0 0.01596 0 0 0.01596 0 0 0
1 0.03598 0.1679 0.3238 0.2039 0.1799 0.1679 0.05996 0.03598 0 0 0 0.01199 0.01199 0 0 0 0 0 0 0
1 0.02772 0.2356 0.2772 0.1802 0.2218 0.1525 0.08316 0.0693 0.09702 0.02772 0 0 0 0 0 0.01386 0 0 0 0
1 0.01457 0.2622 0.3934 0.2768 0.1311 0.08742 0.08742 0.102 0.02914 0.02914 0.01457 0.01457 0 0 0.01457 0 0 0 0 0
1 0.04436 0.1885 0.2329 0.2329 0.1331 0.07763 0.06654 0.01109 0.02218 0.03327 0.01109 0.02218 0.01109 0 0.01109 0 0 0.01109 0 0
1 0.06374 0.2444 0.2231 0.1806 0.08499 0.03187 0.06374 0.0425 0.05312 0.03187 0 0.01062 0 0.01062 0 0 0 0.01062 0 0.01062
1 0.03446 0.1264 0.2527 0.2527 0.2068 0.1034 0.06893 0.01149 0.05744 0 0.01149 0 0 0.01149 0.01149 0 0 0 0 0
1 0.02181 0.1527 0.2617 0.229 0.1963 0.06543 0.07634 0.01091 0.03272 0.02181 0 0 0.01091 0 0.01091 0 0 0 0 0
1 0.03201 0.224 0.288 0.1814 0.09602 0.08535 0.08535 0.02134 0.01067 0 0.01067 0.01067 0 0.01067 0 0.01067 0 0 0 0
1 0.04232 0.1904 0.3809 0.1799 0.1164 0.04232 0.04232 0.02116 0.02116 0 0 0.02116 0 0 0 0 0 0 0 0
1 0.04561 0.06841 0.2432 0.1748 0.09121 0.05321 0.0152 0.0152 0.0228 0.007601 0.007601 0.007601 0 0 0 0 0.007601 0 0 0
1 0.04847 0.1454 0.3005 0.1163 0.1648 0.04847 0.08724 0.02908 0.009693 0.009693 0 0 0 0.009693 0 0 0 0 0 0
1 0.05066 0.1621 0.3445 0.1925 0.1013 0.07092 0.02026 0.04053 0.01013 0 0 0.01013 0 0.01013 0 0 0 0 0 0
1 0.0315 0.1785 0.3885 0.1995 0.1365 0.0525 0.0105 0 0.0315 0.0105 0.0105 0 0 0 0 0 0 0 0 0
1 0.04107 0.3149 0.4381 0.2738 0.1232 0.09584 0.05476 0 0.02738 0 0 0 0 0 0 0 0 0 0 0
1 0.02865 0.2101 0.3056 0.2769 0.07639 0.0382 0.0191 0 0 0 0 0 0 0 0 0 0 0 0 0
1 0.01921 0.2594 0.2497 0.2209 0.09606 0.05763 0.01921 0.009606 0.01921 0 0.009606 0 0 0 0 0 0 0 0 0
1 0.03093 0.1315 0.3016 0.1392 0.08507 0.03093 0.01547 0.007734 0.007734 0.0232 0 0 0 0 0 0 0 0 0 0
1 0.03439 0.2293 0.3897 0.2407 0.1376 0.08024 0.01146 0.01146 0 0.01146 0 0 0 0 0 0 0 0 0 0
1 0.0198 0.1122 0.2178 0.1584 0.06599 0.05279 0.006599 0.006599 0.0132 0 0 0 0 0 0 0.006599 0 0 0 0
1 0.02643 0.185 0.3436 0.1321 0.09691 0.06167 0.01762 0.00881 0 0 0.00881 0 0 0 0 0 0 0 0 0
1 0.019 0.19 0.2756 0.1615 0.1615 0.04751 0.03801 0.02851 0.009502 0 0.009502 0 0 0 0.009502 0 0 0 0 0
1 0.07295 0.231 0.3161 0.1945 0.2189 0.1094 0.04863 0 0.01216 0 0 0 0.01216 0 0 0 0 0 0 0
1 0.04215 0.1475 0.2037 0.1475 0.07024 0.007024 0.03512 0.01405 0.007024 0.02107 0.007024 0 0 0 0 0 0 0 0 0
1 0.01452 0.1598 0.2251 0.167 0.08714 0.02905 0.02179 0.007262 0.007262 0 0.007262 0 0 0 0 0 0 0 0 0
1 0.02724 0.1021 0.2315 0.1634 0.09532 0.04085 0.02043 0 0 0 0 0 0 0 0 0 0 0 0 0
1 0.03568 0.1873 0.2943 0.1516 0.1338 0.0446 0.02676 0.01784 0 0 0 0 0 0 0 0 0 0 0 0
1 0.008183 0.1718 0.3355 0.1309 0.06546 0.03273 0.03273 0.01637 0.01637 0 0 0 0.008183 0 0 0 0 0 0 0
1 0.04341 0.1823 0.3473 0.165 0.06078 0.008683 0.02605 0.008683 0.008683 0.01737 0 0 0 0 0 0 0 0 0 0
1 0.02724 0.1226 0.2384 0.1498 0.0681 0.02043 0.01362 0.01362 0.01362 0.01362 0 0 0 0 0 0 0 0 0 0
1 0.005176 0.09835 0.1708 0.1449 0.04141 0.02071 0.01553 0.01553 0 0.005176 0 0 0 0 0 0 0 0 0 0
1 0.05604 0.1441 0.2321 0.1601 0.08806 0.08005 0.008005 0.008005 0.01601 0 0.008005 0 0 0 0 0 0 0 0 0
1 0.00857 0.1457 0.2914 0.18 0.1371 0.05142 0.01714 0.00857 0.01714 0 0 0 0 0 0 0 0 0 0 0
1 0.06067 0.1441 0.2123 0.1972 0.06825 0.03792 0.02275 0.007583 0 0 0 0 0 0.007583 0 0 0 0 0 0
1 0.01978 0.1121 0.2044 0.1582 0.07911 0.02637 0.03296 0.006592 0.01978 0 0 0 0 0 0 0 0 0 0 0
1 0.01408 0.1127 0.2605 0.1901 0.02817 0.05633 0.01408 0.007041 0.007041 0.007041 0.007041 0 0 0 0 0 0 0 0 0
1 0.02469 0.107 0.3786 0.1564 0.09878 0.01646 0.01646 0.02469 0 0 0 0 0 0 0 0 0 0 0 0
1 0.05157 0.1473 0.2505 0.1547 0.05157 0.02947 0.03684 0 0.007367 0.007367 0 0 0 0 0 0 0 0 0 0
1 0.08545 0.2279 0.4557 0.3133 0.1709 0.07121 0.01424 0.05697 0.01424 0 0.01424 0 0 0 0 0 0 0 0 0
1 0.01859 0.1952 0.3346 0.1766 0.09294 0.06506 0.01859 0.01859 0.009294 0 0 0 0 0 0 0 0 0 0 0
1 0.06223 0.2385 0.3215 0.2074 0.1037 0.05186 0.04149 0 0 0.01037 0 0 0 0 0 0 0 0 0 0
1 0.01618 0.1538 0.2913 0.1457 0.06474 0.04855 0.02428 0.008092 0.01618 0.01618 0 0 0.008092 0.008092 0.008092 0 0 0 0 0
1 0.07478 0.2493 0.3988 0.2617 0.08724 0.1246 0.02493 0 0.01246 0 0.01246 0 0 0 0 0 0 0 0 0
1 0.01231 0.2462 0.4801 0.2708 0.1108 0.06155 0.01231 0.01231 0.01231 0 0.01231 0 0 0 0 0 0 0 0 0
1 0.02658 0.2392 0.3855 0.3323 0.1728 0.1196 0.02658 0 0 0 0.01329 0 0.01329 0 0 0 0 0 0 0
1 0.06978 0.1595 0.2691 0.2791 0.1396 0.03987 0.0299 0 0 0 0 0.009968 0 0 0 0 0 0 0 0
1 0.03687 0.2949 0.7373 0.3871 0.2028 0.0553 0.0553 0.0553 0.01843 0 0 0 0 0 0 0 0 0 0 0
1 0.07368 0.2947 0.4863 0.28 0.1621 0.08841 0.01474 0.04421 0 0.01474 0.01474 0 0 0 0 0 0 0 0 0
1 0.04125 0.2613 0.4538 0.3163 0.11 0.055 0.06875 0.055 0.01375 0 0 0 0 0 0 0 0 0 0 0
1 0.09203 0.2761 0.3681 0.3988 0.1227 0.1227 0.09203 0.01534 0.01534 0.01534 0.01534 0 0 0 0 0 0 0 0 0
1 0.02242 0.3811 0.6501 0.7173 0.2018 0.1345 0.1121 0.02242 0 0 0 0 0 0 0 0 0 0 0 0
1 0.05273 0.29 0.2373 0.3559 0.1846 0.06592 0.05273 0.03955 0.01318 0.01318 0 0 0 0 0 0 0 0.01318 0 0
1 0.02749 0.1832 0.2382 0.1924 0.1283 0.09162 0.01832 0.01832 0.009162 0 0.009162 0 0 0 0 0 0 0 0 0
