 landings-at-age - landings.n (units : NA )
1	2	
42	100	
1	20	
1 
0.004179 0.04369 0.1356 0.1163 0.0786 0.05671 0.04271 0.02877 0.02122 0.01436 0.009631 0.006819 0.005002 0.003483 0.002262 0.001533 0.001114 0.0007424 0.0005345 0.001148
0.003951 0.04693 0.1226 0.1131 0.08154 0.05511 0.03976 0.02994 0.02017 0.01488 0.01007 0.006753 0.004781 0.003507 0.002442 0.001586 0.001075 0.0007813 0.0005205 0.00118
0.05938 0.697 2.06 1.597 1.239 0.8933 0.6038 0.4356 0.328 0.221 0.163 0.1103 0.07398 0.05238 0.03842 0.02676 0.01737 0.01177 0.00856 0.01863
0.1156 1.287 3.737 3.259 2.123 1.646 1.187 0.8022 0.5788 0.4359 0.2936 0.2166 0.1465 0.0983 0.0696 0.05105 0.03555 0.02308 0.01564 0.03613
0.1703 1.917 5.249 4.47 3.269 2.129 1.651 1.191 0.8047 0.5805 0.4372 0.2945 0.2172 0.147 0.0986 0.06981 0.05121 0.03566 0.02315 0.05193
0.228 2.52 6.936 5.536 3.948 2.888 1.881 1.459 1.052 0.7108 0.5129 0.3862 0.2602 0.1919 0.1298 0.0871 0.06167 0.04524 0.0315 0.06633
0.3012 3.166 8.501 6.781 4.527 3.229 2.362 1.538 1.193 0.8602 0.5814 0.4195 0.3159 0.2128 0.1569 0.1062 0.07124 0.05044 0.037 0.08001
0.3457 4.013 10.19 7.88 5.252 3.507 2.501 1.829 1.191 0.924 0.6663 0.4503 0.3249 0.2447 0.1648 0.1216 0.08225 0.05518 0.03907 0.09063
0.4065 4.473 12.47 9.065 5.851 3.9 2.604 1.857 1.358 0.8847 0.6861 0.4947 0.3344 0.2412 0.1817 0.1224 0.09026 0.06107 0.04097 0.09631
0.4838 5.146 13.52 10.73 6.5 4.195 2.796 1.867 1.332 0.9739 0.6343 0.492 0.3547 0.2397 0.173 0.1303 0.08776 0.06472 0.04379 0.09843
0.5163 6.021 15.21 11.3 7.464 4.522 2.919 1.945 1.299 0.9265 0.6776 0.4413 0.3423 0.2468 0.1668 0.1203 0.09062 0.06105 0.04503 0.09894
0.6165 6.338 17.45 12.39 7.654 5.055 3.062 1.976 1.317 0.8796 0.6274 0.4588 0.2989 0.2318 0.1671 0.1129 0.08149 0.06137 0.04135 0.09749
0.6502 7.482 18.05 13.88 8.185 5.057 3.34 2.023 1.306 0.8704 0.5812 0.4145 0.3032 0.1975 0.1531 0.1104 0.07463 0.05384 0.04055 0.09173
0.7171 7.814 20.98 14.06 8.966 5.285 3.266 2.157 1.306 0.8433 0.562 0.3753 0.2677 0.1958 0.1275 0.09889 0.0713 0.04819 0.03477 0.08542
0.805 8.545 21.6 16.01 8.883 5.666 3.34 2.064 1.363 0.8256 0.5329 0.3552 0.2372 0.1692 0.1237 0.08058 0.06249 0.04506 0.03045 0.07595
0.8964 9.523 23.31 16.17 9.912 5.499 3.508 2.068 1.278 0.8437 0.5111 0.3299 0.2199 0.1468 0.1047 0.07659 0.04988 0.03869 0.0279 0.06587
0.9588 10.53 25.66 17.13 9.815 6.016 3.338 2.129 1.255 0.7754 0.5121 0.3102 0.2002 0.1335 0.08911 0.06356 0.04648 0.03028 0.02348 0.05691
0.9836 11.2 28.06 18.53 10.2 5.844 3.582 1.987 1.268 0.7473 0.4617 0.3049 0.1847 0.1192 0.07946 0.05306 0.03785 0.02768 0.01803 0.04787
1.082 11.43 29.5 19.91 10.83 5.963 3.416 2.094 1.162 0.7409 0.4368 0.2699 0.1782 0.108 0.06968 0.04644 0.03101 0.02212 0.01618 0.03852
1.138 12.5 29.78 20.58 11.43 6.215 3.422 1.961 1.202 0.6667 0.4252 0.2507 0.1549 0.1023 0.06197 0.04 0.02666 0.0178 0.0127 0.03139
1.232 13.09 32.25 20.44 11.61 6.442 3.504 1.93 1.105 0.6776 0.3759 0.2398 0.1413 0.08733 0.05767 0.03494 0.02255 0.01503 0.01004 0.02486
1.157 13.43 31.94 20.83 10.83 6.15 3.414 1.857 1.023 0.5858 0.3591 0.1992 0.1271 0.0749 0.04628 0.03056 0.01852 0.01195 0.007965 0.01849
1.13 12.62 32.77 20.63 11.04 5.739 3.259 1.809 0.984 0.5419 0.3104 0.1903 0.1056 0.06733 0.03969 0.02453 0.0162 0.009812 0.006333 0.01402
1.068 12.31 30.79 21.17 10.93 5.85 3.042 1.727 0.9587 0.5215 0.2872 0.1645 0.1008 0.05595 0.03568 0.02104 0.013 0.008583 0.0052 0.01079
1.015 11.65 30.05 19.89 11.22 5.793 3.1 1.612 0.9153 0.5081 0.2764 0.1522 0.08718 0.05344 0.02965 0.01891 0.01115 0.006888 0.004548 0.008472
1.017 11.07 28.42 19.41 10.54 5.944 3.07 1.643 0.8542 0.485 0.2692 0.1465 0.08065 0.0462 0.02832 0.01571 0.01002 0.005907 0.00365 0.0069
1.029 11.09 27.01 18.36 10.28 5.585 3.15 1.627 0.8706 0.4527 0.257 0.1427 0.07761 0.04274 0.02448 0.01501 0.008326 0.005311 0.003131 0.005591
1.032 11.22 27.06 17.45 9.728 5.45 2.96 1.669 0.8622 0.4614 0.2399 0.1362 0.07561 0.04113 0.02265 0.01298 0.007953 0.004413 0.002814 0.004622
1.058 11.25 27.38 17.48 9.245 5.155 2.888 1.568 0.8846 0.4569 0.2445 0.1271 0.07219 0.04007 0.0218 0.012 0.006876 0.004215 0.002338 0.003941
0.9832 11.53 27.46 17.68 9.262 4.899 2.732 1.531 0.8311 0.4688 0.2421 0.1296 0.06737 0.03825 0.02123 0.01155 0.006361 0.003644 0.002234 0.003328
0.9632 10.72 28.14 17.74 9.371 4.908 2.596 1.448 0.8111 0.4405 0.2484 0.1283 0.06867 0.0357 0.02027 0.01125 0.006121 0.003371 0.001931 0.002947
0.9822 10.5 26.15 18.17 9.4 4.966 2.601 1.376 0.7672 0.4298 0.2334 0.1317 0.068 0.03639 0.01892 0.01074 0.005964 0.003244 0.001786 0.002585
1.007 10.71 25.62 16.89 9.631 4.981 2.632 1.378 0.7291 0.4066 0.2278 0.1237 0.06977 0.03603 0.01928 0.01003 0.005693 0.00316 0.001719 0.002317
0.9909 10.98 26.13 16.55 8.952 5.104 2.64 1.395 0.7304 0.3864 0.2155 0.1207 0.06555 0.03697 0.0191 0.01022 0.005313 0.003017 0.001675 0.002139
0.9764 10.8 26.78 16.88 8.77 4.744 2.705 1.399 0.7391 0.3871 0.2048 0.1142 0.06397 0.03474 0.01959 0.01012 0.005416 0.002816 0.001599 0.002021
0.9552 10.64 26.36 17.3 8.943 4.648 2.514 1.433 0.7414 0.3917 0.2051 0.1085 0.06051 0.0339 0.01841 0.01038 0.005363 0.00287 0.001492 0.001918
0.8951 10.41 25.97 17.02 9.168 4.74 2.463 1.332 0.7596 0.3929 0.2076 0.1087 0.05751 0.03207 0.01797 0.009756 0.005503 0.002842 0.001521 0.001807
0.9268 9.758 25.41 16.78 9.022 4.859 2.512 1.305 0.706 0.4025 0.2082 0.11 0.05761 0.03047 0.01699 0.009521 0.00517 0.002916 0.001506 0.001764
0.9434 10.1 23.81 16.41 8.89 4.781 2.575 1.331 0.6917 0.3741 0.2133 0.1103 0.05829 0.03053 0.01615 0.009006 0.005045 0.00274 0.001545 0.001733
0.9013 10.29 24.65 15.38 8.697 4.711 2.534 1.364 0.7054 0.3666 0.1983 0.113 0.05847 0.03089 0.01618 0.008558 0.004772 0.002674 0.001452 0.001737
0.8973 9.593 24.55 15.58 7.975 4.51 2.443 1.314 0.7076 0.3658 0.1901 0.1028 0.05862 0.03032 0.01602 0.00839 0.004438 0.002475 0.001387 0.001654
0.8499 9.55 22.96 15.6 8.132 4.162 2.353 1.275 0.6857 0.3692 0.1909 0.0992 0.05366 0.03059 0.01582 0.008359 0.004378 0.002316 0.001291 0.001587
0.8507 9.047 22.92 14.67 8.192 4.27 2.185 1.236 0.6694 0.36 0.1939 0.1002 0.05209 0.02817 0.01606 0.008308 0.004389 0.002299 0.001216 0.001511
0.8568 9.055 21.77 14.73 7.752 4.328 2.256 1.154 0.6529 0.3537 0.1902 0.1024 0.05295 0.02752 0.01488 0.008487 0.004389 0.002319 0.001215 0.001441
0.9321 9.121 21.85 14.07 7.83 4.121 2.301 1.199 0.6137 0.3471 0.188 0.1011 0.05445 0.02815 0.01463 0.007912 0.004511 0.002333 0.001233 0.001412
0.9617 9.921 22.06 14.2 7.524 4.188 2.204 1.231 0.6414 0.3282 0.1856 0.1006 0.05408 0.02912 0.01505 0.007824 0.004232 0.002413 0.001248 0.001414
0.9626 10.23 24.06 14.41 7.639 4.049 2.253 1.186 0.6621 0.3451 0.1766 0.09988 0.0541 0.0291 0.01567 0.008101 0.00421 0.002277 0.001298 0.001433
0.9674 10.24 24.88 15.81 7.803 4.135 2.192 1.22 0.642 0.3584 0.1868 0.0956 0.05407 0.02929 0.01575 0.008482 0.004385 0.002279 0.001233 0.001478
0.9957 10.29 24.97 16.43 8.607 4.249 2.252 1.193 0.6642 0.3496 0.1952 0.1017 0.05206 0.02944 0.01595 0.008577 0.004619 0.002388 0.001241 0.001476
1.044 10.59 25.14 16.57 9.001 4.714 2.327 1.233 0.6537 0.3638 0.1915 0.1069 0.05572 0.02852 0.01613 0.008736 0.004698 0.00253 0.001308 0.001488
1.053 11.1 25.94 16.78 9.132 4.959 2.597 1.282 0.6795 0.3602 0.2005 0.1055 0.0589 0.0307 0.01571 0.008885 0.004813 0.002589 0.001394 0.001541
0.944 11.19 27.24 17.4 9.299 5.06 2.748 1.439 0.7106 0.3765 0.1996 0.1111 0.05846 0.03264 0.01701 0.008706 0.004923 0.002667 0.001434 0.001626
0.917 10.03 27.52 18.36 9.696 5.182 2.82 1.532 0.8021 0.396 0.2098 0.1112 0.0619 0.03258 0.01819 0.00948 0.004852 0.002744 0.001486 0.001706
0.9974 9.736 24.72 18.65 10.29 5.434 2.904 1.58 0.8583 0.4495 0.2219 0.1176 0.06233 0.03469 0.01826 0.01019 0.005313 0.002719 0.001538 0.001789
0.9205 10.58 24.05 16.83 10.51 5.799 3.062 1.636 0.8905 0.4836 0.2533 0.125 0.06627 0.03512 0.01955 0.01029 0.005744 0.002994 0.001532 0.001874
0.8539 9.759 26.19 16.45 9.537 5.953 3.285 1.735 0.9271 0.5045 0.274 0.1435 0.07084 0.03754 0.0199 0.01107 0.005829 0.003254 0.001696 0.00193
0.8831 9.046 24.2 18 9.371 5.431 3.39 1.871 0.9879 0.528 0.2873 0.156 0.08173 0.04035 0.02138 0.01133 0.006307 0.00332 0.001853 0.002065
0.8842 9.345 22.47 16.71 10.31 5.364 3.109 1.941 1.071 0.5655 0.3023 0.1645 0.08933 0.04678 0.0231 0.01224 0.006487 0.00361 0.0019 0.002243
0.9165 9.345 23.24 15.58 9.611 5.929 3.086 1.789 1.116 0.6162 0.3253 0.1739 0.09463 0.05139 0.02691 0.01329 0.007041 0.003732 0.002077 0.002384
