Originally  
101 
A 
42	100	
1	1	NA	NA	
1	20	
1 0.0903 0.2107 1.324 0.1806 0.4214 0.1806 0.2107 0.2408 0.0602 0.0301 0 0 0.0602 0 0 0 0 0 0 0
1 0.01698 0.2546 0.3395 0.5772 0.1358 0.1019 0.08488 0.1188 0 0 0 0.05093 0 0.01698 0 0 0 0 0 0
1 0.0528 0.2244 0.4488 0.1188 0.198 0.0924 0.1188 0.0132 0.0396 0 0 0 0 0 0 0 0 0 0 0.0132
1 0.02657 0.1594 0.4385 0.186 0.09301 0.1594 0.02657 0.07972 0.06644 0.02657 0.02657 0.01329 0 0 0 0.01329 0.01329 0 0 0
1 0.02449 0.147 0.3552 0.3184 0.1592 0.1102 0.06123 0.01225 0.02449 0 0 0.01225 0 0 0 0 0 0 0 0
1 0.01392 0.3063 0.3342 0.2646 0.2367 0.04177 0.02785 0.1114 0.02785 0.01392 0 0.01392 0 0 0 0 0 0 0 0
1 0.01073 0.2253 0.3755 0.1609 0.1073 0.08583 0.06437 0.02146 0.01073 0 0.01073 0 0 0 0 0 0 0 0 0
1 0.01908 0.1812 0.372 0.1908 0.1145 0.02862 0.02862 0.009539 0.009539 0 0 0 0 0 0 0 0 0 0 0
1 0.03402 0.1361 0.2296 0.1361 0.1191 0.05954 0.05103 0.03402 0.04253 0 0 0 0.008505 0 0 0 0 0 0 0
1 0.09941 0.2099 0.3093 0.1436 0.1767 0.05523 0.05523 0.03314 0 0.01105 0.01105 0 0 0 0 0 0 0 0 0
1 0.04871 0.4506 0.3166 0.1705 0.07306 0.09742 0.01218 0.01218 0 0.02435 0 0.01218 0 0 0 0 0 0 0 0
1 0.08249 0.264 0.7094 0.3465 0.06599 0.09899 0 0.06599 0 0.0165 0 0 0 0 0 0 0 0 0 0
1 0.0222 0.3108 0.2775 0.3551 0.08879 0.0222 0.0222 0 0.0111 0 0 0 0 0 0 0 0 0 0 0
1 0.03771 0.3142 0.4651 0.176 0.1885 0.02514 0.02514 0.02514 0 0 0 0 0 0 0 0 0 0 0 0
1 0 0.1251 0.438 0.1669 0.08343 0.1669 0.03129 0.02086 0 0 0 0.01043 0 0 0 0 0 0 0 0
1 0.03594 0.1258 0.2246 0.2965 0.1078 0.04492 0.03594 0.01797 0 0.008985 0 0 0 0 0 0 0 0 0 0
1 0.01397 0.3214 0.4611 0.1816 0.2375 0.08383 0 0.05589 0.02794 0.01397 0 0 0 0 0 0 0 0 0 0
1 0.03632 0.109 0.3753 0.2906 0.1211 0.1816 0.03632 0.01211 0.02421 0.01211 0 0.01211 0 0 0 0 0 0 0 0
1 0 0.1274 0.2002 0.2275 0.1183 0.1001 0.05461 0.0455 0 0.0273 0.009101 0 0 0 0 0 0 0 0 0
1 0.01994 0.1595 0.206 0.09969 0.0864 0.04652 0.03323 0 0.006646 0 0.006646 0 0 0 0 0 0 0 0 0
1 0.02795 0.354 0.2143 0.1304 0.06522 0.04658 0.03727 0.01863 0.01863 0.009317 0 0 0 0 0 0 0 0 0.009317 0
1 0.02318 0.1971 0.4868 0.1739 0.1043 0.03477 0.03477 0.03477 0.02318 0.01159 0.02318 0.01159 0 0 0 0 0 0 0 0
1 0.03653 0.1461 0.3288 0.2009 0.07306 0.04566 0.01826 0.01826 0.01826 0.009132 0.01826 0 0 0 0 0 0 0 0 0
1 0.03098 0.2014 0.2014 0.1471 0.1317 0.02323 0.02323 0 0 0 0 0.007744 0.007744 0 0 0 0 0 0 0
1 0.01639 0.1147 0.254 0.2213 0.08195 0.09014 0.01639 0 0.008195 0 0.008195 0.008195 0 0 0 0 0 0 0 0
1 0.04595 0.1723 0.3216 0.3102 0.1493 0.04595 0.05744 0 0.02297 0.02297 0 0 0 0 0 0 0 0 0 0
1 0.03916 0.3786 0.3002 0.1566 0.2089 0.1305 0.06527 0 0.01305 0.01305 0 0 0 0 0 0 0 0 0 0
1 0.09461 0.2568 0.5271 0.1216 0.06758 0.1081 0.06758 0.06758 0.04055 0 0 0 0 0 0 0 0 0 0 0
1 0.05292 0.254 0.3175 0.2752 0.09526 0 0.01058 0.05292 0 0 0 0 0 0 0 0 0 0 0 0
1 0.0413 0.2616 0.5231 0.2616 0.1652 0.02753 0.02753 0.0413 0 0.01377 0.01377 0 0 0 0 0 0 0 0 0
1 0.01809 0.1447 0.3075 0.2442 0.06331 0.05427 0.02713 0.01809 0.009044 0.009044 0 0.009044 0 0 0 0 0 0 0 0
1 0.03449 0.2069 0.4023 0.1724 0.2299 0.05748 0.04598 0 0 0 0 0 0 0 0 0 0 0 0 0
1 0.02798 0.1306 0.3078 0.2332 0.1119 0.0653 0.02798 0.01866 0 0.009328 0 0 0 0 0 0 0 0 0 0
1 0.09621 0.2165 0.2405 0.3127 0.1563 0.09621 0.03608 0.02405 0.02405 0 0 0 0 0 0 0 0 0 0 0
1 0.0705 0.5499 0.3666 0.1269 0.1551 0.0705 0.0282 0.0282 0 0 0 0 0.0141 0 0 0 0 0 0 0
1 0.08595 0.2579 0.7736 0.1433 0.07163 0.0573 0.02865 0 0.01433 0 0 0 0 0 0 0 0 0 0 0
1 0.02661 0.173 0.4125 0.4125 0.1464 0.09315 0 0.01331 0.02661 0.01331 0 0 0 0.01331 0 0 0 0 0 0
1 0.02937 0.2056 0.514 0.3378 0.2937 0.02937 0.02937 0.01469 0.01469 0 0 0 0 0 0 0 0 0 0 0
1 0.04963 0.1365 0.3102 0.3226 0.2233 0.1117 0.02481 0.02481 0 0 0.01241 0.02481 0 0 0 0 0 0 0 0
1 0.07696 0.3848 0.3848 0.1154 0.1411 0.06413 0.05131 0.03848 0.01283 0 0.01283 0 0 0 0 0 0 0 0 0
1 0.02749 0.3711 0.4261 0.2199 0.1237 0.1374 0.04123 0.02749 0 0 0 0 0 0 0 0 0 0 0 0
1 0.057 0.133 0.3515 0.209 0.076 0.0285 0.057 0.0095 0.0095 0.019 0 0 0 0 0 0 0 0 0 0
1 0.1465 0.3369 0.293 0.2783 0.1611 0.0879 0.04395 0.07325 0.01465 0.01465 0.01465 0 0 0 0 0 0 0 0 0
1 0.03176 0.5082 0.4446 0.2064 0.1112 0.09528 0.03176 0.06352 0.06352 0.01588 0 0 0.01588 0 0 0 0 0 0 0
1 0.04827 0.1569 0.6034 0.181 0.09654 0.04827 0.0362 0 0.01207 0.01207 0.01207 0 0 0 0 0 0 0 0 0
1 0.01987 0.1788 0.1987 0.3874 0.1192 0.0298 0.01987 0.009934 0.0298 0 0 0 0 0 0 0 0 0 0 0
1 0.02803 0.1028 0.2523 0.1588 0.2242 0.09343 0.03737 0.01869 0.01869 0 0 0 0 0 0 0 0 0 0 0
1 0.05606 0.1433 0.07475 0.137 0.04983 0.08721 0.0436 0.006229 0.01869 0 0 0 0 0.006229 0 0 0 0 0 0
1 0.09039 0.4519 0.3616 0.155 0.1033 0.06456 0.06456 0 0 0 0 0 0 0 0 0 0 0 0 0
1 0.07545 0.2867 0.6187 0.2264 0.1056 0.07545 0.01509 0.07545 0.03018 0 0 0 0 0 0 0 0 0 0 0
1 0.009949 0.1393 0.3781 0.2487 0.1393 0.0199 0.04975 0 0 0 0.009949 0 0 0 0 0 0 0 0 0
1 0.01474 0.2211 0.5601 0.3537 0.1474 0.1032 0.04422 0.01474 0 0 0 0.01474 0 0 0 0 0 0 0 0
1 0.05807 0.3484 0.392 0.3484 0.1597 0.1016 0.04355 0 0 0 0 0 0 0 0 0 0 0 0 0
1 0.04284 0.1928 0.4712 0.1713 0.09638 0.04284 0.03213 0.01071 0.01071 0 0 0 0 0 0 0 0 0 0 0
1 0.06094 0.1523 0.3352 0.2641 0.08125 0.06094 0.02031 0.03047 0 0.01016 0 0 0 0 0 0 0 0 0 0
1 0.0215 0.2042 0.3439 0.1827 0.2042 0.03224 0.01075 0.05374 0.0215 0 0 0 0 0 0 0 0 0 0 0
1 0.01243 0.1865 0.4102 0.174 0.2486 0.09944 0.07458 0 0 0.01243 0.01243 0.01243 0 0 0 0 0 0 0 0
1 0.03969 0.1885 0.2679 0.1985 0.06946 0.05954 0.1389 0.009923 0.009923 0.009923 0 0 0 0 0 0 0 0 0 0
1 0.0266 0.3369 0.2482 0.133 0.06206 0.03546 0.01773 0.01773 0 0.008866 0 0 0 0 0 0 0 0 0 0
