 landings-at-age - landings.n (units : NA )
1	2	
2	100	
1	20	
1 
0.02659 0.2984 0.8352 0.6934 0.4839 0.3377 0.2357 0.1644 0.1148 0.08008 0.05589 0.039 0.02722 0.01899 0.01325 0.009249 0.006454 0.004504 0.003143 0.007259
0.002096 0.05216 0.1462 0.1214 0.08475 0.05914 0.04127 0.0288 0.0201 0.01403 0.009787 0.00683 0.004766 0.003326 0.002321 0.00162 0.00113 0.0007888 0.0005504 0.001271
0.002166 0.02354 0.1464 0.1219 0.08515 0.05942 0.04147 0.02894 0.02019 0.01409 0.009834 0.006862 0.004789 0.003342 0.002332 0.001627 0.001136 0.0007925 0.000553 0.001277
0.002356 0.02432 0.06604 0.122 0.08549 0.0597 0.04166 0.02907 0.02029 0.01416 0.00988 0.006895 0.004811 0.003358 0.002343 0.001635 0.001141 0.0007963 0.0005557 0.001283
0.002143 0.02645 0.06823 0.05507 0.08557 0.05994 0.04186 0.02921 0.02038 0.01423 0.009927 0.006927 0.004834 0.003374 0.002354 0.001643 0.001146 8e-04 0.0005583 0.001289
0.00207 0.02406 0.07421 0.0569 0.03861 0.06 0.04203 0.02935 0.02048 0.01429 0.009974 0.00696 0.004857 0.00339 0.002365 0.001651 0.001152 0.0008038 0.0005609 0.001295
0.002201 0.02325 0.06752 0.06188 0.03989 0.02707 0.04207 0.02947 0.02058 0.01436 0.01002 0.006993 0.00488 0.003406 0.002377 0.001658 0.001157 0.0008076 0.0005636 0.001302
0.002473 0.02471 0.06523 0.0563 0.04339 0.02797 0.01898 0.0295 0.02066 0.01443 0.01007 0.007026 0.004903 0.003422 0.002388 0.001666 0.001163 0.0008114 0.0005663 0.001308
0.002655 0.02776 0.06934 0.05439 0.03947 0.03042 0.01961 0.01331 0.02068 0.01449 0.01012 0.00706 0.004926 0.003438 0.002399 0.001674 0.001168 0.0008153 0.0005689 0.001314
0.002647 0.02981 0.07791 0.05782 0.03814 0.02768 0.02133 0.01375 0.009331 0.0145 0.01016 0.007093 0.00495 0.003454 0.00241 0.001682 0.001174 0.0008191 0.0005716 0.00132
0.002756 0.02973 0.08365 0.06496 0.04054 0.02674 0.01941 0.01496 0.009641 0.006543 0.01017 0.007121 0.004973 0.003471 0.002422 0.00169 0.001179 0.000823 0.0005743 0.001326
0.002938 0.03094 0.08341 0.06976 0.04555 0.02842 0.01875 0.01361 0.01049 0.00676 0.004587 0.007128 0.004993 0.003487 0.002433 0.001698 0.001185 0.0008269 0.0005771 0.001333
0.003235 0.03299 0.08682 0.06955 0.04891 0.03194 0.01993 0.01315 0.00954 0.007352 0.00474 0.003216 0.004998 0.003501 0.002445 0.001706 0.001191 0.0008308 0.0005798 0.001339
0.003292 0.03632 0.09256 0.07239 0.04877 0.03429 0.02239 0.01397 0.009217 0.006689 0.005155 0.003323 0.002255 0.003504 0.002455 0.001714 0.001196 0.0008348 0.0005825 0.001345
0.003497 0.03697 0.1019 0.07719 0.05076 0.03419 0.02404 0.0157 0.009797 0.006462 0.00469 0.003614 0.00233 0.001581 0.002457 0.001721 0.001202 0.0008387 0.0005853 0.001352
0.003552 0.03927 0.1037 0.08498 0.05412 0.03559 0.02397 0.01686 0.01101 0.006869 0.004531 0.003288 0.002534 0.001634 0.001109 0.001723 0.001207 0.0008427 0.0005881 0.001358
0.003844 0.03988 0.1102 0.08649 0.05958 0.03794 0.02495 0.01681 0.01182 0.007718 0.004816 0.003177 0.002306 0.001777 0.001145 0.0007773 0.001208 0.000846 0.0005908 0.001365
0.003859 0.04316 0.1119 0.09188 0.06064 0.04178 0.0266 0.0175 0.01179 0.008288 0.005412 0.003377 0.002227 0.001617 0.001246 0.0008031 0.000545 0.0008469 0.0005932 0.001371
0.004461 0.04333 0.1211 0.09332 0.06442 0.04252 0.02929 0.01865 0.01227 0.008263 0.005811 0.003794 0.002368 0.001562 0.001133 0.0008735 0.0005631 0.0003821 0.0005938 0.001377
0.004517 0.05009 0.1216 0.101 0.06543 0.04517 0.02981 0.02054 0.01308 0.008601 0.005794 0.004074 0.00266 0.00166 0.001095 0.0007947 0.0006125 0.0003948 0.0002679 0.001382
0.00455 0.05072 0.1405 0.1014 0.07081 0.04588 0.03167 0.0209 0.0144 0.00917 0.006031 0.004062 0.002857 0.001865 0.001164 0.0007677 0.0005572 0.0004294 0.0002768 0.001157
0.004854 0.05108 0.1423 0.1172 0.07108 0.04965 0.03217 0.02221 0.01466 0.0101 0.00643 0.004228 0.002848 0.002003 0.001308 0.0008161 0.0005383 0.0003907 0.0003011 0.001005
0.005154 0.0545 0.1433 0.1187 0.08217 0.04984 0.03481 0.02255 0.01557 0.01028 0.007079 0.004508 0.002965 0.001997 0.001404 0.000917 0.0005722 0.0003774 0.0002739 0.0009159
0.005095 0.05788 0.1529 0.1195 0.0832 0.05762 0.03494 0.02441 0.01581 0.01092 0.007205 0.004963 0.003161 0.002079 0.0014 0.0009846 0.0006429 0.0004012 0.0002646 0.0008342
0.005279 0.05721 0.1624 0.1275 0.08381 0.05834 0.0404 0.0245 0.01711 0.01109 0.007654 0.005052 0.00348 0.002216 0.001457 0.0009817 0.0006904 0.0004508 0.0002813 0.0007704
0.004924 0.05927 0.1605 0.1354 0.08941 0.05876 0.0409 0.02832 0.01718 0.012 0.007774 0.005367 0.003542 0.00244 0.001554 0.001022 0.0006883 0.000484 0.0003161 0.0007374
0.004874 0.05529 0.1663 0.1339 0.09495 0.06269 0.0412 0.02868 0.01986 0.01204 0.008412 0.00545 0.003763 0.002483 0.001711 0.001089 0.0007165 0.0004826 0.0003394 0.0007386
0.005135 0.05473 0.1551 0.1387 0.09385 0.06657 0.04395 0.02889 0.02011 0.01392 0.008445 0.005898 0.003821 0.002638 0.001741 0.0012 0.0007639 0.0005023 0.0003384 0.0007559
0.005243 0.05765 0.1536 0.1294 0.09724 0.0658 0.04668 0.03082 0.02025 0.0141 0.009763 0.005921 0.004136 0.002679 0.00185 0.001221 0.000841 0.0005356 0.0003522 0.0007672
0.004953 0.05887 0.1618 0.1281 0.09071 0.06818 0.04614 0.03273 0.02161 0.0142 0.009885 0.006845 0.004151 0.0029 0.001879 0.001297 0.000856 0.0005897 0.0003755 0.0007849
0.004971 0.05562 0.1652 0.1349 0.08979 0.0636 0.0478 0.03235 0.02295 0.01515 0.009957 0.006931 0.004799 0.002911 0.002033 0.001317 0.0009094 0.0006002 0.0004135 0.0008136
0.005085 0.05582 0.1561 0.1377 0.09458 0.06296 0.04459 0.03352 0.02268 0.01609 0.01062 0.006981 0.004859 0.003365 0.002041 0.001425 0.0009235 0.0006376 0.0004208 0.0008603
0.004964 0.05709 0.1566 0.1301 0.09658 0.06632 0.04414 0.03126 0.0235 0.0159 0.01128 0.007448 0.004895 0.003407 0.002359 0.001431 0.0009994 0.0006475 0.000447 0.0008983
0.004884 0.05574 0.1602 0.1306 0.09124 0.06772 0.0465 0.03095 0.02192 0.01648 0.01115 0.007909 0.005222 0.003432 0.002389 0.001654 0.001003 0.0007007 0.000454 0.0009433
0.005124 0.05484 0.1564 0.1336 0.09158 0.06397 0.04748 0.0326 0.0217 0.01537 0.01155 0.007818 0.005546 0.003661 0.002406 0.001675 0.00116 0.0007034 0.0004913 0.0009797
0.004936 0.05753 0.1539 0.1304 0.09367 0.06421 0.04486 0.03329 0.02286 0.01521 0.01078 0.0081 0.005482 0.003888 0.002567 0.001687 0.001174 0.0008132 0.0004932 0.001031
0.005472 0.05543 0.1614 0.1283 0.09144 0.06567 0.04502 0.03145 0.02334 0.01603 0.01067 0.007556 0.005679 0.003843 0.002726 0.0018 0.001183 0.0008234 0.0005702 0.001069
0.005442 0.06144 0.1555 0.1346 0.08996 0.06411 0.04605 0.03156 0.02205 0.01637 0.01124 0.00748 0.005298 0.003982 0.002695 0.001911 0.001262 0.0008294 0.0005773 0.001149
0.005384 0.06111 0.1724 0.1297 0.09439 0.06308 0.04495 0.03229 0.02213 0.01546 0.01147 0.007879 0.005244 0.003714 0.002792 0.001889 0.00134 0.0008848 0.0005815 0.001211
0.312 3.308 9.234 7.712 4.877 3.55 2.372 1.691 1.214 0.8324 0.5815 0.4315 0.2963 0.1972 0.1397 0.105 0.07106 0.0504 0.03328 0.0674
0.3968 4.476 11.55 9.362 6.544 4.139 3.012 2.013 1.435 1.03 0.7063 0.4934 0.3662 0.2515 0.1674 0.1185 0.0891 0.0603 0.04277 0.08543
0.2409 2.526 6.986 5.218 3.535 2.471 1.563 1.137 0.7602 0.5418 0.3891 0.2667 0.1863 0.1383 0.09495 0.0632 0.04476 0.03365 0.02277 0.04841
0.3323 3.97 10.18 8.222 5.147 3.487 2.437 1.542 1.122 0.7498 0.5344 0.3838 0.2631 0.1838 0.1364 0.09366 0.06234 0.04415 0.03319 0.07021
0.2919 3.404 9.942 7.399 5 3.13 2.121 1.482 0.9375 0.6823 0.456 0.325 0.2334 0.16 0.1118 0.08295 0.05696 0.03791 0.02685 0.06288
0.3517 4.376 12.42 10.53 6.558 4.432 2.774 1.88 1.314 0.8309 0.6047 0.4041 0.288 0.2069 0.1418 0.09906 0.07352 0.05048 0.0336 0.07953
0.2898 3.332 10.1 8.272 5.861 3.651 2.467 1.545 1.046 0.7315 0.4626 0.3367 0.225 0.1604 0.1152 0.07895 0.05515 0.04093 0.02811 0.06299
0.2495 2.767 7.779 6.836 4.684 3.319 2.067 1.397 0.8746 0.5925 0.4142 0.2619 0.1906 0.1274 0.0908 0.06521 0.0447 0.03123 0.02318 0.05158
0.3082 3.479 9.407 7.686 5.653 3.874 2.745 1.71 1.155 0.7233 0.49 0.3425 0.2166 0.1577 0.1054 0.07509 0.05393 0.03697 0.02583 0.06182
0.3229 3.562 9.782 7.65 5.226 3.844 2.634 1.866 1.162 0.7856 0.4918 0.3332 0.2329 0.1473 0.1072 0.07164 0.05106 0.03667 0.02514 0.0596
0.3198 3.323 8.929 7.09 4.635 3.166 2.329 1.596 1.131 0.7043 0.476 0.298 0.2019 0.1411 0.08924 0.06495 0.0434 0.03093 0.02222 0.05134
0.3766 3.923 9.918 7.714 5.122 3.349 2.288 1.683 1.153 0.8169 0.5089 0.3439 0.2153 0.1459 0.102 0.06448 0.04693 0.03136 0.02235 0.05314
0.4166 4.595 11.61 8.477 5.511 3.66 2.392 1.634 1.202 0.8238 0.5836 0.3636 0.2457 0.1538 0.1042 0.07284 0.04607 0.03353 0.02241 0.05394
0.3666 4.156 11.14 8.115 4.948 3.217 2.136 1.397 0.954 0.7018 0.4809 0.3407 0.2122 0.1434 0.08979 0.06083 0.04252 0.02689 0.01957 0.04457
0.3743 4.248 11.7 9.064 5.521 3.366 2.189 1.453 0.9501 0.649 0.4774 0.3271 0.2318 0.1444 0.09757 0.06108 0.04138 0.02892 0.01829 0.04363
0.4169 4.532 12.47 9.915 6.418 3.909 2.384 1.55 1.029 0.6727 0.4595 0.338 0.2316 0.1641 0.1022 0.06909 0.04325 0.0293 0.02048 0.04385
0.3803 4.46 11.76 9.32 6.19 4.007 2.44 1.488 0.9675 0.6425 0.42 0.2869 0.211 0.1446 0.1025 0.06382 0.04313 0.027 0.01829 0.04016
0.3457 4.001 11.4 8.67 5.742 3.813 2.469 1.503 0.9168 0.596 0.3958 0.2587 0.1768 0.13 0.08909 0.06312 0.03932 0.02657 0.01663 0.03601
0.3566 4.035 11.34 9.329 5.93 3.927 2.608 1.688 1.028 0.627 0.4076 0.2707 0.177 0.1209 0.08892 0.06093 0.04317 0.02689 0.01817 0.03601
0.3162 3.335 9.19 7.455 5.126 3.258 2.158 1.433 0.9277 0.565 0.3445 0.224 0.1487 0.09723 0.06642 0.04886 0.03348 0.02372 0.01478 0.02977
0.2909 3.382 8.705 6.954 4.719 3.245 2.062 1.366 0.9071 0.5872 0.3576 0.2181 0.1418 0.09415 0.06155 0.04204 0.03093 0.02119 0.01501 0.0282
0.2063 2.442 6.959 5.203 3.478 2.36 1.623 1.031 0.683 0.4536 0.2937 0.1788 0.1091 0.0709 0.04708 0.03078 0.02103 0.01547 0.0106 0.02161
0.204 2.438 7.08 5.89 3.689 2.466 1.673 1.151 0.7313 0.4843 0.3216 0.2082 0.1268 0.07733 0.05027 0.03338 0.02182 0.01491 0.01097 0.02284
0.3256 3.585 10.42 8.812 6.14 3.845 2.57 1.744 1.199 0.7622 0.5048 0.3353 0.217 0.1322 0.0806 0.0524 0.0348 0.02275 0.01554 0.03523
0.2184 2.42 6.513 5.471 3.865 2.693 1.687 1.127 0.7649 0.526 0.3343 0.2214 0.147 0.09518 0.05797 0.03535 0.02298 0.01526 0.009976 0.02227
0.1827 2.018 5.495 4.312 3.033 2.142 1.493 0.9349 0.6249 0.4241 0.2916 0.1853 0.1227 0.08151 0.05277 0.03214 0.0196 0.01274 0.00846 0.01788
0.3131 3.609 9.718 7.718 5.074 3.57 2.521 1.757 1.1 0.7355 0.4991 0.3432 0.2181 0.1444 0.09593 0.0621 0.03782 0.02306 0.01499 0.03099
0.2012 2.334 6.579 5.121 3.399 2.235 1.572 1.11 0.7737 0.4846 0.3239 0.2198 0.1511 0.09606 0.06362 0.04225 0.02735 0.01666 0.01016 0.02025
0.2235 2.359 6.705 5.509 3.591 2.383 1.567 1.102 0.7787 0.5425 0.3398 0.2271 0.1541 0.106 0.06736 0.04461 0.02963 0.01918 0.01168 0.02132
0.2738 3.031 7.81 6.458 4.442 2.896 1.922 1.264 0.889 0.6279 0.4375 0.274 0.1832 0.1243 0.08546 0.05432 0.03597 0.02389 0.01547 0.02662
0.2911 3.069 8.284 6.188 4.28 2.945 1.919 1.274 0.8376 0.5892 0.4162 0.29 0.1816 0.1214 0.08238 0.05664 0.036 0.02384 0.01584 0.02789
0.2716 2.854 7.355 5.757 3.598 2.488 1.712 1.116 0.7407 0.487 0.3426 0.242 0.1686 0.1056 0.07058 0.04789 0.03293 0.02093 0.01386 0.02542
0.2096 2.416 6.232 4.673 3.062 1.913 1.324 0.9105 0.5935 0.3939 0.259 0.1822 0.1287 0.08967 0.05616 0.03754 0.02547 0.01751 0.01113 0.02089
0.3461 4.011 11.26 8.462 5.317 3.484 2.177 1.506 1.036 0.6752 0.4481 0.2947 0.2073 0.1464 0.102 0.06389 0.0427 0.02898 0.01993 0.03643
0.2638 2.919 8.252 6.689 4.201 2.639 1.729 1.081 0.7474 0.5142 0.3352 0.2225 0.1463 0.1029 0.07268 0.05064 0.03172 0.0212 0.01439 0.02798
0.259 2.751 7.448 6.12 4.151 2.607 1.638 1.073 0.6707 0.4639 0.3191 0.208 0.1381 0.09078 0.06386 0.04511 0.03143 0.01968 0.01316 0.02629
0.3442 3.858 9.979 7.852 5.401 3.664 2.301 1.446 0.9472 0.5919 0.4094 0.2816 0.1836 0.1218 0.08011 0.05636 0.03981 0.02774 0.01737 0.03481
0.3295 3.901 10.62 7.938 5.221 3.591 2.436 1.53 0.9612 0.6298 0.3935 0.2722 0.1872 0.1221 0.08101 0.05327 0.03747 0.02647 0.01844 0.0347
0.3428 3.775 10.85 8.533 5.329 3.505 2.411 1.635 1.027 0.6453 0.4228 0.2642 0.1827 0.1257 0.08195 0.05439 0.03576 0.02516 0.01777 0.03567
0.3517 3.549 9.503 7.885 5.181 3.236 2.128 1.464 0.9929 0.6235 0.3918 0.2567 0.1604 0.1109 0.07632 0.04975 0.03302 0.02171 0.01527 0.03245
0.3326 3.777 9.278 7.185 4.984 3.275 2.045 1.345 0.9251 0.6276 0.3941 0.2476 0.1622 0.1014 0.07013 0.04824 0.03145 0.02087 0.01372 0.03016
0.2511 2.827 7.852 5.59 3.619 2.511 1.65 1.03 0.6776 0.4661 0.3162 0.1985 0.1247 0.08174 0.05108 0.03533 0.0243 0.01584 0.01051 0.02211
0.2243 2.874 7.928 6.414 3.823 2.476 1.717 1.128 0.7047 0.4635 0.3188 0.2163 0.1358 0.08533 0.05591 0.03493 0.02416 0.01662 0.01084 0.02231
0.3119 3.269 10.21 8.192 5.549 3.308 2.142 1.486 0.9762 0.6096 0.4009 0.2758 0.1871 0.1175 0.07382 0.04837 0.03022 0.0209 0.01438 0.02868
0.3184 3.416 8.721 7.881 5.285 3.58 2.134 1.382 0.9586 0.6298 0.3933 0.2587 0.1779 0.1207 0.0758 0.04763 0.03121 0.0195 0.01349 0.02778
0.2951 3.302 8.64 6.385 4.826 3.236 2.192 1.307 0.8461 0.587 0.3856 0.2408 0.1584 0.1089 0.07391 0.04641 0.02916 0.01911 0.01194 0.02527
0.2418 2.629 7.203 5.47 3.382 2.556 1.714 1.161 0.692 0.4481 0.3109 0.2042 0.1276 0.08389 0.0577 0.03914 0.02458 0.01544 0.01012 0.01971
0.2052 2.302 6.151 4.913 3.125 1.932 1.46 0.9791 0.6632 0.3953 0.256 0.1776 0.1167 0.07287 0.04792 0.03296 0.02236 0.01404 0.008823 0.01704
0.3126 3.702 10.14 7.902 5.289 3.364 2.08 1.572 1.054 0.714 0.4256 0.2756 0.1912 0.1256 0.07844 0.05159 0.03548 0.02407 0.01512 0.02784
0.3687 3.992 11.47 9.081 5.918 3.961 2.519 1.558 1.177 0.7894 0.5348 0.3187 0.2064 0.1432 0.09407 0.05875 0.03864 0.02658 0.01803 0.03217
0.3834 4.237 11.12 9.201 6.084 3.965 2.654 1.688 1.044 0.7886 0.5289 0.3583 0.2135 0.1383 0.09592 0.06302 0.03936 0.02589 0.01781 0.03363
0.3419 3.816 10.24 7.735 5.348 3.536 2.304 1.543 0.981 0.6065 0.4584 0.3074 0.2082 0.1241 0.08037 0.05575 0.03663 0.02288 0.01505 0.0299
0.2494 2.645 7.221 5.604 3.539 2.447 1.618 1.054 0.7057 0.4488 0.2775 0.2097 0.1406 0.09526 0.05678 0.03677 0.02551 0.01676 0.01047 0.02056
0.2222 2.361 6.154 4.898 3.183 2.01 1.39 0.9189 0.5988 0.4008 0.2549 0.1576 0.1191 0.07988 0.05411 0.03225 0.02088 0.01449 0.009518 0.01762
0.2403 2.656 6.935 5.281 3.522 2.289 1.445 0.9993 0.6608 0.4306 0.2882 0.1833 0.1133 0.08565 0.05744 0.03891 0.02319 0.01502 0.01042 0.01952
0.288 3.364 9.1 6.932 4.422 2.949 1.917 1.21 0.8368 0.5533 0.3606 0.2414 0.1535 0.0949 0.07172 0.0481 0.03258 0.01942 0.01258 0.02507
0.3481 3.968 11.29 8.867 5.653 3.606 2.405 1.563 0.9869 0.6824 0.4512 0.294 0.1968 0.1252 0.07739 0.05848 0.03922 0.02657 0.01584 0.0307
0.4229 4.457 12.32 10.12 6.646 4.237 2.703 1.803 1.172 0.7398 0.5115 0.3382 0.2204 0.1475 0.09383 0.05801 0.04384 0.0294 0.01992 0.03488
0.2608 3.039 7.821 6.235 4.278 2.809 1.791 1.143 0.7619 0.4952 0.3127 0.2162 0.143 0.09316 0.06236 0.03966 0.02452 0.01853 0.01243 0.02316
0.2672 2.866 8.182 6.132 4.093 2.809 1.844 1.176 0.75 0.5002 0.3251 0.2053 0.1419 0.09385 0.06116 0.04094 0.02604 0.0161 0.01216 0.02336
