Originally  
101 
A 
2	100	
1	1	NA	NA	
1	20	
1 373.6 388.5 269 89.66 104.6 59.77 104.6 14.94 14.94 0 29.89 14.94 0 14.94 14.94 0 0 0 0 0
1 114.3 290.8 207.7 187 72.71 51.93 10.39 41.55 10.39 20.77 20.77 0 0 10.39 0 0 0 0 0 0
1 223.1 144.4 236.3 183.8 144.4 78.76 52.51 39.38 78.76 52.51 26.25 13.13 13.13 26.25 0 0 0 0 0 0
1 246.4 118.3 108.4 138 128.1 59.13 19.71 68.99 29.57 0 29.57 0 9.855 19.71 9.855 0 0 0 0 0
1 240.6 163.3 68.76 94.54 25.78 85.95 42.97 68.76 0 8.595 0 17.19 25.78 0 8.595 8.595 0 0 0 0
1 119.3 126.3 112.2 63.14 28.06 70.15 63.14 28.06 28.06 21.05 28.06 7.015 0 0 0 0 0 7.015 0 0
1 235.1 159.3 128.9 60.68 75.85 22.75 30.34 0 22.75 7.585 7.585 0 0 7.585 0 0 0 0 0 0
1 191.8 138.9 92.58 52.9 33.07 19.84 13.23 19.84 46.29 6.613 13.23 0 13.23 6.613 6.613 0 0 0 6.613 0
1 270.7 160.7 143.8 76.13 59.21 33.84 16.92 0 50.75 0 0 16.92 16.92 0 0 0 0 0 0 0
1 225.4 147.7 101 85.5 69.96 31.09 7.773 23.32 15.55 0 15.55 0 0 23.32 0 15.55 7.773 0 7.773 0
1 199.3 106.7 192.1 56.93 56.93 7.116 35.58 7.116 7.116 7.116 21.35 0 0 0 0 7.116 0 7.116 0 0
1 245 104.1 98.01 61.26 24.5 24.5 6.126 12.25 0 12.25 0 18.38 0 0 0 0 0 0 0 6.126
1 289.1 159.8 106.5 45.65 38.04 38.04 30.43 22.82 15.22 7.608 0 7.608 0 0 0 0 0 0 0 0
1 319.7 115.5 106.6 97.69 53.29 71.05 44.41 8.881 17.76 0 8.881 8.881 0 17.76 17.76 0 0 0 0 0
1 446.1 223 161.1 123.9 86.74 49.56 37.17 37.17 37.17 12.39 12.39 0 0 0 0 0 0 0 0 12.39
1 492 279.2 199.5 133 66.49 79.78 53.19 13.3 0 0 13.3 0 0 0 0 0 0 0 0 0
1 358.4 253 116 116 94.88 63.25 21.08 10.54 10.54 0 10.54 0 0 0 0 0 0 0 0 0
1 341 303.1 164.2 227.3 37.89 63.15 25.26 25.26 37.89 0 25.26 12.63 0 0 0 0 0 0 0 0
1 362.6 310.8 207.2 90.66 90.66 51.8 51.8 51.8 0 38.85 38.85 0 0 0 0 0 0 0 0 0
1 548.8 335.4 198.2 198.2 106.7 30.49 45.73 15.24 0 30.49 0 0 0 0 0 0 0 0 15.24 0
1 410.3 300.9 246.2 136.8 164.1 41.03 41.03 0 0 13.68 0 0 0 0 0 13.68 0 0 0 0
1 370.3 310.6 143.3 119.5 95.57 71.67 23.89 23.89 35.84 0 0 0 0 0 0 0 0 0 0 0
1 346.8 242.7 150.3 161.8 138.7 57.79 34.68 11.56 0 0 11.56 0 0 0 0 0 0 0 0 0
1 452.3 287.8 356.3 27.41 54.82 95.94 13.71 41.12 0 13.71 0 13.71 0 0 13.71 0 0 0 0 0
1 705.4 307.5 198.9 198.9 144.7 90.43 90.43 36.17 0 0 36.17 0 0 0 0 0 0 0 0 0
1 496.3 441.2 275.7 128.7 202.2 73.53 128.7 55.15 18.38 0 18.38 0 0 0 0 0 0 0 0 0
1 465.2 199.4 249.2 232.6 199.4 132.9 49.85 49.85 33.23 33.23 16.62 0 0 0 0 0 0 0 0 0
1 334.1 334.1 253.9 120.3 133.6 66.82 26.73 40.09 26.73 0 0 0 0 0 0 0 0 0 0 0
1 362.4 362.4 246.4 72.47 188.4 72.47 57.98 43.48 28.99 14.49 0 0 0 0 0 0 0 0 0 0
1 356.8 297.4 130.8 154.6 118.9 35.68 35.68 23.79 11.89 11.89 0 11.89 0 0 0 0 0 0 0 0
1 465.2 390.2 150.1 135.1 120.1 75.03 90.04 30.01 0 30.01 0 15.01 0 0 0 0 0 0 0 0
1 394.9 190.6 313.2 136.2 108.9 68.08 40.85 40.85 40.85 0 13.62 0 0 13.62 0 0 0 0 0 0
1 436.3 295.1 102.6 115.5 76.99 89.82 51.32 12.83 38.49 0 25.66 25.66 12.83 0 0 0 0 0 0 0
1 328.7 302.4 210.4 78.89 144.6 52.59 65.74 39.44 26.3 26.3 0 0 13.15 0 13.15 0 13.15 0 0 0
1 525.7 368 140.2 157.7 122.7 122.7 157.7 70.09 0 17.52 70.09 0 0 0 0 0 0 0 0 0
1 581.6 484.7 329.6 174.5 193.9 19.39 38.77 58.16 0 0 19.39 19.39 0 0 0 0 0 0 19.39 0
1 488.7 265.3 195.5 111.7 83.78 41.89 27.93 41.89 83.78 0 0 0 27.93 0 0 0 13.96 0 0 13.96
1 490.3 439.6 253.6 169.1 101.4 118.3 16.91 0 0 33.81 50.72 0 0 0 0 0 16.91 0 0 0
1 564.4 504 342.7 141.1 201.6 80.63 40.32 60.48 0 0 40.32 0 0 0 20.16 0 0 0 0 20.16
1 531.6 245.4 163.6 122.7 109 27.26 40.89 27.26 68.15 0 13.63 0 0 13.63 0 0 0 0 0 0
1 371.6 359.2 173.4 173.4 61.93 37.16 12.39 12.39 24.77 0 12.39 0 0 0 0 0 0 0 0 0
1 634.3 129.7 259.5 115.3 100.9 100.9 28.83 14.42 0 0 0 14.42 14.42 0 14.42 0 0 0 0 14.42
1 346.9 346.9 226.8 93.39 106.7 80.05 26.68 26.68 13.34 26.68 13.34 13.34 13.34 0 0 0 0 0 0 0
1 795.8 689.7 371.4 344.9 132.6 79.58 53.06 79.58 79.58 26.53 0 0 0 0 0 0 0 0 0 0
1 304.9 216.4 177 98.34 39.34 49.17 68.84 0 19.67 0 0 9.834 0 0 0 0 0 0 0 0
1 456.7 203 203 101.5 63.43 76.11 12.69 63.43 50.74 0 12.69 12.69 0 12.69 0 0 0 0 0 0
1 526.2 318.9 239.2 223.2 143.5 15.95 31.89 47.84 15.95 0 0 0 0 31.89 0 0 0 0 0 0
1 351.2 263.4 163 163 87.79 62.71 62.71 37.62 12.54 0 37.62 0 0 0 12.54 0 0 0 0 0
1 358.6 313.8 179.3 56.03 22.41 56.03 44.83 44.83 33.62 0 0 11.21 0 0 0 0 0 0 0 0
1 493 493 312.2 82.16 98.6 16.43 49.3 16.43 16.43 16.43 16.43 0 32.87 0 0 0 0 0 0 0
1 381.3 394.9 177 95.33 54.47 13.62 40.85 40.85 68.09 40.85 13.62 13.62 0 27.24 0 0 0 0 0 0
1 381.1 396.4 243.9 76.22 76.22 106.7 91.47 45.73 76.22 0 15.24 0 0 15.24 0 0 0 0 0 0
1 516.4 354.1 221.3 147.5 44.26 44.26 44.26 44.26 14.75 14.75 0 14.75 0 14.75 0 0 0 0 0 0
1 770.3 311.4 196.7 147.5 81.95 49.17 0 32.78 0 16.39 0 0 32.78 0 0 0 0 0 0 0
1 527.6 374.4 374.4 187.2 136.1 51.05 17.02 17.02 0 0 0 17.02 0 0 0 0 0 0 0 0
1 464.3 371.5 294.1 170.2 92.86 46.43 15.48 46.43 30.95 15.48 0 0 0 0 0 0 0 0 0 0
1 434.1 276.2 171 105.2 131.5 65.77 39.46 26.31 26.31 0 0 0 0 13.15 0 13.15 0 0 0 13.15
1 545.8 405.4 187.1 155.9 140.3 46.78 31.19 31.19 0 15.59 0 0 0 0 0 0 0 0 0 0
1 611.3 413.6 215.8 233.7 89.9 53.94 107.9 35.96 0 17.98 0 0 0 17.98 0 0 0 0 0 0
1 527.3 346.5 150.7 165.7 150.7 90.4 45.2 30.13 0 0 0 0 0 0 0 0 0 0 0 0
1 333.4 333.4 197.6 123.5 61.74 74.09 49.39 24.7 12.35 12.35 12.35 0 0 0 0 0 0 0 0 0
1 571.6 231.4 149.7 81.66 108.9 81.66 54.44 68.05 0 13.61 0 0 0 0 0 0 0 0 0 0
1 258.2 270.5 233.6 172.1 98.37 98.37 24.59 24.59 24.59 0 0 0 12.3 0 0 0 0 0 0 12.3
1 298.5 285 271.4 217.1 94.99 81.42 0 40.71 27.14 13.57 13.57 0 0 0 0 0 0 0 13.57 0
1 381.2 309.7 142.9 154.9 83.39 59.56 23.82 23.82 11.91 0 0 0 0 0 0 0 0 0 0 0
1 347.5 312.7 115.8 150.6 81.07 92.66 23.16 0 0 0 34.75 0 0 0 0 0 0 0 0 0
1 359.9 239.9 130.9 87.24 87.24 98.15 32.72 43.62 0 0 10.91 0 0 0 0 0 0 0 0 0
1 553.7 218.6 218.6 102 160.3 102 43.71 14.57 14.57 14.57 14.57 0 0 0 0 0 0 0 0 0
1 371.8 289.2 61.97 72.3 72.3 30.98 30.98 61.97 20.66 0 10.33 0 10.33 0 0 0 0 0 0 0
1 430.5 258.3 172.2 215.2 114.8 100.4 43.05 28.7 28.7 28.7 0 14.35 0 0 0 0 0 0 0 0
1 314.9 277.1 264.5 88.18 151.2 37.79 50.39 37.79 12.6 12.6 12.6 0 0 0 0 0 0 0 0 0
1 389 223.7 145.9 68.07 48.62 29.17 29.17 19.45 9.725 0 9.725 0 0 0 0 0 0 0 0 0
1 435.6 286.2 186.7 149.3 49.78 62.22 12.44 12.44 12.44 12.44 0 12.44 0 0 0 0 0 0 0 12.44
1 530.4 511.4 208.4 132.6 132.6 94.71 94.71 75.77 18.94 0 18.94 18.94 18.94 18.94 18.94 0 0 0 0 0
1 498.7 332.5 226.7 105.8 105.8 90.67 75.56 45.33 0 0 15.11 15.11 0 0 0 0 0 0 0 0
1 475.9 317.3 158.6 105.8 26.44 92.53 26.44 26.44 26.44 0 26.44 26.44 0 0 13.22 0 0 0 0 0
1 546.7 400.9 309.8 109.3 182.2 54.67 109.3 18.22 18.22 54.67 0 0 0 0 0 0 18.22 0 0 0
1 586.2 479.6 177.6 88.81 177.6 35.52 35.52 88.81 17.76 71.05 0 17.76 0 0 0 0 0 0 0 0
1 545.5 373.2 129.2 157.9 28.71 100.5 71.77 0 0 0 14.35 0 14.35 0 0 0 0 0 0 0
1 688.2 256.1 240.1 80.02 96.02 112 16 32.01 0 32.01 16 32.01 0 0 0 0 0 0 0 0
1 500.5 276.6 223.9 52.68 52.68 131.7 39.51 0 13.17 13.17 0 0 0 13.17 0 0 0 0 0 0
1 543.4 305.6 305.6 169.8 135.8 67.92 33.96 33.96 16.98 33.96 16.98 0 0 16.98 0 0 0 0 0 16.98
1 431.9 241.4 241.4 152.4 63.52 63.52 0 50.81 12.7 0 0 0 0 0 0 0 12.7 0 0 0
1 440.7 398.1 184.8 142.2 156.4 0 14.22 14.22 0 14.22 42.65 14.22 0 0 0 0 0 0 0 0
1 404.7 233 184 110.4 110.4 73.59 49.06 0 36.79 0 0 12.26 0 12.26 0 0 0 0 0 0
1 364.6 340.3 218.7 121.5 72.91 48.61 24.3 12.15 0 12.15 0 0 0 0 0 0 0 0 0 0
1 326.9 339.5 150.9 163.4 75.44 37.72 50.29 25.15 50.29 12.57 0 12.57 0 0 12.57 0 0 0 0 0
1 471.8 439.2 227.7 195.2 81.34 48.8 48.8 65.07 16.27 0 0 16.27 16.27 0 0 0 0 0 0 0
1 423.9 274.9 137.5 91.65 91.65 57.28 22.91 22.91 22.91 0 0 0 0 0 0 0 0 0 0 0
1 652 517.8 249.3 210.9 115.1 57.53 57.53 0 38.35 0 19.18 0 0 0 0 0 0 0 0 0
1 381.4 302.5 276.2 118.4 65.76 13.15 26.31 65.76 13.15 26.31 0 0 13.15 0 0 0 0 13.15 0 0
1 494.9 319.3 287.4 159.7 127.7 31.93 47.9 47.9 31.93 15.97 0 31.93 0 0 0 0 0 0 0 0
1 440.2 357.7 206.4 165.1 55.03 55.03 55.03 13.76 0 13.76 0 0 13.76 0 0 0 0 0 0 0
1 593.4 252.2 192.8 178 103.8 44.5 59.34 14.83 0 14.83 0 14.83 14.83 0 0 0 0 0 0 0
1 494.9 223.9 153.2 141.4 47.14 35.35 23.57 23.57 35.35 0 0 0 0 0 0 0 0 0 0 0
1 470.6 705.9 376.5 329.4 188.2 70.59 47.06 70.59 0 0 47.06 23.53 0 0 0 0 23.53 0 0 0
1 478.8 495.9 222.3 205.2 119.7 17.1 34.2 85.5 17.1 0 17.1 0 0 17.1 0 0 0 0 0 0
1 321.3 387.8 121.9 99.73 55.41 77.57 0 0 11.08 11.08 11.08 0 0 11.08 0 0 0 0 0 0
1 251.4 399.9 148.6 114.3 57.14 57.14 45.71 34.28 11.43 11.43 11.43 0 0 0 0 0 0 0 0 0
