Originally  
101 
A 
42	100	
1	1	NA	NA	
1	20	
1 0.05203 0.1691 0.3252 0.3252 0.1041 0.1041 0.09105 0.07804 0 0.01301 0.01301 0 0.01301 0.01301 0 0 0 0 0 0
1 0.0136 0.2176 0.4352 0.3264 0.136 0.0544 0.0408 0 0.0408 0.0544 0.0272 0 0 0.0136 0 0 0 0 0 0
1 0.06306 0.2207 0.4729 0.268 0.2207 0.1576 0.04729 0 0.01576 0.07882 0 0 0 0.01576 0.01576 0 0 0 0 0
1 0.03914 0.3523 0.3392 0.2349 0.1174 0.07829 0.0261 0.01305 0.03914 0.0261 0.0261 0 0 0 0 0 0 0 0 0.01305
1 0.04969 0.3312 0.5466 0.2484 0.1987 0.06625 0.04969 0.08281 0.01656 0.01656 0.01656 0.01656 0.01656 0 0 0 0 0 0 0
1 0.05104 0.1531 0.3062 0.4849 0.08932 0.08932 0.02552 0 0.03828 0.02552 0.01276 0 0 0 0 0 0 0 0 0
1 0.01965 0.6092 0.2751 0.3734 0.452 0.05896 0.07861 0 0.03931 0 0.01965 0.01965 0 0 0 0 0.01965 0 0 0
1 0.04121 0.2884 0.5769 0.1786 0.1648 0.04121 0.04121 0.04121 0 0 0 0 0 0 0 0 0 0 0 0
1 0.03489 0.2559 0.3373 0.2675 0.09305 0.09305 0.04653 0.01163 0.02326 0 0 0 0 0 0 0 0 0 0 0
1 0.0146 0.2336 0.3796 0.3796 0.219 0.1022 0.0292 0.0584 0.0146 0.0146 0 0.0146 0 0 0 0 0 0 0 0
1 0.05268 0.1475 0.2634 0.2423 0.1475 0.137 0.03161 0.01054 0.02107 0 0 0 0 0 0 0 0 0 0 0
1 0.01593 0.1673 0.2151 0.1673 0.1036 0.06372 0.03186 0.0239 0 0.007966 0 0 0 0 0 0 0 0 0 0
1 0 0.1349 0.4143 0.1927 0.09636 0.03854 0.02891 0.02891 0.009636 0.009636 0.009636 0 0 0 0 0 0 0 0 0
1 0 0.1347 0.4145 0.2487 0.1347 0.05181 0.01036 0 0.01036 0 0.01036 0 0.01036 0.01036 0 0 0 0 0 0
1 0.06237 0.1871 0.1247 0.2703 0.1351 0.09355 0.07276 0.03118 0.02079 0.01039 0.01039 0.01039 0.01039 0 0 0 0 0 0 0
1 0.02363 0.2363 0.2048 0.07875 0.1339 0.03938 0.02363 0.01575 0.02363 0.007875 0 0 0 0 0 0 0 0 0 0
1 0.08624 0.1509 0.442 0.1401 0.04312 0.1186 0.03234 0.03234 0 0.02156 0.01078 0 0 0 0 0 0 0 0 0
1 0.007275 0.1237 0.1891 0.2037 0.09457 0.0291 0.0582 0.01455 0.007275 0 0 0 0 0 0 0 0 0 0 0
1 0.02526 0.1769 0.2948 0.1769 0.1011 0.008421 0.008421 0.008421 0.01684 0.008421 0.008421 0 0 0.008421 0 0 0 0 0 0
1 0.01616 0.194 0.2101 0.202 0.05657 0.06465 0.02424 0.008081 0.03233 0 0 0 0 0 0 0 0 0 0 0
1 0.04504 0.1576 0.5066 0.1238 0.1464 0.05629 0.05629 0.01126 0 0.01126 0.01126 0 0 0 0 0 0 0 0 0
1 0.008813 0.1851 0.2644 0.2996 0.0705 0.008813 0.008813 0.02644 0.008813 0 0 0 0 0 0 0 0 0 0 0
1 0.03641 0.05461 0.2549 0.09102 0.09709 0.02427 0.02427 0 0.01214 0.006068 0 0.006068 0 0 0 0 0 0 0 0
1 0.04336 0.1156 0.1662 0.2168 0.08672 0.04336 0 0 0.02168 0.007227 0 0.007227 0.007227 0.007227 0 0 0 0 0 0
1 0.03684 0.2088 0.1412 0.07368 0.07982 0.02456 0.03684 0.00614 0 0.00614 0 0 0 0 0 0 0 0 0 0
1 0.06377 0.2551 0.5357 0.1658 0.03826 0.1913 0.01275 0.01275 0 0 0 0 0 0 0 0 0 0 0 0
1 0.01156 0.4393 0.3006 0.2659 0.08093 0.02312 0 0 0.03468 0 0 0 0 0 0 0 0 0 0 0
1 0.02347 0.1056 0.4341 0.2699 0.1995 0.05867 0.01173 0.0352 0.01173 0.02347 0 0 0 0 0 0 0 0 0 0
1 0.01883 0.2071 0.2165 0.3201 0.07531 0.04707 0.03766 0 0.009414 0.009414 0 0 0 0 0 0 0 0 0 0
1 0.04596 0.2574 0.193 0.1287 0.2022 0.04596 0.01838 0.009192 0.009192 0 0 0.009192 0 0 0 0 0 0 0 0
1 0.06719 0.2912 0.3248 0.2016 0.1008 0.08959 0.0336 0.0112 0 0 0 0 0 0 0 0 0 0 0 0
1 0.01784 0.2141 0.2677 0.2052 0.008922 0.0803 0.06246 0.01784 0.01784 0 0 0 0 0 0 0 0 0 0 0
1 0.03431 0.1115 0.3431 0.1544 0.09434 0.06861 0.008577 0.02573 0.008577 0.008577 0 0 0 0 0 0 0 0 0 0
1 0.03304 0.1569 0.1156 0.3056 0.08259 0.08259 0.008259 0.008259 0.02478 0 0 0.008259 0 0 0 0 0 0 0 0
1 0.03508 0.2017 0.2719 0.07016 0.1316 0.08771 0.06139 0.01754 0 0 0 0 0 0 0 0 0 0 0 0
1 0.01844 0.08603 0.1659 0.1536 0.05531 0.06145 0.04302 0.01229 0 0 0.01229 0.006145 0 0 0 0 0 0 0 0
1 0.03159 0.07371 0.1264 0.1527 0.04739 0.04212 0.02106 0.02106 0.01053 0 0 0 0 0 0 0 0 0 0 0
1 0.01842 0.2763 0.2947 0.1013 0.1013 0.05526 0.03684 0.02763 0 0.009209 0 0 0 0 0 0 0 0 0 0
1 0 0.2459 0.3894 0.1332 0.09222 0.07173 0.04099 0.02049 0.03074 0 0 0 0 0 0 0 0 0 0 0
1 0.05839 0.05839 0.2773 0.1606 0.08758 0.0219 0.02919 0.0146 0 0.0146 0 0 0 0.007298 0 0 0 0 0 0
1 0.00766 0.1762 0.1379 0.1762 0.1915 0.03064 0.00766 0.00766 0.01532 0.01532 0 0 0 0 0 0 0 0 0 0
1 0.02097 0.1398 0.2376 0.1188 0.0629 0.06989 0 0.02097 0.02097 0 0 0 0.006989 0 0 0 0 0 0 0
1 0.0865 0.1406 0.2703 0.2811 0.07569 0.1298 0.07569 0 0.01081 0 0.01081 0 0 0 0 0 0 0 0 0
1 0.02612 0.1633 0.1959 0.111 0.07183 0.02612 0.02612 0.01959 0.00653 0 0 0 0 0.00653 0 0 0 0 0 0
1 0.05555 0.1111 0.2291 0.118 0.07638 0.04166 0.02083 0.02083 0.02083 0 0 0 0 0 0 0 0 0 0 0
1 0.02435 0.2272 0.2759 0.1542 0.03246 0.06492 0.01623 0.01623 0 0 0 0 0 0 0 0 0 0 0 0
1 0.01747 0.2184 0.3232 0.1398 0.08735 0.02621 0.04368 0.008735 0 0 0 0 0 0.008735 0 0 0 0 0 0
1 0.03066 0.1022 0.5008 0.2555 0.07154 0.02044 0.03066 0.01022 0 0 0 0 0 0 0 0 0 0 0 0
1 0.0321 0.107 0.2568 0.3852 0.1819 0.04279 0.04279 0.0107 0 0.0107 0 0 0 0 0 0 0 0 0 0
1 0.04557 0.2461 0.2096 0.1732 0.1458 0.03645 0.03645 0.009113 0.009113 0 0 0 0 0 0 0 0 0 0 0
1 0.07454 0.1491 0.4379 0.08385 0.08385 0.02795 0.03727 0.02795 0.009317 0 0 0 0 0 0 0 0 0 0 0
1 0.02037 0.08149 0.163 0.2241 0.05433 0.09508 0.04075 0 0 0 0 0 0 0 0 0 0 0 0 0
1 0.03797 0.1898 0.2848 0.09492 0.1804 0.05695 0.03797 0.03797 0.009492 0.01898 0 0 0 0 0 0 0 0 0 0
1 0.01961 0.183 0.1503 0.1438 0.04575 0.06536 0.02614 0.006536 0.006536 0 0 0.006536 0 0 0 0 0 0 0 0
1 0.01861 0.1954 0.3908 0.121 0.1117 0.01861 0.02791 0.01861 0.01861 0.009304 0 0 0 0 0 0 0 0 0 0
1 0.02506 0.1002 0.213 0.1566 0.05638 0.03758 0.006264 0.01253 0.006264 0.006264 0.006264 0 0 0 0 0 0 0 0 0
1 0.01346 0.1548 0.1884 0.1144 0.0942 0.05383 0.03364 0.006729 0.01346 0 0 0 0 0 0 0 0 0 0 0
1 0.03238 0.09067 0.2202 0.07772 0.136 0.06477 0.01295 0.006477 0.006477 0 0 0 0 0 0 0 0 0 0 0
1 0 0.112 0.1415 0.2004 0.05305 0.04716 0.02947 0 0 0 0 0 0 0 0.005895 0 0 0 0 0
