 landings-at-age - landings.n (units : NA )
1	2	
2	100	
1	20	
1 
0.02659 0.2984 0.8352 0.6934 0.4839 0.3377 0.2357 0.1644 0.1148 0.08008 0.05589 0.039 0.02722 0.01899 0.01325 0.009249 0.006454 0.004504 0.003143 0.007259
0.002951 0.05216 0.1462 0.1214 0.08475 0.05914 0.04127 0.0288 0.0201 0.01403 0.009787 0.00683 0.004766 0.003326 0.002321 0.00162 0.00113 0.0007888 0.0005504 0.001271
0.005546 0.03313 0.1464 0.1219 0.08515 0.05942 0.04147 0.02894 0.02019 0.01409 0.009834 0.006862 0.004789 0.003342 0.002332 0.001627 0.001136 0.0007925 0.000553 0.001277
0.004261 0.06227 0.09297 0.122 0.08549 0.0597 0.04166 0.02907 0.02029 0.01416 0.00988 0.006895 0.004811 0.003358 0.002343 0.001635 0.001141 0.0007963 0.0005557 0.001283
0.003981 0.04784 0.1747 0.07753 0.08557 0.05994 0.04186 0.02921 0.02038 0.01423 0.009927 0.006927 0.004834 0.003374 0.002354 0.001643 0.001146 8e-04 0.0005583 0.001289
0.005153 0.0447 0.1342 0.1457 0.05436 0.06 0.04203 0.02935 0.02048 0.01429 0.009974 0.00696 0.004857 0.00339 0.002365 0.001651 0.001152 0.0008038 0.0005609 0.001295
0.0027 0.05786 0.1254 0.1119 0.1022 0.03811 0.04207 0.02947 0.02058 0.01436 0.01002 0.006993 0.00488 0.003406 0.002377 0.001658 0.001157 0.0008076 0.0005636 0.001302
0.007744 0.03032 0.1624 0.1046 0.07848 0.07163 0.02672 0.0295 0.02066 0.01443 0.01007 0.007026 0.004903 0.003422 0.002388 0.001666 0.001163 0.0008114 0.0005663 0.001308
0.002578 0.08695 0.08507 0.1354 0.07334 0.05503 0.05022 0.01874 0.02068 0.01449 0.01012 0.00706 0.004926 0.003438 0.002399 0.001674 0.001168 0.0008153 0.0005689 0.001314
0.007441 0.02894 0.244 0.07094 0.09493 0.05142 0.03858 0.03521 0.01314 0.0145 0.01016 0.007093 0.00495 0.003454 0.00241 0.001682 0.001174 0.0008191 0.0005716 0.00132
0.005047 0.08355 0.08121 0.2034 0.04974 0.06656 0.03605 0.02705 0.02469 0.009211 0.01017 0.007121 0.004973 0.003471 0.002422 0.00169 0.001179 0.000823 0.0005743 0.001326
0.01078 0.05667 0.2344 0.06772 0.1426 0.03487 0.04667 0.02528 0.01897 0.01731 0.006458 0.007128 0.004993 0.003487 0.002433 0.001698 0.001185 0.0008269 0.0005771 0.001333
0.006737 0.1211 0.159 0.1955 0.04748 0.1 0.02445 0.03272 0.01772 0.0133 0.01214 0.004528 0.004998 0.003501 0.002445 0.001706 0.001191 0.0008308 0.0005798 0.001339
0.002734 0.07564 0.3397 0.1326 0.1371 0.03329 0.07012 0.01714 0.02294 0.01243 0.009324 0.00851 0.003175 0.003504 0.002455 0.001714 0.001196 0.0008348 0.0005825 0.001345
0.006255 0.0307 0.2123 0.2833 0.09296 0.0961 0.02334 0.04917 0.01202 0.01609 0.008713 0.006538 0.005966 0.002226 0.002457 0.001721 0.001202 0.0008387 0.0005853 0.001352
0.005485 0.07023 0.08613 0.177 0.1986 0.06518 0.06738 0.01637 0.03447 0.008428 0.01128 0.006109 0.004584 0.004183 0.001561 0.001723 0.001207 0.0008427 0.0005881 0.001358
0.005633 0.06158 0.1971 0.07182 0.1241 0.1393 0.0457 0.04724 0.01148 0.02417 0.005909 0.007908 0.004283 0.003214 0.002933 0.001094 0.001208 0.000846 0.0005908 0.001365
0.003821 0.06325 0.1728 0.1643 0.05036 0.08701 0.09765 0.03204 0.03312 0.008046 0.01695 0.004143 0.005544 0.003003 0.002253 0.002057 0.0007673 0.0008469 0.0005932 0.001371
0.01699 0.0429 0.1775 0.1441 0.1152 0.03531 0.06101 0.06847 0.02247 0.02323 0.005641 0.01188 0.002905 0.003887 0.002106 0.00158 0.001442 0.000538 0.0005938 0.001377
0.003811 0.1908 0.1204 0.148 0.101 0.08079 0.02476 0.04277 0.04801 0.01575 0.01628 0.003955 0.008331 0.002037 0.002726 0.001476 0.001108 0.001011 0.0003772 0.001382
0.008324 0.04279 0.5354 0.1004 0.1038 0.07084 0.05664 0.01736 0.02999 0.03366 0.01104 0.01142 0.002773 0.005841 0.001428 0.001911 0.001035 0.0007767 0.0007089 0.001233
0.007359 0.09347 0.1201 0.4465 0.07038 0.07275 0.04967 0.03972 0.01217 0.02103 0.0236 0.007744 0.008005 0.001945 0.004096 0.001001 0.00134 0.0007258 0.0005446 0.001362
0.01743 0.08263 0.2623 0.1001 0.3131 0.04935 0.05101 0.03482 0.02785 0.008533 0.01474 0.01655 0.00543 0.005613 0.001363 0.002872 0.000702 0.0009395 0.0005089 0.001337
0.002207 0.1957 0.2318 0.2187 0.0702 0.2195 0.0346 0.03577 0.02442 0.01952 0.005983 0.01034 0.0116 0.003807 0.003935 0.0009559 0.002013 0.0004922 0.0006587 0.001294
0.002388 0.02478 0.5491 0.1933 0.1533 0.04922 0.1539 0.02426 0.02508 0.01712 0.01369 0.004195 0.007248 0.008134 0.002669 0.002759 0.0006702 0.001412 0.0003451 0.001369
0.005095 0.02681 0.06954 0.4579 0.1356 0.1075 0.03451 0.1079 0.01701 0.01758 0.012 0.009598 0.002941 0.005082 0.005703 0.001871 0.001935 0.0004699 0.0009898 0.001202
0.007899 0.05721 0.07522 0.05799 0.3211 0.09504 0.07538 0.0242 0.07566 0.01193 0.01233 0.008416 0.00673 0.002062 0.003563 0.003999 0.001312 0.001356 0.0003295 0.001537
0.00334 0.0887 0.1605 0.06273 0.04066 0.2251 0.06664 0.05285 0.01697 0.05305 0.008362 0.008644 0.005901 0.004718 0.001446 0.002498 0.002804 0.00092 0.0009511 0.001308
0.004271 0.03751 0.2489 0.1339 0.04398 0.02851 0.1578 0.04672 0.03706 0.0119 0.03719 0.005863 0.00606 0.004137 0.003308 0.001014 0.001752 0.001966 0.0006451 0.001584
0.004506 0.04796 0.1052 0.2075 0.09386 0.03084 0.01999 0.1107 0.03276 0.02598 0.00834 0.02608 0.004111 0.004249 0.002901 0.00232 0.0007108 0.001228 0.001378 0.001563
0.003364 0.0506 0.1346 0.08776 0.1455 0.06581 0.02162 0.01401 0.07759 0.02297 0.01822 0.005848 0.01828 0.002882 0.002979 0.002034 0.001626 0.0004984 0.0008611 0.002062
0.002587 0.03777 0.142 0.1122 0.06153 0.102 0.04614 0.01516 0.009826 0.0544 0.0161 0.01277 0.0041 0.01282 0.002021 0.002089 0.001426 0.00114 0.0003494 0.00205
0.002867 0.02904 0.106 0.1184 0.07868 0.04314 0.07153 0.03235 0.01063 0.00689 0.03815 0.01129 0.008956 0.002875 0.008989 0.001417 0.001465 0.0009999 0.0007995 0.001682
0.006949 0.03219 0.08149 0.08839 0.08301 0.05517 0.03025 0.05016 0.02268 0.007453 0.004831 0.02675 0.007917 0.006279 0.002016 0.006302 0.0009935 0.001027 0.0007011 0.00174
0.02225 0.07802 0.09033 0.06795 0.06197 0.0582 0.03868 0.02121 0.03517 0.0159 0.005225 0.003387 0.01875 0.005551 0.004403 0.001413 0.004419 0.0006966 0.00072 0.001712
0.004258 0.2499 0.2189 0.07532 0.04765 0.04345 0.04081 0.02712 0.01487 0.02466 0.01115 0.003664 0.002375 0.01315 0.003892 0.003087 0.0009909 0.003098 0.0004884 0.001705
0.003044 0.04781 0.7011 0.1826 0.05281 0.03341 0.03047 0.02861 0.01902 0.01043 0.01729 0.007819 0.002569 0.001665 0.009219 0.002729 0.002164 0.0006948 0.002172 0.001538
0.004071 0.03418 0.1341 0.5847 0.128 0.03703 0.02342 0.02136 0.02006 0.01333 0.00731 0.01212 0.005482 0.001801 0.001167 0.006464 0.001913 0.001518 0.0004871 0.002601
0.003624 0.04571 0.0959 0.1119 0.4099 0.08975 0.02596 0.01642 0.01498 0.01407 0.009348 0.005126 0.008499 0.003844 0.001263 0.0008185 0.004532 0.001342 0.001064 0.002165
0.2357 2.227 6.908 4.289 4.207 15.42 3.375 0.9765 0.6177 0.5633 0.529 0.3516 0.1928 0.3196 0.1446 0.04749 0.03078 0.1704 0.05045 0.1215
0.3881 3.381 7.776 7.004 3.64 3.57 13.08 2.864 0.8286 0.5241 0.478 0.4489 0.2983 0.1636 0.2712 0.1227 0.0403 0.02612 0.1446 0.1459
0.3403 2.47 5.278 3.513 2.645 1.375 1.348 4.94 1.082 0.3129 0.1979 0.1805 0.1695 0.1127 0.06177 0.1024 0.04632 0.01522 0.009864 0.1097
0.3364 5.606 9.957 6.212 3.465 2.609 1.356 1.33 4.873 1.067 0.3086 0.1952 0.178 0.1672 0.1111 0.06093 0.101 0.04569 0.01501 0.1179
0.2045 3.446 14.04 7.237 3.778 2.107 1.586 0.8245 0.8087 2.963 0.6488 0.1877 0.1187 0.1083 0.1017 0.06758 0.03705 0.06144 0.02779 0.08085
0.4782 3.066 12.57 14.87 6.414 3.348 1.868 1.406 0.7307 0.7167 2.626 0.575 0.1663 0.1052 0.09596 0.09012 0.05989 0.03284 0.05445 0.09628
0.1684 4.531 7.075 8.374 8.277 3.571 1.864 1.04 0.7828 0.4068 0.399 1.462 0.3201 0.09261 0.05858 0.05342 0.05018 0.03335 0.01828 0.08392
0.1636 1.608 10.58 4.789 4.742 4.687 2.022 1.055 0.5888 0.4433 0.2304 0.2259 0.828 0.1813 0.05244 0.03317 0.03025 0.02841 0.01888 0.05787
0.1736 2.282 5.468 10.45 3.961 3.922 3.876 1.672 0.8729 0.487 0.3666 0.1905 0.1869 0.6848 0.1499 0.04337 0.02743 0.02502 0.0235 0.06348
0.5178 2.007 6.415 4.447 7.105 2.693 2.666 2.635 1.137 0.5935 0.3311 0.2493 0.1295 0.1271 0.4656 0.1019 0.02949 0.01865 0.01701 0.05914
0.9816 5.329 5.031 4.65 2.694 4.304 1.632 1.615 1.597 0.6889 0.3596 0.2006 0.151 0.07848 0.07697 0.2821 0.06176 0.01787 0.0113 0.04613
0.1992 12.04 15.9 4.347 3.36 1.947 3.11 1.179 1.167 1.154 0.4978 0.2598 0.1449 0.1091 0.05671 0.05562 0.2038 0.04462 0.01291 0.0415
0.2178 2.431 35.65 13.59 3.105 2.4 1.391 2.222 0.8423 0.8339 0.8243 0.3556 0.1856 0.1036 0.07795 0.04051 0.03974 0.1456 0.03188 0.03887
0.1947 2.173 5.894 24.91 7.935 1.813 1.401 0.8118 1.297 0.4917 0.4868 0.4812 0.2076 0.1084 0.06045 0.0455 0.02365 0.0232 0.085 0.0413
0.153 2.256 6.119 4.796 16.95 5.398 1.233 0.9531 0.5522 0.8824 0.3345 0.3312 0.3273 0.1412 0.07371 0.04112 0.03096 0.01609 0.01578 0.08592
0.5742 1.852 6.622 5.184 3.396 12 3.822 0.8732 0.6749 0.391 0.6248 0.2368 0.2345 0.2318 0.1 0.0522 0.02912 0.02192 0.01139 0.07201
0.2838 6.142 4.806 4.95 3.236 2.12 7.492 2.386 0.5451 0.4214 0.2441 0.3901 0.1479 0.1464 0.1447 0.06243 0.03259 0.01818 0.01368 0.05207
0.08821 2.986 15.7 3.543 3.049 1.994 1.306 4.615 1.47 0.3358 0.2596 0.1504 0.2403 0.09109 0.09019 0.08914 0.03846 0.02008 0.0112 0.04051
0.2115 1.029 8.462 12.85 2.423 2.085 1.364 0.8934 3.157 1.005 0.2297 0.1775 0.1029 0.1643 0.0623 0.06168 0.06097 0.0263 0.01373 0.03537
0.3568 1.978 2.345 5.564 7.059 1.332 1.146 0.7492 0.4909 1.734 0.5524 0.1262 0.09755 0.05652 0.0903 0.03423 0.03389 0.0335 0.01445 0.02698
0.4063 3.816 5.162 1.774 3.522 4.468 0.8428 0.7253 0.4743 0.3107 1.098 0.3497 0.07989 0.06174 0.03578 0.05716 0.02167 0.02145 0.0212 0.02622
0.0746 3.41 7.853 3.086 0.8873 1.761 2.235 0.4215 0.3627 0.2372 0.1554 0.549 0.1749 0.03995 0.03088 0.01789 0.02859 0.01084 0.01073 0.02372
0.1083 0.8816 9.887 6.646 2.188 0.6292 1.249 1.584 0.2989 0.2572 0.1682 0.1102 0.3893 0.124 0.02833 0.02189 0.01269 0.02027 0.007683 0.02442
0.572 1.902 3.77 12.3 6.928 2.28 0.6558 1.302 1.651 0.3115 0.2681 0.1753 0.1148 0.4058 0.1292 0.02953 0.02282 0.01322 0.02113 0.03347
0.1817 4.251 3.456 1.979 5.397 3.038 1 0.2876 0.5709 0.7243 0.1366 0.1176 0.07688 0.05037 0.178 0.05668 0.01295 0.01001 0.005799 0.02394
0.109 1.679 9.654 2.288 1.097 2.992 1.684 0.5544 0.1594 0.3165 0.4015 0.07574 0.06518 0.04262 0.02792 0.09865 0.03142 0.007179 0.005548 0.01649
0.5674 2.153 8.084 13.56 2.693 1.291 3.521 1.982 0.6525 0.1876 0.3725 0.4726 0.08913 0.07671 0.05016 0.03286 0.1161 0.03698 0.008448 0.02593
0.1025 4.229 3.925 4.26 5.971 1.186 0.5686 1.551 0.8731 0.2874 0.08265 0.1641 0.2081 0.03926 0.03378 0.02209 0.01447 0.05114 0.01629 0.01514
0.07646 1.202 12.15 3.286 2.987 4.187 0.8317 0.3987 1.087 0.6122 0.2015 0.05795 0.115 0.1459 0.02753 0.02369 0.01549 0.01015 0.03586 0.02204
0.4548 1.037 3.977 11.7 2.65 2.409 3.377 0.6707 0.3215 0.8769 0.4937 0.1625 0.04673 0.09277 0.1177 0.0222 0.0191 0.01249 0.008184 0.04669
0.4815 5.097 2.833 3.152 7.757 1.756 1.597 2.238 0.4445 0.2131 0.5812 0.3272 0.1077 0.03097 0.06149 0.078 0.01471 0.01266 0.008279 0.03637
0.7716 4.721 12.21 1.969 1.832 4.509 1.021 0.9283 1.301 0.2584 0.1239 0.3379 0.1902 0.06262 0.01801 0.03575 0.04535 0.008554 0.007361 0.02596
0.1177 6.865 10.31 7.761 1.047 0.9745 2.398 0.5431 0.4937 0.692 0.1375 0.06589 0.1797 0.1012 0.0333 0.009578 0.01901 0.02412 0.004549 0.01772
0.7994 2.252 31.99 14 8.83 1.192 1.109 2.729 0.6178 0.5617 0.7873 0.1564 0.07496 0.2044 0.1151 0.03789 0.0109 0.02163 0.02744 0.02534
0.1279 6.741 4.634 19.01 6.95 4.383 0.5915 0.5503 1.354 0.3067 0.2788 0.3908 0.07763 0.03721 0.1015 0.05714 0.01881 0.005409 0.01074 0.0262
0.2539 1.333 17.2 3.436 11.8 4.313 2.72 0.3671 0.3416 0.8406 0.1904 0.173 0.2425 0.04818 0.02309 0.06299 0.03546 0.01167 0.003357 0.02292
0.4997 3.782 4.837 18.13 3.033 10.41 3.806 2.401 0.324 0.3014 0.7419 0.168 0.1527 0.214 0.04252 0.02038 0.05559 0.0313 0.0103 0.02319
0.14 5.663 10.42 3.847 12.06 2.016 6.921 2.531 1.596 0.2154 0.2004 0.4933 0.1117 0.1015 0.1423 0.02827 0.01355 0.03696 0.02081 0.02227
0.1138 1.604 15.76 8.366 2.583 8.094 1.354 4.646 1.699 1.072 0.1446 0.1345 0.3311 0.07498 0.06817 0.09554 0.01898 0.009098 0.02481 0.02892
0.2055 1.178 4.038 11.45 5.079 1.568 4.914 0.8219 2.821 1.032 0.6506 0.0878 0.08169 0.2011 0.04553 0.04139 0.05801 0.01152 0.005524 0.03262
0.655 2.206 3.081 3.053 7.236 3.21 0.9912 3.106 0.5195 1.783 0.652 0.4112 0.0555 0.05163 0.1271 0.02878 0.02616 0.03667 0.007283 0.02411
0.1915 5.566 4.587 1.856 1.538 3.645 1.617 0.4994 1.565 0.2617 0.8983 0.3285 0.2072 0.02796 0.02601 0.06402 0.0145 0.01318 0.01847 0.01582
0.7414 2.192 15.61 3.747 1.269 1.052 2.493 1.106 0.3416 1.07 0.179 0.6144 0.2247 0.1417 0.01912 0.01779 0.04379 0.009916 0.009014 0.02345
0.5959 10.8 7.788 16.13 3.242 1.098 0.9101 2.157 0.9571 0.2955 0.926 0.1549 0.5316 0.1944 0.1226 0.01654 0.01539 0.03788 0.008578 0.02809
0.5939 6.527 28.82 6.01 10.41 2.092 0.7086 0.5872 1.392 0.6175 0.1907 0.5974 0.09992 0.343 0.1254 0.0791 0.01067 0.009931 0.02444 0.02366
0.3113 6.16 16.51 21.1 3.68 6.372 1.281 0.4339 0.3595 0.8521 0.3781 0.1167 0.3658 0.06118 0.21 0.07679 0.04843 0.006536 0.006081 0.02945
0.1049 2.773 13.44 10.45 11.18 1.949 3.375 0.6782 0.2298 0.1904 0.4513 0.2002 0.06183 0.1937 0.0324 0.1112 0.04067 0.02565 0.003461 0.01882
0.1064 0.9986 6.488 9.166 5.97 6.384 1.113 1.928 0.3874 0.1313 0.1088 0.2578 0.1144 0.03532 0.1107 0.01851 0.06353 0.02323 0.01465 0.01273
0.1846 1.92 4.397 8.335 9.867 6.427 6.873 1.199 2.075 0.4171 0.1413 0.1171 0.2775 0.1231 0.03802 0.1191 0.01993 0.0684 0.02501 0.02948
1.154 2.357 5.95 3.939 6.243 7.39 4.814 5.147 0.8976 1.554 0.3124 0.1058 0.0877 0.2079 0.09223 0.02848 0.08923 0.01492 0.05123 0.04081
0.9229 13.26 6.564 4.772 2.639 4.182 4.951 3.225 3.449 0.6014 1.041 0.2093 0.07091 0.05876 0.1393 0.06179 0.01908 0.05978 0.009999 0.06166
0.4431 9.185 32.05 4.568 2.774 1.534 2.431 2.878 1.875 2.004 0.3495 0.6053 0.1216 0.04121 0.03415 0.08094 0.03591 0.01109 0.03475 0.04165
0.1645 3.428 17.38 17.54 2.09 1.269 0.7017 1.112 1.317 0.8576 0.917 0.1599 0.2769 0.05565 0.01885 0.01562 0.03703 0.01643 0.005073 0.03495
0.267 1.558 7.974 11.79 9.965 1.187 0.7207 0.3986 0.6317 0.7478 0.4871 0.5208 0.09083 0.1573 0.03161 0.01071 0.008874 0.02103 0.009332 0.02273
0.136 3.192 4.575 6.844 8.477 7.166 0.8535 0.5183 0.2866 0.4542 0.5377 0.3503 0.3745 0.06531 0.1131 0.02273 0.007701 0.006381 0.01512 0.02306
0.5655 1.905 10.94 4.573 5.73 7.098 6 0.7147 0.434 0.24 0.3804 0.4503 0.2933 0.3136 0.05469 0.09471 0.01903 0.006448 0.005343 0.03197
0.8793 7.793 6.392 10.66 3.729 4.673 5.788 4.893 0.5828 0.3539 0.1957 0.3102 0.3672 0.2392 0.2557 0.0446 0.07723 0.01552 0.005258 0.03043
0.4174 11.26 24.19 5.732 7.989 2.795 3.503 4.339 3.668 0.4369 0.2653 0.1467 0.2325 0.2752 0.1793 0.1917 0.03343 0.05789 0.01163 0.02675
0.08545 2.999 19.75 12.24 2.423 3.377 1.181 1.481 1.834 1.55 0.1847 0.1121 0.06201 0.09827 0.1163 0.07578 0.08103 0.01413 0.02447 0.01623
0.1983 0.939 8.074 15.49 8.037 1.59 2.217 0.7755 0.9719 1.204 1.018 0.1212 0.07361 0.0407 0.06451 0.07637 0.04975 0.05319 0.009276 0.02671
