Originally  
101 
A 
2	100	
1	1	NA	NA	
1	20	
1 588 249.9 147 161.7 88.21 44.1 88.21 29.4 14.7 29.4 0 14.7 0 0 0 0 0 14.7 0 0
1 812.5 270.8 186.2 101.6 101.6 50.78 33.85 16.93 67.71 16.93 16.93 0 16.93 0 0 0 0 0 0 0
1 535.7 646.5 203.2 129.3 55.41 166.2 18.47 18.47 18.47 36.94 18.47 0 0 0 0 0 0 0 0 0
1 352.4 450.3 587.4 254.5 78.32 58.74 39.16 39.16 0 0 19.58 19.58 0 0 39.16 0 19.58 0 0 0
1 239.2 434.9 434.9 630.5 108.7 130.5 65.23 0 86.97 21.74 0 21.74 0 0 0 0 0 0 0 0
1 1561 130.1 208.1 182.1 312.1 52.02 52.02 0 52.02 26.01 0 0 0 0 0 0 0 0 0 26.01
1 418.8 856.7 76.15 57.11 152.3 209.4 38.08 0 57.11 0 0 0 0 19.04 19.04 0 0 0 0 0
1 551.3 308.1 518.8 16.21 16.21 64.86 48.64 0 16.21 16.21 32.43 0 0 0 16.21 0 0 0 0 16.21
1 1211 830.7 276.9 553.8 34.61 103.8 34.61 311.5 0 34.61 0 0 0 0 0 0 34.61 0 0 34.61
1 450.5 847.9 556.5 132.5 344.5 53 79.49 0 53 53 0 26.5 26.5 0 0 0 26.5 0 0 0
1 664.5 519.1 290.7 249.2 103.8 166.1 0 0 20.77 62.3 0 0 0 0 0 0 0 0 0 0
1 391.9 587.9 465.4 293.9 269.4 122.5 269.4 0 24.5 24.5 0 0 0 0 0 0 0 0 0 0
1 287.7 308.2 513.7 267.1 287.7 184.9 20.55 102.7 41.1 20.55 0 20.55 0 0 0 0 0 0 0 0
1 432.1 207.4 311.1 293.9 138.3 121 86.43 0 86.43 0 17.29 0 34.57 0 0 0 0 0 0 0
1 208.7 339.2 117.4 156.5 156.5 104.4 78.27 39.13 26.09 52.18 0 0 0 13.04 0 0 0 0 0 13.04
1 431.1 242.5 323.3 94.3 40.42 107.8 13.47 13.47 40.42 0 13.47 0 13.47 13.47 0 0 0 0 0 0
1 219.9 236.8 169.2 372.2 50.75 169.2 253.7 67.67 33.83 84.58 0 16.92 0 16.92 0 0 0 0 0 0
1 262 94.31 136.2 62.87 83.83 62.87 52.39 115.3 41.91 41.91 20.96 20.96 31.44 0 0 0 0 0 0 20.96
1 595 208.3 148.8 74.38 59.5 104.1 14.88 59.5 89.26 44.63 59.5 0 0 14.88 0 0 0 14.88 0 0
1 180.9 618.1 135.7 45.23 135.7 75.38 45.23 0 75.38 30.15 30.15 45.23 45.23 0 0 0 0 45.23 0 0
1 661.9 143.1 286.2 286.2 71.56 71.56 89.45 53.67 17.89 35.78 53.67 0 0 0 0 0 0 17.89 0 0
1 424.9 470.4 91.05 242.8 45.53 60.7 60.7 45.53 30.35 0 15.18 15.18 0 0 0 15.18 0 0 0 0
1 598.7 208.3 143.2 13.02 78.1 52.06 52.06 52.06 26.03 26.03 0 13.02 0 13.02 0 0 0 13.02 0 13.02
1 1439 657 219 312.9 93.86 187.7 62.57 0 31.29 62.57 62.57 0 0 0 0 0 0 0 0 0
1 261.7 1047 666.3 95.18 95.18 71.38 0 47.59 0 47.59 0 0 23.79 0 0 23.79 0 0 0 0
1 561.3 160.4 449 176.4 80.18 48.11 0 32.07 32.07 0 0 16.04 32.07 0 0 0 0 16.04 0 0
1 485.4 522.8 149.4 298.7 149.4 93.35 93.35 0 37.34 18.67 0 18.67 0 0 0 0 0 0 0 0
1 999.4 464.8 395.1 46.48 162.7 139.5 69.73 46.48 0 0 0 0 0 0 0 0 0 0 0 0
1 533.7 858.5 162.4 301.6 23.2 139.2 69.61 69.61 116 0 46.41 0 0 0 0 0 0 0 0 0
1 536.6 309.6 516 103.2 247.7 41.28 82.56 103.2 20.64 82.56 0 0 0 0 0 0 0 0 0 20.64
1 222.6 254.4 159 349.9 143.1 190.8 47.71 111.3 31.81 47.71 15.9 0 15.9 0 0 0 0 0 0 0
1 703.8 234.6 198.5 198.5 216.6 54.14 72.18 36.09 18.05 36.09 36.09 0 0 0 0 0 0 0 0 0
1 610 359.7 93.84 109.5 31.28 125.1 15.64 93.84 0 62.56 0 0 31.28 15.64 15.64 0 0 0 0 0
1 983.9 480 456 48 144 71.99 120 0 0 0 48 24 0 24 0 0 0 0 0 0
1 288.6 371 151.2 233.6 54.97 96.19 41.22 96.19 27.48 0 0 13.74 0 0 0 0 0 0 0 0
1 769.8 513.2 436.2 205.3 256.6 76.98 51.32 25.66 128.3 0 102.6 0 0 0 0 0 0 0 0 0
1 389.6 315.4 315.4 222.7 222.7 74.22 92.77 55.66 37.11 55.66 18.55 0 0 18.55 0 0 18.55 0 18.55 0
1 411.4 378.5 312.7 98.74 181 65.83 82.28 0 32.91 32.91 16.46 0 0 0 32.91 0 0 0 0 0
1 309.1 270.5 167.5 154.6 103 64.41 51.52 103 12.88 0 0 0 12.88 12.88 12.88 12.88 0 0 0 0
1 195.5 195.5 158.3 74.49 130.4 46.56 55.87 18.62 27.93 0 9.311 9.311 0 0 0 0 9.311 0 0 0
1 1215 350.6 303.9 93.49 163.6 23.37 23.37 70.12 46.75 23.37 0 0 23.37 0 0 0 0 0 0 0
1 588.9 425.3 114.5 130.9 65.44 98.15 81.79 49.08 16.36 0 32.72 0 0 0 16.36 0 0 0 0 16.36
1 749.8 656.1 468.6 140.6 117.2 46.86 0 23.43 46.86 70.29 0 0 0 0 0 0 0 0 0 23.43
1 176.7 385.5 401.5 353.4 80.31 0 32.12 32.12 16.06 32.12 32.12 32.12 32.12 0 0 0 0 0 0 0
1 114.1 95.07 218.7 256.7 123.6 28.52 66.55 19.01 19.01 9.507 0 0 0 0 0 0 0 0 0 0
1 66.78 162.2 171.7 209.9 124 76.32 28.62 9.541 19.08 28.62 9.541 0 9.541 0 19.08 9.541 0 0 9.541 0
1 504.7 96.14 60.09 120.2 144.2 156.2 48.07 24.03 12.02 0 0 12.02 12.02 12.02 0 0 0 0 0 0
1 1442 428.1 90.12 67.59 22.53 22.53 45.06 45.06 22.53 0 0 0 45.06 0 0 0 0 0 0 22.53
1 155.9 1160 207.8 34.64 17.32 34.64 34.64 34.64 34.64 0 0 0 0 0 0 0 0 17.32 0 0
1 756.8 64.86 929.7 237.8 21.62 43.24 0 43.24 43.24 21.62 0 0 0 0 0 0 0 0 0 0
1 1337 1003 111.4 705.6 334.2 0 0 74.27 74.27 0 37.14 0 0 37.14 0 0 0 0 0 0
1 171.9 816.7 494.3 107.5 322.4 85.97 42.99 42.99 21.49 21.49 0 21.49 0 0 0 0 0 0 0 0
1 194.3 97.13 364.2 279.3 60.71 133.6 36.42 0 12.14 12.14 12.14 0 0 0 12.14 0 0 0 0 0
1 162.9 150.3 75.16 488.6 162.9 75.16 87.69 12.53 12.53 12.53 0 0 0 0 12.53 0 0 0 0 0
1 397.1 94.04 62.69 62.69 229.9 125.4 10.45 41.8 20.9 0 0 0 0 0 0 0 0 0 0 0
1 960.8 326.3 90.64 54.39 54.39 145 72.52 0 72.52 0 0 0 0 0 18.13 0 0 0 0 18.13
1 346.3 371.1 222.6 37.11 0 12.37 160.8 49.48 12.37 24.74 0 0 0 0 0 0 0 0 0 0
1 538.8 269.4 459.6 110.9 0 15.85 0 79.23 0 15.85 63.39 31.69 0 0 0 0 0 0 0 0
1 501 273.3 242.9 318.8 121.5 0 0 30.37 15.18 15.18 0 0 0 0 0 0 0 0 0 0
1 327.6 327.6 109.2 60.66 169.8 121.3 24.26 24.26 12.13 36.39 0 0 0 0 0 0 0 0 0 0
1 731.6 94.83 108.4 189.7 40.64 67.74 94.83 0 0 0 0 0 0 27.1 0 0 0 0 0 0
1 151.6 1062 170.6 113.7 75.82 75.82 151.6 37.91 37.91 0 0 0 0 0 18.96 0 0 0 0 0
1 823.8 108.4 498.6 108.4 130.1 173.4 108.4 65.03 43.36 65.03 0 0 21.68 0 21.68 0 0 0 0 0
1 154.8 297.8 119.1 381.2 35.73 71.47 23.82 47.65 23.82 11.91 0 0 11.91 0 11.91 0 0 0 0 0
1 192.2 54.91 274.5 82.36 173.9 18.3 36.61 0 9.151 54.91 0 0 0 9.151 9.151 0 0 0 0 0
1 934.8 136 67.99 254.9 67.99 119 67.99 33.99 0 0 0 17 0 0 0 0 0 0 0 0
1 257.2 480.9 44.74 44.74 123 55.92 44.74 0 11.18 11.18 22.37 11.18 11.18 0 0 0 0 0 0 0
1 639.9 218.5 390.2 0 15.61 78.04 46.82 93.65 31.22 0 31.22 0 0 0 0 0 0 15.61 0 0
1 730.5 255.7 200.9 292.2 54.79 0 164.4 0 91.31 18.26 0 18.26 0 0 0 0 0 0 0 0
1 914.8 501 152.5 261.4 239.6 43.56 0 43.56 0 21.78 0 0 0 0 0 0 0 0 0 0
1 400.7 544.9 352.6 80.14 112.2 48.08 32.06 0 0 0 16.03 0 0 16.03 0 0 0 0 0 0
1 259.2 218.3 300.2 245.6 122.8 109.2 54.58 13.64 0 27.29 0 0 0 0 0 0 13.64 0 0 0
1 255.5 88.1 149.8 185 96.91 26.43 17.62 35.24 0 0 17.62 0 8.81 0 0 0 0 0 0 0
1 314.1 142.8 104.7 133.2 133.2 38.07 9.517 28.55 28.55 0 0 19.03 0 0 0 0 0 0 0 0
1 369.3 138.5 242.4 92.33 46.16 127 46.16 0 34.62 46.16 11.54 0 0 0 0 0 0 0 0 0
1 404 420.2 226.3 145.5 80.81 113.1 113.1 64.65 16.16 0 16.16 16.16 0 0 0 0 0 0 0 0
1 700.6 151.1 219.8 109.9 54.95 27.47 41.21 41.21 27.47 0 0 0 0 0 0 0 0 0 0 0
1 362.7 325.2 162.6 187.6 50.03 12.51 12.51 12.51 62.53 37.52 0 12.51 12.51 0 0 0 0 0 0 0
1 155.5 192.1 192.1 82.34 118.9 64.05 27.45 9.149 18.3 27.45 18.3 0 0 9.149 0 0 0 0 0 0
1 568.5 157.9 205.3 331.6 78.96 78.96 31.58 63.17 47.37 0 15.79 0 0 0 0 0 0 0 0 0
1 567.5 283.7 127.7 127.7 127.7 0 85.12 14.19 42.56 0 0 28.37 14.19 0 0 0 0 0 0 0
1 429.2 271.1 169.4 33.88 79.06 45.18 56.47 11.29 0 22.59 11.29 0 0 0 0 0 0 0 0 0
1 808.6 404.3 252.7 50.54 50.54 50.54 33.69 33.69 0 0 0 0 0 0 0 0 0 0 0 0
1 182.8 435.9 337.5 210.9 126.6 14.06 56.25 28.12 0 0 0 0 0 14.06 0 0 0 0 0 0
1 435.1 149.6 353.5 163.2 108.8 54.39 0 27.2 13.6 13.6 27.2 0 0 0 0 0 13.6 0 0 0
1 551.8 334 87.12 188.8 87.12 87.12 43.56 0 14.52 0 0 58.08 0 0 0 0 0 0 0 0
1 686.5 283.5 194 29.85 104.5 89.54 44.77 44.77 0 0 14.92 0 0 0 0 0 0 0 0 0
1 170.4 454.4 426 127.8 14.2 127.8 28.4 28.4 14.2 0 14.2 14.2 0 0 0 0 0 0 0 0
1 475.5 33.17 331.7 99.52 22.12 33.17 44.23 22.12 22.12 11.06 0 0 11.06 0 0 0 0 0 0 0
1 182.3 230.9 85.06 340.3 170.1 121.5 12.15 36.46 24.3 0 0 0 12.15 0 0 0 0 0 0 0
1 556.7 190.5 249.1 29.3 205.1 161.2 14.65 0 43.95 0 0 0 14.65 0 0 0 0 0 0 0
1 278.3 216.5 144.3 123.7 72.16 82.47 61.85 30.93 0 10.31 0 0 10.31 0 0 0 0 0 0 0
1 409.9 260.8 273.3 62.1 161.5 24.84 12.42 12.42 12.42 0 0 0 0 12.42 0 0 0 0 0 0
1 915.2 348.6 370.4 239.7 152.5 0 43.58 43.58 65.37 0 0 0 0 0 0 0 0 0 0 0
1 209.7 441.4 154.5 77.25 121.4 44.14 33.11 11.04 0 11.04 0 0 0 0 0 0 0 0 0 0
1 358.4 159.3 424.8 146 66.37 66.37 26.55 53.09 0 13.27 0 0 0 0 0 0 0 0 0 13.27
1 410.4 225.1 132.4 264.8 105.9 26.48 52.96 13.24 26.48 0 66.2 0 0 0 0 0 0 0 0 0
1 431.8 190.5 165.1 165.1 127 50.8 50.8 50.8 0 25.4 0 12.7 0 0 0 0 0 0 0 0
1 127 211.7 201.1 222.3 52.93 137.6 52.93 21.17 0 21.17 0 0 0 0 0 0 10.59 0 0 0
