 landings-at-age - landings.n (units : NA )
1	2	
42	100	
1	20	
1 
3.421 18.15 53.28 41.5 17.43 5.74 5.204 1.35 10.73 3.581 0.7603 1.548 1.647 0.5825 0.858 0.309 0.479 0.125 0.07013 0.2419
2.269 41.78 49.82 39.15 25.1 10.54 3.471 3.147 0.816 6.486 2.165 0.4597 0.936 0.996 0.3522 0.5188 0.1869 0.2896 0.07557 0.1887
1.082 22.41 93.15 29.49 19.02 12.19 5.12 1.686 1.529 0.3964 3.151 1.052 0.2233 0.4547 0.4839 0.1711 0.2521 0.09079 0.1407 0.1284
0.7176 11.56 54.29 60.49 15.76 10.16 6.513 2.735 0.9009 0.8167 0.2118 1.683 0.562 0.1193 0.2429 0.2585 0.09142 0.1347 0.0485 0.1438
1.003 8.152 29.72 37.47 34.36 8.951 5.772 3.7 1.554 0.5118 0.464 0.1203 0.9563 0.3193 0.06778 0.138 0.1469 0.05193 0.0765 0.1092
0.6547 10.93 20.08 19.59 20.32 18.63 4.853 3.13 2.006 0.8425 0.2775 0.2516 0.06523 0.5185 0.1731 0.03675 0.07482 0.07962 0.02816 0.1007
0.5463 7.456 28.06 13.79 11.07 11.48 10.52 2.741 1.768 1.133 0.4759 0.1567 0.1421 0.03685 0.2929 0.09777 0.02076 0.04226 0.04497 0.07278
1.081 5.436 16.82 16.9 6.825 5.476 5.679 5.208 1.356 0.8748 0.5607 0.2355 0.07756 0.07031 0.01823 0.1449 0.04838 0.01027 0.02091 0.05827
1.247 13.56 15.33 12.74 10.54 4.257 3.415 3.542 3.248 0.846 0.5456 0.3497 0.1469 0.04837 0.04385 0.01137 0.09039 0.03018 0.006407 0.04939
1.216 13.01 31.82 9.553 6.516 5.389 2.177 1.746 1.811 1.661 0.4326 0.279 0.1788 0.0751 0.02473 0.02242 0.005815 0.04622 0.01543 0.02853
1.056 13.73 32.98 21.49 5.3 3.615 2.99 1.208 0.9689 1.005 0.9214 0.24 0.1548 0.09921 0.04167 0.01372 0.01244 0.003226 0.02564 0.02439
1.509 11 32.2 20.56 11 2.713 1.85 1.53 0.618 0.4959 0.5142 0.4716 0.1228 0.07921 0.05077 0.02132 0.007023 0.006367 0.001651 0.02561
0.8627 15.93 26.27 20.53 10.78 5.765 1.422 0.9698 0.8022 0.324 0.2599 0.2695 0.2472 0.06439 0.04152 0.02662 0.01118 0.003681 0.003338 0.01429
0.3174 9.711 40.5 17.88 11.5 6.036 3.229 0.7964 0.5432 0.4493 0.1815 0.1456 0.151 0.1384 0.03606 0.02326 0.01491 0.006261 0.002062 0.009872
0.5188 3.549 24.46 27.23 9.884 6.356 3.336 1.785 0.4402 0.3002 0.2483 0.1003 0.08047 0.08344 0.07652 0.01993 0.01285 0.00824 0.003461 0.006596
1.143 5.257 8.141 14.97 13.69 4.97 3.196 1.677 0.8973 0.2213 0.151 0.1249 0.05043 0.04046 0.04196 0.03848 0.01002 0.006463 0.004143 0.005057
0.8475 14.06 14.55 6.038 9.136 8.357 3.034 1.951 1.024 0.5477 0.1351 0.09214 0.07622 0.03078 0.0247 0.02561 0.02349 0.006118 0.003945 0.005616
0.6938 8.481 31.75 8.719 2.97 4.494 4.111 1.492 0.9596 0.5037 0.2694 0.06646 0.04532 0.03749 0.01514 0.01215 0.0126 0.01155 0.003009 0.004703
1.439 7.483 20.71 20.75 4.688 1.597 2.416 2.21 0.8023 0.5159 0.2708 0.1448 0.03573 0.02437 0.02016 0.008141 0.006531 0.006773 0.006211 0.004146
0.5281 17.38 20.31 15.04 12.4 2.801 0.9541 1.444 1.321 0.4794 0.3083 0.1618 0.08655 0.02135 0.01456 0.01204 0.004865 0.003903 0.004047 0.006189
0.2871 5.713 42.17 13.07 7.939 6.547 1.479 0.5037 0.7622 0.6972 0.2531 0.1628 0.08542 0.04569 0.01127 0.007687 0.006358 0.002568 0.00206 0.005404
1.479 3.174 14.15 27.71 7.049 4.283 3.532 0.7978 0.2717 0.4112 0.3761 0.1365 0.08781 0.04609 0.02465 0.006081 0.004147 0.00343 0.001385 0.004027
0.8617 14.64 7.09 8.39 13.48 3.429 2.084 1.718 0.3881 0.1322 0.2 0.183 0.06642 0.04271 0.02242 0.01199 0.002958 0.002017 0.001669 0.002633
0.5015 9.693 37.19 4.821 4.692 7.54 1.918 1.165 0.961 0.217 0.07393 0.1119 0.1023 0.03715 0.02389 0.01254 0.006707 0.001654 0.001128 0.002406
0.7128 5.431 23.7 24.29 2.587 2.519 4.047 1.029 0.6255 0.5158 0.1165 0.03968 0.06004 0.05492 0.01994 0.01282 0.00673 0.0036 0.000888 0.001897
0.6136 7.869 13.53 15.77 13.29 1.416 1.378 2.215 0.5633 0.3423 0.2823 0.06376 0.02172 0.03286 0.03006 0.01091 0.007018 0.003683 0.00197 0.001524
0.6567 6.303 18.32 8.417 8.068 6.798 0.7242 0.705 1.133 0.2881 0.1751 0.1444 0.03261 0.01111 0.01681 0.01537 0.005581 0.003589 0.001884 0.001787
0.7571 8.052 17.39 13.56 5.128 4.915 4.142 0.4413 0.4295 0.6902 0.1755 0.1067 0.08796 0.01987 0.006767 0.01024 0.009367 0.0034 0.002187 0.002237
0.9127 7.824 18.74 10.76 6.883 2.604 2.496 2.103 0.224 0.2181 0.3504 0.08912 0.05416 0.04466 0.01009 0.003436 0.005199 0.004756 0.001726 0.002246
1.686 9.265 18.02 11.54 5.445 3.484 1.318 1.263 1.064 0.1134 0.1104 0.1774 0.04511 0.02741 0.0226 0.005106 0.001739 0.002632 0.002407 0.002011
0.8315 19.78 24.57 12.85 6.777 3.197 2.046 0.7738 0.7417 0.625 0.06658 0.06481 0.1041 0.02649 0.0161 0.01327 0.002998 0.001021 0.001545 0.002594
1.304 8.989 48.31 16.04 6.894 3.637 1.716 1.098 0.4153 0.398 0.3354 0.03573 0.03478 0.05589 0.01421 0.008638 0.007123 0.001609 0.000548 0.002221
0.5542 14.98 23.24 33.39 9.117 3.918 2.067 0.9752 0.6239 0.236 0.2262 0.1906 0.02031 0.01977 0.03176 0.008078 0.004909 0.004048 0.0009143 0.001574
1.232 5.797 35.34 14.6 17.23 4.704 2.022 1.067 0.5032 0.3219 0.1218 0.1167 0.09835 0.01048 0.0102 0.01639 0.004168 0.002533 0.002089 0.001284
1.448 12.82 13.67 22.3 7.577 8.938 2.441 1.049 0.5534 0.2611 0.167 0.06319 0.06056 0.05103 0.005437 0.005292 0.008504 0.002163 0.001314 0.00175
1.392 16.16 32.45 9.295 12.48 4.24 5.001 1.366 0.5869 0.3096 0.1461 0.09347 0.03536 0.03389 0.02855 0.003042 0.002961 0.004758 0.00121 0.001715
0.5812 16.62 43.42 23.34 5.5 7.384 2.509 2.959 0.8081 0.3473 0.1832 0.08644 0.0553 0.02092 0.02005 0.0169 0.0018 0.001752 0.002815 0.001731
1.116 5.815 37.57 26.1 11.52 2.714 3.644 1.238 1.46 0.3988 0.1714 0.09042 0.04266 0.02729 0.01032 0.009896 0.008338 0.0008884 0.0008647 0.002244
1.346 12.7 14.94 25.86 14.78 6.523 1.537 2.064 0.7012 0.8272 0.2259 0.09708 0.05121 0.02416 0.01546 0.005848 0.005605 0.004723 0.0005032 0.001761
0.7863 15.68 33.21 10.42 14.82 8.473 3.738 0.8811 1.183 0.4019 0.4741 0.1295 0.05564 0.02935 0.01385 0.00886 0.003351 0.003212 0.002707 0.001297
0.2509 7.744 34.86 19.6 5.047 7.18 4.105 1.811 0.4268 0.5731 0.1947 0.2297 0.06271 0.02695 0.01422 0.006708 0.004292 0.001624 0.001556 0.00194
0.9215 2.836 19.77 23.85 11.03 2.84 4.041 2.31 1.019 0.2402 0.3225 0.1096 0.1293 0.03529 0.01517 0.008002 0.003775 0.002416 0.0009137 0.001968
1.007 9.887 6.877 12.81 12.7 5.876 1.513 2.152 1.23 0.5428 0.1279 0.1718 0.05835 0.06884 0.0188 0.008079 0.004262 0.002011 0.001286 0.001534
0.5532 11.27 24.98 4.648 7.119 7.059 3.265 0.8407 1.196 0.6837 0.3017 0.0711 0.09546 0.03243 0.03826 0.01045 0.00449 0.002369 0.001117 0.001568
0.7296 5.661 26.14 15.48 2.368 3.627 3.596 1.664 0.4283 0.6093 0.3483 0.1537 0.03622 0.04863 0.01652 0.01949 0.005322 0.002287 0.001207 0.001368
1.277 8.2 14.42 17.89 8.72 1.334 2.043 2.026 0.9371 0.2413 0.3432 0.1962 0.08657 0.0204 0.02739 0.009307 0.01098 0.002998 0.001288 0.00145
0.4373 14.8 21.43 10.09 10.3 5.02 0.7679 1.176 1.166 0.5395 0.1389 0.1976 0.113 0.04984 0.01175 0.01577 0.005358 0.006321 0.001726 0.001577
0.706 4.867 37.03 14.27 5.521 5.635 2.747 0.4202 0.6436 0.6382 0.2952 0.076 0.1081 0.06182 0.02727 0.006428 0.00863 0.002932 0.003459 0.001807
0.5258 7.788 12.05 24.36 7.71 2.982 3.044 1.484 0.227 0.3477 0.3448 0.1595 0.04106 0.05841 0.03339 0.01473 0.003472 0.004662 0.001584 0.002845
1.211 5.136 17.21 7.082 11.75 3.72 1.439 1.469 0.7161 0.1095 0.1678 0.1663 0.07695 0.01981 0.02818 0.01611 0.007109 0.001675 0.002249 0.002137
1.002 14.87 14.19 12.75 4.319 7.17 2.269 0.8777 0.8959 0.4367 0.0668 0.1023 0.1015 0.04693 0.01208 0.01719 0.009827 0.004336 0.001022 0.002675
0.5364 10.63 35.45 8.982 6.624 2.244 3.724 1.179 0.4559 0.4654 0.2269 0.0347 0.05315 0.05271 0.02438 0.006276 0.00893 0.005105 0.002252 0.001921
0.4449 5.944 26.45 23.48 4.887 3.604 1.221 2.026 0.6413 0.2481 0.2532 0.1234 0.01888 0.02892 0.02868 0.01327 0.003415 0.004859 0.002777 0.00227
0.3324 4.478 13.52 16.01 11.67 2.428 1.791 0.6065 1.007 0.3186 0.1232 0.1258 0.06133 0.00938 0.01437 0.01425 0.00659 0.001697 0.002414 0.002508
0.7504 3.605 11.01 8.908 8.679 6.326 1.316 0.9708 0.3288 0.5458 0.1727 0.06682 0.0682 0.03325 0.005085 0.00779 0.007724 0.003573 0.0009199 0.002668
1.014 8.631 9.363 7.663 5.103 4.972 3.624 0.7541 0.5561 0.1884 0.3127 0.09895 0.03828 0.03907 0.01905 0.002913 0.004463 0.004425 0.002047 0.002056
0.7213 11.38 21.81 6.311 4.245 2.827 2.754 2.007 0.4177 0.3081 0.1044 0.1732 0.05481 0.0212 0.02164 0.01055 0.001614 0.002472 0.002451 0.002273
0.8702 7.447 26.54 13.54 3.217 2.164 1.441 1.404 1.023 0.213 0.1571 0.0532 0.08831 0.02795 0.01081 0.01104 0.00538 0.0008228 0.00126 0.002408
0.7525 10.37 19.93 18.98 7.965 1.893 1.273 0.848 0.8261 0.6021 0.1253 0.09241 0.0313 0.05196 0.01644 0.00636 0.006492 0.003165 0.0004841 0.002159
