Originally  
101 
A 
42	100	
1	1	NA	NA	
1	20	
1 0.1567 0.3657 0.5485 0.7052 0.4179 0.07836 0.05224 0.02612 0.05224 0.05224 0 0.02612 0.07836 0.02612 0 0 0 0 0 0.02612
1 0.02077 0.6231 0.5815 0.3738 0.27 0.08308 0.04154 0 0 0.04154 0.02077 0 0 0.02077 0 0 0 0 0 0
1 0 0.1708 0.7609 0.2174 0.1087 0.1553 0.01553 0.04659 0.01553 0 0.04659 0.01553 0 0 0 0 0 0 0 0
1 0.02082 0.2082 0.6871 0.7704 0.1874 0.04164 0.06247 0 0.02082 0 0 0.04164 0.02082 0 0 0 0 0.02082 0 0
1 0.007466 0.02986 0.1642 0.2314 0.1866 0.05972 0.03733 0.007466 0.007466 0 0.007466 0 0.007466 0 0 0 0 0 0 0
1 0.03083 0.1541 0.4007 0.3237 0.2466 0.2774 0.06165 0.01541 0 0 0 0.01541 0 0 0.01541 0 0 0 0 0
1 0.01055 0.1372 0.306 0.1372 0.1161 0.1477 0.1372 0.01055 0.02111 0.02111 0 0 0 0 0.01055 0 0 0 0 0
1 0.02278 0.09113 0.1899 0.1595 0.08354 0.03797 0.05316 0.06076 0.02278 0.01519 0.007595 0.007595 0 0.007595 0 0 0 0 0 0
1 0.05212 0.2234 0.1712 0.134 0.06701 0.02234 0.02234 0.02978 0.02234 0 0 0 0 0 0 0 0 0 0 0
1 0.01722 0.155 0.3357 0.1291 0.07748 0.06887 0 0.02583 0.04304 0.008609 0 0 0 0 0 0 0 0 0 0
1 0 0.1866 0.3545 0.2146 0.09329 0.02799 0.01866 0 0 0.01866 0.009329 0.009329 0 0 0 0 0 0 0 0
1 0.1185 0.2501 0.5133 0.2501 0.1053 0.01316 0.01316 0 0.01316 0 0.01316 0 0.01316 0 0 0 0.01316 0 0 0
1 0.02485 0.2982 0.3975 0.2733 0.1491 0.03727 0.02485 0.01242 0 0 0 0.01242 0.01242 0 0 0 0 0 0 0
1 0 0.248 0.5874 0.1697 0.1828 0.07833 0.03916 0 0 0 0 0 0 0 0 0 0 0 0 0
1 0.0255 0.04249 0.255 0.255 0.06799 0.06799 0.06799 0.04249 0 0.008499 0.008499 0 0 0 0.008499 0 0 0 0 0
1 0.0255 0.08925 0.07012 0.1466 0.153 0.051 0.07012 0.006375 0.01912 0.006375 0 0 0 0 0 0 0 0 0 0
1 0.05204 0.2515 0.1908 0.09541 0.1301 0.1301 0 0.01735 0 0 0 0 0 0 0 0 0 0 0 0
1 0.03338 0.1001 0.3171 0.08344 0.03338 0.1252 0.06675 0.03338 0.01669 0.02503 0 0 0 0 0 0 0 0 0 0
1 0.05469 0.175 0.2734 0.3062 0.1203 0.02187 0.03281 0.0875 0.01094 0.01094 0 0 0 0 0 0 0 0 0 0
1 0.007906 0.2688 0.2056 0.1107 0.1344 0.02372 0.007906 0.01581 0 0.007906 0.007906 0 0 0 0 0 0 0 0 0
1 0.01475 0.07375 0.3835 0.0885 0.059 0.06638 0.01475 0 0.02213 0.007375 0 0 0 0 0.007375 0 0 0 0 0
1 0.03548 0.03548 0.2395 0.337 0.09756 0.07095 0.03548 0.008869 0.008869 0.01774 0 0 0 0 0 0 0 0 0 0
1 0.03974 0.3477 0.1192 0.1192 0.2086 0.0596 0.06954 0.01987 0 0 0.009934 0 0 0 0 0 0 0 0 0
1 0.01099 0.2087 0.6372 0.03296 0.06592 0.1099 0.02197 0.01099 0 0 0 0 0 0 0 0 0 0 0 0
1 0.005995 0.08393 0.1798 0.2398 0.01199 0.02398 0.02997 0 0.01199 0.01199 0 0 0 0 0 0 0 0 0 0
1 0.01839 0.1931 0.1655 0.2482 0.1747 0.03678 0.01839 0.03678 0.01839 0 0 0 0 0.009194 0 0 0 0 0 0
1 0 0.09709 0.2002 0.1032 0.09102 0.07282 0.01214 0 0.0182 0.006068 0.006068 0 0 0 0 0 0 0 0 0
1 0.02883 0.1225 0.2163 0.1658 0.04325 0.05046 0.06488 0.007209 0 0.02163 0 0 0 0 0 0 0 0 0 0
1 0.0295 0.1401 0.2655 0.118 0.09586 0.02212 0.03687 0.02212 0 0 0.007374 0 0 0 0 0 0 0 0 0
1 0.02773 0.1386 0.1885 0.1054 0.03882 0.03882 0.005545 0.01109 0 0 0 0 0 0 0 0 0 0 0 0
1 0.01356 0.2306 0.1899 0.1017 0.07461 0.01356 0.006782 0.02035 0.02713 0 0 0 0 0 0 0 0 0 0 0
1 0.06819 0.1932 0.5569 0.1591 0.03409 0.05682 0.03409 0.02273 0 0 0 0 0 0 0.01136 0 0 0 0 0
1 0.01341 0.3486 0.3084 0.4425 0.1073 0.08045 0.04022 0 0 0 0 0 0 0 0 0 0 0 0 0
1 0.07533 0.1036 0.3672 0.1224 0.1507 0.06591 0.01883 0.01883 0.01883 0 0 0 0 0 0 0 0 0 0 0
1 0.02701 0.1801 0.2251 0.2791 0.04502 0.06302 0.05402 0.02701 0 0 0 0 0 0 0 0 0 0 0 0
1 0.05881 0.247 0.3528 0.1411 0.1529 0.08233 0.07057 0.02352 0.02352 0.01176 0 0 0 0.01176 0 0 0 0 0 0
1 0.0338 0.4056 0.5914 0.4056 0.06759 0.1352 0.0169 0.0169 0.0169 0 0 0 0 0 0 0 0 0 0 0
1 0.01279 0.08954 0.4861 0.4093 0.1535 0.05117 0.01279 0.03837 0.02558 0 0 0 0 0 0 0 0 0 0 0
1 0.02658 0.1772 0.1683 0.2658 0.1506 0.07974 0 0.00886 0.00886 0 0 0 0 0 0 0 0 0 0 0
1 0.02358 0.2712 0.4245 0.1651 0.1297 0.1061 0.03537 0 0.02358 0 0 0 0 0 0 0 0 0 0 0
1 0.01282 0.1538 0.5127 0.282 0.06409 0.141 0.06409 0 0.03845 0 0 0 0 0 0 0.01282 0 0 0 0
1 0.05367 0.06441 0.2684 0.3113 0.1718 0.04294 0.06441 0.04294 0.02147 0 0.02147 0 0 0 0.01073 0 0 0 0 0
1 0.02727 0.209 0.07271 0.2181 0.209 0.09997 0.02727 0.01818 0.02727 0 0 0 0 0 0 0 0 0 0 0
1 0 0.3186 0.2896 0.06758 0.06758 0.1448 0.04827 0.009654 0 0.01931 0 0 0 0 0 0 0 0 0 0
1 0.0201 0.09381 0.2948 0.1139 0.0134 0.04691 0.04691 0 0 0.0201 0.0134 0 0 0 0 0.006701 0 0 0 0
1 0.02547 0.1146 0.1592 0.1719 0.07004 0.0191 0.04457 0.0191 0.01273 0 0 0 0 0 0 0 0 0 0 0
1 0.01977 0.2768 0.2274 0.1977 0.1087 0.07909 0.009886 0.01977 0.01977 0.009886 0.009886 0.009886 0 0 0 0 0 0 0 0
1 0.01581 0.09487 0.3558 0.1423 0.08696 0.03953 0.04743 0 0.007906 0 0 0 0 0 0 0 0 0 0 0
1 0.01084 0.1843 0.2168 0.4227 0.1084 0.02168 0.06503 0.04335 0 0 0 0 0.01084 0 0 0 0 0 0 0
1 0.03374 0.08996 0.1743 0.03936 0.1237 0.04498 0.02249 0.005623 0.005623 0.005623 0.005623 0.005623 0 0 0 0.005623 0 0 0 0
1 0.009742 0.1218 0.1559 0.06819 0.02435 0.05358 0.0341 0.004871 0.009742 0 0 0 0 0 0 0.004871 0 0 0 0
1 0.01793 0.1972 0.4392 0.1255 0.03585 0.02689 0.02689 0.02689 0 0 0 0 0 0 0 0 0 0 0 0
1 0.01826 0.1096 0.1948 0.2313 0.03652 0.006087 0 0.01217 0 0 0 0 0 0 0 0 0 0 0 0
1 0.03993 0.06654 0.193 0.1863 0.08651 0.02662 0.03327 0.01331 0.01996 0 0 0 0 0 0 0 0 0 0 0
1 0.01976 0.112 0.1581 0.1317 0.112 0.05928 0.01317 0.02635 0.006586 0.006586 0 0 0 0.01317 0 0 0 0 0 0
1 0.0483 0.1725 0.138 0.1242 0.06901 0.05521 0.07591 0 0.006901 0 0 0 0 0 0 0 0 0 0 0
1 0.006425 0.1992 0.2827 0.06425 0.03212 0.01285 0.01285 0.0257 0 0.006425 0 0 0 0 0 0 0 0 0 0
1 0.03021 0.2216 0.3424 0.2115 0.05036 0.09064 0.01007 0.02014 0.01007 0 0 0 0 0 0 0.01007 0 0 0.01007 0
1 0.01855 0.1299 0.167 0.167 0.06803 0.02474 0.01237 0.006184 0 0.01855 0 0 0 0.006184 0 0 0 0 0 0
