Originally  
101 
A 
2	100	
1	1	NA	NA	
1	20	
1 515.2 161.9 176.7 161.9 191.4 73.61 58.89 44.16 14.72 29.44 0 14.72 14.72 14.72 0 0 0 0 0 0
1 464.9 238.4 202.6 71.52 47.68 35.76 47.68 11.92 23.84 23.84 0 11.92 0 0 0 0 0 11.92 0 0
1 307.8 615.5 215.4 138.5 30.78 76.94 61.55 46.16 0 30.78 0 15.39 0 0 0 0 0 0 0 0
1 297.9 226.4 214.5 166.8 83.4 83.4 35.74 23.83 23.83 11.91 0 23.83 0 0 0 0 0 0 0 0
1 486.6 223.6 131.5 210.4 78.91 65.76 26.3 0 26.3 39.46 0 0 13.15 0 13.15 0 0 0 0 0
1 809.6 363.5 82.61 66.09 132.2 33.04 99.13 33.04 16.52 0 0 0 16.52 0 0 0 0 0 0 0
1 295.6 695.6 226.1 69.56 86.95 191.3 34.78 17.39 17.39 34.78 34.78 0 0 17.39 17.39 0 0 0 0 0
1 379.8 87.65 540.5 87.65 87.65 73.04 43.83 43.83 58.43 29.22 0 0 0 29.22 0 0 0 0 0 0
1 69.63 200.2 87.04 191.5 121.9 43.52 17.41 60.93 8.704 26.11 8.704 17.41 8.704 0 0 0 8.704 0 0 0
1 513.5 48.9 122.3 48.9 281.2 0 48.9 36.68 48.9 24.45 12.23 24.45 0 0 0 0 0 12.23 0 0
1 386.1 146.1 10.43 93.91 146.1 146.1 41.74 10.43 0 10.43 10.43 10.43 10.43 10.43 0 0 10.43 0 0 0
1 437.8 145.9 145.9 10.42 72.97 41.7 114.7 10.42 20.85 10.42 20.85 0 0 0 10.42 0 0 0 0 0
1 334.2 198.4 177.6 146.2 20.89 83.55 20.89 31.33 20.89 0 10.44 0 0 0 0 0 0 0 0 0
1 337.8 362.8 150.1 150.1 50.05 25.02 25.02 25.02 62.56 12.51 12.51 0 12.51 0 25.02 0 0 0 0 0
1 760.5 145.6 210.4 113.3 113.3 80.9 0 48.54 16.18 32.36 16.18 32.36 16.18 32.36 0 0 0 0 0 0
1 2556 592.6 185.2 185.2 111.1 37.04 0 0 0 0 37.04 0 0 0 0 0 0 0 0 0
1 522.8 1188 332.7 23.76 95.05 95.05 47.53 0 0 0 0 71.29 0 0 0 0 0 0 0 0
1 281.3 206.3 731.3 337.5 56.25 37.5 131.3 56.25 0 0 0 18.75 18.75 0 0 0 0 0 0 0
1 445.3 171.3 102.8 548.1 205.5 17.13 68.51 68.51 0 34.26 0 17.13 0 0 0 17.13 0 0 17.13 0
1 1078 576.4 100.2 125.3 275.6 150.4 75.18 25.06 0 75.18 0 0 0 0 0 25.06 0 0 0 0
1 200.9 803.5 261.1 120.5 100.4 381.7 40.17 60.26 0 20.09 20.09 0 0 0 0 0 0 0 0 0
1 306.7 119.3 545.3 170.4 119.3 34.08 289.7 68.16 0 0 17.04 0 0 34.08 0 0 0 0 0 0
1 242.2 129.2 129.2 371.3 177.6 96.86 64.58 290.6 64.58 0 16.14 0 0 16.14 0 0 16.14 0 0 0
1 316.9 108.9 89.13 59.42 168.4 59.42 19.81 39.61 108.9 9.903 0 9.903 0 0 0 0 0 0 0 0
1 831.8 332.7 92.43 36.97 129.4 147.9 73.94 0 18.49 129.4 0 36.97 18.49 0 0 0 0 0 0 0
1 290.2 638.5 232.2 58.05 43.53 43.53 43.53 14.51 0 14.51 58.05 14.51 0 0 0 0 0 0 0 0
1 1164 396.2 470.5 74.29 99.05 49.53 24.76 123.8 24.76 0 0 24.76 24.76 0 0 0 0 0 0 0
1 385.8 520 184.5 251.6 117.4 83.88 0 0 50.33 0 50.33 0 33.55 0 0 0 0 0 0 0
1 776 240.2 388 92.38 221.7 18.48 18.48 18.48 18.48 36.95 0 0 0 18.48 0 0 0 0 0 0
1 591.8 660.1 318.7 250.4 113.8 136.6 68.28 0 0 22.76 22.76 22.76 0 0 45.52 22.76 0 0 0 0
1 118.5 266.7 429.6 207.4 133.3 74.07 59.26 29.63 88.89 29.63 14.81 14.81 0 0 0 14.81 0 0 0 0
1 575.8 111.4 278.6 334.3 92.86 241.4 18.57 74.29 18.57 18.57 18.57 18.57 18.57 37.15 0 0 0 0 0 0
1 1180 363.2 136.2 136.2 204.3 45.39 113.5 68.09 22.7 0 0 0 0 0 0 0 0 0 0 0
1 69.41 746.2 312.4 86.77 190.9 86.77 34.71 121.5 17.35 34.71 17.35 0 0 0 0 17.35 0 0 0 0
1 355.7 32.33 614.3 210.2 48.5 64.67 145.5 32.33 97 0 16.17 0 0 0 0 0 0 0 0 0
1 256.1 290.3 34.15 648.9 136.6 0 119.5 51.23 102.5 51.23 0 0 17.08 0 0 0 0 0 0 0
1 550.7 229.5 137.7 76.49 229.5 76.49 15.3 45.89 107.1 15.3 30.6 15.3 0 0 0 0 0 0 0 0
1 550.6 382.4 122.4 122.4 45.89 153 15.3 15.3 0 76.48 0 15.3 15.3 15.3 0 0 0 0 0 0
1 610.5 529.1 407 81.4 40.7 20.35 162.8 40.7 20.35 20.35 40.7 0 0 20.35 40.7 0 0 0 0 0
1 607.9 479 276.3 129 55.27 55.27 0 147.4 18.42 18.42 18.42 18.42 0 0 0 0 18.42 0 0 0
1 1401 285.4 363.3 311.4 51.89 77.84 0 0 77.84 0 0 0 25.95 0 0 0 0 0 0 0
1 821.6 821.6 314.1 217.5 120.8 24.16 24.16 0 0 48.33 0 0 0 0 24.16 0 0 0 0 0
1 193.8 563.7 634.1 105.7 88.07 88.07 0 0 0 17.61 0 35.23 0 0 17.61 0 0 0 0 17.61
1 390.4 372.7 479.2 283.9 70.99 106.5 35.49 17.75 0 17.75 0 0 0 0 0 0 0 0 0 0
1 335.6 78.96 138.2 148.1 207.3 39.48 9.871 9.871 0 0 0 0 0 0 0 0 0 0 9.871 9.871
1 219.6 237.2 96.62 61.49 131.8 70.27 26.35 8.784 17.57 8.784 0 0 0 0 0 0 0 0 0 0
1 198.5 208.4 158.8 109.2 79.38 69.46 119.1 0 19.85 9.923 9.923 0 9.923 0 0 0 0 0 0 0
1 411.8 126.1 109.3 50.43 25.21 33.62 33.62 42.02 0 8.405 0 0 0 0 0 0 0 0 0 0
1 615.9 361.5 66.95 120.5 80.34 0 26.78 26.78 13.39 13.39 0 0 13.39 0 0 0 0 0 0 0
1 424.1 296.9 201.5 63.62 42.41 21.21 0 0 10.6 0 0 0 0 0 0 0 0 0 0 0
1 289.4 334.6 162.8 63.31 27.13 0 9.044 9.044 9.044 0 0 0 0 0 0 0 0 0 0 0
1 622.2 272.2 168.5 77.77 103.7 38.89 12.96 0 0 0 0 0 0 0 0 0 0 0 0 0
1 272 530.4 244.8 122.4 122.4 13.6 13.6 27.2 13.6 0 0 0 0 0 0 0 0 0 0 0
1 162.2 259.5 324.4 119 97.33 64.88 10.81 21.63 0 21.63 0 0 0 0 0 0 0 0 0 0
1 119.3 59.64 192.2 152.4 86.14 6.626 39.76 6.626 0 0 0 0 0 0 0 0 0 0 0 0
1 307.8 113.7 20.07 100.4 80.29 13.38 13.38 20.07 0 0 0 0 0 0 0 0 0 0 0 0
1 157.5 175.5 44.99 8.999 18 22.5 0 8.999 4.499 4.499 4.499 0 0 0 0 0 0 0 0 0
1 296.1 200.1 160.1 40.01 8.003 48.02 8.003 16.01 24.01 0 0 0 0 0 0 0 0 0 0 0
1 520.7 135 144.6 106.1 28.93 9.642 9.642 0 0 9.642 0 0 0 0 0 0 0 0 0 0
1 147.1 375.8 106.2 65.36 65.36 24.51 0 16.34 8.17 8.17 0 0 0 0 0 0 0 0 0 0
1 106.4 79.83 286.1 53.22 59.88 46.57 6.653 0 6.653 6.653 0 6.653 0 0 6.653 0 0 0 0 0
1 1017 157.8 227.9 262.9 17.53 35.06 35.06 0 0 0 0 0 0 0 0 0 0 0 0 0
1 293 255.5 37.57 37.57 60.11 37.57 30.05 0 0 0 0 0 0 0 0 0 0 0 0 0
1 146.2 188 229.7 34.81 48.73 20.88 6.962 0 13.92 0 0 0 0 6.962 0 0 0 0 0 0
1 255.8 123.8 189.8 181.6 33.01 8.252 16.5 0 8.252 8.252 0 0 0 0 0 0 0 0 0 0
1 237 182.8 108.3 74.48 47.4 6.771 0 20.31 0 0 0 0 0 0 0 0 0 0 0 0
1 227.2 142 90.88 28.4 62.48 11.36 0 0 0 5.68 0 0 0 0 0 0 0 0 0 0
1 297.2 135.1 81.05 81.05 6.754 27.02 33.77 0 0 13.51 0 0 0 0 0 0 0 0 0 0
1 393.9 169.9 84.96 38.62 38.62 7.723 7.723 23.17 7.723 0 0 0 0 0 0 0 0 0 0 0
1 533.7 186.8 97.85 26.69 8.896 0 8.896 17.79 8.896 0 0 0 0 0 0 0 0 0 0 0
1 336.3 409.9 210.2 52.55 21.02 10.51 10.51 0 0 0 0 0 0 0 0 0 0 0 0 0
1 238.5 128 133.8 29.09 23.27 17.45 0 0 5.817 5.817 0 0 0 0 0 0 0 0 0 0
1 145.1 267.3 152.8 99.3 45.83 22.91 22.91 7.638 0 0 0 0 0 0 0 0 0 0 0 0
1 279.2 127.7 159.6 103.7 87.76 15.96 15.96 0 0 7.979 0 0 0 0 0 0 0 0 0 0
1 462 259.9 67.38 57.76 38.5 57.76 0 19.25 0 0 0 0 0 0 0 0 0 0 0 0
1 551.6 423.3 192.4 12.83 51.31 12.83 25.65 0 0 0 12.83 0 0 0 0 0 0 0 0 0
1 209.6 331 297.9 143.4 77.23 22.06 11.03 0 11.03 0 0 0 0 0 0 0 0 0 0 0
1 260.5 126.7 169 56.32 35.2 21.12 7.04 14.08 14.08 0 0 0 0 0 0 0 0 0 0 0
1 454.8 379 75.8 164.2 113.7 63.17 0 12.63 0 0 0 0 0 0 0 0 0 0 0 0
1 202.2 272.5 184.6 35.17 105.5 26.38 43.96 0 0 0 8.792 0 0 0 0 0 0 0 0 0
1 116.5 181.3 207.2 84.16 12.95 32.37 6.474 0 0 0 0 6.474 0 0 0 0 0 0 0 0
1 322.3 78.6 157.2 117.9 62.88 39.3 7.86 0 0 0 0 0 0 0 0 0 0 0 0 0
1 309.2 203.6 52.79 82.95 67.87 7.541 0 15.08 7.541 0 0 7.541 0 0 0 0 0 0 0 0
1 215.3 230.7 192.3 0 61.53 38.45 15.38 7.691 7.691 0 0 0 0 0 0 0 0 0 0 0
1 236 175.1 182.7 91.36 7.613 45.68 15.23 0 0 0 7.613 0 0 0 0 0 0 0 0 0
1 480.3 194 73.89 73.89 83.13 0 9.236 9.236 0 0 0 0 0 0 0 0 0 0 0 0
1 133.8 409.3 141.7 55.1 31.49 7.872 0 0 0 0 0 7.872 0 0 0 0 0 0 0 0
1 245.1 79.3 295.6 36.05 21.63 36.05 0 0 0 7.209 0 0 0 0 0 0 0 0 0 0
1 168.3 139.3 98.64 98.64 46.42 5.802 5.802 17.41 0 0 0 0 0 0 0 0 0 0 0 0
1 474.3 120.7 103.5 51.74 103.5 8.623 0 0 0 0 0 0 0 0 0 0 0 0 0 0
1 626.3 480.7 145.7 72.83 43.7 72.83 0 0 14.57 0 0 0 0 0 0 0 0 0 0 0
1 182.8 338.1 265 45.69 18.28 9.138 9.138 27.41 9.138 9.138 0 0 0 0 0 0 0 0 0 0
1 144.8 181 188.3 137.6 36.21 7.242 7.242 14.48 7.242 0 0 0 0 0 0 0 0 0 0 0
1 170.1 137.4 91.59 117.8 78.5 19.63 13.08 6.542 19.63 0 0 0 0 0 0 0 0 0 0 0
1 304.1 99.52 60.82 27.64 22.11 27.64 5.529 0 5.529 0 0 0 0 0 0 0 0 0 0 0
1 347.5 191.5 56.73 21.27 28.37 35.46 21.27 0 0 7.092 0 0 0 0 0 0 0 0 0 0
1 187.1 273.5 158.3 28.79 21.59 14.39 28.79 0 0 0 0 0 7.197 0 0 0 0 0 0 0
1 381 259.8 138.5 51.95 0 17.32 8.659 0 8.659 0 0 0 0 0 0 0 0 0 0 0
1 268.5 173.7 110.5 134.2 63.17 7.896 7.896 0 15.79 0 7.896 0 0 0 0 0 0 0 0 0
