 landings-at-age - landings.n (units : NA )
1	2	
2	100	
1	20	
1 
0.02659 0.2984 0.8352 0.6934 0.4839 0.3377 0.2357 0.1644 0.1148 0.08008 0.05589 0.039 0.02722 0.01899 0.01325 0.009249 0.006454 0.004504 0.003143 0.007259
0.006852 0.05216 0.1462 0.1214 0.08475 0.05914 0.04127 0.0288 0.0201 0.01403 0.009787 0.00683 0.004766 0.003326 0.002321 0.00162 0.00113 0.0007888 0.0005504 0.001271
0.003765 0.07694 0.1464 0.1219 0.08515 0.05942 0.04147 0.02894 0.02019 0.01409 0.009834 0.006862 0.004789 0.003342 0.002332 0.001627 0.001136 0.0007925 0.000553 0.001277
0.003158 0.04228 0.2159 0.122 0.08549 0.0597 0.04166 0.02907 0.02029 0.01416 0.00988 0.006895 0.004811 0.003358 0.002343 0.001635 0.001141 0.0007963 0.0005557 0.001283
0.005 0.03546 0.1186 0.18 0.08557 0.05994 0.04186 0.02921 0.02038 0.01423 0.009927 0.006927 0.004834 0.003374 0.002354 0.001643 0.001146 8e-04 0.0005583 0.001289
0.008703 0.05614 0.09949 0.09892 0.1262 0.06 0.04203 0.02935 0.02048 0.01429 0.009974 0.00696 0.004857 0.00339 0.002365 0.001651 0.001152 0.0008038 0.0005609 0.001295
0.002307 0.09772 0.1575 0.08296 0.06936 0.0885 0.04207 0.02947 0.02058 0.01436 0.01002 0.006993 0.00488 0.003406 0.002377 0.001658 0.001157 0.0008076 0.0005636 0.001302
0.003706 0.0259 0.2742 0.1314 0.05817 0.04863 0.06205 0.0295 0.02066 0.01443 0.01007 0.007026 0.004903 0.003422 0.002388 0.001666 0.001163 0.0008114 0.0005663 0.001308
0.0008077 0.04161 0.07267 0.2286 0.0921 0.04078 0.0341 0.04351 0.02068 0.01449 0.01012 0.00706 0.004926 0.003438 0.002399 0.001674 0.001168 0.0008153 0.0005689 0.001314
0.003676 0.009069 0.1167 0.0606 0.1603 0.06458 0.02859 0.02391 0.03051 0.0145 0.01016 0.007093 0.00495 0.003454 0.00241 0.001682 0.001174 0.0008191 0.0005716 0.00132
0.003844 0.04127 0.02545 0.09735 0.04249 0.1124 0.04528 0.02005 0.01676 0.02139 0.01017 0.007121 0.004973 0.003471 0.002422 0.00169 0.001179 0.000823 0.0005743 0.001326
0.003835 0.04316 0.1158 0.02122 0.06826 0.02979 0.07881 0.03175 0.01406 0.01175 0.015 0.007128 0.004993 0.003487 0.002433 0.001698 0.001185 0.0008269 0.0005771 0.001333
0.004771 0.04306 0.1211 0.09657 0.01488 0.04786 0.02089 0.05526 0.02226 0.009856 0.00824 0.01051 0.004998 0.003501 0.002445 0.001706 0.001191 0.0008308 0.0005798 0.001339
0.002257 0.05357 0.1208 0.101 0.06771 0.01043 0.03356 0.01465 0.03874 0.01561 0.006911 0.005777 0.007372 0.003504 0.002455 0.001714 0.001196 0.0008348 0.0005825 0.001345
0.00909 0.02535 0.1503 0.1007 0.07081 0.04747 0.007314 0.02353 0.01027 0.02717 0.01094 0.004845 0.004051 0.005169 0.002457 0.001721 0.001202 0.0008387 0.0005853 0.001352
0.01926 0.1021 0.07112 0.1253 0.07064 0.04964 0.03329 0.005128 0.0165 0.0072 0.01905 0.007672 0.003397 0.00284 0.003624 0.001723 0.001207 0.0008427 0.0005881 0.001358
0.003351 0.2162 0.2864 0.05931 0.08788 0.04953 0.03481 0.02334 0.003596 0.01157 0.005048 0.01335 0.005379 0.002382 0.001991 0.002541 0.001208 0.000846 0.0005908 0.001365
0.003083 0.03763 0.6068 0.2388 0.04158 0.06162 0.03473 0.02441 0.01636 0.002521 0.00811 0.003539 0.009363 0.003772 0.00167 0.001396 0.001782 0.0008469 0.0005932 0.001371
0.005753 0.03462 0.1056 0.506 0.1674 0.02916 0.0432 0.02435 0.01711 0.01147 0.001768 0.005686 0.002482 0.006565 0.002645 0.001171 0.000979 0.001249 0.0005938 0.001377
0.01057 0.0646 0.09713 0.08805 0.3548 0.1174 0.02044 0.03029 0.01707 0.012 0.008044 0.001239 0.003987 0.00174 0.004603 0.001854 0.000821 0.0006864 0.0008759 0.001382
0.002041 0.1187 0.1813 0.08099 0.06173 0.2487 0.08232 0.01433 0.02124 0.01197 0.008412 0.00564 0.000869 0.002795 0.00122 0.003227 0.0013 0.0005757 0.0004813 0.001583
0.002188 0.02292 0.333 0.1511 0.05679 0.04328 0.1744 0.05772 0.01005 0.01489 0.008393 0.005898 0.003955 0.0006093 0.00196 0.0008554 0.002263 0.0009115 0.0004036 0.001447
0.003219 0.02457 0.0643 0.2777 0.106 0.03982 0.03035 0.1223 0.04047 0.007046 0.01044 0.005884 0.004135 0.002773 0.0004272 0.001374 0.0005998 0.001587 0.0006391 0.001298
0.004021 0.03614 0.06894 0.05362 0.1947 0.0743 0.02792 0.02128 0.08574 0.02837 0.004941 0.00732 0.004126 0.0029 0.001944 0.0002995 0.0009635 0.0004205 0.001112 0.001358
0.01081 0.04515 0.1014 0.05749 0.0376 0.1365 0.0521 0.01957 0.01492 0.06012 0.01989 0.003464 0.005133 0.002893 0.002033 0.001363 0.00021 0.0006755 0.0002948 0.001732
0.004889 0.1213 0.1267 0.08456 0.04031 0.02636 0.09572 0.03653 0.01372 0.01046 0.04215 0.01395 0.002429 0.003599 0.002028 0.001425 0.0009557 0.0001472 0.0004737 0.001421
0.009517 0.05489 0.3405 0.1056 0.05929 0.02826 0.01848 0.06711 0.02561 0.009623 0.007334 0.02955 0.00978 0.001703 0.002523 0.001422 0.0009994 0.0006701 0.0001032 0.001329
0.00453 0.1069 0.154 0.2839 0.07408 0.04157 0.01981 0.01296 0.04706 0.01796 0.006747 0.005142 0.02072 0.006857 0.001194 0.001769 0.0009971 0.0007007 0.0004698 0.001004
0.008981 0.05086 0.2998 0.1284 0.1991 0.05194 0.02915 0.01389 0.009086 0.03299 0.01259 0.004731 0.003606 0.01453 0.004808 0.0008372 0.00124 0.0006991 0.0004913 0.001033
0.005918 0.1008 0.1427 0.25 0.09006 0.1396 0.03642 0.02044 0.009741 0.006371 0.02313 0.008828 0.003317 0.002528 0.01019 0.003371 0.000587 0.0008697 0.0004902 0.001069
0.002038 0.06645 0.283 0.119 0.1753 0.06314 0.09786 0.02553 0.01433 0.00683 0.004467 0.01622 0.006189 0.002326 0.001772 0.007142 0.002364 0.0004115 0.0006098 0.001093
0.00673 0.02288 0.1864 0.236 0.08344 0.1229 0.04427 0.06861 0.0179 0.01005 0.004789 0.003132 0.01137 0.00434 0.001631 0.001243 0.005008 0.001657 0.0002886 0.001194
0.01414 0.07557 0.06421 0.1555 0.1654 0.05851 0.08618 0.03104 0.04811 0.01255 0.007044 0.003358 0.002196 0.007974 0.003043 0.001143 0.0008714 0.003511 0.001162 0.00104
0.001247 0.1587 0.212 0.05354 0.109 0.116 0.04102 0.06043 0.02176 0.03373 0.008801 0.004939 0.002354 0.00154 0.005591 0.002133 0.0008016 0.0006109 0.002462 0.001543
0.003371 0.014 0.4453 0.1768 0.03754 0.07643 0.08133 0.02876 0.04237 0.01526 0.02365 0.006171 0.003463 0.001651 0.001079 0.00392 0.001496 0.000562 0.0004284 0.002808
0.002607 0.03785 0.03928 0.3714 0.124 0.02632 0.05359 0.05703 0.02017 0.02971 0.0107 0.01658 0.004326 0.002428 0.001157 0.0007569 0.002748 0.001049 0.000394 0.002269
0.005551 0.02927 0.1062 0.03276 0.2604 0.08692 0.01846 0.03757 0.03998 0.01414 0.02083 0.007502 0.01163 0.003033 0.001702 0.0008114 0.0005307 0.001927 0.0007353 0.001867
0.008887 0.06233 0.08214 0.08857 0.02297 0.1826 0.06094 0.01294 0.02635 0.02803 0.009914 0.0146 0.00526 0.008152 0.002127 0.001194 0.0005689 0.0003721 0.001351 0.001825
0.007915 0.09978 0.1749 0.0685 0.0621 0.0161 0.128 0.04273 0.009073 0.01847 0.01966 0.006951 0.01024 0.003688 0.005716 0.001491 0.0008368 0.0003989 0.0002609 0.002227
1.765 22.9 66.84 34.16 11.25 10.2 2.645 21.03 7.019 1.49 3.034 3.229 1.142 1.682 0.6058 0.9388 0.245 0.1375 0.06552 0.4086
3.421 18.15 53.28 41.5 17.43 5.74 5.204 1.35 10.73 3.581 0.7603 1.548 1.647 0.5825 0.858 0.309 0.479 0.125 0.07013 0.2419
2.269 41.78 49.82 39.15 25.1 10.54 3.471 3.147 0.816 6.486 2.165 0.4597 0.936 0.996 0.3522 0.5188 0.1869 0.2896 0.07557 0.1887
1.082 22.41 93.15 29.49 19.02 12.19 5.12 1.686 1.529 0.3964 3.151 1.052 0.2233 0.4547 0.4839 0.1711 0.2521 0.09079 0.1407 0.1284
0.7176 11.56 54.29 60.49 15.76 10.16 6.513 2.735 0.9009 0.8167 0.2118 1.683 0.562 0.1193 0.2429 0.2585 0.09142 0.1347 0.0485 0.1438
1.003 8.152 29.72 37.47 34.36 8.951 5.772 3.7 1.554 0.5118 0.464 0.1203 0.9563 0.3193 0.06778 0.138 0.1469 0.05193 0.0765 0.1092
0.6547 10.93 20.08 19.59 20.32 18.63 4.853 3.13 2.006 0.8425 0.2775 0.2516 0.06523 0.5185 0.1731 0.03675 0.07482 0.07962 0.02816 0.1007
0.5463 7.456 28.06 13.79 11.07 11.48 10.52 2.741 1.768 1.133 0.4759 0.1567 0.1421 0.03685 0.2929 0.09777 0.02076 0.04226 0.04497 0.07278
1.081 5.436 16.82 16.9 6.825 5.476 5.679 5.208 1.356 0.8748 0.5607 0.2355 0.07756 0.07031 0.01823 0.1449 0.04838 0.01027 0.02091 0.05827
1.247 13.56 15.33 12.74 10.54 4.257 3.415 3.542 3.248 0.846 0.5456 0.3497 0.1469 0.04837 0.04385 0.01137 0.09039 0.03018 0.006407 0.04939
1.216 13.01 31.82 9.553 6.516 5.389 2.177 1.746 1.811 1.661 0.4326 0.279 0.1788 0.0751 0.02473 0.02242 0.005815 0.04622 0.01543 0.02853
1.056 13.73 32.98 21.49 5.3 3.615 2.99 1.208 0.9689 1.005 0.9214 0.24 0.1548 0.09921 0.04167 0.01372 0.01244 0.003226 0.02564 0.02439
1.509 11 32.2 20.56 11 2.713 1.85 1.53 0.618 0.4959 0.5142 0.4716 0.1228 0.07921 0.05077 0.02132 0.007023 0.006367 0.001651 0.02561
0.8627 15.93 26.27 20.53 10.78 5.765 1.422 0.9698 0.8022 0.324 0.2599 0.2695 0.2472 0.06439 0.04152 0.02662 0.01118 0.003681 0.003338 0.01429
0.3174 9.711 40.5 17.88 11.5 6.036 3.229 0.7964 0.5432 0.4493 0.1815 0.1456 0.151 0.1384 0.03606 0.02326 0.01491 0.006261 0.002062 0.009872
0.5188 3.549 24.46 27.23 9.884 6.356 3.336 1.785 0.4402 0.3002 0.2483 0.1003 0.08047 0.08344 0.07652 0.01993 0.01285 0.00824 0.003461 0.006596
1.143 5.257 8.141 14.97 13.69 4.97 3.196 1.677 0.8973 0.2213 0.151 0.1249 0.05043 0.04046 0.04196 0.03848 0.01002 0.006463 0.004143 0.005057
0.8475 14.06 14.55 6.038 9.136 8.357 3.034 1.951 1.024 0.5477 0.1351 0.09214 0.07622 0.03078 0.0247 0.02561 0.02349 0.006118 0.003945 0.005616
0.6938 8.481 31.75 8.719 2.97 4.494 4.111 1.492 0.9596 0.5037 0.2694 0.06646 0.04532 0.03749 0.01514 0.01215 0.0126 0.01155 0.003009 0.004703
1.439 7.483 20.71 20.75 4.688 1.597 2.416 2.21 0.8023 0.5159 0.2708 0.1448 0.03573 0.02437 0.02016 0.008141 0.006531 0.006773 0.006211 0.004146
0.5281 17.38 20.31 15.04 12.4 2.801 0.9541 1.444 1.321 0.4794 0.3083 0.1618 0.08655 0.02135 0.01456 0.01204 0.004865 0.003903 0.004047 0.006189
0.2871 5.713 42.17 13.07 7.939 6.547 1.479 0.5037 0.7622 0.6972 0.2531 0.1628 0.08542 0.04569 0.01127 0.007687 0.006358 0.002568 0.00206 0.005404
1.479 3.174 14.15 27.71 7.049 4.283 3.532 0.7978 0.2717 0.4112 0.3761 0.1365 0.08781 0.04609 0.02465 0.006081 0.004147 0.00343 0.001385 0.004027
0.8617 14.64 7.09 8.39 13.48 3.429 2.084 1.718 0.3881 0.1322 0.2 0.183 0.06642 0.04271 0.02242 0.01199 0.002958 0.002017 0.001669 0.002633
0.5015 9.693 37.19 4.821 4.692 7.54 1.918 1.165 0.961 0.217 0.07393 0.1119 0.1023 0.03715 0.02389 0.01254 0.006707 0.001654 0.001128 0.002406
0.7128 5.431 23.7 24.29 2.587 2.519 4.047 1.029 0.6255 0.5158 0.1165 0.03968 0.06004 0.05492 0.01994 0.01282 0.00673 0.0036 0.000888 0.001897
0.6136 7.869 13.53 15.77 13.29 1.416 1.378 2.215 0.5633 0.3423 0.2823 0.06376 0.02172 0.03286 0.03006 0.01091 0.007018 0.003683 0.00197 0.001524
0.6567 6.303 18.32 8.417 8.068 6.798 0.7242 0.705 1.133 0.2881 0.1751 0.1444 0.03261 0.01111 0.01681 0.01537 0.005581 0.003589 0.001884 0.001787
0.7571 8.052 17.39 13.56 5.128 4.915 4.142 0.4413 0.4295 0.6902 0.1755 0.1067 0.08796 0.01987 0.006767 0.01024 0.009367 0.0034 0.002187 0.002237
0.9127 7.824 18.74 10.76 6.883 2.604 2.496 2.103 0.224 0.2181 0.3504 0.08912 0.05416 0.04466 0.01009 0.003436 0.005199 0.004756 0.001726 0.002246
1.686 9.265 18.02 11.54 5.445 3.484 1.318 1.263 1.064 0.1134 0.1104 0.1774 0.04511 0.02741 0.0226 0.005106 0.001739 0.002632 0.002407 0.002011
0.8315 19.78 24.57 12.85 6.777 3.197 2.046 0.7738 0.7417 0.625 0.06658 0.06481 0.1041 0.02649 0.0161 0.01327 0.002998 0.001021 0.001545 0.002594
1.304 8.989 48.31 16.04 6.894 3.637 1.716 1.098 0.4153 0.398 0.3354 0.03573 0.03478 0.05589 0.01421 0.008638 0.007123 0.001609 0.000548 0.002221
0.5542 14.98 23.24 33.39 9.117 3.918 2.067 0.9752 0.6239 0.236 0.2262 0.1906 0.02031 0.01977 0.03176 0.008078 0.004909 0.004048 0.0009143 0.001574
1.232 5.797 35.34 14.6 17.23 4.704 2.022 1.067 0.5032 0.3219 0.1218 0.1167 0.09835 0.01048 0.0102 0.01639 0.004168 0.002533 0.002089 0.001284
1.448 12.82 13.67 22.3 7.577 8.938 2.441 1.049 0.5534 0.2611 0.167 0.06319 0.06056 0.05103 0.005437 0.005292 0.008504 0.002163 0.001314 0.00175
1.392 16.16 32.45 9.295 12.48 4.24 5.001 1.366 0.5869 0.3096 0.1461 0.09347 0.03536 0.03389 0.02855 0.003042 0.002961 0.004758 0.00121 0.001715
0.5812 16.62 43.42 23.34 5.5 7.384 2.509 2.959 0.8081 0.3473 0.1832 0.08644 0.0553 0.02092 0.02005 0.0169 0.0018 0.001752 0.002815 0.001731
1.116 5.815 37.57 26.1 11.52 2.714 3.644 1.238 1.46 0.3988 0.1714 0.09042 0.04266 0.02729 0.01032 0.009896 0.008338 0.0008884 0.0008647 0.002244
1.346 12.7 14.94 25.86 14.78 6.523 1.537 2.064 0.7012 0.8272 0.2259 0.09708 0.05121 0.02416 0.01546 0.005848 0.005605 0.004723 0.0005032 0.001761
0.7863 15.68 33.21 10.42 14.82 8.473 3.738 0.8811 1.183 0.4019 0.4741 0.1295 0.05564 0.02935 0.01385 0.00886 0.003351 0.003212 0.002707 0.001297
0.2509 7.744 34.86 19.6 5.047 7.18 4.105 1.811 0.4268 0.5731 0.1947 0.2297 0.06271 0.02695 0.01422 0.006708 0.004292 0.001624 0.001556 0.00194
0.9215 2.836 19.77 23.85 11.03 2.84 4.041 2.31 1.019 0.2402 0.3225 0.1096 0.1293 0.03529 0.01517 0.008002 0.003775 0.002416 0.0009137 0.001968
1.007 9.887 6.877 12.81 12.7 5.876 1.513 2.152 1.23 0.5428 0.1279 0.1718 0.05835 0.06884 0.0188 0.008079 0.004262 0.002011 0.001286 0.001534
0.5532 11.27 24.98 4.648 7.119 7.059 3.265 0.8407 1.196 0.6837 0.3017 0.0711 0.09546 0.03243 0.03826 0.01045 0.00449 0.002369 0.001117 0.001568
0.7296 5.661 26.14 15.48 2.368 3.627 3.596 1.664 0.4283 0.6093 0.3483 0.1537 0.03622 0.04863 0.01652 0.01949 0.005322 0.002287 0.001207 0.001368
1.277 8.2 14.42 17.89 8.72 1.334 2.043 2.026 0.9371 0.2413 0.3432 0.1962 0.08657 0.0204 0.02739 0.009307 0.01098 0.002998 0.001288 0.00145
0.4373 14.8 21.43 10.09 10.3 5.02 0.7679 1.176 1.166 0.5395 0.1389 0.1976 0.113 0.04984 0.01175 0.01577 0.005358 0.006321 0.001726 0.001577
0.706 4.867 37.03 14.27 5.521 5.635 2.747 0.4202 0.6436 0.6382 0.2952 0.076 0.1081 0.06182 0.02727 0.006428 0.00863 0.002932 0.003459 0.001807
0.5258 7.788 12.05 24.36 7.71 2.982 3.044 1.484 0.227 0.3477 0.3448 0.1595 0.04106 0.05841 0.03339 0.01473 0.003472 0.004662 0.001584 0.002845
1.211 5.136 17.21 7.082 11.75 3.72 1.439 1.469 0.7161 0.1095 0.1678 0.1663 0.07695 0.01981 0.02818 0.01611 0.007109 0.001675 0.002249 0.002137
1.002 14.87 14.19 12.75 4.319 7.17 2.269 0.8777 0.8959 0.4367 0.0668 0.1023 0.1015 0.04693 0.01208 0.01719 0.009827 0.004336 0.001022 0.002675
0.5364 10.63 35.45 8.982 6.624 2.244 3.724 1.179 0.4559 0.4654 0.2269 0.0347 0.05315 0.05271 0.02438 0.006276 0.00893 0.005105 0.002252 0.001921
0.4449 5.944 26.45 23.48 4.887 3.604 1.221 2.026 0.6413 0.2481 0.2532 0.1234 0.01888 0.02892 0.02868 0.01327 0.003415 0.004859 0.002777 0.00227
0.3324 4.478 13.52 16.01 11.67 2.428 1.791 0.6065 1.007 0.3186 0.1232 0.1258 0.06133 0.00938 0.01437 0.01425 0.00659 0.001697 0.002414 0.002508
0.7504 3.605 11.01 8.908 8.679 6.326 1.316 0.9708 0.3288 0.5458 0.1727 0.06682 0.0682 0.03325 0.005085 0.00779 0.007724 0.003573 0.0009199 0.002668
1.014 8.631 9.363 7.663 5.103 4.972 3.624 0.7541 0.5561 0.1884 0.3127 0.09895 0.03828 0.03907 0.01905 0.002913 0.004463 0.004425 0.002047 0.002056
0.7213 11.38 21.81 6.311 4.245 2.827 2.754 2.007 0.4177 0.3081 0.1044 0.1732 0.05481 0.0212 0.02164 0.01055 0.001614 0.002472 0.002451 0.002273
0.8702 7.447 26.54 13.54 3.217 2.164 1.441 1.404 1.023 0.213 0.1571 0.0532 0.08831 0.02795 0.01081 0.01104 0.00538 0.0008228 0.00126 0.002408
0.7525 10.37 19.93 18.98 7.965 1.893 1.273 0.848 0.8261 0.6021 0.1253 0.09241 0.0313 0.05196 0.01644 0.00636 0.006492 0.003165 0.0004841 0.002159
