Originally  
101 
A 
42	100	
1	1	NA	NA	
1	20	
1 0.01585 0.2854 0.4914 0.1268 0.1902 0.1427 0.1268 0.06341 0.04756 0 0 0.03171 0 0.01585 0 0.01585 0.01585 0 0 0.01585
1 0.08119 0.4871 0.6766 0.3248 0.2436 0.2165 0.1624 0.2706 0.02706 0.1083 0 0.05413 0 0 0 0.02706 0 0 0 0.02706
1 0.01568 0.2196 0.4391 0.3607 0.1725 0.07841 0.1255 0.06273 0.04705 0.01568 0.01568 0 0 0 0 0 0 0.01568 0 0
1 0 0.3393 0.6302 0.5333 0.3636 0.1939 0.04848 0.1939 0.04848 0.02424 0.02424 0 0 0 0.02424 0 0 0 0 0
1 0.04176 0.08352 0.522 0.6682 0.2506 0.2297 0.1044 0.06264 0.06264 0.02088 0.02088 0.02088 0 0 0 0 0 0 0 0
1 0.1673 0.1338 0.2342 0.4517 0.3178 0.2175 0.03346 0.08364 0 0.03346 0 0 0 0 0 0 0 0 0 0
1 0.02381 0.5001 0.4048 0.1905 0.4286 0.2857 0.1667 0.1667 0.04762 0.07144 0.02381 0.04762 0 0.02381 0 0 0 0 0 0
1 0.017 0.102 0.7648 0.1869 0.08498 0.119 0.136 0.08498 0.102 0.05099 0 0 0 0.03399 0.017 0 0 0 0 0
1 0.01359 0.163 0.2445 0.4891 0.1494 0.04076 0.06793 0.08152 0.02717 0.04076 0.02717 0 0 0 0.01359 0 0 0 0 0
1 0.02181 0.1527 0.1963 0.09814 0.3816 0.04362 0.05452 0.09814 0 0.03271 0 0.0109 0 0 0 0 0 0 0 0
1 0.01481 0.2369 0.4738 0.1777 0.07404 0.2221 0.07404 0.05923 0.02961 0.05923 0 0.04442 0.01481 0 0 0 0 0 0 0
1 0.05158 0.129 0.2063 0.374 0.1934 0.06448 0.1805 0.06448 0 0.02579 0 0 0 0 0 0 0 0 0 0
1 0.04426 0.2213 0.2655 0.236 0.1623 0.1328 0.01475 0.2065 0.07376 0.0295 0.01475 0.0295 0.01475 0.0295 0 0 0 0 0 0
1 0.03585 0.1703 0.233 0.1075 0.09858 0.08962 0.05377 0.008962 0.03585 0.01792 0.01792 0.008962 0 0.01792 0 0 0 0 0 0
1 0.02455 0.1105 0.405 0.2455 0.135 0.08591 0.02455 0.04909 0.03682 0.06137 0 0 0.01227 0.02455 0 0 0 0 0 0.01227
1 0.07982 0.2235 0.3033 0.3352 0.2554 0.1596 0.07982 0.03193 0.03193 0.04789 0.01596 0.01596 0 0 0 0 0 0.01596 0 0
1 0.07613 0.2474 0.6091 0.2855 0.2855 0.1713 0.03807 0.09517 0.0571 0 0 0.01903 0 0 0 0.01903 0 0 0 0
1 0 0.2522 0.3603 0.5584 0.2522 0.1441 0.1441 0 0.03603 0 0.01801 0 0.03603 0 0 0 0 0 0 0
1 0.09771 0.2443 0.4885 0.1954 0.2768 0.1466 0.09771 0.04885 0.01628 0.01628 0 0 0 0 0 0 0 0 0 0
1 0.07855 0.3338 0.4713 0.4124 0.1964 0.2749 0.05891 0.05891 0.01964 0 0 0.01964 0 0.01964 0.01964 0 0 0 0 0
1 0 0.2139 0.3209 0.1783 0.107 0.1188 0.1188 0.03565 0.02377 0.01188 0.03565 0.01188 0.01188 0 0 0 0 0 0 0
1 0.01456 0.1892 0.3057 0.393 0.1456 0.08734 0.04367 0.1747 0.05822 0.01456 0 0 0 0 0.02911 0 0 0 0 0
1 0.02833 0.2408 0.17 0.34 0.2125 0.05666 0.1133 0.09916 0.085 0.02833 0.02833 0.01417 0 0 0 0 0 0 0 0
1 0.01371 0.2468 0.4251 0.2194 0.2468 0.08228 0.05485 0.05485 0.01371 0 0 0 0 0 0 0 0 0 0.01371 0
1 0.01968 0.1181 0.2362 0.2263 0.08856 0.1181 0.03936 0.05904 0.02952 0.00984 0.01968 0 0 0 0.00984 0 0 0 0 0.00984
1 0.02793 0.1536 0.3072 0.3631 0.2374 0.1536 0.05586 0.02793 0 0.01396 0.01396 0.02793 0 0.01396 0 0 0 0 0 0
1 0.03052 0.1424 0.234 0.1424 0.1323 0.1221 0.08139 0.05087 0.06104 0.01017 0 0 0.01017 0 0 0 0 0 0 0
1 0 0.1336 0.5046 0.3413 0.1039 0.1187 0.1039 0.02968 0.07421 0 0 0.02968 0.01484 0.01484 0.01484 0 0 0 0 0
1 0.01547 0.3557 0.2474 0.3557 0.2011 0.06186 0.09279 0.0464 0.03093 0.03093 0.03093 0.0464 0 0 0 0 0.01547 0 0 0.01547
1 0.03295 0.1977 0.2856 0.1757 0.1538 0.0659 0.04393 0.05491 0.03295 0 0 0.02197 0.02197 0 0 0.01098 0 0 0 0
1 0.03876 0.3295 0.5039 0.3101 0.1938 0.2907 0.07753 0.01938 0.07753 0.05815 0 0 0.01938 0 0 0.01938 0 0 0 0
1 0.1112 0.278 0.4818 0.3891 0.2038 0.07412 0.1297 0.07412 0.03706 0.03706 0.01853 0 0 0.01853 0 0 0 0 0 0
1 0.06717 0.1791 0.5598 0.4478 0.3807 0.112 0.1343 0.1343 0.08957 0.02239 0.02239 0.06717 0.02239 0 0 0 0 0 0 0
1 0.08681 0.4775 0.3472 0.586 0.2821 0.1302 0.04341 0.1085 0.04341 0.06511 0 0 0 0 0 0 0 0 0 0
1 0.02416 0.4349 0.9423 0.2416 0.2416 0.2416 0.2175 0.04832 0 0 0 0 0 0 0 0.02416 0 0 0 0
1 0.02132 0.2345 0.7248 0.5329 0.1279 0.2558 0.08527 0.08527 0.02132 0 0.02132 0 0 0.02132 0 0 0 0 0 0
1 0.06789 0.2263 0.7015 0.3847 0.3621 0.1132 0.2263 0.02263 0.04526 0.02263 0.02263 0 0.04526 0.02263 0 0 0 0 0 0
1 0 0.2649 0.4239 0.3356 0.3532 0.1943 0.07065 0.01766 0.03532 0.03532 0.03532 0 0 0 0 0 0 0 0 0
1 0.03775 0.2265 0.453 0.302 0.1887 0.2265 0.1699 0.05662 0.01887 0.03775 0.05662 0.05662 0.01887 0.03775 0 0 0 0 0 0
1 0.07848 0.204 0.3296 0.204 0.2511 0.157 0.157 0.07848 0.0157 0.0157 0.03139 0.03139 0.0157 0 0 0 0 0 0 0
1 0.02941 0.1323 0.4117 0.2647 0.1323 0.147 0.1176 0.07352 0.1029 0.0147 0.02941 0 0 0 0.0147 0 0 0 0 0
1 0.01166 0.1049 0.3148 0.2099 0.1866 0.08162 0.0583 0.03498 0.0583 0.02332 0.02332 0.02332 0.01166 0.01166 0 0 0.01166 0 0 0
1 0.0152 0.2128 0.2736 0.2888 0.2432 0.2128 0.06079 0.09119 0.0304 0.0152 0.0304 0.0152 0.0152 0 0.0152 0 0 0 0 0
1 0 0.3696 0.5058 0.3113 0.2334 0.1167 0.07782 0.1362 0.07782 0.01945 0.03891 0.01945 0 0 0 0.03891 0 0 0 0
1 0.02129 0.1703 0.6175 0.4897 0.3407 0.1916 0.1278 0 0.06388 0.04258 0 0.02129 0.02129 0 0.02129 0 0 0 0 0
1 0.06765 0.1015 0.4397 0.5074 0.2199 0.1184 0.03383 0.05074 0.01691 0.01691 0.03383 0.03383 0.03383 0 0.01691 0 0 0 0 0
1 0.02809 0.1686 0.2248 0.309 0.2809 0.1545 0.07024 0.04214 0.08428 0.02809 0 0 0 0 0 0.01405 0 0 0 0
1 0.0113 0.2034 0.1582 0.1695 0.2034 0.09039 0.1356 0.04519 0.04519 0.03389 0 0 0 0.0226 0 0 0.0113 0 0 0
1 0.01878 0.2816 0.6947 0.1878 0.1314 0.2253 0.169 0.05633 0 0.03755 0.01878 0.01878 0 0 0 0.01878 0.01878 0 0 0
1 0.08681 0.2431 0.5382 0.3299 0.1042 0.06945 0.191 0.03473 0.03473 0.05209 0.05209 0 0 0 0 0 0 0 0 0
1 0.0277 0.277 0.3878 0.2077 0.2077 0.06925 0.06925 0.04155 0.01385 0.0277 0.01385 0.01385 0 0 0.0277 0 0 0 0 0
1 0.05844 0.2338 0.5844 0.448 0.1169 0.1948 0.01948 0.03896 0.07792 0.03896 0.07792 0.01948 0 0 0.01948 0 0 0 0 0.01948
1 0.04065 0.2643 0.5285 0.5082 0.2643 0.1626 0.06098 0.04065 0.08131 0 0.02033 0 0 0.02033 0.02033 0 0 0 0 0.02033
1 0.05669 0.1275 0.3685 0.3401 0.2126 0.1134 0.08503 0.02834 0.02834 0.01417 0.01417 0.01417 0 0 0 0.01417 0 0 0 0
1 0.04955 0.1817 0.3799 0.3633 0.3468 0.1486 0.08258 0.06606 0.01652 0 0 0 0.01652 0 0 0 0 0 0 0
1 0.0511 0.2044 0.3066 0.2385 0.1363 0.2214 0.2385 0.08517 0.06814 0.03407 0.01703 0 0.03407 0.0511 0 0 0 0 0 0.01703
1 0.07426 0.1591 0.244 0.1273 0.08487 0.09548 0.09548 0.06365 0.03183 0.04243 0.01061 0.01061 0 0 0.01061 0 0.01061 0 0 0
1 0.09561 0.2868 0.3961 0.1229 0.1366 0.1229 0.08195 0.02732 0.01366 0.05463 0.02732 0 0 0 0 0 0 0 0 0
1 0.01515 0.2121 0.3938 0.4393 0.1212 0.106 0.0303 0.0303 0.01515 0.0303 0.01515 0.04544 0.06059 0 0 0 0 0 0 0
