 landings-at-age - landings.n (units : NA )
1	2	
42	100	
1	20	
1 
1.336 11.75 41.13 31.08 13.49 8.508 8.157 6.572 3.46 2.205 1.396 0.8945 0.6978 0.5933 0.2573 0.1971 0.1907 0.08614 0.07308 0.2515
1.267 16.31 32.25 30.22 18.79 8.16 5.145 4.932 3.974 2.092 1.333 0.8441 0.5409 0.4219 0.3588 0.1556 0.1192 0.1153 0.05209 0.1963
2.285 12.51 36.38 19.09 14.68 9.13 3.964 2.499 2.396 1.931 1.016 0.6477 0.4101 0.2628 0.205 0.1743 0.07559 0.0579 0.05603 0.1207
1.408 24.41 30.3 23.62 10.2 7.844 4.878 2.118 1.335 1.28 1.031 0.543 0.346 0.2191 0.1404 0.1095 0.09311 0.04038 0.03093 0.0944
0.9428 16 62.74 20.92 13.42 5.794 4.456 2.771 1.203 0.7585 0.7272 0.586 0.3085 0.1966 0.1245 0.07975 0.06221 0.0529 0.02294 0.0712
1.803 10.27 39.42 41.37 11.34 7.276 3.141 2.416 1.502 0.6523 0.4113 0.3943 0.3177 0.1672 0.1066 0.06748 0.04324 0.03373 0.02868 0.05104
1.559 20.54 26.37 27.07 23.36 6.405 4.11 1.774 1.365 0.8486 0.3684 0.2323 0.2227 0.1794 0.09446 0.0602 0.03811 0.02442 0.01905 0.04503
1.14 15.51 46.34 15.88 13.4 11.56 3.17 2.034 0.8781 0.6753 0.4199 0.1823 0.115 0.1102 0.0888 0.04674 0.02979 0.01886 0.01209 0.03171
1.3 14.29 43.76 35.1 9.906 8.355 7.211 1.977 1.268 0.5477 0.4212 0.2619 0.1137 0.0717 0.06873 0.05538 0.02915 0.01858 0.01176 0.02732
1.106 13.57 33.54 27.26 17.95 5.065 4.272 3.687 1.011 0.6486 0.28 0.2154 0.1339 0.05814 0.03666 0.03515 0.02832 0.01491 0.0095 0.01998
1.458 12.48 34.4 22.64 15.13 9.956 2.81 2.37 2.046 0.5608 0.3598 0.1554 0.1195 0.0743 0.03226 0.02034 0.0195 0.01571 0.008271 0.01636
1.291 15.19 29.26 21.44 11.59 7.741 5.095 1.438 1.213 1.047 0.287 0.1842 0.07951 0.06115 0.03802 0.01651 0.01041 0.009979 0.008041 0.0126
0.5413 13.63 36.26 18.66 11.24 6.075 4.058 2.671 0.7539 0.6359 0.5488 0.1505 0.09654 0.04168 0.03205 0.01993 0.008654 0.005457 0.005231 0.01082
0.7809 6.093 34.66 24.69 10.45 6.295 3.402 2.273 1.496 0.4222 0.3561 0.3074 0.08427 0.05407 0.02334 0.01795 0.01116 0.004847 0.003056 0.008991
1.342 8.73 15.34 23.31 13.64 5.777 3.479 1.881 1.256 0.8269 0.2334 0.1968 0.1699 0.04658 0.02988 0.0129 0.009923 0.006171 0.002679 0.006659
0.7406 13.6 20.03 9.391 11.72 6.861 2.905 1.75 0.9456 0.6316 0.4158 0.1173 0.09898 0.08543 0.02342 0.01503 0.006488 0.00499 0.003103 0.004695
0.9269 9.115 37.64 14.85 5.732 7.153 4.188 1.773 1.068 0.5772 0.3855 0.2538 0.07163 0.06041 0.05214 0.0143 0.009172 0.00396 0.003046 0.00476
0.6572 9.275 20.58 22.56 7.306 2.82 3.518 2.06 0.8722 0.5253 0.2839 0.1896 0.1248 0.03523 0.02972 0.02565 0.007032 0.004512 0.001948 0.00384
1.335 7.088 22.64 13.45 12.13 3.928 1.516 1.892 1.107 0.4689 0.2824 0.1526 0.102 0.06711 0.01894 0.01598 0.01379 0.00378 0.002426 0.003112
0.8346 16.12 19.24 16.45 8.037 7.248 2.347 0.9059 1.13 0.6618 0.2802 0.1688 0.09121 0.06093 0.0401 0.01132 0.009547 0.00824 0.002259 0.003309
1.346 9.029 39.11 12.38 8.682 4.243 3.826 1.239 0.4782 0.5967 0.3494 0.1479 0.08909 0.04815 0.03216 0.02117 0.005976 0.00504 0.00435 0.002939
0.5943 14.89 22.37 25.71 6.676 4.684 2.289 2.064 0.6685 0.258 0.3219 0.1885 0.0798 0.04806 0.02598 0.01735 0.01142 0.003224 0.002719 0.003933
0.7647 5.883 33.25 13.26 12.5 3.248 2.279 1.113 1.004 0.3252 0.1255 0.1566 0.09169 0.03882 0.02338 0.01264 0.008441 0.005556 0.001568 0.003236
1.262 8.602 14.94 22.61 7.416 6.994 1.816 1.274 0.6228 0.5616 0.1819 0.07019 0.08759 0.05128 0.02171 0.01308 0.007068 0.004721 0.003108 0.002687
1.024 13.67 21.03 9.756 12.13 3.98 3.754 0.9749 0.684 0.3343 0.3014 0.09762 0.03767 0.04701 0.02752 0.01165 0.007019 0.003794 0.002534 0.00311
1.731 11.3 34.05 14 5.339 6.641 2.179 2.055 0.5336 0.3744 0.1829 0.165 0.05343 0.02062 0.02573 0.01506 0.006378 0.003841 0.002076 0.003089
0.7434 17.78 26.31 21.18 7.16 2.731 3.396 1.114 1.051 0.2729 0.1915 0.09356 0.08437 0.02732 0.01054 0.01316 0.007704 0.003262 0.001965 0.002642
0.7978 9.115 49.08 19.47 12.91 4.362 1.664 2.069 0.6788 0.6402 0.1663 0.1167 0.05701 0.05141 0.01665 0.006425 0.008017 0.004694 0.001987 0.002807
1.113 8.244 21.22 30.35 9.886 6.553 2.215 0.8447 1.051 0.3446 0.325 0.08441 0.05922 0.02894 0.0261 0.008452 0.003262 0.00407 0.002383 0.002434
0.9364 11.3 18.98 13.07 15.36 5.004 3.317 1.121 0.4276 0.5318 0.1744 0.1645 0.04273 0.02998 0.01465 0.01321 0.004278 0.001651 0.00206 0.002438
1.481 10.98 29.96 13.54 7.672 9.021 2.938 1.948 0.6583 0.251 0.3122 0.1024 0.0966 0.02509 0.0176 0.008602 0.007757 0.002512 0.0009695 0.002641
0.5382 16.01 26.82 19.56 7.264 4.117 4.841 1.577 1.045 0.3533 0.1347 0.1676 0.05497 0.05184 0.01346 0.009446 0.004616 0.004163 0.001348 0.001938
0.9488 6.181 41.39 18.54 11.11 4.129 2.34 2.751 0.8961 0.594 0.2008 0.07657 0.09523 0.03124 0.02946 0.007652 0.005369 0.002624 0.002366 0.001868
0.8955 9.925 14.58 26 9.566 5.735 2.13 1.207 1.42 0.4624 0.3065 0.1036 0.03951 0.04914 0.01612 0.0152 0.003948 0.00277 0.001354 0.002184
0.5282 9.32 23.41 9.204 13.49 4.963 2.976 1.105 0.6265 0.7366 0.2399 0.159 0.05375 0.0205 0.0255 0.008364 0.007888 0.002049 0.001437 0.001836
0.6765 5.898 23.58 15.91 5.15 7.55 2.777 1.665 0.6185 0.3505 0.4122 0.1342 0.08898 0.03008 0.01147 0.01427 0.00468 0.004414 0.001146 0.001831
1.512 8.077 15.84 16.96 9.416 3.047 4.467 1.643 0.9852 0.3659 0.2074 0.2439 0.07943 0.05265 0.0178 0.006787 0.008441 0.002769 0.002612 0.001762
0.985 15.13 18.26 9.524 8.371 4.647 1.504 2.205 0.811 0.4862 0.1806 0.1024 0.1204 0.0392 0.02598 0.008782 0.003349 0.004166 0.001367 0.002158
0.4444 11.21 38.87 12.57 5.394 4.741 2.632 0.8518 1.249 0.4593 0.2754 0.1023 0.05798 0.06817 0.0222 0.01472 0.004974 0.001897 0.00236 0.001997
1.006 5.178 29.31 27.1 7.203 3.092 2.717 1.509 0.4882 0.7156 0.2633 0.1578 0.05863 0.03323 0.03907 0.01272 0.008435 0.002851 0.001087 0.002497
0.6045 9.905 11.51 17.3 13.13 3.489 1.498 1.316 0.7308 0.2365 0.3467 0.1275 0.07646 0.0284 0.0161 0.01893 0.006164 0.004086 0.001381 0.001736
0.5119 6.833 25.29 7.876 9.737 7.389 1.964 0.8429 0.7408 0.4113 0.1331 0.1951 0.07177 0.04303 0.01598 0.009059 0.01065 0.003469 0.0023 0.001754
0.7058 5.492 16.57 16.39 4.195 5.186 3.935 1.046 0.4489 0.3945 0.219 0.07088 0.1039 0.03822 0.02292 0.008512 0.004825 0.005673 0.001848 0.002159
0.6318 7.9 13.87 11.2 9.107 2.331 2.882 2.187 0.5812 0.2495 0.2193 0.1217 0.03939 0.05775 0.02124 0.01274 0.004731 0.002681 0.003153 0.002227
1.015 6.466 18.32 8.599 5.704 4.639 1.188 1.468 1.114 0.2961 0.1271 0.1117 0.06201 0.02007 0.02942 0.01082 0.006488 0.00241 0.001366 0.002741
1.37 11.41 16.47 12.54 4.844 3.213 2.613 0.669 0.827 0.6277 0.1668 0.07159 0.06293 0.03493 0.01131 0.01657 0.006096 0.003655 0.001358 0.002313
0.8531 15.88 29.81 11.52 7.218 2.789 1.85 1.505 0.3852 0.4761 0.3614 0.09603 0.04122 0.03623 0.02011 0.006509 0.009541 0.00351 0.002104 0.002113
0.6383 9.495 39.74 19.86 6.306 3.95 1.526 1.012 0.8233 0.2108 0.2605 0.1977 0.05255 0.02255 0.01982 0.01101 0.003562 0.005221 0.001921 0.002308
1.096 7.041 23.51 26.14 10.73 3.406 2.134 0.8244 0.5468 0.4448 0.1139 0.1407 0.1068 0.02839 0.01218 0.01071 0.005945 0.001924 0.00282 0.002284
0.5174 10.71 15.56 13.82 12.61 5.175 1.644 1.029 0.3978 0.2639 0.2146 0.05493 0.06791 0.05154 0.0137 0.005879 0.005167 0.002868 0.0009283 0.002463
0.7627 6.355 29.59 11.53 8.427 7.693 3.156 1.002 0.6279 0.2426 0.1609 0.1309 0.03351 0.04142 0.03143 0.008354 0.003586 0.003152 0.00175 0.002068
0.692 8.092 15.15 18.73 5.989 4.377 3.996 1.64 0.5207 0.3262 0.126 0.0836 0.06799 0.01741 0.02152 0.01633 0.00434 0.001863 0.001637 0.001983
1.029 7.668 20.15 10.04 10.19 3.259 2.382 2.174 0.8921 0.2833 0.1775 0.06857 0.04548 0.03699 0.00947 0.01171 0.008885 0.002361 0.001013 0.00197
0.78 10.36 17.44 12.19 4.986 5.062 1.619 1.183 1.08 0.4432 0.1408 0.08817 0.03407 0.0226 0.01838 0.004705 0.005816 0.004414 0.001173 0.001482
0.6251 8.461 25.46 11.49 6.609 2.703 2.744 0.8778 0.6415 0.5856 0.2403 0.07632 0.0478 0.01847 0.01225 0.009965 0.002551 0.003153 0.002393 0.00144
0.9726 7.189 21.97 17.73 6.583 3.786 1.549 1.572 0.5029 0.3675 0.3355 0.1377 0.04372 0.02739 0.01058 0.007019 0.005708 0.001461 0.001807 0.002196
0.5187 10.92 18.17 14.81 9.819 3.647 2.097 0.8579 0.8709 0.2785 0.2036 0.1858 0.07626 0.02422 0.01517 0.005861 0.003888 0.003162 0.0008095 0.002217
0.6319 5.356 25.46 11.28 7.55 5.006 1.859 1.069 0.4374 0.444 0.142 0.1038 0.09475 0.03888 0.01235 0.007734 0.002988 0.001982 0.001612 0.001543
0.5173 7.529 14.34 18.21 6.635 4.442 2.945 1.094 0.6291 0.2573 0.2612 0.08356 0.06107 0.05575 0.02288 0.007265 0.004551 0.001758 0.001166 0.001856
