 landings-at-age - landings.n (units : NA )
1	2	
2	100	
1	20	
1 
0.02659 0.2984 0.8352 0.6934 0.4839 0.3377 0.2357 0.1644 0.1148 0.08008 0.05589 0.039 0.02722 0.01899 0.01325 0.009249 0.006454 0.004504 0.003143 0.007259
0.002218 0.05216 0.1462 0.1214 0.08475 0.05914 0.04127 0.0288 0.0201 0.01403 0.009787 0.00683 0.004766 0.003326 0.002321 0.00162 0.00113 0.0007888 0.0005504 0.001271
0.002292 0.0249 0.1464 0.1219 0.08515 0.05942 0.04147 0.02894 0.02019 0.01409 0.009834 0.006862 0.004789 0.003342 0.002332 0.001627 0.001136 0.0007925 0.000553 0.001277
0.002499 0.02574 0.06988 0.122 0.08549 0.0597 0.04166 0.02907 0.02029 0.01416 0.00988 0.006895 0.004811 0.003358 0.002343 0.001635 0.001141 0.0007963 0.0005557 0.001283
0.002274 0.02805 0.07221 0.05827 0.08557 0.05994 0.04186 0.02921 0.02038 0.01423 0.009927 0.006927 0.004834 0.003374 0.002354 0.001643 0.001146 8e-04 0.0005583 0.001289
0.002157 0.02553 0.07872 0.06022 0.04085 0.06 0.04203 0.02935 0.02048 0.01429 0.009974 0.00696 0.004857 0.00339 0.002365 0.001651 0.001152 0.0008038 0.0005609 0.001295
0.002217 0.02422 0.07165 0.06564 0.04222 0.02864 0.04207 0.02947 0.02058 0.01436 0.01002 0.006993 0.00488 0.003406 0.002377 0.001658 0.001157 0.0008076 0.0005636 0.001302
0.002431 0.0249 0.06795 0.05975 0.04603 0.0296 0.02008 0.0295 0.02066 0.01443 0.01007 0.007026 0.004903 0.003422 0.002388 0.001666 0.001163 0.0008114 0.0005663 0.001308
0.002574 0.0273 0.06986 0.05666 0.04189 0.03227 0.02076 0.01408 0.02068 0.01449 0.01012 0.00706 0.004926 0.003438 0.002399 0.001674 0.001168 0.0008153 0.0005689 0.001314
0.002552 0.0289 0.0766 0.05825 0.03973 0.02937 0.02263 0.01455 0.009873 0.0145 0.01016 0.007093 0.00495 0.003454 0.00241 0.001682 0.001174 0.0008191 0.0005716 0.00132
0.00266 0.02866 0.0811 0.06387 0.04084 0.02786 0.02059 0.01586 0.0102 0.006923 0.01017 0.007121 0.004973 0.003471 0.002422 0.00169 0.001179 0.000823 0.0005743 0.001326
0.002849 0.02987 0.08041 0.06762 0.04478 0.02864 0.01953 0.01444 0.01112 0.007154 0.004854 0.007128 0.004993 0.003487 0.002433 0.001698 0.001185 0.0008269 0.0005771 0.001333
0.003147 0.03199 0.08382 0.06705 0.04741 0.0314 0.02008 0.01369 0.01012 0.007799 0.005016 0.003403 0.004998 0.003501 0.002445 0.001706 0.001191 0.0008308 0.0005798 0.001339
0.003208 0.03534 0.08976 0.0699 0.04701 0.03324 0.02202 0.01408 0.009602 0.007098 0.005468 0.003517 0.002386 0.003504 0.002455 0.001714 0.001196 0.0008348 0.0005825 0.001345
0.003408 0.03602 0.09915 0.07485 0.04901 0.03296 0.02331 0.01544 0.009871 0.006732 0.004977 0.003834 0.002466 0.001673 0.002457 0.001721 0.001202 0.0008387 0.0005853 0.001352
0.003455 0.03826 0.1011 0.08268 0.05248 0.03436 0.02311 0.01634 0.01082 0.006921 0.00472 0.00349 0.002688 0.001729 0.001173 0.001723 0.001207 0.0008427 0.0005881 0.001358
0.003727 0.0388 0.1074 0.08427 0.05797 0.03679 0.02409 0.01621 0.01146 0.007589 0.004852 0.00331 0.002447 0.001885 0.001212 0.0008225 0.001208 0.000846 0.0005908 0.001365
0.00373 0.04185 0.1089 0.08953 0.05909 0.04065 0.0258 0.01689 0.01136 0.008034 0.005321 0.003402 0.00232 0.001715 0.001321 0.0008499 0.0005767 0.0008469 0.0005932 0.001371
0.004303 0.04188 0.1174 0.09077 0.06277 0.04143 0.0285 0.01809 0.01184 0.007966 0.005633 0.003731 0.002385 0.001627 0.001203 0.0009266 0.0005959 0.0004043 0.0005938 0.001377
0.004354 0.04831 0.1175 0.09792 0.06365 0.04401 0.02905 0.01998 0.01268 0.008304 0.005586 0.00395 0.002616 0.001673 0.001141 0.0008433 0.0006496 0.0004178 0.0002835 0.001382
0.004391 0.04889 0.1356 0.09799 0.06866 0.04463 0.03086 0.02037 0.01401 0.008892 0.005822 0.003916 0.002769 0.001834 0.001173 0.0007998 0.0005913 0.0004555 0.000293 0.001168
0.004699 0.0493 0.1372 0.113 0.0687 0.04814 0.03129 0.02164 0.01428 0.009823 0.006235 0.004082 0.002746 0.001942 0.001286 0.0008222 0.0005608 0.0004146 0.0003194 0.001024
0.00502 0.05276 0.1383 0.1144 0.07926 0.04817 0.03375 0.02194 0.01517 0.01001 0.006887 0.004371 0.002862 0.001925 0.001361 0.0009016 0.0005765 0.0003932 0.0002907 0.000942
0.005011 0.05636 0.148 0.1154 0.0802 0.05557 0.03377 0.02367 0.01538 0.01064 0.00702 0.004829 0.003065 0.002007 0.00135 0.0009545 0.0006321 0.0004042 0.0002757 0.0008643
0.005254 0.05627 0.1582 0.1234 0.08088 0.05623 0.03896 0.02368 0.01659 0.01078 0.007458 0.004922 0.003386 0.002149 0.001407 0.0009465 0.0006693 0.0004432 0.0002834 0.0007993
0.00497 0.059 0.1579 0.1319 0.08655 0.05671 0.03943 0.02732 0.0166 0.01163 0.007562 0.005229 0.003451 0.002374 0.001507 0.0009866 0.0006636 0.0004692 0.0003108 0.0007591
0.005006 0.05581 0.1655 0.1317 0.09247 0.06068 0.03976 0.02764 0.01915 0.01164 0.008157 0.005302 0.003666 0.00242 0.001664 0.001056 0.0006917 0.0004653 0.000329 0.0007501
0.005373 0.05621 0.1566 0.138 0.09231 0.06483 0.04255 0.02788 0.01938 0.01343 0.008162 0.005719 0.003717 0.002571 0.001697 0.001167 0.0007407 0.000485 0.0003262 0.0007566
0.005587 0.06033 0.1577 0.1306 0.09679 0.06473 0.04546 0.02983 0.01955 0.01359 0.009416 0.005723 0.00401 0.002606 0.001802 0.00119 0.0008183 0.0005194 0.0003401 0.0007592
0.005356 0.06273 0.1693 0.1315 0.09155 0.06786 0.04538 0.03187 0.02092 0.0137 0.009528 0.006602 0.004013 0.002812 0.001827 0.001264 0.000834 0.0005737 0.0003641 0.0007708
0.005421 0.06014 0.176 0.1412 0.09222 0.06419 0.04758 0.03182 0.02235 0.01467 0.009609 0.006681 0.004629 0.002813 0.001971 0.001281 0.000886 0.0005848 0.0004023 0.0007957
0.005586 0.06087 0.1687 0.1468 0.09898 0.06466 0.04501 0.03336 0.02231 0.01567 0.01028 0.006737 0.004684 0.003246 0.001973 0.001382 0.0008984 0.0006212 0.00041 0.00084
0.0055 0.06272 0.1708 0.1407 0.1029 0.0694 0.04533 0.03156 0.02339 0.01564 0.01099 0.00721 0.004724 0.003284 0.002276 0.001383 0.0009691 0.0006299 0.0004356 0.0008764
0.005444 0.06176 0.176 0.1424 0.09866 0.07216 0.04866 0.03179 0.02213 0.0164 0.01097 0.007703 0.005055 0.003312 0.002303 0.001596 0.0009697 0.0006795 0.0004416 0.0009199
0.005724 0.06113 0.1733 0.1467 0.09986 0.06917 0.0506 0.03412 0.02229 0.01551 0.0115 0.00769 0.005401 0.003544 0.002322 0.001615 0.001119 0.0006799 0.0004764 0.0009546
0.005524 0.06427 0.1715 0.1445 0.1029 0.07002 0.0485 0.03547 0.02392 0.01563 0.01088 0.008063 0.005392 0.003787 0.002485 0.001628 0.001132 0.0007844 0.0004767 0.001003
0.006131 0.06203 0.1803 0.143 0.1013 0.07214 0.04909 0.03401 0.02487 0.01677 0.01096 0.007627 0.005653 0.00378 0.002655 0.001742 0.001142 0.0007937 0.00055 0.001038
0.006092 0.06884 0.174 0.1504 0.1003 0.07104 0.05058 0.03442 0.02384 0.01744 0.01176 0.007682 0.005347 0.003964 0.002651 0.001862 0.001222 0.0008004 0.0005565 0.001113
0.006026 0.0684 0.1932 0.1451 0.1054 0.07031 0.04981 0.03547 0.02413 0.01672 0.01223 0.008245 0.005386 0.003749 0.002779 0.001858 0.001305 0.0008566 0.0005612 0.001171
0.3496 3.702 10.34 8.64 5.458 3.965 2.644 1.873 1.334 0.9077 0.6287 0.4599 0.3101 0.2026 0.141 0.1045 0.06989 0.04909 0.03221 0.06514
0.4448 5.014 12.93 10.48 7.332 4.632 3.365 2.244 1.59 1.132 0.7702 0.5335 0.3902 0.2631 0.1719 0.1197 0.08869 0.05931 0.04165 0.08261
0.2633 2.832 7.827 5.841 3.957 2.769 1.749 1.271 0.8474 0.6003 0.4274 0.2909 0.2015 0.1474 0.09937 0.06491 0.04518 0.03349 0.0224 0.04692
0.3535 4.338 11.41 9.212 5.761 3.904 2.731 1.725 1.253 0.8358 0.5921 0.4216 0.2869 0.1987 0.1453 0.09801 0.06402 0.04457 0.03303 0.06838
0.3084 3.622 10.86 8.295 5.602 3.504 2.374 1.661 1.049 0.7622 0.5083 0.3601 0.2564 0.1745 0.1209 0.08839 0.05961 0.03894 0.0271 0.06167
0.3682 4.624 13.21 11.5 7.352 4.965 3.105 2.104 1.472 0.9299 0.6755 0.4505 0.3191 0.2272 0.1546 0.1071 0.07834 0.05283 0.03451 0.07868
0.3023 3.489 10.67 8.8 6.405 4.093 2.764 1.729 1.171 0.8195 0.5177 0.3761 0.2508 0.1777 0.1265 0.08609 0.05963 0.04362 0.02941 0.06302
0.2579 2.886 8.144 7.224 4.983 3.627 2.318 1.565 0.9789 0.6633 0.464 0.2931 0.213 0.142 0.1006 0.07163 0.04875 0.03377 0.0247 0.05234
0.3164 3.597 9.813 8.046 5.974 4.121 3 1.917 1.295 0.8096 0.5485 0.3838 0.2424 0.1761 0.1175 0.08321 0.05924 0.04031 0.02793 0.06371
0.3291 3.657 10.11 7.979 5.471 4.062 2.802 2.039 1.303 0.8802 0.5505 0.373 0.2609 0.1648 0.1198 0.07986 0.05657 0.04028 0.02741 0.06231
0.3213 3.387 9.168 7.329 4.834 3.314 2.461 1.698 1.236 0.7896 0.5333 0.3335 0.226 0.1581 0.09987 0.07255 0.04838 0.03428 0.0244 0.05436
0.3739 3.942 10.11 7.921 5.295 3.493 2.395 1.778 1.227 0.8928 0.5705 0.3853 0.241 0.1633 0.1142 0.07216 0.05242 0.03496 0.02477 0.05691
0.4105 4.562 11.67 8.639 5.659 3.783 2.496 1.711 1.27 0.8763 0.6378 0.4076 0.2753 0.1722 0.1166 0.08161 0.05155 0.03745 0.02498 0.05835
0.3589 4.095 11.06 8.155 5.043 3.303 2.208 1.457 0.9988 0.7416 0.5115 0.3723 0.2379 0.1607 0.1005 0.06809 0.04764 0.03009 0.02186 0.04864
0.3651 4.159 11.53 9.001 5.548 3.431 2.247 1.502 0.991 0.6794 0.5045 0.348 0.2533 0.1619 0.1093 0.06837 0.04632 0.03241 0.02047 0.04796
0.4069 4.42 12.21 9.769 6.373 3.928 2.429 1.591 1.064 0.7017 0.4811 0.3572 0.2464 0.1794 0.1146 0.07741 0.04841 0.0328 0.02295 0.04846
0.3719 4.353 11.47 9.125 6.099 3.979 2.452 1.517 0.9934 0.6641 0.4381 0.3004 0.223 0.1538 0.112 0.07156 0.04833 0.03022 0.02048 0.04458
0.3385 3.913 11.13 8.456 5.622 3.758 2.451 1.511 0.9343 0.612 0.4092 0.2699 0.185 0.1374 0.09478 0.06898 0.04408 0.02977 0.01862 0.04008
0.3495 3.95 11.09 9.104 5.783 3.845 2.57 1.676 1.033 0.639 0.4186 0.2798 0.1846 0.1266 0.09397 0.06482 0.04718 0.03015 0.02036 0.04015
0.3104 3.268 8.997 7.29 5.003 3.178 2.113 1.412 0.9212 0.5678 0.3511 0.23 0.1538 0.1014 0.06953 0.05163 0.03561 0.02592 0.01657 0.03325
0.2857 3.32 8.531 6.808 4.615 3.167 2.011 1.337 0.8938 0.5831 0.3594 0.2222 0.1456 0.09732 0.0642 0.04401 0.03268 0.02254 0.01641 0.03153
0.2027 2.398 6.831 5.099 3.405 2.308 1.584 1.006 0.6688 0.447 0.2916 0.1797 0.1111 0.0728 0.04867 0.03211 0.02201 0.01634 0.01127 0.02397
0.2006 2.396 6.953 5.782 3.616 2.414 1.636 1.123 0.7132 0.4742 0.3169 0.2067 0.1274 0.0788 0.05162 0.03451 0.02276 0.01561 0.01159 0.02499
0.3213 3.524 10.24 8.653 6.027 3.769 2.516 1.706 1.17 0.7434 0.4942 0.3303 0.2155 0.1328 0.08214 0.0538 0.03597 0.02373 0.01627 0.03813
0.216 2.388 6.403 5.377 3.795 2.643 1.653 1.104 0.748 0.5133 0.326 0.2168 0.1449 0.09451 0.05826 0.03603 0.0236 0.01578 0.01041 0.02386
0.1798 1.997 5.422 4.239 2.981 2.104 1.465 0.9163 0.6118 0.4147 0.2846 0.1808 0.1202 0.08032 0.0524 0.0323 0.01997 0.01308 0.008746 0.01899
0.3076 3.552 9.613 7.615 4.988 3.508 2.476 1.724 1.078 0.72 0.488 0.3349 0.2127 0.1414 0.09452 0.06166 0.03801 0.0235 0.0154 0.03265
0.1973 2.292 6.475 5.066 3.354 2.197 1.545 1.09 0.7595 0.475 0.3171 0.2149 0.1475 0.09369 0.06229 0.04163 0.02716 0.01674 0.01035 0.02116
0.218 2.313 6.586 5.422 3.552 2.352 1.541 1.083 0.7646 0.5326 0.333 0.2224 0.1507 0.1034 0.06569 0.04367 0.02919 0.01904 0.01174 0.0221
0.2667 2.955 7.658 6.343 4.372 2.865 1.896 1.242 0.8736 0.6166 0.4295 0.2686 0.1793 0.1215 0.0834 0.05298 0.03522 0.02354 0.01536 0.02728
0.2832 2.989 8.077 6.068 4.204 2.898 1.899 1.257 0.8234 0.5791 0.4087 0.2847 0.178 0.1189 0.08056 0.05528 0.03511 0.02334 0.0156 0.02826
0.2635 2.776 7.164 5.613 3.528 2.444 1.685 1.104 0.7308 0.4787 0.3366 0.2376 0.1655 0.1035 0.0691 0.04684 0.03214 0.02041 0.01357 0.0255
0.203 2.344 6.063 4.552 2.985 1.876 1.3 0.896 0.5871 0.3887 0.2546 0.179 0.1264 0.08802 0.05504 0.03675 0.02491 0.01709 0.01086 0.02078
0.3352 3.884 10.92 8.232 5.179 3.396 2.134 1.479 1.019 0.6679 0.4422 0.2897 0.2037 0.1438 0.1001 0.06262 0.04181 0.02834 0.01945 0.03599
0.2559 2.827 7.992 6.49 4.087 2.571 1.686 1.06 0.7341 0.506 0.3316 0.2195 0.1438 0.1011 0.07137 0.04971 0.03108 0.02075 0.01407 0.02752
0.2513 2.669 7.213 5.927 4.028 2.536 1.596 1.046 0.6576 0.4556 0.3141 0.2058 0.1362 0.08924 0.06275 0.04429 0.03085 0.01929 0.01288 0.02581
0.3348 3.743 9.681 7.604 5.23 3.555 2.238 1.408 0.9235 0.5803 0.4021 0.2772 0.1816 0.1202 0.07876 0.05538 0.03909 0.02723 0.01703 0.03415
0.321 3.794 10.31 7.701 5.056 3.478 2.363 1.488 0.9362 0.614 0.3859 0.2674 0.1843 0.1207 0.07993 0.05236 0.03682 0.02599 0.0181 0.03402
0.3336 3.678 10.55 8.278 5.17 3.394 2.335 1.587 0.9991 0.6285 0.4122 0.259 0.1795 0.1237 0.08106 0.05366 0.03515 0.02472 0.01745 0.03499
0.342 3.454 9.26 7.668 5.026 3.139 2.061 1.417 0.9634 0.6066 0.3816 0.2503 0.1573 0.109 0.07512 0.04922 0.03258 0.02134 0.01501 0.03184
0.3234 3.673 9.03 7 4.847 3.177 1.984 1.303 0.8959 0.6089 0.3834 0.2412 0.1582 0.09941 0.06888 0.04748 0.03111 0.02059 0.01349 0.02961
0.244 2.748 7.636 5.44 3.527 2.442 1.6 0.9995 0.6562 0.4514 0.3068 0.1932 0.1215 0.07969 0.05008 0.0347 0.02392 0.01567 0.01037 0.02171
0.218 2.794 7.707 6.238 3.721 2.412 1.67 1.095 0.6836 0.4488 0.3087 0.2098 0.1321 0.08311 0.05451 0.03425 0.02373 0.01636 0.01072 0.02195
0.304 3.177 9.926 7.964 5.396 3.219 2.087 1.445 0.947 0.5914 0.3883 0.2671 0.1815 0.1143 0.0719 0.04716 0.02963 0.02053 0.01415 0.02826
0.3117 3.33 8.474 7.66 5.138 3.482 2.077 1.346 0.9323 0.611 0.3816 0.2505 0.1723 0.1171 0.07375 0.04639 0.03043 0.01912 0.01325 0.02737
0.2893 3.233 8.423 6.205 4.69 3.146 2.132 1.272 0.8244 0.5708 0.3741 0.2337 0.1534 0.1055 0.07171 0.04516 0.02841 0.01863 0.01171 0.02487
0.2366 2.577 7.053 5.333 3.286 2.484 1.666 1.129 0.6735 0.4366 0.3023 0.1981 0.1237 0.08124 0.05588 0.03798 0.02391 0.01504 0.009866 0.01937
0.2004 2.253 6.029 4.811 3.046 1.877 1.419 0.9518 0.645 0.3847 0.2494 0.1727 0.1132 0.07069 0.04641 0.03192 0.0217 0.01366 0.008594 0.0167
0.3059 3.616 9.922 7.745 5.179 3.279 2.021 1.528 1.025 0.6943 0.4142 0.2685 0.1859 0.1219 0.0761 0.04996 0.03437 0.02336 0.01471 0.02723
0.3619 3.906 11.21 8.888 5.801 3.879 2.456 1.514 1.144 0.7675 0.52 0.3102 0.2011 0.1392 0.09126 0.057 0.03742 0.02574 0.01749 0.03141
0.376 4.16 10.88 8.988 5.954 3.886 2.599 1.646 1.014 0.7665 0.5142 0.3484 0.2078 0.1347 0.09329 0.06114 0.03819 0.02507 0.01724 0.03276
0.3343 3.741 10.05 7.568 5.224 3.461 2.259 1.511 0.9564 0.5894 0.4455 0.2988 0.2025 0.1208 0.07831 0.05422 0.03554 0.02219 0.01457 0.02907
0.2431 2.587 7.08 5.502 3.462 2.39 1.583 1.033 0.691 0.4376 0.2696 0.2038 0.1367 0.09264 0.05526 0.03583 0.0248 0.01626 0.01015 0.01996
0.2162 2.302 6.018 4.802 3.125 1.967 1.357 0.8993 0.587 0.3925 0.2485 0.1532 0.1158 0.07765 0.05262 0.03139 0.02035 0.01409 0.009234 0.01711
0.2344 2.585 6.759 5.164 3.453 2.247 1.414 0.9762 0.6467 0.4221 0.2823 0.1787 0.1101 0.08325 0.05584 0.03784 0.02257 0.01463 0.01013 0.01894
0.2821 3.281 8.856 6.756 4.324 2.892 1.882 1.184 0.8174 0.5415 0.3534 0.2363 0.1496 0.09222 0.06971 0.04676 0.03168 0.0189 0.01225 0.02434
0.3426 3.888 11.01 8.629 5.509 3.526 2.358 1.534 0.9656 0.6665 0.4416 0.2882 0.1927 0.122 0.0752 0.05684 0.03813 0.02584 0.01541 0.02984
0.4177 4.386 12.07 9.875 6.469 4.13 2.643 1.768 1.15 0.7238 0.4996 0.331 0.216 0.1445 0.09148 0.05637 0.04261 0.02858 0.01937 0.03392
0.2579 3.001 7.696 6.108 4.174 2.734 1.746 1.117 0.7471 0.4862 0.3059 0.2112 0.1399 0.09132 0.06107 0.03866 0.02383 0.01801 0.01208 0.02253
0.2638 2.834 8.08 6.034 4.01 2.74 1.795 1.146 0.7334 0.4904 0.3191 0.2008 0.1386 0.09184 0.05995 0.04009 0.02538 0.01564 0.01182 0.02272
