Originally  
101 
A 
2	100	
1	1	NA	NA	
1	20	
1 257.7 237.9 118.9 109 59.47 59.47 69.38 19.82 9.912 19.82 9.912 0 19.82 0 0 0 0 0 0 0
1 384.5 336.4 132.2 72.09 108.1 84.11 12.02 24.03 0 12.02 12.02 0 0 12.02 12.02 0 0 0 0 0
1 387.8 226.2 193.9 307 161.6 64.64 64.64 64.64 64.64 48.48 0 0 0 0 16.16 0 0 0 0 16.16
1 217 133.5 158.6 75.12 66.77 41.73 16.69 58.42 25.04 8.346 0 25.04 8.346 0 0 0 0 0 0 0
1 311.5 239.6 239.6 167.7 119.8 35.94 23.96 11.98 11.98 23.96 0 0 0 11.98 0 0 0 0 0 0
1 283.5 207.2 141.8 76.34 120 87.25 0 43.62 43.62 21.81 10.91 10.91 10.91 0 32.72 0 0 0 0 0
1 301.3 210 91.32 91.32 63.92 45.66 18.26 9.132 18.26 18.26 9.132 9.132 0 9.132 0 9.132 9.132 0 0 0
1 394 225.2 191.4 33.78 45.03 56.29 56.29 56.29 22.52 33.78 0 11.26 0 0 0 0 0 0 0 0
1 334 226.7 238.6 107.4 23.86 83.51 23.86 35.79 23.86 11.93 11.93 11.93 23.86 11.93 23.86 0 0 0 0 0
1 447.8 285 190 135.7 108.6 27.14 27.14 27.14 0 27.14 27.14 13.57 13.57 27.14 0 0 0 0 0 0
1 266.9 110.4 119.6 147.3 101.2 55.22 46.02 18.41 18.41 9.204 9.204 9.204 9.204 0 0 0 0 0 0 0
1 381 381 217.7 95.26 81.65 68.04 27.22 27.22 68.04 13.61 0 0 0 0 0 0 0 0 0 0
1 389.9 236 102.6 61.56 102.6 51.3 0 41.04 20.52 20.52 0 0 0 0 0 0 0 0 0 0
1 466.6 198.3 198.3 105 35 93.33 35 23.33 0 0 0 0 11.67 0 0 0 0 0 0 0
1 316.3 189.8 179.2 116 42.17 84.35 52.72 21.09 10.54 10.54 10.54 10.54 10.54 0 0 0 0 0 0 0
1 569.5 349 220.5 183.7 110.2 202.1 18.37 91.85 0 18.37 0 0 0 55.11 0 18.37 0 0 0 0
1 247.7 175.5 196.1 175.5 82.57 61.93 20.64 10.32 10.32 10.32 10.32 10.32 0 0 10.32 0 0 0 10.32 0
1 360.8 277.5 208.1 152.6 124.9 83.26 83.26 27.75 0 0 27.75 13.88 0 0 0 0 27.75 0 0 0
1 256.2 140.5 107.4 123.9 74.37 41.32 16.53 16.53 0 24.79 8.263 0 0 0 0 8.263 8.263 0 0 0
1 296.1 148 69.67 60.96 60.96 78.37 17.42 17.42 60.96 17.42 8.708 0 0 8.708 8.708 0 17.42 0 0 0
1 418.7 221.7 172.4 98.53 86.21 36.95 73.89 24.63 36.95 12.32 24.63 12.32 12.32 0 0 0 0 0 0 0
1 358.1 326.9 171.2 186.8 46.7 124.5 31.14 15.57 77.84 109 31.14 0 31.14 0 31.14 15.57 0 0 0 0
1 312.8 248 140.2 118.6 53.92 107.8 53.92 10.78 0 0 0 10.78 0 0 10.78 0 0 0 0 10.78
1 291.1 277.9 224.9 145.6 105.9 66.16 66.16 52.93 52.93 13.23 13.23 0 0 0 0 13.23 0 0 0 0
1 254.9 254.9 166.3 77.59 77.59 55.42 77.59 55.42 55.42 11.08 0 11.08 0 0 0 0 0 0 0 11.08
1 260.2 158 195.1 102.2 92.93 27.88 46.46 0 9.293 9.293 0 18.59 0 0 0 9.293 0 0 0 0
1 302 302 217.4 108.7 48.32 60.4 60.4 36.24 24.16 36.24 0 0 12.08 0 0 0 0 0 0 0
1 265 143.9 106 53 75.71 30.29 15.14 15.14 7.571 7.571 0 15.14 0 7.571 7.571 7.571 0 0 0 0
1 239.1 162.3 145.2 42.7 51.24 85.4 34.16 42.7 8.54 8.54 8.54 8.54 8.54 8.54 0 0 0 0 0 0
1 272.9 181.9 90.95 68.21 45.48 22.74 30.32 7.579 15.16 15.16 0 0 0 0 7.579 0 0 0 0 0
1 268.5 126.3 78.96 118.4 94.75 39.48 15.79 0 23.69 15.79 0 0 0 0 7.896 0 0 0 0 0
1 483.1 207 126.5 103.5 80.52 46.01 34.51 11.5 0 23.01 0 0 23.01 0 11.5 0 0 0 0 0
1 350.3 240.9 186.1 164.2 65.69 21.9 21.9 10.95 0 0 10.95 10.95 0 10.95 0 0 0 0 0 0
1 390.8 195.4 113.1 113.1 51.43 72 30.86 0 10.29 0 0 20.57 10.29 20.57 0 0 0 0 0 0
1 343.2 248.5 165.7 118.3 94.67 59.17 59.17 35.5 23.67 11.83 11.83 11.83 0 0 0 0 0 0 0 0
1 343.2 171.6 191.8 131.2 50.47 70.66 20.19 10.09 10.09 10.09 0 0 0 0 0 0 0 0 0 0
1 423.2 269.3 179.5 102.6 115.4 102.6 51.29 25.65 0 0 12.82 0 0 0 0 0 0 0 0 0
1 316.5 303.9 215.2 75.96 164.6 50.64 50.64 37.98 25.32 0 0 0 0 0 0 0 0 12.66 12.66 0
1 606.4 230 313.6 250.9 230 188.2 83.64 20.91 20.91 83.64 20.91 20.91 0 0 0 0 0 20.91 0 0
1 338.7 268.7 175.2 93.45 93.45 70.08 46.72 23.36 11.68 11.68 11.68 0 0 0 0 11.68 0 11.68 0 0
1 263.3 141.8 192.4 91.13 111.4 60.75 70.88 10.13 30.38 0 10.13 10.13 0 0 0 10.13 0 0 0 10.13
1 270.4 108.2 123.6 92.72 77.26 30.91 23.18 23.18 15.45 7.726 0 0 0 0 0 0 0 0 0 0
1 471.3 248.7 144 130.9 78.54 104.7 91.63 13.09 0 13.09 0 0 0 13.09 0 0 0 0 0 0
1 411.7 218.7 218.7 128.6 51.46 38.59 38.59 38.59 25.73 38.59 38.59 0 12.86 12.86 0 0 12.86 0 0 0
1 305 190.6 200.2 85.79 66.73 28.6 19.06 0 38.13 0 9.532 0 0 0 0 0 0 0 0 9.532
1 510.7 277.2 218.9 175.1 87.54 43.77 58.36 14.59 0 14.59 14.59 29.18 0 0 0 14.59 0 0 0 0
1 602.2 401.5 383.2 164.2 91.25 91.25 36.5 0 0 0 36.5 0 0 18.25 0 0 0 0 0 0
1 571.8 453.5 315.5 197.2 98.59 138 78.88 0 39.44 59.16 19.72 0 0 0 0 0 0 0 0 0
1 489.8 258.5 217.7 149.7 68.03 68.03 68.03 13.61 27.21 0 0 0 0 0 0 0 0 0 0 0
1 580.5 232.2 298.5 215.6 99.51 99.51 66.34 16.59 16.59 16.59 16.59 0 0 0 0 0 0 0 0 0
1 364.6 301.7 276.6 125.7 37.72 50.29 37.72 25.15 25.15 12.57 0 0 0 0 0 0 0 0 0 0
1 429.9 273.6 234.5 78.16 78.16 91.19 65.13 13.03 26.05 0 0 0 13.03 0 0 0 0 0 0 0
1 691 329.1 115.2 131.6 98.72 82.27 98.72 32.91 32.91 0 32.91 0 0 0 0 0 0 0 0 0
1 470.7 389.6 340.9 146.1 129.9 48.7 64.93 0 0 0 0 0 16.23 0 0 0 0 0 0 16.23
1 472 216.9 255.2 153.1 63.79 51.03 25.52 12.76 12.76 0 0 12.76 0 0 0 0 0 0 0 0
1 418.5 286.3 143.2 99.11 77.09 55.06 0 0 22.02 0 0 0 0 0 0 0 0 0 0 0
1 259.5 335.2 237.9 118.9 32.43 21.62 21.62 21.62 21.62 0 10.81 0 0 0 0 0 0 0 0 0
1 378.5 232 244.2 109.9 122.1 97.67 0 24.42 0 12.21 0 0 0 0 0 0 0 0 0 0
1 522.6 282.5 268.3 141.2 98.87 42.37 14.12 0 0 0 14.12 14.12 0 0 0 0 0 0 0 14.12
1 352.8 341.8 132.3 154.3 44.1 11.02 33.07 0 22.05 11.02 0 0 0 0 0 0 0 0 0 0
1 477.1 313.9 163.2 113 75.33 50.22 50.22 0 0 0 0 0 0 0 0 0 0 12.55 0 0
1 315 203.8 203.8 111.2 27.79 18.53 18.53 27.79 0 0 0 0 0 0 0 0 0 0 0 0
1 337.5 310.9 106.6 79.94 8.883 8.883 17.77 0 0 0 8.883 8.883 0 0 0 0 0 0 0 0
1 384.7 270.3 218.3 93.58 41.59 10.4 10.4 0 0 0 10.4 0 0 0 0 0 0 0 0 0
1 263.6 291.8 150.6 113 65.9 37.66 0 0 18.83 0 0 0 0 0 0 0 0 0 0 0
1 396.2 312.1 228.1 120 72.03 60.02 0 12 0 0 0 0 0 0 0 0 0 0 0 0
1 337.4 281.2 168.7 56.23 65.61 28.12 0 0 0 0 0 0 0 0 0 0 0 0 0 0
1 371.6 231 110.5 130.6 90.38 10.04 60.25 0 0 0 0 0 0 0 0 0 0 0 0 0
1 302.9 139.8 147.6 108.7 54.37 7.767 15.53 0 0 0 0 0 0 0 0 0 0 0 0 0
1 263.5 218.3 158.1 67.76 15.06 7.529 15.06 0 0 0 7.529 0 0 0 0 0 0 0 0 0
1 385.9 235.8 235.8 96.48 53.6 32.16 10.72 10.72 0 0 0 0 10.72 0 0 0 0 0 0 0
1 327.7 194.9 159.4 88.58 62.01 26.57 17.72 0 8.858 0 0 0 0 0 0 0 0 0 0 0
1 257.1 202.5 116.9 109.1 38.95 23.37 23.37 7.79 0 0 0 0 0 0 0 0 0 0 0 0
1 340.1 314.6 68.02 51.02 34.01 25.51 8.503 8.503 0 0 0 0 0 0 0 0 0 0 0 0
1 293.9 267.9 155.6 69.14 34.57 25.93 8.643 8.643 0 0 0 0 0 0 0 0 0 0 0 0
1 290.6 273 184.9 52.84 26.42 0 26.42 26.42 0 0 0 0 0 0 0 0 0 0 0 0
1 437.5 250 237.5 200 74.99 25 25 0 0 0 0 0 0 0 0 0 0 0 0 0
1 367.7 248.2 119.5 64.34 36.77 45.96 18.38 18.38 0 0 0 0 0 0 0 0 0 0 0 0
1 633.2 310.2 232.6 51.69 25.85 0 12.92 25.85 0 0 0 0 0 0 0 0 0 0 0 0
1 385 220 220 132 66 22 22 22 0 0 0 0 0 0 11 0 0 0 0 0
1 468.3 271.1 258.8 110.9 49.3 36.97 24.65 0 0 0 0 0 0 12.32 0 0 0 0 0 0
1 455.2 307.3 147.9 113.8 79.66 22.76 11.38 0 0 0 0 0 0 0 0 0 0 0 0 0
1 362.4 264.4 146.9 97.94 29.38 68.56 9.794 0 0 0 0 0 0 0 0 0 0 0 0 0
1 886.4 515.3 309.2 82.45 103.1 61.84 41.23 61.84 0 0 0 0 0 0 0 0 0 0 0 0
1 493.7 325.1 156.5 84.29 12.04 72.25 12.04 36.13 12.04 0 0 0 0 0 0 0 0 0 0 0
1 568.3 568.3 184.3 122.9 61.43 15.36 15.36 0 0 0 0 0 0 0 0 0 0 0 0 0
1 544.6 544.6 344.9 163.4 36.31 54.46 72.62 18.15 0 18.15 0 0 0 0 0 0 18.15 0 0 0
1 500.5 346.5 179.7 89.83 77 51.33 12.83 12.83 12.83 0 0 0 0 0 0 0 0 0 0 0
1 376.4 227.8 188.2 99.06 29.72 19.81 9.906 19.81 9.906 0 9.906 0 0 0 0 0 0 0 0 0
1 409.8 221.5 144 132.9 99.69 33.23 22.15 33.23 0 0 0 11.08 0 0 0 0 0 0 0 0
1 515.5 406.1 249.9 109.3 93.72 125 0 31.24 15.62 15.62 0 0 0 0 0 0 0 0 0 0
1 421.8 301.3 192.8 132.6 72.31 60.26 24.1 0 0 0 0 0 0 0 0 0 0 0 0 0
1 509.1 476.3 295.6 164.2 82.12 49.27 32.85 0 0 32.85 0 0 0 0 0 0 0 0 0 0
1 653.7 334.5 243.2 136.8 91.22 45.61 0 0 0 0 15.2 0 0 0 0 0 0 0 0 0
1 283.2 230.1 203.5 88.49 17.7 26.55 26.55 0 0 8.849 0 0 0 0 0 0 0 0 0 0
1 360.9 306.2 131.2 153.1 65.61 32.8 10.93 10.93 0 10.93 10.93 0 0 0 0 0 0 0 0 0
1 404 311.7 115.4 69.26 127 57.72 0 34.63 0 0 11.54 11.54 11.54 0 0 0 0 0 0 0
1 684.8 342.4 308.2 85.61 102.7 51.36 51.36 34.24 17.12 0 17.12 17.12 0 0 0 0 0 0 0 0
1 385.3 321.1 244.1 115.6 102.8 51.38 38.53 12.84 0 12.84 0 0 0 0 0 0 0 0 0 0
