 natural mortality - m (units :  )
1	5	
42	100	
1	20	
1 
0.354 0.354 0.354 0.354 0.354 0.354 0.354 0.354 0.354 0.354 0.354 0.354 0.354 0.354 0.354 0.354 0.354 0.354 0.354 0.354
0.354 0.354 0.354 0.354 0.354 0.354 0.354 0.354 0.354 0.354 0.354 0.354 0.354 0.354 0.354 0.354 0.354 0.354 0.354 0.354
0.354 0.354 0.354 0.354 0.354 0.354 0.354 0.354 0.354 0.354 0.354 0.354 0.354 0.354 0.354 0.354 0.354 0.354 0.354 0.354
0.354 0.354 0.354 0.354 0.354 0.354 0.354 0.354 0.354 0.354 0.354 0.354 0.354 0.354 0.354 0.354 0.354 0.354 0.354 0.354
0.354 0.354 0.354 0.354 0.354 0.354 0.354 0.354 0.354 0.354 0.354 0.354 0.354 0.354 0.354 0.354 0.354 0.354 0.354 0.354
0.354 0.354 0.354 0.354 0.354 0.354 0.354 0.354 0.354 0.354 0.354 0.354 0.354 0.354 0.354 0.354 0.354 0.354 0.354 0.354
0.354 0.354 0.354 0.354 0.354 0.354 0.354 0.354 0.354 0.354 0.354 0.354 0.354 0.354 0.354 0.354 0.354 0.354 0.354 0.354
0.354 0.354 0.354 0.354 0.354 0.354 0.354 0.354 0.354 0.354 0.354 0.354 0.354 0.354 0.354 0.354 0.354 0.354 0.354 0.354
0.354 0.354 0.354 0.354 0.354 0.354 0.354 0.354 0.354 0.354 0.354 0.354 0.354 0.354 0.354 0.354 0.354 0.354 0.354 0.354
0.354 0.354 0.354 0.354 0.354 0.354 0.354 0.354 0.354 0.354 0.354 0.354 0.354 0.354 0.354 0.354 0.354 0.354 0.354 0.354
0.354 0.354 0.354 0.354 0.354 0.354 0.354 0.354 0.354 0.354 0.354 0.354 0.354 0.354 0.354 0.354 0.354 0.354 0.354 0.354
0.354 0.354 0.354 0.354 0.354 0.354 0.354 0.354 0.354 0.354 0.354 0.354 0.354 0.354 0.354 0.354 0.354 0.354 0.354 0.354
0.354 0.354 0.354 0.354 0.354 0.354 0.354 0.354 0.354 0.354 0.354 0.354 0.354 0.354 0.354 0.354 0.354 0.354 0.354 0.354
0.354 0.354 0.354 0.354 0.354 0.354 0.354 0.354 0.354 0.354 0.354 0.354 0.354 0.354 0.354 0.354 0.354 0.354 0.354 0.354
0.354 0.354 0.354 0.354 0.354 0.354 0.354 0.354 0.354 0.354 0.354 0.354 0.354 0.354 0.354 0.354 0.354 0.354 0.354 0.354
0.354 0.354 0.354 0.354 0.354 0.354 0.354 0.354 0.354 0.354 0.354 0.354 0.354 0.354 0.354 0.354 0.354 0.354 0.354 0.354
0.354 0.354 0.354 0.354 0.354 0.354 0.354 0.354 0.354 0.354 0.354 0.354 0.354 0.354 0.354 0.354 0.354 0.354 0.354 0.354
0.354 0.354 0.354 0.354 0.354 0.354 0.354 0.354 0.354 0.354 0.354 0.354 0.354 0.354 0.354 0.354 0.354 0.354 0.354 0.354
0.354 0.354 0.354 0.354 0.354 0.354 0.354 0.354 0.354 0.354 0.354 0.354 0.354 0.354 0.354 0.354 0.354 0.354 0.354 0.354
0.354 0.354 0.354 0.354 0.354 0.354 0.354 0.354 0.354 0.354 0.354 0.354 0.354 0.354 0.354 0.354 0.354 0.354 0.354 0.354
0.354 0.354 0.354 0.354 0.354 0.354 0.354 0.354 0.354 0.354 0.354 0.354 0.354 0.354 0.354 0.354 0.354 0.354 0.354 0.354
0.354 0.354 0.354 0.354 0.354 0.354 0.354 0.354 0.354 0.354 0.354 0.354 0.354 0.354 0.354 0.354 0.354 0.354 0.354 0.354
0.354 0.354 0.354 0.354 0.354 0.354 0.354 0.354 0.354 0.354 0.354 0.354 0.354 0.354 0.354 0.354 0.354 0.354 0.354 0.354
0.354 0.354 0.354 0.354 0.354 0.354 0.354 0.354 0.354 0.354 0.354 0.354 0.354 0.354 0.354 0.354 0.354 0.354 0.354 0.354
0.354 0.354 0.354 0.354 0.354 0.354 0.354 0.354 0.354 0.354 0.354 0.354 0.354 0.354 0.354 0.354 0.354 0.354 0.354 0.354
0.354 0.354 0.354 0.354 0.354 0.354 0.354 0.354 0.354 0.354 0.354 0.354 0.354 0.354 0.354 0.354 0.354 0.354 0.354 0.354
0.354 0.354 0.354 0.354 0.354 0.354 0.354 0.354 0.354 0.354 0.354 0.354 0.354 0.354 0.354 0.354 0.354 0.354 0.354 0.354
0.354 0.354 0.354 0.354 0.354 0.354 0.354 0.354 0.354 0.354 0.354 0.354 0.354 0.354 0.354 0.354 0.354 0.354 0.354 0.354
0.354 0.354 0.354 0.354 0.354 0.354 0.354 0.354 0.354 0.354 0.354 0.354 0.354 0.354 0.354 0.354 0.354 0.354 0.354 0.354
0.354 0.354 0.354 0.354 0.354 0.354 0.354 0.354 0.354 0.354 0.354 0.354 0.354 0.354 0.354 0.354 0.354 0.354 0.354 0.354
0.354 0.354 0.354 0.354 0.354 0.354 0.354 0.354 0.354 0.354 0.354 0.354 0.354 0.354 0.354 0.354 0.354 0.354 0.354 0.354
0.354 0.354 0.354 0.354 0.354 0.354 0.354 0.354 0.354 0.354 0.354 0.354 0.354 0.354 0.354 0.354 0.354 0.354 0.354 0.354
0.354 0.354 0.354 0.354 0.354 0.354 0.354 0.354 0.354 0.354 0.354 0.354 0.354 0.354 0.354 0.354 0.354 0.354 0.354 0.354
0.354 0.354 0.354 0.354 0.354 0.354 0.354 0.354 0.354 0.354 0.354 0.354 0.354 0.354 0.354 0.354 0.354 0.354 0.354 0.354
0.354 0.354 0.354 0.354 0.354 0.354 0.354 0.354 0.354 0.354 0.354 0.354 0.354 0.354 0.354 0.354 0.354 0.354 0.354 0.354
0.354 0.354 0.354 0.354 0.354 0.354 0.354 0.354 0.354 0.354 0.354 0.354 0.354 0.354 0.354 0.354 0.354 0.354 0.354 0.354
0.354 0.354 0.354 0.354 0.354 0.354 0.354 0.354 0.354 0.354 0.354 0.354 0.354 0.354 0.354 0.354 0.354 0.354 0.354 0.354
0.354 0.354 0.354 0.354 0.354 0.354 0.354 0.354 0.354 0.354 0.354 0.354 0.354 0.354 0.354 0.354 0.354 0.354 0.354 0.354
0.354 0.354 0.354 0.354 0.354 0.354 0.354 0.354 0.354 0.354 0.354 0.354 0.354 0.354 0.354 0.354 0.354 0.354 0.354 0.354
0.354 0.354 0.354 0.354 0.354 0.354 0.354 0.354 0.354 0.354 0.354 0.354 0.354 0.354 0.354 0.354 0.354 0.354 0.354 0.354
0.354 0.354 0.354 0.354 0.354 0.354 0.354 0.354 0.354 0.354 0.354 0.354 0.354 0.354 0.354 0.354 0.354 0.354 0.354 0.354
0.354 0.354 0.354 0.354 0.354 0.354 0.354 0.354 0.354 0.354 0.354 0.354 0.354 0.354 0.354 0.354 0.354 0.354 0.354 0.354
0.354 0.354 0.354 0.354 0.354 0.354 0.354 0.354 0.354 0.354 0.354 0.354 0.354 0.354 0.354 0.354 0.354 0.354 0.354 0.354
0.354 0.354 0.354 0.354 0.354 0.354 0.354 0.354 0.354 0.354 0.354 0.354 0.354 0.354 0.354 0.354 0.354 0.354 0.354 0.354
0.354 0.354 0.354 0.354 0.354 0.354 0.354 0.354 0.354 0.354 0.354 0.354 0.354 0.354 0.354 0.354 0.354 0.354 0.354 0.354
0.354 0.354 0.354 0.354 0.354 0.354 0.354 0.354 0.354 0.354 0.354 0.354 0.354 0.354 0.354 0.354 0.354 0.354 0.354 0.354
0.354 0.354 0.354 0.354 0.354 0.354 0.354 0.354 0.354 0.354 0.354 0.354 0.354 0.354 0.354 0.354 0.354 0.354 0.354 0.354
0.354 0.354 0.354 0.354 0.354 0.354 0.354 0.354 0.354 0.354 0.354 0.354 0.354 0.354 0.354 0.354 0.354 0.354 0.354 0.354
0.354 0.354 0.354 0.354 0.354 0.354 0.354 0.354 0.354 0.354 0.354 0.354 0.354 0.354 0.354 0.354 0.354 0.354 0.354 0.354
0.354 0.354 0.354 0.354 0.354 0.354 0.354 0.354 0.354 0.354 0.354 0.354 0.354 0.354 0.354 0.354 0.354 0.354 0.354 0.354
0.354 0.354 0.354 0.354 0.354 0.354 0.354 0.354 0.354 0.354 0.354 0.354 0.354 0.354 0.354 0.354 0.354 0.354 0.354 0.354
0.354 0.354 0.354 0.354 0.354 0.354 0.354 0.354 0.354 0.354 0.354 0.354 0.354 0.354 0.354 0.354 0.354 0.354 0.354 0.354
0.354 0.354 0.354 0.354 0.354 0.354 0.354 0.354 0.354 0.354 0.354 0.354 0.354 0.354 0.354 0.354 0.354 0.354 0.354 0.354
0.354 0.354 0.354 0.354 0.354 0.354 0.354 0.354 0.354 0.354 0.354 0.354 0.354 0.354 0.354 0.354 0.354 0.354 0.354 0.354
0.354 0.354 0.354 0.354 0.354 0.354 0.354 0.354 0.354 0.354 0.354 0.354 0.354 0.354 0.354 0.354 0.354 0.354 0.354 0.354
0.354 0.354 0.354 0.354 0.354 0.354 0.354 0.354 0.354 0.354 0.354 0.354 0.354 0.354 0.354 0.354 0.354 0.354 0.354 0.354
0.354 0.354 0.354 0.354 0.354 0.354 0.354 0.354 0.354 0.354 0.354 0.354 0.354 0.354 0.354 0.354 0.354 0.354 0.354 0.354
0.354 0.354 0.354 0.354 0.354 0.354 0.354 0.354 0.354 0.354 0.354 0.354 0.354 0.354 0.354 0.354 0.354 0.354 0.354 0.354
0.354 0.354 0.354 0.354 0.354 0.354 0.354 0.354 0.354 0.354 0.354 0.354 0.354 0.354 0.354 0.354 0.354 0.354 0.354 0.354
