 landings-at-age - landings.n (units : NA )
1	2	
42	100	
1	20	
1 
1.454 16.46 34.78 14.18 18.53 11.36 11.03 3.341 3.827 1.88 1.592 1.347 0.8102 0.5645 0.3114 0.2579 0.1518 0.2071 0.1464 0.2331
1.852 17.76 45.18 25.56 8.577 11.2 6.87 6.667 2.02 2.314 1.137 0.9625 0.8147 0.4899 0.3414 0.1883 0.156 0.09181 0.1252 0.2295
1.475 18.29 39.6 26.75 12.42 4.167 5.443 3.338 3.239 0.9814 1.124 0.5524 0.4676 0.3958 0.238 0.1658 0.09149 0.07577 0.0446 0.1723
0.5533 15.76 44.3 25.71 14.29 6.634 2.226 2.908 1.783 1.73 0.5243 0.6006 0.2951 0.2498 0.2114 0.1272 0.0886 0.04888 0.04048 0.1159
0.6367 6.285 40.51 30.57 14.61 8.118 3.769 1.265 1.652 1.013 0.983 0.2978 0.3412 0.1677 0.1419 0.1201 0.07224 0.05033 0.02777 0.08884
2.228 6.937 15.48 26.71 16.58 7.92 4.401 2.043 0.6857 0.8957 0.5492 0.5329 0.1615 0.185 0.0909 0.07694 0.06513 0.03917 0.02729 0.06322
0.7646 25.38 17.81 10.63 15.09 9.363 4.474 2.486 1.154 0.3873 0.5059 0.3102 0.301 0.09121 0.1045 0.05134 0.04346 0.03679 0.02212 0.05112
0.8846 7.609 57.26 10.73 5.262 7.465 4.633 2.214 1.23 0.5711 0.1917 0.2504 0.1535 0.149 0.04514 0.05171 0.02541 0.02151 0.0182 0.03625
0.8118 11.09 21.46 43.37 6.69 3.282 4.656 2.89 1.381 0.7673 0.3562 0.1195 0.1561 0.09574 0.09291 0.02815 0.03225 0.01585 0.01341 0.03396
0.5972 8.472 26.03 13.37 22.17 3.421 1.678 2.381 1.478 0.706 0.3923 0.1821 0.06112 0.07984 0.04896 0.04751 0.01439 0.01649 0.008103 0.02422
0.5939 6.739 21.48 17.58 7.419 12.3 1.898 0.9311 1.321 0.8198 0.3917 0.2177 0.1011 0.03391 0.0443 0.02716 0.02636 0.007987 0.009149 0.01794
0.8699 6.184 15.81 13.39 8.996 3.797 6.296 0.9712 0.4765 0.676 0.4195 0.2005 0.1114 0.05172 0.01735 0.02267 0.0139 0.01349 0.004087 0.01386
0.8194 9.185 14.76 10.08 7.018 4.716 1.99 3.301 0.5091 0.2498 0.3543 0.2199 0.1051 0.0584 0.02711 0.009097 0.01188 0.007287 0.007071 0.009409
0.4359 9.223 23.35 10.05 5.646 3.931 2.641 1.115 1.849 0.2852 0.1399 0.1985 0.1232 0.05885 0.03271 0.01518 0.005095 0.006656 0.004081 0.00923
0.9084 4.873 23.23 15.7 5.556 3.121 2.173 1.46 0.6161 1.022 0.1576 0.07732 0.1097 0.06808 0.03253 0.01808 0.008393 0.002816 0.003679 0.007358
0.4219 9.205 11.18 14.22 7.895 2.794 1.569 1.092 0.7341 0.3098 0.5137 0.07925 0.03888 0.05516 0.03423 0.01636 0.00909 0.00422 0.001416 0.005549
0.5604 5.192 25.47 8.29 8.677 4.819 1.705 0.9578 0.6668 0.4481 0.1891 0.3136 0.04837 0.02373 0.03367 0.0209 0.009984 0.005548 0.002576 0.004252
0.457 5.608 11.72 15.27 4.078 4.268 2.37 0.8388 0.4711 0.328 0.2204 0.09301 0.1543 0.02379 0.01167 0.01656 0.01028 0.004911 0.002729 0.003358
0.5409 4.929 13.69 7.662 8.208 2.192 2.295 1.274 0.451 0.2533 0.1763 0.1185 0.05001 0.08293 0.01279 0.006276 0.008903 0.005526 0.00264 0.003273
0.5199 6.533 13.38 9.944 4.579 4.905 1.31 1.371 0.7615 0.2695 0.1514 0.1054 0.07081 0.02988 0.04956 0.007645 0.00375 0.00532 0.003302 0.003534
0.3104 5.625 15.85 8.605 5.249 2.417 2.589 0.6916 0.7239 0.402 0.1423 0.0799 0.05563 0.03738 0.01578 0.02616 0.004036 0.00198 0.002809 0.003609
0.4289 3.432 13.94 10.42 4.643 2.832 1.304 1.397 0.3731 0.3905 0.2169 0.07675 0.04311 0.03001 0.02017 0.008511 0.01411 0.002177 0.001068 0.003462
0.3691 4.246 7.666 8.261 5.067 2.258 1.378 0.6343 0.6795 0.1815 0.19 0.1055 0.03734 0.02097 0.0146 0.00981 0.00414 0.006866 0.001059 0.002204
0.2533 4.152 10.78 5.213 4.62 2.834 1.263 0.7705 0.3548 0.38 0.1015 0.1063 0.05901 0.02088 0.01173 0.008165 0.005487 0.002316 0.00384 0.001825
0.282 2.743 10.15 7.041 2.798 2.48 1.521 0.6779 0.4135 0.1904 0.204 0.05449 0.05703 0.03167 0.01121 0.006295 0.004382 0.002945 0.001243 0.003041
0.4313 3.113 6.832 6.757 3.854 1.531 1.357 0.8325 0.371 0.2263 0.1042 0.1116 0.02982 0.03121 0.01733 0.006134 0.003445 0.002398 0.001612 0.002344
0.2008 4.431 7.247 4.251 3.456 1.971 0.7831 0.6941 0.4258 0.1898 0.1158 0.0533 0.05709 0.01525 0.01596 0.008865 0.003137 0.001762 0.001227 0.002023
0.2731 2.462 12.23 5.364 2.59 2.105 1.201 0.4771 0.4229 0.2594 0.1156 0.07053 0.03247 0.03479 0.009292 0.009726 0.005401 0.001911 0.001074 0.00198
0.3269 2.822 5.731 7.562 2.723 1.315 1.069 0.6096 0.2422 0.2147 0.1317 0.0587 0.03581 0.01649 0.01766 0.004718 0.004938 0.002742 0.0009705 0.00155
0.3045 3.319 6.499 3.529 3.828 1.379 0.6656 0.5411 0.3086 0.1226 0.1087 0.06667 0.02971 0.01812 0.008345 0.00894 0.002388 0.002499 0.001388 0.001276
0.3591 3.571 8.802 4.634 2.072 2.247 0.8094 0.3908 0.3177 0.1812 0.072 0.06381 0.03914 0.01745 0.01064 0.0049 0.005249 0.001402 0.001468 0.001564
0.1717 3.883 8.722 5.746 2.487 1.112 1.206 0.4344 0.2097 0.1705 0.09724 0.03864 0.03425 0.02101 0.009362 0.005711 0.00263 0.002817 0.0007525 0.001627
0.4106 1.972 10.04 6.028 3.266 1.413 0.632 0.6855 0.2469 0.1192 0.0969 0.05526 0.02196 0.01946 0.01194 0.005321 0.003246 0.001495 0.001601 0.001352
0.3765 4.295 4.654 6.307 3.11 1.685 0.7293 0.3261 0.3537 0.1274 0.0615 0.05 0.02851 0.01133 0.01004 0.00616 0.002745 0.001675 0.0007712 0.001524
0.2425 3.918 10.13 2.937 3.273 1.614 0.8743 0.3784 0.1692 0.1835 0.06609 0.03191 0.02594 0.01479 0.005879 0.005211 0.003196 0.001425 0.000869 0.001191
0.2307 2.708 9.914 6.886 1.643 1.831 0.903 0.4892 0.2117 0.09468 0.1027 0.03698 0.01786 0.01452 0.008278 0.00329 0.002916 0.001788 0.0007971 0.001153
0.2459 2.754 7.274 7.13 4.075 0.9723 1.084 0.5343 0.2895 0.1253 0.05602 0.06076 0.02188 0.01057 0.008589 0.004898 0.001946 0.001725 0.001058 0.001154
0.173 2.46 6.225 4.372 3.519 2.011 0.4799 0.5347 0.2637 0.1429 0.06183 0.02765 0.02998 0.0108 0.005214 0.004239 0.002417 0.0009606 0.0008514 0.001092
0.2212 1.968 6.32 4.285 2.476 1.993 1.139 0.2718 0.3029 0.1494 0.08091 0.03502 0.01566 0.01698 0.006117 0.002953 0.002401 0.001369 0.0005441 0.001101
0.1777 2.577 5.147 4.407 2.456 1.419 1.142 0.6528 0.1558 0.1736 0.0856 0.04637 0.02007 0.008975 0.009734 0.003506 0.001693 0.001376 0.0007847 0.0009426
0.1571 1.75 5.73 3.038 2.135 1.19 0.6876 0.5534 0.3162 0.07546 0.08409 0.04147 0.02246 0.009723 0.004348 0.004715 0.001698 0.0008199 0.0006666 0.0008368
0.1663 1.776 4.469 3.92 1.71 1.201 0.6696 0.387 0.3114 0.178 0.04247 0.04732 0.02334 0.01264 0.005472 0.002447 0.002654 0.0009558 0.0004615 0.0008461
0.1739 1.785 4.307 2.895 2.088 0.9107 0.6399 0.3566 0.2061 0.1659 0.09478 0.02262 0.0252 0.01243 0.006733 0.002914 0.001303 0.001413 0.000509 0.0006964
0.1523 1.946 4.508 2.91 1.609 1.16 0.5061 0.3556 0.1982 0.1145 0.09217 0.05267 0.01257 0.01401 0.006907 0.003742 0.00162 0.0007242 0.0007855 0.0006699
0.1062 1.559 4.513 2.794 1.483 0.8198 0.591 0.2578 0.1812 0.101 0.05835 0.04696 0.02683 0.006404 0.007136 0.003519 0.001906 0.0008251 0.0003689 0.0007414
0.06311 1.194 3.97 3.088 1.574 0.8352 0.4618 0.3329 0.1452 0.1021 0.05688 0.03287 0.02645 0.01512 0.003607 0.00402 0.001982 0.001074 0.0004648 0.0006255
0.1447 0.7315 3.119 2.778 1.778 0.9062 0.4808 0.2659 0.1917 0.08362 0.05875 0.03274 0.01892 0.01523 0.008703 0.002077 0.002314 0.001141 0.0006182 0.0006277
0.1187 1.611 1.83 2.078 1.52 0.9729 0.4959 0.2631 0.1455 0.1049 0.04576 0.03215 0.01792 0.01035 0.008333 0.004762 0.001136 0.001266 0.0006245 0.0006818
0.1277 1.309 3.988 1.204 1.122 0.8213 0.5256 0.2679 0.1421 0.07859 0.05666 0.02472 0.01737 0.009679 0.005594 0.004502 0.002573 0.0006139 0.0006841 0.0007057
0.1278 1.247 2.894 2.344 0.5809 0.5415 0.3963 0.2536 0.1292 0.06858 0.03792 0.02734 0.01193 0.00838 0.00467 0.002699 0.002172 0.001241 0.0002962 0.0006706
0.1045 1.569 3.446 2.144 1.43 0.3543 0.3303 0.2417 0.1547 0.07883 0.04183 0.02313 0.01667 0.007274 0.005111 0.002848 0.001646 0.001325 0.0007571 0.0005897
0.08346 1.108 3.742 2.181 1.114 0.7427 0.184 0.1716 0.1255 0.08034 0.04095 0.02173 0.01201 0.008662 0.003779 0.002655 0.00148 0.0008551 0.0006882 0.0006996
0.05656 0.9248 2.759 2.478 1.187 0.606 0.4041 0.1001 0.09335 0.06831 0.04371 0.02228 0.01182 0.006537 0.004713 0.002056 0.001445 0.0008051 0.0004653 0.0007551
0.04694 0.5693 2.103 1.67 1.231 0.5895 0.3011 0.2008 0.04975 0.04638 0.03394 0.02172 0.01107 0.005874 0.003248 0.002341 0.001021 0.0007177 4e-04 0.0006063
0.05795 0.5091 1.399 1.386 0.9052 0.6676 0.3196 0.1632 0.1088 0.02697 0.02514 0.0184 0.01177 0.006002 0.003185 0.001761 0.001269 0.0005538 0.0003891 0.0005456
0.08693 0.6665 1.322 0.9741 0.794 0.5186 0.3824 0.1831 0.09352 0.06236 0.01545 0.0144 0.01054 0.006746 0.003438 0.001824 0.001009 0.0007272 0.0003172 0.0005355
0.08759 0.9763 1.684 0.8912 0.5396 0.4398 0.2873 0.2119 0.1014 0.0518 0.03454 0.008559 0.007979 0.005839 0.003737 0.001905 0.001011 0.0005587 0.0004029 0.0004724
0.0689 0.9043 2.276 1.045 0.4544 0.2751 0.2242 0.1465 0.108 0.05171 0.02641 0.01761 0.004364 0.004068 0.002977 0.001905 0.000971 0.0005152 0.0002849 0.0004462
0.05021 0.8209 2.421 1.628 0.6151 0.2673 0.1619 0.1319 0.08617 0.06355 0.03042 0.01554 0.01036 0.002567 0.002393 0.001751 0.001121 0.0005713 0.0003031 0.0004301
