Originally  
101 
A 
42	100	
1	1	NA	NA	
1	20	
1 0.06188 0.263 0.4795 0.232 0.1392 0.06188 0.1083 0.04641 0.04641 0.01547 0.01547 0.01547 0.01547 0 0.01547 0 0 0.01547 0.01547 0
1 0.06889 0.2756 0.6545 0.2928 0.1206 0.1033 0.1206 0.03445 0 0 0.03445 0 0 0 0 0 0.01722 0 0 0
1 0.02819 0.4229 0.3665 0.3101 0.141 0.02819 0.05639 0.02819 0.0141 0 0 0 0 0.0141 0 0 0 0 0 0
1 0.05992 0.3995 0.7191 0.2996 0.1997 0.0799 0.0799 0.0799 0.03995 0.01997 0 0.01997 0 0 0 0 0 0 0 0
1 0.04172 0.09734 0.5145 0.2642 0.2503 0.09734 0.04172 0 0.02781 0.05562 0 0 0 0 0 0 0 0 0 0
1 0.1209 0.1965 0.2418 0.3778 0.1662 0.2418 0.04534 0.03022 0.01511 0.04534 0.01511 0.01511 0 0 0 0 0 0 0 0
1 0.02453 0.4661 0.1963 0.09814 0.2208 0.1104 0.04907 0.0368 0 0 0.02453 0 0 0 0 0 0 0 0 0
1 0.03318 0.1991 0.8462 0.1991 0.09955 0.06637 0.1161 0.03318 0.03318 0 0.03318 0 0 0 0 0 0 0 0 0
1 0.0452 0.1808 0.2712 0.452 0.0452 0.0339 0.0565 0.0113 0.0339 0 0 0 0 0 0 0 0 0 0 0
1 0.01037 0.1866 0.3214 0.1348 0.2385 0.05184 0.0311 0.04147 0 0.01037 0.01037 0 0 0 0 0 0 0 0 0
1 0.02604 0.1649 0.2084 0.2431 0.06945 0.0955 0.01736 0.008681 0 0.008681 0.008681 0 0.008681 0 0.008681 0 0 0 0 0
1 0.03026 0.09079 0.1695 0.109 0.09079 0.02421 0.05448 0 0.01211 0.01816 0 0.006053 0 0 0 0 0 0 0 0
1 0.03091 0.106 0.1104 0.06624 0.05299 0.03975 0.01325 0.01325 0.004416 0 0.004416 0 0 0 0 0 0 0 0 0
1 0.02145 0.143 0.2717 0.1287 0.05004 0.03575 0.0286 0.007149 0.007149 0.007149 0.007149 0.007149 0 0 0 0 0 0 0 0
1 0.009456 0.1135 0.3688 0.3026 0.06619 0.01891 0.009456 0.01891 0.01891 0.01891 0 0 0 0 0 0 0 0 0 0
1 0.02482 0.18 0.1179 0.1924 0.02482 0.01862 0.01241 0.01241 0.01862 0 0.01241 0 0 0 0.006206 0 0 0 0 0
1 0.01178 0.106 0.2179 0.05889 0.1119 0.03533 0.01767 0.005889 0.005889 0.01178 0 0.005889 0 0 0 0 0 0 0 0
1 0.01616 0.05253 0.1131 0.1414 0.03637 0.0202 0.01616 0.004041 0 0 0 0.004041 0 0 0 0 0 0 0 0
1 0.02707 0.07579 0.2003 0.09744 0.05955 0.03789 0.02165 0.01083 0.01083 0 0 0 0 0 0 0 0 0 0 0
1 0.006509 0.1237 0.1953 0.1562 0.0716 0.05207 0.01302 0.01302 0.01302 0 0 0.006509 0 0 0 0 0 0 0 0
1 0.00742 0.05565 0.1298 0.05936 0.05565 0.02226 0.01484 0.00371 0.01484 0.00371 0 0 0.00371 0 0 0 0 0 0 0
1 0.01678 0.05034 0.1678 0.1007 0.02937 0.03356 0.004195 0.01259 0.004195 0 0 0 0 0 0 0 0 0 0 0
1 0.006495 0.05846 0.08119 0.07145 0.03897 0.03572 0.01299 0.003248 0.01299 0.003248 0 0 0 0 0 0 0 0 0 0
1 0.007462 0.08581 0.1007 0.0597 0.04104 0.03731 0.02612 0 0.007462 0.003731 0 0 0 0 0 0 0 0 0.003731 0
1 0.01561 0.02863 0.09889 0.03904 0.03123 0.01822 0.01301 0.007807 0 0.002602 0.002602 0.002602 0 0 0 0 0 0 0 0
1 0.03024 0.06047 0.1209 0.1123 0.05183 0.01728 0.01296 0.01728 0.004319 0 0 0 0.004319 0 0 0 0 0 0 0
1 0.005391 0.07277 0.09703 0.02156 0.03504 0.01348 0.01078 0.008086 0.002695 0.002695 0 0 0 0 0 0 0 0 0 0
1 0.002293 0.03668 0.08712 0.04356 0.02751 0.009171 0.002293 0.006878 0.004585 0.006878 0 0.002293 0 0 0 0 0 0 0 0
1 0.01496 0.05387 0.06584 0.08081 0.03292 0.02095 0.01796 0.005986 0 0.002993 0.002993 0 0 0 0 0 0 0 0 0
1 0.008008 0.0694 0.05872 0.03737 0.04004 0.02135 0.005339 0.01602 0.002669 0.002669 0 0.002669 0 0.002669 0 0 0 0 0 0
1 0.009197 0.07358 0.1012 0.06132 0.01226 0.03985 0.006132 0.003066 0 0 0 0 0 0 0 0 0 0 0 0
1 0.008914 0.0468 0.06463 0.05794 0.02229 0.004457 0.008914 0.002229 0 0.002229 0 0.002229 0 0.002229 0 0 0 0 0 0
1 0.007751 0.02132 0.08333 0.03682 0.02132 0.007751 0.003876 0.005814 0.003876 0 0 0.001938 0 0 0 0 0 0 0 0
1 0.003696 0.1146 0.08131 0.07392 0.05174 0.02218 0.003696 0.003696 0.01109 0 0.003696 0 0 0 0 0 0 0 0 0
1 0.01085 0.05696 0.08408 0.02712 0.04882 0.01899 0.005425 0.008137 0.002712 0 0.002712 0 0.005425 0 0 0 0 0 0 0
1 0.00912 0.03344 0.1034 0.1034 0.00912 0.02128 0.01216 0.00304 0.00304 0.00304 0.00304 0 0 0 0 0 0 0 0 0
1 0.01175 0.03233 0.08816 0.08228 0.0382 0.01763 0.01763 0.002939 0.002939 0 0 0 0 0 0 0 0 0 0 0
1 0.002215 0.03766 0.05759 0.03544 0.05759 0.01994 0.00443 0.002215 0.002215 0 0.002215 0 0 0 0 0 0 0 0 0
1 0 0.03096 0.07225 0.03922 0.02064 0.02064 0.01238 0.006192 0.002064 0 0 0 0 0 0.002064 0 0 0 0 0
1 0.01247 0.02494 0.04097 0.03741 0.02316 0.02494 0.003563 0.003563 0.001781 0.001781 0.003563 0 0 0 0 0 0 0 0 0
1 0.005578 0.03905 0.05392 0.04091 0.02603 0.009297 0.003719 0.005578 0 0 0 0.001859 0 0 0 0 0 0 0 0
1 0.009378 0.03517 0.07971 0.05627 0.02345 0.01641 0.004689 0.002345 0.004689 0.002345 0 0 0 0 0 0 0 0 0 0
1 0.01186 0.04547 0.03756 0.02174 0.03163 0.02965 0.01186 0.001977 0 0.001977 0.001977 0 0.001977 0 0 0 0 0 0 0
1 0.003347 0.02343 0.03793 0.01562 0.01339 0.008926 0.003347 0.002231 0 0.002231 0 0.001116 0 0 0 0 0 0 0 0
1 0.001666 0.03166 0.05166 0.03999 0.01666 0.006665 0.01333 0.001666 0.003333 0 0 0 0 0 0 0 0 0 0 0
1 0.0009251 0.01203 0.03053 0.02683 0.007401 0.002775 0.004626 0.0009251 0.003701 0.00185 0 0 0 0.0009251 0 0 0 0 0 0
1 0.004677 0.006548 0.02245 0.029 0.01777 0.004677 0.004677 0.001871 0.001871 0 0 0 0 0 0 0 0 0 0 0
1 0.002792 0.02699 0.01582 0.01303 0.007445 0.01489 0.007445 0 0.002792 0.0009306 0 0 0 0.0009306 0 0 0 0 0 0
1 0.004185 0.02406 0.04081 0.01151 0.00837 0.006278 0.005231 0.003139 0 0 0 0 0 0.001046 0 0 0 0 0 0
1 0.001095 0.02299 0.03832 0.0219 0.01314 0.006569 0.001095 0.003284 0 0 0 0.001095 0 0 0 0 0 0 0 0
1 0.004973 0.02735 0.03978 0.02611 0.01368 0.002486 0.004973 0.001243 0.002486 0 0 0 0.001243 0 0 0 0 0 0 0
1 0.001599 0.01279 0.02799 0.01759 0.009595 0.005597 0.003198 0.0007996 0 0 0.0007996 0 0 0 0 0 0 0 0 0
1 0.003757 0.01378 0.04133 0.03381 0.01378 0.007514 0.006261 0.001252 0 0.001252 0.001252 0.001252 0 0 0 0 0 0 0 0
1 0.00082 0.01148 0.02378 0.01722 0.00984 0.0082 0.00164 0.0041 0.00082 0.00246 0 0.00082 0 0.00082 0 0 0 0 0 0
1 0.005227 0.01255 0.023 0.02404 0.0115 0.0115 0.005227 0.008363 0.001045 0.001045 0 0 0 0.001045 0 0 0 0 0 0
1 0.004854 0.009015 0.01664 0.0104 0.0111 0.006241 0.005548 0.004161 0.0006934 0 0 0 0.0006934 0 0 0 0 0 0 0
1 0.003973 0.01907 0.02066 0.01669 0.005563 0.006357 0.001589 0.0007947 0.002384 0.001589 0.0007947 0 0 0 0 0 0 0 0 0
1 0.0006444 0.01353 0.02513 0.01095 0.007088 0.0006444 0.002578 0.001289 0.001289 0.0006444 0 0.0006444 0 0 0 0 0 0 0 0
1 0.0007922 0.01505 0.02931 0.02139 0.005546 0.003169 0.0007922 0.0007922 0.001584 0 0.0007922 0 0 0 0 0 0 0 0 0
