 landings-at-age - landings.n (units : NA )
1	2	
2	100	
1	20	
1 
0.02659 0.2984 0.8352 0.6934 0.4839 0.3377 0.2357 0.1644 0.1148 0.08008 0.05589 0.039 0.02722 0.01899 0.01325 0.009249 0.006454 0.004504 0.003143 0.007259
0.003269 0.05216 0.1462 0.1214 0.08475 0.05914 0.04127 0.0288 0.0201 0.01403 0.009787 0.00683 0.004766 0.003326 0.002321 0.00162 0.00113 0.0007888 0.0005504 0.001271
0.00766 0.0367 0.1464 0.1219 0.08515 0.05942 0.04147 0.02894 0.02019 0.01409 0.009834 0.006862 0.004789 0.003342 0.002332 0.001627 0.001136 0.0007925 0.000553 0.001277
0.005874 0.08601 0.103 0.122 0.08549 0.0597 0.04166 0.02907 0.02029 0.01416 0.00988 0.006895 0.004811 0.003358 0.002343 0.001635 0.001141 0.0007963 0.0005557 0.001283
0.01243 0.06596 0.2413 0.08588 0.08557 0.05994 0.04186 0.02921 0.02038 0.01423 0.009927 0.006927 0.004834 0.003374 0.002354 0.001643 0.001146 8e-04 0.0005583 0.001289
0.005045 0.1396 0.1851 0.2012 0.06021 0.06 0.04203 0.02935 0.02048 0.01429 0.009974 0.00696 0.004857 0.00339 0.002365 0.001651 0.001152 0.0008038 0.0005609 0.001295
0.006632 0.05664 0.3916 0.1543 0.1411 0.04222 0.04207 0.02947 0.02058 0.01436 0.01002 0.006993 0.00488 0.003406 0.002377 0.001658 0.001157 0.0008076 0.0005636 0.001302
0.01062 0.07447 0.1589 0.3266 0.1082 0.09893 0.0296 0.0295 0.02066 0.01443 0.01007 0.007026 0.004903 0.003422 0.002388 0.001666 0.001163 0.0008114 0.0005663 0.001308
0.005568 0.1192 0.209 0.1325 0.229 0.07587 0.06936 0.02076 0.02068 0.01449 0.01012 0.00706 0.004926 0.003438 0.002399 0.001674 0.001168 0.0008153 0.0005689 0.001314
0.007861 0.06252 0.3345 0.1742 0.09293 0.1605 0.0532 0.04863 0.01455 0.0145 0.01016 0.007093 0.00495 0.003454 0.00241 0.001682 0.001174 0.0008191 0.0005716 0.00132
0.02188 0.08826 0.1754 0.2789 0.1222 0.06516 0.1126 0.0373 0.0341 0.0102 0.01017 0.007121 0.004973 0.003471 0.002422 0.00169 0.001179 0.000823 0.0005743 0.001326
0.002424 0.2457 0.2477 0.1463 0.1956 0.08566 0.04568 0.07892 0.02615 0.02391 0.007154 0.007128 0.004993 0.003487 0.002433 0.001698 0.001185 0.0008269 0.0005771 0.001333
0.009182 0.02722 0.6895 0.2065 0.1026 0.1371 0.06006 0.03203 0.05534 0.01834 0.01676 0.005016 0.004998 0.003501 0.002445 0.001706 0.001191 0.0008308 0.0005798 0.001339
0.002991 0.1031 0.07638 0.575 0.1448 0.07192 0.09614 0.04211 0.02246 0.0388 0.01286 0.01175 0.003517 0.003504 0.002455 0.001714 0.001196 0.0008348 0.0005825 0.001345
0.01242 0.03359 0.2893 0.06369 0.4031 0.1015 0.05042 0.06741 0.02953 0.01575 0.0272 0.009014 0.008241 0.002466 0.002457 0.001721 0.001202 0.0008387 0.0005853 0.001352
0.005047 0.1395 0.09424 0.2412 0.04466 0.2826 0.07118 0.03535 0.04726 0.0207 0.01104 0.01907 0.00632 0.005778 0.001729 0.001723 0.001207 0.0008427 0.0005881 0.001358
0.001779 0.05667 0.3915 0.07859 0.1691 0.03131 0.1982 0.04991 0.02479 0.03314 0.01451 0.007741 0.01337 0.004431 0.004051 0.001212 0.001208 0.000846 0.0005908 0.001365
0.003377 0.01997 0.159 0.3264 0.0551 0.1186 0.02195 0.139 0.03499 0.01738 0.02323 0.01018 0.005427 0.009376 0.003107 0.00284 0.0008499 0.0008469 0.0005932 0.001371
0.002248 0.03792 0.05604 0.1326 0.2289 0.03863 0.08315 0.01539 0.09742 0.02454 0.01219 0.01629 0.007136 0.003805 0.006574 0.002178 0.001992 0.0005959 0.0005938 0.001377
0.009801 0.02524 0.1064 0.04673 0.09297 0.1605 0.02709 0.0583 0.01079 0.06831 0.0172 0.008544 0.01142 0.005003 0.002668 0.004609 0.001527 0.001396 0.0004178 0.001382
0.002727 0.11 0.07082 0.08873 0.03277 0.06518 0.1125 0.01899 0.04088 0.007567 0.04789 0.01206 0.005991 0.008009 0.003508 0.001871 0.003232 0.001071 0.0009791 0.001262
0.009896 0.03062 0.3088 0.05905 0.06221 0.02297 0.0457 0.07889 0.01332 0.02866 0.005306 0.03358 0.008457 0.0042 0.005615 0.002459 0.001312 0.002266 0.0007508 0.001571
0.008588 0.1111 0.08593 0.2575 0.0414 0.04362 0.01611 0.03205 0.05531 0.009337 0.0201 0.00372 0.02354 0.00593 0.002945 0.003937 0.001724 0.0009197 0.001589 0.001628
0.01765 0.09643 0.3118 0.07166 0.1805 0.02903 0.03058 0.01129 0.02247 0.03878 0.006546 0.01409 0.002608 0.01651 0.004158 0.002065 0.00276 0.001209 0.0006448 0.002256
0.005667 0.1982 0.2706 0.26 0.05024 0.1266 0.02035 0.02144 0.007919 0.01575 0.02719 0.00459 0.009879 0.001829 0.01157 0.002915 0.001448 0.001935 0.0008477 0.002034
0.006742 0.06363 0.5562 0.2256 0.1823 0.03523 0.08875 0.01427 0.01504 0.005552 0.01105 0.01907 0.003218 0.006926 0.001282 0.008115 0.002044 0.001015 0.001357 0.00202
0.005319 0.0757 0.1786 0.4638 0.1582 0.1278 0.0247 0.06223 0.01001 0.01054 0.003893 0.007744 0.01337 0.002256 0.004856 0.000899 0.00569 0.001433 0.0007117 0.002368
0.006335 0.05972 0.2124 0.1489 0.3252 0.1109 0.08961 0.01732 0.04363 0.007016 0.007392 0.00273 0.00543 0.009373 0.001582 0.003405 0.0006304 0.00399 0.001005 0.002159
0.005507 0.07114 0.1676 0.1771 0.1044 0.228 0.07777 0.06283 0.01214 0.03059 0.004919 0.005183 0.001914 0.003807 0.006571 0.001109 0.002387 0.000442 0.002797 0.002218
0.006096 0.06184 0.1996 0.1397 0.1242 0.0732 0.1599 0.05453 0.04405 0.008513 0.02145 0.003449 0.003634 0.001342 0.002669 0.004608 0.0007778 0.001674 0.0003099 0.003517
0.003078 0.06845 0.1735 0.1664 0.09797 0.08708 0.05132 0.1121 0.03823 0.03089 0.005969 0.01504 0.002418 0.002548 0.0009408 0.001872 0.003231 0.0005453 0.001174 0.002683
0.02595 0.03457 0.1921 0.1447 0.1167 0.06869 0.06105 0.03598 0.07858 0.02681 0.02166 0.004185 0.01054 0.001696 0.001786 0.0006596 0.001312 0.002265 0.0003823 0.002704
0.004346 0.2914 0.09699 0.1601 0.1015 0.08183 0.04816 0.04281 0.02523 0.0551 0.01879 0.01518 0.002934 0.007393 0.001189 0.001252 0.0004625 0.0009201 0.001588 0.002164
0.003706 0.0488 0.8177 0.08088 0.1123 0.07113 0.05737 0.03377 0.03001 0.01769 0.03863 0.01318 0.01065 0.002057 0.005184 0.0008335 0.0008782 0.0003243 0.0006451 0.002631
0.0104 0.04162 0.1369 0.6819 0.05671 0.07873 0.04987 0.04023 0.02368 0.02104 0.0124 0.02709 0.00924 0.007465 0.001443 0.003635 0.0005844 0.0006157 0.0002274 0.002297
0.002405 0.1168 0.1168 0.1142 0.4781 0.03976 0.0552 0.03497 0.0282 0.0166 0.01475 0.008696 0.01899 0.006478 0.005234 0.001011 0.002548 0.0004098 0.0004317 0.00177
0.003247 0.02701 0.3278 0.09738 0.08005 0.3352 0.02788 0.0387 0.02452 0.01977 0.01164 0.01035 0.006097 0.01332 0.004542 0.00367 0.0007092 0.001787 0.0002873 0.001544
0.002603 0.03646 0.07578 0.2733 0.06827 0.05613 0.235 0.01955 0.02714 0.01719 0.01387 0.008161 0.007253 0.004275 0.009336 0.003185 0.002573 0.0004972 0.001253 0.001284
0.008745 0.02923 0.1023 0.06319 0.1916 0.04787 0.03935 0.1648 0.0137 0.01903 0.01205 0.009721 0.005722 0.005086 0.002997 0.006546 0.002233 0.001804 0.0003486 0.001778
1.569 25.3 19.58 19.98 10.38 31.48 7.863 6.464 27.07 2.251 3.125 1.98 1.597 0.9399 0.8354 0.4924 1.075 0.3668 0.2963 0.3494
0.4227 16.13 58.87 12.16 10.2 5.295 16.06 4.011 3.298 13.81 1.148 1.594 1.01 0.8146 0.4795 0.4262 0.2512 0.5486 0.1871 0.3294
0.5593 5.161 44.27 43.26 7.351 6.165 3.202 9.711 2.426 1.994 8.351 0.6945 0.9641 0.6108 0.4926 0.29 0.2577 0.1519 0.3317 0.3124
1.321 5.524 11.51 26.21 21.02 3.571 2.995 1.556 4.718 1.178 0.9688 4.057 0.3374 0.4684 0.2967 0.2393 0.1409 0.1252 0.07379 0.3129
1.546 14.11 13.38 7.474 14 11.23 1.908 1.6 0.831 2.52 0.6296 0.5176 2.167 0.1802 0.2502 0.1585 0.1279 0.07526 0.06689 0.2066
0.545 17.57 36.27 9.235 4.246 7.954 6.378 1.084 0.909 0.4721 1.432 0.3576 0.294 1.231 0.1024 0.1422 0.09005 0.07263 0.04275 0.1554
1.742 5.937 43.27 23.91 5.007 2.302 4.312 3.458 0.5877 0.4928 0.256 0.7763 0.1939 0.1594 0.6675 0.05551 0.07707 0.04882 0.03938 0.1074
0.9853 19.83 15.24 29.72 13.51 2.828 1.3 2.436 1.953 0.3319 0.2784 0.1446 0.4385 0.1095 0.09004 0.3771 0.03136 0.04353 0.02758 0.08291
0.633 9.805 44.75 9.181 14.71 6.685 1.4 0.6434 1.205 0.9666 0.1643 0.1377 0.07154 0.217 0.0542 0.04456 0.1866 0.01552 0.02154 0.05468
0.9857 7.935 27.66 33.9 5.726 9.172 4.169 0.8729 0.4013 0.7518 0.6028 0.1024 0.08591 0.04462 0.1353 0.0338 0.02779 0.1164 0.009678 0.04754
0.8284 10.29 18.63 17.23 17.33 2.928 4.69 2.132 0.4463 0.2052 0.3844 0.3082 0.05238 0.04393 0.02282 0.0692 0.01728 0.01421 0.0595 0.02926
1.87 9.348 26.08 12.58 9.56 9.616 1.624 2.602 1.183 0.2476 0.1138 0.2133 0.171 0.02906 0.02437 0.01266 0.03839 0.00959 0.007884 0.04925
2.864 19.47 21.93 16.25 6.437 4.893 4.921 0.8313 1.332 0.6053 0.1267 0.05826 0.1091 0.08752 0.01487 0.01247 0.006478 0.01965 0.004908 0.02924
1.735 30.25 46.49 13.98 8.521 3.374 2.565 2.58 0.4358 0.6981 0.3173 0.06643 0.03054 0.05721 0.04588 0.007797 0.006539 0.003396 0.0103 0.0179
0.4521 19.53 76.89 31.65 7.832 4.772 1.89 1.436 1.445 0.2441 0.391 0.1777 0.03721 0.01711 0.03204 0.0257 0.004367 0.003662 0.001902 0.01579
1.455 5.054 49.19 51.7 17.5 4.329 2.638 1.045 0.794 0.7986 0.1349 0.2161 0.09822 0.02056 0.009455 0.01771 0.0142 0.002414 0.002024 0.009781
0.818 14.74 11.59 30.1 26 8.797 2.177 1.326 0.5252 0.3992 0.4016 0.06783 0.1087 0.04939 0.01034 0.004754 0.008906 0.007142 0.001214 0.005936
1.506 10.07 40.8 8.598 18.37 15.87 5.37 1.329 0.8096 0.3206 0.2437 0.2451 0.04141 0.06633 0.03015 0.006312 0.002902 0.005436 0.004359 0.004364
3.543 15.07 22.72 24.45 4.229 9.038 7.805 2.641 0.6535 0.3982 0.1577 0.1199 0.1206 0.02037 0.03262 0.01483 0.003105 0.001427 0.002674 0.004291
0.6939 38.21 36.79 14.86 13.15 2.274 4.859 4.196 1.42 0.3513 0.2141 0.08478 0.06444 0.06482 0.01095 0.01754 0.007972 0.001669 0.0007674 0.003745
1.06 8.381 103.7 26.72 8.877 7.856 1.359 2.904 2.508 0.8486 0.21 0.1279 0.05066 0.03851 0.03873 0.006543 0.01048 0.004764 0.0009975 0.002696
1.28 11.46 20.33 66.72 14.11 4.686 4.147 0.7173 1.533 1.324 0.448 0.1108 0.06754 0.02675 0.02033 0.02045 0.003454 0.005533 0.002515 0.00195
0.8093 14.15 28.4 13.36 36 7.611 2.528 2.237 0.387 0.827 0.7142 0.2417 0.0598 0.03644 0.01443 0.01097 0.01103 0.001864 0.002985 0.002409
0.728 8.011 31.6 16.84 6.5 17.51 3.702 1.23 1.088 0.1882 0.4023 0.3474 0.1176 0.02909 0.01773 0.007019 0.005335 0.005366 0.0009065 0.002624
1.148 8.188 20.35 21.49 9.417 3.636 9.793 2.071 0.6878 0.6087 0.1053 0.225 0.1943 0.06575 0.01627 0.009914 0.003926 0.002984 0.003001 0.001975
1.355 12.43 20.02 13.29 11.53 5.054 1.951 5.256 1.111 0.3692 0.3267 0.05651 0.1208 0.1043 0.03529 0.008732 0.005321 0.002107 0.001602 0.002671
1.831 14.95 30.96 13.33 7.271 6.312 2.766 1.068 2.877 0.6082 0.2021 0.1788 0.03093 0.0661 0.05708 0.01932 0.004779 0.002912 0.001153 0.002338
0.8395 18.81 34.81 19.26 6.815 3.719 3.228 1.415 0.5462 1.471 0.3111 0.1033 0.09145 0.01582 0.0338 0.02919 0.009878 0.002444 0.001489 0.001786
0.1502 10.29 51.91 25.77 11.74 4.153 2.266 1.967 0.8619 0.3328 0.8964 0.1895 0.06296 0.05572 0.009638 0.0206 0.01779 0.006019 0.001489 0.001995
0.8154 1.552 23.96 32.11 13.08 5.959 2.108 1.15 0.9986 0.4376 0.169 0.4551 0.09623 0.03197 0.02829 0.004893 0.01046 0.00903 0.003056 0.001769
1.938 8.277 3.575 14.75 16.25 6.621 3.016 1.067 0.5823 0.5055 0.2215 0.08552 0.2304 0.04871 0.01618 0.01432 0.002477 0.005293 0.004571 0.002442
0.3476 22.72 21.95 2.549 8.663 9.542 3.888 1.771 0.6266 0.3419 0.2968 0.1301 0.05021 0.1353 0.0286 0.0095 0.008408 0.001454 0.003108 0.004118
0.8611 3.758 55.5 14.33 1.368 4.649 5.121 2.086 0.9505 0.3363 0.1835 0.1593 0.0698 0.02695 0.07259 0.01535 0.005099 0.004512 0.0007805 0.003878
0.2711 9.89 9.718 38.36 8.144 0.7775 2.642 2.91 1.186 0.5402 0.1911 0.1043 0.09052 0.03967 0.01531 0.04126 0.008723 0.002898 0.002564 0.002647
1.925 2.836 23.33 6.105 19.79 4.202 0.4012 1.363 1.502 0.6118 0.2787 0.09861 0.0538 0.04671 0.02047 0.007902 0.02129 0.004501 0.001495 0.002689
0.6708 20.03 6.689 14.73 3.168 10.27 2.18 0.2082 0.7074 0.7792 0.3175 0.1446 0.05116 0.02792 0.02424 0.01062 0.0041 0.01105 0.002335 0.002171
2.566 7.49 50.69 4.547 8.24 1.772 5.746 1.22 0.1165 0.3958 0.436 0.1776 0.08092 0.02863 0.01562 0.01356 0.005942 0.002294 0.00618 0.002522
0.5744 30.63 20.12 36.45 2.691 4.875 1.049 3.4 0.7219 0.06891 0.2342 0.258 0.1051 0.04788 0.01694 0.009243 0.008024 0.003516 0.001357 0.005149
0.7416 5.746 69.23 12.1 17.99 1.328 2.406 0.5176 1.678 0.3563 0.03401 0.1156 0.1273 0.05187 0.02363 0.00836 0.004561 0.00396 0.001735 0.003211
1.532 8.439 14.76 47.66 6.851 10.19 0.7521 1.363 0.2931 0.9504 0.2018 0.01926 0.06547 0.07211 0.02938 0.01338 0.004735 0.002584 0.002243 0.002802
0.8748 17.84 22.07 10.3 27.32 3.926 5.84 0.4311 0.7811 0.168 0.5447 0.1157 0.01104 0.03752 0.04133 0.01684 0.007671 0.002714 0.001481 0.002891
0.7062 8.615 39.68 13.03 4.987 13.23 1.902 2.829 0.2088 0.3784 0.08139 0.2639 0.05603 0.005348 0.01818 0.02002 0.008157 0.003716 0.001315 0.002118
2.044 7.983 22 27.14 7.331 2.807 7.447 1.07 1.592 0.1175 0.2129 0.04581 0.1485 0.03153 0.00301 0.01023 0.01127 0.004591 0.002091 0.001932
1.224 21.93 19.36 14.25 14.45 3.904 1.495 3.966 0.5701 0.848 0.06259 0.1134 0.02439 0.07909 0.01679 0.001603 0.005448 0.006001 0.002445 0.002143
1.137 13.7 55.4 13.08 7.92 8.033 2.17 0.8308 2.204 0.3168 0.4713 0.03478 0.06303 0.01356 0.04395 0.009332 0.0008909 0.003028 0.003335 0.00255
1.017 11.64 31.78 34.34 6.664 4.035 4.092 1.105 0.4232 1.123 0.1614 0.2401 0.01772 0.03211 0.006907 0.02239 0.004754 0.0004539 0.001542 0.002998
1.048 11.43 29.64 21.75 19.34 3.754 2.273 2.305 0.6227 0.2384 0.6326 0.09093 0.1352 0.009982 0.01809 0.003891 0.01261 0.002678 0.0002557 0.002558
1.765 12.14 29.86 20.74 12.52 11.14 2.161 1.309 1.327 0.3585 0.1373 0.3642 0.05235 0.07786 0.005747 0.01041 0.00224 0.007262 0.001542 0.00162
0.6354 19.65 30.38 19.89 11.35 6.85 6.094 1.183 0.7161 0.7263 0.1962 0.07511 0.1993 0.02864 0.04261 0.003145 0.005698 0.001226 0.003974 0.00173
1.862 7.009 48.64 19.98 10.74 6.132 3.701 3.292 0.6388 0.3868 0.3923 0.106 0.04057 0.1077 0.01547 0.02302 0.001699 0.003078 0.0006621 0.003081
0.4503 18.19 15.49 28.59 9.642 5.183 2.959 1.786 1.588 0.3082 0.1866 0.1893 0.05113 0.01958 0.05194 0.007466 0.01111 0.0008197 0.001485 0.001806
2.841 5.531 50.27 11.48 17.44 5.881 3.161 1.805 1.089 0.9687 0.188 0.1138 0.1155 0.03119 0.01194 0.03168 0.004554 0.006773 0.0004999 0.002008
0.6923 30.14 13.19 31.81 5.962 9.057 3.055 1.642 0.9374 0.5657 0.5032 0.09766 0.05913 0.05998 0.0162 0.006203 0.01646 0.002366 0.003519 0.001303
3.96 7.671 75.04 8.736 17.31 3.244 4.928 1.662 0.8935 0.51 0.3078 0.2738 0.05313 0.03217 0.03263 0.008814 0.003375 0.008954 0.001287 0.002623
1.582 39.86 17.45 45.41 4.34 8.6 1.612 2.448 0.8258 0.4439 0.2534 0.1529 0.136 0.0264 0.01598 0.01621 0.004379 0.001677 0.004449 0.001943
1.156 17.17 97.96 11.5 24.62 2.353 4.662 0.8738 1.327 0.4477 0.2407 0.1374 0.08291 0.07375 0.01431 0.008667 0.00879 0.002374 0.000909 0.003465
0.5217 13.29 44.58 68.2 6.586 14.1 1.348 2.671 0.5006 0.7604 0.2565 0.1379 0.0787 0.0475 0.04225 0.008199 0.004965 0.005036 0.00136 0.002506
0.8131 5.859 33.59 30.04 37.78 3.648 7.812 0.7468 1.48 0.2773 0.4212 0.1421 0.07638 0.0436 0.02631 0.0234 0.004542 0.00275 0.002789 0.002142
3.986 8.395 13.66 20.85 15.32 19.26 1.86 3.983 0.3807 0.7544 0.1414 0.2148 0.07244 0.03894 0.02223 0.01341 0.01193 0.002316 0.001402 0.002514
1.334 47.5 22.47 9.771 12.27 9.012 11.33 1.094 2.343 0.224 0.4438 0.08317 0.1264 0.04262 0.02291 0.01308 0.007892 0.00702 0.001362 0.002304
