Originally  
101 
A 
2	100	
1	1	NA	NA	
1	20	
1 532.2 220.7 142.8 103.8 90.87 64.9 51.92 51.92 12.98 12.98 12.98 0 0 0 0 0 0 0 0 0
1 233 203.9 184.5 87.38 97.09 58.26 19.42 9.709 19.42 9.709 9.709 19.42 9.709 0 0 9.709 0 0 0 0
1 697.2 128.1 241.9 85.38 56.92 14.23 42.69 14.23 71.15 28.46 28.46 0 0 14.23 0 0 0 0 0 0
1 472.4 516.6 177.1 88.57 44.28 73.81 29.52 29.52 14.76 14.76 0 14.76 0 0 0 0 0 0 0 0
1 820.8 307.8 342 119.7 17.1 17.1 51.3 17.1 0 0 17.1 0 0 0 0 0 0 0 0 0
1 380.4 900.9 300.3 100.1 60.06 80.08 100.1 20.02 0 20.02 0 40.04 0 0 0 0 0 0 0 0
1 695.5 665.2 756 121 332.6 121 60.48 30.24 90.72 60.48 60.48 30.24 0 0 0 0 0 0 0 0
1 970.5 445.9 236.1 419.7 262.3 104.9 104.9 52.46 0 0 0 0 26.23 0 0 0 0 0 0 0
1 734.1 734.1 367.1 104.9 340.8 26.22 78.66 26.22 0 52.44 26.22 52.44 26.22 0 26.22 0 0 26.22 0 0
1 645.2 276.5 437.8 253.5 184.3 161.3 92.17 138.3 46.08 0 23.04 0 23.04 0 0 0 0 23.04 0 0
1 2590 570.7 263.4 307.3 219.5 43.9 87.81 87.81 0 43.9 43.9 43.9 0 43.9 0 0 0 0 0 43.9
1 87.67 1461 496.8 321.5 263 29.22 58.45 116.9 0 58.45 29.22 0 0 0 0 0 0 0 0 0
1 713.9 245.4 647 156.2 133.9 133.9 22.31 66.93 44.62 22.31 0 0 0 22.31 0 22.31 0 0 0 0
1 242.4 525.1 101 626.1 141.4 101 101 40.39 20.2 20.2 60.59 0 0 20.2 0 0 20.2 0 0 0
1 1556 180.9 398 0 940.8 144.7 144.7 108.6 36.18 36.18 36.18 36.18 0 0 0 0 0 0 0 0
1 626.5 1114 243.6 591.7 34.81 487.3 34.81 104.4 69.61 0 34.81 34.81 104.4 0 0 0 0 0 0 0
1 135.2 210.3 540.8 60.09 150.2 30.04 255.4 15.02 15.02 30.04 15.02 15.02 15.02 0 0 15.02 0 0 0 0
1 441.5 239.2 220.8 423.1 55.19 202.4 36.79 110.4 36.79 0 18.4 36.79 0 0 18.4 0 0 0 0 0
1 165 240.1 150 135 315.1 105 135 75.02 120 15 0 30.01 15 0 0 0 0 0 0 0
1 631.7 92.44 169.5 61.63 92.44 184.9 30.81 107.8 0 77.03 15.41 0 46.22 0 15.41 0 15.41 0 0 0
1 327.7 589.9 104.9 26.22 13.11 52.44 65.55 26.22 39.33 0 26.22 0 26.22 0 0 0 13.11 0 0 0
1 1116 159.4 478.1 91.07 22.77 68.3 91.07 91.07 22.77 0 22.77 91.07 0 22.77 0 0 0 0 0 0
1 796.5 582.8 97.14 252.6 19.43 38.85 0 58.28 38.85 38.85 0 0 0 0 0 0 0 19.43 0 0
1 1291 400.5 244.8 44.5 155.8 22.25 44.5 0 0 22.25 0 0 0 0 0 0 0 0 0 0
1 820.5 1504 341.9 307.7 68.37 102.6 68.37 68.37 0 34.19 34.19 0 34.19 0 34.19 0 0 0 0 0
1 732.4 146.5 903.2 292.9 97.65 73.24 73.24 24.41 0 0 24.41 48.82 0 0 0 0 0 24.41 0 0
1 548.9 324.3 324.3 474 274.4 299.4 49.9 99.8 0 74.85 0 24.95 0 0 0 0 0 0 0 0
1 671.2 349 617.5 187.9 349 107.4 187.9 0 134.2 26.85 26.85 0 0 26.85 0 0 0 0 0 0
1 301.5 435.4 217.7 150.7 100.5 201 100.5 100.5 0 16.75 0 0 0 0 33.5 0 16.75 0 0 0
1 573.1 453.7 382.1 262.7 191 95.52 262.7 23.88 95.52 23.88 0 0 0 23.88 0 0 0 0 0 0
1 345.7 549.1 366.1 183 142.4 40.67 61.01 142.4 122 40.67 0 40.67 0 0 0 0 0 0 0 0
1 2898 340.9 213.1 298.3 213.1 85.23 42.62 0 85.23 0 42.62 0 0 0 0 0 0 0 42.62 0
1 248.9 1680 124.5 248.9 217.8 124.5 124.5 93.35 62.23 62.23 0 62.23 0 0 0 31.12 0 0 0 31.12
1 295.8 322.7 1533 161.3 134.4 107.6 26.89 0 26.89 53.78 0 26.89 0 0 0 0 0 0 0 0
1 1324 198.6 264.8 1191 66.19 66.19 0 165.5 33.1 0 0 0 0 0 0 0 0 0 0 0
1 181.3 748.1 158.7 22.67 838.7 68 90.67 68 22.67 0 22.67 22.67 22.67 0 0 0 0 0 0 0
1 344.7 304.2 588.1 121.7 40.56 466.4 40.56 20.28 0 20.28 20.28 20.28 0 0 20.28 20.28 0 0 0 0
1 195.8 110.1 85.67 232.5 97.91 48.95 318.2 36.72 12.24 36.72 12.24 0 0 0 12.24 24.48 0 0 0 0
1 903.9 200.9 80.35 80.35 221 120.5 80.35 200.9 20.09 20.09 40.17 0 0 0 20.09 20.09 0 0 0 0
1 501.7 669 55.75 148.7 92.91 130.1 55.75 18.58 111.5 0 55.75 18.58 0 0 0 0 0 0 0 0
1 148.7 218.7 201.2 87.47 17.49 17.49 113.7 17.49 17.49 34.99 0 0 0 0 0 0 0 0 0 0
1 176 48.88 293.3 254.2 58.66 58.66 9.776 9.776 0 0 58.66 0 0 0 0 0 0 0 0 9.776
1 469.7 163.9 142 120.2 87.39 32.77 0 0 21.85 0 0 32.77 10.92 0 0 10.92 0 0 0 0
1 534.9 337.2 58.15 11.63 127.9 58.15 0 0 0 11.63 0 0 11.63 0 0 0 0 0 0 11.63
1 146.6 403 210.7 27.48 18.32 36.64 36.64 0 18.32 0 9.16 0 0 9.16 0 0 0 0 0 0
1 583.8 111.8 323 124.2 0 0 24.84 49.69 12.42 0 0 12.42 0 0 0 0 0 0 0 0
1 263.3 342.3 70.22 79 61.44 8.778 0 26.33 8.778 0 0 8.778 0 0 0 8.778 0 0 0 0
1 361.5 244.9 326.5 46.65 93.29 58.31 11.66 11.66 0 11.66 0 0 0 0 0 0 0 0 0 0
1 309.6 132.7 95.83 132.7 14.74 29.49 7.371 0 0 0 14.74 0 0 0 0 0 0 0 0 0
1 300.4 242 100.1 83.44 66.75 8.344 8.344 8.344 8.344 0 8.344 0 0 0 0 0 0 0 0 0
1 641.8 206.3 171.9 45.84 22.92 45.84 11.46 0 0 0 0 0 0 0 0 0 0 0 0 0
1 1229 362.8 141.1 80.62 80.62 60.46 40.31 20.15 0 0 0 0 0 0 0 0 0 0 0 0
1 553.5 637.4 285.2 100.6 50.32 16.77 16.77 16.77 0 0 0 0 0 0 0 0 0 0 0 0
1 179.2 592.8 386 110.3 41.36 41.36 13.79 13.79 0 0 0 0 0 0 0 0 0 0 0 0
1 464.5 269.7 329.6 284.7 104.9 0 14.98 0 29.97 0 0 0 0 0 0 0 0 0 0 0
1 345.2 345.2 102.3 204.5 191.8 51.13 25.57 12.78 0 0 0 0 0 0 0 0 0 0 0 0
1 617.2 201.3 322 26.84 80.51 67.09 13.42 0 0 0 13.42 0 0 0 0 0 0 0 0 0
1 1790 273.5 198.9 99.47 24.87 24.87 24.87 49.74 0 0 0 0 0 0 0 0 0 0 0 0
1 326.6 752.6 113.6 42.6 85.2 0 42.6 42.6 14.2 0 0 0 0 0 0 0 0 0 0 0
1 201.9 100.9 668.7 189.2 25.23 25.23 0 37.85 0 0 12.62 0 0 0 0 0 0 0 0 0
1 373.4 248.9 51.86 248.9 62.23 20.74 10.37 0 10.37 10.37 0 0 0 0 0 0 0 0 0 0
1 257 241.4 70.09 46.73 124.6 23.36 0 15.58 0 0 0 0 0 0 0 0 0 0 0 0
1 275.7 156.2 275.7 110.3 18.38 45.94 0 36.75 0 0 0 0 0 0 0 0 0 0 0 0
1 467.4 239.1 141.3 130.4 76.09 10.87 21.74 0 0 0 0 0 0 0 0 0 0 0 0 0
1 381.2 166.8 79.41 63.53 55.59 23.82 15.88 7.941 0 0 0 0 0 0 0 0 0 0 0 0
1 699.1 213.3 118.5 82.94 35.55 11.85 0 0 23.7 0 0 0 0 0 0 0 0 0 0 0
1 350.3 434.8 277.8 72.47 24.16 0 24.16 0 0 24.16 0 0 0 0 0 0 0 0 0 0
1 43.99 230.9 472.9 209 110 11 11 11 0 0 0 0 0 0 0 0 0 0 0 0
1 255.8 59.04 105 124.6 65.6 19.68 6.56 6.56 13.12 0 0 0 0 0 0 0 0 0 0 0
1 839.1 235.5 29.44 132.5 103 44.16 44.16 0 14.72 14.72 0 0 14.72 0 0 0 0 0 0 0
1 189.7 695.5 126.5 25.29 75.87 113.8 12.65 12.65 12.65 0 0 0 0 0 0 0 0 0 0 0
1 367.3 44.79 385.2 35.83 8.958 8.958 17.92 17.92 0 0 0 8.958 0 0 0 0 0 0 0 0
1 79.7 169.4 29.89 159.4 49.81 0 0 0 4.981 0 4.981 0 0 0 0 0 0 0 0 0
1 927.5 62.67 137.9 25.07 50.13 12.53 12.53 0 25.07 0 0 0 0 0 0 0 0 0 0 0
1 194.4 481.9 33.82 67.63 16.91 33.82 16.91 0 0 0 0 0 0 0 0 0 0 0 0 0
1 792.2 134.5 403.6 29.9 74.74 0 44.84 0 0 14.95 0 0 0 0 0 0 0 0 0 0
1 110.2 628.4 55.12 198.4 11.02 44.1 0 44.1 0 0 0 11.02 0 0 0 0 0 0 0 0
1 388.9 186.7 622.2 124.4 186.7 0 31.11 15.56 0 0 0 0 0 0 0 0 0 0 0 0
1 588 180.9 79.15 169.6 33.92 56.54 22.61 0 0 0 0 0 0 0 0 0 0 0 0 0
1 289.3 460.7 85.71 21.43 192.9 0 21.43 0 0 0 0 0 0 0 0 0 0 0 0 0
1 223.6 205.7 259.4 44.73 53.67 80.51 8.946 8.946 8.946 0 0 0 0 0 0 0 0 0 0 0
1 711.2 105.4 171.2 171.2 118.5 13.17 13.17 0 13.17 0 0 0 0 0 0 0 0 0 0 0
1 323.9 471.1 39.26 58.89 68.71 19.63 0 0 0 0 0 0 0 0 0 0 0 0 0 0
1 360.7 240.5 290.6 50.1 20.04 20.04 0 10.02 10.02 0 0 0 0 0 0 0 0 0 0 0
1 512.7 262.9 170.9 276 39.44 0 52.58 0 0 0 0 0 0 0 0 0 0 0 0 0
1 337.8 253.4 265.4 181 84.46 48.26 12.07 12.07 0 0 12.07 0 0 0 0 0 0 0 0 0
1 487.8 200.9 105.2 76.53 28.7 57.39 0 0 0 0 0 0 0 0 0 0 0 0 0 0
1 206.6 473.9 206.6 97.2 36.45 109.4 60.75 12.15 0 0 0 0 12.15 0 0 0 0 0 0 0
1 697.3 164.1 341.8 54.69 68.37 0 27.35 0 13.67 0 0 0 0 0 0 0 0 0 0 0
1 187.1 254.5 82.33 97.3 52.39 14.97 22.45 22.45 14.97 0 0 0 0 0 0 0 0 0 0 0
1 1205 136 330.4 58.3 77.73 38.87 38.87 19.43 0 38.87 0 0 0 0 0 0 0 0 0 0
1 163.7 701.6 23.39 163.7 35.08 0 35.08 35.08 11.69 0 0 0 0 0 0 0 0 0 0 0
1 1284 175.1 291.9 77.83 38.92 38.92 19.46 19.46 0 0 0 0 0 0 0 0 0 0 0 0
1 522.9 1010 36.06 198.3 18.03 18.03 0 0 0 0 0 0 0 0 0 0 0 0 0 0
1 316.9 316.9 554.6 26.41 66.02 0 13.2 13.2 0 0 0 13.2 0 0 0 0 0 0 0 0
1 141.5 257.2 244.4 578.7 12.86 25.72 0 12.86 0 0 12.86 0 0 0 0 0 0 0 0 0
1 270.9 162.5 173.3 184.2 216.7 10.83 54.17 0 10.83 0 0 0 0 0 0 0 0 0 0 0
1 1258 163.4 65.35 32.68 16.34 81.69 0 16.34 0 0 0 0 0 0 0 0 0 0 0 0
1 314.3 990.1 125.7 0 62.86 47.15 31.43 0 0 0 0 0 0 0 0 0 0 0 0 0
