 landings-at-age - landings.n (units : NA )
1	2	
2	100	
1	20	
1 
0.02659 0.2984 0.8352 0.6934 0.4839 0.3377 0.2357 0.1644 0.1148 0.08008 0.05589 0.039 0.02722 0.01899 0.01325 0.009249 0.006454 0.004504 0.003143 0.007259
0.002456 0.05216 0.1462 0.1214 0.08475 0.05914 0.04127 0.0288 0.0201 0.01403 0.009787 0.00683 0.004766 0.003326 0.002321 0.00162 0.00113 0.0007888 0.0005504 0.001271
0.004628 0.02758 0.1464 0.1219 0.08515 0.05942 0.04147 0.02894 0.02019 0.01409 0.009834 0.006862 0.004789 0.003342 0.002332 0.001627 0.001136 0.0007925 0.000553 0.001277
0.00221 0.05197 0.07739 0.122 0.08549 0.0597 0.04166 0.02907 0.02029 0.01416 0.00988 0.006895 0.004811 0.003358 0.002343 0.001635 0.001141 0.0007963 0.0005557 0.001283
0.00738 0.02482 0.1458 0.06453 0.08557 0.05994 0.04186 0.02921 0.02038 0.01423 0.009927 0.006927 0.004834 0.003374 0.002354 0.001643 0.001146 8e-04 0.0005583 0.001289
0.00546 0.08287 0.06964 0.1216 0.04525 0.06 0.04203 0.02935 0.02048 0.01429 0.009974 0.00696 0.004857 0.00339 0.002365 0.001651 0.001152 0.0008038 0.0005609 0.001295
0.004512 0.06131 0.2325 0.05807 0.08526 0.03172 0.04207 0.02947 0.02058 0.01436 0.01002 0.006993 0.00488 0.003406 0.002377 0.001658 0.001157 0.0008076 0.0005636 0.001302
0.006153 0.05067 0.172 0.1939 0.04072 0.05978 0.02224 0.0295 0.02066 0.01443 0.01007 0.007026 0.004903 0.003422 0.002388 0.001666 0.001163 0.0008114 0.0005663 0.001308
0.006009 0.06909 0.1422 0.1435 0.1359 0.02855 0.04191 0.0156 0.02068 0.01449 0.01012 0.00706 0.004926 0.003438 0.002399 0.001674 0.001168 0.0008153 0.0005689 0.001314
0.002351 0.06747 0.1939 0.1186 0.1006 0.09532 0.02002 0.02939 0.01093 0.0145 0.01016 0.007093 0.00495 0.003454 0.00241 0.001682 0.001174 0.0008191 0.0005716 0.00132
0.003945 0.0264 0.1893 0.1616 0.08312 0.07052 0.06683 0.01403 0.02061 0.007667 0.01017 0.007121 0.004973 0.003471 0.002422 0.00169 0.001179 0.000823 0.0005743 0.001326
0.005605 0.0443 0.07409 0.1579 0.1133 0.05828 0.04945 0.04686 0.00984 0.01445 0.005375 0.007128 0.004993 0.003487 0.002433 0.001698 0.001185 0.0008269 0.0005771 0.001333
0.008223 0.06294 0.1243 0.06178 0.1107 0.07947 0.04086 0.03467 0.03285 0.0069 0.01013 0.003769 0.004998 0.003501 0.002445 0.001706 0.001191 0.0008308 0.0005798 0.001339
0.001987 0.09233 0.1766 0.1036 0.04332 0.0776 0.05572 0.02865 0.02431 0.02304 0.004838 0.007102 0.002643 0.003504 0.002455 0.001714 0.001196 0.0008348 0.0005825 0.001345
0.002565 0.02231 0.2591 0.1473 0.07267 0.03037 0.05441 0.03907 0.02009 0.01704 0.01615 0.003392 0.00498 0.001853 0.002457 0.001721 0.001202 0.0008387 0.0005853 0.001352
0.003407 0.02881 0.06261 0.216 0.1032 0.05095 0.02129 0.03815 0.02739 0.01408 0.01195 0.01132 0.002378 0.003491 0.001299 0.001723 0.001207 0.0008427 0.0005881 0.001358
0.001757 0.03826 0.08083 0.05221 0.1515 0.07239 0.03572 0.01493 0.02675 0.01921 0.009876 0.008379 0.00794 0.001667 0.002448 0.0009109 0.001208 0.000846 0.0005908 0.001365
0.00187 0.01973 0.1074 0.0674 0.0366 0.1062 0.05076 0.02505 0.01047 0.01876 0.01347 0.006924 0.005875 0.005567 0.001169 0.001716 0.0006386 0.0008469 0.0005932 0.001371
0.009931 0.021 0.05535 0.08952 0.04726 0.02566 0.07446 0.03559 0.01756 0.00734 0.01315 0.009441 0.004855 0.004119 0.003903 0.0008197 0.001203 0.0004478 0.0005938 0.001377
0.004586 0.1115 0.05893 0.04615 0.06276 0.03313 0.01799 0.05221 0.02495 0.01231 0.005146 0.00922 0.00662 0.003404 0.002888 0.002737 0.0005747 0.0008438 0.000314 0.001382
0.00246 0.05149 0.3129 0.04914 0.03236 0.04401 0.02323 0.01262 0.03661 0.0175 0.008634 0.003608 0.006465 0.004641 0.002387 0.002025 0.001919 0.000403 0.0005916 0.001189
0.005691 0.02762 0.1445 0.2609 0.03445 0.02269 0.03086 0.01629 0.008846 0.02567 0.01227 0.006053 0.00253 0.004533 0.003254 0.001673 0.00142 0.001345 0.0002825 0.001249
0.002315 0.0639 0.07751 0.1205 0.1829 0.02416 0.01591 0.02163 0.01142 0.006202 0.018 0.008601 0.004244 0.001774 0.003178 0.002282 0.001173 0.0009955 0.0009433 0.001073
0.006751 0.026 0.1793 0.06464 0.08448 0.1283 0.01694 0.01115 0.01517 0.008008 0.004349 0.01262 0.00603 0.002976 0.001244 0.002228 0.0016 0.0008226 0.000698 0.001414
0.002231 0.07581 0.07294 0.1495 0.04532 0.05923 0.08993 0.01188 0.007821 0.01064 0.005614 0.003049 0.008846 0.004228 0.002087 0.000872 0.001562 0.001122 0.0005768 0.001481
0.005287 0.02505 0.2127 0.06083 0.1048 0.03178 0.04153 0.06306 0.008326 0.005484 0.007457 0.003937 0.002138 0.006203 0.002965 0.001463 0.0006114 0.001095 0.0007865 0.001443
0.002521 0.05936 0.07028 0.1774 0.04265 0.0735 0.02228 0.02912 0.04421 0.005838 0.003845 0.005228 0.00276 0.001499 0.004349 0.002079 0.001026 0.0004287 0.000768 0.001563
0.001997 0.0283 0.1666 0.05861 0.1244 0.0299 0.05153 0.01562 0.02042 0.031 0.004093 0.002696 0.003666 0.001935 0.001051 0.003049 0.001457 0.0007192 0.0003006 0.001634
0.006329 0.02243 0.07941 0.1389 0.04109 0.0872 0.02097 0.03613 0.01095 0.01431 0.02173 0.00287 0.00189 0.00257 0.001357 0.0007369 0.002138 0.001022 0.0005043 0.001357
0.004403 0.07106 0.06293 0.06622 0.09739 0.02881 0.06114 0.0147 0.02533 0.007679 0.01004 0.01524 0.002012 0.001325 0.001802 0.0009514 0.0005167 0.001499 0.0007164 0.001305
0.003078 0.04944 0.1994 0.05247 0.04643 0.06828 0.0202 0.04287 0.01031 0.01776 0.005384 0.007037 0.01068 0.001411 0.0009292 0.001264 0.000667 0.0003623 0.001051 0.001417
0.006929 0.03457 0.1387 0.1663 0.03679 0.03255 0.04788 0.01416 0.03006 0.007227 0.01245 0.003775 0.004934 0.007492 0.0009892 0.0006515 0.0008859 0.0004677 0.000254 0.001731
0.00514 0.0778 0.09699 0.1157 0.1166 0.0258 0.02283 0.03357 0.009931 0.02107 0.005067 0.008732 0.002647 0.003459 0.005253 0.0006936 0.0004568 0.0006212 0.0003279 0.001391
0.009142 0.05772 0.2183 0.08088 0.08111 0.08174 0.01809 0.016 0.02354 0.006963 0.01478 0.003553 0.006122 0.001856 0.002426 0.003683 0.0004863 0.0003203 0.0004355 0.001206
0.004499 0.1026 0.162 0.182 0.05671 0.05687 0.05731 0.01268 0.01122 0.0165 0.004882 0.01036 0.002491 0.004293 0.001301 0.001701 0.002582 0.000341 0.0002246 0.001151
0.0163 0.05052 0.288 0.135 0.1276 0.03976 0.03987 0.04018 0.008891 0.007868 0.01157 0.003423 0.007264 0.001746 0.00301 0.0009124 0.001192 0.001811 0.0002391 0.0009642
0.009243 0.1831 0.1418 0.2402 0.09469 0.08949 0.02788 0.02796 0.02818 0.006234 0.005516 0.008112 0.0024 0.005093 0.001225 0.00211 0.0006397 0.000836 0.001269 0.0008436
0.002716 0.1038 0.5137 0.1182 0.1684 0.06639 0.06274 0.01955 0.0196 0.01975 0.004371 0.003868 0.005688 0.001683 0.003571 0.0008586 0.00148 0.0004485 0.0005862 0.001482
0.005333 0.0305 0.2912 0.4284 0.08288 0.1181 0.04655 0.04399 0.0137 0.01374 0.01385 0.003065 0.002712 0.003988 0.00118 0.002504 0.000602 0.001037 0.0003145 0.00145
0.2709 3.277 4.608 13.03 16.11 3.117 4.441 1.751 1.655 0.5154 0.5169 0.5209 0.1153 0.102 0.15 0.04437 0.09416 0.02264 0.03902 0.06635
0.236 3.886 11.44 4.672 11.05 13.67 2.645 3.768 1.486 1.404 0.4374 0.4386 0.442 0.09781 0.08655 0.1273 0.03765 0.0799 0.01921 0.08941
0.08915 1.502 6.065 5.169 1.764 4.174 5.162 0.9988 1.423 0.561 0.5302 0.1652 0.1656 0.1669 0.03693 0.03268 0.04806 0.01422 0.03017 0.04102
0.07541 1.469 6.053 7.139 5.099 1.74 4.117 5.092 0.9852 1.404 0.5533 0.5229 0.1629 0.1634 0.1646 0.03643 0.03224 0.04741 0.01403 0.07022
0.1049 0.7724 3.679 4.4 4.341 3.101 1.058 2.504 3.097 0.5991 0.8536 0.3365 0.318 0.09907 0.09935 0.1001 0.02216 0.0196 0.02883 0.05123
0.459 1.572 2.817 3.895 3.9 3.848 2.748 0.938 2.219 2.745 0.531 0.7565 0.2982 0.2819 0.08781 0.08805 0.08874 0.01964 0.01737 0.07096
0.302 4.349 3.628 1.877 2.169 2.171 2.142 1.53 0.5222 1.235 1.528 0.2956 0.4212 0.166 0.1569 0.04889 0.04902 0.04941 0.01093 0.04918
0.6987 2.883 10.15 2.456 1.063 1.228 1.229 1.213 0.8664 0.2957 0.6996 0.8652 0.1674 0.2385 0.09402 0.08886 0.02768 0.02776 0.02798 0.03404
0.3446 9.745 9.803 10.03 2.031 0.879 1.016 1.017 1.003 0.7165 0.2446 0.5786 0.7156 0.1384 0.1972 0.07776 0.07349 0.02289 0.02296 0.05129
0.2814 3.983 27.4 7.972 6.82 1.381 0.5976 0.6905 0.6913 0.6821 0.4872 0.1663 0.3934 0.4865 0.09413 0.1341 0.05287 0.04997 0.01557 0.05048
0.1399 2.896 9.984 19.86 4.83 4.132 0.8367 0.3621 0.4183 0.4188 0.4132 0.2952 0.1007 0.2383 0.2948 0.05703 0.08125 0.03203 0.03027 0.04002
0.3136 1.717 8.642 8.626 14.35 3.49 2.985 0.6045 0.2616 0.3023 0.3026 0.2986 0.2133 0.07279 0.1722 0.213 0.04121 0.05871 0.02314 0.05079
0.1567 3.827 5.082 7.387 6.163 10.25 2.493 2.133 0.4319 0.1869 0.216 0.2162 0.2133 0.1524 0.052 0.123 0.1522 0.02944 0.04194 0.05282
0.2121 1.564 9.278 3.551 4.312 3.597 5.983 1.455 1.245 0.2521 0.1091 0.1261 0.1262 0.1245 0.08894 0.03036 0.07182 0.08882 0.01719 0.05532
0.294 2.458 4.403 7.55 2.416 2.933 2.447 4.07 0.9901 0.847 0.1715 0.07422 0.08576 0.08586 0.08471 0.06051 0.02065 0.04886 0.06043 0.04932
0.6281 3.56 7.217 3.73 5.346 1.711 2.077 1.733 2.882 0.7011 0.5997 0.1214 0.05256 0.06072 0.06079 0.05998 0.04284 0.01462 0.03459 0.07771
0.462 6.719 9.237 5.394 2.329 3.338 1.068 1.297 1.082 1.799 0.4377 0.3744 0.07582 0.03281 0.03791 0.03796 0.03745 0.02675 0.009129 0.07011
0.8361 4.861 17.18 6.81 3.323 1.435 2.056 0.6579 0.7989 0.6665 1.109 0.2696 0.2307 0.04671 0.02021 0.02336 0.02338 0.02307 0.01648 0.04882
0.5168 9.757 13.78 14.05 4.658 2.273 0.9813 1.406 0.45 0.5464 0.4558 0.7581 0.1844 0.1578 0.03195 0.01382 0.01597 0.01599 0.01578 0.04466
0.21 4.833 22.22 9.058 7.722 2.559 1.249 0.5392 0.7727 0.2472 0.3002 0.2505 0.4166 0.1013 0.08668 0.01755 0.007596 0.008777 0.008787 0.03321
0.4569 2.245 12.61 16.82 5.734 4.888 1.62 0.7904 0.3413 0.4891 0.1565 0.19 0.1585 0.2637 0.06414 0.05487 0.01111 0.004808 0.005555 0.02658
0.1208 3.834 4.621 7.54 8.41 2.867 2.444 0.8101 0.3953 0.1707 0.2446 0.07826 0.09503 0.07928 0.1319 0.03208 0.02744 0.005557 0.002405 0.01607
0.26 1.427 11.12 3.911 5.346 5.963 2.033 1.733 0.5744 0.2803 0.121 0.1734 0.05549 0.06738 0.05621 0.0935 0.02274 0.01946 0.00394 0.0131
0.08222 4.568 6.104 13.84 4.076 5.573 6.216 2.119 1.807 0.5987 0.2921 0.1261 0.1808 0.05784 0.07023 0.05859 0.09746 0.02371 0.02028 0.01776
0.1299 0.611 8.299 3.204 6.069 1.788 2.444 2.726 0.9294 0.7923 0.2626 0.1281 0.05532 0.07928 0.02537 0.0308 0.0257 0.04274 0.0104 0.01668
0.07664 1.2 1.388 5.494 1.776 3.365 0.9911 1.355 1.511 0.5152 0.4392 0.1456 0.07103 0.03067 0.04395 0.01406 0.01708 0.01425 0.0237 0.01501
0.8264 1.514 5.779 1.949 6.466 2.09 3.96 1.166 1.595 1.779 0.6064 0.5169 0.1713 0.08359 0.03609 0.05172 0.01655 0.0201 0.01677 0.04555
0.09025 6.159 2.76 3.046 0.8583 2.848 0.9206 1.744 0.5137 0.7023 0.7833 0.2671 0.2277 0.07545 0.03682 0.0159 0.02278 0.007289 0.008851 0.02745
0.2402 1.058 17.69 2.311 2.136 0.6018 1.997 0.6455 1.223 0.3602 0.4924 0.5493 0.1873 0.1596 0.05291 0.02582 0.01115 0.01597 0.005111 0.02545
0.514 3.256 3.503 17.04 1.864 1.722 0.4853 1.61 0.5205 0.9861 0.2905 0.3971 0.4429 0.151 0.1287 0.04267 0.02082 0.008989 0.01288 0.02465
0.09085 5.76 8.9 2.776 11.3 1.235 1.142 0.3217 1.067 0.345 0.6536 0.1925 0.2632 0.2936 0.1001 0.08533 0.02828 0.0138 0.005958 0.02487
0.3073 0.8908 13.8 6.186 1.614 6.567 0.7182 0.6637 0.187 0.6205 0.2006 0.38 0.1119 0.153 0.1707 0.05819 0.04961 0.01644 0.008022 0.01793
0.1355 2.735 1.945 8.772 3.29 0.8583 3.493 0.382 0.353 0.09947 0.33 0.1067 0.2021 0.05954 0.08139 0.09078 0.03095 0.02638 0.008744 0.0138
0.1406 2.593 12.74 2.641 9.979 3.743 0.9764 3.974 0.4346 0.4016 0.1132 0.3755 0.1214 0.2299 0.06773 0.09259 0.1033 0.03521 0.03002 0.02565
0.3781 1.186 5.336 7.57 1.311 4.954 1.858 0.4847 1.973 0.2157 0.1993 0.05617 0.1864 0.06025 0.1141 0.03362 0.04596 0.05127 0.01748 0.02763
0.077 3.943 3.026 3.957 4.698 0.8137 3.074 1.153 0.3008 1.224 0.1339 0.1237 0.03486 0.1157 0.03739 0.07084 0.02087 0.02853 0.03182 0.028
0.1235 1.147 14.3 3.19 3.492 4.146 0.7181 2.713 1.018 0.2655 1.08 0.1182 0.1092 0.03077 0.1021 0.033 0.06251 0.01842 0.02517 0.05279
0.5497 1.4 3.158 11.38 2.121 2.322 2.757 0.4775 1.804 0.6766 0.1765 0.7184 0.07856 0.07259 0.02046 0.06788 0.02194 0.04156 0.01224 0.05184
0.4613 6.298 3.894 2.537 7.639 1.424 1.559 1.851 0.3206 1.211 0.4542 0.1185 0.4823 0.05274 0.04873 0.01373 0.04557 0.01473 0.0279 0.04302
0.5733 4.776 15.86 2.829 1.54 4.638 0.8645 0.9464 1.124 0.1946 0.7353 0.2758 0.07195 0.2928 0.03202 0.02959 0.008338 0.02767 0.008943 0.04306
0.3586 6.156 12.49 11.99 1.788 0.9735 2.931 0.5464 0.5982 0.7102 0.123 0.4648 0.1743 0.04548 0.1851 0.02024 0.0187 0.00527 0.01749 0.03287
0.3366 3.047 12.8 7.522 6.039 0.9009 0.4904 1.477 0.2753 0.3014 0.3578 0.06197 0.2341 0.08782 0.02291 0.09324 0.0102 0.009422 0.002655 0.02537
0.1975 3.854 8.546 10.46 5.145 4.131 0.6162 0.3354 1.01 0.1883 0.2061 0.2447 0.04239 0.1601 0.06007 0.01567 0.06377 0.006974 0.006444 0.01917
0.1799 2.878 13.69 8.83 9.045 4.451 3.573 0.5331 0.2902 0.8739 0.1629 0.1783 0.2117 0.03667 0.1385 0.05197 0.01356 0.05517 0.006034 0.02216
0.5637 1.971 7.677 10.57 5.698 5.836 2.872 2.306 0.344 0.1872 0.5638 0.1051 0.1151 0.1366 0.02366 0.08939 0.03353 0.008747 0.0356 0.01819
0.4471 5.847 4.985 5.621 6.47 3.489 3.573 1.758 1.412 0.2106 0.1146 0.3452 0.06435 0.07045 0.08364 0.01449 0.05473 0.02053 0.005356 0.03293
0.6437 3.983 12.75 3.156 2.977 3.427 1.848 1.893 0.9312 0.7477 0.1115 0.06072 0.1828 0.03408 0.03731 0.0443 0.007673 0.02899 0.01087 0.02028
0.286 6.129 9.318 8.7 1.803 1.701 1.958 1.055 1.081 0.532 0.4271 0.06372 0.03469 0.1044 0.01947 0.02131 0.02531 0.004383 0.01656 0.0178
0.4603 5.16 26.99 11.97 9.366 1.941 1.831 2.107 1.136 1.164 0.5727 0.4598 0.0686 0.03734 0.1124 0.02096 0.02294 0.02724 0.004718 0.03698
0.3237 5.877 15.99 24.17 8.966 7.015 1.453 1.371 1.578 0.851 0.8717 0.4289 0.3444 0.05138 0.02797 0.08421 0.0157 0.01718 0.0204 0.03123
0.2905 3.72 16.36 12.82 16.2 6.007 4.7 0.9738 0.9186 1.057 0.5701 0.584 0.2874 0.2307 0.03442 0.01874 0.05642 0.01052 0.01151 0.0346
0.2663 2.891 8.99 11.39 7.454 9.413 3.491 2.732 0.566 0.5339 0.6146 0.3314 0.3394 0.167 0.1341 0.02001 0.01089 0.03279 0.006112 0.0268
0.2481 2.06 5.471 4.921 5.21 3.41 4.306 1.597 1.25 0.2589 0.2443 0.2812 0.1516 0.1553 0.07641 0.06135 0.009152 0.004982 0.015 0.01506
0.2623 2.349 4.792 3.711 2.795 2.959 1.937 2.446 0.9072 0.7098 0.1471 0.1387 0.1597 0.08611 0.0882 0.0434 0.03484 0.005198 0.00283 0.01707
0.4855 3.136 6.899 4.113 2.669 2.01 2.128 1.393 1.759 0.6524 0.5104 0.1058 0.09977 0.1148 0.06192 0.06343 0.03121 0.02506 0.003738 0.01431
0.2195 6.797 10.75 6.896 3.444 2.235 1.683 1.782 1.166 1.473 0.5463 0.4274 0.08856 0.08354 0.09616 0.05185 0.05311 0.02613 0.02098 0.01511
0.1924 3.025 22.81 10.47 5.623 2.808 1.822 1.372 1.453 0.951 1.201 0.4455 0.3485 0.07221 0.06812 0.07842 0.04228 0.04331 0.02131 0.02943
0.4239 2.464 9.392 20.46 7.848 4.215 2.105 1.366 1.029 1.089 0.7129 0.9003 0.3339 0.2613 0.05413 0.05107 0.05878 0.03169 0.03246 0.03804
0.2819 3.045 4.324 4.753 8.646 3.317 1.782 0.8898 0.5774 0.4348 0.4604 0.3013 0.3805 0.1411 0.1104 0.02288 0.02158 0.02485 0.0134 0.0298
0.4044 3.098 8.2 3.39 3.12 5.676 2.178 1.17 0.5841 0.379 0.2854 0.3022 0.1978 0.2498 0.09265 0.07249 0.01502 0.01417 0.01631 0.02836
