Originally  
101 
A 
42	100	
1	1	NA	NA	
1	20	
1 0.01984 0.2182 0.7935 0.1984 0.09919 0.05952 0.1587 0.119 0.05952 0.1785 0 0.01984 0.01984 0 0 0 0 0.01984 0 0.01984
1 0.04398 0.08796 0.4252 0.4691 0.01466 0.08796 0 0.1173 0.04398 0.01466 0.1466 0 0 0 0 0 0.01466 0 0 0
1 0.04503 0.06304 0.09906 0.2251 0.2161 0.05403 0.04503 0.01801 0.01801 0.009005 0.01801 0.02702 0.009005 0.02702 0 0.01801 0 0 0 0.009005
1 0.03497 0.2535 0.09616 0.07867 0.1923 0.09616 0.01748 0.02622 0.008742 0.01748 0.01748 0 0.008742 0 0 0.008742 0.008742 0 0.008742 0
1 0.01293 0.388 0.4656 0.1164 0.05174 0.1164 0.09054 0.01293 0 0 0.01293 0.01293 0 0.01293 0 0 0 0 0 0
1 0.0477 0.1073 0.5485 0.2504 0.07155 0.03577 0.05962 0 0.01192 0.01192 0 0.01192 0 0 0.02385 0 0 0 0 0.01192
1 0.02893 0.2893 0.1928 0.241 0.1446 0.009642 0.009642 0 0 0 0.01928 0.009642 0 0 0 0 0 0.009642 0.009642 0
1 0.02885 0.2596 0.7067 0.1154 0.1875 0.08654 0 0.01442 0.01442 0 0 0 0.01442 0 0 0 0.01442 0 0 0
1 0.01253 0.2006 0.4512 0.3886 0.0376 0.1003 0.02507 0.01253 0 0.01253 0 0.01253 0 0 0 0 0 0 0 0
1 0.01099 0.1759 0.2638 0.2198 0.2528 0.07694 0.07694 0.01099 0 0 0 0 0 0 0 0 0 0 0.01099 0
1 0.05343 0.203 0.2885 0.1923 0.09617 0.1069 0.05343 0.03206 0.04274 0 0 0 0 0 0 0 0 0 0 0
1 0.1492 0.3729 0.2088 0.3729 0.1641 0.1343 0.02983 0.01492 0.04475 0 0 0 0 0 0 0 0 0 0 0
1 0.06464 0.8187 0.6894 0.237 0.2585 0 0.02155 0.06464 0 0 0 0 0 0 0 0 0 0 0 0
1 0.04743 0.3083 1.21 0.4743 0.1423 0.09486 0.02372 0.04743 0 0 0.02372 0 0 0 0 0 0 0 0 0
1 0.07235 0.1206 1.061 0.8923 0.217 0 0 0.04823 0 0 0 0 0 0 0 0 0 0 0 0
1 0.04561 0.4333 0.2281 0.6842 0.4789 0.2737 0.04561 0.02281 0 0.04561 0 0 0.02281 0 0 0 0 0 0 0
1 0.09468 0.2367 0.505 0.1894 0.2683 0.1894 0.0789 0 0.01578 0 0 0 0 0 0 0 0 0 0 0
1 0.1622 0.1622 0.1724 0.2434 0.0507 0.142 0.08112 0 0 0 0 0 0 0 0 0 0 0 0 0
1 0 0.7028 0.5508 0.1709 0.3609 0 0.03799 0.05698 0.01899 0 0 0 0 0 0 0 0 0 0 0
1 0.08417 0.1263 1.284 0.2315 0.06313 0.1263 0.04208 0.06313 0.08417 0 0 0 0 0 0 0 0 0 0 0
1 0.0199 0.08955 0.199 0.5274 0.0597 0.04975 0.00995 0.00995 0 0 0.02985 0 0 0 0 0 0 0 0 0
1 0.02448 0.1714 0.404 0.1592 0.2816 0.09794 0.02448 0.02448 0 0.01224 0.02448 0 0 0 0 0 0 0 0 0
1 0.02226 0.1113 0.3895 0.2671 0.04452 0.2449 0.01113 0 0 0 0.01113 0.01113 0 0 0 0 0 0 0 0
1 0.01119 0.1903 0.2463 0.3135 0.1231 0.02239 0.1679 0.01119 0 0.02239 0 0 0 0 0.01119 0 0 0 0 0
1 0.09467 0.1999 0.2735 0.1999 0.1683 0.04208 0.02104 0.05259 0 0 0 0 0 0 0 0 0 0 0 0
1 0.06923 0.2077 0.3923 0.2192 0.1269 0.04615 0.03461 0 0.01154 0.02308 0 0 0.01154 0 0.01154 0 0 0 0 0
1 0.05842 0.3651 0.5258 0.2775 0.1314 0.0146 0.02921 0 0 0.04381 0.0146 0 0 0 0 0 0 0 0 0
1 0 0.171 0.7552 0.2992 0.1282 0.04275 0 0.0285 0 0 0 0 0 0 0 0 0 0 0 0
1 0.05 0.05 0.4 0.3875 0.1625 0.1125 0.05 0.025 0.0125 0 0 0 0 0 0 0 0 0 0 0
1 0.09698 0.3879 0.05541 0.3048 0.3463 0.09698 0.04156 0.01385 0.02771 0.01385 0 0 0 0 0 0 0 0 0 0
1 0 0.2476 0.2875 0 0.04791 0.1358 0.0559 0.01597 0 0 0.007986 0 0 0 0 0 0 0 0 0
1 0.01522 0.0609 1.081 0.1675 0.01522 0.09135 0.0609 0.01522 0.01522 0 0 0 0 0 0 0 0 0 0 0
1 0.007027 0.1476 0.08432 0.2881 0.1195 0.01405 0.01405 0.007027 0.01405 0 0 0 0.007027 0 0 0 0 0 0 0
1 0.1096 0.02528 0.2023 0.1011 0.3203 0.03371 0 0.008428 0.02528 0.008428 0.008428 0 0 0 0 0 0 0 0 0
1 0.04198 0.4408 0.08397 0.2099 0.05248 0.1679 0.03149 0 0.0105 0.0105 0 0 0 0 0 0 0 0 0 0
1 0.1061 0.1988 0.6761 0.1326 0.1193 0.03977 0.02651 0.01326 0.01326 0 0 0 0 0 0 0 0 0 0 0
1 0 0.7381 0.2636 0.5448 0.05272 0.1054 0 0.03515 0 0 0 0.01757 0 0 0 0 0 0 0 0
1 0 0.1259 1.637 0.2015 0.4786 0.02519 0.02519 0 0.02519 0 0 0 0 0 0 0 0 0 0 0
1 0.1419 0.1622 0.3041 0.9935 0.1622 0.2028 0.04055 0 0 0.02028 0 0 0 0 0 0 0 0 0 0
1 0.06252 0.4533 0.4064 0.1407 0.3439 0.07815 0.06252 0 0.01563 0 0 0 0 0 0 0 0 0 0 0
1 0.01399 0.2239 0.5738 0.2379 0.04198 0.1819 0 0.04198 0.04198 0 0.02799 0.01399 0 0 0 0 0 0 0 0
1 0.08588 0.1288 0.3722 0.5153 0.1431 0.04294 0.1145 0.02863 0 0 0 0 0 0 0 0 0 0 0 0
1 0.06277 0.8787 0.3975 0.2092 0.272 0.04184 0.04184 0.1255 0.04184 0.02092 0 0 0 0 0 0 0 0 0 0
1 0.01248 0.2371 0.6864 0.1498 0.03744 0.03744 0.02496 0 0.01248 0 0.04992 0 0 0 0 0 0 0 0 0
1 0.01213 0.2062 0.4853 0.3518 0.06066 0.0364 0.02426 0 0.02426 0.01213 0 0 0 0 0 0 0 0 0 0
1 0.04629 0.1666 0.287 0.1666 0.1481 0.02777 0.02777 0.02777 0.01852 0.009258 0 0 0 0 0 0 0 0 0 0
1 0.1325 0.3595 0.5866 0.3028 0.2839 0.1325 0.05677 0.01892 0 0.01892 0 0 0 0 0 0 0 0 0 0
1 0.01109 0.2328 0.3548 0.2217 0.122 0.0887 0.03326 0.03326 0.01109 0 0 0 0 0 0 0 0 0 0 0
1 0.02969 0.1781 0.5641 0.2969 0.1633 0.1188 0.05938 0.04454 0.02969 0 0 0 0 0 0 0 0 0 0 0
1 0.01326 0.4242 0.1591 0.4242 0.1591 0.05303 0.02651 0.03977 0.02651 0 0 0 0 0 0 0 0 0 0 0
1 0.09473 0.08289 0.5092 0.1539 0.1776 0.08289 0 0.03553 0 0.02368 0.01184 0 0.01184 0 0 0 0 0 0 0
1 0.01666 0.7165 0.2333 0.3833 0.09998 0.1166 0.01666 0.04999 0 0.03333 0 0 0 0 0 0 0 0 0 0
1 0.1105 0.2431 1.061 0.1326 0.4641 0.0442 0.0663 0.0221 0.0442 0 0 0 0 0.0221 0 0 0 0 0 0
1 0.02186 0.9182 0.1312 0.8526 0.06558 0.04372 0.04372 0.06558 0.04372 0 0 0 0 0 0 0 0 0 0 0
1 0.06268 0.3343 1.17 0.188 0.188 0 0.1254 0.02089 0 0 0 0 0 0 0 0 0 0 0 0
1 0.01863 0.2049 0.5402 0.7823 0.1118 0.09313 0 0.05588 0 0.03725 0.01863 0 0 0 0 0 0 0 0 0
1 0.03956 0.09889 0.4945 0.5736 0.5934 0.07911 0.07911 0 0.01978 0 0 0 0 0 0 0 0 0 0 0
1 0.1741 0.1741 0.2142 0.241 0.1473 0.308 0 0.02678 0 0.02678 0 0.02678 0 0 0 0 0 0 0 0
1 0.02113 1.099 0.3381 0.1479 0.1902 0.1479 0.1479 0.02113 0 0 0 0 0 0 0 0 0 0 0 0
