 landings-at-age - landings.n (units : NA )
1	2	
42	100	
1	20	
1 
0.3832 14.45 52.56 10.83 9.056 4.762 14.62 3.636 2.977 12.42 1.029 1.425 0.9023 0.7348 0.4392 0.3943 0.2328 0.5083 0.1726 0.2974
0.5291 4.68 39.66 38.63 6.549 5.476 2.879 8.843 2.199 1.8 7.509 0.6221 0.8615 0.5456 0.4443 0.2656 0.2385 0.1407 0.3074 0.2842
1.301 5.226 10.43 23.48 18.77 3.182 2.66 1.399 4.296 1.068 0.8745 3.648 0.3022 0.4185 0.2651 0.2159 0.129 0.1158 0.06838 0.2874
1.579 13.9 12.66 6.776 12.54 10.03 1.7 1.421 0.7473 2.295 0.5707 0.4672 1.949 0.1615 0.2236 0.1416 0.1153 0.06893 0.06189 0.1901
0.5859 17.94 35.74 8.736 3.85 7.126 5.695 0.9656 0.8074 0.4245 1.304 0.3242 0.2654 1.107 0.09172 0.127 0.08044 0.06552 0.03916 0.1431
2.013 6.384 44.2 23.56 4.737 2.087 3.863 3.088 0.5235 0.4378 0.2302 0.7069 0.1758 0.1439 0.6002 0.04973 0.06887 0.04361 0.03552 0.09883
1.186 22.92 16.39 30.36 13.31 2.675 1.179 2.182 1.744 0.2957 0.2473 0.13 0.3993 0.09929 0.08128 0.339 0.02809 0.0389 0.02464 0.07589
0.7537 11.8 51.72 9.871 15.02 6.585 1.324 0.5834 1.08 0.8631 0.1463 0.1224 0.06434 0.1976 0.04913 0.04022 0.1678 0.0139 0.01925 0.04975
1.192 9.449 33.29 39.18 6.156 9.369 4.107 0.8257 0.3639 0.6735 0.5383 0.09126 0.07631 0.04013 0.1232 0.03064 0.02509 0.1046 0.008669 0.04303
0.997 12.43 22.18 20.74 20.03 3.148 4.791 2.1 0.4222 0.186 0.3444 0.2752 0.04666 0.03902 0.02052 0.06301 0.01567 0.01283 0.0535 0.02644
2.249 11.25 31.52 14.98 11.51 11.11 1.747 2.658 1.165 0.2343 0.1032 0.1911 0.1527 0.02589 0.02165 0.01138 0.03496 0.008694 0.007117 0.04435
3.566 23.42 26.39 19.65 7.665 5.888 5.688 0.8938 1.36 0.5963 0.1199 0.05283 0.09778 0.07815 0.01325 0.01108 0.005826 0.01789 0.004449 0.02634
2.241 37.66 55.91 16.83 10.3 4.018 3.086 2.982 0.4686 0.713 0.3126 0.06284 0.02769 0.05126 0.04097 0.006946 0.005808 0.003054 0.009379 0.01614
0.5921 25.22 95.73 38.07 9.426 5.769 2.25 1.729 1.67 0.2624 0.3994 0.1751 0.0352 0.01551 0.02871 0.02295 0.00389 0.003253 0.00171 0.01429
1.814 6.619 63.52 64.37 21.04 5.21 3.189 1.244 0.9555 0.923 0.145 0.2207 0.09676 0.01945 0.008573 0.01587 0.01268 0.00215 0.001798 0.008846
0.9303 18.39 15.18 38.87 32.37 10.58 2.62 1.603 0.6254 0.4804 0.4641 0.07293 0.111 0.04865 0.009782 0.00431 0.007979 0.006377 0.001081 0.005352
1.645 11.45 50.88 11.26 23.73 19.76 6.458 1.599 0.9786 0.3818 0.2933 0.2833 0.04452 0.06775 0.0297 0.005971 0.002631 0.00487 0.003893 0.003927
3.951 16.46 25.85 30.49 5.539 11.67 9.718 3.176 0.7865 0.4814 0.1878 0.1442 0.1393 0.0219 0.03332 0.01461 0.002937 0.001294 0.002396 0.003846
0.8037 42.61 40.19 16.9 16.39 2.978 6.275 5.225 1.708 0.4229 0.2588 0.101 0.07755 0.07491 0.01177 0.01792 0.007854 0.001579 0.0006958 0.003356
1.253 9.707 115.6 29.19 10.1 9.797 1.78 3.75 3.122 1.02 0.2527 0.1547 0.06033 0.04634 0.04477 0.007035 0.01071 0.004693 0.0009436 0.002421
1.514 13.55 23.55 74.39 15.41 5.33 5.172 0.9394 1.98 1.648 0.5387 0.1334 0.08165 0.03185 0.02447 0.02363 0.003714 0.005652 0.002478 0.001776
0.8972 16.74 33.57 15.48 40.13 8.314 2.875 2.79 0.5068 1.068 0.8892 0.2906 0.07197 0.04405 0.01718 0.0132 0.01275 0.002004 0.003049 0.002295
0.7943 8.881 37.38 19.9 7.529 19.52 4.044 1.399 1.357 0.2465 0.5195 0.4325 0.1414 0.03501 0.02143 0.008358 0.00642 0.006202 0.0009747 0.0026
1.303 8.935 22.56 25.42 11.13 4.211 10.92 2.262 0.7823 0.7591 0.1379 0.2906 0.2419 0.07907 0.01958 0.01198 0.004675 0.003591 0.003469 0.001999
1.579 14.11 21.84 14.73 13.64 5.974 2.26 5.861 1.214 0.4199 0.4074 0.07401 0.1559 0.1298 0.04244 0.01051 0.006432 0.002509 0.001927 0.002935
2.207 17.43 35.16 14.54 8.061 7.466 3.27 1.237 3.208 0.6644 0.2298 0.223 0.04051 0.08535 0.07106 0.02323 0.005752 0.00352 0.001373 0.002661
1.056 22.67 40.58 21.87 7.437 4.123 3.818 1.672 0.6326 1.64 0.3398 0.1175 0.114 0.02072 0.04365 0.03634 0.01188 0.002941 0.0018 0.002063
0.1917 12.95 62.56 30.04 13.33 4.531 2.512 2.327 1.019 0.3854 0.9995 0.207 0.07161 0.06949 0.01262 0.0266 0.02214 0.007238 0.001792 0.002354
1.012 1.981 30.14 38.69 15.25 6.767 2.301 1.275 1.181 0.5172 0.1957 0.5074 0.1051 0.03636 0.03528 0.006408 0.0135 0.01124 0.003675 0.002105
2.32 10.28 4.561 18.56 19.58 7.719 3.425 1.164 0.6455 0.5979 0.2618 0.09905 0.2568 0.05321 0.0184 0.01786 0.003244 0.006835 0.005691 0.002926
0.4141 27.2 27.26 3.252 10.9 11.5 4.532 2.011 0.6837 0.379 0.3511 0.1537 0.05816 0.1508 0.03124 0.01081 0.01049 0.001905 0.004013 0.005059
1.085 4.477 66.45 17.79 1.745 5.848 6.171 2.432 1.079 0.3669 0.2034 0.1884 0.0825 0.03121 0.08094 0.01677 0.005799 0.005627 0.001022 0.004869
0.3622 12.46 11.58 45.92 10.11 0.9919 3.323 3.507 1.382 0.6134 0.2085 0.1156 0.1071 0.04689 0.01774 0.046 0.009528 0.003296 0.003198 0.003348
2.438 3.788 29.4 7.272 23.69 5.217 0.5118 1.715 1.81 0.7133 0.3165 0.1076 0.05965 0.05525 0.02419 0.009153 0.02373 0.004916 0.0017 0.003378
0.8436 25.37 8.936 18.56 3.773 12.29 2.707 0.2656 0.8897 0.939 0.3701 0.1642 0.05583 0.03095 0.02867 0.01255 0.004749 0.01231 0.002551 0.002635
3.367 9.42 64.21 6.074 10.38 2.111 6.879 1.515 0.1486 0.4978 0.5254 0.2071 0.09189 0.03124 0.01732 0.01604 0.007024 0.002657 0.006891 0.002902
0.7874 40.2 25.31 46.18 3.594 6.143 1.249 4.07 0.8963 0.08792 0.2946 0.3109 0.1225 0.05437 0.01848 0.01025 0.009491 0.004156 0.001572 0.005794
0.9785 7.877 90.86 15.21 22.79 1.774 3.032 0.6166 2.009 0.4423 0.04339 0.1454 0.1534 0.06047 0.02683 0.009122 0.005057 0.004684 0.002051 0.003636
1.938 11.13 20.24 62.55 8.616 12.91 1.005 1.717 0.3492 1.138 0.2505 0.02458 0.08234 0.0869 0.03425 0.0152 0.005167 0.002864 0.002653 0.003221
1.038 22.59 29.12 14.11 35.85 4.938 7.398 0.5758 0.9842 0.2001 0.6521 0.1436 0.01409 0.04719 0.04981 0.01963 0.00871 0.002961 0.001642 0.003367
0.8235 10.23 50.22 17.19 6.837 17.37 2.392 3.584 0.2789 0.4768 0.09696 0.3159 0.06956 0.006823 0.02286 0.02413 0.009509 0.004219 0.001435 0.002426
2.495 9.309 26.11 34.35 9.673 3.848 9.774 1.346 2.017 0.157 0.2683 0.05457 0.1778 0.03915 0.00384 0.01287 0.01358 0.005352 0.002375 0.002173
1.498 26.77 22.57 16.92 18.3 5.152 2.049 5.206 0.717 1.074 0.0836 0.1429 0.02906 0.09468 0.02085 0.002045 0.006852 0.007232 0.00285 0.002422
1.399 16.77 67.62 15.25 9.403 10.17 2.863 1.139 2.893 0.3985 0.597 0.04646 0.07942 0.01615 0.05262 0.01159 0.001137 0.003808 0.004019 0.00293
1.283 14.31 38.89 41.91 7.771 4.79 5.18 1.459 0.5802 1.474 0.203 0.3041 0.02367 0.04046 0.008228 0.02681 0.005903 0.000579 0.00194 0.00354
1.281 14.42 36.45 26.61 23.61 4.378 2.698 2.918 0.8216 0.3268 0.8302 0.1144 0.1713 0.01333 0.02279 0.004635 0.0151 0.003325 0.0003262 0.003087
2.076 14.84 37.69 25.51 15.32 13.59 2.52 1.553 1.68 0.473 0.1882 0.478 0.06583 0.09863 0.007677 0.01312 0.002668 0.008694 0.001914 0.001965
0.7485 23.11 37.13 25.1 13.96 8.384 7.438 1.379 0.8501 0.9193 0.2588 0.103 0.2615 0.03602 0.05397 0.004201 0.00718 0.00146 0.004757 0.002123
2.228 8.257 57.21 24.43 13.56 7.54 4.529 4.018 0.745 0.4592 0.4966 0.1398 0.05562 0.1413 0.01946 0.02916 0.002269 0.003879 0.0007888 0.003717
0.5467 21.76 18.25 33.63 11.79 6.543 3.638 2.185 1.939 0.3595 0.2216 0.2396 0.06747 0.02684 0.06817 0.00939 0.01407 0.001095 0.001871 0.002174
3.413 6.715 60.13 13.52 20.51 7.189 3.991 2.219 1.333 1.182 0.2192 0.1351 0.1461 0.04115 0.01637 0.04158 0.005727 0.00858 0.0006678 0.002467
0.8336 36.21 16.01 38.06 7.023 10.65 3.734 2.073 1.153 0.6924 0.6142 0.1139 0.0702 0.07591 0.02138 0.008503 0.0216 0.002975 0.004457 0.001629
4.792 9.238 90.16 10.6 20.71 3.821 5.796 2.032 1.128 0.6272 0.3767 0.3342 0.06196 0.0382 0.0413 0.01163 0.004626 0.01175 0.001619 0.003311
1.931 48.23 21.01 54.55 5.269 10.29 1.899 2.88 1.009 0.5604 0.3116 0.1872 0.166 0.03079 0.01898 0.02052 0.005778 0.002298 0.005839 0.002449
1.366 20.95 118.5 13.84 29.58 2.856 5.577 1.029 1.561 0.5473 0.3038 0.1689 0.1015 0.09002 0.01669 0.01029 0.01113 0.003133 0.001246 0.004494
0.5984 15.71 54.41 82.53 7.931 16.94 1.636 3.195 0.5897 0.8945 0.3135 0.174 0.09678 0.05813 0.05157 0.009562 0.005894 0.006374 0.001795 0.003288
0.8853 6.72 39.7 36.67 45.72 4.393 9.386 0.9065 1.77 0.3266 0.4955 0.1737 0.09641 0.05361 0.0322 0.02857 0.005297 0.003265 0.003531 0.002816
4.2 9.14 15.66 24.64 18.7 23.31 2.24 4.785 0.4622 0.9024 0.1665 0.2526 0.08855 0.04916 0.02733 0.01642 0.01456 0.0027 0.001665 0.003236
1.433 50.04 24.46 11.21 14.5 11 13.71 1.318 2.815 0.2719 0.5309 0.09798 0.1486 0.0521 0.02892 0.01608 0.009659 0.008569 0.001589 0.002883
