 landings-at-age - landings.n (units : NA )
1	2	
42	100	
1	20	
1 
0.4752 5.349 13.77 11.14 7.783 4.906 3.555 2.364 1.668 1.183 0.8016 0.553 0.4023 0.2694 0.1746 0.1205 0.08862 0.05876 0.04088 0.07949
0.2802 3.025 8.349 6.221 4.208 2.939 1.852 1.342 0.8926 0.6299 0.4466 0.3027 0.2088 0.1519 0.1017 0.06593 0.04551 0.03346 0.02219 0.04545
0.3744 4.617 12.19 9.827 6.136 4.151 2.899 1.827 1.324 0.8804 0.6214 0.4405 0.2986 0.206 0.1498 0.1003 0.06503 0.04489 0.03301 0.06672
0.3263 3.835 11.56 8.861 5.976 3.732 2.524 1.763 1.111 0.8052 0.5354 0.3779 0.2679 0.1816 0.1253 0.09112 0.06102 0.03955 0.0273 0.06065
0.3889 4.893 13.99 12.24 7.853 5.297 3.307 2.237 1.562 0.9848 0.7136 0.4745 0.3349 0.2374 0.1609 0.111 0.08075 0.05408 0.03505 0.07795
0.319 3.685 11.29 9.32 6.817 4.372 2.949 1.841 1.246 0.8699 0.5483 0.3973 0.2642 0.1865 0.1322 0.0896 0.06181 0.04496 0.03011 0.06291
0.2713 3.046 8.602 7.643 5.277 3.86 2.476 1.67 1.043 0.7052 0.4926 0.3105 0.225 0.1496 0.1056 0.07485 0.05073 0.035 0.02546 0.05267
0.3318 3.784 10.36 8.498 6.321 4.364 3.192 2.048 1.381 0.8623 0.5833 0.4074 0.2568 0.1861 0.1237 0.08732 0.0619 0.04196 0.02895 0.06462
0.3438 3.835 10.64 8.421 5.778 4.298 2.967 2.171 1.392 0.9389 0.5863 0.3966 0.277 0.1746 0.1265 0.08412 0.05937 0.04209 0.02853 0.06362
0.3334 3.538 9.614 7.71 5.102 3.501 2.604 1.798 1.315 0.8435 0.5689 0.3552 0.2403 0.1678 0.1058 0.07664 0.05097 0.03597 0.0255 0.05583
0.3852 4.091 10.56 8.306 5.571 3.686 2.529 1.882 1.299 0.9502 0.6094 0.411 0.2567 0.1736 0.1213 0.07642 0.05538 0.03682 0.02599 0.05876
0.4203 4.7 12.11 9.026 5.934 3.98 2.634 1.807 1.344 0.9281 0.6788 0.4354 0.2937 0.1834 0.124 0.08663 0.0546 0.03956 0.02631 0.06055
0.3652 4.193 11.39 8.462 5.269 3.464 2.323 1.537 1.055 0.7847 0.5418 0.3963 0.2542 0.1714 0.107 0.0724 0.05057 0.03187 0.02309 0.0507
0.3695 4.231 11.81 9.273 5.757 3.584 2.357 1.58 1.046 0.7176 0.5338 0.3685 0.2696 0.1729 0.1166 0.07282 0.04925 0.0344 0.02168 0.0502
0.4111 4.473 12.42 10 6.566 4.076 2.538 1.669 1.119 0.7406 0.5081 0.378 0.261 0.1909 0.1224 0.08257 0.05156 0.03488 0.02436 0.0509
0.3754 4.397 11.61 9.285 6.245 4.099 2.545 1.584 1.042 0.6987 0.4623 0.3172 0.236 0.1629 0.1192 0.07644 0.05155 0.03219 0.02177 0.04699
0.3413 3.95 11.24 8.557 5.72 3.847 2.525 1.568 0.9761 0.6418 0.4304 0.2848 0.1954 0.1454 0.1004 0.07342 0.04709 0.03176 0.01983 0.04236
0.3519 3.983 11.19 9.198 5.853 3.912 2.631 1.727 1.072 0.6676 0.4389 0.2944 0.1948 0.1337 0.09943 0.06864 0.05021 0.03221 0.02172 0.04253
0.3123 3.291 9.071 7.361 5.054 3.216 2.149 1.446 0.949 0.5892 0.3668 0.2412 0.1617 0.107 0.07344 0.05463 0.03772 0.02759 0.0177 0.03531
0.2871 3.34 8.59 6.865 4.659 3.199 2.036 1.361 0.9152 0.6007 0.3729 0.2322 0.1527 0.1024 0.06775 0.04649 0.03458 0.02387 0.01746 0.03355
0.2036 2.409 6.873 5.134 3.433 2.33 1.6 1.018 0.6804 0.4577 0.3004 0.1865 0.1161 0.07635 0.0512 0.03388 0.02325 0.01729 0.01194 0.02551
0.2013 2.406 6.987 5.817 3.64 2.434 1.652 1.134 0.7218 0.4824 0.3245 0.213 0.1322 0.08233 0.05413 0.0363 0.02402 0.01648 0.01226 0.02655
0.3232 3.538 10.29 8.695 6.064 3.795 2.537 1.722 1.182 0.7523 0.5029 0.3382 0.222 0.1378 0.08581 0.05642 0.03784 0.02504 0.01718 0.04046
0.2176 2.402 6.427 5.4 3.814 2.659 1.664 1.113 0.7552 0.5185 0.33 0.2205 0.1483 0.09737 0.06045 0.03764 0.02475 0.0166 0.01098 0.02528
0.1804 2.011 5.454 4.255 2.994 2.114 1.474 0.9226 0.6169 0.4187 0.2875 0.1829 0.1223 0.08224 0.05398 0.03351 0.02086 0.01372 0.0092 0.0201
0.308 3.564 9.683 7.66 5.008 3.523 2.488 1.735 1.086 0.726 0.4927 0.3383 0.2153 0.1439 0.09679 0.06353 0.03944 0.02455 0.01614 0.03449
0.1973 2.296 6.497 5.103 3.374 2.205 1.552 1.096 0.7642 0.4782 0.3197 0.217 0.149 0.09481 0.06337 0.04263 0.02798 0.01737 0.01081 0.0223
0.2168 2.313 6.596 5.44 3.578 2.366 1.546 1.088 0.7684 0.5358 0.3353 0.2242 0.1522 0.1045 0.06648 0.04444 0.02989 0.01962 0.01218 0.02322
0.265 2.939 7.658 6.353 4.387 2.886 1.908 1.247 0.8775 0.6197 0.4321 0.2704 0.1808 0.1227 0.08426 0.05361 0.03584 0.0241 0.01582 0.02855
0.281 2.97 8.034 6.068 4.211 2.908 1.913 1.264 0.8266 0.5816 0.4107 0.2864 0.1792 0.1198 0.08134 0.05585 0.03553 0.02375 0.01598 0.02941
0.2604 2.755 7.119 5.584 3.528 2.448 1.69 1.112 0.7351 0.4806 0.3381 0.2388 0.1665 0.1042 0.06967 0.04729 0.03247 0.02066 0.01381 0.02639
0.1999 2.317 6.015 4.523 2.97 1.876 1.302 0.8991 0.5914 0.391 0.2556 0.1798 0.127 0.08856 0.05542 0.03705 0.02515 0.01727 0.01099 0.02138
0.3299 3.825 10.8 8.168 5.146 3.378 2.135 1.481 1.023 0.6728 0.4448 0.2908 0.2046 0.1445 0.1007 0.06305 0.04215 0.02861 0.01964 0.03682
0.2524 2.782 7.87 6.414 4.055 2.555 1.677 1.06 0.7353 0.5077 0.334 0.2208 0.1443 0.1016 0.07172 0.05001 0.0313 0.02093 0.0142 0.02803
0.2476 2.632 7.099 5.836 3.98 2.517 1.585 1.041 0.6576 0.4564 0.3151 0.2073 0.137 0.08958 0.06303 0.04451 0.03104 0.01942 0.01299 0.02621
0.3308 3.688 9.548 7.483 5.151 3.513 2.221 1.399 0.9186 0.5804 0.4027 0.2781 0.1829 0.1209 0.07906 0.05562 0.03928 0.02739 0.01714 0.03459
0.3177 3.748 10.16 7.595 4.976 3.425 2.336 1.477 0.9303 0.6108 0.3859 0.2678 0.1849 0.1216 0.08041 0.05256 0.03698 0.02612 0.01821 0.0344
0.3295 3.64 10.43 8.159 5.099 3.34 2.299 1.568 0.9913 0.6246 0.41 0.2591 0.1798 0.1241 0.08165 0.05398 0.03529 0.02483 0.01753 0.03532
0.3374 3.411 9.164 7.577 4.954 3.096 2.028 1.396 0.952 0.6019 0.3792 0.2489 0.1573 0.1091 0.07537 0.04958 0.03278 0.02143 0.01507 0.03209
0.3188 3.623 8.919 6.928 4.789 3.131 1.957 1.282 0.8823 0.6017 0.3804 0.2397 0.1574 0.09942 0.06899 0.04764 0.03134 0.02072 0.01354 0.02981
0.2405 2.709 7.533 5.373 3.49 2.413 1.577 0.9858 0.6458 0.4445 0.3031 0.1917 0.1207 0.07927 0.05008 0.03476 0.024 0.01579 0.01044 0.02184
0.2148 2.753 7.598 6.153 3.675 2.387 1.65 1.079 0.6743 0.4417 0.304 0.2073 0.1311 0.08259 0.05422 0.03426 0.02377 0.01641 0.0108 0.02208
0.3008 3.13 9.783 7.851 5.323 3.18 2.065 1.428 0.9333 0.5833 0.3821 0.263 0.1794 0.1134 0.07145 0.04691 0.02964 0.02057 0.0142 0.02844
0.3098 3.295 8.35 7.549 5.065 3.435 2.051 1.333 0.9212 0.6022 0.3764 0.2466 0.1697 0.1157 0.07317 0.0461 0.03026 0.01912 0.01327 0.02751
0.2877 3.213 8.333 6.114 4.622 3.102 2.103 1.256 0.8159 0.564 0.3687 0.2304 0.151 0.1039 0.07087 0.0448 0.02823 0.01853 0.01171 0.02497
0.235 2.563 7.009 5.276 3.238 2.448 1.643 1.114 0.6652 0.4321 0.2987 0.1953 0.122 0.07995 0.05503 0.03753 0.02373 0.01495 0.009814 0.01943
0.1987 2.238 5.996 4.781 3.014 1.85 1.398 0.9384 0.6362 0.38 0.2469 0.1706 0.1116 0.06972 0.04567 0.03144 0.02144 0.01355 0.00854 0.0167
0.3038 3.585 9.853 7.703 5.147 3.244 1.991 1.505 1.01 0.6849 0.4091 0.2657 0.1837 0.1201 0.07506 0.04917 0.03384 0.02308 0.01459 0.02718
0.3607 3.879 11.11 8.826 5.769 3.855 2.43 1.491 1.128 0.7566 0.513 0.3064 0.199 0.1376 0.08994 0.05621 0.03683 0.02535 0.01729 0.03128
0.3744 4.146 10.8 8.91 5.913 3.865 2.583 1.628 0.9992 0.7554 0.5069 0.3437 0.2053 0.1333 0.09218 0.06026 0.03766 0.02467 0.01698 0.03254
0.3322 3.726 10.02 7.517 5.178 3.437 2.247 1.501 0.9462 0.5808 0.4391 0.2946 0.1998 0.1193 0.0775 0.05357 0.03502 0.02189 0.01434 0.02878
0.2408 2.57 7.051 5.483 3.439 2.369 1.572 1.028 0.6867 0.4329 0.2657 0.2009 0.1348 0.09138 0.05458 0.03546 0.02451 0.01602 0.01001 0.01973
0.2138 2.28 5.98 4.783 3.114 1.953 1.346 0.893 0.5838 0.39 0.2459 0.1509 0.1141 0.07655 0.05191 0.031 0.02014 0.01392 0.009101 0.01689
0.2326 2.556 6.695 5.132 3.439 2.24 1.405 0.9676 0.6422 0.4198 0.2805 0.1768 0.1085 0.08204 0.05505 0.03733 0.02229 0.01448 0.01001 0.01869
0.2811 3.256 8.76 6.692 4.297 2.88 1.875 1.176 0.8103 0.5377 0.3515 0.2349 0.148 0.09087 0.0687 0.0461 0.03125 0.01867 0.01213 0.02403
0.3425 3.873 10.93 8.535 5.457 3.504 2.348 1.529 0.9591 0.6607 0.4385 0.2866 0.1915 0.1207 0.0741 0.05602 0.03759 0.02549 0.01522 0.02949
0.4187 4.386 12.03 9.798 6.398 4.091 2.627 1.76 1.146 0.7189 0.4953 0.3287 0.2149 0.1436 0.0905 0.05555 0.04199 0.02818 0.01911 0.03352
0.2587 3.008 7.696 6.086 4.141 2.704 1.729 1.11 0.7441 0.4845 0.3039 0.2093 0.1389 0.09082 0.06068 0.03825 0.02348 0.01775 0.01191 0.02224
0.2644 2.843 8.1 6.034 3.995 2.719 1.775 1.135 0.7288 0.4885 0.3181 0.1995 0.1374 0.09121 0.05962 0.03984 0.02511 0.01541 0.01165 0.02242
