 landings-at-age - landings.n (units : NA )
1	2	
2	100	
1	20	
1 
0.02659 0.2984 0.8352 0.6934 0.4839 0.3377 0.2357 0.1644 0.1148 0.08008 0.05589 0.039 0.02722 0.01899 0.01325 0.009249 0.006454 0.004504 0.003143 0.007259
0.006415 0.05216 0.1462 0.1214 0.08475 0.05914 0.04127 0.0288 0.0201 0.01403 0.009787 0.00683 0.004766 0.003326 0.002321 0.00162 0.00113 0.0007888 0.0005504 0.001271
0.003618 0.07203 0.1464 0.1219 0.08515 0.05942 0.04147 0.02894 0.02019 0.01409 0.009834 0.006862 0.004789 0.003342 0.002332 0.001627 0.001136 0.0007925 0.000553 0.001277
0.005429 0.04062 0.2021 0.122 0.08549 0.0597 0.04166 0.02907 0.02029 0.01416 0.00988 0.006895 0.004811 0.003358 0.002343 0.001635 0.001141 0.0007963 0.0005557 0.001283
0.004201 0.06096 0.114 0.1685 0.08557 0.05994 0.04186 0.02921 0.02038 0.01423 0.009927 0.006927 0.004834 0.003374 0.002354 0.001643 0.001146 8e-04 0.0005583 0.001289
0.005153 0.04717 0.1711 0.09505 0.1182 0.06 0.04203 0.02935 0.02048 0.01429 0.009974 0.00696 0.004857 0.00339 0.002365 0.001651 0.001152 0.0008038 0.0005609 0.001295
0.004415 0.05786 0.1324 0.1426 0.06664 0.08285 0.04207 0.02947 0.02058 0.01436 0.01002 0.006993 0.00488 0.003406 0.002377 0.001658 0.001157 0.0008076 0.0005636 0.001302
0.003846 0.04958 0.1624 0.1104 0.1 0.04673 0.05809 0.0295 0.02066 0.01443 0.01007 0.007026 0.004903 0.003422 0.002388 0.001666 0.001163 0.0008114 0.0005663 0.001308
0.004377 0.04318 0.1391 0.1354 0.07738 0.07012 0.03276 0.04073 0.02068 0.01449 0.01012 0.00706 0.004926 0.003438 0.002399 0.001674 0.001168 0.0008153 0.0005689 0.001314
0.00363 0.04914 0.1212 0.116 0.09492 0.05426 0.04917 0.02297 0.02856 0.0145 0.01016 0.007093 0.00495 0.003454 0.00241 0.001682 0.001174 0.0008191 0.0005716 0.00132
0.005828 0.04075 0.1379 0.101 0.08133 0.06655 0.03804 0.03447 0.01611 0.02002 0.01017 0.007121 0.004973 0.003471 0.002422 0.00169 0.001179 0.000823 0.0005743 0.001326
0.003246 0.06544 0.1144 0.115 0.07085 0.05703 0.04666 0.02667 0.02417 0.01129 0.01404 0.007128 0.004993 0.003487 0.002433 0.001698 0.001185 0.0008269 0.0005771 0.001333
0.002212 0.03645 0.1836 0.09536 0.08062 0.04967 0.03998 0.03272 0.0187 0.01695 0.007918 0.009844 0.004998 0.003501 0.002445 0.001706 0.001191 0.0008308 0.0005798 0.001339
0.004277 0.02484 0.1023 0.1531 0.06686 0.05653 0.03483 0.02803 0.02294 0.01311 0.01188 0.005551 0.006902 0.003504 0.002455 0.001714 0.001196 0.0008348 0.0005825 0.001345
0.003313 0.04802 0.06969 0.08529 0.1074 0.04688 0.03963 0.02442 0.01966 0.01608 0.009194 0.008331 0.003892 0.004839 0.002457 0.001721 0.001202 0.0008387 0.0005853 0.001352
0.005394 0.0372 0.1348 0.05811 0.0598 0.07527 0.03287 0.02779 0.01712 0.01378 0.01128 0.006446 0.005841 0.002729 0.003393 0.001723 0.001207 0.0008427 0.0005881 0.001358
0.004391 0.06056 0.1044 0.1124 0.04074 0.04193 0.05278 0.02305 0.01948 0.012 0.009663 0.007907 0.00452 0.004096 0.001913 0.002379 0.001208 0.000846 0.0005908 0.001365
0.003631 0.0493 0.1699 0.08703 0.07879 0.02857 0.0294 0.037 0.01616 0.01366 0.008417 0.006775 0.005544 0.003169 0.002872 0.001342 0.001668 0.0008469 0.0005932 0.001371
0.003821 0.04077 0.1383 0.1417 0.06102 0.05524 0.02003 0.02061 0.02594 0.01133 0.009578 0.005901 0.00475 0.003887 0.002222 0.002013 0.0009407 0.001169 0.0005938 0.001377
0.003537 0.04291 0.1144 0.1154 0.09936 0.04279 0.03873 0.01404 0.01445 0.01819 0.007943 0.006716 0.004138 0.003331 0.002725 0.001558 0.001412 0.0006595 0.00082 0.001382
0.004106 0.03971 0.1204 0.09539 0.08088 0.06966 0.03 0.02716 0.009847 0.01013 0.01275 0.005569 0.004709 0.002901 0.002335 0.001911 0.001092 0.0009898 0.0004624 0.001544
0.004707 0.04611 0.1114 0.1004 0.06688 0.05671 0.04885 0.02103 0.01904 0.006904 0.007105 0.008943 0.003905 0.003301 0.002034 0.001637 0.00134 0.0007658 0.000694 0.001407
0.003299 0.05285 0.1294 0.09292 0.07039 0.04689 0.03976 0.03425 0.01475 0.01335 0.004841 0.004982 0.00627 0.002738 0.002315 0.001426 0.001148 0.0009394 0.000537 0.001473
0.006641 0.03704 0.1483 0.1079 0.06515 0.04936 0.03288 0.02788 0.02401 0.01034 0.00936 0.003394 0.003493 0.004396 0.00192 0.001623 0.001 0.0008049 0.0006587 0.001409
0.003368 0.07457 0.1039 0.1237 0.07564 0.04568 0.03461 0.02305 0.01955 0.01684 0.00725 0.006563 0.00238 0.002449 0.003082 0.001346 0.001138 0.0007011 0.0005644 0.00145
0.004159 0.03781 0.2092 0.08666 0.08671 0.05303 0.03203 0.02426 0.01616 0.01371 0.0118 0.005083 0.004602 0.001669 0.001717 0.002161 0.0009437 0.0007979 0.0004916 0.001412
0.003373 0.0467 0.1061 0.1745 0.06076 0.0608 0.03718 0.02246 0.01701 0.01133 0.00961 0.008277 0.003564 0.003226 0.00117 0.001204 0.001515 0.0006617 0.0005594 0.001335
0.003996 0.03788 0.131 0.08848 0.1223 0.0426 0.04263 0.02607 0.01574 0.01193 0.007946 0.006738 0.005803 0.002499 0.002262 0.0008202 0.0008441 0.001062 0.0004639 0.001328
0.005235 0.04487 0.1063 0.1093 0.06204 0.08578 0.02987 0.02989 0.01828 0.01104 0.008363 0.005571 0.004724 0.004069 0.001752 0.001586 0.0005751 0.0005918 0.0007449 0.001257
0.003658 0.05878 0.1259 0.08863 0.07661 0.0435 0.06014 0.02094 0.02096 0.01282 0.00774 0.005864 0.003906 0.003312 0.002853 0.001228 0.001112 0.0004032 0.000415 0.001403
0.006195 0.04107 0.1649 0.105 0.06214 0.05372 0.0305 0.04217 0.01468 0.01469 0.008986 0.005427 0.004111 0.002739 0.002322 0.002 0.0008613 0.0007797 0.0002827 0.001275
0.006177 0.06956 0.1152 0.1375 0.07361 0.04357 0.03766 0.02138 0.02957 0.0103 0.0103 0.006301 0.003805 0.002883 0.00192 0.001628 0.001402 0.0006039 0.0005467 0.001092
0.003586 0.06935 0.1952 0.0961 0.09644 0.05161 0.03055 0.02641 0.01499 0.02073 0.007219 0.007223 0.004418 0.002668 0.002021 0.001346 0.001142 0.0009833 0.0004234 0.001149
0.004235 0.04026 0.1946 0.1628 0.06738 0.06762 0.03619 0.02142 0.01852 0.01051 0.01453 0.005061 0.005064 0.003097 0.001871 0.001417 0.000944 0.0008005 0.0006894 0.001103
0.003538 0.04755 0.113 0.1623 0.1141 0.04724 0.04741 0.02537 0.01502 0.01298 0.007371 0.01019 0.003549 0.003551 0.002172 0.001312 0.0009936 0.0006619 0.0005612 0.001256
0.003805 0.03972 0.1334 0.0942 0.1138 0.08001 0.03312 0.03324 0.01779 0.01053 0.009102 0.005168 0.007145 0.002488 0.00249 0.001523 0.0009196 0.0006967 0.0004641 0.001274
0.004836 0.04273 0.1115 0.1113 0.06605 0.07977 0.0561 0.02322 0.02331 0.01247 0.007383 0.006382 0.003623 0.00501 0.001745 0.001746 0.001068 0.0006448 0.0004885 0.001219
0.003651 0.0543 0.1199 0.09295 0.07801 0.04631 0.05593 0.03933 0.01628 0.01634 0.008745 0.005176 0.004475 0.002541 0.003513 0.001223 0.001224 0.0007486 0.0004521 0.001197
0.005427 0.041 0.1524 0.09998 0.06517 0.0547 0.03247 0.03922 0.02758 0.01142 0.01146 0.006132 0.003629 0.003137 0.001781 0.002463 0.0008577 0.0008581 0.0005249 0.001156
1.538 15.7 27.46 29.77 16.42 10.7 8.985 5.334 6.442 4.53 1.875 1.882 1.007 0.5962 0.5153 0.2926 0.4045 0.1409 0.141 0.2762
0.8744 15.82 36.53 17.05 15.19 8.378 5.461 4.584 2.721 3.286 2.311 0.9567 0.9601 0.5138 0.3041 0.2629 0.1493 0.2064 0.07187 0.2128
0.8252 10.68 43.41 26.85 10.31 9.182 5.066 3.302 2.772 1.645 1.987 1.397 0.5785 0.5806 0.3107 0.1839 0.159 0.09026 0.1248 0.1721
1.449 8.151 23.81 25.7 13.04 5.009 4.461 2.461 1.604 1.347 0.7993 0.9654 0.6789 0.2811 0.2821 0.1509 0.08935 0.07723 0.04385 0.1443
1.227 15.47 19.74 15.46 13.73 6.968 2.676 2.383 1.315 0.8571 0.7194 0.427 0.5158 0.3627 0.1501 0.1507 0.08064 0.04773 0.04126 0.1005
0.4491 13.94 39.78 13.63 8.784 7.799 3.958 1.52 1.354 0.7469 0.4869 0.4087 0.2426 0.293 0.206 0.0853 0.0856 0.04581 0.02712 0.08053
1.434 4.893 34.33 26.23 7.388 4.762 4.229 2.146 0.8243 0.734 0.405 0.264 0.2216 0.1315 0.1589 0.1117 0.04625 0.04641 0.02484 0.05836
2.412 16.33 12.56 23.58 14.81 4.173 2.69 2.388 1.212 0.4656 0.4146 0.2287 0.1491 0.1251 0.07429 0.08973 0.0631 0.02612 0.02622 0.047
0.8769 24 36.85 7.566 11.67 7.33 2.065 1.331 1.182 0.5999 0.2304 0.2052 0.1132 0.07379 0.06193 0.03676 0.0444 0.03123 0.01293 0.03623
0.9719 10.99 67.7 27.91 4.719 7.277 4.572 1.288 0.8302 0.7372 0.3741 0.1437 0.128 0.0706 0.04602 0.03863 0.02293 0.02769 0.01947 0.03066
1.021 10.14 25.81 42.18 14.27 2.413 3.721 2.338 0.6585 0.4245 0.3769 0.1913 0.07347 0.06543 0.0361 0.02353 0.01975 0.01172 0.01416 0.02563
1.416 11.52 25.71 17.43 23.4 7.919 1.339 2.065 1.297 0.3654 0.2355 0.2091 0.1061 0.04076 0.0363 0.02003 0.01306 0.01096 0.006505 0.02208
0.8024 14.74 27.03 16.03 8.918 11.98 4.052 0.6851 1.057 0.6638 0.187 0.1205 0.107 0.05432 0.02086 0.01858 0.01025 0.006681 0.005608 0.01463
1.189 8.473 35.2 17.24 8.402 4.675 6.278 2.124 0.3591 0.5539 0.3479 0.09802 0.06319 0.0561 0.02847 0.01094 0.009739 0.005373 0.003502 0.01061
1.578 13.38 21.54 23.97 9.656 4.706 2.618 3.516 1.19 0.2011 0.3102 0.1949 0.0549 0.03539 0.03142 0.01595 0.006125 0.005455 0.003009 0.007903
1.354 17.64 33.71 14.48 13.25 5.337 2.601 1.447 1.943 0.6576 0.1112 0.1715 0.1077 0.03034 0.01956 0.01737 0.008815 0.003385 0.003015 0.006032
0.929 13.72 40.47 20.63 7.283 6.661 2.684 1.308 0.7277 0.9772 0.3307 0.0559 0.08621 0.05416 0.01526 0.009835 0.008733 0.004432 0.001702 0.004549
1.248 11.43 37.97 30.02 12.59 4.445 4.066 1.638 0.7982 0.4442 0.5965 0.2018 0.03412 0.05262 0.03306 0.009313 0.006003 0.005331 0.002705 0.003816
0.9773 12.49 25.81 22.76 14.77 6.194 2.187 2 0.8057 0.3926 0.2185 0.2934 0.09928 0.01678 0.02589 0.01626 0.004581 0.002953 0.002622 0.003208
1.051 10.54 30.49 16.87 12.23 7.938 3.33 1.176 1.075 0.4332 0.2111 0.1175 0.1577 0.05338 0.009023 0.01392 0.008743 0.002463 0.001588 0.003134
2.01 12.7 28.61 22.14 10.08 7.311 4.744 1.99 0.7025 0.6425 0.2589 0.1261 0.07019 0.09426 0.0319 0.005392 0.008316 0.005224 0.001472 0.002822
1.254 21.75 30.8 18.4 11.69 5.322 3.859 2.504 1.05 0.3709 0.3392 0.1367 0.06659 0.03706 0.04976 0.01684 0.002847 0.00439 0.002758 0.002267
2.339 13.86 53.88 20.24 9.928 6.307 2.871 2.082 1.351 0.5667 0.2001 0.183 0.07372 0.03593 0.01999 0.02685 0.009085 0.001536 0.002369 0.002711
1.114 23.15 30.97 31.94 9.847 4.829 3.068 1.397 1.013 0.6572 0.2757 0.09732 0.08901 0.03586 0.01748 0.009725 0.01306 0.004419 0.000747 0.002471
1.312 12.53 58.8 21.06 17.86 5.508 2.701 1.716 0.7812 0.5665 0.3676 0.1542 0.05443 0.04979 0.02006 0.009775 0.005439 0.007304 0.002472 0.0018
1.498 14.21 30.63 38.39 11.3 9.588 2.956 1.45 0.9209 0.4193 0.304 0.1973 0.08275 0.02922 0.02672 0.01077 0.005246 0.002919 0.00392 0.002293
0.837 16.54 35.4 20.39 21.01 6.185 5.247 1.618 0.7935 0.504 0.2295 0.1664 0.108 0.04529 0.01599 0.01462 0.005892 0.002871 0.001598 0.0034
1.02 8.598 38.5 22.02 10.43 10.75 3.163 2.684 0.8274 0.4058 0.2578 0.1174 0.0851 0.05522 0.02316 0.008178 0.00748 0.003013 0.001468 0.002556
1.368 12.51 23.73 28.5 13.42 6.354 6.547 1.927 1.635 0.5041 0.2472 0.1571 0.07151 0.05185 0.03365 0.01411 0.004983 0.004557 0.001836 0.002452
1.272 14.14 29.12 14.67 14.47 6.813 3.226 3.324 0.9785 0.8301 0.256 0.1255 0.07974 0.03631 0.02633 0.01708 0.007165 0.00253 0.002314 0.002177
1.435 12.92 32.55 17.93 7.428 7.323 3.448 1.633 1.683 0.4953 0.4202 0.1296 0.06354 0.04036 0.01838 0.01333 0.008646 0.003627 0.00128 0.002273
1.154 16.83 34.26 23.21 10.53 4.361 4.3 2.025 0.9588 0.988 0.2908 0.2467 0.07607 0.03731 0.0237 0.01079 0.007824 0.005077 0.00213 0.002087
0.8813 12.48 41.11 22.36 12.46 5.651 2.341 2.308 1.087 0.5146 0.5302 0.1561 0.1324 0.04082 0.02002 0.01272 0.005791 0.004199 0.002725 0.002263
0.8605 10.12 32.26 28.41 12.71 7.08 3.212 1.33 1.311 0.6175 0.2924 0.3013 0.0887 0.07525 0.0232 0.01138 0.007228 0.003291 0.002386 0.002834
1.388 9.001 23.88 20.27 14.66 6.558 3.653 1.657 0.6864 0.6767 0.3186 0.1509 0.1555 0.04577 0.03883 0.01197 0.005871 0.00373 0.001698 0.002694
1.337 14.45 21.23 15.07 10.52 7.607 3.403 1.895 0.8598 0.3561 0.3511 0.1653 0.07829 0.08067 0.02375 0.02015 0.006212 0.003046 0.001935 0.002279
1.265 14.93 36.56 14.43 8.433 5.884 4.256 1.904 1.061 0.4811 0.1993 0.1965 0.09251 0.04381 0.04514 0.01329 0.01127 0.003476 0.001705 0.002358
1.286 15.1 40.11 26.3 8.54 4.99 3.482 2.518 1.127 0.6275 0.2847 0.1179 0.1162 0.05474 0.02592 0.02671 0.007862 0.00667 0.002057 0.002404
1.603 12.86 34.13 24.11 12.98 4.215 2.463 1.718 1.243 0.556 0.3097 0.1405 0.05819 0.05737 0.02701 0.01279 0.01318 0.00388 0.003292 0.002201
1.576 18.25 33.05 23.49 13.66 7.35 2.387 1.395 0.9732 0.704 0.3149 0.1754 0.07957 0.03296 0.03249 0.0153 0.007246 0.007466 0.002198 0.003111
1.403 18.36 47.71 23.05 13.47 7.826 4.213 1.368 0.7994 0.5578 0.4035 0.1805 0.1005 0.04561 0.01889 0.01862 0.008769 0.004153 0.004279 0.003043
1.28 13.81 40.82 28.16 11.16 6.523 3.791 2.041 0.6628 0.3873 0.2702 0.1954 0.08743 0.0487 0.02209 0.009151 0.009022 0.004248 0.002012 0.003547
1.169 14.47 35.27 27.93 15.85 6.283 3.671 2.134 1.149 0.373 0.2179 0.1521 0.11 0.0492 0.02741 0.01243 0.00515 0.005077 0.002391 0.003128
1.173 12.54 35.09 22.85 14.87 8.442 3.346 1.955 1.136 0.6117 0.1987 0.1161 0.08099 0.05858 0.02621 0.0146 0.006622 0.002743 0.002704 0.002939
0.9812 13.13 31.67 23.71 12.7 8.266 4.692 1.86 1.087 0.6315 0.3399 0.1104 0.06451 0.04501 0.03256 0.01456 0.008113 0.00368 0.001524 0.003136
0.9061 10.04 30.46 19.63 12.08 6.47 4.211 2.39 0.9473 0.5535 0.3217 0.1732 0.05624 0.03286 0.02293 0.01659 0.007419 0.004133 0.001875 0.002374
1.236 10.18 25.57 20.84 11.06 6.805 3.645 2.372 1.346 0.5337 0.3118 0.1812 0.09756 0.03168 0.01851 0.01292 0.009343 0.004179 0.002328 0.002394
0.8979 14.32 26.61 17.89 12 6.367 3.918 2.098 1.366 0.7751 0.3072 0.1795 0.1043 0.05616 0.01824 0.01066 0.007436 0.005379 0.002406 0.002718
1.417 9.994 35.83 17.72 9.792 6.566 3.484 2.144 1.148 0.7473 0.4242 0.1681 0.09823 0.0571 0.03073 0.009981 0.005832 0.004069 0.002943 0.002804
1.34 15.63 24.74 23.57 9.575 5.29 3.547 1.882 1.158 0.6203 0.4037 0.2291 0.09082 0.05307 0.03084 0.0166 0.005392 0.00315 0.002198 0.003105
0.8465 13.09 34.55 14.54 11.37 4.62 2.552 1.712 0.9081 0.5588 0.2993 0.1948 0.1106 0.04382 0.0256 0.01488 0.008011 0.002602 0.00152 0.002559
0.9958 10.4 36.17 25.6 8.87 6.937 2.818 1.557 1.044 0.5539 0.3408 0.1825 0.1188 0.06743 0.02673 0.01562 0.009077 0.004886 0.001587 0.002488
1.123 10.56 24.79 22.89 13.3 4.607 3.604 1.464 0.8087 0.5423 0.2877 0.177 0.09482 0.06172 0.03503 0.01388 0.008112 0.004715 0.002538 0.002117
1.396 12.45 26.3 16.42 12.46 7.235 2.507 1.961 0.7964 0.44 0.295 0.1565 0.09633 0.05159 0.03358 0.01906 0.007554 0.004414 0.002565 0.002533
1.454 14.05 28.3 15.91 8.159 6.188 3.595 1.245 0.9741 0.3957 0.2186 0.1466 0.07778 0.04786 0.02563 0.01668 0.009469 0.003753 0.002193 0.002533
0.8157 15.77 34.53 18.65 8.628 4.423 3.355 1.949 0.6752 0.5281 0.2145 0.1185 0.07947 0.04217 0.02595 0.0139 0.009045 0.005134 0.002035 0.002562
1.054 9.381 40.96 24.04 10.69 4.943 2.534 1.922 1.116 0.3868 0.3025 0.1229 0.06789 0.04553 0.02416 0.01486 0.007961 0.005182 0.002941 0.002634
0.9999 11.84 23.71 27.61 13.32 5.919 2.738 1.404 1.065 0.6184 0.2143 0.1676 0.06807 0.03761 0.02522 0.01338 0.008234 0.00441 0.00287 0.003088
0.9456 10.32 27.59 14.72 14.08 6.789 3.018 1.396 0.7157 0.5428 0.3153 0.1093 0.08545 0.03471 0.01917 0.01286 0.006822 0.004198 0.002248 0.003038
1.004 11.27 27.63 19.74 8.658 8.282 3.994 1.776 0.8213 0.4211 0.3194 0.1855 0.06428 0.05027 0.02042 0.01128 0.007565 0.004014 0.00247 0.00311
