Originally  
101 
A 
2	100	
1	1	NA	NA	
1	20	
1 424.8 382.3 226.5 99.11 99.11 84.96 42.48 14.16 0 14.16 14.16 0 14.16 0 0 0 0 0 0 0
1 457.2 422 281.3 211 105.5 87.91 35.17 35.17 52.75 17.58 17.58 35.17 0 0 0 0 0 0 0 0
1 588.2 340.5 170.3 154.8 123.8 30.96 61.92 15.48 30.96 0 0 0 30.96 0 0 0 0 0 0 0
1 549.9 343.7 257.8 137.5 154.7 34.37 103.1 51.55 0 34.37 17.18 17.18 0 0 0 17.18 0 0 0 0
1 712.2 590.1 264.5 183.1 122.1 61.05 0 40.7 20.35 20.35 20.35 0 0 0 0 0 0 0 0 0
1 609.3 476.1 285.6 190.4 133.3 76.17 19.04 19.04 38.08 19.04 19.04 19.04 0 0 0 0 0 0 0 0
1 642.3 267.6 267.6 196.3 142.7 107.1 35.69 71.37 17.84 0 0 35.69 0 0 0 0 0 0 0 0
1 694.6 390.7 238.8 217.1 282.2 151.9 21.71 0 21.71 43.41 65.12 43.41 0 0 0 0 0 0 0 0
1 550.2 455.4 246.7 208.7 132.8 132.8 113.8 18.97 18.97 18.97 0 0 0 0 0 0 0 0 0 0
1 542.9 310.2 193.9 329.6 174.5 77.56 58.17 58.17 96.94 38.78 0 19.39 0 19.39 19.39 0 0 0 0 0
1 440.2 280.1 186.7 186.7 133.4 53.35 13.34 0 13.34 13.34 13.34 0 0 0 0 0 0 0 0 0
1 467.5 259.7 207.8 242.4 242.4 69.26 103.9 69.26 34.63 17.31 17.31 0 0 0 0 0 0 0 0 0
1 527.3 546.2 282.5 207.2 113 56.5 18.83 37.67 18.83 18.83 0 18.83 18.83 0 0 0 0 0 18.83 0
1 741.2 469.5 420 321.2 173 98.83 24.71 98.83 24.71 49.42 24.71 0 0 0 0 0 0 0 0 24.71
1 359.2 389.1 239.4 164.6 74.82 44.89 44.89 44.89 44.89 29.93 29.93 29.93 0 0 0 0 0 0 0 0
1 749.8 365.8 310.9 182.9 36.58 54.87 36.58 18.29 54.87 0 0 0 0 0 18.29 0 0 0 0 0
1 649.5 440 377.1 230.5 83.8 125.7 41.9 62.85 20.95 41.9 0 0 0 0 0 0 0 20.95 0 0
1 617 216.8 316.8 133.4 116.7 100.1 83.38 50.03 0 16.68 16.68 0 0 0 0 0 0 0 0 0
1 532.5 617.6 298.2 170.4 149.1 85.19 85.19 42.6 21.3 21.3 42.6 21.3 21.3 0 0 0 21.3 0 0 0
1 771.6 330.7 396.8 132.3 110.2 132.3 88.18 22.04 44.09 88.18 22.04 66.13 0 0 0 0 0 0 0 0
1 400 400 256 96 96 160 32 32 64 16 0 16 16 16 0 0 0 0 0 0
1 496.6 476.8 298 238.4 178.8 99.32 39.73 39.73 39.73 39.73 0 0 19.86 0 0 0 19.86 0 0 0
1 460.4 317.5 285.8 158.8 174.6 158.8 0 15.88 0 0 0 0 15.88 0 0 0 0 0 0 0
1 803.6 367.4 344.4 275.5 206.6 68.88 68.88 114.8 22.96 0 0 0 0 0 22.96 0 0 0 0 0
1 650.6 185.9 334.6 185.9 167.3 111.5 55.76 92.94 0 0 37.18 0 0 0 18.59 0 18.59 0 0 0
1 547.2 474.2 218.9 255.4 109.4 54.72 36.48 18.24 72.96 18.24 18.24 0 0 0 0 0 0 0 0 0
1 583.6 299.3 164.6 119.7 89.79 59.86 44.9 14.97 14.97 44.9 0 0 14.97 0 29.93 0 0 0 0 14.97
1 855.7 373 241.4 263.3 153.6 21.94 175.5 43.88 21.94 43.88 0 0 0 0 0 0 0 0 0 0
1 529.4 427.6 386.9 162.9 203.6 40.73 81.45 40.73 20.36 40.73 20.36 40.73 0 0 20.36 0 20.36 0 0 0
1 578.8 385.9 175.4 210.5 122.8 87.7 35.08 17.54 35.08 17.54 0 17.54 35.08 0 0 0 17.54 17.54 0 0
1 618 317.8 264.9 194.2 105.9 52.97 70.63 35.32 17.66 17.66 52.97 17.66 0 0 0 0 0 0 0 0
1 473.5 516.5 322.8 193.7 215.2 129.1 150.6 43.04 64.56 21.52 21.52 0 0 0 0 0 0 0 0 0
1 492.3 401.1 237 200.6 72.93 145.9 36.47 127.6 72.93 18.23 18.23 0 0 0 0 0 0 0 0 0
1 654.1 337 237.9 99.11 158.6 218 39.64 59.47 138.8 19.82 0 0 0 0 19.82 0 0 0 0 0
1 738.6 348.8 287.2 184.6 164.1 41.03 41.03 20.52 41.03 82.06 0 0 0 0 41.03 41.03 0 0 0 20.52
1 541 324.6 306.6 162.3 180.3 72.13 54.1 54.1 72.13 18.03 0 0 0 0 0 0 0 18.03 0 0
1 459.4 459.4 355 355 83.53 83.53 104.4 41.77 104.4 0 0 0 20.88 0 0 20.88 0 0 0 0
1 583.4 283.4 166.7 216.7 166.7 50.01 50.01 50.01 16.67 50.01 16.67 0 0 0 0 0 0 0 0 16.67
1 431.7 411.1 349.4 185 185 185 41.11 41.11 143.9 0 41.11 0 20.55 0 0 0 0 0 20.55 0
1 584.6 490.3 264 113.1 56.57 75.43 56.57 37.72 56.57 18.86 37.72 37.72 18.86 0 0 18.86 0 0 0 18.86
1 576.8 316.3 372.1 186.1 130.2 93.04 18.61 55.82 18.61 37.21 37.21 0 0 0 0 0 18.61 0 0 0
1 402 258.4 244.1 157.9 143.6 28.72 14.36 43.07 43.07 28.72 43.07 0 0 0 0 0 0 0 28.72 0
1 371.2 247.5 178.7 165 110 110 54.99 54.99 0 27.5 27.5 0 13.75 13.75 0 0 0 0 0 0
1 372.6 227.7 134.6 144.9 31.05 20.7 10.35 31.05 20.7 20.7 10.35 10.35 0 0 0 0 0 0 0 0
1 491.2 265.5 199.2 92.94 119.5 53.11 39.83 13.28 0 0 13.28 0 0 0 13.28 0 0 13.28 0 13.28
1 483 465.7 293.2 189.7 172.5 51.75 0 0 17.25 0 17.25 17.25 0 17.25 0 0 0 0 0 0
1 389 344.1 209.4 209.4 104.7 74.8 29.92 0 44.88 29.92 0 29.92 0 14.96 0 0 0 0 0 14.96
1 234.8 198.7 180.6 81.27 36.12 63.21 45.15 18.06 9.03 18.06 9.03 9.03 0 0 0 0 0 0 0 0
1 393.4 330.5 283.3 236 173.1 47.21 62.95 15.74 15.74 15.74 0 0 0 0 0 0 0 0 0 0
1 283.7 207.3 185.5 130.9 87.29 54.56 43.64 32.73 21.82 10.91 10.91 10.91 0 0 10.91 0 0 0 0 0
1 687.1 412.2 326.4 85.88 85.88 68.71 34.35 0 0 0 0 0 0 0 0 0 0 0 17.18 0
1 433.5 281.2 175.7 128.9 70.29 23.43 11.72 0 11.72 23.43 11.72 0 0 0 0 0 0 0 0 0
1 382.8 264 250.8 145.2 132 65.99 39.6 13.2 13.2 13.2 0 0 0 0 0 0 0 0 0 0
1 243.2 196.5 205.8 74.84 112.3 56.13 9.355 28.07 9.355 0 0 0 0 0 0 0 0 0 0 0
1 319 269.9 245.4 135 98.15 49.08 12.27 61.34 24.54 12.27 0 0 0 0 0 0 0 0 0 0
1 454.2 204.4 136.3 68.13 90.84 56.77 79.48 34.06 0 0 0 11.35 0 0 0 0 0 0 0 0
1 458.1 164.4 234.9 152.7 23.49 58.73 70.47 0 11.75 0 0 0 0 0 0 0 0 0 0 0
1 501 212.9 175.3 150.3 100.2 37.57 25.05 0 12.52 25.05 0 12.52 0 0 0 0 0 0 0 0
1 282.8 348 174 108.8 54.38 32.63 21.75 32.63 21.75 10.88 0 0 0 0 0 0 0 0 0 0
1 458.9 301.6 183.6 144.2 78.67 39.34 65.56 13.11 0 13.11 13.11 0 0 0 0 0 0 0 0 0
1 479.1 315.2 113.5 63.04 88.26 63.04 50.43 12.61 25.22 12.61 12.61 0 0 0 25.22 0 0 0 0 0
1 281.5 242.7 165 165 9.708 58.25 29.12 0 9.708 0 0 9.708 0 0 0 0 0 0 0 0
1 325.8 177.7 167.8 177.7 29.62 69.11 9.873 0 9.873 0 9.873 9.873 0 0 0 0 0 0 0 0
1 368.2 410.7 198.3 141.6 99.14 70.82 28.33 42.49 42.49 0 0 0 0 0 14.16 0 0 0 0 0
1 336.2 289.8 150.7 92.75 115.9 69.56 34.78 23.19 11.59 11.59 0 23.19 0 0 0 0 0 0 0 0
1 628.2 237.3 139.6 181.5 111.7 41.88 13.96 13.96 0 13.96 0 0 13.96 0 0 0 0 0 0 0
1 449.2 290.6 118.9 118.9 79.26 79.26 92.47 39.63 0 26.42 0 0 0 0 26.42 0 0 0 0 0
1 248.8 183.9 140.6 194.7 119 32.46 54.09 32.46 21.64 21.64 21.64 0 0 10.82 0 0 0 0 0 0
1 314.6 260.4 173.6 97.63 97.63 43.39 32.54 32.54 10.85 10.85 10.85 0 0 0 0 0 0 0 0 0
1 145 184.6 98.9 79.12 26.37 32.97 39.56 13.19 6.593 13.19 0 0 0 13.19 0 6.593 0 0 0 0
1 241.5 175.6 102.4 43.9 73.17 36.58 14.63 14.63 21.95 7.317 0 0 0 0 0 0 0 0 0 0
1 312.3 281 135.3 104.1 41.63 62.45 41.63 31.23 10.41 20.82 0 0 0 0 0 0 0 0 0 0
1 436.3 261.8 199.5 137.1 49.87 62.33 12.47 24.93 24.93 0 12.47 0 12.47 12.47 0 0 0 0 0 0
1 378.2 252.1 94.55 126.1 63.03 52.53 31.52 10.51 10.51 10.51 10.51 0 10.51 0 0 0 0 0 0 0
1 245.9 228.3 131.7 140.5 70.25 26.34 0 8.781 17.56 0 0 8.781 0 0 0 0 0 0 0 0
1 252.7 252.7 130.7 95.84 43.56 34.85 8.713 17.43 0 8.713 0 8.713 8.713 8.713 0 0 0 0 0 0
1 268.9 138.5 179.2 40.74 48.89 40.74 16.3 40.74 16.3 8.148 8.148 0 0 0 0 0 0 8.148 0 0
1 352.7 238.3 95.34 85.8 57.2 66.74 9.534 0 0 19.07 9.534 9.534 0 9.534 0 0 0 0 0 0
1 643.2 239.3 224.4 104.7 74.79 74.79 89.75 14.96 14.96 0 0 14.96 0 0 0 0 0 0 0 0
1 188.9 223.9 76.96 62.97 34.98 55.97 13.99 13.99 6.997 13.99 0 0 0 0 0 6.997 0 0 0 0
1 438.4 335.2 193.4 116 64.46 51.57 12.89 25.79 25.79 0 12.89 0 0 0 12.89 0 0 0 0 0
1 300.4 279 203.9 85.84 85.84 42.92 10.73 21.46 10.73 21.46 0 10.73 0 0 0 0 0 0 0 0
1 409.1 309.9 161.2 99.17 99.17 86.78 49.59 12.4 0 0 0 0 12.4 0 0 0 0 0 0 0
1 237.7 228.2 142.6 199.7 19.02 66.56 9.508 19.02 9.508 0 9.508 0 9.508 0 0 0 0 0 0 0
1 347.3 215.9 131.4 122 65.7 18.77 18.77 0 0 9.386 9.386 0 0 0 0 0 0 0 0 0
1 458.6 291.8 222.3 194.5 69.48 13.9 27.79 13.9 27.79 0 27.79 27.79 13.9 0 0 0 0 0 0 0
1 219.8 136.4 83.35 144 53.04 45.47 30.31 15.16 15.16 0 7.578 7.578 0 0 0 0 0 0 0 0
1 495.6 315.4 210.3 255.3 120.1 30.04 30.04 45.05 0 0 0 0 0 0 0 0 0 0 0 0
1 389.5 183.9 162.3 140.7 32.46 32.46 43.28 43.28 21.64 0 10.82 10.82 10.82 0 0 0 0 0 0 0
1 196.6 243.8 110.1 78.63 47.18 70.77 15.73 7.863 0 0 7.863 0 7.863 0 0 0 0 0 0 0
1 230.3 96.95 103 54.53 78.77 18.18 18.18 0 0 6.059 0 0 0 0 0 0 0 0 0 0
1 338.4 241.7 145 87.02 29.01 48.34 19.34 9.669 0 0 9.669 29.01 0 0 0 0 9.669 0 0 0
1 221.2 206 91.53 76.28 68.65 30.51 30.51 0 7.628 7.628 15.26 0 0 0 0 0 7.628 0 0 0
1 196.4 196.4 110 102.1 70.71 47.14 31.43 15.71 0 7.856 7.856 0 0 0 0 0 0 0 0 0
1 401.8 246.3 272.2 142.6 64.81 64.81 51.85 25.92 0 12.96 0 0 0 0 0 12.96 0 0 0 0
1 349.9 175 207.8 142.2 131.2 21.87 0 43.74 10.94 0 10.94 0 0 0 0 0 0 0 0 0
1 303.7 212.6 222.7 80.98 60.74 50.61 10.12 20.25 10.12 10.12 0 10.12 0 0 10.12 0 10.12 0 0 0
1 236.9 217.2 187.6 138.2 78.98 78.98 19.74 19.74 0 9.872 0 0 0 0 0 0 0 0 0 0
1 349.5 427.2 194.2 90.61 64.72 90.61 0 38.83 12.94 12.94 0 0 12.94 0 0 0 0 0 0 0
