 landings-at-age - landings.n (units : NA )
1	2	
2	100	
1	20	
1 
0.02659 0.2984 0.8352 0.6934 0.4839 0.3377 0.2357 0.1644 0.1148 0.08008 0.05589 0.039 0.02722 0.01899 0.01325 0.009249 0.006454 0.004504 0.003143 0.007259
0.005693 0.05216 0.1462 0.1214 0.08475 0.05914 0.04127 0.0288 0.0201 0.01403 0.009787 0.00683 0.004766 0.003326 0.002321 0.00162 0.00113 0.0007888 0.0005504 0.001271
0.005651 0.06392 0.1464 0.1219 0.08515 0.05942 0.04147 0.02894 0.02019 0.01409 0.009834 0.006862 0.004789 0.003342 0.002332 0.001627 0.001136 0.0007925 0.000553 0.001277
0.005722 0.06345 0.1794 0.122 0.08549 0.0597 0.04166 0.02907 0.02029 0.01416 0.00988 0.006895 0.004811 0.003358 0.002343 0.001635 0.001141 0.0007963 0.0005557 0.001283
0.005547 0.06425 0.178 0.1496 0.08557 0.05994 0.04186 0.02921 0.02038 0.01423 0.009927 0.006927 0.004834 0.003374 0.002354 0.001643 0.001146 8e-04 0.0005583 0.001289
0.005664 0.06229 0.1803 0.1485 0.1049 0.06 0.04203 0.02935 0.02048 0.01429 0.009974 0.00696 0.004857 0.00339 0.002365 0.001651 0.001152 0.0008038 0.0005609 0.001295
0.005595 0.0636 0.1748 0.1503 0.1041 0.07352 0.04207 0.02947 0.02058 0.01436 0.01002 0.006993 0.00488 0.003406 0.002377 0.001658 0.001157 0.0008076 0.0005636 0.001302
0.005806 0.06282 0.1785 0.1457 0.1054 0.07299 0.05155 0.0295 0.02066 0.01443 0.01007 0.007026 0.004903 0.003422 0.002388 0.001666 0.001163 0.0008114 0.0005663 0.001308
0.00607 0.0652 0.1763 0.1488 0.1022 0.07391 0.05117 0.03614 0.02068 0.01449 0.01012 0.00706 0.004926 0.003438 0.002399 0.001674 0.001168 0.0008153 0.0005689 0.001314
0.006369 0.06815 0.1829 0.147 0.1043 0.07164 0.05182 0.03588 0.02534 0.0145 0.01016 0.007093 0.00495 0.003454 0.00241 0.001682 0.001174 0.0008191 0.0005716 0.00132
0.006073 0.07151 0.1912 0.1525 0.1031 0.07316 0.05023 0.03633 0.02516 0.01777 0.01017 0.007121 0.004973 0.003471 0.002422 0.00169 0.001179 0.000823 0.0005743 0.001326
0.005978 0.06819 0.2007 0.1595 0.107 0.07226 0.05129 0.03522 0.02548 0.01764 0.01246 0.007128 0.004993 0.003487 0.002433 0.001698 0.001185 0.0008269 0.0005771 0.001333
0.005865 0.06712 0.1913 0.1673 0.1118 0.07499 0.05066 0.03596 0.02469 0.01786 0.01237 0.008735 0.004998 0.003501 0.002445 0.001706 0.001191 0.0008308 0.0005798 0.001339
0.005723 0.06586 0.1883 0.1595 0.1173 0.07839 0.05258 0.03552 0.02522 0.01731 0.01252 0.008671 0.006125 0.003504 0.002455 0.001714 0.001196 0.0008348 0.0005825 0.001345
0.006251 0.06426 0.1848 0.1571 0.1119 0.08226 0.05496 0.03687 0.02491 0.01768 0.01214 0.008781 0.00608 0.004294 0.002457 0.001721 0.001202 0.0008387 0.0005853 0.001352
0.00661 0.07019 0.1803 0.1541 0.1101 0.07843 0.05768 0.03854 0.02585 0.01746 0.0124 0.008512 0.006157 0.004263 0.003011 0.001723 0.001207 0.0008427 0.0005881 0.001358
0.006694 0.07422 0.1969 0.1504 0.108 0.07721 0.05499 0.04044 0.02702 0.01812 0.01224 0.008692 0.005968 0.004317 0.002989 0.002111 0.001208 0.000846 0.0005908 0.001365
0.007021 0.07517 0.2083 0.1642 0.1054 0.07575 0.05413 0.03856 0.02835 0.01895 0.01271 0.008585 0.006094 0.004184 0.003027 0.002096 0.00148 0.0008469 0.0005932 0.001371
0.007103 0.07883 0.2109 0.1737 0.1151 0.07392 0.05311 0.03796 0.02703 0.01988 0.01328 0.00891 0.006019 0.004273 0.002934 0.002122 0.001469 0.001038 0.0005938 0.001377
0.00676 0.07976 0.2212 0.1759 0.1218 0.08074 0.05183 0.03724 0.02661 0.01895 0.01394 0.009314 0.006247 0.00422 0.002996 0.002057 0.001488 0.00103 0.0007276 0.001382
0.007028 0.07591 0.2238 0.1844 0.1233 0.08538 0.05661 0.03634 0.02611 0.01866 0.01329 0.009773 0.00653 0.00438 0.002959 0.002101 0.001442 0.001043 0.0007223 0.001479
0.006804 0.07891 0.213 0.1866 0.1293 0.08646 0.05986 0.03969 0.02548 0.01831 0.01308 0.009318 0.006852 0.004579 0.003071 0.002075 0.001473 0.001011 0.0007315 0.001544
0.006528 0.0764 0.2214 0.1776 0.1309 0.09067 0.06062 0.04197 0.02783 0.01786 0.01284 0.009173 0.006533 0.004804 0.00321 0.002153 0.001455 0.001033 0.000709 0.001595
0.006026 0.0733 0.2144 0.1846 0.1245 0.09175 0.06358 0.0425 0.02943 0.01951 0.01253 0.009 0.006432 0.004581 0.003369 0.002251 0.00151 0.00102 0.000724 0.001616
0.005962 0.06767 0.2057 0.1788 0.1295 0.08732 0.06433 0.04458 0.0298 0.02063 0.01368 0.008782 0.00631 0.004509 0.003212 0.002362 0.001578 0.001059 0.0007151 0.00164
0.006329 0.06695 0.1899 0.1715 0.1253 0.09077 0.06122 0.0451 0.03125 0.0209 0.01447 0.009592 0.006158 0.004424 0.003162 0.002252 0.001656 0.001107 0.0007422 0.001652
0.00639 0.07107 0.1878 0.1583 0.1203 0.08788 0.06364 0.04292 0.03162 0.02191 0.01465 0.01014 0.006725 0.004317 0.003102 0.002217 0.001579 0.001161 0.0007758 0.001678
0.006682 0.07175 0.1994 0.1566 0.111 0.08432 0.06162 0.04462 0.0301 0.02217 0.01536 0.01027 0.007112 0.004715 0.003027 0.002175 0.001554 0.001107 0.0008141 0.001721
0.005802 0.07503 0.2013 0.1663 0.1098 0.07784 0.05912 0.0432 0.03129 0.0211 0.01555 0.01077 0.007202 0.004986 0.003306 0.002122 0.001525 0.00109 0.0007762 0.001777
0.005531 0.06515 0.2105 0.1679 0.1166 0.07701 0.05457 0.04145 0.03029 0.02194 0.0148 0.0109 0.007553 0.00505 0.003496 0.002318 0.001488 0.001069 0.0007641 0.00179
0.00545 0.06211 0.1828 0.1756 0.1177 0.08175 0.05399 0.03826 0.02906 0.02124 0.01538 0.01037 0.007642 0.005296 0.003541 0.002451 0.001625 0.001043 0.0007497 0.001791
0.005444 0.06119 0.1743 0.1524 0.1231 0.08253 0.05732 0.03786 0.02683 0.02038 0.01489 0.01078 0.007274 0.005358 0.003713 0.002482 0.001719 0.00114 0.0007315 0.001781
0.005767 0.06113 0.1717 0.1453 0.1069 0.0863 0.05786 0.04019 0.02654 0.01881 0.01429 0.01044 0.007561 0.0051 0.003757 0.002603 0.001741 0.001205 0.000799 0.001762
0.005912 0.06475 0.1715 0.1432 0.1019 0.07494 0.06051 0.04057 0.02818 0.01861 0.01319 0.01002 0.007321 0.005301 0.003576 0.002634 0.001825 0.00122 0.0008449 0.001796
0.00589 0.06638 0.1817 0.143 0.1004 0.07144 0.05254 0.04243 0.02845 0.01976 0.01305 0.009247 0.007024 0.005133 0.003717 0.002507 0.001847 0.00128 0.0008557 0.001851
0.005843 0.06613 0.1863 0.1515 0.1003 0.07039 0.05009 0.03684 0.02975 0.01994 0.01385 0.009149 0.006484 0.004925 0.003599 0.002606 0.001758 0.001295 0.0008974 0.001898
0.005678 0.06561 0.1856 0.1553 0.1062 0.07031 0.04935 0.03512 0.02583 0.02086 0.01398 0.009712 0.006415 0.004546 0.003453 0.002523 0.001827 0.001232 0.000908 0.00196
0.005618 0.06376 0.1841 0.1547 0.1089 0.07448 0.0493 0.0346 0.02462 0.01811 0.01462 0.009805 0.00681 0.004498 0.003187 0.002421 0.001769 0.001281 0.0008641 0.002011
0.005157 0.06308 0.1789 0.1535 0.1085 0.07636 0.05222 0.03457 0.02426 0.01727 0.0127 0.01025 0.006875 0.004774 0.003153 0.002235 0.001697 0.00124 0.0008983 0.002016
0.2832 3.169 9.532 8.002 5.774 4.08 2.872 1.964 1.3 0.9124 0.6493 0.4776 0.3856 0.2585 0.1796 0.1186 0.08405 0.06384 0.04665 0.1096
0.3295 4.063 11.07 9.665 6.79 4.899 3.462 2.437 1.667 1.103 0.7743 0.551 0.4053 0.3272 0.2194 0.1524 0.1006 0.07132 0.05417 0.1326
0.1955 2.097 6.341 4.999 3.65 2.564 1.85 1.307 0.9203 0.6293 0.4166 0.2924 0.2081 0.153 0.1236 0.08285 0.05754 0.038 0.02693 0.07053
0.2912 3.22 8.452 7.464 4.931 3.6 2.529 1.825 1.29 0.9077 0.6207 0.4109 0.2884 0.2052 0.1509 0.1219 0.08172 0.05675 0.03749 0.09613
0.2451 2.983 8.065 6.144 4.539 2.999 2.189 1.538 1.11 0.7843 0.552 0.3775 0.2499 0.1754 0.1248 0.0918 0.07412 0.0497 0.03451 0.08126
0.3443 3.675 10.88 8.54 5.445 4.023 2.658 1.94 1.363 0.9836 0.6951 0.4892 0.3346 0.2215 0.1554 0.1106 0.08136 0.06569 0.04405 0.1026
0.2995 3.262 8.48 7.248 4.755 3.031 2.24 1.48 1.08 0.759 0.5476 0.387 0.2724 0.1863 0.1233 0.08654 0.06159 0.0453 0.03657 0.08165
0.2495 2.86 7.615 5.741 4.104 2.692 1.717 1.268 0.8378 0.6117 0.4298 0.3101 0.2191 0.1542 0.1055 0.06982 0.049 0.03487 0.02565 0.06694
0.3273 3.479 9.722 7.523 4.748 3.394 2.227 1.42 1.049 0.6929 0.5059 0.3554 0.2564 0.1812 0.1276 0.08723 0.05774 0.04053 0.02884 0.07658
0.3338 3.782 9.782 7.906 5.115 3.228 2.308 1.514 0.9652 0.7131 0.4711 0.3439 0.2417 0.1744 0.1232 0.08673 0.05931 0.03926 0.02756 0.07168
0.3259 3.435 9.482 7.09 4.79 3.099 1.956 1.398 0.9172 0.5848 0.4321 0.2854 0.2084 0.1464 0.1056 0.07466 0.05255 0.03593 0.02379 0.06012
0.3371 3.999 10.25 8.192 5.123 3.461 2.239 1.413 1.01 0.6627 0.4225 0.3122 0.2062 0.1506 0.1058 0.07633 0.05394 0.03797 0.02596 0.06063
0.361 4.113 11.84 8.763 5.853 3.66 2.473 1.6 1.01 0.7218 0.4735 0.3019 0.223 0.1473 0.1076 0.07558 0.05453 0.03854 0.02712 0.06186
0.3068 3.601 9.972 8.271 5.115 3.416 2.136 1.443 0.9339 0.5893 0.4213 0.2764 0.1762 0.1302 0.08601 0.06279 0.04412 0.03183 0.0225 0.05195
0.3257 3.555 10.14 8.114 5.627 3.48 2.324 1.453 0.9819 0.6353 0.4009 0.2866 0.188 0.1199 0.08857 0.05851 0.04272 0.03001 0.02165 0.05064
0.3504 3.943 10.44 8.592 5.746 3.984 2.464 1.646 1.029 0.6953 0.4498 0.2839 0.2029 0.1331 0.08488 0.06271 0.04143 0.03025 0.02125 0.05119
0.3277 3.748 10.23 7.801 5.364 3.587 2.488 1.538 1.027 0.6425 0.4341 0.2809 0.1772 0.1267 0.08312 0.05299 0.03915 0.02587 0.01888 0.04523
0.3266 3.448 9.582 7.543 4.806 3.305 2.21 1.532 0.9477 0.633 0.3958 0.2674 0.173 0.1092 0.07806 0.05121 0.03265 0.02412 0.01594 0.0395
0.3708 3.812 9.771 7.84 5.159 3.287 2.26 1.511 1.048 0.6481 0.4329 0.2707 0.1829 0.1183 0.07467 0.05339 0.03502 0.02233 0.0165 0.03791
0.2694 3.467 8.682 6.425 4.308 2.835 1.806 1.242 0.8305 0.5759 0.3561 0.2379 0.1487 0.1005 0.06502 0.04103 0.02933 0.01924 0.01227 0.0299
0.2701 2.881 9.05 6.57 4.067 2.727 1.794 1.143 0.7861 0.5257 0.3645 0.2254 0.1506 0.09415 0.06361 0.04116 0.02597 0.01857 0.01218 0.02669
0.185 2.267 5.929 5.41 3.286 2.034 1.364 0.8973 0.5717 0.3931 0.2629 0.1823 0.1127 0.07529 0.04708 0.03181 0.02058 0.01299 0.009286 0.01944
0.1974 2.186 6.573 5.018 3.836 2.33 1.442 0.9669 0.6362 0.4053 0.2787 0.1864 0.1293 0.07993 0.05339 0.03338 0.02255 0.01459 0.009209 0.02037
0.3233 3.468 9.348 8.18 5.23 3.998 2.428 1.503 1.008 0.6632 0.4225 0.2905 0.1943 0.1347 0.08331 0.05565 0.0348 0.02351 0.01521 0.03083
0.2082 2.403 6.301 4.906 3.587 2.294 1.753 1.065 0.6592 0.442 0.2909 0.1853 0.1274 0.08521 0.05909 0.03654 0.02441 0.01526 0.01031 0.02019
0.1633 1.924 5.456 4.172 2.72 1.989 1.272 0.972 0.5904 0.3655 0.245 0.1612 0.1027 0.07064 0.04724 0.03276 0.02026 0.01353 0.00846 0.01691
0.2579 3.227 9.262 7.663 4.91 3.201 2.341 1.497 1.144 0.6948 0.4301 0.2884 0.1898 0.1209 0.08313 0.05559 0.03855 0.02384 0.01592 0.02986
0.1703 1.922 5.883 4.881 3.375 2.162 1.41 1.031 0.6592 0.5038 0.306 0.1894 0.127 0.08358 0.05325 0.03661 0.02448 0.01698 0.0105 0.02016
0.1757 1.997 5.523 4.926 3.423 2.367 1.516 0.9886 0.7228 0.4622 0.3533 0.2146 0.1328 0.08906 0.0586 0.03734 0.02567 0.01717 0.01191 0.0215
0.2063 2.382 6.609 5.319 3.972 2.76 1.908 1.223 0.7972 0.5829 0.3727 0.2849 0.173 0.1071 0.07182 0.04726 0.03011 0.0207 0.01385 0.02694
0.2051 2.312 6.512 5.237 3.526 2.633 1.829 1.265 0.8104 0.5284 0.3864 0.2471 0.1888 0.1147 0.071 0.0476 0.03132 0.01996 0.01372 0.02703
0.2 2.011 5.541 4.526 3.045 2.05 1.531 1.064 0.7354 0.4712 0.3072 0.2246 0.1436 0.1098 0.06668 0.04128 0.02768 0.01821 0.0116 0.02369
0.148 1.78 4.391 3.521 2.407 1.619 1.09 0.8141 0.5657 0.3911 0.2506 0.1634 0.1195 0.07639 0.05839 0.03546 0.02195 0.01472 0.009685 0.01877
0.2292 2.833 8.292 5.962 4.006 2.738 1.842 1.24 0.9261 0.6435 0.445 0.2851 0.1859 0.1359 0.0869 0.06643 0.04034 0.02497 0.01675 0.03237
0.1826 1.933 5.829 4.926 2.96 1.989 1.359 0.9145 0.6156 0.4597 0.3195 0.2209 0.1415 0.09227 0.06747 0.04314 0.03297 0.02003 0.0124 0.02438
0.169 1.904 4.932 4.323 3.057 1.837 1.234 0.8437 0.5675 0.3821 0.2853 0.1983 0.1371 0.08783 0.05727 0.04187 0.02677 0.02047 0.01243 0.02283
0.2318 2.517 6.905 5.199 3.815 2.698 1.621 1.089 0.7445 0.5009 0.3372 0.2518 0.175 0.121 0.07751 0.05054 0.03695 0.02363 0.01806 0.03111
0.2285 2.627 6.932 5.493 3.457 2.537 1.794 1.078 0.7242 0.495 0.333 0.2242 0.1674 0.1163 0.08044 0.05154 0.0336 0.02457 0.01571 0.0327
0.2388 2.618 7.309 5.568 3.688 2.321 1.703 1.204 0.7236 0.4862 0.3323 0.2236 0.1505 0.1124 0.0781 0.054 0.0346 0.02256 0.01649 0.0325
0.2119 2.472 6.591 5.31 3.381 2.239 1.409 1.034 0.7313 0.4394 0.2952 0.2018 0.1357 0.09138 0.06824 0.04742 0.03279 0.02101 0.0137 0.02975
0.1999 2.275 6.464 4.983 3.356 2.137 1.415 0.8906 0.6535 0.4622 0.2777 0.1866 0.1275 0.0858 0.05776 0.04313 0.02997 0.02072 0.01328 0.02746
0.1594 1.699 4.731 3.894 2.51 1.691 1.077 0.7129 0.4486 0.3292 0.2329 0.1399 0.09399 0.06425 0.04322 0.0291 0.02173 0.0151 0.01044 0.02052
0.1618 1.825 4.765 3.864 2.664 1.717 1.157 0.7363 0.4876 0.3069 0.2252 0.1593 0.09569 0.06429 0.04395 0.02956 0.0199 0.01486 0.01033 0.02118
0.2368 2.358 6.486 4.924 3.343 2.304 1.485 1.001 0.637 0.4219 0.2655 0.1948 0.1378 0.08278 0.05562 0.03802 0.02558 0.01722 0.01286 0.02726
0.206 2.594 6.289 5.005 3.177 2.157 1.487 0.9584 0.6455 0.411 0.2722 0.1713 0.1257 0.0889 0.05341 0.03588 0.02453 0.0165 0.01111 0.02588
0.1938 2.136 6.561 4.605 3.064 1.945 1.321 0.9103 0.5868 0.3953 0.2517 0.1667 0.1049 0.07696 0.05443 0.0327 0.02197 0.01502 0.0101 0.02265
0.1486 1.727 4.66 4.154 2.439 1.623 1.03 0.6995 0.4821 0.3108 0.2093 0.1333 0.08826 0.05555 0.04076 0.02883 0.01732 0.01164 0.007955 0.01735
0.1257 1.415 4.039 3.179 2.373 1.393 0.9271 0.5885 0.3996 0.2754 0.1775 0.1196 0.07614 0.05042 0.03173 0.02328 0.01647 0.009894 0.006647 0.01445
0.2145 2.269 6.229 5.189 3.422 2.554 1.5 0.9981 0.6335 0.4302 0.2965 0.1911 0.1287 0.08196 0.05428 0.03416 0.02507 0.01773 0.01065 0.02272
0.2587 2.739 7.032 5.58 3.887 2.563 1.913 1.123 0.7475 0.4745 0.3222 0.2221 0.1431 0.09642 0.06139 0.04065 0.02558 0.01877 0.01328 0.02499
0.2472 2.973 7.627 5.639 3.738 2.604 1.717 1.282 0.7526 0.5008 0.3179 0.2158 0.1488 0.0959 0.0646 0.04113 0.02724 0.01714 0.01258 0.02564
0.2244 2.461 7.184 5.308 3.278 2.173 1.513 0.998 0.745 0.4374 0.2911 0.1848 0.1254 0.08647 0.05574 0.03754 0.0239 0.01583 0.009962 0.02221
0.153 1.736 4.656 3.932 2.428 1.499 0.994 0.6924 0.4566 0.3408 0.2001 0.1332 0.08453 0.05739 0.03956 0.0255 0.01718 0.01094 0.007242 0.01472
0.1342 1.449 4.039 3.158 2.233 1.379 0.8517 0.5646 0.3933 0.2593 0.1936 0.1137 0.07563 0.04801 0.0326 0.02247 0.01448 0.009756 0.006211 0.01247
0.1427 1.604 4.256 3.466 2.271 1.606 0.9918 0.6125 0.406 0.2828 0.1865 0.1392 0.08173 0.05439 0.03453 0.02344 0.01616 0.01042 0.007016 0.01344
0.1785 1.998 5.498 4.254 2.902 1.902 1.345 0.8305 0.5128 0.34 0.2368 0.1561 0.1166 0.06844 0.04554 0.02891 0.01963 0.01353 0.008721 0.01713
0.2131 2.459 6.707 5.357 3.469 2.367 1.551 1.097 0.6772 0.4182 0.2772 0.1931 0.1273 0.09505 0.05581 0.03714 0.02357 0.01601 0.01103 0.02108
0.2314 2.728 7.636 6.014 4.016 2.6 1.774 1.162 0.8221 0.5077 0.3135 0.2078 0.1448 0.09545 0.07125 0.04184 0.02784 0.01767 0.012 0.02407
0.1377 1.663 4.787 3.864 2.542 1.697 1.099 0.7499 0.4913 0.3475 0.2146 0.1325 0.08784 0.06118 0.04034 0.03012 0.01768 0.01177 0.007469 0.01525
0.1354 1.513 4.477 3.753 2.537 1.669 1.114 0.7215 0.4923 0.3225 0.2281 0.1409 0.08698 0.05766 0.04016 0.02648 0.01977 0.01161 0.007725 0.01491
