Originally  
101 
A 
42	100	
1	1	NA	NA	
1	20	
1 0.1043 0.4173 0.3912 0.313 0.1304 0.1826 0.7042 0.2087 0.05216 0.02608 0 0.02608 0 0 0.02608 0 0 0 0 0.02608
1 0.06914 0.2766 0.3284 0.242 0.1556 0.05186 0.08643 0.363 0.06914 0.01729 0.01729 0.01729 0.01729 0 0 0 0 0 0 0.01729
1 0.03841 0.4417 0.4609 0.2305 0.1921 0.05762 0.1344 0.03841 0.1729 0.03841 0.03841 0.01921 0.01921 0 0.01921 0 0 0 0 0.01921
1 0 0.3717 0.7872 0.3061 0.2405 0.0656 0.1968 0 0 0.1093 0.0656 0.02187 0.02187 0 0 0 0 0 0 0
1 0.03225 0.2096 0.3225 0.4354 0.2258 0.08063 0.09675 0.0645 0.01613 0 0.0645 0.03225 0 0 0.01613 0 0 0 0.01613 0
1 0.02279 0.2734 0.319 0.3646 0.5924 0.1595 0.1595 0.09114 0.04557 0.02279 0.02279 0.1823 0.02279 0 0 0 0 0 0 0
1 0.04328 0.1947 0.6492 0.3679 0.3246 0.1947 0.1515 0.02164 0.08655 0.04328 0 0 0.06492 0.02164 0 0 0 0 0 0
1 0.09678 0.1936 0.2516 0.4839 0.1355 0.2516 0.2903 0.07742 0.05807 0.03871 0.03871 0.01936 0 0 0 0 0 0 0 0
1 0.03454 0.1727 0.1957 0.1151 0.2533 0.1036 0.08059 0.05757 0.02303 0.02303 0.01151 0.01151 0.01151 0 0.04605 0 0 0.01151 0 0
1 0.09488 0.2846 0.1355 0.1898 0.1084 0.2169 0.09488 0.08132 0.06777 0.04066 0.02711 0.01355 0 0 0 0 0 0 0 0
1 0.02615 0.9154 0.8369 0.1831 0.1046 0.1046 0.2092 0.1046 0.02615 0.05231 0 0.02615 0 0 0 0 0.02615 0 0 0
1 0 0.06592 1.747 0.6592 0.1648 0.09888 0.1318 0.2307 0.03296 0.03296 0.03296 0.03296 0 0 0 0 0.06592 0 0 0
1 0 0.2778 0.3284 1.212 0.4041 0.1263 0.02526 0.02526 0.07577 0.05052 0 0 0 0 0 0 0 0 0 0
1 0 0.1007 0.3626 0.282 0.9066 0.141 0.02015 0.02015 0 0.1007 0.06044 0 0.02015 0 0 0 0 0 0 0
1 0.0459 0.0306 0.2754 0.1071 0.1071 0.5355 0.2601 0.0306 0.0459 0 0.0612 0 0.0153 0.0153 0 0 0 0 0 0
1 0.01944 0.4859 0.2721 0.3887 0.2138 0.1555 0.2527 0.05831 0 0.01944 0.03887 0 0 0.01944 0 0.01944 0 0 0 0
1 0 0.1542 0.5483 0.2056 0.1714 0.1542 0.1199 0.2056 0.08568 0 0.05141 0 0 0 0.01714 0 0 0 0 0
1 0.04222 0.0563 0.3237 0.5207 0.1126 0.08444 0.07037 0.02815 0.09852 0 0.02815 0.01407 0 0 0.01407 0 0 0 0 0.01407
1 0.03829 0.1914 0.03829 0.2425 0.3701 0.07658 0.1021 0.05105 0.02553 0.06382 0.01276 0 0 0 0.02553 0.02553 0 0 0 0.01276
1 0.02642 0.2026 0.1938 0.02642 0.1145 0.1849 0.008807 0.02642 0.01761 0 0.05284 0.008807 0.008807 0 0 0 0 0 0.008807 0
1 0 0.4194 0.3669 0.2359 0.05242 0.02621 0.1573 0.03931 0 0 0 0 0 0 0 0 0.0131 0 0 0
1 0.01215 0.07287 0.4615 0.2672 0.1093 0.06073 0.1215 0.07287 0 0.01215 0.01215 0 0.01215 0 0 0 0 0 0 0
1 0.1595 0.2193 0.1794 0.5581 0.4385 0.1395 0.01993 0.01993 0.1595 0 0.01993 0.01993 0 0.03987 0.01993 0 0 0 0 0
1 0.04694 0.4694 0.2504 0.07824 0.313 0.1095 0.09389 0.01565 0.0313 0.09389 0.01565 0 0.01565 0 0.01565 0.01565 0 0 0 0
1 0.0638 0.3403 1.042 0.1701 0.04253 0.2127 0.1276 0.08507 0 0 0.04253 0 0 0 0 0 0 0 0 0
1 0.05224 0.1393 0.4005 0.5572 0.2264 0.05224 0.1567 0.06965 0.05224 0.01741 0.01741 0 0 0 0 0 0 0 0 0
1 0.03173 0.4601 0.2221 0.2221 0.3966 0.06346 0.01586 0.1269 0.01586 0 0.01586 0 0 0 0 0.01586 0 0 0 0
1 0.01824 0.1642 0.912 0.1459 0.1824 0.1642 0.07296 0.01824 0.1277 0.01824 0 0 0 0 0 0 0 0 0 0
1 0.03233 0.04311 0.1724 0.3557 0.1186 0.1401 0.1617 0.01078 0 0.02155 0.02155 0 0 0 0 0 0 0 0 0
1 0.1075 0.4122 0.1434 0.1792 0.4302 0.1255 0.1075 0.1255 0.01792 0 0.07169 0.03585 0 0 0 0 0 0.01792 0 0.01792
1 0.1511 0.4318 0.6692 0.1079 0.1295 0.4102 0.06476 0.04318 0.1079 0 0 0 0.02159 0 0 0 0 0 0 0.02159
1 0 0.5655 0.783 0.3045 0 0.06525 0.2393 0.06525 0.0435 0.0435 0.0435 0 0 0 0 0 0 0.02175 0 0
1 0.07179 0.2513 1.687 0.5743 0.5384 0 0.0359 0.2513 0.07179 0.0359 0.0359 0.0359 0 0 0 0 0 0 0 0
1 0.05963 0.477 0.2186 0.7553 0.2186 0.0795 0.01988 0.01988 0.1193 0 0.01988 0 0 0 0 0 0 0 0 0
1 0.03664 0.05497 0.6596 0.1283 0.4947 0.2382 0.09161 0 0.01832 0.05497 0.03664 0.01832 0 0 0 0 0 0 0 0
1 0.04079 0.2448 0.204 0.6527 0.1224 0.5099 0.06119 0.1428 0.0204 0 0.0204 0 0.0204 0 0 0 0 0 0 0
1 0.02003 0.3806 0.4006 0.1402 0.4807 0.1202 0.2203 0.1402 0.08012 0 0 0 0.02003 0 0 0 0 0 0 0
1 0 0.09569 0.5582 0.2392 0.0638 0.3509 0 0.1435 0.07974 0.01595 0.01595 0.01595 0.01595 0 0 0 0 0 0 0
1 0.1136 0.06815 0.318 0.7042 0.2499 0.1363 0.318 0.02272 0.2272 0.04543 0 0 0.02272 0 0.02272 0 0.02272 0 0 0
1 0.04876 0.1097 0.09751 0.2072 0.2803 0.1341 0.06094 0.1463 0.04876 0.07313 0.01219 0 0 0 0 0 0 0 0 0
1 0.04863 0.3526 0.2796 0.06079 0.07294 0.158 0.0851 0.01216 0.06079 0 0.06079 0.01216 0 0.01216 0 0 0 0 0 0
1 0.1378 0.09845 1.083 0.2166 0.05907 0.07876 0.1181 0.01969 0.01969 0.09845 0 0.01969 0 0 0 0.01969 0 0 0 0
1 0.0248 0.7688 0.2976 0.9672 0.124 0.0248 0 0.2232 0.0496 0 0 0 0 0 0 0 0 0 0 0
1 0.1415 0.4813 1.529 0.02831 0.3963 0.05662 0.05662 0.02831 0.05662 0 0 0.05662 0 0 0 0 0 0 0 0
1 0.07983 0.3991 0.7717 0.7184 0.1863 0.133 0.1064 0.02661 0.02661 0.07983 0.02661 0 0.05322 0 0.02661 0 0 0 0 0.02661
1 0 0.2539 0.6983 0.7301 1.016 0.06348 0.2857 0.03174 0.03174 0 0 0.03174 0 0.03174 0 0 0 0 0 0
1 0 0.07875 0.5512 0.6562 0.4462 0.5775 0.1575 0.105 0 0 0 0 0 0 0 0 0 0.02625 0 0.02625
1 0.04994 0.2497 0.2247 0.3995 0.6243 0.2747 0.4245 0.1249 0.1249 0 0 0 0 0 0 0 0 0 0 0
1 0.1622 0.1262 0.2343 0.1442 0.1803 0.3064 0.2343 0.2163 0.01803 0.09013 0.01803 0 0 0.01803 0 0 0.01803 0 0.01803 0.01803
1 0.1908 1.177 0.2862 0.4134 0.2226 0.2226 0.159 0.2226 0.2226 0 0.0318 0 0 0 0.0318 0 0 0 0 0
1 0.109 0.4904 1.335 0.109 0.1362 0.02724 0.1635 0.109 0.08173 0.1362 0.02724 0 0 0 0 0 0 0 0 0
1 0 0.2264 1.245 0.8208 0.1698 0 0.05661 0.1132 0.05661 0.0283 0.0283 0.05661 0.0283 0 0 0 0 0 0 0
1 0.02459 0.09834 0.5901 0.6392 0.6147 0.1721 0.02459 0.07376 0 0.07376 0.04917 0.09834 0 0 0 0 0 0 0 0
1 0.05979 0.2989 0.4783 0.5381 0.7474 0.568 0.05979 0.02989 0.02989 0.08968 0 0.02989 0.05979 0 0 0 0 0 0 0
1 0.02223 0.08892 0.578 0.2668 0.3779 0.3112 0.3779 0.06669 0.02223 0 0.02223 0.02223 0 0.02223 0 0.02223 0 0 0 0.02223
1 0.08353 0.7796 0.2784 0.6126 0.2506 0.1671 0.2784 0.1392 0.1114 0.02784 0 0.02784 0 0 0 0 0.02784 0 0 0
1 0 0.8675 1.169 0.4149 0.3772 0.1509 0.2263 0.2263 0.264 0 0.03772 0 0 0.03772 0 0 0 0 0 0
1 0 0.8221 1.383 0.7474 0.07474 0.2242 0.1121 0.07474 0.1868 0.1121 0 0 0 0 0 0 0 0 0 0
1 0.08977 0.08977 0.5087 0.9576 0.6883 0.1496 0.05985 0 0.1197 0.08977 0.1795 0 0.02992 0 0 0 0.02992 0 0 0
