 landings-at-age - landings.n (units : NA )
1	2	
42	100	
1	20	
1 
0.3833 3.34 7.68 6.917 3.595 3.526 12.92 2.829 0.8184 0.5177 0.4721 0.4434 0.2946 0.1616 0.2679 0.1212 0.0398 0.0258 0.1428 0.1441
0.3361 2.44 5.212 3.47 2.612 1.358 1.331 4.879 1.068 0.309 0.1955 0.1783 0.1674 0.1113 0.06101 0.1012 0.04575 0.01503 0.009743 0.1083
0.3323 5.537 9.834 6.135 3.423 2.576 1.339 1.313 4.813 1.054 0.3048 0.1928 0.1758 0.1651 0.1097 0.06018 0.09978 0.04513 0.01483 0.1165
0.202 3.404 13.87 7.148 3.731 2.081 1.567 0.8143 0.7987 2.927 0.6408 0.1854 0.1173 0.1069 0.1004 0.06674 0.0366 0.06068 0.02744 0.07985
0.4723 3.028 12.41 14.68 6.335 3.307 1.845 1.389 0.7217 0.7078 2.594 0.5679 0.1643 0.1039 0.09477 0.08901 0.05915 0.03243 0.05378 0.0951
0.1664 4.475 6.988 8.271 8.175 3.527 1.841 1.027 0.7732 0.4018 0.3941 1.444 0.3162 0.09147 0.05786 0.05276 0.04956 0.03293 0.01806 0.08289
0.1616 1.588 10.45 4.73 4.683 4.629 1.997 1.042 0.5816 0.4378 0.2275 0.2231 0.8178 0.179 0.05179 0.03276 0.02988 0.02806 0.01865 0.05716
0.1715 2.254 5.401 10.32 3.912 3.873 3.828 1.652 0.8622 0.481 0.3621 0.1882 0.1846 0.6763 0.1481 0.04284 0.0271 0.02471 0.02321 0.06269
0.5114 1.982 6.336 4.392 7.017 2.66 2.634 2.603 1.123 0.5862 0.327 0.2462 0.1279 0.1255 0.4598 0.1007 0.02912 0.01842 0.0168 0.05841
0.9695 5.263 4.969 4.592 2.661 4.251 1.612 1.596 1.577 0.6804 0.3552 0.1981 0.1491 0.07751 0.07602 0.2786 0.061 0.01765 0.01116 0.04557
0.1968 11.89 15.71 4.293 3.318 1.922 3.072 1.164 1.153 1.139 0.4916 0.2566 0.1432 0.1078 0.05601 0.05493 0.2013 0.04407 0.01275 0.04099
0.2151 2.401 35.21 13.43 3.067 2.371 1.373 2.195 0.8319 0.8236 0.8141 0.3512 0.1833 0.1023 0.07699 0.04001 0.03924 0.1438 0.03149 0.03839
0.1923 2.146 5.821 24.6 7.837 1.79 1.384 0.8018 1.281 0.4856 0.4808 0.4752 0.205 0.107 0.0597 0.04494 0.02336 0.02291 0.08395 0.04079
0.1511 2.228 6.043 4.737 16.74 5.331 1.218 0.9414 0.5454 0.8715 0.3304 0.3271 0.3233 0.1395 0.0728 0.04061 0.03057 0.01589 0.01558 0.08486
0.5671 1.829 6.541 5.12 3.354 11.85 3.775 0.8624 0.6666 0.3862 0.6171 0.2339 0.2316 0.2289 0.09876 0.05155 0.02876 0.02165 0.01125 0.07112
0.2803 6.066 4.746 4.888 3.196 2.094 7.399 2.357 0.5384 0.4161 0.2411 0.3853 0.146 0.1446 0.1429 0.06166 0.03218 0.01795 0.01352 0.05143
0.08712 2.95 15.51 3.5 3.012 1.969 1.29 4.558 1.452 0.3317 0.2564 0.1485 0.2373 0.08997 0.08908 0.08804 0.03799 0.01983 0.01106 0.04001
0.2089 1.017 8.358 12.69 2.393 2.06 1.347 0.8823 3.118 0.993 0.2269 0.1753 0.1016 0.1623 0.06153 0.06092 0.06021 0.02598 0.01356 0.03493
0.3524 1.953 2.316 5.496 6.972 1.315 1.132 0.74 0.4848 1.713 0.5456 0.1246 0.09634 0.05582 0.08919 0.03381 0.03347 0.03309 0.01427 0.02664
0.4013 3.769 5.098 1.752 3.479 4.413 0.8324 0.7164 0.4684 0.3069 1.084 0.3454 0.0789 0.06098 0.03533 0.05646 0.0214 0.02119 0.02094 0.0259
0.07368 3.367 7.756 3.047 0.8764 1.74 2.207 0.4163 0.3583 0.2342 0.1535 0.5423 0.1727 0.03946 0.0305 0.01767 0.02823 0.0107 0.0106 0.02343
0.1069 0.8707 9.765 6.564 2.161 0.6214 1.233 1.565 0.2952 0.254 0.1661 0.1088 0.3845 0.1225 0.02798 0.02162 0.01253 0.02002 0.007588 0.02412
0.565 1.879 3.723 12.15 6.842 2.252 0.6477 1.286 1.631 0.3077 0.2648 0.1731 0.1134 0.4007 0.1276 0.02916 0.02254 0.01306 0.02087 0.03305
0.1794 4.198 3.414 1.954 5.33 3.001 0.9878 0.2841 0.5639 0.7154 0.1349 0.1161 0.07593 0.04974 0.1758 0.05598 0.01279 0.009885 0.005727 0.02365
0.1076 1.658 9.535 2.26 1.083 2.955 1.664 0.5476 0.1575 0.3126 0.3966 0.0748 0.06437 0.04209 0.02758 0.09744 0.03104 0.00709 0.00548 0.01628
0.5604 2.126 7.984 13.39 2.66 1.275 3.477 1.958 0.6444 0.1853 0.3679 0.4667 0.08803 0.07576 0.04954 0.03245 0.1147 0.03652 0.008344 0.02561
0.1012 4.177 3.876 4.208 5.898 1.171 0.5616 1.532 0.8623 0.2838 0.08162 0.162 0.2056 0.03877 0.03337 0.02182 0.01429 0.0505 0.01609 0.01496
0.07552 1.187 12 3.245 2.95 4.135 0.8214 0.3938 1.074 0.6046 0.199 0.05723 0.1136 0.1441 0.02719 0.0234 0.0153 0.01002 0.03541 0.02177
0.4492 1.024 3.928 11.56 2.617 2.379 3.335 0.6624 0.3175 0.8661 0.4876 0.1605 0.04616 0.09162 0.1162 0.02192 0.01887 0.01234 0.008083 0.04611
0.4756 5.034 2.798 3.113 7.661 1.735 1.577 2.21 0.439 0.2105 0.574 0.3232 0.1064 0.03059 0.06073 0.07704 0.01453 0.01251 0.008177 0.03592
0.7621 4.663 12.06 1.945 1.81 4.454 1.009 0.9168 1.285 0.2552 0.1224 0.3337 0.1879 0.06185 0.01779 0.03531 0.04479 0.008448 0.00727 0.02564
0.1162 6.781 10.18 7.666 1.034 0.9625 2.369 0.5364 0.4876 0.6835 0.1358 0.06508 0.1775 0.09993 0.03289 0.009459 0.01878 0.02382 0.004493 0.0175
0.7895 2.224 31.6 13.83 8.721 1.177 1.095 2.695 0.6102 0.5547 0.7775 0.1544 0.07404 0.2019 0.1137 0.03742 0.01076 0.02136 0.0271 0.02502
0.1263 6.658 4.577 18.77 6.864 4.329 0.5842 0.5435 1.338 0.3029 0.2754 0.386 0.07667 0.03675 0.1002 0.05643 0.01858 0.005342 0.0106 0.02587
0.2508 1.317 16.99 3.394 11.65 4.26 2.687 0.3626 0.3373 0.8302 0.188 0.1709 0.2395 0.04758 0.02281 0.06221 0.03502 0.01153 0.003315 0.02264
0.4936 3.736 4.777 17.91 2.995 10.28 3.759 2.371 0.32 0.2977 0.7327 0.1659 0.1508 0.2114 0.04199 0.02013 0.0549 0.03091 0.01017 0.02291
0.1383 5.593 10.29 3.8 11.91 1.992 6.836 2.5 1.577 0.2128 0.1979 0.4872 0.1103 0.1003 0.1406 0.02792 0.01338 0.0365 0.02055 0.022
0.1124 1.584 15.56 8.263 2.551 7.994 1.337 4.589 1.678 1.058 0.1428 0.1329 0.3271 0.07406 0.06733 0.09436 0.01874 0.008985 0.02451 0.02856
0.2029 1.164 3.988 11.31 5.017 1.549 4.854 0.8118 2.786 1.019 0.6426 0.08672 0.08068 0.1986 0.04497 0.04088 0.05729 0.01138 0.005455 0.03222
0.6469 2.179 3.043 3.015 7.146 3.171 0.979 3.068 0.5131 1.761 0.644 0.4062 0.05481 0.051 0.1255 0.02842 0.02584 0.03621 0.007193 0.02381
0.1891 5.498 4.53 1.833 1.519 3.6 1.597 0.4932 1.546 0.2585 0.8872 0.3244 0.2046 0.02761 0.02569 0.06323 0.01432 0.01302 0.01824 0.01562
0.7322 2.165 15.42 3.701 1.254 1.039 2.462 1.093 0.3373 1.057 0.1768 0.6068 0.2219 0.14 0.01889 0.01757 0.04325 0.009793 0.008903 0.02316
0.5885 10.67 7.692 15.93 3.202 1.085 0.8988 2.13 0.9452 0.2918 0.9145 0.153 0.525 0.192 0.1211 0.01634 0.0152 0.03742 0.008472 0.02774
0.5866 6.447 28.46 5.936 10.28 2.066 0.6998 0.5799 1.375 0.6099 0.1883 0.5901 0.09869 0.3387 0.1239 0.07812 0.01054 0.009809 0.02414 0.02337
0.3075 6.084 16.3 20.84 3.634 6.294 1.265 0.4285 0.3551 0.8416 0.3734 0.1153 0.3613 0.06042 0.2074 0.07584 0.04783 0.006455 0.006006 0.02909
0.1036 2.739 13.27 10.32 11.04 1.925 3.333 0.6699 0.2269 0.1881 0.4457 0.1978 0.06106 0.1913 0.032 0.1098 0.04017 0.02533 0.003419 0.01859
0.1051 0.9863 6.408 9.053 5.897 6.305 1.1 1.904 0.3827 0.1296 0.1074 0.2546 0.113 0.03488 0.1093 0.01828 0.06275 0.02294 0.01447 0.01257
0.1823 1.896 4.343 8.232 9.746 6.348 6.788 1.184 2.05 0.4119 0.1396 0.1157 0.2741 0.1216 0.03755 0.1177 0.01968 0.06755 0.0247 0.02911
1.14 2.328 5.877 3.89 6.166 7.299 4.754 5.084 0.8866 1.535 0.3085 0.1045 0.08662 0.2053 0.09109 0.02812 0.08813 0.01474 0.05059 0.0403
0.9115 13.1 6.483 4.713 2.606 4.131 4.89 3.185 3.406 0.594 1.029 0.2067 0.07003 0.05803 0.1375 0.06103 0.01884 0.05905 0.009875 0.0609
0.4376 9.072 31.66 4.511 2.739 1.515 2.401 2.842 1.851 1.98 0.3452 0.5978 0.1201 0.0407 0.03373 0.07994 0.03547 0.01095 0.03432 0.04113
0.1625 3.385 17.17 17.33 2.064 1.253 0.693 1.098 1.3 0.847 0.9056 0.1579 0.2735 0.05496 0.01862 0.01543 0.03657 0.01623 0.00501 0.03452
0.2637 1.538 7.876 11.64 9.842 1.172 0.7118 0.3936 0.6239 0.7385 0.4811 0.5144 0.0897 0.1553 0.03122 0.01058 0.008764 0.02077 0.009217 0.02245
0.1344 3.153 4.518 6.759 8.372 7.077 0.843 0.5119 0.2831 0.4486 0.5311 0.3459 0.3699 0.06451 0.1117 0.02245 0.007606 0.006303 0.01494 0.02277
0.5585 1.881 10.8 4.516 5.66 7.011 5.926 0.7059 0.4286 0.237 0.3757 0.4447 0.2897 0.3097 0.05402 0.09354 0.0188 0.006369 0.005278 0.03158
0.8684 7.697 6.313 10.53 3.683 4.615 5.717 4.833 0.5756 0.3495 0.1933 0.3063 0.3626 0.2362 0.2526 0.04405 0.07628 0.01533 0.005193 0.03005
0.4122 11.12 23.9 5.661 7.891 2.761 3.46 4.285 3.623 0.4315 0.262 0.1449 0.2296 0.2718 0.1771 0.1893 0.03302 0.05718 0.01149 0.02642
0.08439 2.962 19.51 12.09 2.393 3.335 1.167 1.462 1.811 1.531 0.1824 0.1107 0.06124 0.09706 0.1149 0.07484 0.08003 0.01396 0.02417 0.01602
0.1958 0.9274 7.974 15.3 7.938 1.571 2.189 0.766 0.9599 1.189 1.005 0.1197 0.0727 0.0402 0.06372 0.07543 0.04913 0.05253 0.009161 0.02638
