 landings-at-age - landings.n (units : NA )
1	2	
2	100	
1	20	
1 
0.02659 0.2984 0.8352 0.6934 0.4839 0.3377 0.2357 0.1644 0.1148 0.08008 0.05589 0.039 0.02722 0.01899 0.01325 0.009249 0.006454 0.004504 0.003143 0.007259
0.01215 0.05216 0.1462 0.1214 0.08475 0.05914 0.04127 0.0288 0.0201 0.01403 0.009787 0.00683 0.004766 0.003326 0.002321 0.00162 0.00113 0.0007888 0.0005504 0.001271
0.005828 0.1364 0.1464 0.1219 0.08515 0.05942 0.04147 0.02894 0.02019 0.01409 0.009834 0.006862 0.004789 0.003342 0.002332 0.001627 0.001136 0.0007925 0.000553 0.001277
0.002191 0.06543 0.3827 0.122 0.08549 0.0597 0.04166 0.02907 0.02029 0.01416 0.00988 0.006895 0.004811 0.003358 0.002343 0.001635 0.001141 0.0007963 0.0005557 0.001283
0.001498 0.0246 0.1836 0.3191 0.08557 0.05994 0.04186 0.02921 0.02038 0.01423 0.009927 0.006927 0.004834 0.003374 0.002354 0.001643 0.001146 8e-04 0.0005583 0.001289
0.01332 0.01682 0.06904 0.1531 0.2238 0.06 0.04203 0.02935 0.02048 0.01429 0.009974 0.00696 0.004857 0.00339 0.002365 0.001651 0.001152 0.0008038 0.0005609 0.001295
0.005946 0.1495 0.04718 0.05757 0.1073 0.1569 0.04207 0.02947 0.02058 0.01436 0.01002 0.006993 0.00488 0.003406 0.002377 0.001658 0.001157 0.0008076 0.0005636 0.001302
0.009043 0.06676 0.4196 0.03935 0.04037 0.07527 0.11 0.0295 0.02066 0.01443 0.01007 0.007026 0.004903 0.003422 0.002388 0.001666 0.001163 0.0008114 0.0005663 0.001308
0.009198 0.1015 0.1873 0.3499 0.02759 0.0283 0.05277 0.07712 0.02068 0.01449 0.01012 0.00706 0.004926 0.003438 0.002399 0.001674 0.001168 0.0008153 0.0005689 0.001314
0.007828 0.1033 0.2849 0.1562 0.2453 0.01934 0.01984 0.037 0.05407 0.0145 0.01016 0.007093 0.00495 0.003454 0.00241 0.001682 0.001174 0.0008191 0.0005716 0.00132
0.01097 0.08789 0.2898 0.2376 0.1095 0.172 0.01356 0.01391 0.02594 0.03791 0.01017 0.007121 0.004973 0.003471 0.002422 0.00169 0.001179 0.000823 0.0005743 0.001326
0.007009 0.1232 0.2466 0.2417 0.1666 0.0768 0.1206 0.009509 0.009755 0.01819 0.02658 0.007128 0.004993 0.003487 0.002433 0.001698 0.001185 0.0008269 0.0005771 0.001333
0.003402 0.0787 0.3456 0.2057 0.1694 0.1168 0.05385 0.08456 0.006667 0.00684 0.01275 0.01864 0.004998 0.003501 0.002445 0.001706 0.001191 0.0008308 0.0005798 0.001339
0.006935 0.03819 0.2208 0.2882 0.1442 0.1188 0.08189 0.03775 0.05929 0.004675 0.004796 0.008942 0.01307 0.003504 0.002455 0.001714 0.001196 0.0008348 0.0005825 0.001345
0.003157 0.07787 0.1072 0.1841 0.202 0.1011 0.08329 0.05742 0.02647 0.04157 0.003278 0.003362 0.00627 0.009163 0.002457 0.001721 0.001202 0.0008387 0.0005853 0.001352
0.005006 0.03545 0.2185 0.08937 0.1291 0.1417 0.07089 0.0584 0.04026 0.01856 0.02915 0.002298 0.002358 0.004396 0.006424 0.001723 0.001207 0.0008427 0.0005881 0.001358
0.002733 0.05621 0.09946 0.1822 0.06266 0.09053 0.09932 0.0497 0.04095 0.02823 0.01301 0.02044 0.001611 0.001653 0.003082 0.004504 0.001208 0.000846 0.0005908 0.001365
0.00315 0.03069 0.1577 0.08294 0.1277 0.04393 0.06347 0.06964 0.03485 0.02871 0.01979 0.009124 0.01433 0.00113 0.001159 0.002161 0.003158 0.0008469 0.0005932 0.001371
0.007829 0.03537 0.08611 0.1315 0.05815 0.08957 0.0308 0.0445 0.04883 0.02443 0.02013 0.01388 0.006397 0.01005 0.0007921 0.0008126 0.001515 0.002214 0.0005938 0.001377
0.001848 0.0879 0.09923 0.0718 0.09222 0.04077 0.0628 0.0216 0.0312 0.03424 0.01713 0.01411 0.009729 0.004485 0.007044 0.0005554 0.0005698 0.001062 0.001553 0.001382
0.005839 0.02074 0.2466 0.08275 0.05035 0.06466 0.02859 0.04403 0.01514 0.02188 0.024 0.01201 0.009896 0.006822 0.003145 0.004939 0.0003894 0.0003995 0.0007449 0.002058
0.004397 0.06556 0.05821 0.2057 0.05802 0.0353 0.04533 0.02004 0.03087 0.01062 0.01534 0.01683 0.008422 0.006938 0.004783 0.002205 0.003463 0.000273 0.0002801 0.001965
0.008327 0.04937 0.184 0.04854 0.1442 0.04068 0.02475 0.03179 0.01405 0.02165 0.007444 0.01076 0.0118 0.005905 0.004865 0.003354 0.001546 0.002428 0.0001914 0.001574
0.01402 0.0935 0.1385 0.1534 0.03403 0.1011 0.02852 0.01735 0.02229 0.009854 0.01518 0.00522 0.007541 0.008274 0.00414 0.003411 0.002351 0.001084 0.001702 0.001238
0.002485 0.1575 0.2623 0.1155 0.1076 0.02386 0.07089 0.02 0.01217 0.01563 0.006909 0.01064 0.00366 0.005287 0.005801 0.002903 0.002392 0.001649 0.00076 0.002061
0.008644 0.02791 0.4419 0.2188 0.08099 0.07541 0.01673 0.04971 0.01402 0.008531 0.01096 0.004844 0.007461 0.002566 0.003707 0.004067 0.002035 0.001677 0.001156 0.001978
0.004875 0.09706 0.0783 0.3685 0.1534 0.05679 0.05288 0.01173 0.03485 0.009831 0.005981 0.007682 0.003396 0.005231 0.001799 0.002599 0.002852 0.001427 0.001176 0.002198
0.0113 0.05473 0.2723 0.06529 0.2583 0.1075 0.03982 0.03707 0.008225 0.02444 0.006893 0.004194 0.005386 0.002381 0.003668 0.001261 0.001822 0.002 0.001001 0.002365
0.004501 0.1269 0.1536 0.2271 0.04578 0.1811 0.0754 0.02792 0.02599 0.005767 0.01713 0.004833 0.00294 0.003776 0.00167 0.002572 0.0008844 0.001278 0.001402 0.00236
0.004938 0.05054 0.3561 0.1281 0.1592 0.0321 0.127 0.05287 0.01957 0.01823 0.004043 0.01201 0.003389 0.002062 0.002648 0.001171 0.001803 0.0006201 0.0008959 0.002638
0.002824 0.05544 0.1418 0.297 0.0898 0.1116 0.02251 0.08905 0.03707 0.01372 0.01278 0.002835 0.008423 0.002376 0.001446 0.001856 0.0008208 0.001264 0.0004348 0.002477
0.006447 0.03171 0.1556 0.1182 0.2082 0.06296 0.07828 0.01578 0.06243 0.02599 0.009623 0.00896 0.001988 0.005905 0.001666 0.001014 0.001302 0.0005755 0.0008864 0.002042
0.007291 0.07238 0.08898 0.1297 0.08291 0.146 0.04414 0.05488 0.01106 0.04378 0.01822 0.006747 0.006282 0.001394 0.004141 0.001168 0.0007106 0.0009126 0.0004035 0.002053
0.007614 0.08186 0.2031 0.07419 0.09096 0.05813 0.1024 0.03095 0.03848 0.007757 0.03069 0.01278 0.00473 0.004405 0.0009772 0.002903 0.0008189 0.0004983 0.0006399 0.001723
0.004528 0.08549 0.2297 0.1694 0.05202 0.06377 0.04076 0.07177 0.0217 0.02698 0.005439 0.02152 0.008959 0.003317 0.003088 0.0006851 0.002036 0.0005742 0.0003493 0.001656
0.006041 0.05085 0.2399 0.1915 0.1188 0.03647 0.04472 0.02858 0.05032 0.01522 0.01892 0.003814 0.01509 0.006281 0.002325 0.002165 0.0004804 0.001427 0.0004026 0.001406
0.004655 0.06783 0.1427 0.2 0.1343 0.08326 0.02557 0.03135 0.02004 0.03528 0.01067 0.01326 0.002674 0.01058 0.004404 0.00163 0.001518 0.0003368 0.001001 0.001268
0.004086 0.05227 0.1903 0.119 0.1402 0.09416 0.05838 0.01793 0.02198 0.01405 0.02474 0.00748 0.0093 0.001875 0.007418 0.003088 0.001143 0.001064 0.0002362 0.001591
0.005481 0.04588 0.1467 0.1587 0.08342 0.09833 0.06602 0.04093 0.01257 0.01541 0.00985 0.01735 0.005245 0.006521 0.001314 0.005201 0.002165 0.0008016 0.0007463 0.001281
0.004107 0.06154 0.1287 0.1223 0.1113 0.05849 0.06895 0.04629 0.0287 0.008815 0.01081 0.006906 0.01216 0.003677 0.004572 0.0009216 0.003646 0.001518 0.000562 0.001421
0.008988 0.04612 0.1727 0.1074 0.08575 0.07802 0.04101 0.04834 0.03246 0.02012 0.00618 0.007577 0.004842 0.008527 0.002578 0.003206 0.0006462 0.002557 0.001064 0.001391
9.958e-08 1.155e-06 1.482e-06 1.649e-06 8.619e-07 6.884e-07 6.264e-07 3.292e-07 3.881e-07 2.606e-07 1.616e-07 4.962e-08 6.083e-08 3.888e-08 6.846e-08 2.07e-08 2.574e-08 5.188e-09 2.053e-08 1.971e-08
0.09744 1.443 4.165 1.587 1.485 0.7762 0.6199 0.5641 0.2965 0.3495 0.2346 0.1455 0.04468 0.05478 0.03501 0.06165 0.01864 0.02317 0.004672 0.03623
0.08775 2.182 7.992 6.812 2.179 2.039 1.066 0.8515 0.7748 0.4072 0.48 0.3223 0.1998 0.06137 0.07524 0.04808 0.08467 0.0256 0.03183 0.05618
0.1061 1.471 8.998 9.672 6.915 2.212 2.07 1.082 0.8643 0.7864 0.4133 0.4873 0.3271 0.2028 0.0623 0.07637 0.04881 0.08595 0.02599 0.08934
0.1027 1.578 5.354 9.549 8.599 6.147 1.967 1.84 0.9621 0.7684 0.6992 0.3675 0.4332 0.2908 0.1803 0.05538 0.0679 0.04339 0.07641 0.1025
0.4162 1.431 5.344 5.256 7.842 7.062 5.049 1.615 1.511 0.7901 0.6311 0.5742 0.3018 0.3558 0.2389 0.1481 0.04548 0.05576 0.03564 0.147
1.612 5.556 4.616 4.968 4.083 6.092 5.486 3.922 1.255 1.174 0.6138 0.4902 0.446 0.2344 0.2764 0.1856 0.115 0.03533 0.04332 0.1418
0.2852 20.89 17.3 4.116 3.697 3.038 4.534 4.083 2.919 0.9337 0.8737 0.4568 0.3648 0.3319 0.1745 0.2057 0.1381 0.08561 0.0263 0.1378
1.297 3.616 63.24 14.91 2.957 2.656 2.183 3.257 2.933 2.097 0.6707 0.6276 0.3281 0.2621 0.2384 0.1253 0.1477 0.09919 0.0615 0.1179
1.888 16.16 10.7 52.93 10.39 2.06 1.85 1.521 2.269 2.043 1.461 0.4673 0.4373 0.2286 0.1826 0.1661 0.08732 0.1029 0.06911 0.125
0.328 23.19 46.86 8.724 35.89 7.044 1.397 1.255 1.031 1.539 1.385 0.9904 0.3169 0.2965 0.155 0.1238 0.1126 0.0592 0.06979 0.1316
0.4176 3.984 66.1 37.33 5.77 23.74 4.659 0.9239 0.8298 0.6819 1.018 0.9163 0.6551 0.2096 0.1961 0.1025 0.08188 0.0745 0.03916 0.1332
0.3074 5.021 11.18 51.53 24.13 3.73 15.34 3.011 0.5971 0.5364 0.4408 0.6577 0.5922 0.4234 0.1355 0.1268 0.06626 0.05292 0.04815 0.1114
1.002 3.665 13.89 8.537 32.59 15.26 2.359 9.703 1.904 0.3776 0.3392 0.2788 0.416 0.3746 0.2678 0.08567 0.08016 0.04191 0.03347 0.1009
1.646 11.86 10 10.4 5.289 20.19 9.453 1.461 6.011 1.18 0.2339 0.2101 0.1727 0.2577 0.232 0.1659 0.05307 0.04966 0.02596 0.08325
0.8877 19.35 31.97 7.355 6.319 3.212 12.26 5.74 0.8873 3.65 0.7165 0.1421 0.1276 0.1049 0.1565 0.1409 0.1007 0.03223 0.03016 0.06632
1.276 10.37 51.57 23.09 4.382 3.764 1.913 7.303 3.42 0.5286 2.175 0.4268 0.08463 0.07602 0.06247 0.09322 0.08394 0.06001 0.0192 0.05747
1.007 14.82 27.33 36.6 13.5 2.562 2.201 1.119 4.27 1.999 0.3091 1.271 0.2496 0.04948 0.04445 0.03653 0.05451 0.04908 0.03509 0.04483
0.7633 11.65 38.64 19.07 21.02 7.751 1.471 1.264 0.6423 2.452 1.148 0.1774 0.73 0.1433 0.02841 0.02552 0.02097 0.03129 0.02818 0.04588
3.005 8.784 30.05 26.52 10.76 11.85 4.371 0.8295 0.7126 0.3622 1.383 0.6474 0.1001 0.4117 0.0808 0.01602 0.01439 0.01183 0.01765 0.04177
0.5067 32.76 21.43 19.41 14.06 5.7 6.281 2.317 0.4396 0.3776 0.1919 0.7327 0.3431 0.05303 0.2182 0.04282 0.008491 0.007627 0.006268 0.03149
1.857 5.524 79.94 13.84 10.28 7.448 3.021 3.328 1.228 0.233 0.2001 0.1017 0.3883 0.1818 0.0281 0.1156 0.02269 0.0045 0.004042 0.02001
0.3151 20.25 13.48 51.64 7.336 5.45 3.947 1.601 1.764 0.6506 0.1235 0.1061 0.05391 0.2058 0.09635 0.01489 0.06127 0.01203 0.002385 0.01275
0.4925 3.435 49.41 8.705 27.36 3.888 2.888 2.092 0.8483 0.9347 0.3448 0.06542 0.0562 0.02857 0.109 0.05106 0.007893 0.03247 0.006373 0.008018
2.147 5.37 8.382 31.91 4.613 14.5 2.06 1.531 1.109 0.4496 0.4953 0.1827 0.03467 0.02978 0.01514 0.05779 0.02706 0.004183 0.01721 0.007626
0.9355 23.4 13.1 5.414 16.91 2.445 7.685 1.092 0.8111 0.5874 0.2382 0.2625 0.09682 0.01837 0.01578 0.008023 0.03062 0.01434 0.002217 0.01316
0.9701 10.2 57.1 8.462 2.869 8.962 1.296 4.072 0.5786 0.4298 0.3113 0.1263 0.1391 0.05131 0.009737 0.008364 0.004252 0.01623 0.007599 0.008149
1.449 10.58 24.89 36.88 4.485 1.52 4.749 0.6865 2.158 0.3066 0.2278 0.165 0.06691 0.07372 0.02719 0.00516 0.004433 0.002253 0.0086 0.008346
1.612 15.8 25.8 16.07 19.55 2.377 0.8058 2.517 0.3638 1.144 0.1625 0.1207 0.08743 0.03546 0.03907 0.01441 0.002734 0.002349 0.001194 0.00898
0.9358 17.58 38.55 16.67 8.518 10.36 1.259 0.427 1.334 0.1928 0.6061 0.08611 0.06397 0.04633 0.01879 0.0207 0.007636 0.001449 0.001245 0.005392
0.5404 10.2 42.89 24.9 8.833 4.514 5.489 0.6674 0.2263 0.7068 0.1022 0.3212 0.04563 0.0339 0.02455 0.009957 0.01097 0.004047 0.0007679 0.003517
0.9318 5.891 24.89 27.7 13.2 4.681 2.392 2.909 0.3537 0.1199 0.3746 0.05415 0.1702 0.02418 0.01797 0.01301 0.005277 0.005814 0.002145 0.002271
0.7828 10.16 14.37 16.08 14.68 6.993 2.481 1.268 1.542 0.1874 0.06355 0.1985 0.02869 0.0902 0.01282 0.009521 0.006895 0.002796 0.003081 0.00234
1.067 8.534 24.79 9.284 8.521 7.78 3.706 1.315 0.6718 0.8169 0.09933 0.03368 0.1052 0.01521 0.0478 0.006792 0.005045 0.003654 0.001482 0.002873
0.7775 11.63 20.82 16.01 4.92 4.516 4.123 1.964 0.6966 0.356 0.4329 0.05264 0.01785 0.05575 0.008059 0.02533 0.003599 0.002674 0.001936 0.002308
1.339 8.476 28.38 13.45 8.484 2.607 2.393 2.185 1.041 0.3692 0.1887 0.2294 0.0279 0.009458 0.02954 0.004271 0.01342 0.001907 0.001417 0.002249
0.7759 14.59 20.68 18.33 7.127 4.496 1.382 1.268 1.158 0.5515 0.1956 0.09998 0.1216 0.01478 0.005012 0.01566 0.002263 0.007114 0.001011 0.001943
0.3966 8.458 35.61 13.36 9.713 3.777 2.383 0.7322 0.672 0.6136 0.2923 0.1037 0.05299 0.06443 0.007834 0.002656 0.008297 0.001199 0.00377 0.001565
0.9893 4.323 20.64 23 7.079 5.147 2.002 1.263 0.388 0.3561 0.3252 0.1549 0.05494 0.02808 0.03414 0.004152 0.001408 0.004397 0.0006356 0.002827
1.254 10.53 10.32 13.04 11.93 3.671 2.669 1.038 0.6548 0.2012 0.1847 0.1686 0.08032 0.02849 0.01456 0.01771 0.002153 0.0007299 0.00228 0.001796
1.137 13.35 25.2 6.558 6.807 6.224 1.916 1.393 0.5417 0.3417 0.105 0.09637 0.088 0.04191 0.01487 0.007599 0.00924 0.001123 0.0003809 0.002127
1.35 12.1 32.04 16.11 3.444 3.574 3.268 1.006 0.7314 0.2844 0.1794 0.05514 0.0506 0.0462 0.02201 0.007807 0.00399 0.004851 0.0005899 0.001317
0.2687 14.37 29.11 20.59 8.509 1.819 1.888 1.727 0.5314 0.3864 0.1503 0.09479 0.02913 0.02674 0.02441 0.01163 0.004125 0.002108 0.002563 0.001007
0.81 2.861 34.67 18.81 10.95 4.523 0.9671 1.004 0.9178 0.2825 0.2054 0.07988 0.05039 0.01549 0.01421 0.01298 0.006181 0.002193 0.001121 0.001898
1.051 8.621 6.919 22.53 10.06 5.855 2.419 0.5172 0.5369 0.4909 0.1511 0.1099 0.04272 0.02695 0.008282 0.007601 0.00694 0.003306 0.001173 0.001614
1.551 11.19 20.91 4.521 12.12 5.414 3.15 1.302 0.2783 0.2889 0.2641 0.0813 0.05911 0.02299 0.0145 0.004456 0.00409 0.003734 0.001779 0.0015
0.2416 16.5 27.2 13.73 2.447 6.562 2.931 1.705 0.7046 0.1507 0.1564 0.143 0.04401 0.032 0.01244 0.007849 0.002412 0.002214 0.002022 0.001775
0.8978 2.571 40.22 17.96 7.479 1.333 3.574 1.596 0.9286 0.3837 0.08204 0.08515 0.07786 0.02396 0.01742 0.006776 0.004274 0.001314 0.001206 0.002067
0.5186 9.549 6.281 26.7 9.839 4.096 0.73 1.957 0.8741 0.5086 0.2102 0.04494 0.04664 0.04265 0.01313 0.009544 0.003712 0.002341 0.0007195 0.001793
0.9978 5.514 23.38 4.192 14.71 5.421 2.257 0.4022 1.078 0.4816 0.2802 0.1158 0.02476 0.0257 0.0235 0.007232 0.005259 0.002045 0.00129 0.001384
0.7579 10.6 13.53 15.69 2.323 8.153 3.004 1.251 0.2229 0.5976 0.2669 0.1553 0.06417 0.01372 0.01424 0.01302 0.004008 0.002914 0.001133 0.001482
0.6002 8.051 26.09 9.125 8.742 1.294 4.544 1.674 0.697 0.1242 0.333 0.1487 0.08654 0.03576 0.007646 0.007936 0.007256 0.002233 0.001624 0.001457
1.394 6.372 19.85 17.68 5.114 4.899 0.7254 2.546 0.9382 0.3906 0.0696 0.1866 0.08335 0.0485 0.02004 0.004285 0.004447 0.004066 0.001252 0.001727
0.4649 14.79 15.74 13.51 9.96 2.882 2.761 0.4088 1.435 0.5287 0.2201 0.03922 0.1052 0.04697 0.02733 0.01129 0.002414 0.002506 0.002291 0.001678
0.6091 4.929 36.6 10.77 7.656 5.643 1.633 1.564 0.2316 0.8129 0.2995 0.1247 0.02222 0.05958 0.02661 0.01548 0.006398 0.001368 0.00142 0.002249
0.5169 6.452 12.22 25.15 6.133 4.36 3.214 0.9298 0.8907 0.1319 0.4629 0.1706 0.07101 0.01265 0.03393 0.01515 0.008818 0.003644 0.000779 0.002089
0.4594 5.47 16.02 8.438 14.4 3.511 2.496 1.84 0.5322 0.5099 0.0755 0.265 0.09764 0.04065 0.007244 0.01942 0.008675 0.005048 0.002086 0.001642
0.1545 4.856 13.61 11.11 4.854 8.284 2.02 1.436 1.058 0.3062 0.2933 0.04343 0.1525 0.05617 0.02339 0.004167 0.01117 0.00499 0.002904 0.002145
