Originally  
101 
A 
2	100	
1	1	NA	NA	
1	20	
1 411.7 311.9 162.2 149.7 87.33 12.48 24.95 24.95 12.48 0 24.95 0 12.48 0 0 0 0 12.48 0 0
1 1465 450.9 366.3 197.3 84.54 28.18 56.36 28.18 56.36 28.18 0 0 28.18 28.18 0 0 0 0 0 0
1 525.4 777.5 315.2 189.1 147.1 42.03 21.01 21.01 21.01 0 21.01 0 21.01 0 0 0 0 0 0 0
1 185.7 336.6 336.6 127.7 69.64 34.82 23.21 11.61 11.61 0 0 11.61 0 11.61 0 0 0 0 0 0
1 117.9 129.7 200.5 306.6 129.7 129.7 58.96 11.79 47.17 11.79 0 11.79 0 11.79 0 0 0 11.79 0 0
1 1178 147.2 98.14 269.9 441.6 147.2 49.07 49.07 49.07 24.53 0 0 0 0 0 0 0 0 0 0
1 490.7 524.6 101.5 67.69 67.69 220 84.61 33.84 33.84 33.84 33.84 0 0 0 0 0 0 0 0 0
1 564.6 282.3 371.5 29.72 14.86 59.43 118.9 14.86 14.86 0 0 0 14.86 0 0 0 0 0 0 0
1 845.1 739.5 316.9 475.4 0 26.41 26.41 79.23 26.41 26.41 52.82 0 0 26.41 0 0 0 0 0 0
1 694.8 694.8 472.4 222.3 472.4 27.79 27.79 55.58 55.58 0 27.79 0 27.79 0 0 0 0 0 0 0
1 1000 389 333.4 222.3 222.3 416.8 0 27.79 55.57 0 27.79 83.36 0 0 0 0 0 0 0 0
1 404.6 526 263 364.1 222.5 40.46 141.6 0 20.23 0 40.46 0 0 0 0 0 0 0 0 0
1 354.4 420.8 575.8 265.8 310.1 110.7 44.29 88.59 22.15 0 0 0 0 0 0 22.15 0 0 0 0
1 501.9 172.5 188.2 313.7 125.5 78.43 94.11 15.69 47.06 15.69 0 15.69 0 0 0 0 0 0 0 0
1 178.7 357.5 110 137.5 192.5 123.7 96.24 41.25 27.5 82.49 0 0 13.75 13.75 0 0 0 0 0 0
1 256.5 116.6 256.5 69.97 128.3 81.63 58.31 46.64 81.63 34.98 23.32 0 0 0 0 11.66 0 0 0 0
1 230.9 320.7 115.5 128.3 51.32 166.8 115.5 38.49 12.83 25.66 12.83 38.49 0 0 25.66 0 0 0 0 0
1 275.1 178.8 316.4 55.03 165.1 41.27 82.54 82.54 27.51 55.03 41.27 41.27 0 0 0 0 0 13.76 0 0
1 553.2 291.9 107.6 122.9 61.46 107.6 15.37 46.1 92.19 61.46 15.37 15.37 0 15.37 0 0 0 15.37 0 15.37
1 140.2 602.8 140.2 98.12 84.1 56.07 98.12 28.03 28.03 14.02 42.05 28.03 14.02 0 14.02 0 0 0 0 14.02
1 489.7 81.61 340 95.21 95.21 27.2 40.8 40.8 40.8 13.6 27.2 40.8 27.2 0 0 0 0 0 0 0
1 558.9 254 67.74 372.6 84.68 33.87 152.4 16.94 67.74 16.94 0 50.81 0 0 0 0 0 0 0 16.94
1 768.8 332 279.6 139.8 34.94 52.42 17.47 0 17.47 34.94 0 17.47 17.47 0 0 34.94 0 0 0 0
1 1532 893.9 255.4 63.85 31.92 127.7 127.7 31.92 31.92 0 31.92 0 0 0 0 0 31.92 0 0 31.92
1 193 857.9 536.2 214.5 128.7 0 107.2 64.34 0 21.45 21.45 0 0 0 0 0 0 0 0 0
1 539.3 85.16 397.4 170.3 85.16 28.39 14.19 56.77 0 14.19 0 0 0 0 0 0 0 0 0 28.39
1 458.1 557.7 199.2 358.5 159.4 99.6 59.76 19.92 39.84 19.92 0 0 0 0 0 0 0 0 19.92 0
1 993.3 310.4 248.3 20.69 206.9 82.78 103.5 0 0 62.08 0 0 20.69 0 0 0 0 0 0 20.69
1 437 665.8 249.7 228.9 20.81 187.3 166.5 62.42 41.62 0 0 0 0 0 0 0 0 0 0 20.81
1 394.3 325.7 480 154.3 154.3 0 85.71 34.28 0 0 0 51.43 34.28 0 0 0 0 0 0 0
1 159.9 285.5 182.7 182.7 57.1 114.2 0 91.36 34.26 11.42 11.42 0 0 0 0 11.42 0 0 0 0
1 350.7 152.5 259.2 137.2 350.7 91.48 106.7 0 60.99 0 0 0 0 15.25 0 0 0 0 0 0
1 671 376.4 81.83 98.2 49.1 98.2 16.37 81.83 32.73 98.2 0 0 16.37 0 0 0 0 0 0 16.37
1 850.8 526.7 243.1 60.77 101.3 141.8 20.26 0 20.26 20.26 20.26 20.26 0 0 0 0 0 0 0 0
1 413.2 557 341.4 143.7 35.93 53.9 53.9 89.83 0 53.9 0 35.93 0 0 0 0 17.97 0 0 0
1 678.1 244.9 301.4 150.7 188.3 75.34 18.83 56.5 56.5 37.67 18.83 0 37.67 18.83 0 0 0 0 0 0
1 388.2 388.2 270.1 202.5 118.2 168.8 16.88 0 0 67.51 16.88 16.88 0 33.76 0 0 0 0 0 0
1 236.2 184.9 174.6 102.7 113 82.16 41.08 20.54 20.54 10.27 20.54 0 20.54 0 0 0 0 0 0 0
1 377.3 159.6 319.2 188.6 87.06 29.02 87.06 72.55 14.51 14.51 14.51 29.02 14.51 0 14.51 0 14.51 0 0 14.51
1 449.4 344.6 164.8 179.8 164.8 44.94 44.94 29.96 44.94 0 14.98 0 14.98 0 0 0 0 0 0 0
1 612.8 140.4 191.5 0 140.4 38.3 38.3 38.3 25.53 25.53 0 0 0 12.77 0 0 0 0 0 12.77
1 1125 893.3 330.9 430.1 132.3 33.09 99.26 66.17 99.26 33.09 0 33.09 0 0 33.09 0 0 0 0 0
1 636 496.8 337.9 159 119.2 59.62 19.87 79.5 39.75 19.87 19.87 0 0 0 0 0 0 0 0 0
1 327.6 520.2 346.8 385.4 115.6 77.07 19.27 0 19.27 38.54 38.54 19.27 19.27 0 0 0 0 0 0 0
1 426 300.7 325.7 375.8 350.8 150.3 100.2 175.4 25.06 50.11 25.06 75.17 75.17 25.06 0 0 0 0 25.06 0
1 113.6 142 104.1 208.3 160.9 94.67 28.4 9.467 47.33 28.4 9.467 0 0 0 0 0 0 0 0 0
1 594.4 234.6 125.1 109.5 109.5 172.1 78.21 46.93 46.93 15.64 0 0 15.64 0 0 15.64 0 0 0 0
1 1524 392.4 46.17 92.34 46.17 46.17 46.17 46.17 0 0 23.08 0 0 0 23.08 0 23.08 0 0 0
1 328.5 1140 231.9 38.65 38.65 38.65 38.65 19.33 0 0 0 0 0 19.33 0 0 19.33 0 0 19.33
1 1179 225.8 853 175.6 0 0 50.18 0 0 0 0 0 0 0 0 0 25.09 0 0 0
1 1352 882 147 411.6 117.6 0 0 0 0 29.4 0 0 0 0 0 0 0 0 0 0
1 196.2 820.3 321 107 231.8 53.5 0 0 0 17.83 17.83 17.83 0 0 0 0 0 0 0 0
1 165.7 89.24 599.2 178.5 38.25 127.5 38.25 0 0 0 12.75 12.75 12.75 0 0 0 0 0 0 0
1 204.9 75.48 97.05 334.3 194.1 21.57 118.6 32.35 0 0 0 0 0 0 0 0 0 0 0 0
1 585.9 93.22 53.27 53.27 293 199.8 13.32 13.32 26.63 0 0 0 0 0 0 0 0 0 0 0
1 624.4 232.6 48.97 36.73 0 183.6 61.21 0 36.73 0 0 0 0 0 0 0 0 0 0 0
1 303.1 355.4 177.7 20.9 52.26 10.45 52.26 41.81 10.45 10.45 0 0 10.45 0 0 0 0 0 0 0
1 673.3 202 242.4 80.8 13.47 67.33 0 40.4 26.93 0 0 0 0 0 0 0 0 0 0 0
1 252.3 362 131.6 197.5 65.82 21.94 21.94 0 21.94 21.94 0 0 0 0 0 0 0 0 0 0
1 245.6 191 209.2 90.97 54.58 45.48 27.29 9.097 0 9.097 18.19 0 9.097 0 0 0 0 0 0 0
1 743.3 163.8 100.8 126 25.2 50.39 25.2 0 0 0 12.6 12.6 0 0 0 0 0 0 0 0
1 146.8 1083 220.2 165.2 91.77 0 73.41 18.35 36.71 0 0 0 0 0 0 0 0 0 0 0
1 767.7 174.5 558.3 87.24 34.9 87.24 34.9 0 0 0 0 0 0 0 0 0 0 0 0 0
1 74.13 336.9 47.17 134.8 33.69 6.739 13.48 6.739 13.48 6.739 0 0 0 0 0 0 0 0 0 0
1 222.4 166.8 378.1 55.61 233.6 22.24 11.12 11.12 0 11.12 0 0 0 0 0 0 0 0 0 0
1 575.5 111.7 25.77 68.71 25.77 17.18 8.589 8.589 0 8.589 0 0 0 0 0 8.589 0 0 0 0
1 393.2 436.9 54.61 32.77 76.46 21.85 54.61 21.85 0 0 0 0 0 0 0 0 0 0 0 0
1 352 237.8 266.4 19.03 0 38.05 0 38.05 0 0 0 0 0 0 0 0 0 0 0 0
1 430.2 230.1 90.04 180.1 10 10 30.01 0 10 0 0 0 0 0 10 0 0 0 0 0
1 296.8 287.5 139.1 111.3 55.64 9.274 9.274 9.274 0 0 0 0 9.274 0 0 0 0 0 0 0
1 226.6 401.6 247.2 92.68 20.6 30.89 10.3 0 0 0 0 0 0 0 0 0 0 0 0 0
1 172.7 366.9 313 75.54 64.75 32.38 43.17 0 0 0 10.79 0 0 0 0 0 0 0 0 0
1 271.2 115.2 122 74.57 27.12 20.34 6.779 40.68 0 0 0 0 0 0 0 0 0 0 0 0
1 230.3 230.3 62.81 69.79 69.79 20.94 0 13.96 0 0 0 0 0 0 0 0 0 0 0 0
1 353 156 156 49.26 41.05 41.05 8.209 8.209 8.209 0 0 0 0 0 0 0 0 0 0 0
1 243.7 184.6 125.6 81.24 36.93 29.54 14.77 22.16 0 0 0 0 0 0 0 0 0 0 0 0
1 448 146.5 163.7 17.23 43.08 8.616 8.616 8.616 0 8.616 8.616 0 0 0 0 0 0 0 0 0
1 213.5 364.7 88.94 97.83 44.47 44.47 8.894 0 17.79 0 8.894 0 0 0 0 0 0 0 0 0
1 103.8 181.6 220.5 71.33 32.42 12.97 12.97 0 6.485 6.485 0 0 0 0 0 0 0 0 0 0
1 271.5 36.2 126.7 78.43 30.17 42.23 6.033 6.033 0 0 0 0 0 6.033 0 0 0 0 0 0
1 578.2 272.7 43.64 54.55 98.19 0 21.82 0 10.91 0 0 0 10.91 0 0 0 0 0 0 0
1 426.5 255.9 170.6 28.43 47.39 9.478 0 0 9.478 0 0 0 0 0 0 0 0 0 0 0
1 515.2 287.5 203.7 95.84 23.96 11.98 35.94 0 11.98 11.98 0 0 0 0 0 0 0 0 0 0
1 126.7 313 156.5 89.42 37.26 7.452 14.9 0 0 0 0 0 0 0 0 0 0 0 0 0
1 333.9 25.69 222.6 111.3 102.8 42.81 0 0 17.13 0 0 0 0 0 0 0 0 0 0 0
1 403.7 223.3 25.77 120.2 34.36 34.36 17.18 0 0 0 0 0 0 0 0 0 0 0 0 0
1 671.3 369.9 150.7 27.4 54.8 41.1 41.1 0 0 0 13.7 0 0 0 0 0 0 0 0 0
1 93.74 614.5 166.6 62.49 20.83 31.25 20.83 31.25 0 0 0 0 0 0 0 0 0 0 0 0
1 333.6 55.6 230.3 63.54 39.71 15.89 31.77 7.943 7.943 7.943 0 0 0 0 0 0 0 0 0 0
1 170.8 264.7 68.31 222 102.5 17.08 0 0 8.539 0 0 0 0 0 0 0 0 0 0 0
1 497.6 127.3 243 46.29 138.9 46.29 0 11.57 46.29 0 0 0 0 0 0 0 0 0 0 0
1 409.6 287.8 166 55.34 22.14 121.8 11.07 0 0 11.07 22.14 0 0 0 0 0 0 0 0 0
1 281.1 120.5 192.8 80.32 64.26 8.032 24.1 8.032 8.032 0 16.06 0 0 0 0 0 0 0 0 0
1 778 244.9 144.1 57.63 72.03 86.44 0 43.22 14.41 0 0 0 0 0 0 0 0 0 0 0
1 261.9 736.5 261.9 229.1 65.47 32.73 32.73 0 0 16.37 0 0 0 0 0 0 0 0 0 0
1 569.6 203.4 339 81.37 13.56 67.81 13.56 40.68 13.56 13.56 0 0 0 0 0 0 0 0 0 0
1 276.8 162.8 146.5 130.3 8.141 24.42 32.56 16.28 8.141 0 0 8.141 0 0 0 0 0 0 0 0
1 233.5 188.3 82.86 67.8 97.93 52.73 7.533 7.533 0 15.07 0 0 0 0 0 0 0 0 0 0
1 78.23 241.2 123.9 39.11 32.6 78.23 13.04 13.04 6.519 13.04 6.519 0 0 0 0 0 6.519 0 0 0
