 landings-at-age - landings.n (units : NA )
1	2	
42	100	
1	20	
1 
0.9693 12.36 29.79 25.07 7.45 6.459 5.244 5.323 3.808 2.274 1.254 1.319 0.7856 0.6407 0.3472 0.2364 0.1381 0.1833 0.0743 0.2089
1.504 11.84 33.93 21.89 15.16 4.505 3.906 3.171 3.219 2.303 1.375 0.7586 0.7974 0.4751 0.3874 0.21 0.1429 0.08352 0.1108 0.1713
0.8089 14.86 26.39 20.08 10.64 7.364 2.189 1.897 1.54 1.564 1.119 0.668 0.3685 0.3874 0.2308 0.1882 0.102 0.06944 0.04058 0.137
0.8897 8.64 35.99 17.14 10.73 5.682 3.934 1.169 1.014 0.823 0.8354 0.5977 0.3569 0.1969 0.207 0.1233 0.1006 0.05449 0.0371 0.09489
0.8727 10.11 22.21 24.84 9.736 6.095 3.228 2.235 0.6642 0.5759 0.4675 0.4746 0.3395 0.2027 0.1118 0.1176 0.07005 0.05712 0.03096 0.07498
0.8286 9.508 24.9 14.64 13.47 5.279 3.305 1.75 1.212 0.3601 0.3122 0.2535 0.2573 0.1841 0.1099 0.06064 0.06375 0.03798 0.03097 0.05744
0.987 9.436 24.41 17.1 8.271 7.607 2.982 1.867 0.9885 0.6844 0.2034 0.1764 0.1432 0.1453 0.104 0.06209 0.03425 0.03601 0.02145 0.04994
1.119 9.822 21.29 14.7 8.462 4.093 3.764 1.476 0.9237 0.4892 0.3387 0.1007 0.08727 0.07085 0.07192 0.05145 0.03073 0.01695 0.01782 0.03533
0.9038 14.03 27.71 16.13 9.169 5.277 2.553 2.348 0.9203 0.5761 0.3051 0.2112 0.06278 0.05443 0.04419 0.04486 0.03209 0.01916 0.01057 0.03315
0.9948 9.432 32.94 17.26 8.246 4.688 2.698 1.305 1.2 0.4705 0.2946 0.156 0.108 0.0321 0.02783 0.02259 0.02294 0.01641 0.009798 0.02235
1.153 11.23 23.91 22.24 9.577 4.575 2.601 1.497 0.7242 0.666 0.2611 0.1634 0.08655 0.05993 0.01781 0.01544 0.01254 0.01273 0.009104 0.01784
1.407 12.01 26.33 14.9 11.38 4.901 2.341 1.331 0.7662 0.3706 0.3408 0.1336 0.08364 0.04429 0.03067 0.009115 0.007902 0.006415 0.006512 0.01379
0.9553 14.85 28.67 16.79 7.813 5.967 2.569 1.227 0.6979 0.4016 0.1943 0.1787 0.07004 0.04385 0.02322 0.01608 0.004778 0.004142 0.003363 0.01064
0.8571 10.75 37.76 19.52 9.405 4.376 3.342 1.439 0.6874 0.3909 0.225 0.1088 0.1001 0.03923 0.02456 0.013 0.009004 0.002676 0.00232 0.007844
1.192 9.581 27.08 25.39 10.79 5.199 2.419 1.847 0.7953 0.3799 0.216 0.1243 0.06014 0.05531 0.02168 0.01357 0.007188 0.004977 0.001479 0.005618
1.423 12.08 21.98 16.57 12.77 5.426 2.614 1.216 0.9289 0.3999 0.191 0.1086 0.06252 0.03024 0.02781 0.0109 0.006825 0.003614 0.002502 0.003569
0.9107 17.51 33.43 16.3 10.12 7.793 3.312 1.596 0.7423 0.567 0.2441 0.1166 0.0663 0.03816 0.01846 0.01698 0.006654 0.004166 0.002206 0.003706
1.1 9.113 39.53 20.04 8.018 4.976 3.833 1.629 0.7848 0.3651 0.2789 0.1201 0.05736 0.03261 0.01877 0.00908 0.00835 0.003273 0.002049 0.002908
0.6949 11.87 22.25 25.84 10.77 4.311 2.675 2.061 0.8758 0.4219 0.1963 0.1499 0.06455 0.03084 0.01753 0.01009 0.004881 0.004489 0.00176 0.002665
1.263 8.393 32.21 16.16 15.44 6.438 2.576 1.599 1.232 0.5234 0.2521 0.1173 0.0896 0.03858 0.01843 0.01048 0.006031 0.002917 0.002683 0.002644
0.6982 13.66 20.36 20.72 8.531 8.152 3.399 1.36 0.844 0.6501 0.2763 0.1331 0.06193 0.0473 0.02036 0.009728 0.005532 0.003184 0.00154 0.002812
1.516 7.72 33.85 13.38 11.18 4.603 4.398 1.834 0.7337 0.4553 0.3507 0.1491 0.07181 0.03341 0.02552 0.01099 0.005248 0.002984 0.001718 0.002348
0.8734 15.01 17.24 20.07 6.51 5.437 2.239 2.139 0.8919 0.3569 0.2215 0.1706 0.07251 0.03493 0.01625 0.01241 0.005344 0.002553 0.001452 0.001978
0.3798 9.824 38.12 11.72 11.22 3.641 3.041 1.252 1.197 0.4988 0.1996 0.1239 0.09543 0.04055 0.01954 0.00909 0.006943 0.002989 0.001428 0.001918
0.8454 4.113 24.02 24.89 6.293 6.024 1.954 1.632 0.6721 0.6422 0.2677 0.1071 0.06649 0.05122 0.02177 0.01049 0.004879 0.003726 0.001604 0.001796
0.7782 9.332 10.24 15.99 13.62 3.444 3.297 1.07 0.8933 0.3678 0.3515 0.1465 0.05863 0.03639 0.02803 0.01191 0.005739 0.00267 0.002039 0.001861
0.8182 7.994 21.72 6.374 8.177 6.968 1.761 1.686 0.547 0.4569 0.1881 0.1798 0.07494 0.02999 0.01861 0.01434 0.006092 0.002935 0.001366 0.001995
0.6405 10.03 22.06 16.08 3.884 4.982 4.245 1.073 1.027 0.3333 0.2784 0.1146 0.1095 0.04566 0.01827 0.01134 0.008735 0.003712 0.001788 0.002047
0.7604 6.618 23.35 13.64 8.163 1.972 2.529 2.155 0.5449 0.5216 0.1692 0.1413 0.05819 0.05561 0.02318 0.009276 0.005757 0.004435 0.001885 0.001947
0.4138 7.718 15.24 14.38 6.906 4.132 0.998 1.28 1.091 0.2758 0.264 0.08565 0.07153 0.02946 0.02815 0.01173 0.004695 0.002914 0.002245 0.00194
0.8327 4.852 20.47 10.87 8.444 4.055 2.426 0.586 0.7517 0.6406 0.1619 0.155 0.05029 0.042 0.0173 0.01653 0.00689 0.002757 0.001711 0.002457
0.564 9.003 11.85 13.36 5.832 4.532 2.176 1.302 0.3145 0.4034 0.3438 0.08691 0.08319 0.02699 0.02254 0.009282 0.008869 0.003698 0.00148 0.002237
1.107 6.477 23.28 8.191 7.595 3.314 2.575 1.237 0.7399 0.1787 0.2293 0.1954 0.04939 0.04728 0.01534 0.01281 0.005275 0.005041 0.002101 0.002112
0.7045 11.58 15.28 14.62 4.227 3.919 1.71 1.329 0.6381 0.3818 0.09222 0.1183 0.1008 0.02548 0.0244 0.007914 0.00661 0.002722 0.002601 0.002174
0.6903 7.332 27.31 9.644 7.588 2.193 2.033 0.8873 0.6895 0.3311 0.1981 0.04785 0.06138 0.05231 0.01322 0.01266 0.004106 0.00343 0.001412 0.002478
0.404 7.708 18.55 18.57 5.396 4.246 1.227 1.138 0.4965 0.3858 0.1853 0.1108 0.02677 0.03435 0.02927 0.007399 0.007083 0.002298 0.001919 0.002177
0.6301 4.824 20.7 13.34 10.99 3.193 2.512 0.7261 0.6732 0.2938 0.2283 0.1096 0.06559 0.01584 0.02032 0.01732 0.004378 0.004191 0.00136 0.002423
0.6059 6.304 10.9 12.45 6.585 5.422 1.576 1.24 0.3583 0.3322 0.145 0.1127 0.0541 0.03237 0.007818 0.01003 0.008547 0.002161 0.002068 0.001867
0.8798 6.894 16.2 7.506 7.05 3.73 3.071 0.8925 0.7022 0.203 0.1882 0.08212 0.06381 0.03064 0.01833 0.004428 0.005681 0.004841 0.001224 0.002229
0.6728 10.25 18.03 11.29 4.302 4.04 2.138 1.76 0.5115 0.4025 0.1163 0.1079 0.04706 0.03657 0.01756 0.01051 0.002538 0.003256 0.002774 0.001979
0.9509 6.626 22.79 10.64 5.471 2.084 1.957 1.036 0.8526 0.2478 0.195 0.05635 0.05225 0.0228 0.01772 0.008508 0.00509 0.001229 0.001577 0.002303
1.182 10.75 16.92 15.59 5.99 3.079 1.173 1.102 0.5828 0.4799 0.1395 0.1097 0.03171 0.0294 0.01283 0.009971 0.004788 0.002865 0.0006919 0.002184
0.8048 12.68 26.07 10.96 8.303 3.19 1.64 0.6246 0.5866 0.3104 0.2556 0.07427 0.05844 0.01689 0.01566 0.006834 0.00531 0.00255 0.001526 0.001531
0.4913 9.007 32.03 17.61 6.092 4.615 1.773 0.9113 0.3471 0.326 0.1725 0.142 0.04128 0.03248 0.009386 0.008703 0.003798 0.002951 0.001417 0.001699
0.8727 5.028 20.89 19.85 8.974 3.103 2.351 0.9031 0.4643 0.1768 0.1661 0.08788 0.07236 0.02103 0.01654 0.004782 0.004434 0.001935 0.001503 0.001588
1.051 9.808 12.8 14.3 11.18 5.055 1.748 1.324 0.5088 0.2615 0.09962 0.09356 0.04951 0.04076 0.01185 0.00932 0.002694 0.002498 0.00109 0.001741
0.5132 12.18 25.63 8.96 8.23 6.439 2.91 1.006 0.7624 0.2929 0.1506 0.05735 0.05386 0.0285 0.02347 0.00682 0.005366 0.001551 0.001438 0.00163
0.7218 5.712 30.47 17.07 4.903 4.503 3.523 1.593 0.5508 0.4172 0.1603 0.08239 0.03138 0.02948 0.0156 0.01284 0.003732 0.002936 0.0008486 0.001679
0.7688 7.962 14.14 20.05 9.222 2.649 2.433 1.903 0.8603 0.2975 0.2254 0.08658 0.04451 0.01695 0.01592 0.008425 0.006937 0.002016 0.001586 0.001365
0.6665 7.509 17.59 8.312 9.672 4.45 1.278 1.174 0.9183 0.4151 0.1436 0.1087 0.04178 0.02147 0.00818 0.007683 0.004065 0.003347 0.0009727 0.001424
1.011 8.187 20.75 13.04 5.069 5.899 2.714 0.7795 0.7159 0.5601 0.2532 0.08756 0.06632 0.02548 0.0131 0.004989 0.004686 0.002479 0.002041 0.001462
0.5139 10.72 19.52 13.13 6.772 2.633 3.064 1.41 0.4049 0.3719 0.291 0.1315 0.04548 0.03445 0.01324 0.006804 0.002592 0.002434 0.001288 0.00182
1.419 5.694 26.7 12.93 7.145 3.685 1.433 1.667 0.767 0.2203 0.2023 0.1583 0.07155 0.02475 0.01875 0.007201 0.003702 0.00141 0.001324 0.001691
0.4171 14.29 12.95 16.16 6.424 3.55 1.831 0.7118 0.8284 0.3811 0.1095 0.1005 0.07865 0.03555 0.01229 0.009313 0.003578 0.001839 0.0007006 0.001498
0.7744 4.525 35.11 8.534 8.759 3.483 1.925 0.9925 0.3859 0.4491 0.2066 0.05934 0.0545 0.04264 0.01927 0.006666 0.005049 0.00194 0.0009972 0.001192
0.948 8.907 11.75 24.45 4.889 5.018 1.995 1.103 0.5686 0.2211 0.2573 0.1184 0.03399 0.03122 0.02443 0.01104 0.003819 0.002893 0.001111 0.001254
1.06 10.65 22.51 7.92 13.54 2.708 2.78 1.105 0.6108 0.315 0.1225 0.1425 0.06556 0.01883 0.0173 0.01353 0.006116 0.002115 0.001602 0.00131
0.7035 10.94 24.82 13.97 4.038 6.904 1.381 1.417 0.5635 0.3114 0.1606 0.06244 0.07266 0.03343 0.009601 0.008818 0.006899 0.003118 0.001079 0.001485
0.4696 8.383 29.28 17.75 8.22 2.376 4.062 0.8124 0.8338 0.3315 0.1832 0.09448 0.03674 0.04275 0.01967 0.005649 0.005188 0.004059 0.001835 0.001508
