Originally  
101 
A 
42	100	
1	1	NA	NA	
1	20	
1 0.01433 0.2149 0.3868 0.3009 0.07164 0.1289 0.1146 0.07164 0.01433 0.01433 0.01433 0.02866 0 0.01433 0.01433 0.02866 0 0 0 0
1 0.02378 0.1308 0.333 0.2854 0.2141 0 0.01189 0.03568 0.04757 0.05946 0 0.01189 0.01189 0.01189 0 0.01189 0 0 0 0
1 0.02769 0.2353 0.3599 0.3046 0.1523 0.1108 0.06922 0.01384 0.04153 0.01384 0.01384 0.01384 0 0.02769 0 0 0 0 0 0
1 0.06594 0.2088 0.3737 0.2088 0.07693 0.04396 0.05495 0 0.03297 0 0.01099 0 0 0.01099 0.01099 0 0 0 0 0
1 0.05035 0.214 0.3273 0.4028 0.1259 0.07553 0.03777 0 0 0.01259 0 0 0 0 0 0.01259 0 0 0 0
1 0.05059 0.1518 0.2024 0.1518 0.1265 0.07588 0.01686 0.01686 0.01686 0.01686 0.008432 0 0 0 0 0 0 0 0.008432 0
1 0.009434 0.2076 0.3868 0.1415 0.04717 0.08491 0.0283 0.01887 0.01887 0 0 0 0 0 0 0 0 0 0 0
1 0.066 0.1247 0.2053 0.09534 0.09534 0.05134 0.05134 0.022 0.022 0 0 0 0 0 0 0 0 0 0 0
1 0.04016 0.1767 0.2329 0.1526 0.09637 0.06425 0 0.008031 0.008031 0.01606 0 0.008031 0 0 0 0 0 0 0 0
1 0.02232 0.1042 0.32 0.1786 0.03721 0.02977 0.02977 0.007441 0.007441 0 0.007441 0 0 0 0 0 0 0 0 0
1 0.04104 0.1559 0.2216 0.2134 0.09849 0.04104 0.01642 0.02462 0.008208 0 0 0 0 0 0 0 0 0 0 0
1 0.08972 0.1346 0.3589 0.1794 0.1906 0.06729 0.04486 0.02243 0.02243 0 0 0 0 0 0 0.01121 0 0 0 0
1 0 0.2743 0.2743 0.2841 0.06857 0.01959 0.01959 0.01959 0 0 0.009796 0.009796 0 0 0 0 0 0 0 0
1 0.02568 0.137 0.3852 0.1284 0.0856 0.03424 0.0428 0.00856 0 0.00856 0 0 0 0 0 0 0 0 0 0
1 0.05199 0.182 0.364 0.325 0.182 0.07799 0.05199 0.039 0.026 0 0 0 0 0 0 0 0 0 0 0
1 0.06331 0.1899 0.2532 0.1809 0.09949 0.06331 0.02713 0.02713 0 0 0 0 0 0 0 0 0 0 0 0
1 0.01844 0.3043 0.2766 0.06454 0.09221 0.08299 0.03688 0.01844 0.01844 0.009221 0 0 0 0 0 0 0 0 0 0
1 0.03118 0.1663 0.3429 0.3222 0.06235 0.03118 0.05196 0.01039 0.02078 0 0 0 0 0 0 0 0 0 0 0
1 0.05088 0.229 0.2162 0.4579 0.1781 0.05088 0.03816 0.02544 0.02544 0 0 0 0 0 0 0 0 0 0 0
1 0.0444 0.1554 0.3885 0.1443 0.1887 0.09991 0.07771 0 0 0 0.0111 0 0 0 0 0 0 0 0 0
1 0.02582 0.1635 0.241 0.1721 0.06024 0.09466 0.05163 0.02582 0.01721 0.008606 0 0 0 0 0 0 0 0 0 0
1 0.03402 0.1225 0.2313 0.09525 0.04762 0.05443 0.04762 0 0.01361 0.02041 0 0.006803 0.006803 0 0 0 0 0 0 0
1 0.03757 0.2067 0.2818 0.2912 0.03757 0.02818 0.04697 0 0 0.009394 0 0 0 0 0 0 0 0 0 0
1 0 0.2153 0.7462 0.1579 0.2009 0.0287 0.04305 0 0.0287 0 0 0 0 0 0 0 0.01435 0 0 0
1 0.03492 0.1513 0.326 0.3958 0.1164 0.06985 0.03492 0 0.01164 0 0.01164 0.01164 0 0 0 0 0 0 0 0
1 0.03783 0.2081 0.104 0.1513 0.2175 0.08511 0.1135 0.02837 0 0 0 0 0 0 0 0 0 0 0 0
1 0.007733 0.1547 0.2629 0.1005 0.06186 0.1315 0.0232 0.01547 0.007733 0.007733 0 0 0 0 0 0 0 0 0 0
1 0.03181 0.2068 0.2466 0.1511 0.05568 0.03181 0.05568 0 0.007954 0 0 0.007954 0 0 0 0 0 0 0 0
1 0.04018 0.1607 0.4554 0.2946 0.1741 0.05357 0.06696 0.09375 0 0 0 0 0 0 0 0 0 0 0 0
1 0.007706 0.1541 0.1926 0.1772 0.08476 0.04623 0.007706 0.05394 0.03082 0 0.007706 0.007706 0 0 0 0 0 0 0 0
1 0.01561 0.05723 0.1769 0.1301 0.06243 0.02601 0.03121 0.005202 0.0104 0 0 0.005202 0 0 0 0 0 0 0 0
1 0.01311 0.1966 0.1442 0.1376 0.06553 0.04587 0.02621 0.01966 0.006553 0 0 0 0 0 0 0 0 0 0 0
1 0.02676 0.09635 0.2195 0.06959 0.02676 0.03747 0.03212 0.01606 0.005353 0 0 0.005353 0 0 0 0 0 0 0 0
1 0.01255 0.1632 0.1381 0.182 0.05021 0.01883 0.01255 0.05021 0 0 0 0 0 0 0 0 0 0 0 0
1 0.02162 0.09729 0.2432 0.09189 0.02703 0.01081 0.01622 0.01622 0.005405 0.005405 0 0 0 0.005405 0 0 0 0 0 0
1 0.0392 0.1078 0.3038 0.245 0.098 0.1078 0.0294 0.0098 0.0196 0.0098 0.0098 0 0 0 0 0 0 0 0 0
1 0.01358 0.03395 0.1629 0.1697 0.1426 0.08826 0.03395 0.00679 0.00679 0.00679 0.00679 0.00679 0 0 0 0 0 0 0 0
1 0.01455 0.1213 0.07762 0.1116 0.05821 0.05336 0.004851 0.0194 0.01455 0.004851 0 0.004851 0 0 0 0 0 0 0 0
1 0.01681 0.08407 0.1345 0.05885 0.05464 0.03363 0.02522 0.008407 0.004203 0 0 0 0 0 0 0 0 0 0 0
1 0.01586 0.1533 0.1638 0.1321 0.03171 0.01586 0.005285 0 0 0.01057 0 0 0 0 0 0 0 0 0 0
1 0 0.1085 0.2531 0.1145 0.06628 0.01205 0.01808 0.01808 0.006026 0.006026 0 0 0 0 0 0 0 0 0 0
1 0.0383 0.1468 0.2426 0.1341 0.04468 0.01277 0.006383 0.006383 0 0.006383 0 0 0 0 0 0 0 0 0 0
1 0.04336 0.2927 0.3902 0.1951 0.07588 0.02168 0.03252 0.01084 0 0.01084 0 0 0.01084 0 0 0 0 0 0 0
1 0.0292 0.146 0.4088 0.2044 0.07787 0.04867 0.01947 0.01947 0.01947 0 0 0 0 0 0 0 0 0 0 0
1 0.01663 0.09976 0.2827 0.2411 0.133 0.02494 0.01663 0.008314 0 0 0.008314 0 0 0 0 0 0 0 0 0
1 0.03003 0.1622 0.1141 0.1081 0.07808 0.06006 0.03003 0.01802 0 0 0 0 0 0 0 0 0 0 0 0
1 0 0.1925 0.3529 0.06416 0.08822 0.06416 0.02406 0 0 0.00802 0.00802 0 0 0 0 0 0 0 0 0
1 0.02058 0.1235 0.4013 0.2778 0.06173 0.03087 0.06173 0.03087 0.01029 0.01029 0 0 0 0 0 0 0 0 0 0
1 0.02037 0.07637 0.06619 0.1935 0.07637 0.02546 0.02037 0.01527 0.01018 0 0.005091 0 0 0 0 0 0 0 0 0
1 0.02006 0.1337 0.1672 0.1271 0.107 0.07356 0.006687 0.01337 0.01337 0.006687 0 0 0 0 0 0 0 0 0 0
1 0.05098 0.1189 0.2719 0.1699 0.08496 0.06797 0.05947 0.008496 0 0.01699 0 0 0 0 0 0 0 0 0 0
1 0.006235 0.1372 0.1746 0.1559 0.05612 0.04365 0.04365 0.006235 0 0 0 0 0 0 0 0 0 0 0 0
1 0.02535 0.08873 0.2852 0.1141 0.03169 0.03803 0.01268 0.01268 0.01268 0 0.006338 0.006338 0 0 0 0 0 0 0 0
1 0.01498 0.2997 0.0974 0.1573 0.08241 0.05245 0.01498 0.007492 0.007492 0 0.007492 0 0.007492 0 0 0 0 0 0 0
1 0.06642 0.04151 0.4317 0.08302 0.1411 0.008302 0.04981 0 0 0.008302 0 0 0 0 0 0 0 0 0 0
1 0.006464 0.1357 0.1422 0.1745 0.05818 0.06464 0.02586 0.01939 0.006464 0.006464 0 0 0 0.006464 0 0 0 0 0 0
1 0.01336 0.1136 0.2605 0.0668 0.1269 0.02672 0.04676 0.00668 0 0 0.00668 0 0 0 0 0 0 0 0 0
1 0.02604 0.1909 0.3211 0.1649 0.06076 0.07811 0.01736 0 0 0.008679 0 0 0 0 0 0 0 0 0 0
1 0.01195 0.1016 0.2032 0.1255 0.07172 0.01195 0.04183 0.005976 0.01195 0.005976 0.005976 0 0 0 0 0 0 0 0 0
