 landings-at-age - landings.n (units : NA )
1	2	
42	100	
1	20	
1 
0.2692 2.335 6.797 7.133 3.743 3.628 13.02 2.784 0.7775 0.4633 0.4001 0.3547 0.2115 0.1029 0.1808 0.09115 0.03087 0.02005 0.1203 0.1244
0.2646 1.713 3.645 3.071 2.693 1.414 1.37 4.918 1.051 0.2936 0.175 0.1511 0.1339 0.07987 0.03885 0.06828 0.03442 0.01166 0.007572 0.09238
0.2925 4.359 6.906 4.29 3.029 2.657 1.394 1.351 4.851 1.037 0.2896 0.1726 0.149 0.1321 0.07878 0.03832 0.06735 0.03395 0.0115 0.09859
0.1917 2.996 10.92 5.02 2.609 1.842 1.616 0.8479 0.8218 2.95 0.6306 0.1761 0.105 0.09063 0.08034 0.04791 0.0233 0.04096 0.02065 0.06695
0.4723 2.874 10.93 11.56 4.449 2.312 1.633 1.432 0.7515 0.7284 2.615 0.5589 0.1561 0.09302 0.08033 0.0712 0.04246 0.02065 0.0363 0.07763
0.1687 4.475 6.633 7.28 6.436 2.477 1.287 0.909 0.7972 0.4184 0.4055 1.456 0.3112 0.08691 0.05179 0.04472 0.03964 0.02364 0.0115 0.06343
0.1647 1.611 10.45 4.49 4.122 3.644 1.403 0.7289 0.5147 0.4514 0.2369 0.2296 0.8243 0.1762 0.04921 0.02932 0.02532 0.02245 0.01339 0.04243
0.1765 2.297 5.476 10.32 3.714 3.409 3.014 1.16 0.6028 0.4257 0.3733 0.1959 0.1899 0.6817 0.1457 0.0407 0.02425 0.02094 0.01856 0.04616
0.527 2.04 6.458 4.453 7.017 2.525 2.318 2.049 0.7887 0.4099 0.2894 0.2538 0.1332 0.1291 0.4635 0.09908 0.02767 0.01649 0.01424 0.04401
1.004 5.424 5.113 4.681 2.698 4.251 1.53 1.404 1.242 0.4778 0.2483 0.1753 0.1538 0.08071 0.07823 0.2808 0.06003 0.01676 0.00999 0.03529
0.2061 12.32 16.19 4.417 3.382 1.949 3.072 1.105 1.015 0.8971 0.3452 0.1794 0.1267 0.1111 0.05832 0.05652 0.2029 0.04337 0.01211 0.03272
0.226 2.515 36.48 13.84 3.156 2.416 1.393 2.195 0.7897 0.725 0.6409 0.2467 0.1282 0.09052 0.07939 0.04166 0.04038 0.145 0.03099 0.03203
0.2018 2.254 6.097 25.49 8.077 1.842 1.41 0.813 1.281 0.461 0.4232 0.3741 0.144 0.07483 0.05284 0.04634 0.02432 0.02357 0.08462 0.03679
0.1519 2.339 6.348 4.962 17.34 5.494 1.253 0.9595 0.5531 0.8715 0.3136 0.2879 0.2545 0.09795 0.0509 0.03595 0.03153 0.01655 0.01604 0.08259
0.538 1.839 6.867 5.378 3.513 12.28 3.89 0.8874 0.6794 0.3916 0.6171 0.222 0.2039 0.1802 0.06936 0.03604 0.02545 0.02232 0.01172 0.06984
0.2749 5.755 4.773 5.132 3.357 2.193 7.666 2.429 0.554 0.4242 0.2445 0.3853 0.1386 0.1273 0.1125 0.0433 0.0225 0.01589 0.01394 0.05091
0.08883 2.893 14.71 3.519 3.162 2.068 1.351 4.723 1.496 0.3413 0.2613 0.1506 0.2373 0.0854 0.07841 0.06932 0.02668 0.01386 0.009789 0.03995
0.218 1.037 8.197 12.04 2.407 2.162 1.415 0.9242 3.23 1.023 0.2334 0.1787 0.103 0.1623 0.05841 0.05362 0.04741 0.01824 0.009481 0.03402
0.3693 2.039 2.361 5.39 6.614 1.322 1.188 0.7773 0.5078 1.775 0.5623 0.1283 0.0982 0.0566 0.08919 0.03209 0.02946 0.02605 0.01002 0.0239
0.4204 3.949 5.322 1.787 3.412 4.187 0.8371 0.7521 0.492 0.3214 1.123 0.3559 0.08119 0.06216 0.03583 0.05646 0.02031 0.01865 0.01649 0.02148
0.07739 3.528 8.127 3.181 0.8935 1.706 2.094 0.4186 0.3761 0.2461 0.1607 0.5618 0.178 0.0406 0.03109 0.01792 0.02823 0.01016 0.009327 0.01899
0.1117 0.9145 10.23 6.878 2.255 0.6335 1.21 1.484 0.2968 0.2667 0.1745 0.114 0.3983 0.1262 0.02879 0.02204 0.0127 0.02002 0.007203 0.02007
0.5918 1.962 3.911 12.73 7.17 2.351 0.6604 1.261 1.547 0.3094 0.278 0.1818 0.1188 0.4152 0.1316 0.03001 0.02297 0.01324 0.02087 0.02843
0.1883 4.398 3.565 2.053 5.585 3.144 1.031 0.2896 0.553 0.6786 0.1357 0.1219 0.07975 0.0521 0.1821 0.0577 0.01316 0.01008 0.005808 0.02162
0.1128 1.74 9.987 2.36 1.138 3.096 1.743 0.5716 0.1606 0.3066 0.3762 0.07522 0.06758 0.04421 0.02888 0.101 0.03198 0.007296 0.005586 0.01521
0.5887 2.23 8.377 14.03 2.777 1.339 3.644 2.052 0.6727 0.189 0.3608 0.4428 0.08853 0.07953 0.05203 0.03399 0.1188 0.03764 0.008586 0.02447
0.1062 4.387 4.064 4.415 6.178 1.223 0.5898 1.605 0.9035 0.2963 0.08322 0.1589 0.195 0.03899 0.03503 0.02292 0.01497 0.05233 0.01658 0.01456
0.07892 1.245 12.6 3.403 3.095 4.332 0.8577 0.4136 1.125 0.6336 0.2077 0.05835 0.1114 0.1367 0.02734 0.02456 0.01607 0.0105 0.03669 0.02183
0.4701 1.07 4.122 12.14 2.744 2.496 3.493 0.6917 0.3335 0.9074 0.5109 0.1675 0.04706 0.08986 0.1103 0.02205 0.01981 0.01296 0.008466 0.0472
0.4955 5.269 2.925 3.266 8.047 1.819 1.655 2.315 0.4585 0.2211 0.6014 0.3386 0.111 0.03119 0.05956 0.07309 0.01461 0.01313 0.008589 0.03689
0.7918 4.858 12.63 2.033 1.899 4.678 1.058 0.9619 1.346 0.2665 0.1285 0.3497 0.1969 0.06455 0.01813 0.03463 0.04249 0.008496 0.007633 0.02644
0.1219 7.045 10.61 8.023 1.081 1.01 2.488 0.5624 0.5116 0.7159 0.1418 0.06835 0.186 0.1047 0.03433 0.009644 0.01842 0.0226 0.004518 0.01812
0.8279 2.334 32.83 14.41 9.128 1.23 1.149 2.831 0.6399 0.582 0.8145 0.1613 0.07776 0.2116 0.1191 0.03906 0.01097 0.02095 0.02571 0.02576
0.1295 6.982 4.802 19.5 7.151 4.531 0.6105 0.5704 1.405 0.3176 0.2889 0.4043 0.08006 0.0386 0.105 0.05913 0.01939 0.005446 0.0104 0.02555
0.2388 1.35 17.82 3.561 12.1 4.438 2.812 0.3789 0.354 0.8721 0.1971 0.1793 0.2509 0.04969 0.02396 0.06518 0.0367 0.01203 0.00338 0.02231
0.4397 3.557 4.898 18.78 3.143 10.68 3.917 2.482 0.3344 0.3124 0.7696 0.174 0.1582 0.2214 0.04385 0.02114 0.05752 0.03239 0.01062 0.02267
0.1202 4.983 9.797 3.896 12.49 2.09 7.103 2.604 1.65 0.2223 0.2077 0.5117 0.1157 0.1052 0.1472 0.02916 0.01406 0.03825 0.02154 0.02214
0.09857 1.377 13.86 7.869 2.616 8.383 1.403 4.768 1.748 1.108 0.1493 0.1395 0.3435 0.07766 0.07064 0.09885 0.01957 0.009437 0.02568 0.02932
0.1896 1.021 3.468 10.07 4.778 1.588 5.09 0.8517 2.895 1.062 0.6726 0.09063 0.08467 0.2086 0.04715 0.04289 0.06001 0.01188 0.00573 0.03339
0.6247 2.036 2.668 2.622 6.366 3.02 1.004 3.217 0.5383 1.83 0.6709 0.4251 0.05728 0.05352 0.1318 0.0298 0.02711 0.03793 0.007511 0.02473
0.1894 5.309 4.233 1.607 1.321 3.207 1.521 0.5057 1.621 0.2712 0.9218 0.338 0.2142 0.02886 0.02696 0.06642 0.01501 0.01366 0.01911 0.01624
0.7623 2.168 14.89 3.458 1.099 0.9034 2.194 1.041 0.3459 1.109 0.1855 0.6305 0.2312 0.1465 0.01974 0.01844 0.04543 0.01027 0.009341 0.02418
0.6182 11.11 7.704 15.38 2.992 0.9511 0.7815 1.898 0.9002 0.2992 0.9591 0.1605 0.5455 0.2 0.1267 0.01708 0.01595 0.0393 0.008884 0.029
0.615 6.772 29.63 5.945 9.926 1.93 0.6137 0.5042 1.225 0.5808 0.1931 0.6188 0.1035 0.352 0.129 0.08177 0.01102 0.01029 0.02536 0.02444
0.3188 6.379 17.13 21.7 3.64 6.077 1.182 0.3758 0.3087 0.7498 0.3556 0.1182 0.3789 0.0634 0.2155 0.07902 0.05007 0.006746 0.006302 0.03049
0.1024 2.84 13.91 10.84 11.49 1.928 3.219 0.6259 0.199 0.1635 0.3971 0.1883 0.06261 0.2007 0.03358 0.1141 0.04185 0.02652 0.003573 0.01949
0.09293 0.9754 6.643 9.492 6.194 6.564 1.101 1.839 0.3576 0.1137 0.09341 0.2268 0.1076 0.03576 0.1146 0.01918 0.0652 0.02391 0.01515 0.01317
0.148 1.677 4.295 8.535 10.22 6.668 7.067 1.186 1.979 0.3849 0.1224 0.1006 0.2442 0.1158 0.0385 0.1234 0.02065 0.07019 0.02574 0.03049
0.9012 1.889 5.197 3.847 6.392 7.653 4.994 5.293 0.8879 1.483 0.2883 0.09166 0.07531 0.1829 0.08675 0.02884 0.09242 0.01546 0.05257 0.04211
0.7847 10.36 5.261 4.167 2.578 4.283 5.127 3.346 3.546 0.5949 0.9932 0.1932 0.06141 0.05046 0.1225 0.05812 0.01932 0.06192 0.01036 0.06343
0.4185 7.809 25.03 3.661 2.422 1.498 2.489 2.98 1.945 2.061 0.3457 0.5773 0.1123 0.03569 0.02933 0.07122 0.03378 0.01123 0.03599 0.04289
0.1655 3.238 14.78 13.7 1.675 1.108 0.6854 1.139 1.363 0.8897 0.9429 0.1582 0.2641 0.05136 0.01633 0.01342 0.03258 0.01545 0.005137 0.03609
0.2674 1.567 7.533 10.02 7.781 0.9513 0.6294 0.3893 0.6468 0.7744 0.5053 0.5355 0.08984 0.15 0.02917 0.009274 0.00762 0.01851 0.008778 0.02341
0.1272 3.196 4.602 6.465 7.207 5.595 0.6841 0.4526 0.2799 0.4651 0.5569 0.3634 0.3851 0.0646 0.1079 0.02098 0.006669 0.00548 0.01331 0.02315
0.5022 1.78 10.95 4.6 5.413 6.035 4.685 0.5728 0.379 0.2344 0.3895 0.4663 0.3043 0.3225 0.0541 0.09032 0.01757 0.005585 0.004589 0.03053
0.7917 6.921 5.974 10.67 3.751 4.414 4.921 3.821 0.4671 0.3091 0.1912 0.3176 0.3802 0.2481 0.263 0.04411 0.07366 0.01432 0.004554 0.02864
0.3866 10.14 21.49 5.357 8 2.812 3.309 3.689 2.864 0.3501 0.2317 0.1433 0.2381 0.285 0.186 0.1971 0.03307 0.05521 0.01074 0.02488
0.08171 2.777 17.79 10.87 2.264 3.381 1.189 1.399 1.559 1.211 0.148 0.09792 0.06056 0.1006 0.1205 0.07862 0.08332 0.01398 0.02334 0.01505
0.1914 0.898 7.478 13.95 7.138 1.486 2.22 0.7802 0.9181 1.024 0.7947 0.09715 0.06428 0.03976 0.06606 0.07909 0.05161 0.05469 0.009175 0.0252
