 landings-at-age - landings.n (units : NA )
1	2	
2	100	
1	20	
1 
0.02659 0.2984 0.8352 0.6934 0.4839 0.3377 0.2357 0.1644 0.1148 0.08008 0.05589 0.039 0.02722 0.01899 0.01325 0.009249 0.006454 0.004504 0.003143 0.007259
0.00407 0.05216 0.1462 0.1214 0.08475 0.05914 0.04127 0.0288 0.0201 0.01403 0.009787 0.00683 0.004766 0.003326 0.002321 0.00162 0.00113 0.0007888 0.0005504 0.001271
0.004396 0.0457 0.1464 0.1219 0.08515 0.05942 0.04147 0.02894 0.02019 0.01409 0.009834 0.006862 0.004789 0.003342 0.002332 0.001627 0.001136 0.0007925 0.000553 0.001277
0.004114 0.04936 0.1282 0.122 0.08549 0.0597 0.04166 0.02907 0.02029 0.01416 0.00988 0.006895 0.004811 0.003358 0.002343 0.001635 0.001141 0.0007963 0.0005557 0.001283
0.002304 0.0462 0.1385 0.1069 0.08557 0.05994 0.04186 0.02921 0.02038 0.01423 0.009927 0.006927 0.004834 0.003374 0.002354 0.001643 0.001146 8e-04 0.0005583 0.001289
0.002912 0.02587 0.1296 0.1155 0.07498 0.06 0.04203 0.02935 0.02048 0.01429 0.009974 0.00696 0.004857 0.00339 0.002365 0.001651 0.001152 0.0008038 0.0005609 0.001295
0.007678 0.0327 0.07259 0.1081 0.08097 0.05257 0.04207 0.02947 0.02058 0.01436 0.01002 0.006993 0.00488 0.003406 0.002377 0.001658 0.001157 0.0008076 0.0005636 0.001302
0.004241 0.08621 0.09176 0.06053 0.07579 0.05677 0.03686 0.0295 0.02066 0.01443 0.01007 0.007026 0.004903 0.003422 0.002388 0.001666 0.001163 0.0008114 0.0005663 0.001308
0.003551 0.04762 0.2419 0.07652 0.04244 0.05314 0.03981 0.02584 0.02068 0.01449 0.01012 0.00706 0.004926 0.003438 0.002399 0.001674 0.001168 0.0008153 0.0005689 0.001314
0.004253 0.03987 0.1336 0.2017 0.05365 0.02976 0.03726 0.02791 0.01812 0.0145 0.01016 0.007093 0.00495 0.003454 0.00241 0.001682 0.001174 0.0008191 0.0005716 0.00132
0.006586 0.04775 0.1119 0.1114 0.1414 0.03762 0.02086 0.02612 0.01957 0.0127 0.01017 0.007121 0.004973 0.003471 0.002422 0.00169 0.001179 0.000823 0.0005743 0.001326
0.002841 0.07395 0.134 0.09329 0.07812 0.09916 0.02637 0.01463 0.01832 0.01372 0.008908 0.007128 0.004993 0.003487 0.002433 0.001698 0.001185 0.0008269 0.0005771 0.001333
0.005145 0.0319 0.2075 0.1117 0.06541 0.05478 0.06953 0.01849 0.01026 0.01284 0.00962 0.006246 0.004998 0.003501 0.002445 0.001706 0.001191 0.0008308 0.0005798 0.001339
0.004274 0.05777 0.08951 0.173 0.07834 0.04586 0.03841 0.04875 0.01297 0.007191 0.009005 0.006745 0.004379 0.003504 0.002455 0.001714 0.001196 0.0008348 0.0005825 0.001345
0.003079 0.04799 0.1621 0.07464 0.1213 0.05493 0.03215 0.02693 0.03418 0.009091 0.005042 0.006314 0.004729 0.00307 0.002457 0.001721 0.001202 0.0008387 0.0005853 0.001352
0.002398 0.03458 0.1347 0.1352 0.05233 0.08506 0.03851 0.02255 0.01888 0.02397 0.006374 0.003535 0.004427 0.003316 0.002153 0.001723 0.001207 0.0008427 0.0005881 0.001358
0.004201 0.02692 0.09702 0.1123 0.09477 0.03669 0.05964 0.027 0.01581 0.01324 0.0168 0.004469 0.002479 0.003104 0.002325 0.001509 0.001208 0.000846 0.0005908 0.001365
0.00321 0.04717 0.07554 0.0809 0.07874 0.06645 0.02573 0.04182 0.01893 0.01108 0.009282 0.01178 0.003133 0.001738 0.002176 0.00163 0.001058 0.0008469 0.0005932 0.001371
0.004066 0.03604 0.1324 0.06299 0.05672 0.05521 0.04659 0.01804 0.02932 0.01328 0.007771 0.006508 0.00826 0.002197 0.001219 0.001526 0.001143 0.000742 0.0005938 0.001377
0.005247 0.04565 0.1011 0.1104 0.04417 0.03977 0.03871 0.03267 0.01265 0.02056 0.009308 0.005449 0.004563 0.005792 0.00154 0.0008544 0.00107 0.0008014 0.0005203 0.001382
0.004958 0.05892 0.1281 0.08433 0.07738 0.03097 0.02789 0.02714 0.0229 0.008868 0.01441 0.006526 0.00382 0.003199 0.004061 0.00108 0.000599 0.0007501 0.0005619 0.001334
0.003312 0.05567 0.1653 0.1068 0.05912 0.05426 0.02171 0.01955 0.01903 0.01606 0.006218 0.01011 0.004576 0.002679 0.002243 0.002847 0.0007573 0.00042 0.0005259 0.001329
0.00341 0.03719 0.1562 0.1379 0.07489 0.04145 0.03804 0.01522 0.01371 0.01334 0.01126 0.004359 0.007086 0.003208 0.001878 0.001573 0.001996 0.0005309 0.0002945 0.001301
0.005897 0.03829 0.1043 0.1303 0.09666 0.05251 0.02907 0.02667 0.01067 0.009612 0.009355 0.007895 0.003057 0.004968 0.002249 0.001317 0.001103 0.0014 0.0003723 0.001118
0.003116 0.06622 0.1074 0.08701 0.09133 0.06777 0.03682 0.02038 0.0187 0.007484 0.006739 0.006559 0.005535 0.002143 0.003483 0.001577 0.0009232 0.0007732 0.0009814 0.001045
0.003739 0.03499 0.1858 0.08959 0.06101 0.06404 0.04752 0.02581 0.01429 0.01311 0.005247 0.004725 0.004599 0.003881 0.001503 0.002442 0.001106 0.0006473 0.0005421 0.001421
0.003851 0.04198 0.09818 0.1549 0.06281 0.04278 0.0449 0.03332 0.0181 0.01002 0.009193 0.003679 0.003313 0.003224 0.002721 0.001054 0.001712 0.0007753 0.0004539 0.001376
0.004983 0.04324 0.1178 0.08187 0.1086 0.04404 0.02999 0.03148 0.02336 0.01269 0.007024 0.006446 0.00258 0.002323 0.002261 0.001908 0.0007387 0.001201 0.0005436 0.001283
0.004284 0.05595 0.1213 0.09824 0.0574 0.07617 0.03088 0.02103 0.02207 0.01638 0.008898 0.004925 0.00452 0.001809 0.001629 0.001585 0.001338 0.0005179 0.0008418 0.001281
0.005042 0.0481 0.157 0.1012 0.06888 0.04025 0.05341 0.02165 0.01474 0.01548 0.01148 0.006239 0.003453 0.003169 0.001268 0.001142 0.001111 0.0009379 0.0003631 0.001488
0.003363 0.05661 0.135 0.1309 0.07094 0.04829 0.02822 0.03745 0.01518 0.01034 0.01085 0.008052 0.004374 0.002421 0.002222 0.0008892 0.0008006 0.0007792 0.0006576 0.001298
0.004274 0.03776 0.1588 0.1125 0.09179 0.04974 0.03386 0.01979 0.02625 0.01064 0.007248 0.007608 0.005646 0.003067 0.001698 0.001558 0.0006234 0.0005614 0.0005464 0.001371
0.005018 0.04799 0.1059 0.1325 0.07891 0.06436 0.03488 0.02374 0.01387 0.01841 0.007463 0.005082 0.005334 0.003958 0.00215 0.00119 0.001092 0.0004371 0.0003936 0.001345
0.004918 0.05635 0.1347 0.08835 0.09287 0.05533 0.04512 0.02445 0.01665 0.009727 0.01291 0.005232 0.003563 0.00374 0.002775 0.001508 0.0008345 0.0007658 0.0003065 0.001219
0.003397 0.05522 0.1581 0.1123 0.06194 0.06512 0.03879 0.03164 0.01715 0.01167 0.00682 0.009049 0.003669 0.002498 0.002622 0.001946 0.001057 0.0005851 0.0005369 0.001069
0.002934 0.03814 0.155 0.1318 0.07873 0.04343 0.04566 0.0272 0.02218 0.01202 0.008183 0.004782 0.006345 0.002572 0.001752 0.001839 0.001364 0.0007412 0.0004103 0.001126
0.002373 0.03294 0.107 0.1292 0.09244 0.0552 0.03045 0.03201 0.01907 0.01555 0.008429 0.005738 0.003353 0.004449 0.001804 0.001228 0.001289 0.0009566 0.0005197 0.001077
0.005368 0.02664 0.09243 0.08925 0.0906 0.06482 0.0387 0.02135 0.02244 0.01337 0.0109 0.00591 0.004023 0.002351 0.003119 0.001265 0.0008611 0.0009039 0.0006707 0.00112
0.004426 0.06027 0.07476 0.07708 0.06258 0.06352 0.04544 0.02714 0.01497 0.01574 0.009375 0.007646 0.004144 0.002821 0.001648 0.002187 0.0008866 0.0006038 0.0006337 0.001255
0.2504 2.719 9.108 3.344 2.899 2.353 2.389 1.709 1.021 0.563 0.5918 0.3526 0.2876 0.1558 0.1061 0.06199 0.08225 0.03334 0.02271 0.07105
0.2748 3.592 9.496 9.234 2.837 2.46 1.997 2.027 1.45 0.8661 0.4778 0.5022 0.2992 0.244 0.1322 0.09002 0.0526 0.0698 0.0283 0.07956
0.2143 1.749 5.607 4.29 3.487 1.071 0.9289 0.7541 0.7655 0.5477 0.327 0.1804 0.1897 0.113 0.09214 0.04994 0.03399 0.01986 0.02636 0.04073
0.1939 3.531 7.049 6.599 4.231 3.439 1.057 0.9162 0.7439 0.7551 0.5402 0.3226 0.178 0.1871 0.1114 0.09089 0.04925 0.03353 0.01959 0.06617
0.2106 1.986 8.842 5.123 4.013 2.573 2.092 0.6427 0.5572 0.4524 0.4592 0.3285 0.1962 0.1082 0.1138 0.06778 0.05527 0.02995 0.02039 0.05216
0.2805 3.158 7.243 9.363 4.541 3.557 2.281 1.854 0.5696 0.4938 0.4009 0.407 0.2912 0.1739 0.09591 0.1008 0.06007 0.04899 0.02655 0.0643
0.2322 2.658 7.287 4.826 5.213 2.528 1.98 1.27 1.032 0.3171 0.2749 0.2232 0.2266 0.1621 0.0968 0.0534 0.05613 0.03344 0.02727 0.05058
0.2341 2.217 6.205 4.933 2.733 2.952 1.432 1.121 0.719 0.5844 0.1796 0.1557 0.1264 0.1283 0.09179 0.05481 0.03024 0.03179 0.01894 0.04408
0.3833 3.265 7.536 6.13 4.08 2.26 2.441 1.184 0.9274 0.5946 0.4833 0.1485 0.1288 0.1045 0.1061 0.07591 0.04533 0.02501 0.02629 0.05212
0.2915 4.431 9.18 6.128 4.168 2.774 1.537 1.66 0.805 0.6306 0.4043 0.3286 0.101 0.08754 0.07107 0.07215 0.05162 0.03082 0.017 0.05331
0.3185 3 11.11 6.653 3.713 2.525 1.681 0.931 1.006 0.4877 0.382 0.245 0.1991 0.06118 0.05304 0.04306 0.04371 0.03127 0.01867 0.0426
0.4033 3.908 8.953 9.596 4.807 2.683 1.825 1.214 0.6727 0.7266 0.3524 0.276 0.177 0.1439 0.0442 0.03832 0.03111 0.03158 0.02259 0.04427
0.5567 4.922 11.57 7.652 6.856 3.434 1.917 1.304 0.8675 0.4806 0.5191 0.2518 0.1972 0.1264 0.1028 0.03158 0.02738 0.02223 0.02256 0.04777
0.3508 5.554 11.93 8.084 4.467 4.002 2.005 1.119 0.761 0.5064 0.2805 0.303 0.147 0.1151 0.07381 0.06 0.01844 0.01598 0.01298 0.04106
0.3201 4.065 15.64 9.709 5.499 3.039 2.723 1.364 0.7611 0.5177 0.3445 0.1908 0.2061 0.09998 0.07831 0.05021 0.04081 0.01254 0.01087 0.03676
0.4619 3.875 11.93 13.25 6.875 3.894 2.152 1.928 0.9657 0.5389 0.3665 0.2439 0.1351 0.146 0.07079 0.05545 0.03555 0.0289 0.00888 0.03373
0.5423 4.941 10.06 8.919 8.272 4.292 2.431 1.343 1.204 0.6029 0.3365 0.2288 0.1523 0.08437 0.09113 0.0442 0.03462 0.0222 0.01804 0.0266
0.2838 5.707 12.63 7.414 5.494 5.096 2.644 1.498 0.8276 0.7415 0.3714 0.2073 0.141 0.09382 0.05197 0.05614 0.02723 0.02133 0.01368 0.0275
0.3995 3.312 16.17 10.33 5.071 3.758 3.485 1.808 1.024 0.566 0.5071 0.254 0.1418 0.09642 0.06417 0.03555 0.0384 0.01862 0.01459 0.02816
0.2169 3.736 7.545 10.63 5.678 2.786 2.065 1.915 0.9937 0.5628 0.311 0.2786 0.1396 0.07789 0.05298 0.03526 0.01953 0.0211 0.01023 0.02349
0.3241 2.32 9.751 5.709 6.731 3.594 1.764 1.307 1.212 0.629 0.3563 0.1969 0.1764 0.08835 0.0493 0.03353 0.02232 0.01236 0.01335 0.02134
0.1336 2.72 4.773 5.829 2.855 3.366 1.797 0.882 0.6536 0.6062 0.3146 0.1782 0.09845 0.0882 0.04418 0.02466 0.01677 0.01116 0.006183 0.01735
0.3127 1.579 7.886 4.04 4.133 2.024 2.387 1.274 0.6253 0.4634 0.4298 0.223 0.1263 0.0698 0.06254 0.03133 0.01748 0.01189 0.007913 0.01669
0.3271 5.495 6.753 9.815 4.211 4.308 2.11 2.488 1.328 0.6518 0.483 0.448 0.2325 0.1317 0.07276 0.06518 0.03265 0.01822 0.01239 0.02564
0.0947 2.431 9.983 3.545 4.305 1.847 1.889 0.9255 1.091 0.5826 0.2859 0.2119 0.1965 0.102 0.05775 0.03191 0.02859 0.01432 0.007992 0.01668
0.1796 0.8752 5.521 6.609 1.965 2.386 1.024 1.047 0.5131 0.6048 0.323 0.1585 0.1174 0.1089 0.05652 0.03201 0.01769 0.01585 0.007939 0.01368
0.2849 3.548 4.214 7.753 7.778 2.313 2.808 1.205 1.233 0.6038 0.7118 0.3801 0.1865 0.1382 0.1282 0.06652 0.03768 0.02082 0.01865 0.02544
0.2077 2.123 6.468 2.221 3.415 3.426 1.019 1.237 0.5307 0.5429 0.2659 0.3135 0.1674 0.08214 0.06087 0.05646 0.0293 0.01659 0.009169 0.01942
0.1646 2.435 6.101 5.416 1.557 2.394 2.402 0.7142 0.8673 0.3721 0.3807 0.1865 0.2198 0.1174 0.0576 0.04268 0.03959 0.02054 0.01164 0.02005
0.2673 2.231 8.06 5.876 4.367 1.256 1.931 1.937 0.576 0.6994 0.3001 0.307 0.1504 0.1773 0.09467 0.04645 0.03442 0.03193 0.01657 0.02555
0.1613 2.995 6.098 6.387 3.895 2.895 0.8324 1.28 1.284 0.3817 0.4636 0.1989 0.2035 0.09967 0.1175 0.06274 0.03079 0.02282 0.02116 0.02791
0.2661 1.582 7.178 4.239 3.713 2.264 1.683 0.4839 0.7441 0.7464 0.2219 0.2695 0.1156 0.1183 0.05794 0.06831 0.03648 0.0179 0.01326 0.02853
0.1465 2.368 3.454 4.561 2.254 1.975 1.204 0.8951 0.2574 0.3957 0.397 0.118 0.1433 0.0615 0.06291 0.03082 0.03633 0.0194 0.009519 0.02223
0.4832 2.804 11.03 4.69 5.189 2.565 2.247 1.37 1.018 0.2928 0.4502 0.4516 0.1343 0.1631 0.06997 0.07157 0.03506 0.04133 0.02207 0.03612
0.254 4.075 5.769 6.555 2.328 2.576 1.273 1.115 0.6801 0.5055 0.1453 0.2235 0.2242 0.06666 0.08095 0.03473 0.03553 0.0174 0.02052 0.02889
0.2508 2.649 10.4 4.278 4.068 1.445 1.599 0.7901 0.6922 0.4221 0.3137 0.09021 0.1387 0.1391 0.04137 0.05024 0.02156 0.02205 0.0108 0.03066
0.1911 3.735 9.61 10.96 3.776 3.59 1.275 1.411 0.6973 0.6108 0.3725 0.2769 0.07961 0.1224 0.1228 0.03651 0.04434 0.01902 0.01946 0.03659
0.2628 2.166 10.29 7.644 7.288 2.51 2.387 0.8479 0.9381 0.4636 0.4061 0.2477 0.1841 0.05293 0.08139 0.08165 0.02428 0.02948 0.01265 0.03727
0.2718 3.011 6.026 8.261 5.132 4.893 1.685 1.603 0.5692 0.6298 0.3112 0.2727 0.1663 0.1236 0.03553 0.05464 0.05481 0.0163 0.01979 0.03351
0.3595 2.814 7.579 4.378 5.016 3.116 2.971 1.023 0.973 0.3456 0.3824 0.189 0.1655 0.101 0.07503 0.02158 0.03317 0.03328 0.009895 0.03236
0.2615 3.86 7.357 5.73 2.767 3.17 1.969 1.878 0.6468 0.615 0.2184 0.2417 0.1194 0.1046 0.06381 0.04743 0.01364 0.02097 0.02104 0.02671
0.3335 2.222 8.026 4.432 2.887 1.394 1.597 0.9921 0.946 0.3258 0.3098 0.11 0.1218 0.06017 0.05271 0.03215 0.02389 0.00687 0.01056 0.02405
0.4218 3.818 6.233 6.556 3.031 1.975 0.9536 1.092 0.6786 0.647 0.2229 0.2119 0.07527 0.08328 0.04116 0.03606 0.02199 0.01634 0.004699 0.02368
0.3658 6.147 13.57 6.44 5.672 2.623 1.708 0.8249 0.9451 0.5871 0.5597 0.1928 0.1833 0.06512 0.07205 0.03561 0.03119 0.01902 0.01414 0.02455
0.2073 4.007 16.4 10.47 4.155 3.659 1.692 1.102 0.5323 0.6098 0.3788 0.3612 0.1244 0.1183 0.04201 0.04648 0.02297 0.02013 0.01227 0.02496
0.3469 2.15 10.13 12.01 6.41 2.544 2.241 1.036 0.6748 0.3259 0.3734 0.2319 0.2211 0.07617 0.07243 0.02572 0.02846 0.01407 0.01232 0.0228
0.292 3.09 4.69 6.416 6.358 3.395 1.347 1.187 0.5487 0.3574 0.1726 0.1977 0.1228 0.1171 0.04034 0.03836 0.01362 0.01507 0.00745 0.0186
0.1074 2.78 7.229 3.199 3.665 3.632 1.939 0.7697 0.6779 0.3135 0.2042 0.0986 0.113 0.07017 0.0669 0.02304 0.02191 0.007783 0.008611 0.01488
0.2496 1.937 12.24 9.288 3.444 3.946 3.91 2.088 0.8286 0.7298 0.3374 0.2198 0.1061 0.1216 0.07554 0.07202 0.02481 0.02359 0.008379 0.02529
0.3118 3.188 6.003 10.97 6.956 2.579 2.955 2.929 1.564 0.6206 0.5466 0.2527 0.1646 0.0795 0.09108 0.05658 0.05394 0.01858 0.01767 0.02522
0.3037 3.583 8.875 4.814 7.347 4.66 1.728 1.98 1.962 1.048 0.4158 0.3662 0.1693 0.1103 0.05326 0.06102 0.0379 0.03614 0.01245 0.02873
0.3805 3.023 8.658 6.176 2.798 4.27 2.709 1.004 1.151 1.14 0.6088 0.2417 0.2128 0.09841 0.0641 0.03096 0.03546 0.02203 0.021 0.02393
0.1467 2.944 5.72 4.739 2.825 1.28 1.954 1.239 0.4595 0.5264 0.5217 0.2785 0.1106 0.09737 0.04502 0.02933 0.01416 0.01622 0.01008 0.02056
0.3504 1.389 6.849 3.88 2.692 1.605 0.7271 1.11 0.7038 0.261 0.299 0.2963 0.1582 0.0628 0.0553 0.02557 0.01666 0.008044 0.009215 0.0174
0.1211 4.188 4.079 5.877 2.79 1.936 1.154 0.5229 0.7979 0.5061 0.1877 0.215 0.2131 0.1138 0.04516 0.03977 0.01839 0.01198 0.005784 0.01914
0.2783 1.695 14.35 4.077 4.921 2.336 1.621 0.9663 0.4378 0.6682 0.4238 0.1572 0.18 0.1784 0.09526 0.03781 0.0333 0.0154 0.01003 0.02087
0.3969 3.835 5.689 13.98 3.325 4.013 1.905 1.322 0.788 0.357 0.5449 0.3456 0.1282 0.1468 0.1455 0.07768 0.03083 0.02716 0.01256 0.0252
0.4652 5.081 11.91 5.101 10.48 2.492 3.008 1.428 0.9908 0.5907 0.2676 0.4084 0.2591 0.09607 0.1101 0.1091 0.05823 0.02311 0.02036 0.0283
0.2069 3.342 8.916 6.025 2.156 4.431 1.053 1.272 0.6036 0.4188 0.2497 0.1131 0.1726 0.1095 0.04061 0.04652 0.0461 0.02461 0.00977 0.02057
0.1304 2.274 8.998 6.991 3.955 1.415 2.909 0.6916 0.8347 0.3962 0.2749 0.1639 0.07426 0.1133 0.07188 0.02666 0.03054 0.03026 0.01616 0.01991
