Originally  
101 
A 
2	100	
1	1	NA	NA	
1	20	
1 438 470.5 227.1 129.8 113.6 113.6 32.45 32.45 32.45 16.22 0 16.22 0 0 0 0 0 0 0 0
1 508.1 332.9 280.3 175.2 87.6 122.6 70.08 35.04 52.56 35.04 35.04 17.52 0 0 0 0 0 0 0 0
1 291.7 502.4 421.4 129.7 129.7 16.21 64.83 16.21 0 16.21 0 0 0 16.21 0 16.21 0 0 0 0
1 386.4 372.6 124.2 110.4 151.8 27.6 96.59 13.8 41.4 0 13.8 27.6 0 0 0 0 13.8 0 0 0
1 248.2 234.4 220.6 206.8 165.4 41.36 68.93 27.57 68.93 13.79 27.57 13.79 0 13.79 0 0 13.79 0 13.79 0
1 183.5 280.6 161.9 140.3 64.76 97.14 32.38 21.59 75.56 0 0 10.79 10.79 0 0 0 0 0 0 0
1 330.9 357.4 119.1 119.1 79.42 132.4 66.18 13.24 39.71 13.24 26.47 0 0 0 13.24 0 13.24 0 0 0
1 337.2 224.8 143 81.74 81.74 40.87 30.65 10.22 30.65 0 20.44 10.22 0 0 0 10.22 0 0 0 0
1 257.4 280.8 175.5 70.2 128.7 93.6 46.8 35.1 35.1 0 11.7 11.7 11.7 11.7 0 0 0 0 0 0
1 331.4 274.2 171.4 114.3 34.28 34.28 45.7 45.7 11.43 22.85 11.43 11.43 0 0 22.85 0 0 0 11.43 0
1 335.5 152.5 111.8 162.7 30.5 91.51 30.5 20.34 10.17 0 20.34 20.34 10.17 0 20.34 0 0 0 0 0
1 389 375.6 120.7 147.6 80.49 40.24 13.41 53.66 53.66 26.83 13.41 13.41 0 0 13.41 0 0 0 0 0
1 372.8 241.2 142.5 131.6 21.93 65.79 32.89 21.93 43.86 0 0 10.96 0 0 0 0 0 0 0 10.96
1 351.8 276.4 213.6 125.6 50.26 37.69 50.26 37.69 0 25.13 25.13 25.13 12.56 25.13 0 0 0 0 0 0
1 368.8 245.8 178.8 212.3 44.7 22.35 33.52 0 0 11.17 0 0 0 0 0 0 0 0 0 0
1 449.6 261.1 203.1 101.5 116 87.03 130.5 29.01 29.01 29.01 0 0 0 0 14.5 0 0 0 0 0
1 319.8 217 159.9 79.96 148.5 57.12 22.85 57.12 34.27 0 11.42 11.42 0 0 0 11.42 0 0 11.42 0
1 167.1 160.1 132.3 34.81 62.66 41.77 41.77 20.89 6.962 0 0 6.962 0 0 0 6.962 0 6.962 0 6.962
1 537 304.8 232.2 72.57 101.6 43.54 58.06 0 29.03 29.03 14.51 14.51 0 0 0 0 0 0 0 14.51
1 212.1 231.4 173.5 135 57.84 48.2 28.92 28.92 9.64 0 9.64 9.64 0 9.64 0 0 0 0 0 9.64
1 206.6 140.5 148.8 99.18 82.65 49.59 16.53 24.79 24.79 0 0 8.265 16.53 0 8.265 0 0 0 0 0
1 341.8 170.9 160.8 100.5 60.31 80.42 10.05 0 0 30.16 30.16 10.05 0 0 0 10.05 0 0 0 0
1 398.9 273.5 148.2 102.6 79.78 0 22.8 45.59 11.4 0 11.4 0 0 0 22.8 0 11.4 11.4 0 0
1 305.5 244.4 195.5 97.75 85.53 134.4 48.87 36.66 24.44 12.22 12.22 12.22 0 12.22 0 0 0 0 0 0
1 222.9 195 148.6 120.7 92.86 74.28 27.86 9.286 9.286 9.286 9.286 0 0 9.286 0 0 0 0 0 0
1 244.7 114.2 130.5 81.58 40.79 48.95 65.26 32.63 16.32 8.158 0 8.158 0 8.158 8.158 0 0 8.158 0 0
1 353.4 299 244.7 135.9 108.7 40.78 40.78 27.18 27.18 0 13.59 0 27.18 27.18 13.59 0 0 0 0 0
1 253.2 183.4 122.2 87.31 52.39 43.66 26.19 43.66 17.46 17.46 0 0 0 8.731 8.731 0 0 8.731 0 0
1 176.2 101.4 96.09 48.04 37.37 26.69 16.01 5.338 10.68 0 0 10.68 5.338 0 0 0 0 0 0 0
1 424.2 223.3 145.1 78.14 78.14 44.65 33.49 66.98 22.33 0 0 0 0 0 0 0 0 0 0 0
1 278 216.2 236.8 133.8 61.77 30.89 30.89 20.59 10.3 0 10.3 0 0 0 0 0 0 0 0 0
1 263.1 200 168.4 84.2 105.2 42.1 42.1 31.57 52.62 0 21.05 21.05 10.52 10.52 0 0 0 0 0 0
1 243 171 189 89.99 62.99 8.999 36 44.99 18 0 18 8.999 0 0 8.999 0 0 0 0 0
1 430.7 329.3 88.67 190 101.3 38 25.33 12.67 12.67 12.67 0 25.33 0 0 0 0 0 0 0 0
1 260.3 185.9 260.3 124 198.3 49.58 74.37 37.19 12.4 12.4 0 0 0 12.4 0 0 0 0 0 12.4
1 395.6 272.8 218.3 136.4 95.49 122.8 27.28 27.28 13.64 27.28 13.64 0 0 0 13.64 0 0 0 0 0
1 399.7 430.5 246 138.4 169.1 61.5 15.37 30.75 15.37 0 15.37 0 15.37 0 0 0 0 0 0 0
1 296.1 167.8 128.3 138.2 98.7 39.48 69.09 9.87 29.61 0 0 0 0 0 9.87 0 0 0 0 0
1 299 207 195.5 172.5 68.99 68.99 34.49 34.49 45.99 11.5 0 11.5 0 0 0 0 0 0 0 0
1 344.6 318 238.5 106 132.5 39.76 26.5 26.5 0 26.5 0 53.01 0 0 0 13.25 0 0 0 0
1 250.4 156.5 101.7 93.91 54.78 31.3 7.826 39.13 7.826 23.48 7.826 0 0 0 7.826 0 0 0 0 0
1 427.8 196.6 161.9 138.8 80.94 23.13 69.38 11.56 23.13 11.56 0 0 11.56 0 0 0 0 0 0 0
1 420.6 292.1 105.2 140.2 70.1 23.37 46.73 0 11.68 23.37 11.68 11.68 11.68 0 0 0 0 0 0 0
1 358.9 292.4 239.3 119.6 39.88 79.75 39.88 66.46 26.58 26.58 0 0 13.29 26.58 0 0 0 0 0 0
1 363.4 238.1 213 150.4 75.19 75.19 25.06 62.66 25.06 0 0 25.06 0 0 0 0 0 0 0 0
1 398.8 233.8 261.3 192.5 55 55 41.25 55 13.75 55 0 0 13.75 0 0 0 0 0 0 0
1 301.8 314.4 226.3 113.2 100.6 75.45 37.72 25.15 25.15 12.57 12.57 12.57 0 0 0 0 0 0 0 0
1 649.8 386.4 228.3 158.1 140.5 87.81 70.25 0 0 17.56 0 0 0 0 0 0 17.56 0 0 0
1 452.9 232.9 284.7 155.3 51.76 38.82 0 38.82 12.94 12.94 0 0 0 0 0 12.94 0 0 0 0
1 412 292.4 172.8 199.3 79.74 39.87 79.74 13.29 26.58 13.29 0 0 0 0 0 0 0 0 0 0
1 894 641.8 343.8 68.77 91.69 68.77 22.92 68.77 22.92 22.92 0 22.92 22.92 0 0 0 0 0 0 0
1 409.4 210.6 187.2 152.1 70.19 58.49 23.4 0 0 11.7 11.7 23.4 0 0 11.7 0 0 0 0 0
1 333.3 397.4 128.2 141 115.4 51.28 76.92 12.82 12.82 12.82 0 0 0 0 0 0 0 0 0 0
1 362.3 186 186 48.96 68.54 39.17 39.17 19.58 19.58 9.792 0 0 0 0 0 0 0 0 0 0
1 401.6 307.9 294.5 147.3 53.55 26.77 40.16 13.39 13.39 0 26.77 0 13.39 0 0 0 0 0 0 0
1 442.4 249.6 113.4 79.41 113.4 45.38 34.03 22.69 11.34 0 11.34 0 0 0 11.34 0 0 0 0 0
1 410.4 269.7 211 105.5 93.8 23.45 23.45 11.72 11.72 11.72 0 0 0 0 0 0 0 0 0 0
1 307.9 397.7 269.4 128.3 64.15 51.32 25.66 25.66 0 0 12.83 0 0 0 0 0 0 0 0 0
1 296 205.6 90.45 65.78 41.11 49.34 24.67 8.223 16.45 8.223 8.223 0 0 0 8.223 0 0 0 0 0
1 337.6 286.5 122.8 122.8 81.85 51.16 10.23 0 10.23 0 0 0 0 0 0 0 0 0 0 0
1 333.5 255 186.3 88.27 19.61 39.23 9.807 19.61 0 19.61 0 9.807 0 0 0 0 0 0 0 0
1 360.2 265.4 161.1 104.3 18.96 18.96 18.96 0 0 0 0 0 0 0 0 0 0 0 0 0
1 289.2 272.2 127.6 42.54 59.55 34.03 8.507 0 8.507 8.507 0 0 0 0 0 0 0 0 0 0
1 324.4 166.6 175.4 96.44 35.07 52.61 8.768 0 8.768 8.768 0 0 0 0 0 0 0 0 0 0
1 510.3 344.8 275.9 124.1 68.96 27.59 27.59 0 0 0 0 0 0 0 0 0 0 0 0 0
1 287.1 261 121.8 87 43.5 34.8 26.1 8.7 0 0 0 0 0 0 0 0 0 0 0 0
1 442.3 226.3 102.9 133.7 51.44 51.44 10.29 0 10.29 0 0 0 0 0 0 0 0 0 0 0
1 444.9 269.3 175.6 105.4 81.95 35.12 23.42 0 11.71 11.71 0 11.71 0 0 0 0 0 0 0 0
1 336.2 252.2 205.5 93.4 0 46.7 0 0 0 0 0 0 0 0 0 0 0 0 0 0
1 328.3 203.2 85.98 85.98 46.9 15.63 7.816 0 0 7.816 0 0 0 0 0 0 0 0 0 0
1 355.6 284.5 132.1 101.6 71.13 40.64 20.32 0 10.16 0 0 0 0 0 0 0 0 0 0 0
1 333.7 209.8 200.2 124 28.61 19.07 19.07 9.535 9.535 0 0 0 0 0 0 0 0 0 0 0
1 355.9 289.1 266.9 88.96 66.72 44.48 0 0 0 0 0 0 0 0 0 0 0 0 0 0
1 346.5 210 220.5 115.5 42 73.49 31.5 0 10.5 0 0 0 0 0 0 0 0 0 0 0
1 473.2 297.2 154.1 88.05 55.03 22.01 11.01 0 0 0 0 0 0 0 0 0 0 0 0 0
1 348.8 269.1 199.3 49.83 79.73 19.93 19.93 0 0 0 9.966 0 0 0 0 0 0 0 0 0
1 471 307.2 102.4 112.6 20.48 0 10.24 0 0 0 0 0 0 0 0 0 0 0 0 0
1 538.2 433.5 269.1 89.69 44.85 14.95 44.85 44.85 14.95 0 0 0 0 0 0 0 0 0 0 0
1 391.3 234.8 195.6 68.48 48.91 29.35 9.782 0 0 0 0 0 0 0 0 0 0 0 0 0
1 644 307.4 248.8 161 43.91 29.27 14.64 14.64 0 0 0 0 0 0 0 0 0 0 0 0
1 535.4 401.5 238 193.3 74.36 14.87 14.87 0 0 14.87 0 0 0 0 0 0 0 0 0 0
1 489.3 239.5 145.8 72.88 41.64 0 31.23 20.82 0 0 0 0 0 0 0 0 0 0 0 0
1 439.3 267.9 171.4 96.44 64.29 32.15 0 0 0 0 0 0 0 0 0 0 0 0 0 0
1 370.5 236.7 205.9 102.9 41.17 51.46 10.29 10.29 0 0 0 0 0 0 0 0 0 0 0 0
1 478.7 508.6 149.6 209.4 89.75 29.92 14.96 14.96 0 0 0 0 0 0 0 0 0 0 0 0
1 344.1 204.6 213.9 74.41 74.41 9.301 0 9.301 0 0 0 0 0 0 0 0 0 0 0 0
1 544.6 285.9 258.7 40.85 54.46 95.31 54.46 13.62 0 0 0 13.62 0 0 0 0 0 0 0 0
1 409.8 335.3 124.2 136.6 111.8 49.68 37.26 0 24.84 0 12.42 0 0 0 0 0 0 0 0 0
1 318 215.4 194.9 153.8 92.31 20.51 10.26 20.51 0 0 0 0 0 0 0 0 0 0 0 0
1 283.7 273.6 222.9 111.5 50.66 20.27 40.53 10.13 0 0 0 0 0 0 0 0 0 0 0 0
1 457.6 320.3 183 57.2 22.88 45.76 0 22.88 11.44 11.44 11.44 0 0 0 0 0 0 0 0 0
1 340.7 248.6 156.5 46.04 36.83 55.25 9.208 0 9.208 9.208 9.208 0 0 0 0 0 0 0 0 0
1 428.1 307.7 281 147.2 40.14 53.52 40.14 26.76 13.38 0 0 0 0 0 0 0 0 0 0 0
1 440 454.7 220 117.3 117.3 14.67 29.33 58.67 14.67 0 0 0 0 0 0 0 0 0 0 0
1 380.5 266.4 123.7 76.1 28.54 28.54 28.54 0 0 0 9.513 9.513 0 0 0 0 0 0 0 0
1 455.9 293.1 86.84 108.6 43.42 54.28 10.86 10.86 21.71 0 0 0 0 0 0 0 0 0 0 0
1 354.2 354.2 118.1 85.87 53.67 64.4 32.2 0 10.73 0 0 0 0 0 0 0 0 0 0 0
1 518.8 368.7 204.8 81.92 81.92 54.62 13.65 27.31 0 0 13.65 0 0 0 0 0 0 0 0 0
1 598.5 526 290.2 145.1 127 72.55 0 18.14 0 0 0 18.14 18.14 0 0 0 0 0 0 0
