 landings-at-age - landings.n (units : NA )
1	2	
2	100	
1	20	
1 
0.02659 0.2984 0.8352 0.6934 0.4839 0.3377 0.2357 0.1644 0.1148 0.08008 0.05589 0.039 0.02722 0.01899 0.01325 0.009249 0.006454 0.004504 0.003143 0.007259
0.004287 0.05216 0.1462 0.1214 0.08475 0.05914 0.04127 0.0288 0.0201 0.01403 0.009787 0.00683 0.004766 0.003326 0.002321 0.00162 0.00113 0.0007888 0.0005504 0.001271
0.004301 0.04813 0.1464 0.1219 0.08515 0.05942 0.04147 0.02894 0.02019 0.01409 0.009834 0.006862 0.004789 0.003342 0.002332 0.001627 0.001136 0.0007925 0.000553 0.001277
0.003829 0.04829 0.1351 0.122 0.08549 0.0597 0.04166 0.02907 0.02029 0.01416 0.00988 0.006895 0.004811 0.003358 0.002343 0.001635 0.001141 0.0007963 0.0005557 0.001283
0.003563 0.04299 0.1355 0.1126 0.08557 0.05994 0.04186 0.02921 0.02038 0.01423 0.009927 0.006927 0.004834 0.003374 0.002354 0.001643 0.001146 8e-04 0.0005583 0.001289
0.003788 0.04001 0.1206 0.113 0.07896 0.06 0.04203 0.02935 0.02048 0.01429 0.009974 0.00696 0.004857 0.00339 0.002365 0.001651 0.001152 0.0008038 0.0005609 0.001295
0.004083 0.04253 0.1123 0.1006 0.07922 0.05536 0.04207 0.02947 0.02058 0.01436 0.01002 0.006993 0.00488 0.003406 0.002377 0.001658 0.001157 0.0008076 0.0005636 0.001302
0.004176 0.04584 0.1193 0.09361 0.07053 0.05555 0.03882 0.0295 0.02066 0.01443 0.01007 0.007026 0.004903 0.003422 0.002388 0.001666 0.001163 0.0008114 0.0005663 0.001308
0.004039 0.04689 0.1286 0.09951 0.06563 0.04945 0.03895 0.02722 0.02068 0.01449 0.01012 0.00706 0.004926 0.003438 0.002399 0.001674 0.001168 0.0008153 0.0005689 0.001314
0.003973 0.04535 0.1316 0.1073 0.06977 0.04602 0.03467 0.02731 0.01908 0.0145 0.01016 0.007093 0.00495 0.003454 0.00241 0.001682 0.001174 0.0008191 0.0005716 0.00132
0.003936 0.04461 0.1273 0.1097 0.07521 0.04892 0.03227 0.02431 0.01915 0.01338 0.01017 0.007121 0.004973 0.003471 0.002422 0.00169 0.001179 0.000823 0.0005743 0.001326
0.004124 0.04419 0.1252 0.1061 0.07693 0.05273 0.0343 0.02262 0.01705 0.01342 0.009381 0.007128 0.004993 0.003487 0.002433 0.001698 0.001185 0.0008269 0.0005771 0.001333
0.004042 0.04631 0.124 0.1044 0.0744 0.05394 0.03697 0.02405 0.01586 0.01195 0.009412 0.006578 0.004998 0.003501 0.002445 0.001706 0.001191 0.0008308 0.0005798 0.001339
0.004022 0.04538 0.1299 0.1034 0.07318 0.05217 0.03782 0.02592 0.01686 0.01112 0.00838 0.006599 0.004612 0.003504 0.002455 0.001714 0.001196 0.0008348 0.0005825 0.001345
0.003836 0.04516 0.1273 0.1083 0.0725 0.05131 0.03658 0.02652 0.01818 0.01182 0.007798 0.005875 0.004627 0.003234 0.002457 0.001721 0.001202 0.0008387 0.0005853 0.001352
0.003864 0.04308 0.1267 0.1062 0.07597 0.05083 0.03598 0.02565 0.01859 0.01274 0.00829 0.005467 0.004119 0.003244 0.002267 0.001723 0.001207 0.0008427 0.0005881 0.001358
0.003725 0.04339 0.1209 0.1057 0.07445 0.05326 0.03564 0.02523 0.01798 0.01304 0.008936 0.005812 0.003833 0.002888 0.002275 0.00159 0.001208 0.000846 0.0005908 0.001365
0.003441 0.04182 0.1217 0.1008 0.0741 0.0522 0.03735 0.02499 0.01769 0.01261 0.00914 0.006265 0.004075 0.002688 0.002025 0.001595 0.001115 0.0008469 0.0005932 0.001371
0.003537 0.03864 0.1173 0.1015 0.07067 0.05195 0.0366 0.02619 0.01752 0.0124 0.00884 0.006408 0.004393 0.002857 0.001884 0.00142 0.001118 0.0007815 0.0005938 0.001377
0.003478 0.03972 0.1084 0.09785 0.07118 0.04955 0.03643 0.02566 0.01836 0.01229 0.008695 0.006198 0.004493 0.00308 0.002003 0.001321 0.0009955 0.000784 0.0005479 0.001382
0.003429 0.03905 0.1114 0.0904 0.06861 0.04991 0.03474 0.02554 0.01799 0.01287 0.008614 0.006096 0.004346 0.00315 0.002159 0.001405 0.0009264 0.000698 0.0005497 0.001353
0.003544 0.0385 0.1096 0.09293 0.06339 0.04811 0.03499 0.02436 0.01791 0.01262 0.009026 0.006039 0.004274 0.003047 0.002209 0.001514 0.0009849 0.0006495 0.0004894 0.001334
0.003525 0.03979 0.108 0.09137 0.06516 0.04444 0.03373 0.02453 0.01708 0.01256 0.008846 0.006328 0.004234 0.002997 0.002136 0.001549 0.001062 0.0006905 0.0004554 0.001279
0.003533 0.03958 0.1117 0.09009 0.06406 0.04569 0.03116 0.02365 0.0172 0.01198 0.008803 0.006202 0.004437 0.002969 0.002101 0.001498 0.001086 0.0007443 0.0004842 0.001216
0.003632 0.03967 0.1111 0.09311 0.06317 0.04492 0.03203 0.02185 0.01658 0.01206 0.008396 0.006172 0.004349 0.003111 0.002082 0.001473 0.00105 0.0007613 0.0005219 0.001192
0.00341 0.04079 0.1113 0.09262 0.06528 0.04429 0.03149 0.02246 0.01532 0.01163 0.008457 0.005887 0.004328 0.003049 0.002181 0.00146 0.001033 0.0007363 0.0005338 0.001202
0.003256 0.03829 0.1144 0.09283 0.06494 0.04577 0.03105 0.02208 0.01575 0.01074 0.008151 0.005929 0.004128 0.003034 0.002138 0.001529 0.001023 0.0007243 0.0005163 0.001217
0.003267 0.03656 0.1074 0.09543 0.06509 0.04553 0.03209 0.02177 0.01548 0.01104 0.007531 0.005715 0.004157 0.002894 0.002127 0.001499 0.001072 0.0007175 0.0005078 0.001215
0.003096 0.03668 0.1026 0.08958 0.06691 0.04564 0.03193 0.0225 0.01527 0.01086 0.007741 0.00528 0.004007 0.002915 0.002029 0.001492 0.001051 0.0007518 0.0005031 0.001208
0.003685 0.03476 0.1029 0.08556 0.06281 0.04692 0.032 0.02238 0.01578 0.0107 0.007611 0.005428 0.003702 0.00281 0.002044 0.001423 0.001046 0.0007368 0.0005271 0.0012
0.003952 0.04138 0.09755 0.08583 0.05999 0.04404 0.03289 0.02243 0.01569 0.01106 0.007505 0.005337 0.003806 0.002596 0.00197 0.001433 0.0009975 0.0007333 0.0005166 0.001211
0.003825 0.04438 0.1161 0.08134 0.06018 0.04206 0.03088 0.02306 0.01573 0.011 0.007756 0.005262 0.003742 0.002668 0.00182 0.001381 0.001005 0.0006994 0.0005141 0.001211
0.003897 0.04294 0.1245 0.09682 0.05703 0.0422 0.02949 0.02165 0.01617 0.01103 0.007715 0.005438 0.003689 0.002623 0.001871 0.001276 0.0009684 0.0007044 0.0004904 0.00121
0.003914 0.04375 0.1205 0.1038 0.06788 0.03999 0.02959 0.02068 0.01518 0.01134 0.007733 0.00541 0.003813 0.002587 0.001839 0.001312 0.0008947 0.000679 0.0004939 0.001192
0.003598 0.04395 0.1228 0.1005 0.0728 0.0476 0.02804 0.02074 0.0145 0.01064 0.00795 0.005422 0.003793 0.002673 0.001814 0.00129 0.0009197 0.0006273 0.0004761 0.001182
0.00356 0.0404 0.1233 0.1024 0.07045 0.05104 0.03337 0.01966 0.01454 0.01016 0.007462 0.005574 0.003801 0.002659 0.001874 0.001272 0.0009043 0.0006448 0.0004398 0.001163
0.003544 0.03997 0.1134 0.1028 0.07178 0.0494 0.03579 0.0234 0.01378 0.0102 0.007127 0.005232 0.003908 0.002665 0.001865 0.001314 0.0008916 0.000634 0.0004521 0.001124
0.003488 0.03979 0.1122 0.09454 0.0721 0.05033 0.03464 0.02509 0.01641 0.009664 0.00715 0.004997 0.003669 0.00274 0.001869 0.001307 0.0009215 0.0006252 0.0004445 0.001105
0.003805 0.03916 0.1117 0.09353 0.06629 0.05055 0.03529 0.02428 0.01759 0.0115 0.006776 0.005013 0.003504 0.002572 0.001921 0.00131 0.0009166 0.0006461 0.0004383 0.001086
0.00399 0.04273 0.1099 0.0931 0.06558 0.04648 0.03545 0.02474 0.01703 0.01234 0.008065 0.004751 0.003515 0.002457 0.001803 0.001347 0.0009187 0.0006427 0.000453 0.001069
0.003922 0.0448 0.1199 0.09163 0.06528 0.04598 0.03259 0.02485 0.01735 0.01194 0.008649 0.005655 0.003331 0.002465 0.001722 0.001264 0.0009445 0.0006441 0.0004506 0.001067
4.563e-08 5.041e-07 1.439e-06 1.145e-06 7.357e-07 5.241e-07 3.692e-07 2.616e-07 1.995e-07 1.393e-07 9.585e-08 6.944e-08 4.54e-08 2.674e-08 1.979e-08 1.383e-08 1.015e-08 7.583e-09 5.171e-09 1.219e-08
0.06193 0.661 1.818 1.541 1.031 0.6625 0.4719 0.3324 0.2356 0.1797 0.1254 0.08631 0.06253 0.04088 0.02408 0.01782 0.01245 0.009142 0.006828 0.01563
0.129 1.387 3.662 2.973 2.117 1.416 0.9099 0.6482 0.4566 0.3236 0.2468 0.1723 0.1185 0.08589 0.05615 0.03308 0.02447 0.0171 0.01256 0.03085
0.197 2.163 5.719 4.432 3.017 2.149 1.437 0.9236 0.658 0.4635 0.3285 0.2505 0.1749 0.1203 0.08718 0.057 0.03357 0.02484 0.01736 0.04406
0.2883 2.932 7.869 6.07 3.94 2.683 1.911 1.278 0.8211 0.585 0.412 0.292 0.2227 0.1555 0.107 0.07751 0.05067 0.02985 0.02208 0.0546
0.3559 4.016 9.927 7.724 4.985 3.236 2.203 1.569 1.049 0.6744 0.4804 0.3384 0.2398 0.1829 0.1277 0.08786 0.06365 0.04161 0.02451 0.06298
0.4384 4.752 12.96 9.229 6 3.872 2.514 1.711 1.219 0.8152 0.5239 0.3732 0.2629 0.1863 0.1421 0.09918 0.06825 0.04945 0.03233 0.06797
0.4935 5.681 14.8 11.56 6.868 4.466 2.882 1.871 1.274 0.9071 0.6067 0.3899 0.2777 0.1956 0.1386 0.1057 0.07381 0.05079 0.0368 0.07464
0.5304 6.255 17.2 12.75 8.3 4.934 3.208 2.07 1.344 0.9149 0.6516 0.4358 0.28 0.1995 0.1405 0.09959 0.07595 0.05302 0.03648 0.08005
0.5623 6.608 18.51 14.4 8.885 5.783 3.437 2.235 1.442 0.9362 0.6374 0.454 0.3036 0.1951 0.139 0.09791 0.06939 0.05292 0.03694 0.08119
0.7146 6.908 19.17 15.09 9.762 6.024 3.921 2.331 1.515 0.9779 0.6348 0.4322 0.3078 0.2059 0.1323 0.09425 0.06638 0.04705 0.03588 0.0801
0.7681 8.678 19.69 15.27 9.983 6.457 3.984 2.593 1.542 1.002 0.6468 0.4199 0.2859 0.2036 0.1362 0.0875 0.06234 0.04391 0.03112 0.07671
0.7945 9.236 24.35 15.35 9.868 6.453 4.173 2.575 1.676 0.9964 0.6478 0.4181 0.2714 0.1848 0.1316 0.08801 0.05656 0.04029 0.02838 0.06969
0.8097 9.472 25.55 18.6 9.706 6.241 4.081 2.639 1.629 1.06 0.6301 0.4097 0.2644 0.1716 0.1169 0.08323 0.05566 0.03577 0.02548 0.06203
0.9025 9.582 25.86 19.14 11.52 6.013 3.866 2.528 1.635 1.009 0.6567 0.3904 0.2538 0.1638 0.1063 0.07239 0.05156 0.03448 0.02216 0.05421
0.9222 10.61 25.83 19.01 11.62 6.996 3.652 2.348 1.535 0.9929 0.6127 0.3988 0.2371 0.1541 0.09947 0.06456 0.04396 0.03131 0.02094 0.04638
0.9996 10.78 28.27 18.66 11.33 6.924 4.168 2.175 1.399 0.9145 0.5915 0.365 0.2376 0.1412 0.09182 0.05925 0.03846 0.02619 0.01865 0.0401
1.097 11.62 28.39 20.06 10.91 6.622 4.048 2.437 1.272 0.8178 0.5347 0.3459 0.2134 0.1389 0.08257 0.05368 0.03465 0.02249 0.01531 0.03435
1.111 12.68 30.28 19.81 11.52 6.263 3.802 2.324 1.399 0.7302 0.4695 0.307 0.1986 0.1225 0.07975 0.04741 0.03082 0.01989 0.01291 0.02851
1.114 12.78 32.71 20.78 11.17 6.496 3.532 2.144 1.311 0.7891 0.4118 0.2648 0.1731 0.112 0.0691 0.04498 0.02674 0.01738 0.01122 0.02336
1.147 12.14 31.19 21.13 11.01 5.922 3.443 1.872 1.136 0.6946 0.4182 0.2182 0.1403 0.09175 0.05934 0.03662 0.02384 0.01417 0.009212 0.01833
1.126 12.5 29.63 20.15 11.2 5.837 3.138 1.824 0.9919 0.6021 0.3681 0.2216 0.1157 0.07436 0.04862 0.03145 0.01941 0.01263 0.007508 0.01459
1.098 12.27 30.5 19.14 10.68 5.934 3.093 1.663 0.9668 0.5257 0.3191 0.1951 0.1174 0.06129 0.03941 0.02577 0.01667 0.01028 0.006694 0.01171
1.077 11.97 29.95 19.7 10.14 5.658 3.145 1.639 0.8813 0.5124 0.2786 0.1691 0.1034 0.06223 0.03248 0.02088 0.01366 0.008832 0.00545 0.009755
1.034 11.75 29.22 19.34 10.44 5.375 2.998 1.666 0.8687 0.467 0.2715 0.1476 0.08961 0.05479 0.03298 0.01721 0.01107 0.007237 0.00468 0.008058
0.9578 11.28 28.66 18.87 10.25 5.533 2.848 1.589 0.8831 0.4604 0.2475 0.1439 0.07823 0.04749 0.02903 0.01748 0.009122 0.005865 0.003835 0.00675
0.978 10.44 27.52 18.51 10 5.432 2.932 1.51 0.8421 0.468 0.244 0.1312 0.07625 0.04146 0.02517 0.01539 0.009262 0.004834 0.003108 0.00561
0.9626 10.66 25.48 17.77 9.809 5.3 2.879 1.554 0.7999 0.4462 0.248 0.1293 0.06951 0.04041 0.02197 0.01334 0.008154 0.004908 0.002562 0.00462
0.9654 10.49 26.01 16.46 9.419 5.198 2.809 1.526 0.8234 0.4239 0.2365 0.1314 0.06851 0.03684 0.02141 0.01164 0.007068 0.004321 0.002601 0.003806
0.9725 10.52 25.61 16.8 8.721 4.992 2.755 1.488 0.8085 0.4364 0.2247 0.1253 0.06965 0.03631 0.01952 0.01135 0.00617 0.003746 0.00229 0.003395
1.08 10.6 25.68 16.54 8.904 4.622 2.645 1.46 0.7888 0.4284 0.2312 0.1191 0.06641 0.03691 0.01924 0.01034 0.006014 0.00327 0.001985 0.003013
1.114 11.78 25.87 16.59 8.765 4.719 2.449 1.402 0.7736 0.418 0.227 0.1225 0.06309 0.03519 0.01956 0.0102 0.005482 0.003187 0.001733 0.002649
1.137 12.14 28.73 16.71 8.79 4.645 2.501 1.298 0.7429 0.41 0.2215 0.1203 0.06494 0.03343 0.01865 0.01037 0.005404 0.002905 0.001689 0.002322
1.178 12.39 29.62 18.56 8.855 4.658 2.462 1.325 0.6878 0.3937 0.2173 0.1174 0.06376 0.03441 0.01772 0.009884 0.005493 0.002864 0.00154 0.002126
1.273 12.85 30.23 19.13 9.834 4.693 2.469 1.304 0.7023 0.3645 0.2086 0.1151 0.06221 0.03379 0.01824 0.00939 0.005238 0.002911 0.001518 0.001942
1.409 13.87 31.35 19.53 10.14 5.212 2.487 1.308 0.6913 0.3722 0.1932 0.1106 0.06102 0.03297 0.01791 0.009665 0.004976 0.002776 0.001543 0.001834
1.336 15.37 33.85 20.25 10.35 5.373 2.762 1.318 0.6933 0.3663 0.1972 0.1024 0.05859 0.03234 0.01747 0.00949 0.005122 0.002637 0.001471 0.001789
1.35 14.57 37.49 21.86 10.73 5.484 2.847 1.464 0.6984 0.3674 0.1941 0.1045 0.05425 0.03105 0.01714 0.009258 0.005029 0.002714 0.001397 0.001728
1.362 14.71 35.54 24.22 11.59 5.686 2.906 1.509 0.7756 0.3701 0.1947 0.1029 0.05539 0.02875 0.01645 0.009081 0.004906 0.002665 0.001438 0.001656
1.397 14.5 35.11 22.47 12.56 6.009 2.949 1.507 0.7825 0.4022 0.1919 0.101 0.05335 0.02872 0.01491 0.008533 0.004709 0.002544 0.001382 0.001605
1.281 14.87 34.69 22.32 11.72 6.553 3.136 1.539 0.7865 0.4083 0.2099 0.1002 0.05269 0.02784 0.01499 0.007779 0.004453 0.002457 0.001328 0.001559
1.187 13.64 35.69 22.17 11.72 6.156 3.441 1.646 0.8079 0.413 0.2144 0.1102 0.05259 0.02766 0.01462 0.00787 0.004085 0.002338 0.00129 0.001516
1.282 12.64 32.82 22.94 11.71 6.191 3.252 1.818 0.8699 0.4268 0.2182 0.1133 0.05823 0.02778 0.01462 0.007723 0.004158 0.002158 0.001235 0.001482
1.209 13.65 30.49 21.21 12.19 6.227 3.291 1.729 0.9664 0.4624 0.2269 0.116 0.06022 0.03095 0.01477 0.00777 0.004106 0.00221 0.001147 0.001445
1.126 12.87 33.02 19.81 11.34 6.522 3.331 1.76 0.9247 0.5169 0.2473 0.1214 0.06203 0.03221 0.01655 0.007899 0.004155 0.002196 0.001182 0.001386
1.058 11.98 31.2 21.57 10.66 6.103 3.509 1.792 0.9472 0.4975 0.2781 0.1331 0.0653 0.03338 0.01733 0.008907 0.00425 0.002236 0.001182 0.001382
0.9189 11.26 29.13 20.5 11.68 5.771 3.304 1.9 0.9701 0.5127 0.2693 0.1505 0.07203 0.03535 0.01807 0.009381 0.004822 0.002301 0.00121 0.001388
0.8764 9.776 27.45 19.24 11.16 6.359 3.142 1.799 1.034 0.5283 0.2792 0.1467 0.08198 0.03922 0.01925 0.009838 0.005108 0.002626 0.001253 0.001415
0.8748 9.322 23.88 18.22 10.54 6.114 3.483 1.721 0.9855 0.5666 0.2894 0.1529 0.08033 0.0449 0.02149 0.01054 0.005389 0.002798 0.001438 0.001461
0.831 9.301 22.83 15.94 10.04 5.806 3.369 1.919 0.9484 0.5429 0.3122 0.1594 0.08426 0.04426 0.02474 0.01184 0.005809 0.002969 0.001542 0.001597
0.8176 8.832 22.83 15.31 8.833 5.564 3.217 1.867 1.063 0.5255 0.3009 0.173 0.08834 0.04669 0.02453 0.01371 0.00656 0.003219 0.001645 0.001739
0.8361 8.686 21.73 15.39 8.534 4.922 3.1 1.793 1.04 0.5926 0.2929 0.1677 0.09641 0.04923 0.02602 0.01367 0.00764 0.003656 0.001794 0.001886
0.819 8.878 21.41 14.72 8.626 4.782 2.758 1.738 1.005 0.583 0.3321 0.1641 0.09396 0.05403 0.02759 0.01458 0.00766 0.004282 0.002049 0.002062
0.786 8.69 21.93 14.58 8.296 4.861 2.695 1.554 0.9791 0.5662 0.3285 0.1871 0.09248 0.05295 0.03044 0.01555 0.008217 0.004316 0.002413 0.002317
0.7979 8.334 21.51 15 8.26 4.7 2.754 1.527 0.8806 0.5547 0.3208 0.1861 0.106 0.0524 0.03 0.01725 0.008808 0.004655 0.002445 0.002679
0.8388 8.452 20.66 14.78 8.545 4.704 2.677 1.568 0.8695 0.5015 0.3159 0.1827 0.106 0.06038 0.02984 0.01708 0.009823 0.005016 0.002651 0.002919
0.8233 8.876 20.99 14.27 8.462 4.891 2.693 1.532 0.8978 0.4977 0.2871 0.1808 0.1046 0.06067 0.03456 0.01708 0.009779 0.005623 0.002871 0.003188
0.7815 8.702 22.08 14.56 8.208 4.868 2.814 1.549 0.8814 0.5165 0.2863 0.1652 0.104 0.06016 0.0349 0.01988 0.009827 0.005626 0.003235 0.003486
