 landings-at-age - landings.n (units : NA )
1	2	
2	100	
1	20	
1 
0.02659 0.2984 0.8352 0.6934 0.4839 0.3377 0.2357 0.1644 0.1148 0.08008 0.05589 0.039 0.02722 0.01899 0.01325 0.009249 0.006454 0.004504 0.003143 0.007259
0.004303 0.05216 0.1462 0.1214 0.08475 0.05914 0.04127 0.0288 0.0201 0.01403 0.009787 0.00683 0.004766 0.003326 0.002321 0.00162 0.00113 0.0007888 0.0005504 0.001271
0.004507 0.04831 0.1464 0.1219 0.08515 0.05942 0.04147 0.02894 0.02019 0.01409 0.009834 0.006862 0.004789 0.003342 0.002332 0.001627 0.001136 0.0007925 0.000553 0.001277
0.004428 0.0506 0.1356 0.122 0.08549 0.0597 0.04166 0.02907 0.02029 0.01416 0.00988 0.006895 0.004811 0.003358 0.002343 0.001635 0.001141 0.0007963 0.0005557 0.001283
0.004266 0.04972 0.142 0.113 0.08557 0.05994 0.04186 0.02921 0.02038 0.01423 0.009927 0.006927 0.004834 0.003374 0.002354 0.001643 0.001146 8e-04 0.0005583 0.001289
0.003993 0.04791 0.1395 0.1184 0.07926 0.06 0.04203 0.02935 0.02048 0.01429 0.009974 0.00696 0.004857 0.00339 0.002365 0.001651 0.001152 0.0008038 0.0005609 0.001295
0.003737 0.04484 0.1344 0.1163 0.08302 0.05557 0.04207 0.02947 0.02058 0.01436 0.01002 0.006993 0.00488 0.003406 0.002377 0.001658 0.001157 0.0008076 0.0005636 0.001302
0.003598 0.04196 0.1258 0.1121 0.08157 0.05821 0.03896 0.0295 0.02066 0.01443 0.01007 0.007026 0.004903 0.003422 0.002388 0.001666 0.001163 0.0008114 0.0005663 0.001308
0.003738 0.0404 0.1177 0.1049 0.07859 0.05719 0.04081 0.02732 0.02068 0.01449 0.01012 0.00706 0.004926 0.003438 0.002399 0.001674 0.001168 0.0008153 0.0005689 0.001314
0.003555 0.04197 0.1134 0.09819 0.07356 0.0551 0.0401 0.02861 0.01915 0.0145 0.01016 0.007093 0.00495 0.003454 0.00241 0.001682 0.001174 0.0008191 0.0005716 0.00132
0.00383 0.03992 0.1178 0.09453 0.06884 0.05157 0.03864 0.02812 0.02006 0.01343 0.01017 0.007121 0.004973 0.003471 0.002422 0.00169 0.001179 0.000823 0.0005743 0.001326
0.004152 0.04301 0.112 0.0982 0.06628 0.04827 0.03616 0.02709 0.01971 0.01407 0.009416 0.007128 0.004993 0.003487 0.002433 0.001698 0.001185 0.0008269 0.0005771 0.001333
0.004432 0.04662 0.1207 0.09341 0.06885 0.04647 0.03384 0.02535 0.01899 0.01382 0.009863 0.006602 0.004998 0.003501 0.002445 0.001706 0.001191 0.0008308 0.0005798 0.001339
0.003941 0.04977 0.1308 0.1006 0.06549 0.04827 0.03258 0.02373 0.01778 0.01332 0.009691 0.006915 0.004629 0.003504 0.002455 0.001714 0.001196 0.0008348 0.0005825 0.001345
0.003945 0.04425 0.1396 0.1091 0.07056 0.04592 0.03385 0.02285 0.01664 0.01246 0.009337 0.006795 0.004849 0.003246 0.002457 0.001721 0.001202 0.0008387 0.0005853 0.001352
0.003523 0.0443 0.1242 0.1164 0.07649 0.04947 0.0322 0.02373 0.01602 0.01167 0.008739 0.006547 0.004764 0.0034 0.002276 0.001723 0.001207 0.0008427 0.0005881 0.001358
0.003516 0.03956 0.1243 0.1035 0.08164 0.05363 0.03469 0.02257 0.01664 0.01123 0.008179 0.006127 0.00459 0.00334 0.002384 0.001596 0.001208 0.000846 0.0005908 0.001365
0.00388 0.03947 0.111 0.1036 0.07259 0.05724 0.0376 0.02432 0.01583 0.01167 0.007874 0.005735 0.004296 0.003218 0.002342 0.001671 0.001119 0.0008469 0.0005932 0.001371
0.003939 0.04356 0.1108 0.09256 0.07267 0.0509 0.04014 0.02637 0.01705 0.0111 0.00818 0.005521 0.004021 0.003012 0.002257 0.001642 0.001172 0.0007844 0.0005938 0.001377
0.003821 0.04423 0.1222 0.09236 0.0649 0.05095 0.03569 0.02814 0.01849 0.01196 0.007781 0.005735 0.003871 0.002819 0.002112 0.001582 0.001151 0.0008216 0.00055 0.001382
0.003693 0.04291 0.1241 0.1019 0.06476 0.0455 0.03573 0.02502 0.01973 0.01296 0.008383 0.005456 0.004021 0.002714 0.001977 0.001481 0.001109 0.0008073 0.000576 0.001355
0.004007 0.04147 0.1204 0.1035 0.07146 0.04541 0.0319 0.02505 0.01754 0.01383 0.009088 0.005878 0.003825 0.00282 0.001903 0.001386 0.001038 0.0007778 0.000566 0.001354
0.004188 0.04499 0.1164 0.1004 0.07256 0.05011 0.03184 0.02237 0.01756 0.0123 0.0097 0.006372 0.004121 0.002682 0.001977 0.001334 0.0009717 0.000728 0.0005453 0.001346
0.00408 0.04702 0.1262 0.09703 0.07039 0.05088 0.03513 0.02232 0.01568 0.01231 0.008625 0.006801 0.004468 0.002889 0.00188 0.001386 0.0009355 0.0006813 0.0005104 0.001326
0.004289 0.04581 0.1319 0.1053 0.06803 0.04935 0.03567 0.02463 0.01565 0.011 0.008634 0.006047 0.004768 0.003132 0.002026 0.001318 0.0009718 0.0006559 0.0004777 0.001288
0.004139 0.04816 0.1285 0.11 0.0738 0.0477 0.0346 0.02501 0.01727 0.01097 0.00771 0.006054 0.00424 0.003343 0.002196 0.00142 0.0009244 0.0006814 0.0004599 0.001238
0.004302 0.04648 0.1351 0.1072 0.07714 0.05175 0.03344 0.02426 0.01754 0.01211 0.007694 0.005406 0.004244 0.002973 0.002344 0.00154 0.000996 0.0006482 0.0004778 0.00119
0.004672 0.0483 0.1304 0.1127 0.07515 0.05409 0.03628 0.02345 0.01701 0.0123 0.00849 0.005395 0.00379 0.002976 0.002084 0.001644 0.00108 0.0006983 0.0004545 0.00117
0.004734 0.05246 0.1355 0.1088 0.07901 0.05269 0.03792 0.02544 0.01644 0.01193 0.008621 0.005953 0.003782 0.002658 0.002087 0.001461 0.001152 0.000757 0.0004896 0.001139
0.004554 0.05316 0.1472 0.113 0.07625 0.0554 0.03694 0.02659 0.01784 0.01153 0.008363 0.006045 0.004174 0.002652 0.001863 0.001463 0.001025 0.000808 0.0005308 0.001142
0.004536 0.05114 0.1492 0.1228 0.07925 0.05346 0.03884 0.0259 0.01864 0.01251 0.008083 0.005864 0.004238 0.002927 0.001859 0.001307 0.001026 0.0007184 0.0005665 0.001173
0.004784 0.05093 0.1435 0.1244 0.08607 0.05556 0.03748 0.02723 0.01816 0.01307 0.008768 0.005667 0.004111 0.002972 0.002052 0.001304 0.000916 0.0007192 0.0005037 0.001219
0.005018 0.05372 0.1429 0.1196 0.0872 0.06035 0.03896 0.02628 0.01909 0.01273 0.009165 0.006148 0.003973 0.002883 0.002083 0.001439 0.0009141 0.0006423 0.0005043 0.001208
0.004819 0.05634 0.1507 0.1192 0.08389 0.06114 0.04231 0.02731 0.01843 0.01339 0.008928 0.006426 0.004311 0.002786 0.002021 0.001461 0.001009 0.0006409 0.0004503 0.001201
0.005046 0.05411 0.1581 0.1257 0.08356 0.05882 0.04287 0.02967 0.01915 0.01292 0.009387 0.00626 0.004506 0.003022 0.001953 0.001417 0.001024 0.0007073 0.0004494 0.001158
0.004727 0.05666 0.1518 0.1318 0.08813 0.05859 0.04124 0.03006 0.0208 0.01343 0.009059 0.006582 0.004389 0.003159 0.002119 0.00137 0.0009936 0.0007181 0.0004959 0.001127
0.004633 0.05308 0.159 0.1266 0.09244 0.06179 0.04108 0.02892 0.02108 0.01458 0.009415 0.006352 0.004615 0.003077 0.002215 0.001486 0.0009603 0.0006966 0.0005035 0.001138
0.004843 0.05202 0.1489 0.1326 0.08876 0.06481 0.04332 0.0288 0.02027 0.01478 0.01023 0.006601 0.004453 0.003236 0.002158 0.001553 0.001042 0.0006733 0.0004884 0.001151
0.004736 0.05438 0.146 0.1242 0.09296 0.06224 0.04544 0.03038 0.02019 0.01422 0.01036 0.00717 0.004628 0.003122 0.002269 0.001513 0.001089 0.0007304 0.0004721 0.001149
0.004296 0.05318 0.1526 0.1217 0.08708 0.06518 0.04364 0.03186 0.0213 0.01416 0.009967 0.007264 0.005027 0.003245 0.002189 0.001591 0.001061 0.0007635 0.0005121 0.001137
0.004604 0.04823 0.1492 0.1272 0.08535 0.06106 0.0457 0.0306 0.02234 0.01493 0.009927 0.006988 0.005093 0.003525 0.002275 0.001535 0.001115 0.0007437 0.0005353 0.001156
4.967e-08 5.917e-07 1.55e-06 1.425e-06 1.022e-06 6.852e-07 4.902e-07 3.669e-07 2.456e-07 1.794e-07 1.199e-07 7.97e-08 5.61e-08 4.089e-08 2.83e-08 1.827e-08 1.232e-08 8.954e-09 5.971e-09 1.358e-08
0.06114 0.7196 2.134 1.659 1.283 0.9199 0.617 0.4414 0.3304 0.2212 0.1615 0.108 0.07177 0.05052 0.03682 0.02548 0.01645 0.0111 0.008063 0.0176
0.122 1.369 3.987 3.489 2.279 1.762 1.264 0.8475 0.6063 0.4538 0.3038 0.2218 0.1483 0.09858 0.06939 0.05058 0.035 0.02259 0.01524 0.03526
0.1786 2.046 5.647 4.825 3.542 2.314 1.789 1.283 0.8603 0.6154 0.4606 0.3084 0.2252 0.1505 0.1001 0.07044 0.05134 0.03553 0.02293 0.05126
0.2354 2.658 7.445 5.992 4.29 3.149 2.057 1.59 1.14 0.7648 0.5471 0.4095 0.2742 0.2002 0.1338 0.08896 0.06262 0.04564 0.03158 0.06596
0.3039 3.279 9.001 7.308 4.921 3.523 2.586 1.689 1.306 0.9364 0.6281 0.4493 0.3363 0.2252 0.1644 0.1099 0.07306 0.05143 0.03748 0.08011
0.3405 4.058 10.58 8.368 5.677 3.823 2.737 2.009 1.312 1.015 0.7275 0.4879 0.3491 0.2613 0.1749 0.1277 0.08537 0.05675 0.03995 0.09135
0.392 4.413 12.63 9.435 6.227 4.225 2.845 2.037 1.495 0.9765 0.7551 0.5414 0.3631 0.2598 0.1944 0.1302 0.09504 0.06353 0.04224 0.09771
0.4585 4.969 13.36 10.89 6.777 4.473 3.035 2.044 1.463 1.074 0.7015 0.5424 0.3889 0.2608 0.1866 0.1397 0.0935 0.06827 0.04564 0.1005
0.4832 5.713 14.7 11.18 7.587 4.722 3.117 2.114 1.424 1.019 0.7482 0.4887 0.3779 0.2709 0.1817 0.13 0.09731 0.06515 0.04757 0.1018
0.5714 5.936 16.57 11.99 7.583 5.144 3.202 2.113 1.434 0.9655 0.6911 0.5073 0.3314 0.2562 0.1837 0.1232 0.08815 0.06598 0.04417 0.1013
0.5981 6.939 16.92 13.2 7.93 5.016 3.402 2.118 1.398 0.9482 0.6386 0.4571 0.3356 0.2192 0.1695 0.1215 0.0815 0.0583 0.04364 0.09622
0.6559 7.192 19.47 13.19 8.532 5.125 3.242 2.199 1.369 0.9033 0.6129 0.4127 0.2954 0.2169 0.1417 0.1095 0.07854 0.05268 0.03768 0.0904
0.7337 7.82 19.89 14.87 8.341 5.396 3.241 2.05 1.391 0.8656 0.5713 0.3876 0.261 0.1869 0.1372 0.08959 0.06928 0.04967 0.03332 0.081
0.8152 8.682 21.35 14.9 9.212 5.167 3.342 2.008 1.27 0.8615 0.5362 0.3539 0.2401 0.1617 0.1158 0.08497 0.0555 0.04292 0.03077 0.07082
0.8714 9.582 23.41 15.7 9.05 5.595 3.138 2.03 1.219 0.7713 0.5232 0.3256 0.2149 0.1458 0.0982 0.07029 0.0516 0.03371 0.02606 0.06169
0.8949 10.18 25.53 16.91 9.351 5.391 3.333 1.869 1.209 0.7264 0.4595 0.3117 0.194 0.128 0.08686 0.0585 0.04188 0.03074 0.02008 0.05228
0.9862 10.4 26.83 18.12 9.884 5.467 3.152 1.949 1.093 0.707 0.4247 0.2687 0.1822 0.1134 0.07486 0.05079 0.0342 0.02448 0.01797 0.04231
1.04 11.4 27.11 18.72 10.4 5.675 3.139 1.81 1.119 0.6275 0.4059 0.2439 0.1542 0.1046 0.06512 0.04298 0.02916 0.01964 0.01406 0.03461
1.13 11.96 29.42 18.61 10.56 5.868 3.2 1.77 1.021 0.6309 0.3539 0.2289 0.1375 0.08699 0.05901 0.03673 0.02424 0.01644 0.01108 0.02745
1.067 12.32 29.19 19 9.861 5.595 3.11 1.696 0.9381 0.5409 0.3344 0.1875 0.1213 0.07288 0.0461 0.03127 0.01946 0.01285 0.008715 0.02041
1.049 11.64 30.05 18.86 10.07 5.226 2.965 1.648 0.8988 0.4972 0.2866 0.1772 0.09939 0.06429 0.03862 0.02443 0.01657 0.01031 0.006807 0.01544
0.9969 11.43 28.39 19.41 9.993 5.336 2.769 1.571 0.8733 0.4763 0.2635 0.1519 0.0939 0.05267 0.03407 0.02047 0.01295 0.008782 0.005466 0.01179
0.9505 10.87 27.89 18.34 10.29 5.296 2.828 1.468 0.8327 0.4628 0.2524 0.1396 0.08049 0.04976 0.02791 0.01806 0.01085 0.006861 0.004654 0.009144
0.9559 10.36 26.52 18.02 9.717 5.451 2.806 1.499 0.7777 0.4413 0.2452 0.1338 0.07399 0.04266 0.02637 0.01479 0.009568 0.005748 0.003636 0.007312
0.9727 10.42 25.28 17.13 9.548 5.15 2.889 1.487 0.7942 0.4122 0.2339 0.13 0.07089 0.03921 0.02261 0.01397 0.007839 0.005071 0.003046 0.005802
0.9829 10.6 25.43 16.33 9.077 5.06 2.729 1.531 0.7881 0.4209 0.2184 0.1239 0.06887 0.03757 0.02078 0.01198 0.007406 0.004154 0.002687 0.004689
1.016 10.72 25.87 16.42 8.655 4.81 2.681 1.446 0.8112 0.4176 0.223 0.1157 0.06568 0.0365 0.01991 0.01101 0.006348 0.003925 0.002201 0.003909
0.9524 11.08 26.15 16.71 8.704 4.587 2.549 1.421 0.7664 0.4299 0.2213 0.1182 0.06134 0.0348 0.01934 0.01055 0.005835 0.003364 0.00208 0.003238
0.9389 10.38 27.03 16.89 8.857 4.612 2.431 1.351 0.7531 0.4061 0.2278 0.1173 0.06263 0.03251 0.01844 0.01025 0.005591 0.003092 0.001783 0.002818
0.9617 10.24 25.33 17.46 8.949 4.694 2.444 1.288 0.7159 0.3991 0.2152 0.1207 0.06216 0.03319 0.01723 0.009774 0.005432 0.002963 0.001639 0.002438
0.9891 10.48 24.97 16.36 9.251 4.743 2.487 1.295 0.6826 0.3794 0.2115 0.1141 0.06398 0.03294 0.01759 0.009129 0.00518 0.002879 0.00157 0.002161
0.9781 10.78 25.58 16.13 8.671 4.903 2.513 1.318 0.6864 0.3617 0.201 0.1121 0.06044 0.03391 0.01746 0.009322 0.004838 0.002745 0.001526 0.001977
0.9707 10.66 26.31 16.52 8.549 4.595 2.598 1.332 0.6985 0.3638 0.1917 0.1065 0.05939 0.03203 0.01797 0.009251 0.00494 0.002564 0.001455 0.001856
0.9552 10.58 26.02 16.99 8.757 4.53 2.435 1.377 0.7058 0.3702 0.1928 0.1016 0.05646 0.03147 0.01698 0.009522 0.004902 0.002618 0.001359 0.001755
0.8978 10.41 25.82 16.81 9.006 4.64 2.401 1.291 0.7296 0.374 0.1962 0.1022 0.05384 0.02992 0.01668 0.008996 0.005046 0.002598 0.001387 0.00165
0.9319 9.788 25.41 16.68 8.906 4.772 2.459 1.272 0.6839 0.3867 0.1982 0.104 0.05414 0.02853 0.01586 0.008839 0.004767 0.002674 0.001377 0.00161
0.9516 10.16 23.88 16.41 8.838 4.72 2.529 1.303 0.6742 0.3624 0.2049 0.105 0.05509 0.02869 0.01512 0.008403 0.004684 0.002526 0.001417 0.001583
0.9134 10.37 24.79 15.43 8.697 4.684 2.501 1.34 0.6906 0.3573 0.1921 0.1086 0.05567 0.0292 0.0152 0.008012 0.004453 0.002482 0.001339 0.00159
0.9154 9.721 24.76 15.67 8 4.51 2.429 1.297 0.695 0.3581 0.1853 0.0996 0.05631 0.02887 0.01514 0.007885 0.004155 0.002309 0.001287 0.001519
0.8723 9.744 23.26 15.74 8.176 4.175 2.353 1.267 0.6768 0.3627 0.1869 0.09669 0.05197 0.02939 0.01506 0.007901 0.004114 0.002168 0.001205 0.001464
0.8742 9.285 23.38 14.87 8.264 4.293 2.192 1.236 0.6655 0.3554 0.1904 0.09813 0.05077 0.02729 0.01543 0.00791 0.004148 0.00216 0.001138 0.001402
0.8809 9.306 22.34 15.03 7.856 4.366 2.268 1.158 0.6529 0.3516 0.1878 0.1006 0.05185 0.02682 0.01442 0.008152 0.004179 0.002192 0.001141 0.001342
0.958 9.376 22.45 14.44 7.989 4.176 2.321 1.206 0.6156 0.3471 0.1869 0.09981 0.05349 0.02756 0.01426 0.007665 0.004333 0.002222 0.001165 0.00132
0.9874 10.2 22.68 14.59 7.722 4.273 2.234 1.241 0.6448 0.3292 0.1856 0.09996 0.05338 0.02861 0.01474 0.007626 0.004099 0.002318 0.001188 0.001329
0.986 10.51 24.73 14.82 7.85 4.155 2.299 1.202 0.6679 0.347 0.1772 0.09988 0.05379 0.02872 0.01539 0.007931 0.004103 0.002206 0.001247 0.001355
0.985 10.49 25.55 16.24 8.021 4.249 2.249 1.244 0.6506 0.3615 0.1878 0.0959 0.05406 0.02912 0.01555 0.008332 0.004293 0.002221 0.001194 0.001408
1.002 10.48 25.57 16.87 8.845 4.368 2.314 1.225 0.6777 0.3543 0.1969 0.1023 0.05222 0.02944 0.01586 0.008467 0.004537 0.002338 0.00121 0.001417
1.034 10.66 25.6 16.98 9.242 4.845 2.393 1.267 0.6709 0.3712 0.194 0.1078 0.05602 0.0286 0.01613 0.008685 0.004638 0.002485 0.001281 0.001439
1.027 11 26.1 17.09 9.354 5.092 2.669 1.318 0.6983 0.3696 0.2045 0.1069 0.05941 0.03087 0.01576 0.008885 0.004785 0.002555 0.001369 0.001498
0.9085 10.92 26.99 17.51 9.469 5.184 2.822 1.479 0.7305 0.387 0.2048 0.1133 0.05924 0.03292 0.0171 0.008733 0.004923 0.002652 0.001416 0.001589
0.8705 9.652 26.85 18.2 9.759 5.277 2.889 1.573 0.8244 0.4071 0.2157 0.1141 0.06316 0.03302 0.01835 0.009532 0.004867 0.002744 0.001478 0.001675
0.9337 9.243 23.79 18.2 10.2 5.469 2.957 1.619 0.8813 0.462 0.2281 0.1209 0.06397 0.03539 0.0185 0.01028 0.005342 0.002727 0.001538 0.001767
0.8509 9.907 22.83 16.2 10.25 5.746 3.082 1.666 0.9122 0.4966 0.2603 0.1286 0.0681 0.03605 0.01994 0.01043 0.005794 0.00301 0.001537 0.001862
0.7827 9.022 24.52 15.62 9.178 5.809 3.256 1.746 0.944 0.5168 0.2813 0.1475 0.07283 0.03858 0.02042 0.0113 0.005907 0.003283 0.001705 0.001926
0.8045 8.291 22.37 16.85 8.896 5.227 3.308 1.854 0.9943 0.5376 0.2943 0.1602 0.08399 0.04148 0.02197 0.01163 0.006435 0.003364 0.001869 0.002068
0.8007 8.514 20.59 15.45 9.648 5.093 2.992 1.894 1.061 0.5692 0.3078 0.1685 0.09172 0.04808 0.02374 0.01258 0.006658 0.003684 0.001926 0.002254
0.8263 8.464 21.18 14.28 8.885 5.55 2.93 1.721 1.09 0.6106 0.3274 0.1771 0.09693 0.05277 0.02766 0.01366 0.007236 0.00383 0.002119 0.002404
