Originally  
101 
A 
2	100	
1	1	NA	NA	
1	20	
1 556.1 286 127.1 238.3 127.1 95.33 63.55 15.89 31.78 31.78 0 0 0 0 0 0 15.89 0 0 0
1 637.1 191.1 270.7 63.71 127.4 95.56 15.93 79.63 15.93 15.93 0 0 31.85 15.93 0 15.93 15.93 0 0 0
1 380.6 449.7 328.7 138.4 207.6 69.19 51.89 0 51.89 17.3 0 0 17.3 0 0 17.3 0 0 0 0
1 294.7 140.9 358.7 140.9 76.87 76.87 64.06 38.44 0 38.44 0 0 38.44 0 0 0 0 12.81 0 0
1 343.2 343.2 139.8 190.7 50.85 50.85 25.42 38.14 25.42 12.71 25.42 0 12.71 12.71 0 0 0 0 0 0
1 371 197.9 222.6 136 123.7 49.47 49.47 12.37 24.73 12.37 12.37 24.73 0 0 0 0 0 0 0 0
1 285.9 298.4 136.8 198.9 111.9 111.9 24.87 24.87 0 24.87 12.43 0 0 0 12.43 0 0 0 0 0
1 499 265.1 265.1 93.56 202.7 46.78 77.97 62.38 0 0 0 15.59 15.59 0 15.59 0 0 0 0 0
1 373.8 304.6 180 180 124.6 96.92 13.85 27.69 13.85 0 55.38 0 13.85 0 0 0 0 0 0 0
1 348.2 232.1 139.3 69.63 127.7 92.84 69.63 23.21 23.21 0 23.21 0 0 0 11.61 0 0 0 0 0
1 373.9 168.9 193 60.31 96.49 84.43 72.37 48.24 36.18 60.31 0 0 0 0 12.06 0 0 0 0 0
1 464.8 411.1 268.1 143 125.1 143 89.38 71.5 17.88 0 17.88 17.88 17.88 0 0 0 0 0 0 0
1 66.41 232.4 287.8 121.8 99.62 132.8 66.41 55.34 0 44.28 0 0 0 0 0 0 0 0 0 0
1 594.3 228.6 198.1 106.7 91.44 91.44 45.72 30.48 45.72 45.72 15.24 0 30.48 0 0 0 0 0 0 0
1 331.3 504.1 129.6 144 115.2 57.61 43.21 57.61 14.4 28.81 14.4 0 0 0 0 0 0 0 0 0
1 612.5 209.2 239 134.5 59.76 74.7 44.82 59.76 14.94 29.88 14.94 0 0 0 0 0 0 0 0 0
1 410.5 355.8 191.6 164.2 41.05 0 68.41 13.68 0 41.05 27.37 41.05 0 13.68 0 0 0 0 0 0
1 338.4 435.1 257.8 177.2 161.1 16.11 48.34 80.57 16.11 48.34 16.11 0 0 0 0 0 0 16.11 0 0
1 347.7 144.9 96.58 115.9 86.92 86.92 0 19.32 38.63 0 0 9.658 0 9.658 0 9.658 0 0 0 0
1 302.9 189.3 123.1 94.66 85.19 28.4 18.93 9.466 28.4 56.79 0 0 0 0 0 0 9.466 0 0 0
1 365.1 313 221.7 143.4 78.24 39.12 13.04 65.2 13.04 13.04 0 13.04 13.04 0 0 13.04 0 0 0 0
1 472.9 236.4 157.6 183.9 105.1 52.54 13.14 26.27 26.27 0 13.14 13.14 13.14 0 0 0 0 0 0 0
1 308.8 308.8 283 102.9 12.87 64.33 25.73 64.33 38.6 0 12.87 12.87 38.6 0 0 0 12.87 0 0 0
1 449.9 158.1 206.7 145.9 72.96 72.96 72.96 24.32 0 12.16 0 0 0 0 0 0 0 0 0 0
1 450.6 315.4 225.3 150.2 90.13 75.11 90.13 0 60.08 0 45.06 0 0 0 0 0 0 0 0 0
1 419.7 279.8 295.4 171 124.4 93.28 46.64 31.09 31.09 31.09 0 0 15.55 0 0 0 0 0 0 15.55
1 476.9 576.2 298 198.7 178.8 59.61 79.48 39.74 19.87 0 0 19.87 19.87 0 0 0 19.87 0 0 0
1 460.7 273.5 216 57.59 129.6 86.38 86.38 14.4 43.19 14.4 0 14.4 0 43.19 0 0 0 0 0 0
1 403.6 269.1 107.6 161.4 40.36 121.1 26.91 40.36 53.81 40.36 0 0 53.81 13.45 13.45 0 0 0 0 0
1 273.1 213.7 213.7 106.9 83.12 47.5 59.37 47.5 47.5 59.37 11.87 0 0 0 0 11.87 0 11.87 0 0
1 489.3 172.7 359.7 129.5 115.1 71.95 14.39 71.95 0 0 14.39 0 0 0 0 0 0 0 0 0
1 659.5 498.7 80.43 160.9 64.35 0 64.35 48.26 16.09 16.09 0 0 0 0 0 0 0 0 0 0
1 343.7 490.9 294.6 114.6 163.6 65.46 0 49.09 81.82 32.73 0 0 0 0 0 0 0 0 0 0
1 333.3 119 273.8 95.23 166.6 83.32 35.71 11.9 11.9 11.9 23.81 0 11.9 11.9 0 0 0 0 0 0
1 400.5 281.8 237.3 222.5 118.7 14.83 29.66 88.99 14.83 29.66 29.66 14.83 0 0 0 0 0 0 0 0
1 318.9 99.66 179.4 119.6 109.6 59.8 9.966 19.93 29.9 9.966 0 19.93 9.966 0 0 0 0 0 0 9.966
1 368.7 249.8 154.6 130.8 59.47 83.26 23.79 0 47.58 35.68 23.79 0 0 11.89 0 0 0 0 0 0
1 188.8 292.6 113.3 141.6 56.63 28.31 66.06 28.31 0 18.88 0 9.438 0 0 0 0 0 0 0 0
1 673.1 141.7 318.8 194.8 88.57 70.85 70.85 35.43 70.85 35.43 35.43 0 17.71 0 17.71 0 0 0 0 0
1 561.8 267.5 160.5 133.8 40.13 80.25 26.75 13.38 40.13 13.38 0 0 0 0 0 0 0 0 0 0
1 366.1 477.6 286.5 47.76 111.4 63.67 31.84 63.67 15.92 47.76 47.76 0 31.84 0 0 0 0 0 0 0
1 229.9 281 306.5 127.7 63.85 76.62 12.77 38.31 51.08 38.31 38.31 12.77 0 0 0 0 0 0 0 0
1 724.9 322.2 302 201.4 261.8 60.41 40.27 40.27 0 20.14 20.14 0 0 0 0 0 0 0 0 20.14
1 418.4 329.6 114.1 76.07 177.5 38.03 38.03 25.36 12.68 0 12.68 0 12.68 0 0 0 0 0 12.68 0
1 184 310.6 241.5 57.51 34.51 115 103.5 23 0 0 11.5 0 0 23 23 11.5 0 11.5 0 0
1 491.5 131.9 203.8 143.9 71.93 11.99 59.94 47.95 0 23.98 0 11.99 0 0 0 0 0 0 0 0
1 560.2 256.7 46.68 105 58.35 23.34 23.34 58.35 11.67 0 11.67 0 0 0 0 11.67 0 0 0 0
1 257.7 636.6 288 90.94 30.31 106.1 15.16 30.31 45.47 0 0 0 15.16 0 0 0 0 0 0 0
1 225.1 168.8 393.9 135.1 11.25 45.02 56.27 22.51 33.76 11.25 11.25 0 0 11.25 0 0 0 0 0 0
1 460.7 230.3 245.7 353.2 92.14 15.36 92.14 15.36 0 0 0 15.36 0 0 15.36 0 0 0 0 0
1 431.4 272.5 136.2 79.47 113.5 45.41 11.35 22.71 11.35 0 0 0 0 0 0 11.35 0 0 0 0
1 228.3 326.1 239.2 43.48 43.48 119.6 21.74 10.87 21.74 10.87 10.87 0 0 0 10.87 0 0 0 0 0
1 407.2 267.2 254.5 140 89.07 25.45 76.35 12.72 0 0 0 0 0 0 0 0 0 0 0 0
1 600.6 405.4 120.1 150.1 90.09 15.01 45.04 15.01 60.06 0 0 0 0 0 0 0 0 0 0 0
1 458.8 266.8 149.4 53.35 42.68 32.01 10.67 10.67 21.34 0 0 0 0 10.67 0 0 0 0 10.67 0
1 297.4 334.6 309.8 161.1 37.18 37.18 24.79 0 12.39 12.39 0 0 0 12.39 0 0 0 0 0 0
1 513.9 220.2 352.4 234.9 44.05 29.37 14.68 14.68 14.68 0 14.68 0 0 0 0 0 0 0 0 14.68
1 230.1 370.2 120.1 140.1 50.02 30.01 10 20.01 0 10 0 10 0 0 0 0 0 0 0 10
1 453.5 264.6 214.2 138.6 62.99 50.39 62.99 0 0 0 0 0 12.6 0 0 0 0 0 0 0
1 577.1 241.6 214.7 147.6 26.84 40.27 53.69 0 0 26.84 0 0 0 0 0 0 13.42 0 0 0
1 476.4 434.4 196.2 154.1 84.07 28.02 0 0 14.01 0 0 14.01 0 0 0 0 0 0 0 0
1 662.9 141 394.9 141 42.31 0 0 0 28.21 0 0 0 0 0 0 0 0 0 0 0
1 302 284.8 94.93 94.93 43.15 25.89 0 8.63 8.63 0 0 0 0 0 0 0 0 0 0 0
1 396.3 220.2 308.3 55.05 55.05 44.04 11.01 11.01 0 0 0 0 0 0 0 0 0 0 0 0
1 441.3 160.5 170.5 140.4 30.09 10.03 20.06 10.03 10.03 0 0 10.03 0 0 0 0 0 0 0 0
1 201.6 364.9 144 115.2 57.61 9.602 48.01 0 9.602 9.602 0 0 0 0 0 0 0 0 0 0
1 261.5 134.5 119.5 82.17 44.82 67.23 14.94 14.94 0 0 0 0 0 7.47 0 0 0 0 0 0
1 317.1 180 171.4 111.4 51.42 17.14 8.57 0 0 0 0 0 0 0 0 0 0 0 0 0
1 207.6 282.4 182.7 74.74 49.83 8.304 0 16.61 0 8.304 0 0 0 0 0 0 0 0 0 0
1 295.2 205 139.4 65.59 49.19 41 8.199 0 8.199 0 8.199 0 0 0 0 0 0 0 0 0
1 171.3 185 143.9 68.51 47.95 20.55 6.851 20.55 6.851 13.7 0 0 0 0 0 0 0 0 0 0
1 135 115 140 65 15 15 5 0 5 5 0 0 0 0 0 0 0 0 0 0
1 146.7 104.1 61.54 71.01 52.07 14.2 14.2 0 0 0 0 4.734 0 4.734 0 0 0 0 0 0
1 281.9 99.85 46.99 58.73 58.73 29.37 0 0 0 11.75 0 0 0 0 0 0 0 0 0 0
1 197.5 131.6 47.02 28.21 18.81 23.51 9.403 9.403 0 4.702 0 0 0 0 0 0 0 0 0 0
1 150.3 222.7 89.07 44.53 27.83 5.567 5.567 0 5.567 0 0 5.567 0 0 0 0 0 0 0 0
1 258.2 217.8 137.1 88.74 24.2 24.2 32.27 24.2 0 0 0 0 0 0 0 0 0 0 0 0
1 105.8 94.44 68 56.67 30.22 11.33 11.33 0 0 0 0 0 0 0 0 0 0 0 0 0
1 184 173.5 68.34 52.57 31.54 10.51 0 0 0 0 0 0 0 0 5.257 0 0 0 0 0
1 137.3 149.8 66.58 29.13 16.64 8.322 4.161 0 0 0 4.161 0 0 0 0 0 0 0 0 0
1 177.6 140.9 110.3 110.3 24.5 24.5 12.25 12.25 0 0 0 0 0 0 0 0 0 0 0 0
1 109.3 109.3 64.08 49 15.08 11.31 11.31 3.769 0 0 0 0 3.769 0 0 0 0 0 0 0
1 114.7 73.98 59.19 62.88 22.19 25.89 3.699 7.398 0 0 0 0 0 0 0 0 0 0 0 0
1 82.52 72.21 82.52 55.02 13.75 20.63 0 13.75 0 3.438 0 0 0 0 0 0 0 0 0 0
1 78.28 50.5 53.03 27.78 15.15 10.1 7.576 5.05 5.05 0 0 0 0 0 0 0 0 0 0 0
1 100.3 107.2 58.77 27.66 17.29 17.29 6.914 3.457 6.914 0 0 0 0 0 0 0 0 0 0 0
1 82.7 71.29 51.33 39.92 19.96 5.703 5.703 2.852 5.703 0 0 0 0 0 0 0 0 0 0 0
1 119.5 52.82 55.6 25.02 16.68 2.78 2.78 2.78 0 0 0 0 0 0 0 0 0 0 0 0
1 57.79 48.16 32.75 25.04 13.49 5.779 3.853 3.853 1.926 0 0 0 0 0 0 0 0 0 0 0
1 101.4 135.2 114.1 21.13 25.36 16.9 4.226 4.226 0 0 0 0 0 0 0 0 0 0 0 0
1 64.21 34.11 32.1 40.13 12.04 6.019 4.013 4.013 2.006 0 2.006 0 0 0 0 0 0 0 0 0
1 69.65 54.72 44.77 47.26 14.92 7.462 9.949 0 0 0 0 0 0 0 0 0 0 0 0 0
1 102 90.36 34.98 29.15 14.57 11.66 0 5.829 2.915 0 0 0 0 0 0 0 0 0 0 0
1 127.1 80.9 54.89 5.778 2.889 5.778 8.668 0 0 2.889 0 0 0 0 0 0 0 0 0 0
1 66.8 86.83 66.8 56.78 26.72 10.02 10.02 3.34 0 6.68 0 0 0 0 0 0 0 0 0 0
1 71.02 46.53 56.33 39.18 14.69 12.24 2.449 0 2.449 0 0 0 0 0 0 0 0 0 0 0
1 50.43 50.43 29.1 27.16 13.58 11.64 1.94 0 1.94 1.94 5.819 0 0 0 0 0 0 0 0 0
1 73.48 35.85 19.71 14.34 14.34 3.585 7.169 5.377 1.792 3.585 0 0 0 0 0 0 0 0 0 0
1 85.41 82.66 33.06 22.04 8.266 19.29 2.755 11.02 8.266 0 0 0 2.755 0 0 0 0 0 0 0
