 landings-at-age - landings.n (units : NA )
1	2	
2	100	
1	20	
1 
0.02659 0.2984 0.8352 0.6934 0.4839 0.3377 0.2357 0.1644 0.1148 0.08008 0.05589 0.039 0.02722 0.01899 0.01325 0.009249 0.006454 0.004504 0.003143 0.007259
0.006495 0.05216 0.1462 0.1214 0.08475 0.05914 0.04127 0.0288 0.0201 0.01403 0.009787 0.00683 0.004766 0.003326 0.002321 0.00162 0.00113 0.0007888 0.0005504 0.001271
0.003663 0.07293 0.1464 0.1219 0.08515 0.05942 0.04147 0.02894 0.02019 0.01409 0.009834 0.006862 0.004789 0.003342 0.002332 0.001627 0.001136 0.0007925 0.000553 0.001277
0.005497 0.04113 0.2046 0.122 0.08549 0.0597 0.04166 0.02907 0.02029 0.01416 0.00988 0.006895 0.004811 0.003358 0.002343 0.001635 0.001141 0.0007963 0.0005557 0.001283
0.004253 0.06172 0.1154 0.1706 0.08557 0.05994 0.04186 0.02921 0.02038 0.01423 0.009927 0.006927 0.004834 0.003374 0.002354 0.001643 0.001146 8e-04 0.0005583 0.001289
0.005217 0.04776 0.1732 0.09624 0.1196 0.06 0.04203 0.02935 0.02048 0.01429 0.009974 0.00696 0.004857 0.00339 0.002365 0.001651 0.001152 0.0008038 0.0005609 0.001295
0.00447 0.05858 0.134 0.1444 0.06747 0.08389 0.04207 0.02947 0.02058 0.01436 0.01002 0.006993 0.00488 0.003406 0.002377 0.001658 0.001157 0.0008076 0.0005636 0.001302
0.003894 0.0502 0.1644 0.1117 0.1013 0.04731 0.05882 0.0295 0.02066 0.01443 0.01007 0.007026 0.004903 0.003422 0.002388 0.001666 0.001163 0.0008114 0.0005663 0.001308
0.004431 0.04372 0.1408 0.1371 0.07835 0.071 0.03317 0.04124 0.02068 0.01449 0.01012 0.00706 0.004926 0.003438 0.002399 0.001674 0.001168 0.0008153 0.0005689 0.001314
0.003675 0.04976 0.1227 0.1174 0.09611 0.05494 0.04978 0.02326 0.02892 0.0145 0.01016 0.007093 0.00495 0.003454 0.00241 0.001682 0.001174 0.0008191 0.0005716 0.00132
0.005901 0.04126 0.1396 0.1023 0.08235 0.06739 0.03852 0.0349 0.01631 0.02027 0.01017 0.007121 0.004973 0.003471 0.002422 0.00169 0.001179 0.000823 0.0005743 0.001326
0.003287 0.06626 0.1158 0.1164 0.07173 0.05774 0.04725 0.02701 0.02447 0.01143 0.01421 0.007128 0.004993 0.003487 0.002433 0.001698 0.001185 0.0008269 0.0005771 0.001333
0.00224 0.03691 0.1859 0.09655 0.08163 0.05029 0.04048 0.03313 0.01894 0.01716 0.008017 0.009967 0.004998 0.003501 0.002445 0.001706 0.001191 0.0008308 0.0005798 0.001339
0.00433 0.02515 0.1036 0.155 0.06769 0.05723 0.03526 0.02838 0.02323 0.01328 0.01203 0.005621 0.006988 0.003504 0.002455 0.001714 0.001196 0.0008348 0.0005825 0.001345
0.003354 0.04862 0.07056 0.08636 0.1087 0.04746 0.04013 0.02472 0.0199 0.01629 0.009309 0.008435 0.003941 0.0049 0.002457 0.001721 0.001202 0.0008387 0.0005853 0.001352
0.005461 0.03766 0.1364 0.05884 0.06055 0.07621 0.03328 0.02814 0.01734 0.01395 0.01142 0.006527 0.005914 0.002763 0.003435 0.001723 0.001207 0.0008427 0.0005881 0.001358
0.004446 0.06132 0.1057 0.1138 0.04125 0.04245 0.05344 0.02333 0.01973 0.01215 0.009784 0.008006 0.004576 0.004147 0.001937 0.002409 0.001208 0.000846 0.0005908 0.001365
0.003676 0.04992 0.1721 0.08812 0.07977 0.02892 0.02977 0.03747 0.01636 0.01383 0.008522 0.00686 0.005613 0.003209 0.002907 0.001358 0.001689 0.0008469 0.0005932 0.001371
0.003869 0.04128 0.1401 0.1435 0.06178 0.05593 0.02028 0.02087 0.02627 0.01147 0.009698 0.005975 0.00481 0.003936 0.00225 0.002039 0.0009524 0.001184 0.0005938 0.001377
0.003581 0.04345 0.1158 0.1168 0.1006 0.04332 0.03922 0.01422 0.01463 0.01842 0.008043 0.0068 0.00419 0.003372 0.00276 0.001577 0.001429 0.0006678 0.0008302 0.001382
0.004157 0.04021 0.1219 0.09658 0.08189 0.07054 0.03037 0.0275 0.00997 0.01026 0.01291 0.005639 0.004768 0.002937 0.002364 0.001935 0.001106 0.001002 0.0004682 0.001551
0.004766 0.04668 0.1128 0.1017 0.06772 0.05742 0.04946 0.0213 0.01928 0.00699 0.007194 0.009055 0.003954 0.003343 0.00206 0.001658 0.001357 0.0007754 0.0007026 0.001416
0.00334 0.05351 0.131 0.09408 0.07127 0.04748 0.04026 0.03468 0.01493 0.01352 0.004901 0.005044 0.006349 0.002772 0.002344 0.001444 0.001162 0.0009512 0.0005437 0.001485
0.006724 0.0375 0.1502 0.1092 0.06596 0.04997 0.03329 0.02823 0.02431 0.01047 0.009477 0.003436 0.003536 0.004451 0.001944 0.001643 0.001012 0.000815 0.0006669 0.001423
0.00341 0.0755 0.1052 0.1252 0.07658 0.04625 0.03504 0.02334 0.01979 0.01705 0.00734 0.006645 0.002409 0.00248 0.003121 0.001363 0.001152 0.0007099 0.0005714 0.001465
0.004211 0.03829 0.2119 0.08774 0.08779 0.0537 0.03243 0.02457 0.01637 0.01388 0.01195 0.005147 0.004659 0.001689 0.001739 0.002188 0.0009555 0.0008078 0.0004977 0.001428
0.003416 0.04728 0.1074 0.1767 0.06152 0.06156 0.03765 0.02274 0.01723 0.01147 0.00973 0.00838 0.003609 0.003267 0.001184 0.001219 0.001534 0.00067 0.0005664 0.00135
0.004046 0.03835 0.1327 0.08959 0.1239 0.04314 0.04316 0.0264 0.01594 0.01208 0.008045 0.006822 0.005876 0.00253 0.00229 0.0008305 0.0008546 0.001076 0.0004697 0.001344
0.005301 0.04543 0.1076 0.1106 0.06281 0.08685 0.03024 0.03026 0.01851 0.01118 0.008468 0.005641 0.004783 0.00412 0.001774 0.001606 0.0005823 0.0005992 0.0007542 0.001272
0.003703 0.05952 0.1275 0.08974 0.07757 0.04404 0.06089 0.02121 0.02122 0.01298 0.007837 0.005937 0.003955 0.003354 0.002888 0.001244 0.001126 0.0004083 0.0004201 0.00142
0.006272 0.04158 0.167 0.1063 0.06292 0.05439 0.03088 0.0427 0.01487 0.01488 0.009099 0.005495 0.004163 0.002773 0.002351 0.002025 0.0008721 0.0007895 0.0002863 0.00129
0.006254 0.07043 0.1167 0.1393 0.07453 0.04412 0.03813 0.02165 0.02994 0.01042 0.01043 0.00638 0.003853 0.002919 0.001944 0.001649 0.00142 0.0006115 0.0005535 0.001105
0.00363 0.07022 0.1976 0.0973 0.09764 0.05225 0.03093 0.02674 0.01518 0.02099 0.007309 0.007313 0.004473 0.002701 0.002046 0.001363 0.001156 0.0009956 0.0004287 0.001163
0.004288 0.04076 0.197 0.1648 0.06822 0.06846 0.03664 0.02169 0.01875 0.01064 0.01472 0.005125 0.005128 0.003136 0.001894 0.001435 0.0009558 0.0008105 0.0006981 0.001116
0.003582 0.04815 0.1144 0.1643 0.1155 0.04783 0.048 0.02569 0.01521 0.01314 0.007463 0.01032 0.003593 0.003595 0.002199 0.001328 0.001006 0.0006702 0.0005683 0.001272
0.003853 0.04022 0.1351 0.09538 0.1152 0.08101 0.03354 0.03366 0.01801 0.01066 0.009216 0.005232 0.007235 0.002519 0.002521 0.001542 0.0009311 0.0007054 0.0004699 0.00129
0.004897 0.04326 0.1129 0.1127 0.06688 0.08077 0.0568 0.02351 0.0236 0.01263 0.007475 0.006462 0.003669 0.005073 0.001766 0.001767 0.001081 0.0006528 0.0004946 0.001234
0.003697 0.05498 0.1214 0.09411 0.07899 0.04689 0.05663 0.03982 0.01649 0.01655 0.008854 0.005241 0.004531 0.002572 0.003557 0.001239 0.001239 0.0007579 0.0004577 0.001212
0.005495 0.04151 0.1543 0.1012 0.06598 0.05538 0.03288 0.03971 0.02792 0.01156 0.0116 0.006208 0.003675 0.003177 0.001804 0.002494 0.0008684 0.0008689 0.0005314 0.001171
0.005899 0.0617 0.1165 0.1286 0.07097 0.04626 0.03883 0.02305 0.02784 0.01958 0.008105 0.008134 0.004353 0.002577 0.002227 0.001265 0.001748 0.0006089 0.0006092 0.001193
0.003567 0.06624 0.1731 0.09713 0.0902 0.04976 0.03244 0.02723 0.01616 0.01952 0.01373 0.005683 0.005703 0.003052 0.001807 0.001562 0.0008866 0.001226 0.0004269 0.001264
3.441e-08 4.584e-07 2.128e-06 1.653e-06 7.798e-07 7.242e-07 3.995e-07 2.604e-07 2.186e-07 1.298e-07 1.567e-07 1.102e-07 4.562e-08 4.579e-08 2.45e-08 1.45e-08 1.254e-08 7.118e-09 9.842e-09 1.357e-08
0.08639 0.4986 1.653 2.279 1.489 0.7022 0.6521 0.3598 0.2345 0.1968 0.1168 0.1411 0.09924 0.04108 0.04123 0.02206 0.01306 0.01129 0.00641 0.02109
0.1499 1.934 2.762 2.703 3.13 2.045 0.9645 0.8957 0.4941 0.3221 0.2704 0.1605 0.1938 0.1363 0.05643 0.05663 0.03031 0.01794 0.01551 0.03777
0.07919 2.513 7.978 3.343 2.744 3.177 2.075 0.979 0.9091 0.5016 0.327 0.2744 0.1629 0.1968 0.1384 0.05728 0.05748 0.03076 0.01821 0.05408
0.3383 1.178 9.144 8.466 2.972 2.44 2.825 1.845 0.8704 0.8083 0.4459 0.2907 0.244 0.1448 0.1749 0.123 0.05092 0.0511 0.02735 0.06426
0.682 4.713 3.99 8.975 6.953 2.441 2.004 2.32 1.515 0.7148 0.6638 0.3662 0.2387 0.2004 0.1189 0.1437 0.101 0.04182 0.04197 0.07524
0.3272 9.105 15.21 3.71 6.972 5.401 1.896 1.556 1.802 1.177 0.5553 0.5157 0.2845 0.1854 0.1556 0.0924 0.1116 0.07848 0.03249 0.09105
0.3682 4.241 28.35 13.56 2.761 5.189 4.02 1.411 1.158 1.341 0.8761 0.4132 0.3838 0.2117 0.138 0.1158 0.06876 0.08305 0.0584 0.09194
0.4627 4.667 12.84 24.44 9.74 1.983 3.727 2.887 1.014 0.832 0.9634 0.6293 0.2968 0.2757 0.1521 0.09913 0.0832 0.04939 0.05966 0.108
0.6976 5.764 13.81 10.75 17.02 6.786 1.382 2.597 2.012 0.7061 0.5797 0.6712 0.4384 0.2068 0.1921 0.106 0.06907 0.05797 0.03441 0.1168
0.4608 8.571 16.72 11.26 7.287 11.54 4.601 0.9368 1.761 1.364 0.4788 0.393 0.4551 0.2973 0.1402 0.1302 0.07185 0.04683 0.03931 0.1025
0.7777 5.596 24.43 13.32 7.449 4.82 7.635 3.043 0.6196 1.165 0.9022 0.3167 0.26 0.301 0.1966 0.09275 0.08613 0.04752 0.03098 0.09382
1.093 9.351 15.7 19.04 8.608 4.815 3.115 4.935 1.967 0.4005 0.7527 0.5831 0.2047 0.168 0.1946 0.1271 0.05995 0.05567 0.03071 0.08066
0.9923 13.03 25.87 11.99 12.04 5.444 3.045 1.97 3.121 1.244 0.2533 0.4761 0.3688 0.1294 0.1063 0.123 0.08038 0.03791 0.03521 0.07044
0.7915 11.74 35.58 19.38 7.429 7.461 3.372 1.886 1.22 1.933 0.7707 0.1569 0.2949 0.2285 0.08019 0.06583 0.07622 0.04979 0.02349 0.06544
1.01 9.304 31.66 26.16 11.77 4.512 4.531 2.048 1.146 0.7412 1.174 0.468 0.09529 0.1791 0.1387 0.0487 0.03998 0.04629 0.03024 0.05401
0.9211 11.8 24.79 22.86 15.58 7.01 2.688 2.699 1.22 0.6824 0.4415 0.6994 0.2788 0.05676 0.1067 0.08265 0.02901 0.02382 0.02758 0.05019
1.064 10.7 31.09 17.6 13.37 9.111 4.098 1.571 1.578 0.7134 0.399 0.2582 0.4089 0.163 0.03319 0.06238 0.04833 0.01696 0.01392 0.04547
1.809 12.3 27.9 21.69 10.1 7.675 5.231 2.353 0.9022 0.906 0.4096 0.2291 0.1482 0.2348 0.09359 0.01906 0.03581 0.02774 0.009739 0.0341
1.097 20.82 31.74 19.15 12.23 5.697 4.329 2.95 1.327 0.5088 0.511 0.231 0.1292 0.08359 0.1324 0.05278 0.01075 0.0202 0.01565 0.02472
1.847 11.95 50.8 20.5 10.15 6.484 3.019 2.294 1.563 0.7032 0.2696 0.2708 0.1224 0.06846 0.0443 0.07017 0.02797 0.005695 0.0107 0.02139
0.9008 20.14 29.17 32.81 10.86 5.379 3.436 1.6 1.216 0.8285 0.3727 0.1429 0.1435 0.06487 0.03628 0.02348 0.03719 0.01482 0.003018 0.01701
1.062 9.82 49.14 18.84 17.39 5.758 2.851 1.821 0.8479 0.6442 0.439 0.1975 0.07572 0.07605 0.03438 0.01923 0.01244 0.01971 0.007856 0.01061
1.241 11.58 23.96 31.74 9.984 9.215 3.051 1.511 0.9649 0.4493 0.3414 0.2327 0.1047 0.04013 0.0403 0.01822 0.01019 0.006593 0.01044 0.009788
0.6951 13.53 28.26 15.48 16.82 5.291 4.883 1.617 0.8005 0.5114 0.2381 0.1809 0.1233 0.05546 0.02127 0.02136 0.009654 0.0054 0.003494 0.01072
0.8755 7.578 33.02 18.25 8.202 8.913 2.804 2.588 0.8569 0.4242 0.271 0.1262 0.09588 0.06534 0.02939 0.01127 0.01132 0.005116 0.002862 0.007533
0.952 9.545 18.49 21.33 9.674 4.346 4.724 1.486 1.371 0.4541 0.2248 0.1436 0.06687 0.05081 0.03463 0.01558 0.005972 0.005998 0.002711 0.005509
0.8921 10.38 23.29 11.94 11.3 5.126 2.303 2.503 0.7875 0.7268 0.2406 0.1191 0.0761 0.03544 0.02693 0.01835 0.008255 0.003165 0.003178 0.004356
0.9982 9.726 25.32 15.04 6.329 5.989 2.717 1.221 1.327 0.4173 0.3851 0.1275 0.06314 0.04033 0.01878 0.01427 0.009724 0.004374 0.001677 0.003993
0.6753 10.88 23.73 16.36 7.971 3.354 3.174 1.44 0.6468 0.703 0.2211 0.2041 0.06758 0.03346 0.02137 0.009952 0.007562 0.005153 0.002318 0.003005
0.4982 7.362 26.55 15.33 8.668 4.224 1.777 1.682 0.7629 0.3428 0.3725 0.1172 0.1082 0.03581 0.01773 0.01133 0.005274 0.004007 0.002731 0.002821
0.4517 5.431 17.96 17.15 8.123 4.594 2.239 0.9419 0.8914 0.4043 0.1817 0.1974 0.06211 0.05732 0.01898 0.009396 0.006002 0.002795 0.002124 0.002942
0.7549 4.924 13.25 11.6 9.089 4.305 2.434 1.186 0.4992 0.4724 0.2143 0.09627 0.1046 0.03291 0.03038 0.01006 0.00498 0.003181 0.001481 0.002685
0.728 8.23 12.01 8.559 6.149 4.816 2.281 1.29 0.6287 0.2645 0.2503 0.1135 0.05102 0.05544 0.01744 0.0161 0.00533 0.002639 0.001686 0.002208
0.5963 7.937 20.08 7.761 4.536 3.259 2.552 1.209 0.6837 0.3332 0.1402 0.1327 0.06017 0.02704 0.02938 0.009243 0.008531 0.002825 0.001398 0.002063
0.4809 6.501 19.37 12.97 4.113 2.404 1.727 1.353 0.6406 0.3623 0.1766 0.07429 0.0703 0.03189 0.01433 0.01557 0.004898 0.004521 0.001497 0.001835
0.6246 5.243 15.86 12.51 6.874 2.179 1.274 0.9151 0.7168 0.3395 0.192 0.09357 0.03937 0.03725 0.0169 0.007593 0.008251 0.002596 0.002396 0.001765
0.6043 6.809 12.79 10.24 6.629 3.643 1.155 0.675 0.485 0.3799 0.1799 0.1017 0.04958 0.02086 0.01974 0.008955 0.004024 0.004373 0.001376 0.002205
0.4981 6.588 16.61 8.262 5.429 3.513 1.93 0.6121 0.3577 0.257 0.2013 0.09534 0.05392 0.02628 0.01106 0.01046 0.004746 0.002132 0.002317 0.001898
0.4634 5.301 15.72 10.5 4.285 2.815 1.822 1.001 0.3174 0.1855 0.1333 0.1044 0.04944 0.02796 0.01363 0.005733 0.005426 0.002461 0.001106 0.002186
0.3843 4.932 12.69 9.994 5.48 2.236 1.469 0.9506 0.5224 0.1656 0.09681 0.06955 0.05448 0.0258 0.01459 0.007111 0.002992 0.002831 0.001284 0.001718
0.3845 4.091 11.84 8.109 5.248 2.877 1.174 0.7714 0.4991 0.2743 0.08697 0.05083 0.03652 0.0286 0.01355 0.007662 0.003734 0.001571 0.001487 0.001576
0.2999 4.093 9.843 7.607 4.284 2.773 1.52 0.6203 0.4076 0.2637 0.1449 0.04595 0.02686 0.01929 0.01511 0.007158 0.004048 0.001973 0.00083 0.001618
0.2767 3.193 9.874 6.361 4.044 2.277 1.474 0.8081 0.3297 0.2167 0.1402 0.07703 0.02443 0.01428 0.01026 0.008033 0.003805 0.002152 0.001049 0.001301
0.3386 2.945 7.723 6.416 3.402 2.163 1.218 0.7883 0.4322 0.1763 0.1159 0.07497 0.0412 0.01306 0.007635 0.005485 0.004297 0.002035 0.001151 0.001257
0.2137 3.604 7.142 5.046 3.452 1.831 1.164 0.6554 0.4241 0.2326 0.09489 0.06235 0.04034 0.02217 0.007029 0.004108 0.002951 0.002312 0.001095 0.001296
0.3027 2.274 8.762 4.691 2.731 1.869 0.991 0.6299 0.3548 0.2296 0.1259 0.05136 0.03375 0.02184 0.012 0.003805 0.002224 0.001598 0.001251 0.001294
0.2569 3.22 5.542 5.786 2.555 1.487 1.018 0.5396 0.343 0.1932 0.125 0.06855 0.02797 0.01838 0.01189 0.006535 0.002072 0.001211 0.00087 0.001386
0.1717 2.732 7.868 3.68 3.17 1.399 0.8147 0.5574 0.2956 0.1879 0.1058 0.06848 0.03755 0.01532 0.01007 0.006514 0.003579 0.001135 0.0006633 0.001236
0.1686 1.826 6.691 5.251 2.027 1.746 0.771 0.4489 0.3071 0.1629 0.1035 0.0583 0.03773 0.02069 0.008441 0.005546 0.003589 0.001972 0.0006253 0.001046
0.1862 1.792 4.482 4.488 2.91 1.123 0.9677 0.4272 0.2487 0.1702 0.09024 0.05737 0.03231 0.02091 0.01146 0.004677 0.003074 0.001989 0.001093 0.0009263
0.223 1.978 4.408 3.022 2.501 1.622 0.626 0.5393 0.2381 0.1386 0.09484 0.05029 0.03197 0.018 0.01165 0.006389 0.002607 0.001713 0.001108 0.001125
0.2346 2.368 4.877 2.987 1.694 1.402 0.9087 0.3508 0.3022 0.1334 0.07768 0.05315 0.02818 0.01792 0.01009 0.00653 0.00358 0.001461 0.0009599 0.001252
0.1199 2.49 5.849 3.321 1.683 0.9543 0.7899 0.5121 0.1977 0.1703 0.07518 0.04377 0.02995 0.01588 0.0101 0.005685 0.003679 0.002017 0.0008232 0.001246
0.1373 1.271 6.161 4.002 1.881 0.9535 0.5406 0.4475 0.2901 0.112 0.09648 0.04259 0.0248 0.01697 0.008997 0.005719 0.003221 0.002085 0.001143 0.001172
0.1255 1.454 3.151 4.235 2.279 1.071 0.543 0.3079 0.2549 0.1652 0.06379 0.05495 0.02426 0.01412 0.009664 0.005124 0.003257 0.001834 0.001187 0.001319
0.1291 1.328 3.612 2.176 2.424 1.305 0.6133 0.3109 0.1763 0.1459 0.09458 0.03651 0.03145 0.01389 0.008085 0.005532 0.002933 0.001865 0.00105 0.001434
0.1207 1.365 3.304 2.505 1.252 1.395 0.7505 0.3528 0.1788 0.1014 0.08393 0.05441 0.02101 0.0181 0.007989 0.004651 0.003182 0.001687 0.001073 0.001429
