 landings-at-age - landings.n (units : NA )
1	2	
2	100	
1	20	
1 
0.02659 0.2984 0.8352 0.6934 0.4839 0.3377 0.2357 0.1644 0.1148 0.08008 0.05589 0.039 0.02722 0.01899 0.01325 0.009249 0.006454 0.004504 0.003143 0.007259
0.002218 0.05216 0.1462 0.1214 0.08475 0.05914 0.04127 0.0288 0.0201 0.01403 0.009787 0.00683 0.004766 0.003326 0.002321 0.00162 0.00113 0.0007888 0.0005504 0.001271
0.002292 0.0249 0.1464 0.1219 0.08515 0.05942 0.04147 0.02894 0.02019 0.01409 0.009834 0.006862 0.004789 0.003342 0.002332 0.001627 0.001136 0.0007925 0.000553 0.001277
0.002499 0.02574 0.06988 0.122 0.08549 0.0597 0.04166 0.02907 0.02029 0.01416 0.00988 0.006895 0.004811 0.003358 0.002343 0.001635 0.001141 0.0007963 0.0005557 0.001283
0.002274 0.02805 0.07221 0.05827 0.08557 0.05994 0.04186 0.02921 0.02038 0.01423 0.009927 0.006927 0.004834 0.003374 0.002354 0.001643 0.001146 8e-04 0.0005583 0.001289
0.002157 0.02553 0.07872 0.06022 0.04085 0.06 0.04203 0.02935 0.02048 0.01429 0.009974 0.00696 0.004857 0.00339 0.002365 0.001651 0.001152 0.0008038 0.0005609 0.001295
0.002217 0.02422 0.07165 0.06564 0.04222 0.02864 0.04207 0.02947 0.02058 0.01436 0.01002 0.006993 0.00488 0.003406 0.002377 0.001658 0.001157 0.0008076 0.0005636 0.001302
0.002431 0.0249 0.06795 0.05975 0.04603 0.0296 0.02008 0.0295 0.02066 0.01443 0.01007 0.007026 0.004903 0.003422 0.002388 0.001666 0.001163 0.0008114 0.0005663 0.001308
0.002574 0.0273 0.06986 0.05666 0.04189 0.03227 0.02076 0.01408 0.02068 0.01449 0.01012 0.00706 0.004926 0.003438 0.002399 0.001674 0.001168 0.0008153 0.0005689 0.001314
0.002552 0.0289 0.0766 0.05825 0.03973 0.02937 0.02263 0.01455 0.009873 0.0145 0.01016 0.007093 0.00495 0.003454 0.00241 0.001682 0.001174 0.0008191 0.0005716 0.00132
0.00266 0.02866 0.0811 0.06387 0.04084 0.02786 0.02059 0.01586 0.0102 0.006923 0.01017 0.007121 0.004973 0.003471 0.002422 0.00169 0.001179 0.000823 0.0005743 0.001326
0.002849 0.02987 0.08041 0.06762 0.04478 0.02864 0.01953 0.01444 0.01112 0.007154 0.004854 0.007128 0.004993 0.003487 0.002433 0.001698 0.001185 0.0008269 0.0005771 0.001333
0.003147 0.03199 0.08382 0.06705 0.04741 0.0314 0.02008 0.01369 0.01012 0.007799 0.005016 0.003403 0.004998 0.003501 0.002445 0.001706 0.001191 0.0008308 0.0005798 0.001339
0.003208 0.03534 0.08976 0.0699 0.04701 0.03324 0.02202 0.01408 0.009602 0.007098 0.005468 0.003517 0.002386 0.003504 0.002455 0.001714 0.001196 0.0008348 0.0005825 0.001345
0.003408 0.03602 0.09915 0.07485 0.04901 0.03296 0.02331 0.01544 0.009871 0.006732 0.004977 0.003834 0.002466 0.001673 0.002457 0.001721 0.001202 0.0008387 0.0005853 0.001352
0.003455 0.03826 0.1011 0.08268 0.05248 0.03436 0.02311 0.01634 0.01082 0.006921 0.00472 0.00349 0.002688 0.001729 0.001173 0.001723 0.001207 0.0008427 0.0005881 0.001358
0.003727 0.0388 0.1074 0.08427 0.05797 0.03679 0.02409 0.01621 0.01146 0.007589 0.004852 0.00331 0.002447 0.001885 0.001212 0.0008225 0.001208 0.000846 0.0005908 0.001365
0.00373 0.04185 0.1089 0.08953 0.05909 0.04065 0.0258 0.01689 0.01136 0.008034 0.005321 0.003402 0.00232 0.001715 0.001321 0.0008499 0.0005767 0.0008469 0.0005932 0.001371
0.004303 0.04188 0.1174 0.09077 0.06277 0.04143 0.0285 0.01809 0.01184 0.007966 0.005633 0.003731 0.002385 0.001627 0.001203 0.0009266 0.0005959 0.0004043 0.0005938 0.001377
0.004354 0.04831 0.1175 0.09792 0.06365 0.04401 0.02905 0.01998 0.01268 0.008304 0.005586 0.00395 0.002616 0.001673 0.001141 0.0008433 0.0006496 0.0004178 0.0002835 0.001382
0.004391 0.04889 0.1356 0.09799 0.06866 0.04463 0.03086 0.02037 0.01401 0.008892 0.005822 0.003916 0.002769 0.001834 0.001173 0.0007998 0.0005913 0.0004555 0.000293 0.001168
0.004699 0.0493 0.1372 0.113 0.0687 0.04814 0.03129 0.02164 0.01428 0.009823 0.006235 0.004082 0.002746 0.001942 0.001286 0.0008222 0.0005608 0.0004146 0.0003194 0.001024
0.00502 0.05276 0.1383 0.1144 0.07926 0.04817 0.03375 0.02194 0.01517 0.01001 0.006887 0.004371 0.002862 0.001925 0.001361 0.0009016 0.0005765 0.0003932 0.0002907 0.000942
0.005011 0.05636 0.148 0.1154 0.0802 0.05557 0.03377 0.02367 0.01538 0.01064 0.00702 0.004829 0.003065 0.002007 0.00135 0.0009545 0.0006321 0.0004042 0.0002757 0.0008643
0.005254 0.05627 0.1582 0.1234 0.08088 0.05623 0.03896 0.02368 0.01659 0.01078 0.007458 0.004922 0.003386 0.002149 0.001407 0.0009465 0.0006693 0.0004432 0.0002834 0.0007993
0.00497 0.059 0.1579 0.1319 0.08655 0.05671 0.03943 0.02732 0.0166 0.01163 0.007562 0.005229 0.003451 0.002374 0.001507 0.0009866 0.0006636 0.0004692 0.0003108 0.0007591
0.005006 0.05581 0.1655 0.1317 0.09247 0.06068 0.03976 0.02764 0.01915 0.01164 0.008157 0.005302 0.003666 0.00242 0.001664 0.001056 0.0006917 0.0004653 0.000329 0.0007501
0.005373 0.05621 0.1566 0.138 0.09231 0.06483 0.04255 0.02788 0.01938 0.01343 0.008162 0.005719 0.003717 0.002571 0.001697 0.001167 0.0007407 0.000485 0.0003262 0.0007566
0.005587 0.06033 0.1577 0.1306 0.09679 0.06473 0.04546 0.02983 0.01955 0.01359 0.009416 0.005723 0.00401 0.002606 0.001802 0.00119 0.0008183 0.0005194 0.0003401 0.0007592
0.005356 0.06273 0.1693 0.1315 0.09155 0.06786 0.04538 0.03187 0.02092 0.0137 0.009528 0.006602 0.004013 0.002812 0.001827 0.001264 0.000834 0.0005737 0.0003641 0.0007708
0.005421 0.06014 0.176 0.1412 0.09222 0.06419 0.04758 0.03182 0.02235 0.01467 0.009609 0.006681 0.004629 0.002813 0.001971 0.001281 0.000886 0.0005848 0.0004023 0.0007957
0.005586 0.06087 0.1687 0.1468 0.09898 0.06466 0.04501 0.03336 0.02231 0.01567 0.01028 0.006737 0.004684 0.003246 0.001973 0.001382 0.0008984 0.0006212 0.00041 0.00084
0.0055 0.06272 0.1708 0.1407 0.1029 0.0694 0.04533 0.03156 0.02339 0.01564 0.01099 0.00721 0.004724 0.003284 0.002276 0.001383 0.0009691 0.0006299 0.0004356 0.0008764
0.005444 0.06176 0.176 0.1424 0.09866 0.07216 0.04866 0.03179 0.02213 0.0164 0.01097 0.007703 0.005055 0.003312 0.002303 0.001596 0.0009697 0.0006795 0.0004416 0.0009199
0.005724 0.06113 0.1733 0.1467 0.09986 0.06917 0.0506 0.03412 0.02229 0.01551 0.0115 0.00769 0.005401 0.003544 0.002322 0.001615 0.001119 0.0006799 0.0004764 0.0009546
0.005524 0.06427 0.1715 0.1445 0.1029 0.07002 0.0485 0.03547 0.02392 0.01563 0.01088 0.008063 0.005392 0.003787 0.002485 0.001628 0.001132 0.0007844 0.0004767 0.001003
0.006131 0.06203 0.1803 0.143 0.1013 0.07214 0.04909 0.03401 0.02487 0.01677 0.01096 0.007627 0.005653 0.00378 0.002655 0.001742 0.001142 0.0007937 0.00055 0.001038
0.006092 0.06884 0.174 0.1504 0.1003 0.07104 0.05058 0.03442 0.02384 0.01744 0.01176 0.007682 0.005347 0.003964 0.002651 0.001862 0.001222 0.0008004 0.0005565 0.001113
0.006026 0.0684 0.1932 0.1451 0.1054 0.07031 0.04981 0.03547 0.02413 0.01672 0.01223 0.008245 0.005386 0.003749 0.002779 0.001858 0.001305 0.0008566 0.0005612 0.001171
0.006356 0.06766 0.1919 0.1611 0.1018 0.07393 0.0493 0.03492 0.02487 0.01692 0.01172 0.008573 0.005781 0.003776 0.002629 0.001949 0.001303 0.0009151 0.0006006 0.001214
0.006286 0.07137 0.1899 0.1601 0.1129 0.07135 0.05183 0.03457 0.02449 0.01743 0.01186 0.008218 0.006011 0.004053 0.002648 0.001843 0.001366 0.0009136 0.0006416 0.001273
7.478e-08 8.079e-07 2.293e-06 1.813e-06 1.285e-06 9.068e-07 5.728e-07 4.161e-07 2.775e-07 1.966e-07 1.4e-07 9.525e-08 6.598e-08 4.826e-08 3.254e-08 2.126e-08 1.48e-08 1.097e-08 7.335e-09 1.537e-08
0.08787 1.083 2.913 2.455 1.632 1.157 0.8165 0.5158 0.3747 0.2499 0.177 0.126 0.08577 0.05942 0.04346 0.0293 0.01914 0.01332 0.009877 0.02044
0.1671 1.968 6.002 4.765 3.373 2.242 1.589 1.122 0.7085 0.5147 0.3432 0.2432 0.1731 0.1178 0.08161 0.05969 0.04025 0.02629 0.0183 0.04165
0.2224 2.801 8.115 7.264 4.836 3.423 2.276 1.613 1.138 0.7192 0.5224 0.3484 0.2468 0.1757 0.1196 0.08284 0.06059 0.04086 0.02669 0.06085
0.2866 3.309 10.19 8.612 6.458 4.3 3.044 2.023 1.434 1.012 0.6394 0.4645 0.3097 0.2194 0.1562 0.1063 0.07365 0.05386 0.03632 0.07782
0.3573 3.991 11.21 10.01 7.073 5.303 3.531 2.5 1.662 1.178 0.8312 0.5251 0.3815 0.2544 0.1802 0.1283 0.08731 0.06048 0.04424 0.09374
0.4206 4.77 12.88 10.42 7.773 5.494 4.12 2.743 1.942 1.291 0.915 0.6457 0.4079 0.2963 0.1976 0.14 0.09968 0.06783 0.04698 0.1072
0.4922 5.451 14.85 11.48 7.753 5.785 4.089 3.066 2.041 1.445 0.9607 0.681 0.4805 0.3036 0.2205 0.1471 0.1042 0.07418 0.05048 0.1147
0.5952 6.239 16.51 12.8 8.25 5.569 4.155 2.937 2.202 1.466 1.038 0.6901 0.4891 0.3452 0.2181 0.1584 0.1056 0.07483 0.05328 0.1187
0.7079 7.415 18.46 13.82 8.919 5.748 3.88 2.895 2.046 1.534 1.022 0.7232 0.4808 0.3408 0.2405 0.1519 0.1104 0.0736 0.05214 0.1198
0.7881 8.696 21.51 15.05 9.367 6.048 3.897 2.631 1.963 1.388 1.04 0.6928 0.4904 0.326 0.2311 0.1631 0.103 0.07483 0.0499 0.1166
0.8469 9.571 24.79 17.13 9.958 6.196 4 2.578 1.74 1.298 0.9177 0.6881 0.4582 0.3243 0.2156 0.1528 0.1079 0.06813 0.0495 0.1101
0.9039 10.18 26.86 19.32 11.07 6.436 4.005 2.585 1.666 1.125 0.8392 0.5932 0.4448 0.2961 0.2096 0.1394 0.09878 0.06971 0.04404 0.1032
1.004 10.78 28.17 20.51 12.22 7.004 4.07 2.533 1.635 1.054 0.7113 0.5307 0.3751 0.2813 0.1873 0.1326 0.08814 0.06247 0.04409 0.0931
1.029 11.88 29.42 21.1 12.71 7.57 4.339 2.521 1.569 1.013 0.6527 0.4406 0.3288 0.2324 0.1743 0.116 0.08213 0.0546 0.0387 0.08498
1.063 12.1 32.03 21.63 12.81 7.716 4.597 2.635 1.531 0.9528 0.6151 0.3964 0.2676 0.1997 0.1411 0.1058 0.07046 0.04988 0.03316 0.07511
1.118 12.42 32.23 23.13 12.89 7.634 4.597 2.739 1.57 0.9122 0.5676 0.3664 0.2361 0.1594 0.1189 0.08407 0.06304 0.04197 0.02971 0.0645
1.258 12.99 32.72 22.88 13.53 7.534 4.463 2.688 1.601 0.9177 0.5334 0.3319 0.2143 0.1381 0.09321 0.06954 0.04916 0.03686 0.02454 0.05508
1.268 14.55 33.86 22.84 13.13 7.766 4.325 2.563 1.543 0.9193 0.5269 0.3062 0.1905 0.123 0.07927 0.05351 0.03993 0.02822 0.02116 0.04572
1.176 14.59 37.52 23.24 12.88 7.407 4.38 2.439 1.445 0.8702 0.5185 0.2971 0.1727 0.1075 0.06937 0.0447 0.03018 0.02252 0.01592 0.03772
1.021 12.82 35.6 24.24 12.32 6.825 3.925 2.321 1.293 0.7659 0.4612 0.2747 0.1575 0.09152 0.05694 0.03676 0.02369 0.01599 0.01193 0.02842
0.9744 11.13 31.27 22.99 12.84 6.527 3.617 2.08 1.23 0.6851 0.4059 0.2444 0.1456 0.08345 0.0485 0.03018 0.01948 0.01255 0.008476 0.02139
0.9402 10.62 27.15 20.2 12.18 6.807 3.459 1.917 1.102 0.6518 0.363 0.2151 0.1295 0.07716 0.04422 0.0257 0.01599 0.01032 0.006653 0.01583
0.8942 10.25 25.92 17.54 10.7 6.457 3.607 1.833 1.016 0.5842 0.3454 0.1924 0.114 0.06863 0.04089 0.02344 0.01362 0.008475 0.005471 0.01191
0.799 9.748 25.01 16.74 9.294 5.672 3.422 1.912 0.9714 0.5383 0.3096 0.1831 0.102 0.0604 0.03637 0.02167 0.01242 0.007218 0.004491 0.009212
0.7072 8.711 23.79 16.15 8.872 4.925 3.006 1.813 1.013 0.5148 0.2853 0.1641 0.09701 0.05403 0.03201 0.01928 0.01148 0.006582 0.003825 0.007262
0.6916 7.71 21.25 15.36 8.561 4.702 2.61 1.593 0.961 0.5368 0.2728 0.1512 0.08694 0.05141 0.02863 0.01696 0.01021 0.006086 0.003488 0.005876
0.6525 7.54 18.81 13.73 8.142 4.537 2.492 1.383 0.8442 0.5093 0.2845 0.1446 0.08011 0.04607 0.02724 0.01517 0.00899 0.005413 0.003225 0.004962
0.6432 7.113 18.4 12.15 7.275 4.315 2.404 1.32 0.733 0.4474 0.2699 0.1508 0.07661 0.04245 0.02442 0.01444 0.008041 0.004764 0.002869 0.004339
0.6284 7.012 17.36 11.88 6.439 3.855 2.286 1.274 0.6997 0.3885 0.2371 0.143 0.07989 0.0406 0.0225 0.01294 0.007651 0.004261 0.002525 0.00382
0.5618 6.851 17.11 11.21 6.297 3.412 2.043 1.212 0.6752 0.3708 0.2059 0.1256 0.07579 0.04234 0.02152 0.01192 0.006857 0.004054 0.002258 0.003362
0.5042 6.124 16.72 11.05 5.941 3.337 1.808 1.083 0.6421 0.3578 0.1965 0.1091 0.06658 0.04017 0.02244 0.0114 0.006318 0.003634 0.002149 0.002978
0.4807 5.497 14.94 10.8 5.856 3.148 1.768 0.9583 0.5738 0.3403 0.1896 0.1041 0.05781 0.03528 0.02129 0.01189 0.006042 0.003348 0.001926 0.002717
0.4821 5.241 13.41 9.652 5.722 3.104 1.668 0.9372 0.5078 0.3041 0.1803 0.1005 0.05519 0.03064 0.0187 0.01128 0.006301 0.003202 0.001774 0.00246
0.4561 5.256 12.79 8.664 5.115 3.032 1.645 0.8842 0.4967 0.2691 0.1611 0.09556 0.05325 0.02925 0.01624 0.009909 0.005978 0.003339 0.001697 0.002244
0.4022 4.973 12.82 8.259 4.591 2.711 1.607 0.8716 0.4686 0.2632 0.1426 0.08539 0.05064 0.02822 0.0155 0.008604 0.005251 0.003168 0.00177 0.002089
0.3789 4.385 12.13 8.283 4.377 2.433 1.436 0.8515 0.4619 0.2483 0.1395 0.07558 0.04525 0.02684 0.01495 0.008213 0.00456 0.002783 0.001679 0.002045
0.3946 4.131 10.7 7.837 4.39 2.32 1.289 0.7612 0.4513 0.2448 0.1316 0.07391 0.04005 0.02398 0.01422 0.007925 0.004353 0.002416 0.001475 0.001973
0.3685 4.302 10.08 6.911 4.153 2.326 1.229 0.6833 0.4034 0.2391 0.1297 0.06973 0.03917 0.02122 0.01271 0.007537 0.0042 0.002307 0.001281 0.001827
0.3357 3.922 10.27 6.37 3.584 2.154 1.206 0.6374 0.3543 0.2092 0.124 0.06727 0.03616 0.02031 0.01101 0.006591 0.003909 0.002178 0.001196 0.001612
0.2669 3.573 9.385 6.526 3.324 1.87 1.124 0.6295 0.3326 0.1849 0.1092 0.06471 0.0351 0.01887 0.0106 0.005744 0.003439 0.00204 0.001137 0.001465
0.2653 2.841 8.574 5.999 3.427 1.745 0.982 0.5901 0.3305 0.1747 0.09709 0.05732 0.03398 0.01843 0.009909 0.005566 0.003016 0.001806 0.001071 0.001366
0.2618 2.824 6.836 5.511 3.169 1.81 0.9222 0.5188 0.3118 0.1746 0.09228 0.0513 0.03028 0.01795 0.009738 0.005235 0.002941 0.001593 0.0009541 0.001288
0.2461 2.787 6.814 4.418 2.93 1.685 0.9624 0.4902 0.2758 0.1657 0.09283 0.04905 0.02727 0.0161 0.009543 0.005176 0.002783 0.001563 0.000847 0.001192
0.2331 2.62 6.741 4.428 2.363 1.567 0.901 0.5147 0.2622 0.1475 0.08864 0.04965 0.02624 0.01458 0.00861 0.005104 0.002769 0.001488 0.000836 0.00109
0.2132 2.481 6.353 4.405 2.383 1.271 0.8431 0.4848 0.277 0.1411 0.07937 0.0477 0.02671 0.01412 0.007847 0.004633 0.002746 0.00149 0.0008008 0.001037
0.1892 2.269 6.031 4.173 2.384 1.29 0.6882 0.4564 0.2624 0.1499 0.07636 0.04296 0.02582 0.01446 0.007642 0.004248 0.002508 0.001487 0.0008064 0.0009946
0.1861 2.012 5.529 3.983 2.273 1.298 0.7023 0.3748 0.2485 0.1429 0.08164 0.04158 0.02339 0.01406 0.007875 0.004161 0.002313 0.001366 0.0008095 0.0009807
0.1793 1.98 4.917 3.671 2.182 1.245 0.7112 0.3847 0.2053 0.1361 0.07828 0.04472 0.02278 0.01281 0.007701 0.004313 0.002279 0.001267 0.000748 0.0009806
0.1706 1.907 4.848 3.281 2.023 1.202 0.6858 0.3918 0.2119 0.1131 0.075 0.04313 0.02464 0.01255 0.00706 0.004243 0.002376 0.001256 0.0006981 0.0009524
0.1695 1.813 4.681 3.252 1.818 1.121 0.666 0.38 0.2171 0.1174 0.06267 0.04156 0.0239 0.01365 0.006954 0.003912 0.002351 0.001317 0.0006959 0.0009146
0.1687 1.801 4.461 3.156 1.812 1.013 0.6246 0.3712 0.2118 0.121 0.06545 0.03493 0.02316 0.01332 0.007609 0.003875 0.00218 0.00131 0.0007339 0.0008975
0.1639 1.791 4.438 3.022 1.769 1.016 0.5679 0.35 0.208 0.1187 0.06781 0.03668 0.01957 0.01298 0.007464 0.004264 0.002172 0.001222 0.0007343 0.0009143
0.1516 1.739 4.425 3.022 1.703 0.9965 0.5723 0.32 0.1972 0.1172 0.06688 0.03821 0.02067 0.01103 0.007314 0.004206 0.002403 0.001224 0.0006885 0.000929
0.1448 1.608 4.303 3.027 1.712 0.9649 0.5646 0.3242 0.1813 0.1117 0.0664 0.03789 0.02165 0.01171 0.006248 0.004143 0.002383 0.001361 0.0006933 0.0009163
0.1509 1.534 3.986 2.958 1.724 0.9751 0.5495 0.3215 0.1847 0.1032 0.06364 0.03782 0.02158 0.01233 0.006669 0.003559 0.00236 0.001357 0.0007752 0.0009168
0.143 1.597 3.809 2.752 1.693 0.987 0.5582 0.3146 0.1841 0.1057 0.0591 0.03643 0.02165 0.01235 0.007057 0.003817 0.002037 0.001351 0.0007768 0.0009686
0.146 1.511 3.972 2.642 1.583 0.974 0.5678 0.3211 0.181 0.1059 0.06081 0.034 0.02096 0.01245 0.007106 0.00406 0.002196 0.001172 0.0007771 0.001004
