Originally  
101 
A 
2	100	
1	1	NA	NA	
1	20	
1 440 361.4 125.7 188.6 267.1 78.57 15.71 62.86 15.71 15.71 0 0 0 0 0 0 0 0 0 0
1 161.1 351.4 263.6 234.3 146.4 87.86 58.57 87.86 29.29 29.29 0 0 0 14.64 0 0 0 0 0 0
1 267.8 99.2 248 79.36 99.2 39.68 79.36 39.68 19.84 19.84 0 0 0 0 0 0 0 0 0 0
1 257.4 137.9 73.54 82.74 82.74 91.93 110.3 27.58 27.58 9.193 18.39 0 0 0 0 0 0 0 0 0
1 188.6 123.3 79.79 43.52 116.1 43.52 29.01 36.27 29.01 7.254 14.51 0 0 0 7.254 0 7.254 0 0 0
1 103.2 103.2 81.46 65.17 54.31 43.45 27.15 27.15 21.72 10.86 5.431 0 0 0 0 0 0 0 0 0
1 226.8 127.6 92.15 92.15 28.35 28.35 28.35 21.27 21.27 28.35 7.089 0 0 0 7.089 0 0 0 0 0
1 198.9 167.1 87.54 79.58 71.62 31.83 39.79 63.66 7.958 7.958 7.958 15.92 7.958 0 7.958 0 0 0 0 0
1 238.3 182.7 103.3 47.66 47.66 39.72 47.66 7.943 23.83 15.89 0 15.89 7.943 0 0 0 0 7.943 7.943 0
1 330.9 160.4 100.3 120.3 30.08 40.1 50.13 40.1 10.03 20.05 40.1 20.05 0 0 0 20.05 0 0 20.05 0
1 182.5 113.3 94.42 69.24 44.06 44.06 25.18 18.88 0 6.294 6.294 6.294 0 12.59 0 6.294 0 0 0 0
1 185.5 179.7 63.77 69.57 46.38 17.39 11.59 0 0 0 0 0 5.797 0 0 0 0 0 0 0
1 384 196.9 147.7 68.92 59.08 29.54 9.846 39.38 9.846 19.69 0 0 19.69 0 0 0 0 0 0 0
1 400.1 262.9 137.2 80.02 102.9 45.73 34.3 22.86 11.43 11.43 11.43 11.43 11.43 0 0 0 0 0 0 0
1 303.7 282 173.5 141 43.38 32.54 21.69 10.85 10.85 10.85 21.69 0 0 0 32.54 0 0 0 0 0
1 352.8 264.6 147 97.99 29.4 39.2 0 19.6 9.799 0 0 9.799 0 0 0 9.799 0 0 0 0
1 400.1 291 157.6 133.4 97 48.5 24.25 12.13 36.38 12.13 0 0 0 0 0 0 0 0 0 0
1 253.5 142.6 126.8 55.46 79.22 15.84 47.53 15.84 7.922 23.77 7.922 0 7.922 0 0 0 7.922 0 0 0
1 273.8 247.3 114.8 114.8 79.48 26.49 17.66 0 8.831 0 0 0 0 0 0 0 0 0 0 0
1 300.6 268.4 204 96.62 64.41 64.41 10.74 32.21 10.74 10.74 0 10.74 0 0 0 0 0 0 0 0
1 314.6 279.6 69.91 69.91 43.69 26.22 43.69 0 8.739 17.48 0 0 0 0 0 0 0 0 0 0
1 340.5 288.1 275 170.3 104.8 78.59 13.1 13.1 26.2 0 0 0 0 0 0 0 0 0 0 0
1 288.3 228.6 218.7 99.4 69.58 59.64 9.94 19.88 0 0 0 0 0 0 0 0 0 0 0 0
1 331.3 258.8 93.18 145 103.5 62.12 20.71 0 10.35 10.35 0 0 0 0 0 0 0 0 0 0
1 763.5 322.4 203.6 135.7 135.7 16.97 0 50.9 16.97 16.97 16.97 0 16.97 0 0 0 0 0 0 0
1 550.1 366.7 385.1 220 110 73.34 36.67 18.34 18.34 18.34 18.34 18.34 0 0 0 0 0 0 0 0
1 510.1 425.1 238 170 102 85.01 85.01 51.01 17 0 0 0 0 0 17 0 0 0 0 0
1 509.7 320.9 358.7 207.6 264.3 37.75 37.75 56.63 18.88 37.75 18.88 0 0 0 0 18.88 0 0 0 0
1 371 301.5 150.7 57.97 92.76 69.57 34.78 69.57 0 11.59 0 0 0 0 0 0 0 0 0 0
1 548.1 292.3 365.4 146.2 127.9 91.35 18.27 146.2 36.54 36.54 18.27 0 0 0 0 0 0 0 0 0
1 444.8 245.4 260.8 153.4 107.4 107.4 107.4 30.68 15.34 46.02 0 15.34 0 0 0 0 0 0 0 0
1 551.4 409.1 284.6 124.5 71.15 142.3 71.15 53.36 35.58 0 17.79 17.79 0 0 0 0 0 0 0 0
1 445.8 287.6 244.4 201.3 71.9 57.52 43.14 43.14 14.38 28.76 0 0 0 0 0 0 0 0 0 0
1 633.5 239.7 239.7 205.4 154.1 34.24 102.7 17.12 34.24 17.12 0 17.12 0 0 0 0 0 0 17.12 0
1 540.9 540.9 240.4 120.2 80.13 140.2 120.2 20.03 40.06 60.1 20.03 20.03 40.06 0 0 0 0 0 20.03 0
1 452.6 452.6 234.7 134.1 217.9 50.29 33.53 0 33.53 33.53 0 16.76 16.76 0 0 0 0 0 0 0
1 416.4 265 151.4 164 75.7 88.32 25.23 25.23 12.62 12.62 12.62 0 12.62 0 0 0 0 0 0 0
1 606.6 465.1 303.3 202.2 80.88 80.88 101.1 40.44 40.44 40.44 20.22 0 0 20.22 0 20.22 0 0 0 0
1 580.4 265.3 215.6 199 99.5 132.7 82.92 33.17 0 0 16.58 0 16.58 16.58 0 0 0 0 0 0
1 670.2 335.1 141.1 158.7 176.4 88.18 70.54 35.27 35.27 35.27 0 0 0 0 17.64 0 0 0 0 0
1 627 340.4 250.8 179.2 161.2 107.5 71.66 0 17.92 0 0 17.92 0 0 0 0 17.92 0 0 0
1 610.8 526.6 252.8 294.9 21.06 168.5 126.4 21.06 21.06 42.13 0 0 0 0 0 0 0 0 0 21.06
1 699.5 513 303.1 349.7 116.6 69.95 93.27 46.63 46.63 0 23.32 0 0 69.95 0 0 0 0 0 0
1 518.7 389 407.5 92.62 129.7 92.62 55.57 37.05 55.57 18.52 37.05 0 18.52 0 0 0 0 0 0 0
1 645.7 365.9 408.9 193.7 172.2 107.6 86.09 43.05 43.05 21.52 21.52 21.52 0 0 21.52 0 0 0 0 0
1 494.5 439.5 293 146.5 109.9 91.57 91.57 18.31 36.63 36.63 0 0 18.31 18.31 0 0 18.31 18.31 0 0
1 463.9 445.3 315.4 185.5 148.4 55.66 111.3 37.11 0 55.66 18.55 0 18.55 0 0 0 0 0 0 0
1 355.6 222.2 133.3 155.6 100 22.22 33.34 22.22 11.11 22.22 11.11 0 11.11 11.11 0 0 0 0 0 0
1 261.6 251.2 177.9 104.7 31.4 73.26 31.4 20.93 0 52.33 10.47 10.47 10.47 10.47 0 0 0 0 0 0
1 460.7 171.1 276.4 184.3 78.97 39.48 13.16 39.48 26.32 0 26.32 0 0 0 0 0 0 0 0 0
1 274.3 294.6 193 91.43 71.12 30.48 0 20.32 10.16 0 10.16 0 0 0 0 0 0 10.16 10.16 0
1 516.4 427.9 265.6 59.02 73.78 44.27 44.27 29.51 0 0 14.76 0 0 0 0 0 0 0 0 0
1 396.7 499.5 191 73.46 132.2 29.38 29.38 14.69 44.08 29.38 0 0 14.69 14.69 0 0 0 0 0 0
1 446.4 313.7 193 72.39 96.52 24.13 24.13 12.07 12.07 12.07 0 0 0 0 0 0 0 0 0 0
1 518.1 350 140 154 112 84.01 14 28 0 0 0 0 0 0 0 0 0 0 0 0
1 519.4 314.3 273.3 54.67 68.34 27.33 82 13.67 13.67 0 0 0 0 0 0 0 0 0 0 0
1 464.9 335.8 167.9 167.9 38.74 38.74 25.83 0 25.83 12.91 0 0 12.91 0 0 0 0 0 0 0
1 502.8 282 196.2 122.6 49.05 24.53 36.79 0 0 12.26 0 0 0 0 0 0 0 0 0 0
1 512.9 269.3 243.6 64.12 76.94 38.47 0 25.65 12.82 0 0 0 25.65 0 0 12.82 0 0 0 0
1 492.2 358 283.4 179 44.74 44.74 74.57 0 14.91 0 0 0 0 0 0 0 0 0 0 0
1 362.8 453.6 207.3 103.7 64.79 51.84 38.88 12.96 0 0 0 0 0 0 0 0 0 0 0 0
1 351.4 166 156.2 175.7 48.81 29.29 19.52 9.762 9.762 9.762 0 0 0 0 0 0 0 0 0 0
1 486.6 365 273.7 152.1 106.4 60.83 45.62 0 0 0 30.41 0 0 0 0 0 0 0 0 0
1 264.3 151 188.8 45.3 30.2 37.75 15.1 22.65 0 0 0 0 0 0 0 0 0 0 0 0
1 277.7 225.7 173.6 86.79 43.4 17.36 26.04 0 0 8.679 0 0 8.679 0 0 0 0 0 0 0
1 266.8 140.4 91.28 84.26 63.2 42.13 0 7.022 7.022 0 0 0 0 0 0 0 0 0 0 0
1 149 111.7 79.14 55.87 18.62 18.62 18.62 13.97 0 0 0 0 0 0 0 0 0 0 0 0
1 378 147.5 138.3 92.21 82.99 27.66 9.221 18.44 9.221 0 9.221 0 0 9.221 0 0 0 0 0 0
1 202.3 258.9 105.2 121.4 72.83 32.37 8.092 0 0 0 8.092 0 0 0 0 0 0 0 0 0
1 170.1 116.6 58.32 48.6 53.46 19.44 9.719 0 4.86 0 0 0 4.86 0 0 0 0 0 0 0
1 221.2 105.1 110.6 49.77 22.12 11.06 11.06 16.59 0 0 5.53 0 0 0 0 0 0 0 0 0
1 201.6 113.1 63.93 34.43 34.43 19.67 4.918 14.75 0 4.918 0 0 0 0 0 0 0 0 0 0
1 187.6 93.79 103.2 42.21 28.14 9.379 0 0 4.69 0 0 0 0 0 0 0 0 0 0 0
1 101.5 76.11 97.25 54.97 38.06 12.69 29.6 4.228 4.228 4.228 0 0 0 0 0 0 0 0 0 0
1 82.94 89.57 69.67 53.08 13.27 9.952 0 6.635 0 0 0 6.635 0 0 0 0 0 0 0 0
1 170.9 186.4 77.67 31.07 5.178 20.71 10.36 15.53 0 0 0 0 0 0 0 0 0 0 0 0
1 154.6 135.9 56.21 37.48 37.48 18.74 9.369 0 14.05 0 0 0 0 0 4.685 0 0 0 0 0
1 134.5 86.2 51.72 27.58 17.24 10.34 10.34 3.448 0 0 3.448 0 0 0 0 0 0 0 0 0
1 144.6 70.51 63.46 38.78 14.1 10.58 3.526 7.051 0 0 0 0 0 0 0 0 0 0 0 0
1 79.5 94.78 42.81 33.63 33.63 0 9.173 6.115 6.115 0 0 0 0 0 0 0 0 0 0 0
1 92.57 81.35 42.08 22.44 19.64 11.22 5.61 0 2.805 0 0 2.805 0 0 0 0 0 0 0 0
1 55.24 61.62 44.62 21.25 6.374 8.499 10.62 2.125 0 0 0 0 2.125 0 0 0 0 0 0 0
1 62.25 80.03 59.28 44.46 29.64 8.892 0 2.964 2.964 0 0 0 2.964 2.964 0 0 0 0 0 0
1 118.4 72.87 51.61 39.47 9.108 3.036 6.072 0 3.036 0 0 0 0 0 0 0 0 0 0 0
1 78.19 42.26 38.04 16.91 10.57 12.68 6.34 6.34 0 0 0 0 0 0 0 0 0 0 0 0
1 77 67.94 40.76 13.59 6.794 6.794 6.794 0 4.529 2.265 0 0 0 0 0 0 0 0 0 0
1 84 55.36 19.09 13.36 11.45 1.909 1.909 1.909 1.909 0 0 0 0 0 0 0 0 0 0 0
1 63.13 94.7 57.87 7.892 15.78 7.892 2.631 2.631 7.892 2.631 0 0 0 0 0 0 0 0 0 0
1 80.68 47.07 35.86 26.89 15.69 4.482 4.482 4.482 2.241 0 0 0 2.241 0 0 0 0 0 0 0
1 66.65 51.09 51.09 31.1 13.33 4.443 2.222 0 0 2.222 0 0 0 0 0 0 0 0 0 0
1 98.49 61.55 41.86 17.24 4.924 9.849 4.924 2.462 0 2.462 2.462 0 0 0 0 0 0 0 0 0
1 46.74 36.73 38.4 20.03 10.02 5.008 5.008 1.669 1.669 1.669 0 0 0 0 0 0 0 0 0 0
1 55.99 74.65 44.32 30.33 14 6.999 2.333 2.333 2.333 0 0 0 0 0 0 0 0 0 0 0
1 69 47.92 28.75 19.17 7.667 7.667 5.75 0 3.833 1.917 0 0 0 0 0 0 0 0 0 0
1 121 75.64 36.31 18.15 12.1 18.15 9.077 3.026 6.052 0 3.026 0 0 0 0 0 0 0 0 0
1 82.08 76.95 33.35 28.22 15.39 10.26 2.565 2.565 2.565 2.565 0 0 0 0 0 0 0 0 0 0
1 68.58 46.39 42.36 20.17 10.09 6.051 4.034 2.017 0 0 2.017 0 0 0 0 0 0 0 0 0
1 89.15 80.79 41.79 25.07 13.93 5.572 8.358 2.786 2.786 2.786 2.786 0 0 2.786 0 0 0 0 0 0
1 62.11 48.08 44.08 24.04 10.02 6.01 2.003 2.003 2.003 0 0 0 0 0 0 0 0 0 0 0
