Originally  
101 
A 
2	100	
1	1	NA	NA	
1	20	
1 431.2 463.2 111.8 207.6 79.86 95.83 0 79.86 47.92 0 63.89 0 0 0 15.97 0 0 0 0 0
1 626.8 364 323.5 242.6 182 121.3 40.44 20.22 40.44 40.44 0 0 0 0 0 0 20.22 0 0 0
1 317.9 305.2 216.2 139.9 50.87 76.3 50.87 25.43 38.15 12.72 25.43 0 12.72 0 0 0 0 0 0 0
1 716.3 369 347.3 260.5 86.82 86.82 86.82 43.41 43.41 86.82 21.71 21.71 0 0 0 0 0 0 0 0
1 407.5 295.1 140.5 168.6 112.4 84.31 14.05 28.1 84.31 14.05 14.05 28.1 0 14.05 0 0 0 0 0 0
1 472.6 283.6 204.8 189 189 63.01 31.51 78.77 0 15.75 15.75 15.75 0 15.75 0 0 0 0 0 0
1 392.6 230.1 243.7 148.9 81.22 67.68 27.07 40.61 40.61 40.61 13.54 0 13.54 0 0 13.54 0 0 0 0
1 390.5 195.3 130.2 119.3 86.78 32.54 54.24 10.85 10.85 32.54 0 0 10.85 0 10.85 0 0 0 0 0
1 325.3 209.9 188.9 83.96 52.47 52.47 20.99 31.48 10.49 10.49 20.99 10.49 10.49 10.49 0 0 10.49 0 0 0
1 394.5 258.5 190.5 136.1 108.8 95.24 54.42 40.82 40.82 27.21 13.61 0 0 0 0 0 0 0 0 0
1 318 249.9 136.3 170.4 68.15 56.79 22.72 45.44 22.72 11.36 22.72 11.36 0 0 0 0 0 0 0 0
1 520.7 457.6 205.1 189.4 78.9 31.56 47.34 31.56 15.78 0 0 0 0 0 0 0 0 0 0 0
1 265.9 345.7 199.4 199.4 159.5 26.59 53.18 13.29 26.59 13.29 0 0 0 13.29 0 0 13.29 0 0 0
1 400.1 211.8 141.2 153 141.2 0 23.53 58.83 23.53 11.77 11.77 0 0 0 0 0 0 0 0 0
1 411.2 282 117.5 93.99 117.5 35.25 23.5 0 23.5 35.25 0 11.75 11.75 0 0 0 0 0 0 11.75
1 200.4 263.6 253.1 84.36 73.81 73.81 31.63 21.09 21.09 10.54 0 0 10.54 10.54 0 0 0 0 0 0
1 382.3 269 198.2 141.6 56.64 84.96 56.64 70.8 28.32 42.48 42.48 0 14.16 14.16 0 14.16 0 0 0 0
1 464.8 281.7 154.9 154.9 126.8 28.17 126.8 28.17 14.08 14.08 0 0 0 14.08 0 0 0 0 0 0
1 369.9 416.2 277.5 123.3 138.7 61.66 46.24 15.41 0 30.83 30.83 0 15.41 0 15.41 0 0 0 0 0
1 262.8 194.7 165.5 126.5 58.41 87.61 9.734 38.94 9.734 9.734 0 0 0 0 9.734 0 0 0 0 0
1 292.8 292.8 146.4 62.74 83.65 83.65 52.28 0 10.46 20.91 0 0 0 0 0 0 0 0 0 0
1 192.5 165 155.8 54.99 82.49 82.49 45.83 45.83 18.33 36.66 18.33 0 9.166 0 0 0 0 0 0 9.166
1 572.9 180.9 271.4 150.8 75.38 30.15 75.38 60.31 30.15 15.08 0 0 0 30.15 0 15.08 0 0 0 0
1 203 227.4 89.33 97.45 73.09 24.36 40.6 0 32.48 16.24 0 0 8.121 0 0 0 0 0 0 0
1 266.6 123 256.3 102.5 112.8 41.01 30.76 30.76 51.27 0 0 0 0 0 0 10.25 0 0 0 0
1 430.2 165.5 44.12 110.3 88.25 44.12 44.12 33.09 66.18 11.03 0 22.06 33.09 0 0 11.03 0 0 0 0
1 661.7 365.7 209 104.5 87.07 69.65 121.9 52.24 0 17.41 0 34.83 0 0 17.41 0 0 0 0 0
1 262.1 349.5 162.3 137.3 62.41 112.3 37.45 37.45 24.97 12.48 24.97 0 0 12.48 12.48 0 0 0 0 0
1 419.2 359.3 284.4 224.5 44.91 14.97 74.85 59.88 0 14.97 0 0 0 0 0 0 0 0 0 0
1 311.1 347 131.6 155.6 47.87 47.87 11.97 59.83 23.93 35.9 0 0 11.97 0 0 0 11.97 0 0 0
1 356.7 149.6 310.7 103.6 69.03 69.03 11.51 11.51 23.01 0 23.01 11.51 0 11.51 0 0 0 0 0 0
1 350.1 319.7 258.8 167.5 121.8 91.34 76.11 45.67 15.22 30.45 30.45 0 0 15.22 0 0 0 0 0 0
1 174 147.9 130.5 69.6 113.1 87 60.9 8.7 26.1 8.7 17.4 0 17.4 0 0 0 8.7 0 0 0
1 422.2 179.1 191.9 127.9 89.55 140.7 51.17 12.79 38.38 12.79 0 0 0 12.79 0 0 0 0 0 0
1 344.1 249.1 166.1 71.19 71.19 71.19 106.8 47.46 11.86 0 0 11.86 11.86 0 0 0 0 0 11.86 11.86
1 438 219 166.9 83.43 20.86 41.71 20.86 20.86 10.43 10.43 0 0 0 0 10.43 0 0 0 0 0
1 349.8 282.1 158 90.26 45.13 11.28 56.41 45.13 56.41 0 22.57 11.28 0 0 0 0 0 0 0 0
1 382.7 382.7 250.7 145.2 39.59 52.78 52.78 13.2 0 0 0 0 0 0 0 0 0 0 0 0
1 707.3 297.8 335.1 186.1 148.9 37.23 55.84 0 18.61 18.61 37.23 0 0 0 0 0 0 18.61 0 0
1 476.7 808.4 165.8 269.5 103.6 41.46 20.73 41.46 62.18 20.73 20.73 20.73 0 0 0 0 0 0 0 20.73
1 494.5 237.4 633 138.5 98.9 79.12 98.9 118.7 0 19.78 19.78 0 19.78 19.78 0 0 0 0 0 0
1 334.1 363.2 72.64 377.7 87.16 87.16 43.58 72.64 0 0 0 14.53 0 0 0 0 0 0 0 0
1 403.6 326 263.9 62.1 232.9 108.7 62.1 46.57 31.05 15.52 0 0 0 0 0 0 0 0 0 0
1 344.4 292.8 396.1 103.3 86.11 206.7 51.66 120.6 34.44 0 17.22 34.44 17.22 0 0 0 0 17.22 0 0
1 337.9 202.7 148.7 229.8 162.2 54.06 54.06 13.51 27.03 40.54 27.03 13.51 13.51 0 13.51 0 0 0 13.51 0
1 465.5 397 136.9 68.45 109.5 27.38 41.07 54.76 13.69 13.69 13.69 13.69 0 13.69 0 0 0 0 0 0
1 453.6 220.7 134.9 110.3 122.6 85.82 49.04 24.52 0 12.26 12.26 0 0 0 0 0 0 0 0 0
1 243 144 153 81.02 63.01 45.01 27.01 0 36.01 45.01 18 18 9.002 9.002 0 9.002 0 0 0 0
1 277.9 267.2 213.8 149.7 64.14 10.69 10.69 42.76 10.69 0 21.38 0 0 0 0 0 0 0 0 0
1 752.9 225.9 135.5 105.4 120.5 15.06 15.06 75.29 15.06 15.06 0 15.06 0 0 0 0 0 0 15.06 0
1 444.2 621.9 133.3 74.03 74.03 44.42 44.42 0 0 14.81 0 29.61 0 0 0 0 0 0 0 0
1 523 360.7 559.1 108.2 108.2 18.04 18.04 36.07 18.04 0 18.04 0 18.04 0 0 18.04 0 0 0 0
1 610.5 305.2 167.9 305.2 15.26 45.79 30.52 0 30.52 0 0 0 15.26 0 0 0 0 0 0 0
1 292 327 221.9 116.8 116.8 23.36 23.36 11.68 11.68 11.68 0 11.68 0 0 0 0 0 0 0 0
1 324.5 212.6 290.9 145.5 44.75 55.94 22.38 0 0 0 0 0 22.38 0 0 0 0 0 0 0
1 374.1 330.9 215.8 143.9 187 57.55 71.93 14.39 0 0 0 28.77 0 0 0 14.39 0 0 0 0
1 100.3 191.5 291.8 91.17 155 36.47 9.117 18.23 18.23 0 0 0 0 0 0 0 0 0 0 0
1 202.7 85 124.2 85 45.77 71.92 13.08 6.539 13.08 0 0 6.539 0 0 0 0 0 0 0 0
1 219.7 203.4 65.09 97.64 138.3 24.41 40.68 0 0 16.27 0 0 0 0 8.137 0 0 0 0 0
1 473.7 191.5 141.1 40.31 70.55 40.31 20.16 20.16 10.08 0 0 0 0 0 0 0 0 0 0 0
1 277.5 301.2 134.8 31.71 15.86 31.71 0 0 0 0 0 0 0 0 0 0 0 0 0 0
1 311 213.8 213.8 116.6 58.32 9.72 29.16 0 9.72 0 0 0 9.72 0 0 0 0 0 0 0
1 222.7 262.5 127.3 127.3 23.86 0 7.954 7.954 7.954 0 0 0 0 0 0 0 7.954 0 0 0
1 152.8 229.3 121 89.16 12.74 0 25.47 0 0 0 0 0 0 0 6.368 0 0 0 0 0
1 105.2 113.6 96.78 54.7 8.415 29.45 8.415 0 0 4.208 0 0 0 0 0 0 0 0 0 0
1 280.9 137.2 111 52.26 39.19 19.6 13.06 0 0 0 0 0 0 0 0 0 0 0 0 0
1 208.7 202.4 50.6 63.25 44.28 25.3 12.65 6.325 12.65 6.325 0 0 0 0 0 0 0 0 0 0
1 671.3 295.4 188 93.98 26.85 0 13.43 26.85 13.43 0 13.43 0 0 0 0 0 0 0 0 0
1 335 307.8 181.1 54.32 18.11 0 0 0 0 9.054 0 0 0 0 0 0 0 0 0 0
1 291.9 233.5 291.9 87.56 29.19 19.46 19.46 0 0 0 0 0 0 0 0 0 0 0 0 0
1 253.8 132.9 60.43 102.7 30.21 6.043 6.043 6.043 6.043 0 0 0 0 0 0 0 0 0 0 0
1 171.7 85.87 76.83 54.23 36.16 13.56 13.56 0 0 0 0 0 0 0 0 0 0 0 0 0
1 312.8 213.6 91.55 30.52 38.15 30.52 30.52 0 7.63 0 7.63 0 0 0 0 0 0 0 0 0
1 670 199.8 70.53 117.6 47.02 58.78 11.76 0 0 0 0 0 0 0 0 0 0 0 0 0
1 305.3 429.3 76.33 38.16 28.62 47.7 19.08 9.541 0 0 0 0 0 0 0 0 0 0 0 0
1 338.5 327.9 275 52.89 42.31 10.58 0 0 0 10.58 0 0 0 0 0 0 0 0 0 0
1 193.4 163.7 193.4 133.9 14.88 22.32 7.44 7.44 0 7.44 0 0 0 0 0 0 0 0 0 0
1 251.2 78.95 157.9 136.4 64.59 28.71 0 0 0 0 0 0 0 0 0 0 0 0 0 0
1 378.3 232.8 87.3 106.7 67.9 67.9 9.7 9.7 0 0 9.7 0 0 0 0 0 0 0 0 0
1 407.9 336.5 152.9 30.59 40.79 0 40.79 0 0 0 0 0 10.2 0 0 0 0 0 0 0
1 282.1 217.6 169.3 56.42 0 48.36 8.061 16.12 0 8.061 0 0 0 0 0 0 0 0 0 0
1 207.8 129.1 101.1 56.15 22.46 16.85 16.85 11.23 0 0 0 0 0 0 0 0 0 0 0 0
1 370.7 153.1 96.71 88.65 56.41 16.12 8.059 0 0 8.059 0 8.059 0 0 0 0 0 0 0 0
1 150.9 295.2 52.48 59.04 52.48 26.24 13.12 0 6.561 0 0 0 0 0 0 0 0 0 0 0
1 237.4 104.7 174.6 69.82 48.88 34.91 6.982 6.982 0 6.982 6.982 0 0 0 0 0 0 0 0 0
1 114.6 133 68.77 73.35 36.68 13.75 4.585 9.169 0 0 0 4.585 0 0 0 0 0 0 0 0
1 253 73.09 112.4 44.98 44.98 5.622 11.24 16.87 0 0 0 0 0 0 0 0 0 0 0 0
1 343.8 155.7 32.44 58.39 12.97 32.44 6.487 0 6.487 0 0 0 0 0 0 0 0 0 0 0
1 516.4 356.6 184.4 36.89 36.89 12.3 49.18 0 12.3 0 0 12.3 12.3 0 0 0 0 0 0 0
1 183.9 189.8 160.1 41.51 5.931 11.86 0 0 0 0 0 0 0 0 0 0 0 0 0 0
1 140 121.3 74.67 98.01 9.334 9.334 4.667 4.667 0 0 4.667 0 0 0 0 0 0 0 0 0
1 380 184.3 207.3 230.3 80.62 34.55 0 23.03 11.52 0 0 0 0 0 0 0 0 0 0 0
1 229.4 210.8 68.2 37.2 37.2 24.8 6.2 0 0 0 6.2 0 0 0 0 0 0 0 0 0
1 298.6 149.3 199.1 49.77 24.89 66.37 24.89 8.296 0 0 0 0 0 0 8.296 0 0 0 0 0
1 341.4 273.1 227.6 147.9 68.28 22.76 22.76 11.38 11.38 0 11.38 0 0 0 0 0 0 0 0 0
1 181.3 137.5 137.5 87.51 18.75 18.75 25 6.251 6.251 0 0 0 6.251 0 0 0 0 0 0 0
1 271.4 154 132 80.68 44.01 7.335 22 22 0 0 0 0 0 0 0 0 0 0 0 0
1 335.7 127.6 73.86 60.43 26.86 13.43 13.43 0 0 6.715 0 6.715 0 0 0 6.715 0 0 0 0
1 369.2 347.5 162.9 65.15 65.15 10.86 54.3 0 10.86 0 0 0 0 0 0 0 0 0 0 0
