Originally  
101 
A 
42	100	
1	1	NA	NA	
1	20	
1 0.0589 0.3927 0.4908 0.2945 0.1178 0.1767 0.07854 0.07854 0.09817 0.07854 0.03927 0.01963 0 0 0 0.01963 0.01963 0 0 0
1 0.04269 0.3629 0.6191 0.2562 0.2562 0.1921 0.02135 0.1281 0.1067 0.02135 0.06404 0.02135 0.02135 0 0 0 0.02135 0 0 0
1 0.02162 0.3892 0.4757 0.4108 0.173 0.1946 0.1297 0.1081 0.1081 0.04324 0 0.02162 0.02162 0.02162 0.04324 0 0 0 0 0
1 0.0673 0.2692 0.387 0.3533 0.2524 0.1851 0.03365 0.08412 0.03365 0 0 0 0 0 0 0 0 0 0 0.01682
1 0.04177 0.2089 0.362 0.2924 0.1949 0.08355 0.0557 0.02785 0.0557 0.02785 0.01392 0.01392 0 0.01392 0 0 0 0 0 0
1 0.1082 0.5141 0.7035 0.5412 0.1894 0.2976 0.1353 0.05412 0.08117 0.05412 0 0 0 0 0 0 0.02706 0 0 0
1 0 0.2438 0.5438 0.4688 0.2438 0.09376 0.15 0.01875 0.05626 0 0 0 0.01875 0.01875 0 0 0.01875 0 0 0
1 0.04943 0.4201 0.692 0.3954 0.2966 0.173 0.09885 0.1483 0.09885 0 0.02471 0 0 0.02471 0 0.04943 0 0 0 0
1 0.01687 0.2361 0.3711 0.3711 0.2361 0.1349 0.1349 0.0506 0.0506 0.0506 0 0.01687 0.01687 0 0 0 0 0 0 0
1 0.03573 0.2322 0.6252 0.2501 0.2858 0.07146 0.07146 0.07146 0.05359 0.03573 0 0.03573 0 0 0 0.01786 0 0 0 0
1 0.04382 0.5477 0.5697 0.3286 0.2629 0.08764 0.1095 0.1095 0.04382 0.02191 0.06573 0 0 0 0 0 0 0 0 0
1 0.05732 0.3057 0.4777 0.4013 0.1146 0.2484 0.1146 0.03821 0.03821 0 0.05732 0.03821 0 0 0.01911 0 0 0 0 0
1 0.04354 0.3048 0.6313 0.3701 0.3265 0.1306 0.08708 0.08708 0.06531 0.06531 0.04354 0.02177 0 0 0 0 0 0 0 0
1 0.0299 0.1345 0.3289 0.299 0.1794 0.1495 0.1345 0.07474 0.05979 0.01495 0.01495 0.0299 0.04485 0 0 0 0 0 0 0
1 0.02033 0.2643 0.5489 0.3253 0.2033 0.2643 0.08131 0.1016 0.06099 0.04066 0.04066 0.04066 0 0 0.02033 0.02033 0 0 0 0
1 0.01583 0.2375 0.4749 0.2058 0.1741 0.1425 0.1266 0.06332 0.03166 0.03166 0.03166 0.03166 0 0 0 0.01583 0 0 0 0
1 0.05428 0.3076 0.38 0.3619 0.1628 0.2533 0.09047 0.09047 0.07237 0.01809 0 0 0.01809 0 0 0 0 0 0 0
1 0.07762 0.2717 0.4463 0.3687 0.2134 0.1358 0.07762 0.07762 0.03881 0.07762 0.05821 0.07762 0.0194 0 0 0 0 0 0 0
1 0 0.3558 0.6404 0.4506 0.4032 0.2372 0.07115 0.07115 0.04743 0.04743 0.02372 0 0.02372 0 0 0 0 0 0 0
1 0.05801 0.3287 0.4254 0.4061 0.1354 0.2127 0.174 0.09669 0.07735 0 0.01934 0 0 0 0 0 0 0 0 0
1 0.07865 0.4981 0.4981 0.4195 0.3933 0.3146 0.1049 0.1573 0.05244 0.05244 0.02622 0 0 0 0 0 0 0.02622 0 0
1 0.04274 0.1567 0.3989 0.2992 0.1425 0.1852 0.09973 0.04274 0.01425 0.02849 0.01425 0 0 0 0 0 0 0 0 0
1 0.02454 0.1595 0.3068 0.2577 0.1473 0.0859 0.06136 0.02454 0.07363 0.03682 0 0.01227 0.01227 0 0.01227 0 0 0 0 0.01227
1 0.069 0.207 0.4312 0.2242 0.2415 0.2415 0.1552 0.0345 0.069 0.01725 0 0.0345 0 0 0 0 0 0 0 0
1 0.06333 0.2744 0.3589 0.2744 0.4856 0.2533 0.1267 0.08444 0.02111 0.08444 0.02111 0 0.02111 0 0.02111 0.02111 0 0 0 0
1 0.01452 0.2178 0.363 0.3485 0.1452 0.1307 0.08712 0.01452 0.01452 0.05808 0.02904 0.01452 0 0 0.01452 0 0 0 0 0
1 0.04225 0.2113 0.6761 0.4014 0.2324 0.2324 0.1268 0.08451 0.02113 0.02113 0 0 0.04225 0.02113 0 0 0 0 0 0
1 0.03875 0.2325 0.4262 0.5231 0.2712 0.1937 0.09687 0.0775 0.03875 0.03875 0 0 0 0 0 0 0 0 0 0
1 0.01524 0.1219 0.3809 0.3047 0.2438 0.1524 0.1067 0.04571 0.06094 0.06094 0 0 0 0.01524 0 0 0.01524 0 0 0
1 0.03495 0.2097 0.2971 0.4019 0.2621 0.1398 0.1748 0.1223 0.0699 0 0.01748 0 0 0.01748 0 0 0 0 0 0
1 0.01594 0.2551 0.3986 0.2551 0.1754 0.1116 0.1276 0.1116 0.07972 0.01594 0.03189 0 0 0.01594 0 0 0 0 0 0
1 0.04057 0.1623 0.2434 0.3651 0.2299 0.05409 0.09466 0.06761 0.05409 0.01352 0 0 0 0.01352 0 0.01352 0 0 0 0
1 0 0.1978 0.5575 0.3597 0.2338 0.1619 0.1079 0.07194 0.03597 0.01798 0.01798 0.01798 0 0.01798 0 0 0 0 0 0
1 0.08777 0.2633 0.474 0.2458 0.2107 0.1404 0.1755 0.05266 0.01755 0.03511 0.05266 0 0 0 0 0 0 0 0 0
1 0.03067 0.322 0.276 0.368 0.1533 0.138 0.03067 0.07666 0.06133 0.03067 0.01533 0 0.01533 0 0 0 0 0.01533 0 0
1 0.03334 0.1333 0.2667 0.2445 0.1445 0.05556 0.05556 0.05556 0.01111 0.04445 0.03334 0.01111 0.01111 0 0 0.01111 0 0 0 0
1 0.0338 0.1577 0.2592 0.169 0.1127 0.1239 0.06761 0.09014 0.02254 0.02254 0.02254 0 0.02254 0 0 0.01127 0.01127 0 0 0
1 0.01061 0.1698 0.2441 0.2441 0.1061 0.07429 0.03184 0.02123 0.05306 0.04245 0.02123 0.02123 0 0 0 0.01061 0 0.01061 0 0
1 0.07899 0.1975 0.2765 0.2765 0.1317 0.158 0.07899 0.02633 0.01317 0.0395 0.02633 0 0 0 0.01317 0 0 0 0 0
1 0.03815 0.3624 0.3624 0.3624 0.3243 0.1526 0.1145 0.0763 0.03815 0 0.01908 0.03815 0 0 0 0 0.01908 0 0 0
1 0.05459 0.3093 0.5459 0.3639 0.2365 0.09098 0.07278 0.03639 0.0182 0.0182 0 0.0182 0 0 0.03639 0.0182 0 0 0 0
1 0 0.2029 0.4192 0.2299 0.2299 0.05409 0.06762 0.04057 0.04057 0.01352 0.01352 0.04057 0 0 0 0 0 0 0 0
1 0.02704 0.2163 0.3245 0.3515 0.1623 0.09465 0.02704 0.05408 0.01352 0 0.02704 0.01352 0.02704 0 0 0 0.01352 0 0 0
1 0.01674 0.2511 0.4352 0.3348 0.2678 0.1004 0.1172 0.03348 0.06695 0.01674 0.01674 0 0.01674 0 0 0 0 0 0 0
1 0 0.2357 0.4272 0.3241 0.2062 0.07365 0.07365 0.05892 0.02946 0.04419 0 0 0 0 0 0 0 0 0 0
1 0.06184 0.2165 0.4174 0.2938 0.1855 0.1855 0.09277 0.06184 0.01546 0 0 0.01546 0 0 0 0 0 0 0 0
1 0.0163 0.2445 0.3097 0.3749 0.1467 0.1956 0.0815 0.1304 0.0489 0.0326 0.0163 0 0.0163 0.0163 0 0 0 0 0 0
1 0.01381 0.1519 0.3728 0.3038 0.2209 0.1105 0.08286 0.04143 0 0 0.05524 0.01381 0 0 0.01381 0 0 0 0 0
1 0.04339 0.1157 0.3182 0.3616 0.1735 0.1591 0.1012 0.07231 0.04339 0.01446 0.01446 0.01446 0 0 0 0 0 0 0 0.01446
1 0.05438 0.1523 0.261 0.1849 0.1958 0.1088 0.0435 0.03263 0.03263 0 0.01088 0 0 0 0 0.01088 0 0 0 0
1 0 0.1145 0.2577 0.2099 0.09543 0.05726 0.0668 0.08589 0.009543 0.009543 0.009543 0 0.009543 0 0.009543 0 0 0.009543 0 0.009543
1 0.05848 0.2924 0.307 0.2047 0.2339 0.1316 0.08772 0.05848 0.02924 0.01462 0 0.02924 0 0 0 0 0.01462 0 0 0
1 0.03859 0.1286 0.4759 0.1929 0.1672 0.07718 0.03859 0.03859 0.03859 0.01286 0.02573 0 0.02573 0 0.02573 0 0 0 0 0
1 0.1169 0.1169 0.5011 0.3007 0.2506 0.08352 0.1002 0.03341 0.08352 0.0167 0.0167 0 0.0167 0 0 0 0.0167 0.0167 0 0
1 0.06189 0.2063 0.6189 0.4952 0.2888 0.08253 0.1651 0.06189 0.02063 0.02063 0 0.02063 0 0 0 0 0 0 0 0.02063
1 0.01499 0.1799 0.4348 0.3149 0.1349 0.1949 0.02999 0.02999 0.04498 0.07497 0.01499 0 0.01499 0 0.01499 0 0 0 0 0
1 0.04653 0.05817 0.2792 0.2443 0.128 0.128 0.09307 0.0698 0.0349 0.0349 0 0.01163 0.01163 0 0.01163 0 0 0 0.01163 0
1 0.02607 0.1912 0.2433 0.1825 0.03476 0.04344 0.04344 0.02607 0.008689 0.02607 0 0.01738 0.008689 0 0.01738 0 0 0 0 0
1 0.06632 0.2321 0.2984 0.1437 0.1437 0.07738 0.03316 0.01105 0.01105 0.03316 0.01105 0 0.02211 0 0 0.01105 0 0 0 0.01105
