 landings-at-age - landings.n (units : NA )
1	2	
2	100	
1	20	
1 
0.02659 0.2984 0.8352 0.6934 0.4839 0.3377 0.2357 0.1644 0.1148 0.08008 0.05589 0.039 0.02722 0.01899 0.01325 0.009249 0.006454 0.004504 0.003143 0.007259
0.00298 0.05216 0.1462 0.1214 0.08475 0.05914 0.04127 0.0288 0.0201 0.01403 0.009787 0.00683 0.004766 0.003326 0.002321 0.00162 0.00113 0.0007888 0.0005504 0.001271
0.006981 0.03346 0.1464 0.1219 0.08515 0.05942 0.04147 0.02894 0.02019 0.01409 0.009834 0.006862 0.004789 0.003342 0.002332 0.001627 0.001136 0.0007925 0.000553 0.001277
0.005338 0.07838 0.09389 0.122 0.08549 0.0597 0.04166 0.02907 0.02029 0.01416 0.00988 0.006895 0.004811 0.003358 0.002343 0.001635 0.001141 0.0007963 0.0005557 0.001283
0.01128 0.05994 0.2199 0.07829 0.08557 0.05994 0.04186 0.02921 0.02038 0.01423 0.009927 0.006927 0.004834 0.003374 0.002354 0.001643 0.001146 8e-04 0.0005583 0.001289
0.004628 0.1266 0.1682 0.1834 0.05489 0.06 0.04203 0.02935 0.02048 0.01429 0.009974 0.00696 0.004857 0.00339 0.002365 0.001651 0.001152 0.0008038 0.0005609 0.001295
0.006026 0.05197 0.3553 0.1402 0.1286 0.03849 0.04207 0.02947 0.02058 0.01436 0.01002 0.006993 0.00488 0.003406 0.002377 0.001658 0.001157 0.0008076 0.0005636 0.001302
0.009251 0.06766 0.1458 0.2963 0.09833 0.09016 0.02699 0.0295 0.02066 0.01443 0.01007 0.007026 0.004903 0.003422 0.002388 0.001666 0.001163 0.0008114 0.0005663 0.001308
0.004445 0.1039 0.1899 0.1216 0.2078 0.06894 0.06322 0.01892 0.02068 0.01449 0.01012 0.00706 0.004926 0.003438 0.002399 0.001674 0.001168 0.0008153 0.0005689 0.001314
0.005743 0.04991 0.2915 0.1583 0.08525 0.1457 0.04834 0.04432 0.01327 0.0145 0.01016 0.007093 0.00495 0.003454 0.00241 0.001682 0.001174 0.0008191 0.0005716 0.00132
0.0157 0.06449 0.14 0.2431 0.111 0.05977 0.1021 0.03389 0.03108 0.009302 0.01017 0.007121 0.004973 0.003471 0.002422 0.00169 0.001179 0.000823 0.0005743 0.001326
0.001651 0.1763 0.1809 0.1168 0.1704 0.07783 0.04191 0.07161 0.02376 0.02179 0.006522 0.007128 0.004993 0.003487 0.002433 0.001698 0.001185 0.0008269 0.0005771 0.001333
0.006044 0.01853 0.4947 0.1509 0.08188 0.1195 0.05457 0.02939 0.05021 0.01666 0.01528 0.004573 0.004998 0.003501 0.002445 0.001706 0.001191 0.0008308 0.0005798 0.001339
0.001989 0.06786 0.05201 0.4125 0.1058 0.05741 0.08378 0.03826 0.0206 0.0352 0.01168 0.01071 0.003206 0.003504 0.002455 0.001714 0.001196 0.0008348 0.0005825 0.001345
0.007372 0.02234 0.1904 0.04337 0.2892 0.07418 0.04025 0.05874 0.02683 0.01445 0.02468 0.008191 0.007511 0.002248 0.002457 0.001721 0.001202 0.0008387 0.0005853 0.001352
0.002765 0.08278 0.06267 0.1588 0.03041 0.2028 0.05201 0.02822 0.04118 0.01881 0.01013 0.01731 0.005743 0.005266 0.001576 0.001723 0.001207 0.0008427 0.0005881 0.001358
0.001051 0.03104 0.2323 0.05226 0.1113 0.02132 0.1422 0.03647 0.01979 0.02888 0.01319 0.007102 0.01213 0.004027 0.003692 0.001105 0.001208 0.000846 0.0005908 0.001365
0.002176 0.0118 0.08711 0.1937 0.03664 0.07806 0.01495 0.09969 0.02557 0.01387 0.02025 0.009247 0.004979 0.008508 0.002823 0.002589 0.0007748 0.0008469 0.0005932 0.001371
0.001549 0.02443 0.03312 0.07264 0.1358 0.02569 0.05473 0.01048 0.0699 0.01793 0.009728 0.0142 0.006483 0.003491 0.005965 0.00198 0.001815 0.0005433 0.0005938 0.001377
0.00707 0.01739 0.06854 0.02762 0.05093 0.09522 0.01801 0.03838 0.007349 0.04901 0.01257 0.006821 0.009953 0.004546 0.002448 0.004182 0.001388 0.001273 0.0003809 0.001382
0.002181 0.07938 0.04879 0.05716 0.01936 0.03571 0.06676 0.01263 0.02691 0.005153 0.03436 0.008813 0.004782 0.006979 0.003187 0.001716 0.002932 0.0009732 0.0008923 0.001236
0.008702 0.02449 0.2227 0.04069 0.04007 0.01358 0.02504 0.04681 0.008855 0.01887 0.003613 0.02409 0.006179 0.003353 0.004893 0.002235 0.001203 0.002056 0.0006823 0.001492
0.008034 0.09771 0.06873 0.1857 0.02853 0.0281 0.00952 0.01755 0.03282 0.006209 0.01323 0.002533 0.01689 0.004332 0.002351 0.003431 0.001567 0.0008437 0.001442 0.001525
0.01675 0.09021 0.2742 0.05731 0.1302 0.02 0.0197 0.006675 0.01231 0.02301 0.004353 0.009274 0.001776 0.01184 0.003038 0.001648 0.002405 0.001099 0.0005916 0.00208
0.00535 0.188 0.2531 0.2286 0.04018 0.09131 0.01402 0.01381 0.00468 0.00863 0.01613 0.003052 0.006503 0.001245 0.008304 0.00213 0.001156 0.001687 0.0007702 0.001873
0.006238 0.06007 0.5276 0.2111 0.1603 0.02817 0.06402 0.009833 0.009685 0.003281 0.006051 0.01131 0.00214 0.004559 0.0008731 0.005822 0.001493 0.0008103 0.001183 0.001853
0.00452 0.07005 0.1686 0.44 0.148 0.1124 0.01975 0.04489 0.006895 0.006791 0.002301 0.004242 0.007932 0.001501 0.003197 0.0006121 0.004082 0.001047 0.0005682 0.002129
0.00444 0.05076 0.1965 0.1406 0.3085 0.1038 0.07881 0.01385 0.03147 0.004834 0.004761 0.001613 0.002975 0.005561 0.001052 0.002241 0.0004292 0.002862 0.0007341 0.001891
0.003185 0.04986 0.1424 0.1639 0.09855 0.2163 0.07275 0.05526 0.009711 0.02207 0.003389 0.003338 0.001131 0.002086 0.003899 0.0007377 0.001571 0.0003009 0.002007 0.00184
0.003439 0.03576 0.1399 0.1188 0.1149 0.0691 0.1516 0.05101 0.03874 0.006809 0.01547 0.002376 0.002341 0.000793 0.001462 0.002734 0.0005172 0.001102 0.000211 0.002697
0.001794 0.03862 0.1003 0.1167 0.08327 0.08057 0.04845 0.1063 0.03577 0.02716 0.004774 0.01085 0.001666 0.001641 0.000556 0.001025 0.001917 0.0003626 0.0007725 0.002039
0.01626 0.02014 0.1084 0.08368 0.08179 0.05838 0.05649 0.03397 0.07455 0.02508 0.01905 0.003347 0.007606 0.001168 0.001151 0.0003898 0.0007189 0.001344 0.0002543 0.001971
0.002979 0.1826 0.05651 0.09036 0.05867 0.05735 0.04093 0.03961 0.02382 0.05227 0.01758 0.01335 0.002347 0.005333 0.0008191 0.0008068 0.0002733 0.000504 0.0009424 0.001561
0.002787 0.03345 0.5123 0.04712 0.06336 0.04114 0.04021 0.0287 0.02777 0.0167 0.03665 0.01233 0.009363 0.001645 0.003739 0.0005743 0.0005657 0.0001916 0.0003534 0.001755
0.00846 0.03129 0.09385 0.4272 0.03304 0.04442 0.02884 0.02819 0.02012 0.01947 0.01171 0.0257 0.008644 0.006565 0.001154 0.002622 0.0004027 0.0003966 0.0001344 0.001478
0.001836 0.09499 0.08781 0.07826 0.2995 0.02317 0.03115 0.02022 0.01977 0.01411 0.01365 0.008209 0.01802 0.00606 0.004603 0.0008089 0.001838 0.0002823 0.0002781 0.001131
0.002225 0.02062 0.2665 0.07322 0.05487 0.21 0.01624 0.02184 0.01418 0.01386 0.009893 0.009572 0.005756 0.01263 0.004249 0.003227 0.0005672 0.001289 0.000198 0.0009877
0.001871 0.02498 0.05785 0.2223 0.05134 0.03847 0.1472 0.01139 0.01531 0.009942 0.009718 0.006936 0.006712 0.004036 0.008857 0.002979 0.002263 0.0003977 0.0009037 0.0008313
0.006386 0.02101 0.0701 0.04824 0.1558 0.036 0.02698 0.1032 0.007985 0.01074 0.006971 0.006813 0.004863 0.004706 0.00283 0.00621 0.002089 0.001586 0.0002788 0.001217
0.2436 3.924 3.175 3.135 1.814 5.861 1.354 1.015 3.883 0.3003 0.4038 0.2622 0.2562 0.1829 0.177 0.1064 0.2336 0.07856 0.05967 0.05624
0.09852 3.494 13.7 3.219 2.661 1.54 4.973 1.149 0.8609 3.295 0.2548 0.3426 0.2225 0.2174 0.1552 0.1502 0.0903 0.1982 0.06667 0.09835
0.07561 0.6271 5.453 6.19 1.215 1.005 0.5814 1.878 0.4338 0.3251 1.244 0.09623 0.1294 0.08401 0.08211 0.05861 0.05671 0.0341 0.07484 0.06231
0.3149 1.246 2.527 6.418 6.105 1.199 0.991 0.5735 1.852 0.4279 0.3207 1.227 0.09492 0.1276 0.08286 0.08099 0.05781 0.05594 0.03364 0.1353
0.3605 3.226 3.12 1.837 3.903 3.713 0.7291 0.6027 0.3487 1.127 0.2602 0.195 0.7463 0.05772 0.07761 0.05039 0.04925 0.03516 0.03402 0.1027
0.1762 5.406 11.76 3.304 1.628 3.459 3.291 0.6462 0.5341 0.3091 0.9984 0.2306 0.1728 0.6614 0.05116 0.06878 0.04466 0.04365 0.03116 0.1212
0.5195 1.669 12.47 7.838 1.839 0.9065 1.926 1.832 0.3598 0.2974 0.1721 0.5559 0.1284 0.09623 0.3683 0.02848 0.0383 0.02486 0.0243 0.08483
0.2502 4.96 3.897 8.444 4.438 1.042 0.5133 1.091 1.037 0.2037 0.1684 0.09744 0.3148 0.07271 0.05449 0.2085 0.01613 0.02168 0.01408 0.06179
0.2195 3.49 16.87 3.85 6.984 3.671 0.8614 0.4245 0.902 0.858 0.1685 0.1393 0.08059 0.2603 0.06013 0.04506 0.1725 0.01334 0.01793 0.06275
0.313 2.537 9.812 13.71 2.618 4.748 2.496 0.5857 0.2886 0.6133 0.5834 0.1145 0.09468 0.05479 0.177 0.04089 0.03064 0.1173 0.009069 0.05486
0.2521 3.221 6.359 7.111 8.309 1.586 2.877 1.512 0.3548 0.1749 0.3715 0.3534 0.0694 0.05737 0.0332 0.1072 0.02477 0.01856 0.07104 0.03873
0.5994 3.093 9.613 5.494 5.138 6.004 1.146 2.079 1.093 0.2564 0.1264 0.2685 0.2554 0.05014 0.04145 0.02399 0.07748 0.0179 0.01341 0.07931
1.095 7.315 9.157 8.216 3.925 3.671 4.289 0.8187 1.485 0.7805 0.1832 0.09027 0.1918 0.1824 0.03582 0.02961 0.01714 0.05535 0.01279 0.06625
0.6407 10.92 17.73 6.399 4.796 2.291 2.143 2.504 0.4779 0.8669 0.4556 0.1069 0.0527 0.112 0.1065 0.02091 0.01729 0.01 0.03231 0.04614
0.1713 7.424 30.76 14.43 4.353 3.263 1.559 1.458 1.703 0.3251 0.5897 0.31 0.07274 0.03585 0.07617 0.07245 0.01423 0.01176 0.006805 0.05337
0.5524 2.074 21.8 26.06 10.22 3.082 2.31 1.104 1.032 1.206 0.2302 0.4176 0.2195 0.05151 0.02538 0.05393 0.0513 0.01007 0.008327 0.04261
0.275 5.909 5.381 16.29 16.27 6.379 1.924 1.442 0.689 0.6444 0.753 0.1437 0.2607 0.137 0.03216 0.01585 0.03367 0.03203 0.006289 0.0318
0.3695 2.894 15.11 3.967 10.04 10.02 3.93 1.186 0.8886 0.4245 0.397 0.4639 0.08854 0.1606 0.08442 0.01981 0.009763 0.02074 0.01973 0.02347
1.017 4.312 8.199 12.36 2.713 6.863 6.854 2.688 0.8108 0.6077 0.2903 0.2715 0.3173 0.06055 0.1098 0.05773 0.01355 0.006677 0.01419 0.02954
0.1827 9.513 9.822 5.392 6.791 1.491 3.771 3.766 1.477 0.4455 0.3339 0.1595 0.1492 0.1743 0.03327 0.06036 0.03172 0.007444 0.003669 0.02403
0.254 1.954 24.83 7.433 3.413 4.299 0.9436 2.387 2.384 0.9348 0.282 0.2114 0.101 0.09443 0.1103 0.02106 0.0382 0.02008 0.004712 0.01753
0.2383 2.131 4.02 14.84 3.717 1.707 2.15 0.4719 1.194 1.192 0.4675 0.141 0.1057 0.0505 0.04723 0.05518 0.01053 0.01911 0.01004 0.01112
0.1409 2.816 6.181 3.402 10.52 2.636 1.21 1.524 0.3346 0.8464 0.8453 0.3315 0.09999 0.07495 0.0358 0.03348 0.03913 0.007468 0.01355 0.01501
0.2074 2.476 12.04 7.692 3.546 10.97 2.747 1.261 1.589 0.3488 0.8823 0.8811 0.3455 0.1042 0.07812 0.03732 0.0349 0.04078 0.007784 0.02976
0.2288 1.541 4.498 6.319 3.373 1.555 4.811 1.205 0.5532 0.6968 0.153 0.3869 0.3864 0.1515 0.04571 0.03426 0.01637 0.01531 0.01789 0.01647
0.2407 2.114 3.5 2.978 3.503 1.87 0.8623 2.667 0.6679 0.3067 0.3863 0.0848 0.2145 0.2142 0.084 0.02534 0.01899 0.009073 0.008486 0.01904
0.607 4.755 10.18 4.915 3.504 4.123 2.201 1.015 3.139 0.7861 0.3609 0.4546 0.0998 0.2525 0.2521 0.09886 0.02982 0.02235 0.01068 0.0324
0.2129 4.524 8.668 5.365 2.165 1.543 1.816 0.9694 0.4469 1.382 0.3462 0.159 0.2002 0.04395 0.1112 0.111 0.04354 0.01313 0.009845 0.01897
0.0368 2.496 13 7.258 3.762 1.518 1.082 1.273 0.6797 0.3134 0.9693 0.2428 0.1115 0.1404 0.03082 0.07796 0.07786 0.03053 0.00921 0.02021
0.2491 0.4989 8.263 12.52 5.853 3.034 1.224 0.8728 1.027 0.5481 0.2527 0.7817 0.1958 0.08989 0.1132 0.02485 0.06287 0.06279 0.02462 0.02372
0.6068 2.792 1.364 6.548 8.297 3.879 2.011 0.8113 0.5785 0.6806 0.3633 0.1675 0.5181 0.1298 0.05958 0.07505 0.01647 0.04167 0.04162 0.03204
0.08755 5.95 6.691 0.9477 3.807 4.824 2.255 1.169 0.4717 0.3363 0.3957 0.2112 0.09739 0.3012 0.07544 0.03464 0.04363 0.009577 0.02423 0.04282
0.1891 0.779 12.99 4.252 0.5041 2.025 2.566 1.199 0.6217 0.2509 0.1789 0.2104 0.1123 0.05179 0.1602 0.04012 0.01842 0.0232 0.005094 0.03566
0.1047 3.619 3.63 17.64 4.837 0.5734 2.303 2.919 1.365 0.7073 0.2854 0.2035 0.2394 0.1278 0.05892 0.1823 0.04564 0.02096 0.0264 0.04636
0.5499 0.8826 7.446 2.156 8.757 2.401 0.2847 1.143 1.449 0.6774 0.3511 0.1417 0.101 0.1188 0.06344 0.02925 0.09047 0.02266 0.0104 0.03612
0.186 5.734 2.252 5.522 1.338 5.435 1.49 0.1767 0.7096 0.8992 0.4204 0.2179 0.08793 0.06269 0.07376 0.03937 0.01815 0.05615 0.01406 0.02887
0.9829 2.77 20.8 2.374 4.873 1.181 4.797 1.315 0.1559 0.6262 0.7935 0.371 0.1923 0.0776 0.05533 0.06509 0.03475 0.01602 0.04955 0.03789
0.2152 11.14 7.628 16.54 1.579 3.24 0.7853 3.189 0.8744 0.1037 0.4164 0.5276 0.2467 0.1279 0.05159 0.03679 0.04328 0.0231 0.01065 0.05814
0.3 2.466 30.99 6.127 11.11 1.06 2.175 0.5272 2.141 0.587 0.0696 0.2795 0.3542 0.1656 0.08584 0.03464 0.0247 0.02905 0.01551 0.04618
0.5238 3.106 6.208 22.52 3.72 6.744 0.6435 1.321 0.3201 1.3 0.3564 0.04226 0.1697 0.2151 0.1006 0.05212 0.02103 0.01499 0.01764 0.03746
0.2441 5.625 8.12 4.693 14.23 2.351 4.262 0.4067 0.8347 0.2023 0.8216 0.2253 0.02671 0.1073 0.1359 0.06356 0.03294 0.01329 0.009477 0.03483
0.1567 2.074 11.69 4.892 2.364 7.169 1.185 2.147 0.2049 0.4205 0.1019 0.4139 0.1135 0.01346 0.05404 0.06848 0.03202 0.0166 0.006696 0.02232
0.4808 1.794 5.818 9.553 3.346 1.617 4.904 0.8102 1.469 0.1401 0.2876 0.06971 0.2831 0.07763 0.009203 0.03696 0.04684 0.0219 0.01135 0.01985
0.3833 7.006 6.376 6.011 8.264 2.895 1.399 4.242 0.7009 1.271 0.1212 0.2488 0.06031 0.2449 0.06716 0.007962 0.03198 0.04052 0.01895 0.02699
0.3432 4.198 18.69 4.92 3.879 5.332 1.868 0.9027 2.737 0.4522 0.8198 0.07823 0.1606 0.03891 0.158 0.04333 0.005137 0.02063 0.02615 0.02964
0.3222 3.559 10.62 13.68 3.012 2.375 3.265 1.144 0.5527 1.676 0.2769 0.502 0.0479 0.09831 0.02383 0.09676 0.02653 0.003145 0.01263 0.03416
0.249 2.87 7.764 6.722 7.247 1.595 1.258 1.729 0.6057 0.2927 0.8876 0.1467 0.2659 0.02537 0.05206 0.01262 0.05125 0.01405 0.001666 0.02478
0.3165 2.37 6.715 5.296 3.84 4.14 0.9114 0.7185 0.9878 0.346 0.1672 0.5071 0.08378 0.1519 0.01449 0.02974 0.007209 0.02928 0.008027 0.01511
0.18 5.711 10.44 8.627 5.702 4.134 4.457 0.9811 0.7735 1.063 0.3725 0.18 0.5459 0.09019 0.1635 0.0156 0.03202 0.00776 0.03152 0.02491
0.6074 2.298 17.7 9.35 6.461 4.27 3.096 3.338 0.7348 0.5793 0.7964 0.279 0.1348 0.4088 0.06755 0.1225 0.01168 0.02398 0.005812 0.04226
0.1742 6.981 6.4 14.19 6.264 4.329 2.861 2.074 2.236 0.4923 0.3881 0.5336 0.1869 0.09033 0.2739 0.04525 0.08204 0.007828 0.01607 0.0322
0.8651 1.734 16.87 4.453 8.249 3.641 2.516 1.663 1.206 1.3 0.2861 0.2256 0.3101 0.1086 0.0525 0.1592 0.0263 0.04768 0.00455 0.02806
0.1525 6.693 3.281 9.233 2.037 3.774 1.666 1.151 0.7607 0.5516 0.5947 0.1309 0.1032 0.1419 0.0497 0.02402 0.07283 0.01203 0.02181 0.01492
0.7367 1.444 15.57 2.225 5.244 1.157 2.144 0.9461 0.6538 0.4321 0.3133 0.3378 0.07435 0.05862 0.08059 0.02823 0.01364 0.04137 0.006835 0.02086
0.3445 8.806 4.24 13.36 1.6 3.771 0.8322 1.541 0.6803 0.4701 0.3107 0.2253 0.2429 0.05347 0.04215 0.05795 0.0203 0.00981 0.02975 0.01992
0.2999 4.823 30.18 4.239 11.19 1.34 3.158 0.6968 1.291 0.5697 0.3937 0.2602 0.1886 0.2034 0.04477 0.0353 0.04852 0.017 0.008215 0.04159
0.1475 4.133 16.19 29.4 3.456 9.124 1.093 2.575 0.5682 1.053 0.4645 0.321 0.2122 0.1538 0.1658 0.03651 0.02878 0.03957 0.01386 0.04061
0.2241 1.888 12.83 14.52 22.04 2.591 6.839 0.8191 1.93 0.4259 0.789 0.3482 0.2406 0.159 0.1153 0.1243 0.02737 0.02158 0.02966 0.04083
0.6435 1.61 3.313 6.494 6.135 9.316 1.095 2.891 0.3462 0.8159 0.18 0.3335 0.1472 0.1017 0.06722 0.04874 0.05255 0.01157 0.009119 0.0298
0.2027 7.071 4.335 2.598 4.263 4.027 6.116 0.7189 1.898 0.2273 0.5356 0.1182 0.2189 0.09662 0.06677 0.04413 0.032 0.03449 0.007594 0.02555
