Originally  
101 
A 
2	100	
1	1	NA	NA	
1	20	
1 512.5 512.5 227.8 227.8 113.9 56.94 56.94 56.94 18.98 18.98 18.98 18.98 18.98 18.98 0 18.98 0 0 0 0
1 239.1 239.1 140.1 65.95 49.46 41.22 16.49 16.49 8.244 0 0 0 8.244 0 0 0 0 0 0 0
1 294.5 176.7 176.7 127.6 58.9 49.08 9.816 19.63 19.63 9.816 19.63 0 9.816 9.816 0 0 0 0 0 0
1 572.2 474.1 179.8 81.74 65.39 32.7 49.05 32.7 65.39 49.05 32.7 0 0 0 0 0 0 0 0 0
1 1363 219.1 267.8 24.35 170.4 73.04 97.39 97.39 24.35 24.35 24.35 0 48.7 0 0 0 0 0 0 0
1 341.8 683.6 155.4 155.4 77.69 62.15 31.07 15.54 31.07 0 0 0 0 0 0 0 0 0 0 0
1 490.8 316.7 348.3 110.8 110.8 15.83 31.67 15.83 15.83 63.33 31.67 15.83 15.83 0 0 0 0 0 0 0
1 582.2 314.7 141.6 314.7 94.41 0 0 62.94 47.21 15.74 0 0 0 0 0 0 0 0 0 0
1 312.9 584.1 333.8 83.44 333.8 125.2 104.3 41.72 20.86 62.58 20.86 0 20.86 20.86 0 0 0 20.86 0 0
1 418.3 340.8 263.4 201.4 61.97 123.9 46.47 77.46 0 0 0 15.49 0 0 0 0 0 0 0 0
1 1019 151.7 303.4 411.8 86.69 43.34 86.69 21.67 43.34 0 0 0 0 0 0 0 0 0 0 0
1 210.3 1028 350.4 70.09 303.7 93.45 46.72 140.2 70.09 23.36 0 0 0 0 0 0 0 0 0 0
1 500.1 103.5 569 120.7 86.22 137.9 34.49 0 103.5 0 34.49 17.24 17.24 0 0 0 0 0 0 0
1 177 531.1 78.68 511.4 118 118 177 39.34 98.34 59.01 19.67 19.67 0 19.67 0 0 0 0 0 0
1 605.5 59.07 265.8 14.77 310.1 73.84 29.54 44.3 14.77 14.77 29.54 0 14.77 0 0 0 0 0 0 0
1 248.8 530.7 49.75 331.7 16.58 215.6 49.75 33.17 66.34 33.17 0 16.58 49.75 16.58 0 0 0 0 0 0
1 78.9 284 473.4 126.2 157.8 63.12 173.6 110.5 31.56 47.34 0 15.78 0 0 0 0 15.78 0 0 0
1 192.5 57.74 134.7 231 38.49 125.1 19.25 96.23 19.25 9.623 9.623 0 0 19.25 9.623 0 0 0 0 0
1 175.7 185.4 58.56 107.4 165.9 29.28 58.56 9.759 126.9 29.28 0 9.759 9.759 0 9.759 0 0 0 0 0
1 699 87.37 160.2 14.56 116.5 116.5 29.12 0 14.56 87.37 43.69 29.12 43.69 0 0 14.56 0 0 0 0
1 283.1 418.6 24.62 110.8 36.93 36.93 110.8 36.93 49.24 24.62 61.55 0 24.62 0 0 0 0 0 12.31 0
1 721.2 98.99 226.3 98.99 42.42 14.14 42.42 42.42 14.14 28.28 0 56.57 0 0 0 14.14 14.14 0 0 0
1 950.7 566.4 60.69 242.7 20.23 20.23 40.46 20.23 80.91 20.23 0 0 0 0 0 0 0 0 0 0
1 1490 671.8 408.9 146.1 116.8 0 29.21 0 29.21 0 0 29.21 0 0 0 0 0 0 0 0
1 456.5 856 323.4 114.1 19.02 76.09 19.02 0 0 19.02 0 0 0 0 19.02 0 0 0 0 0
1 695.1 546.2 595.8 347.6 149 24.83 49.65 49.65 0 0 24.83 0 0 0 0 0 0 0 0 0
1 287.3 211.7 166.4 559.6 136.1 60.49 0 45.37 0 15.12 0 0 0 15.12 0 0 15.12 0 0 0
1 292.8 292.8 311.1 146.4 457.5 164.7 36.6 18.3 54.9 0 18.3 0 0 0 0 18.3 0 0 0 18.3
1 248.6 248.6 106.6 165.8 94.72 118.4 71.04 35.52 0 47.36 0 0 0 11.84 0 11.84 0 11.84 11.84 0
1 298.3 279.6 261 149.1 316.9 74.56 242.3 93.2 74.56 37.28 37.28 0 0 0 0 0 0 0 0 0
1 183.2 281.8 211.4 169.1 98.63 140.9 14.09 211.4 42.27 28.18 0 28.18 0 0 0 0 0 0 0 0
1 2289 134.7 269.3 235.7 67.34 101 33.67 0 168.3 0 0 0 67.34 0 0 0 0 0 0 0
1 220.8 1644 24.53 49.06 98.12 122.7 0 73.59 24.53 147.2 0 0 0 24.53 0 0 0 0 24.53 0
1 273.2 192.9 851.8 48.22 96.43 80.36 16.07 32.14 16.07 0 0 0 0 0 0 0 0 0 0 0
1 768.7 104.8 122.3 401.8 34.94 87.35 34.94 69.88 52.41 34.94 0 34.94 0 0 0 0 0 0 0 0
1 184.1 580.5 113.3 56.63 283.2 14.16 70.79 28.32 42.47 28.32 14.16 0 0 0 0 0 0 0 0 0
1 203.7 220.6 611 152.7 101.8 305.5 16.97 0 16.97 16.97 16.97 0 0 33.94 0 0 0 0 0 0
1 123.9 116.2 38.72 193.6 54.21 38.72 123.9 15.49 23.23 0 15.49 15.49 7.745 7.745 0 0 0 0 0 0
1 691 179.7 152 27.64 207.3 27.64 0 69.1 0 27.64 0 0 0 0 0 0 0 0 0 0
1 364.8 478.1 50.32 62.9 62.9 100.6 12.58 62.9 37.74 0 0 0 0 0 12.58 12.58 0 0 0 0
1 113.3 415.6 352.6 75.56 62.97 12.59 151.1 0 0 50.37 0 0 0 0 12.59 0 0 12.59 0 0
1 170.7 100.8 201.7 155.1 7.757 31.03 7.757 31.03 23.27 0 38.78 7.757 0 0 0 0 0 0 0 0
1 372.5 73.04 14.61 80.35 131.5 14.61 0 14.61 14.61 7.304 0 7.304 0 0 0 0 0 0 0 0
1 615.4 400.7 28.62 71.56 114.5 71.56 14.31 0 14.31 71.56 0 0 0 0 0 0 0 0 0 28.62
1 229.7 502.4 287.1 100.5 57.42 114.8 57.42 0 0 14.35 28.71 14.35 0 0 0 0 14.35 0 0 14.35
1 692.3 51.28 307.7 166.7 12.82 12.82 12.82 12.82 0 0 0 12.82 0 0 0 0 0 0 0 0
1 560.7 560.7 237.9 152.9 84.96 0 16.99 16.99 33.98 16.99 0 16.99 0 0 0 0 0 0 0 0
1 234 203.5 305.3 91.58 61.06 61.06 0 20.35 10.18 10.18 0 0 0 0 0 0 20.35 0 0 0
1 450.3 118.5 165.9 225.2 59.25 71.1 11.85 23.7 11.85 11.85 11.85 0 11.85 0 11.85 0 0 0 0 0
1 238.8 303.1 82.66 82.66 91.84 27.55 36.74 27.55 18.37 0 9.184 0 0 0 0 0 0 0 0 0
1 900.8 411.2 274.2 97.91 58.75 97.91 19.58 0 39.16 39.16 0 19.58 0 0 0 0 0 0 0 0
1 900.3 342.1 162.1 126 36.01 54.02 90.03 0 72.03 18.01 0 0 0 0 0 0 0 0 0 0
1 685.4 628.3 285.6 95.19 76.15 0 76.15 19.04 0 19.04 19.04 0 0 0 0 0 0 0 0 0
1 246.5 672.3 806.7 156.9 112 112 22.41 44.82 44.82 22.41 0 0 0 0 0 0 0 0 0 0
1 661 255.9 469.1 469.1 170.6 42.65 63.97 0 0 0 0 0 0 0 0 0 0 0 0 0
1 370.1 434.5 112.6 241.4 289.6 80.46 48.27 0 16.09 16.09 0 0 0 0 0 0 0 0 0 0
1 291.6 160.4 393.7 72.91 189.6 204.1 87.49 43.74 14.58 0 0 0 0 0 0 0 0 0 0 0
1 1887 496.5 297.9 264.8 99.3 66.2 165.5 0 0 33.1 0 0 0 0 0 0 0 0 0 0
1 204 897.5 306 244.8 183.6 0 20.4 61.19 81.59 20.4 20.4 0 0 0 0 0 0 0 0 0
1 431 184.7 492.6 107.8 61.57 107.8 15.39 46.18 46.18 46.18 0 0 0 0 0 0 0 0 0 0
1 484.9 267.5 167.2 451.4 16.72 50.16 83.6 16.72 50.16 16.72 16.72 33.44 0 0 16.72 0 0 0 0 0
1 292.1 365.1 146 116.8 350.5 43.81 58.42 14.6 14.6 29.21 29.21 0 0 0 0 0 0 0 0 0
1 339 176.9 412.7 117.9 73.7 206.4 73.7 29.48 14.74 0 14.74 14.74 0 0 0 0 0 0 0 0
1 470.1 403 251.9 184.7 100.7 50.37 117.5 16.79 16.79 50.37 0 16.79 0 0 0 0 0 0 0 0
1 646.1 488.9 192.1 87.31 87.31 34.92 34.92 139.7 17.46 0 0 0 17.46 0 0 0 0 0 0 0
1 796.5 463.1 203.7 129.7 55.57 55.57 37.04 0 74.09 18.52 0 0 0 18.52 0 0 0 0 0 0
1 456 437.8 291.8 328.3 109.4 18.24 72.96 0 0 36.48 18.24 18.24 0 0 18.24 18.24 0 0 0 0
1 67.7 365.6 446.8 121.9 108.3 40.62 40.62 54.16 13.54 0 27.08 27.08 0 0 0 27.08 0 0 13.54 0
1 527.9 36.83 147.3 184.2 122.8 98.22 12.28 36.83 49.11 0 0 12.28 0 0 0 0 0 0 0 0
1 1124 290 18.12 72.49 90.61 126.9 0 0 54.37 18.12 18.12 0 0 0 0 0 0 0 0 0
1 118.3 1045 315.3 39.42 59.13 216.8 118.3 19.71 19.71 0 0 0 0 19.71 0 0 0 0 0 0
1 266.5 133.2 460.3 121.1 36.34 60.57 48.45 36.34 12.11 0 12.11 24.23 0 0 0 0 0 0 0 0
1 222.9 520.1 74.3 520.1 44.58 0 59.44 29.72 14.86 0 0 0 0 0 0 0 0 0 0 0
1 1296 102.8 205.7 20.57 205.7 102.8 20.57 20.57 20.57 20.57 0 0 0 20.57 20.57 0 0 0 0 0
1 343.9 442.1 85.97 135.1 49.12 98.25 36.84 12.28 12.28 0 0 0 0 0 0 12.28 0 0 0 0
1 1095 113.3 377.7 37.77 151.1 0 75.54 18.88 0 0 18.88 0 0 0 0 0 0 0 0 0
1 259.6 848 225 207.7 34.61 17.31 51.92 34.61 34.61 0 0 0 17.31 0 0 0 0 0 0 0
1 237.4 144.5 381.9 92.9 92.9 0 20.64 0 30.97 30.97 0 0 0 0 0 0 0 0 0 0
1 712.4 213.7 106.9 516.5 53.43 124.7 0 17.81 0 35.62 0 0 0 0 0 0 0 0 0 0
1 224.6 399.3 124.8 87.36 249.6 24.96 74.88 12.48 12.48 12.48 12.48 0 12.48 0 0 0 0 0 0 0
1 329.2 315.5 315.5 137.2 68.58 123.4 27.43 13.72 13.72 27.43 0 0 0 0 0 0 0 0 0 0
1 828.7 234.2 180.2 288.3 72.06 36.03 126.1 18.02 18.02 0 0 0 0 0 0 0 0 0 0 0
1 515.8 764.1 133.7 76.41 191 57.31 19.1 76.41 38.21 19.1 0 19.1 0 0 0 0 0 0 0 0
1 493.9 268.1 324.5 98.77 70.55 84.66 14.11 0 42.33 0 14.11 0 0 0 0 0 0 0 0 0
1 442.4 335.6 152.5 289.8 15.25 76.27 106.8 0 45.76 15.25 15.25 15.25 0 0 0 15.25 0 0 0 0
1 462.8 383 239.4 127.7 239.4 79.79 0 31.92 0 0 31.92 0 0 0 0 0 0 0 0 0
1 594.7 326.1 287.8 230.2 153.5 134.3 57.55 19.18 57.55 19.18 0 38.37 0 0 0 0 0 0 0 0
1 244.3 610.7 226.8 209.4 104.7 122.1 157 17.45 0 0 17.45 17.45 17.45 0 0 0 0 0 0 0
1 901.3 180.3 360.5 220.3 60.08 100.1 60.08 80.11 40.06 0 0 0 0 0 0 0 0 0 0 0
1 277.2 539 123.2 231 154 92.4 46.2 0 46.2 0 15.4 0 0 0 15.4 0 0 0 0 0
1 1500 206.9 336.3 77.6 155.2 129.3 51.73 51.73 0 25.87 0 0 0 25.87 0 0 0 25.87 0 0
1 252.5 493 84.16 180.3 36.07 84.16 12.02 24.05 0 24.05 12.02 0 0 0 0 0 0 0 0 0
1 2162 403 549.6 36.64 256.5 73.28 109.9 36.64 36.64 0 0 0 0 0 0 0 0 0 0 0
1 752.2 1003 75.22 351 50.14 75.22 25.07 50.14 50.14 25.07 25.07 0 0 0 0 0 25.07 0 0 0
1 446.3 573.8 743.8 21.25 233.8 0 21.25 42.5 21.25 0 21.25 0 0 0 0 0 0 0 0 0
1 93.12 372.5 260.7 614.6 55.87 298 37.25 74.49 0 37.25 0 18.62 0 0 0 0 0 0 0 0
1 268.6 127.9 230.2 217.4 294.2 0 89.53 0 12.79 0 12.79 12.79 0 0 0 0 12.79 0 0 0
1 1042 130.3 93.08 111.7 167.5 186.2 0 37.23 0 37.23 18.62 37.23 0 0 0 0 0 0 0 0
1 279.1 675.7 132.2 73.45 29.38 102.8 102.8 29.38 14.69 0 0 14.69 0 0 0 14.69 0 0 0 0
