 landings-at-age - landings.n (units : NA )
1	2	
2	100	
1	20	
1 
0.02659 0.2984 0.8352 0.6934 0.4839 0.3377 0.2357 0.1644 0.1148 0.08008 0.05589 0.039 0.02722 0.01899 0.01325 0.009249 0.006454 0.004504 0.003143 0.007259
0.01157 0.05216 0.1462 0.1214 0.08475 0.05914 0.04127 0.0288 0.0201 0.01403 0.009787 0.00683 0.004766 0.003326 0.002321 0.00162 0.00113 0.0007888 0.0005504 0.001271
0.005552 0.1299 0.1464 0.1219 0.08515 0.05942 0.04147 0.02894 0.02019 0.01409 0.009834 0.006862 0.004789 0.003342 0.002332 0.001627 0.001136 0.0007925 0.000553 0.001277
0.002086 0.06233 0.3646 0.122 0.08549 0.0597 0.04166 0.02907 0.02029 0.01416 0.00988 0.006895 0.004811 0.003358 0.002343 0.001635 0.001141 0.0007963 0.0005557 0.001283
0.001423 0.02342 0.1749 0.304 0.08557 0.05994 0.04186 0.02921 0.02038 0.01423 0.009927 0.006927 0.004834 0.003374 0.002354 0.001643 0.001146 8e-04 0.0005583 0.001289
0.01247 0.01598 0.06572 0.1459 0.2132 0.06 0.04203 0.02935 0.02048 0.01429 0.009974 0.00696 0.004857 0.00339 0.002365 0.001651 0.001152 0.0008038 0.0005609 0.001295
0.005492 0.1401 0.04483 0.05481 0.1023 0.1495 0.04207 0.02947 0.02058 0.01436 0.01002 0.006993 0.00488 0.003406 0.002377 0.001658 0.001157 0.0008076 0.0005636 0.001302
0.008367 0.06167 0.393 0.03739 0.03843 0.0717 0.1048 0.0295 0.02066 0.01443 0.01007 0.007026 0.004903 0.003422 0.002388 0.001666 0.001163 0.0008114 0.0005663 0.001308
0.008597 0.09395 0.173 0.3277 0.02621 0.02694 0.05027 0.07348 0.02068 0.01449 0.01012 0.00706 0.004926 0.003438 0.002399 0.001674 0.001168 0.0008153 0.0005689 0.001314
0.007284 0.09653 0.2636 0.1443 0.2298 0.01838 0.01889 0.03525 0.05152 0.0145 0.01016 0.007093 0.00495 0.003454 0.00241 0.001682 0.001174 0.0008191 0.0005716 0.00132
0.01008 0.08178 0.2709 0.2198 0.1012 0.1611 0.01289 0.01325 0.02471 0.03612 0.01017 0.007121 0.004973 0.003471 0.002422 0.00169 0.001179 0.000823 0.0005743 0.001326
0.006403 0.1132 0.2295 0.2259 0.1541 0.07094 0.113 0.009035 0.009287 0.01733 0.02533 0.007128 0.004993 0.003487 0.002433 0.001698 0.001185 0.0008269 0.0005771 0.001333
0.003085 0.07189 0.3176 0.1914 0.1584 0.1081 0.04974 0.0792 0.006335 0.006511 0.01215 0.01776 0.004998 0.003501 0.002445 0.001706 0.001191 0.0008308 0.0005798 0.001339
0.006257 0.03464 0.2017 0.2648 0.1342 0.111 0.07577 0.03487 0.05553 0.004442 0.004565 0.008519 0.01245 0.003504 0.002455 0.001714 0.001196 0.0008348 0.0005825 0.001345
0.002835 0.07026 0.09719 0.1682 0.1857 0.09407 0.07785 0.05313 0.02445 0.03894 0.003114 0.003201 0.005973 0.008729 0.002457 0.001721 0.001202 0.0008387 0.0005853 0.001352
0.004482 0.03183 0.1971 0.08104 0.1179 0.1302 0.06596 0.05458 0.03725 0.01714 0.0273 0.002184 0.002244 0.004188 0.006121 0.001723 0.001207 0.0008427 0.0005881 0.001358
0.002454 0.05032 0.08931 0.1644 0.05682 0.08269 0.09128 0.04625 0.03827 0.02612 0.01202 0.01914 0.001531 0.001574 0.002936 0.004291 0.001208 0.000846 0.0005908 0.001365
0.002843 0.02756 0.1412 0.07447 0.1153 0.03984 0.05798 0.064 0.03243 0.02683 0.01831 0.008428 0.01342 0.001073 0.001103 0.002059 0.003009 0.0008469 0.0005932 0.001371
0.007106 0.03192 0.07733 0.1177 0.05222 0.08082 0.02793 0.04065 0.04488 0.02274 0.01881 0.01284 0.005909 0.00941 0.0007526 0.0007736 0.001443 0.00211 0.0005938 0.001377
0.001691 0.07979 0.08957 0.06449 0.08255 0.03661 0.05666 0.01959 0.0285 0.03146 0.01594 0.01319 0.009002 0.004143 0.006597 0.0005277 0.0005424 0.001012 0.001479 0.001382
0.005392 0.01898 0.2239 0.07469 0.04521 0.05788 0.02567 0.03973 0.01373 0.01999 0.02206 0.01118 0.009249 0.006312 0.002905 0.004626 0.00037 0.0003803 0.0007096 0.002006
0.004107 0.06054 0.05327 0.1867 0.05237 0.0317 0.04058 0.018 0.02786 0.009629 0.01401 0.01547 0.007836 0.006485 0.004426 0.002037 0.003243 0.0002594 0.0002666 0.001904
0.007808 0.04611 0.1699 0.04442 0.1309 0.03672 0.02223 0.02845 0.01262 0.01953 0.006751 0.009825 0.01085 0.005494 0.004547 0.003103 0.001428 0.002274 0.0001819 0.001522
0.01319 0.08767 0.1294 0.1417 0.03114 0.09178 0.02574 0.01558 0.01995 0.008848 0.01369 0.004733 0.006889 0.007604 0.003852 0.003188 0.002176 0.001001 0.001594 0.001195
0.00235 0.1481 0.246 0.1079 0.09932 0.02184 0.06435 0.01805 0.01093 0.01399 0.006204 0.009601 0.003319 0.00483 0.005332 0.002701 0.002235 0.001525 0.000702 0.001956
0.008173 0.02639 0.4155 0.2051 0.07565 0.06964 0.01531 0.04512 0.01266 0.007661 0.009808 0.00435 0.006732 0.002327 0.003386 0.003738 0.001894 0.001567 0.00107 0.001863
0.004578 0.09177 0.07404 0.3464 0.1438 0.05304 0.04883 0.01073 0.03164 0.008874 0.005372 0.006877 0.00305 0.00472 0.001632 0.002374 0.002621 0.001328 0.001099 0.002056
0.01042 0.05141 0.2575 0.06174 0.2429 0.1008 0.03719 0.03424 0.007526 0.02218 0.006222 0.003766 0.004822 0.002138 0.003309 0.001144 0.001665 0.001838 0.000931 0.002212
0.004108 0.117 0.1442 0.2147 0.04329 0.1703 0.07071 0.02608 0.024 0.005277 0.01555 0.004362 0.002641 0.003381 0.001499 0.00232 0.0008021 0.001167 0.001288 0.002204
0.004504 0.04613 0.3282 0.1203 0.1506 0.03035 0.1194 0.04958 0.01828 0.01683 0.0037 0.0109 0.003059 0.001852 0.00237 0.001051 0.001627 0.0005624 0.0008184 0.002449
0.002571 0.05057 0.1294 0.2737 0.08433 0.1056 0.02128 0.08373 0.03476 0.01282 0.0118 0.002594 0.007645 0.002144 0.001298 0.001662 0.000737 0.001141 0.0003943 0.002291
0.005851 0.02887 0.1419 0.1079 0.1919 0.05913 0.07401 0.01492 0.0587 0.02437 0.008988 0.008274 0.001819 0.00536 0.001504 0.0009102 0.001165 0.0005168 0.0007998 0.001883
0.006599 0.06569 0.08102 0.1183 0.07567 0.1345 0.04146 0.05189 0.01046 0.04116 0.01709 0.006302 0.005801 0.001275 0.003758 0.001054 0.0006382 0.000817 0.0003623 0.001881
0.006918 0.07409 0.1843 0.06756 0.08297 0.05306 0.09433 0.02907 0.03638 0.007335 0.02886 0.01198 0.004419 0.004067 0.0008942 0.002635 0.0007392 0.0004475 0.0005728 0.001573
0.004144 0.07768 0.2079 0.1537 0.04737 0.05817 0.0372 0.06614 0.02038 0.02551 0.005143 0.02023 0.0084 0.003098 0.002852 0.0006269 0.001848 0.0005183 0.0003137 0.001504
0.005561 0.04653 0.218 0.1734 0.1078 0.03321 0.04079 0.02608 0.04637 0.01429 0.01789 0.003606 0.01419 0.00589 0.002172 0.002 0.0004396 0.001295 0.0003634 0.001275
0.004283 0.06244 0.1305 0.1818 0.1216 0.07556 0.02329 0.0286 0.01829 0.03251 0.01002 0.01254 0.002528 0.009947 0.00413 0.001523 0.001402 0.0003082 0.0009083 0.001149
0.003749 0.04809 0.1752 0.1089 0.1274 0.08523 0.05298 0.01633 0.02005 0.01282 0.0228 0.007025 0.008793 0.001773 0.006974 0.002895 0.001068 0.000983 0.0002161 0.001442
0.005027 0.04209 0.135 0.1461 0.07633 0.08935 0.05976 0.03715 0.01145 0.01406 0.00899 0.01598 0.004926 0.006165 0.001243 0.00489 0.00203 0.0007487 0.0006892 0.001163
0.003775 0.05644 0.1181 0.1125 0.1024 0.05352 0.06265 0.0419 0.02605 0.008026 0.009857 0.006304 0.01121 0.003454 0.004323 0.0008715 0.003429 0.001423 0.000525 0.001298
0.008282 0.04239 0.1584 0.09849 0.0789 0.07182 0.03752 0.04393 0.02938 0.01826 0.005628 0.006911 0.00442 0.007858 0.002421 0.003031 0.000611 0.002404 0.000998 0.001278
9.221e-08 1.064e-06 1.362e-06 1.512e-06 7.908e-07 6.335e-07 5.766e-07 3.013e-07 3.527e-07 2.358e-07 1.466e-07 4.518e-08 5.549e-08 3.548e-08 6.309e-08 1.944e-08 2.433e-08 4.906e-09 1.93e-08 1.828e-08
0.0906 1.336 3.838 1.458 1.362 0.7121 0.5704 0.5192 0.2713 0.3176 0.2124 0.132 0.04069 0.04997 0.03195 0.05681 0.01751 0.02191 0.004418 0.03384
0.08185 2.029 7.401 6.277 2.003 1.87 0.978 0.7835 0.7132 0.3726 0.4362 0.2917 0.1813 0.05588 0.06863 0.04389 0.07803 0.02404 0.0301 0.05254
0.0988 1.372 8.367 8.956 6.372 2.033 1.899 0.9928 0.7953 0.7239 0.3782 0.4428 0.2961 0.1841 0.05672 0.06966 0.04455 0.0792 0.02441 0.08388
0.09503 1.47 4.994 8.88 7.962 5.665 1.808 1.688 0.8826 0.707 0.6436 0.3362 0.3936 0.2632 0.1636 0.05043 0.06193 0.0396 0.07041 0.09627
0.3845 1.324 4.978 4.902 7.292 6.539 4.652 1.485 1.386 0.7248 0.5807 0.5285 0.2761 0.3233 0.2162 0.1344 0.04142 0.05086 0.03253 0.1369
1.501 5.133 4.271 4.628 3.808 5.665 5.08 3.614 1.153 1.077 0.5631 0.4511 0.4106 0.2145 0.2511 0.1679 0.1044 0.03217 0.03951 0.1316
0.2709 19.46 15.98 3.809 3.444 2.834 4.216 3.78 2.689 0.8583 0.8014 0.419 0.3357 0.3056 0.1596 0.1869 0.125 0.0777 0.02394 0.1273
1.267 3.434 58.92 13.78 2.736 2.474 2.036 3.028 2.716 1.932 0.6165 0.5756 0.301 0.2411 0.2195 0.1147 0.1342 0.08978 0.05581 0.1087
1.881 15.78 10.16 49.31 9.598 1.906 1.724 1.418 2.11 1.892 1.346 0.4296 0.4011 0.2097 0.168 0.1529 0.0799 0.09353 0.06255 0.1146
0.3186 23.11 45.77 8.287 33.44 6.508 1.292 1.169 0.9616 1.431 1.283 0.9126 0.2913 0.2719 0.1422 0.1139 0.1037 0.05417 0.06342 0.1201
0.4001 3.87 65.88 36.47 5.481 22.12 4.304 0.8549 0.7731 0.636 0.9463 0.8485 0.6036 0.1926 0.1799 0.09405 0.07534 0.06858 0.03583 0.1214
0.2952 4.811 10.86 51.35 23.57 3.543 14.29 2.782 0.5525 0.4997 0.4111 0.6116 0.5484 0.3902 0.1245 0.1163 0.06079 0.0487 0.04433 0.1016
0.9518 3.519 13.31 8.293 32.48 14.91 2.241 9.04 1.759 0.3494 0.316 0.26 0.3868 0.3468 0.2467 0.07875 0.07352 0.03845 0.0308 0.0923
1.576 11.26 9.607 9.968 5.137 20.12 9.234 1.388 5.6 1.09 0.2165 0.1958 0.1611 0.2396 0.2149 0.1529 0.04878 0.04555 0.02382 0.07626
0.8809 18.53 30.37 7.064 6.053 3.12 12.22 5.607 0.8429 3.401 0.6619 0.1315 0.1189 0.09781 0.1455 0.1305 0.09283 0.02962 0.02766 0.06078
1.333 10.29 49.37 21.93 4.208 3.606 1.858 7.278 3.34 0.5021 2.026 0.3943 0.07831 0.07082 0.05827 0.08668 0.07773 0.0553 0.01765 0.05268
1.1 15.49 27.12 35.04 12.82 2.46 2.108 1.087 4.256 1.953 0.2936 1.185 0.2305 0.04579 0.04141 0.03407 0.05068 0.04545 0.03233 0.04112
0.8382 12.72 40.37 18.93 20.12 7.362 1.413 1.211 0.6239 2.443 1.121 0.1686 0.6801 0.1324 0.02629 0.02377 0.01956 0.0291 0.02609 0.04217
3.332 9.646 32.82 27.71 10.67 11.35 4.152 0.7966 0.6827 0.3518 1.378 0.6324 0.09506 0.3836 0.07465 0.01483 0.01341 0.01103 0.01641 0.0385
0.5752 36.33 23.54 21.2 14.69 5.657 6.013 2.2 0.4222 0.3618 0.1865 0.7302 0.3351 0.05038 0.2033 0.03956 0.007857 0.007105 0.005846 0.0291
2.168 6.271 88.64 15.2 11.23 7.782 2.998 3.187 1.166 0.2237 0.1917 0.09881 0.387 0.1776 0.0267 0.1077 0.02096 0.004164 0.003765 0.01852
0.3814 23.64 15.3 57.25 8.056 5.954 4.124 1.589 1.689 0.6179 0.1186 0.1016 0.05236 0.2051 0.09412 0.01415 0.05708 0.01111 0.002207 0.01181
0.5778 4.159 57.67 9.884 30.34 4.269 3.155 2.186 0.8418 0.8949 0.3275 0.06283 0.05384 0.02775 0.1087 0.04988 0.007498 0.03025 0.005888 0.007428
2.502 6.3 10.15 37.25 5.238 16.08 2.263 1.672 1.158 0.4461 0.4743 0.1735 0.0333 0.02853 0.01471 0.05759 0.02643 0.003973 0.01603 0.007056
1.112 27.27 15.37 6.554 19.74 2.776 8.521 1.199 0.8861 0.6138 0.2364 0.2513 0.09196 0.01764 0.01512 0.007793 0.03052 0.01401 0.002106 0.01224
1.198 12.12 66.54 9.928 3.473 10.46 1.471 4.516 0.6354 0.4696 0.3253 0.1253 0.1332 0.04874 0.009351 0.008013 0.00413 0.01617 0.007423 0.0076
1.939 13.06 29.58 42.98 5.261 1.841 5.544 0.7795 2.393 0.3367 0.2488 0.1724 0.0664 0.07058 0.02583 0.004955 0.004247 0.002189 0.008571 0.007961
2.105 21.13 31.88 19.11 22.78 2.788 0.9754 2.938 0.4131 1.268 0.1784 0.1319 0.09135 0.03519 0.0374 0.01369 0.002626 0.00225 0.00116 0.008761
1.185 22.94 51.56 20.59 10.13 12.07 1.478 0.5169 1.557 0.2189 0.672 0.09456 0.06988 0.04841 0.01865 0.01982 0.007253 0.001392 0.001193 0.005258
0.6959 12.92 55.98 33.31 10.91 5.366 6.396 0.783 0.2739 0.8251 0.116 0.3561 0.05011 0.03703 0.02565 0.009881 0.0105 0.003844 0.0007375 0.003418
1.19 7.586 31.51 36.16 17.65 5.782 2.844 3.39 0.415 0.1452 0.4372 0.06148 0.1887 0.02656 0.01963 0.01359 0.005237 0.005567 0.002037 0.002202
0.9724 12.98 18.51 20.36 19.16 9.354 3.064 1.507 1.796 0.2199 0.07693 0.2317 0.03258 0.1 0.01407 0.0104 0.007204 0.002775 0.00295 0.002247
1.33 10.6 31.67 11.96 10.79 10.15 4.957 1.624 0.7986 0.952 0.1165 0.04077 0.1228 0.01727 0.053 0.007458 0.005512 0.003818 0.001471 0.002754
1.019 14.5 25.87 20.45 6.336 5.717 5.381 2.627 0.8606 0.4232 0.5045 0.06176 0.0216 0.06507 0.00915 0.02809 0.003952 0.002921 0.002023 0.002239
1.835 11.1 35.39 16.71 10.84 3.358 3.029 2.852 1.392 0.456 0.2243 0.2673 0.03273 0.01145 0.03448 0.004849 0.01488 0.002095 0.001548 0.002259
1.089 20.01 27.09 22.86 8.854 5.744 1.779 1.605 1.511 0.7377 0.2417 0.1189 0.1417 0.01734 0.006067 0.01827 0.00257 0.007888 0.00111 0.002017
0.5586 11.87 48.82 17.5 12.11 4.692 3.044 0.943 0.8508 0.8009 0.3909 0.1281 0.06299 0.07508 0.009191 0.003215 0.009684 0.001362 0.00418 0.001657
1.394 6.09 28.97 31.53 9.274 6.42 2.486 1.613 0.4997 0.4509 0.4244 0.2072 0.06787 0.03338 0.03979 0.004871 0.001704 0.005132 0.0007216 0.003094
1.732 14.83 14.53 18.31 16.35 4.809 3.329 1.289 0.8366 0.2591 0.2338 0.2201 0.1074 0.0352 0.01731 0.02063 0.002526 0.0008836 0.002661 0.001979
1.562 18.44 35.5 9.237 9.555 8.533 2.51 1.737 0.6729 0.4365 0.1352 0.122 0.1149 0.05606 0.01837 0.009033 0.01077 0.001318 0.0004611 0.002421
1.948 16.62 44.24 22.69 4.85 5.017 4.481 1.318 0.9122 0.3533 0.2292 0.071 0.06406 0.06031 0.02944 0.009644 0.004743 0.005654 0.0006921 0.001513
0.3944 20.74 39.99 28.43 11.99 2.563 2.651 2.367 0.6962 0.4819 0.1867 0.1211 0.03751 0.03385 0.03186 0.01555 0.005095 0.002506 0.002987 0.001165
1.127 4.198 50.02 25.85 15.12 6.373 1.362 1.409 1.258 0.3701 0.2562 0.09923 0.06438 0.01994 0.01799 0.01694 0.008268 0.002709 0.001332 0.002207
1.389 12 10.15 32.51 13.82 8.084 3.408 0.7286 0.7536 0.673 0.1979 0.137 0.05307 0.03443 0.01067 0.009623 0.009058 0.004422 0.001449 0.001893
1.97 14.78 29.09 6.635 17.49 7.439 4.35 1.834 0.392 0.4055 0.3621 0.1065 0.07373 0.02855 0.01853 0.005739 0.005178 0.004874 0.002379 0.001798
0.3118 20.97 35.93 19.11 3.591 9.469 4.027 2.355 0.9928 0.2122 0.2195 0.196 0.05765 0.03991 0.01546 0.01003 0.003106 0.002803 0.002638 0.002261
1.198 3.317 51.1 23.73 10.41 1.956 5.156 2.193 1.282 0.5406 0.1156 0.1195 0.1067 0.03139 0.02173 0.008417 0.005461 0.001692 0.001526 0.002668
0.6746 12.74 8.105 33.93 13 5.701 1.071 2.824 1.201 0.7023 0.2961 0.0633 0.06547 0.05847 0.0172 0.0119 0.004611 0.002991 0.0009266 0.002298
1.223 7.173 31.19 5.409 18.69 7.162 3.141 0.5902 1.556 0.6617 0.387 0.1631 0.03487 0.03607 0.03222 0.009475 0.006559 0.00254 0.001648 0.001776
0.9245 13 17.61 20.93 2.997 10.36 3.969 1.74 0.3271 0.8623 0.3667 0.2144 0.09041 0.01932 0.01999 0.01785 0.00525 0.003634 0.001408 0.001898
0.7477 9.821 31.98 11.87 11.66 1.67 5.772 2.212 0.9699 0.1823 0.4805 0.2043 0.1195 0.05038 0.01077 0.01114 0.009948 0.002926 0.002025 0.001842
1.745 7.939 24.21 21.67 6.653 6.535 0.9361 3.235 1.239 0.5436 0.1021 0.2693 0.1145 0.06697 0.02823 0.006035 0.006243 0.005575 0.00164 0.002167
0.575 18.52 19.61 16.49 12.21 3.749 3.682 0.5275 1.823 0.6984 0.3063 0.05756 0.1517 0.06453 0.03774 0.01591 0.003401 0.003518 0.003142 0.002145
0.7352 6.096 45.83 13.42 9.339 6.917 2.124 2.086 0.2988 1.033 0.3957 0.1735 0.03261 0.08597 0.03656 0.02138 0.009013 0.001927 0.001993 0.002995
0.6186 7.788 15.12 31.5 7.641 5.319 3.939 1.21 1.188 0.1702 0.5881 0.2253 0.09882 0.01857 0.04896 0.02082 0.01218 0.005133 0.001097 0.002841
0.5286 6.546 19.34 10.44 18.03 4.374 3.045 2.255 0.6924 0.6802 0.09743 0.3367 0.129 0.05657 0.01063 0.02803 0.01192 0.00697 0.002939 0.002254
0.1739 5.588 16.28 13.41 6.004 10.37 2.516 1.752 1.297 0.3983 0.3913 0.05605 0.1937 0.07421 0.03255 0.006116 0.01612 0.006857 0.00401 0.002987
