Originally  
101 
A 
2	100	
1	1	NA	NA	
1	20	
1 401 320.8 304.7 224.5 112.3 80.19 32.08 64.15 16.04 32.08 0 0 0 0 0 0 0 0 0 16.04
1 509.9 361.9 246.7 115.1 115.1 82.25 32.9 49.35 32.9 0 32.9 32.9 0 16.45 16.45 0 0 0 0 0
1 268.5 290.9 179 67.13 78.32 100.7 22.38 22.38 22.38 11.19 22.38 33.57 0 0 0 0 0 0 0 0
1 524.1 180.2 245.7 131 212.9 114.7 32.76 49.14 114.7 0 0 16.38 0 0 0 0 0 0 16.38 0
1 322.6 172.8 115.2 184.3 103.7 103.7 92.16 11.52 0 23.04 11.52 0 11.52 0 0 0 0 0 0 0
1 751.9 182.3 319 273.4 341.8 136.7 68.36 91.14 22.79 22.79 45.57 0 0 22.79 0 0 0 0 0 0
1 365.7 243.8 121.9 158.5 97.51 85.32 48.75 24.38 12.19 12.19 12.19 0 0 0 12.19 0 0 12.19 12.19 0
1 339.5 123.5 174.9 82.3 154.3 41.15 51.44 20.58 10.29 10.29 0 20.58 0 0 0 0 0 0 0 0
1 354.3 455.5 253.1 269.9 118.1 33.74 84.36 67.49 16.87 0 0 16.87 16.87 0 0 0 0 0 0 0
1 242.8 212.4 131.5 121.4 80.92 60.69 60.69 20.23 40.46 0 10.11 20.23 0 10.11 0 0 0 0 0 0
1 560.2 215.4 215.4 86.18 114.9 57.45 43.09 57.45 0 43.09 14.36 28.73 0 0 0 0 0 0 0 0
1 301 327.1 209.4 117.8 78.51 91.6 39.26 52.34 52.34 13.09 13.09 0 0 0 0 0 0 13.09 0 0
1 243.6 158.8 211.8 95.31 169.4 21.18 10.59 52.95 42.36 0 10.59 21.18 0 0 10.59 0 0 10.59 0 0
1 447.4 144.8 184.2 263.2 65.8 92.12 13.16 26.32 26.32 26.32 0 13.16 13.16 0 0 0 0 0 0 0
1 296.8 285.4 114.2 137 79.92 68.5 11.42 79.92 11.42 11.42 0 22.83 22.83 0 0 0 0 0 0 0
1 470.4 253.3 168.9 72.37 24.12 108.6 24.12 24.12 24.12 12.06 0 24.12 0 0 0 0 0 0 0 0
1 335.8 291 134.3 123.1 55.97 67.16 44.78 22.39 0 0 0 22.39 22.39 0 0 0 0 0 0 0
1 183.5 342.5 256.9 159 61.16 73.39 48.93 36.69 12.23 24.46 0 0 12.23 0 0 0 0 0 0 12.23
1 230.2 297.4 153.5 115.1 38.37 47.97 9.593 0 0 9.593 9.593 9.593 19.19 0 9.593 0 0 0 9.593 0
1 246.2 186.7 101.9 84.89 76.4 42.44 50.93 25.47 8.489 16.98 0 0 0 8.489 0 0 0 0 0 0
1 488 237.4 197.8 105.5 79.13 79.13 13.19 26.38 13.19 13.19 0 13.19 0 26.38 0 13.19 0 13.19 0 0
1 787.9 342.6 239.8 51.38 85.64 68.51 68.51 34.26 34.26 0 0 0 0 0 0 0 0 0 0 0
1 233 279.6 102.5 55.91 37.27 55.91 83.87 27.96 9.319 27.96 0 9.319 9.319 0 0 0 0 0 0 0
1 787.9 238.2 274.8 238.2 73.29 91.62 54.97 0 36.65 36.65 0 0 0 0 0 0 0 0 0 0
1 266.2 350.9 145.2 108.9 121 24.2 24.2 24.2 60.5 24.2 12.1 24.2 12.1 0 12.1 0 0 0 0 0
1 440.8 182.4 410.4 91.21 152 60.8 45.6 60.8 15.2 30.4 0 0 15.2 0 15.2 0 0 0 0 0
1 227.8 208.8 66.43 142.3 75.92 104.4 56.94 9.49 37.96 9.49 0 9.49 0 0 0 0 0 0 0 0
1 490.3 214.5 229.8 168.5 137.9 76.6 15.32 91.92 15.32 15.32 0 45.96 15.32 15.32 0 0 0 0 0 0
1 399.4 249.6 124.8 124.8 112.3 74.88 62.4 24.96 37.44 12.48 24.96 0 0 0 0 0 0 0 0 0
1 318.7 449 217.3 101.4 101.4 57.94 72.43 43.46 0 14.49 14.49 0 14.49 0 0 0 43.46 0 0 0
1 612.5 306.3 177.3 112.8 96.72 96.72 32.24 16.12 64.48 48.36 16.12 0 0 32.24 0 0 0 0 0 0
1 690.4 548.3 223.4 284.3 40.61 40.61 81.23 60.92 20.31 0 20.31 20.31 0 0 0 0 0 0 0 0
1 268.7 571 319.1 134.3 117.6 83.97 33.59 16.79 33.59 16.79 50.38 16.79 16.79 0 0 0 0 0 0 0
1 467.3 200.3 253.7 173.6 40.06 26.7 53.41 40.06 0 0 13.35 13.35 13.35 13.35 13.35 0 13.35 0 0 0
1 463.9 238.6 79.52 198.8 106 39.76 92.78 26.51 13.25 26.51 0 13.25 0 0 26.51 0 0 0 0 0
1 364.9 264.2 138.4 113.2 100.7 138.4 37.75 12.58 25.17 12.58 12.58 0 12.58 0 12.58 0 12.58 0 0 0
1 518.1 321.6 160.8 160.8 125.1 160.8 125.1 53.6 53.6 35.73 0 35.73 17.87 0 0 0 0 0 0 17.87
1 283.7 251 65.47 163.7 76.39 21.82 65.47 76.39 10.91 10.91 21.82 10.91 10.91 10.91 0 0 10.91 0 0 0
1 596.3 152.9 275.2 183.5 122.3 30.58 15.29 30.58 76.45 0 45.87 0 0 0 0 0 0 0 0 0
1 422.1 307 268.6 191.8 25.58 12.79 12.79 0 25.58 0 0 0 0 0 12.79 0 0 0 0 0
1 228.4 283.2 173.6 54.82 45.68 27.41 18.27 27.41 18.27 27.41 0 0 0 0 0 0 0 9.136 0 0
1 327.7 199 280.9 187.3 11.7 46.81 23.41 0 23.41 35.11 23.41 0 0 0 11.7 0 0 0 0 0
1 445 216.5 156.4 144.3 144.3 48.11 24.06 12.03 0 12.03 0 0 0 0 0 0 0 0 0 0
1 573.4 415.7 57.34 114.7 28.67 100.3 57.34 14.34 28.67 14.34 0 0 0 14.34 0 0 0 14.34 0 0
1 267.6 371.6 371.6 74.32 118.9 104 104 29.73 14.86 0 0 14.86 0 0 0 0 14.86 0 0 0
1 580.8 160.7 160.7 185.4 61.79 49.43 37.07 0 0 0 0 0 0 0 0 0 0 0 0 0
1 615.9 243.8 64.15 141.1 89.82 25.66 0 12.83 12.83 25.66 0 38.49 12.83 0 0 0 0 0 0 0
1 243.4 730.3 374.5 37.45 187.3 187.3 56.18 18.73 18.73 18.73 0 0 0 0 0 0 0 0 0 0
1 343.2 250.8 316.8 237.6 0 79.2 66 0 26.4 0 0 0 0 0 0 0 0 0 0 0
1 404.5 251.1 125.5 320.8 139.5 41.85 41.85 27.9 0 13.95 0 13.95 0 13.95 0 0 0 0 0 0
1 433.1 321.4 195.6 83.83 181.6 125.7 0 41.92 0 0 0 0 0 0 13.97 0 0 0 0 0
1 355 426 255.6 113.6 42.6 85.2 28.4 28.4 28.4 28.4 0 14.2 0 0 0 0 0 0 14.2 0
1 406.7 160.6 203.4 64.22 74.93 21.41 85.63 21.41 0 0 10.7 10.7 10.7 0 0 0 0 0 0 0
1 766.1 434.8 103.5 414.1 165.6 20.7 41.41 62.11 41.41 0 20.7 0 0 0 0 0 0 0 0 0
1 1060 598 353.4 81.55 190.3 163.1 54.36 81.55 54.36 81.55 0 0 0 0 0 0 0 0 0 0
1 292.2 216.8 198 75.41 75.41 28.28 18.85 9.426 0 18.85 9.426 0 0 0 0 0 0 0 0 0
1 370.4 195.5 174.9 92.59 72.02 72.02 30.86 0 0 20.58 0 0 0 0 0 0 0 0 0 0
1 479.4 338.4 112.8 183.3 126.9 42.3 28.2 70.5 0 0 28.2 0 0 0 0 0 0 0 0 0
1 310.4 120.1 180.2 110.1 150.2 50.06 30.04 0 20.02 0 10.01 10.01 0 10.01 0 0 0 0 0 0
1 594.9 243.4 108.2 121.7 94.65 108.2 40.56 13.52 13.52 0 0 13.52 0 0 0 0 0 0 0 0
1 319.5 540.6 98.3 98.3 36.86 36.86 24.57 12.29 24.57 24.57 0 0 0 12.29 0 0 0 0 0 0
1 1029 407.2 407.2 85.73 42.87 21.43 64.3 64.3 0 0 21.43 0 0 0 0 0 0 0 0 0
1 460.5 816.3 146.5 272.1 167.5 62.8 20.93 62.8 0 41.86 20.93 0 0 0 0 0 20.93 0 0 0
1 511.6 285.9 361.1 135.4 75.24 45.14 45.14 30.09 0 0 15.05 0 0 0 0 0 0 0 0 0
1 557.2 393.3 131.1 262.2 16.39 114.7 32.78 16.39 32.78 16.39 32.78 16.39 0 0 16.39 0 0 0 0 0
1 215.9 248.3 194.3 129.5 107.9 21.59 75.56 32.38 21.59 0 10.79 0 10.79 0 0 0 10.79 0 0 0
1 494.7 228.3 266.4 247.3 171.2 266.4 57.08 57.08 19.03 19.03 19.03 0 0 0 0 38.05 0 19.03 0 0
1 355.7 195.1 80.32 172.1 103.3 34.42 137.7 22.95 11.47 11.47 0 22.95 0 0 0 0 0 0 0 0
1 601 309.1 240.4 51.52 240.4 120.2 51.52 51.52 17.17 17.17 0 0 0 17.17 0 0 0 0 0 0
1 414.3 224.9 248.6 47.35 82.86 71.03 47.35 23.68 11.84 0 0 0 11.84 0 0 0 0 0 0 0
1 531.3 411.4 274.2 171.4 120 51.42 34.28 17.14 0 17.14 34.28 34.28 0 0 0 0 0 0 17.14 0
1 314.3 273.3 286.9 232.3 68.32 54.66 27.33 54.66 0 0 13.66 0 13.66 0 13.66 13.66 0 0 0 0
1 248.5 152.9 162.5 143.3 95.56 57.34 0 19.11 19.11 38.22 9.556 9.556 0 0 0 0 0 0 0 0
1 431.4 209.5 172.6 36.98 110.9 110.9 49.3 49.3 0 36.98 12.33 0 0 12.33 0 0 0 0 0 0
1 547.5 304.2 109.5 60.83 48.66 60.83 36.5 24.33 0 0 0 0 24.33 0 0 0 0 0 0 0
1 498.8 481 320.6 71.25 71.25 35.63 89.07 53.44 35.63 71.25 0 17.81 17.81 17.81 0 0 0 0 0 0
1 366.2 209.2 167.4 115.1 52.31 10.46 52.31 20.92 20.92 10.46 10.46 0 0 0 0 10.46 0 0 0 0
1 362.1 202.3 170.4 127.8 95.85 53.25 0 21.3 10.65 10.65 0 10.65 0 0 0 0 0 0 0 0
1 656.2 635 402.2 63.5 190.5 84.67 21.17 0 21.17 21.17 21.17 0 0 0 0 0 0 0 0 0
1 574.4 405.5 304.1 185.9 50.69 33.79 101.4 33.79 0 0 0 0 0 0 0 0 0 0 0 0
1 412.7 484.5 305 269.1 107.7 89.71 53.83 17.94 17.94 0 0 17.94 0 17.94 0 0 0 0 0 0
1 369.6 273.8 205.3 164.3 164.3 54.75 54.75 0 41.07 13.69 0 0 0 13.69 13.69 0 0 0 0 0
1 336.7 249.4 87.29 187 174.6 49.88 49.88 49.88 37.41 24.94 0 0 0 0 0 0 0 0 0 0
1 392.1 207.6 138.4 138.4 80.72 80.72 46.12 34.59 23.06 11.53 0 0 0 0 0 0 0 0 0 0
1 443.7 279.3 279.3 230 164.3 65.73 49.3 82.16 16.43 16.43 0 0 16.43 0 0 0 0 0 0 0
1 294.7 199.6 104.6 95.06 38.02 76.05 47.53 28.52 38.02 9.506 9.506 9.506 0 0 0 0 0 0 0 0
1 434.7 451.4 250.8 117 200.6 117 33.44 33.44 16.72 0 0 0 0 16.72 0 0 0 0 0 0
1 289.1 257 182 128.5 42.84 32.13 53.54 0 21.42 21.42 10.71 21.42 0 0 10.71 0 0 0 0 0
1 420.6 280.4 151.9 140.2 35.05 58.42 23.37 0 23.37 11.68 0 23.37 0 0 0 0 0 0 0 0
1 178.4 230.5 171 52.04 52.04 0 14.87 29.74 0 0 7.434 0 7.434 0 0 0 0 0 0 0
1 274.4 274.4 303.3 317.7 86.66 57.77 14.44 57.77 0 14.44 0 0 28.89 0 14.44 0 0 0 0 0
1 806.7 236.1 255.8 334.5 98.38 59.03 59.03 39.35 39.35 0 0 39.35 0 0 0 0 0 0 0 0
1 531.8 212.7 172.8 146.2 79.76 26.59 93.06 53.18 0 0 0 0 0 0 13.29 0 0 0 0 0
1 562.7 294.2 217.4 63.95 51.16 25.58 12.79 12.79 12.79 25.58 0 0 0 0 0 0 0 0 0 0
1 291.9 322.1 140.9 80.52 50.33 40.26 60.39 10.07 0 0 0 0 0 0 10.07 0 0 0 0 0
1 488.3 215.4 215.4 201 86.16 71.8 43.08 43.08 43.08 0 14.36 0 0 0 0 0 0 0 0 14.36
1 375.4 361.5 111.2 208.6 152.9 125.1 27.81 0 0 13.9 13.9 0 0 0 0 0 0 0 0 0
1 318.4 287.6 164.4 71.91 61.63 61.63 20.54 20.54 10.27 0 10.27 0 0 0 0 0 0 0 0 0
1 328.5 222.2 125.6 96.61 38.64 77.29 0 9.661 28.98 19.32 0 0 0 0 9.661 0 9.661 0 0 0
