 landings-at-age - landings.n (units : NA )
1	2	
2	100	
1	20	
1 
0.02659 0.2984 0.8352 0.6934 0.4839 0.3377 0.2357 0.1644 0.1148 0.08008 0.05589 0.039 0.02722 0.01899 0.01325 0.009249 0.006454 0.004504 0.003143 0.007259
0.006139 0.05216 0.1462 0.1214 0.08475 0.05914 0.04127 0.0288 0.0201 0.01403 0.009787 0.00683 0.004766 0.003326 0.002321 0.00162 0.00113 0.0007888 0.0005504 0.001271
0.003461 0.06893 0.1464 0.1219 0.08515 0.05942 0.04147 0.02894 0.02019 0.01409 0.009834 0.006862 0.004789 0.003342 0.002332 0.001627 0.001136 0.0007925 0.000553 0.001277
0.005182 0.03886 0.1934 0.122 0.08549 0.0597 0.04166 0.02907 0.02029 0.01416 0.00988 0.006895 0.004811 0.003358 0.002343 0.001635 0.001141 0.0007963 0.0005557 0.001283
0.003997 0.05818 0.109 0.1613 0.08557 0.05994 0.04186 0.02921 0.02038 0.01423 0.009927 0.006927 0.004834 0.003374 0.002354 0.001643 0.001146 8e-04 0.0005583 0.001289
0.00484 0.04488 0.1633 0.09093 0.1131 0.06 0.04203 0.02935 0.02048 0.01429 0.009974 0.00696 0.004857 0.00339 0.002365 0.001651 0.001152 0.0008038 0.0005609 0.001295
0.004124 0.05435 0.1259 0.1361 0.06376 0.07928 0.04207 0.02947 0.02058 0.01436 0.01002 0.006993 0.00488 0.003406 0.002377 0.001658 0.001157 0.0008076 0.0005636 0.001302
0.003612 0.0463 0.1525 0.105 0.09545 0.0447 0.05559 0.0295 0.02066 0.01443 0.01007 0.007026 0.004903 0.003422 0.002388 0.001666 0.001163 0.0008114 0.0005663 0.001308
0.004119 0.04055 0.1299 0.1272 0.07363 0.06693 0.03134 0.03898 0.02068 0.01449 0.01012 0.00706 0.004926 0.003438 0.002399 0.001674 0.001168 0.0008153 0.0005689 0.001314
0.003434 0.04625 0.1138 0.1083 0.08916 0.05162 0.04693 0.02198 0.02733 0.0145 0.01016 0.007093 0.00495 0.003454 0.00241 0.001682 0.001174 0.0008191 0.0005716 0.00132
0.005537 0.03855 0.1298 0.09488 0.07596 0.06251 0.0362 0.0329 0.01541 0.01916 0.01017 0.007121 0.004973 0.003471 0.002422 0.00169 0.001179 0.000823 0.0005743 0.001326
0.003124 0.06218 0.1082 0.1082 0.06653 0.05326 0.04383 0.02538 0.02307 0.0108 0.01343 0.007128 0.004993 0.003487 0.002433 0.001698 0.001185 0.0008269 0.0005771 0.001333
0.002155 0.03507 0.1745 0.09021 0.07588 0.04665 0.03734 0.03073 0.01779 0.01617 0.007575 0.00942 0.004998 0.003501 0.002445 0.001706 0.001191 0.0008308 0.0005798 0.001339
0.004212 0.0242 0.09841 0.1455 0.06325 0.0532 0.0327 0.02618 0.02155 0.01248 0.01134 0.005311 0.006604 0.003504 0.002455 0.001714 0.001196 0.0008348 0.0005825 0.001345
0.003265 0.04729 0.0679 0.08206 0.102 0.04435 0.0373 0.02293 0.01836 0.01511 0.008748 0.007951 0.003724 0.004631 0.002457 0.001721 0.001202 0.0008387 0.0005853 0.001352
0.005321 0.03666 0.1327 0.05662 0.05754 0.07152 0.03109 0.02615 0.01608 0.01287 0.01059 0.006133 0.005575 0.002611 0.003247 0.001723 0.001207 0.0008427 0.0005881 0.001358
0.004418 0.05975 0.1029 0.1107 0.0397 0.04034 0.05014 0.0218 0.01834 0.01127 0.009025 0.007427 0.0043 0.003909 0.001831 0.002276 0.001208 0.000846 0.0005908 0.001365
0.003701 0.0496 0.1677 0.08579 0.07759 0.02784 0.02829 0.03516 0.01529 0.01286 0.007904 0.006328 0.005207 0.003015 0.002741 0.001284 0.001596 0.0008469 0.0005932 0.001371
0.00391 0.04156 0.1392 0.1398 0.06015 0.0544 0.01952 0.01983 0.02465 0.01072 0.009015 0.005542 0.004437 0.003651 0.002114 0.001922 0.0008999 0.001119 0.0005938 0.001377
0.003607 0.0439 0.1166 0.1161 0.09802 0.04217 0.03814 0.01368 0.01391 0.01728 0.007515 0.006321 0.003886 0.003111 0.00256 0.001482 0.001347 0.000631 0.0007846 0.001382
0.004143 0.0405 0.1232 0.09723 0.08138 0.06873 0.02957 0.02674 0.009594 0.00975 0.01212 0.005269 0.004432 0.002724 0.002181 0.001795 0.001039 0.0009447 0.0004424 0.001519
0.004731 0.04651 0.1136 0.1027 0.06817 0.05706 0.04819 0.02073 0.01875 0.006727 0.006836 0.008497 0.003694 0.003107 0.00191 0.001529 0.001258 0.0007287 0.0006624 0.001375
0.003319 0.05312 0.1305 0.09477 0.07203 0.0478 0.04 0.03379 0.01454 0.01315 0.004717 0.004793 0.005958 0.00259 0.002179 0.001339 0.001072 0.0008823 0.0005109 0.001429
0.006699 0.03727 0.1491 0.1088 0.06644 0.0505 0.03351 0.02805 0.02369 0.01019 0.009218 0.003307 0.003361 0.004177 0.001816 0.001528 0.000939 0.0007518 0.0006187 0.00136
0.003401 0.07522 0.1046 0.1243 0.07631 0.04659 0.03541 0.0235 0.01967 0.01661 0.007146 0.006463 0.002319 0.002356 0.002929 0.001273 0.001071 0.0006584 0.0005271 0.001387
0.004181 0.03819 0.2111 0.0872 0.08715 0.0535 0.03266 0.02483 0.01648 0.01379 0.01165 0.00501 0.004531 0.001626 0.001652 0.002053 0.0008928 0.000751 0.0004616 0.001342
0.003383 0.04694 0.1072 0.176 0.06114 0.06111 0.03751 0.0229 0.01741 0.01155 0.009668 0.008165 0.003513 0.003177 0.00114 0.001158 0.00144 0.000626 0.0005265 0.001265
0.00396 0.03798 0.1317 0.08936 0.1234 0.04287 0.04284 0.0263 0.01606 0.0122 0.0081 0.006779 0.005725 0.002463 0.002228 0.0007992 0.0008122 0.001009 0.0004389 0.001256
0.005111 0.04446 0.1066 0.1098 0.06265 0.08652 0.03006 0.03004 0.01844 0.01126 0.008557 0.005679 0.004753 0.004014 0.001727 0.001562 0.0005604 0.0005694 0.0007078 0.001188
0.003584 0.05739 0.1248 0.08888 0.07702 0.04393 0.06066 0.02107 0.02106 0.01293 0.007894 0.006 0.003982 0.003332 0.002814 0.001211 0.001095 0.0003929 0.0003993 0.001329
0.006112 0.04024 0.161 0.104 0.06232 0.054 0.0308 0.04253 0.01478 0.01477 0.009066 0.005535 0.004207 0.002792 0.002337 0.001973 0.000849 0.0007678 0.0002755 0.001212
0.006142 0.06863 0.1129 0.1343 0.07294 0.04369 0.03786 0.02159 0.02982 0.01036 0.01035 0.006357 0.003881 0.00295 0.001957 0.001638 0.001384 0.0005953 0.0005384 0.001043
0.003557 0.06897 0.1926 0.09416 0.09415 0.05114 0.03063 0.02655 0.01514 0.02091 0.007264 0.00726 0.004457 0.002721 0.002068 0.001372 0.001149 0.0009701 0.0004174 0.001109
0.004187 0.03994 0.1935 0.1606 0.06602 0.06601 0.03586 0.02148 0.01861 0.01062 0.01466 0.005093 0.00509 0.003125 0.001908 0.00145 0.0009623 0.0008054 0.0006802 0.00107
0.003462 0.04701 0.1121 0.1614 0.1126 0.04629 0.04629 0.02514 0.01506 0.01305 0.007443 0.01028 0.003571 0.003569 0.002191 0.001338 0.001017 0.0006747 0.0005647 0.001227
0.003619 0.03888 0.1319 0.09345 0.1131 0.07894 0.03245 0.03245 0.01763 0.01056 0.00915 0.005219 0.007207 0.002504 0.002502 0.001536 0.0009379 0.0007128 0.0004731 0.001256
0.004543 0.04063 0.1091 0.11 0.06552 0.07933 0.05535 0.02276 0.02275 0.01236 0.007404 0.006415 0.003659 0.005053 0.001755 0.001755 0.001077 0.0006576 0.0004998 0.001213
0.003462 0.05101 0.114 0.09096 0.07712 0.04594 0.05562 0.03881 0.01595 0.01595 0.008666 0.005191 0.004498 0.002566 0.003543 0.001231 0.00123 0.0007552 0.0004611 0.001201
0.005216 0.03888 0.1431 0.09507 0.06378 0.05407 0.03221 0.039 0.02721 0.01119 0.01119 0.006076 0.00364 0.003154 0.001799 0.002484 0.000863 0.0008625 0.0005295 0.001165
0.3131 3.205 5.875 6.403 3.576 2.399 2.034 1.211 1.467 1.023 0.4207 0.4207 0.2285 0.1369 0.1186 0.06765 0.09343 0.03246 0.03244 0.06373
0.2461 4.491 11.19 5.956 5.433 3.034 2.035 1.726 1.028 1.245 0.8683 0.357 0.357 0.1939 0.1162 0.1007 0.05741 0.07928 0.02754 0.08161
0.121 1.566 7.01 5.056 2.249 2.052 1.146 0.7686 0.6517 0.3882 0.47 0.3279 0.1348 0.1348 0.07323 0.04386 0.03801 0.02168 0.02994 0.04122
0.3525 1.993 6.312 8.25 4.987 2.219 2.024 1.13 0.7581 0.6428 0.3829 0.4636 0.3234 0.133 0.133 0.07223 0.04326 0.03749 0.02138 0.07019
0.2797 3.611 4.992 4.588 5.017 3.033 1.349 1.231 0.6873 0.4611 0.3909 0.2329 0.2819 0.1967 0.08087 0.08086 0.04392 0.02631 0.0228 0.05569
0.1332 4.193 13.17 5.286 4.067 4.447 2.688 1.196 1.091 0.6091 0.4086 0.3464 0.2064 0.2499 0.1743 0.07167 0.07167 0.03893 0.02332 0.06956
0.3668 1.262 9.676 8.774 2.943 2.264 2.476 1.497 0.6657 0.6073 0.3391 0.2275 0.1929 0.1149 0.1391 0.09706 0.0399 0.0399 0.02167 0.05171
0.5079 3.502 2.947 6.55 4.968 1.666 1.282 1.402 0.8474 0.377 0.3439 0.192 0.1288 0.1092 0.06506 0.07877 0.05496 0.02259 0.02259 0.04155
0.2533 7.084 11.91 2.911 5.417 4.109 1.378 1.06 1.159 0.7009 0.3118 0.2844 0.1588 0.1065 0.09033 0.05381 0.06515 0.04545 0.01869 0.05305
0.2543 2.928 19.92 9.681 1.98 3.683 2.794 0.937 0.7209 0.7883 0.4765 0.212 0.1934 0.108 0.07244 0.06142 0.03659 0.0443 0.0309 0.04878
0.2586 2.618 7.34 14.44 5.866 1.199 2.232 1.693 0.5677 0.4368 0.4776 0.2887 0.1284 0.1172 0.06542 0.04389 0.03721 0.02217 0.02684 0.04827
0.3764 3.173 7.812 6.341 10.43 4.238 0.8666 1.612 1.223 0.4102 0.3156 0.3451 0.2086 0.09279 0.08465 0.04727 0.03171 0.02689 0.01602 0.05427
0.2411 4.593 9.393 6.677 4.531 7.452 3.028 0.6191 1.152 0.8737 0.293 0.2255 0.2465 0.149 0.06629 0.06047 0.03377 0.02265 0.01921 0.05022
0.3345 2.405 11.13 6.563 3.897 2.645 4.35 1.767 0.3614 0.6725 0.51 0.1711 0.1316 0.1439 0.087 0.0387 0.0353 0.01971 0.01322 0.04053
0.453 3.876 6.773 9.061 4.465 2.651 1.799 2.959 1.202 0.2459 0.4575 0.347 0.1164 0.08953 0.09791 0.05918 0.02633 0.02401 0.01341 0.03657
0.4139 5.485 11.38 5.738 6.416 3.161 1.877 1.274 2.095 0.8514 0.1741 0.3239 0.2457 0.0824 0.0634 0.06932 0.04191 0.01864 0.017 0.03539
0.2954 4.428 14.23 8.506 3.582 4.006 1.974 1.172 0.7953 1.308 0.5315 0.1087 0.2022 0.1534 0.05144 0.03958 0.04328 0.02616 0.01164 0.03271
0.3331 3.109 11.32 10.49 5.24 2.207 2.468 1.216 0.7221 0.49 0.8059 0.3275 0.06696 0.1246 0.09449 0.03169 0.02438 0.02666 0.01612 0.02732
0.2977 3.887 8.809 9.261 7.176 3.584 1.509 1.688 0.8316 0.4938 0.3351 0.5512 0.224 0.04579 0.08521 0.06462 0.02168 0.01668 0.01824 0.02971
0.2709 2.784 8.854 5.792 5.089 3.943 1.969 0.8293 0.9273 0.4569 0.2713 0.1841 0.3028 0.1231 0.02516 0.04682 0.03551 0.01191 0.009163 0.02634
0.4486 2.897 7.267 6.7 3.666 3.221 2.496 1.246 0.5249 0.587 0.2892 0.1718 0.1165 0.1917 0.07789 0.01593 0.02963 0.02248 0.007539 0.02248
0.2121 3.764 5.961 4.344 3.351 1.834 1.611 1.248 0.6233 0.2625 0.2935 0.1446 0.0859 0.05829 0.09587 0.03895 0.007965 0.01482 0.01124 0.01501
0.413 2.507 10.92 5.045 3.08 2.376 1.3 1.142 0.885 0.442 0.1861 0.2081 0.1026 0.0609 0.04133 0.06797 0.02762 0.005647 0.01051 0.01861
0.3422 7.257 10.72 13.59 5.259 3.21 2.476 1.355 1.191 0.9225 0.4607 0.194 0.2169 0.1069 0.06348 0.04308 0.07085 0.02879 0.005886 0.03035
0.2581 2.543 13.18 5.626 5.958 2.307 1.408 1.086 0.5943 0.5221 0.4046 0.202 0.08509 0.09515 0.04688 0.02784 0.01889 0.03107 0.01263 0.01589
0.2432 2.385 5.775 8.728 3.119 3.303 1.279 0.7805 0.6021 0.3295 0.2895 0.2243 0.112 0.04717 0.05275 0.02599 0.01543 0.01047 0.01723 0.01581
0.2329 4.806 11.49 8.111 10.27 3.671 3.887 1.505 0.9186 0.7085 0.3877 0.3407 0.264 0.1318 0.05552 0.06208 0.03059 0.01816 0.01233 0.03888
0.1966 1.736 8.761 6.053 3.572 4.524 1.617 1.712 0.6628 0.4046 0.3121 0.1708 0.15 0.1163 0.05806 0.02445 0.02734 0.01347 0.008 0.02255
0.2487 2.305 4.987 7.335 4.244 2.505 3.172 1.134 1.201 0.4647 0.2837 0.2188 0.1197 0.1052 0.08152 0.04071 0.01714 0.01917 0.009446 0.02142
0.2968 3.372 7.631 4.803 5.916 3.423 2.02 2.558 0.9142 0.9681 0.3748 0.2288 0.1765 0.09657 0.08484 0.06574 0.03283 0.01383 0.01546 0.02489
0.367 3.326 9.217 6.047 3.184 3.921 2.269 1.339 1.696 0.6059 0.6417 0.2484 0.1516 0.117 0.064 0.05623 0.04357 0.02176 0.009164 0.02675
0.2472 3.598 7.971 6.406 3.515 1.851 2.28 1.319 0.7784 0.9858 0.3523 0.3731 0.1444 0.08816 0.068 0.03721 0.03269 0.02533 0.01265 0.02088
0.1536 2.2 7.857 5.065 3.407 1.87 0.9844 1.212 0.7014 0.414 0.5243 0.1874 0.1984 0.07681 0.04689 0.03616 0.01979 0.01739 0.01347 0.01783
0.2453 2.94 10.25 10.67 5.762 3.876 2.127 1.12 1.379 0.798 0.471 0.5964 0.2131 0.2257 0.08738 0.05334 0.04114 0.02251 0.01978 0.03561
0.3108 2.068 6.048 6.089 5.296 2.86 1.924 1.056 0.556 0.6847 0.3961 0.2338 0.2961 0.1058 0.1121 0.04338 0.02648 0.02042 0.01118 0.0275
0.2944 3.241 5.278 4.485 3.779 3.287 1.775 1.194 0.6553 0.345 0.4249 0.2459 0.1451 0.1838 0.06567 0.06954 0.02692 0.01643 0.01268 0.024
0.3669 4.386 11.76 5.564 3.958 3.335 2.901 1.567 1.054 0.5783 0.3045 0.375 0.217 0.128 0.1622 0.05795 0.06137 0.02376 0.0145 0.03237
0.3496 4.158 12.08 9.353 3.7 2.632 2.218 1.929 1.042 0.7007 0.3845 0.2025 0.2493 0.1443 0.08514 0.1078 0.03853 0.04081 0.0158 0.03117
0.4915 4.006 11.57 9.701 6.279 2.484 1.767 1.489 1.295 0.6993 0.4704 0.2581 0.1359 0.1674 0.09685 0.05716 0.07239 0.02587 0.02739 0.03153
0.4297 5.089 10.08 8.405 5.89 3.812 1.508 1.073 0.9039 0.7862 0.4246 0.2856 0.1567 0.08253 0.1016 0.0588 0.0347 0.04395 0.01571 0.03577
0.3437 4.614 13.3 7.623 5.312 3.723 2.41 0.9531 0.678 0.5713 0.4969 0.2684 0.1805 0.09906 0.05216 0.06424 0.03717 0.02193 0.02778 0.03254
0.2644 2.921 9.593 8.015 3.841 2.676 1.875 1.214 0.4802 0.3416 0.2878 0.2503 0.1352 0.09095 0.04991 0.02628 0.03236 0.01872 0.01105 0.03039
0.2373 3.027 8.192 7.836 5.482 2.627 1.831 1.283 0.8303 0.3284 0.2336 0.1969 0.1712 0.09248 0.06221 0.03414 0.01797 0.02214 0.01281 0.02834
0.3114 3.458 10.75 8.465 6.779 4.743 2.273 1.584 1.11 0.7183 0.2841 0.2021 0.1703 0.1481 0.08 0.05382 0.02953 0.01555 0.01915 0.0356
0.2467 3.411 9.223 8.299 5.462 4.374 3.06 1.466 1.022 0.716 0.4635 0.1833 0.1304 0.1099 0.09558 0.05162 0.03472 0.01905 0.01003 0.03532
0.2269 2.558 8.626 6.753 5.081 3.344 2.678 1.874 0.8978 0.6256 0.4384 0.2838 0.1123 0.07985 0.06728 0.05852 0.03161 0.02126 0.01167 0.02777
0.2418 2.021 5.581 5.461 3.577 2.691 1.771 1.418 0.9923 0.4755 0.3313 0.2322 0.1503 0.05945 0.04229 0.03563 0.03099 0.01674 0.01126 0.02089
0.1422 2.302 4.728 3.807 3.12 2.043 1.537 1.012 0.8103 0.5669 0.2716 0.1893 0.1326 0.08585 0.03396 0.02416 0.02036 0.01771 0.009562 0.01836
0.3588 2.565 10.14 6.074 4.098 3.359 2.2 1.655 1.089 0.8723 0.6103 0.2924 0.2038 0.1428 0.09242 0.03656 0.02601 0.02191 0.01906 0.03006
0.388 4.582 7.95 9.081 4.549 3.07 2.515 1.647 1.239 0.8158 0.6533 0.4571 0.219 0.1526 0.1069 0.06922 0.02738 0.01948 0.01641 0.03679
0.2853 4.459 12.76 6.376 6.084 3.048 2.057 1.685 1.104 0.8304 0.5465 0.4377 0.3062 0.1467 0.1022 0.07165 0.04638 0.01834 0.01305 0.03565
0.2676 2.839 10.78 8.877 3.706 3.536 1.771 1.195 0.9795 0.6415 0.4826 0.3177 0.2544 0.178 0.08528 0.05943 0.04164 0.02695 0.01066 0.0283
0.2157 2.071 5.372 5.898 4.061 1.695 1.618 0.8104 0.5468 0.4481 0.2935 0.2208 0.1453 0.1164 0.08142 0.03901 0.02719 0.01905 0.01233 0.01783
0.2233 2.042 4.817 3.644 3.35 2.307 0.9629 0.9188 0.4603 0.3106 0.2545 0.1667 0.1254 0.08254 0.06611 0.04625 0.02216 0.01544 0.01082 0.01713
0.27 2.669 5.997 4.134 2.62 2.409 1.659 0.6924 0.6607 0.331 0.2234 0.183 0.1199 0.09019 0.05936 0.04754 0.03326 0.01594 0.0111 0.0201
0.1917 3.78 9.146 5.994 3.462 2.194 2.017 1.389 0.5798 0.5533 0.2772 0.187 0.1533 0.1004 0.07552 0.0497 0.03981 0.02785 0.01334 0.02613
0.2908 2.641 12.69 8.911 4.888 2.823 1.789 1.645 1.133 0.4728 0.4512 0.226 0.1525 0.125 0.08185 0.06158 0.04053 0.03246 0.02271 0.03219
0.3077 3.724 8.201 11.38 6.68 3.664 2.116 1.341 1.233 0.8491 0.3544 0.3382 0.1694 0.1143 0.09369 0.06135 0.04616 0.03038 0.02433 0.04115
0.1973 2.21 6.534 4.15 4.809 2.823 1.549 0.8944 0.5669 0.5212 0.3589 0.1498 0.143 0.07161 0.04832 0.0396 0.02593 0.01951 0.01284 0.02768
0.1889 2.168 5.952 5.123 2.724 3.157 1.853 1.017 0.5871 0.3721 0.3421 0.2356 0.09834 0.09384 0.04701 0.03172 0.02599 0.01702 0.01281 0.0266
