 landings-at-age - landings.n (units : NA )
1	2	
42	100	
1	20	
1 
0.3082 3.797 10.34 9.029 6.339 4.566 3.219 2.26 1.543 1.021 0.7162 0.5094 0.3742 0.3016 0.2021 0.1404 0.09282 0.06587 0.05013 0.1235
0.1841 1.962 5.926 4.672 3.41 2.394 1.724 1.215 0.8534 0.5825 0.3854 0.2705 0.1923 0.1413 0.1139 0.07631 0.05301 0.03505 0.02487 0.06556
0.2768 3.033 7.906 6.976 4.608 3.363 2.361 1.701 1.199 0.8418 0.5746 0.3801 0.2668 0.1897 0.1394 0.1124 0.07527 0.05229 0.03457 0.0892
0.2344 2.835 7.597 5.747 4.242 2.802 2.045 1.436 1.034 0.7291 0.5119 0.3494 0.2312 0.1622 0.1154 0.08475 0.06833 0.04577 0.0318 0.07527
0.332 3.514 10.34 8.044 5.093 3.76 2.484 1.813 1.273 0.9166 0.6462 0.4537 0.3097 0.2049 0.1438 0.1023 0.07511 0.06056 0.04057 0.0949
0.291 3.145 8.109 6.889 4.479 2.836 2.093 1.383 1.009 0.7085 0.5103 0.3598 0.2526 0.1724 0.1141 0.08005 0.05693 0.04182 0.03371 0.07542
0.2445 2.779 7.342 5.489 3.901 2.536 1.606 1.185 0.7829 0.5715 0.4012 0.289 0.2037 0.143 0.09763 0.06459 0.04533 0.03224 0.02368 0.0618
0.3229 3.41 9.447 7.254 4.54 3.226 2.097 1.328 0.9802 0.6475 0.4726 0.3318 0.239 0.1685 0.1183 0.08074 0.05342 0.03749 0.02666 0.07069
0.3308 3.732 9.588 7.682 4.932 3.087 2.193 1.426 0.9029 0.6665 0.4403 0.3213 0.2256 0.1625 0.1146 0.08043 0.0549 0.03632 0.02549 0.06619
0.3246 3.405 9.355 6.949 4.654 2.988 1.87 1.329 0.864 0.547 0.4038 0.2667 0.1947 0.1367 0.09844 0.0694 0.04873 0.03326 0.022 0.05555
0.337 3.982 10.16 8.082 5.021 3.363 2.159 1.351 0.9602 0.6242 0.3953 0.2918 0.1927 0.1407 0.09876 0.07113 0.05015 0.03521 0.02403 0.05603
0.3616 4.112 11.79 8.685 5.774 3.587 2.403 1.543 0.9654 0.686 0.446 0.2824 0.2084 0.1377 0.1005 0.07056 0.05082 0.03583 0.02515 0.0572
0.3079 3.607 9.969 8.237 5.07 3.371 2.094 1.403 0.9005 0.5635 0.4005 0.2603 0.1648 0.1217 0.08038 0.05867 0.04119 0.02966 0.02091 0.04808
0.3273 3.567 10.16 8.112 5.604 3.449 2.293 1.425 0.9541 0.6126 0.3834 0.2724 0.1771 0.1121 0.08278 0.05468 0.03991 0.02802 0.02018 0.04693
0.3522 3.962 10.47 8.606 5.744 3.968 2.442 1.624 1.009 0.6756 0.4337 0.2715 0.1929 0.1254 0.0794 0.05861 0.03872 0.02826 0.01984 0.04752
0.3299 3.767 10.28 7.828 5.373 3.586 2.477 1.525 1.014 0.6297 0.4218 0.2708 0.1695 0.1204 0.07829 0.04957 0.03659 0.02417 0.01764 0.04205
0.33 3.471 9.63 7.581 4.822 3.31 2.209 1.526 0.9393 0.6245 0.388 0.2599 0.1668 0.1044 0.07419 0.04823 0.03054 0.02254 0.01489 0.03678
0.3758 3.851 9.836 7.88 5.185 3.298 2.264 1.511 1.044 0.6424 0.4271 0.2653 0.1777 0.1141 0.07141 0.05074 0.03299 0.02089 0.01542 0.03534
0.2736 3.514 8.771 6.468 4.33 2.849 1.812 1.244 0.8302 0.5735 0.353 0.2347 0.1458 0.09765 0.06269 0.03923 0.02788 0.01813 0.01148 0.02789
0.2749 2.926 9.173 6.637 4.094 2.741 1.803 1.147 0.7874 0.5255 0.363 0.2234 0.1485 0.09228 0.06181 0.03968 0.02483 0.01765 0.01147 0.02492
0.1882 2.307 6.021 5.483 3.319 2.047 1.371 0.9018 0.5737 0.3938 0.2628 0.1815 0.1117 0.07429 0.04615 0.03091 0.01985 0.01242 0.008826 0.0182
0.2001 2.224 6.691 5.096 3.888 2.353 1.452 0.9718 0.6394 0.4067 0.2792 0.1863 0.1287 0.07923 0.05267 0.03272 0.02192 0.01407 0.008806 0.01916
0.3261 3.516 9.509 8.326 5.312 4.052 2.453 1.513 1.013 0.6665 0.424 0.291 0.1942 0.1342 0.08258 0.0549 0.03411 0.02284 0.01467 0.02915
0.2096 2.424 6.387 4.991 3.652 2.33 1.777 1.076 0.6636 0.4442 0.2923 0.1859 0.1276 0.08519 0.05884 0.03622 0.02408 0.01496 0.01002 0.01922
0.1651 1.937 5.504 4.228 2.767 2.024 1.292 0.9852 0.5964 0.3679 0.2463 0.162 0.1031 0.07076 0.04722 0.03262 0.02008 0.01335 0.008292 0.01621
0.261 3.262 9.328 7.73 4.976 3.256 2.383 1.52 1.159 0.7019 0.433 0.2898 0.1907 0.1213 0.08327 0.05558 0.03839 0.02363 0.01571 0.02883
0.1722 1.945 5.947 4.916 3.404 2.192 1.434 1.049 0.6694 0.5107 0.3092 0.1907 0.1277 0.08399 0.05343 0.03667 0.02448 0.01691 0.01041 0.01962
0.1784 2.019 5.588 4.979 3.447 2.387 1.537 1.006 0.7358 0.4694 0.3581 0.2168 0.1337 0.08951 0.05889 0.03746 0.02572 0.01716 0.01186 0.02105
0.2097 2.418 6.683 5.382 4.015 2.78 1.925 1.239 0.811 0.5934 0.3785 0.2888 0.1748 0.1078 0.07218 0.04749 0.03021 0.02074 0.01384 0.02654
0.2093 2.35 6.611 5.296 3.567 2.661 1.842 1.276 0.8215 0.5375 0.3933 0.2509 0.1914 0.1159 0.07147 0.04784 0.03148 0.02002 0.01375 0.02676
0.2057 2.052 5.633 4.595 3.079 2.074 1.547 1.071 0.7418 0.4776 0.3125 0.2286 0.1459 0.1113 0.06736 0.04155 0.02781 0.0183 0.01164 0.02355
0.1534 1.83 4.481 3.579 2.444 1.637 1.103 0.8229 0.5697 0.3945 0.254 0.1662 0.1216 0.07758 0.05918 0.03583 0.0221 0.01479 0.009734 0.01872
0.2389 2.936 8.527 6.085 4.072 2.78 1.863 1.255 0.9362 0.6481 0.4488 0.289 0.1891 0.1383 0.08826 0.06733 0.04076 0.02514 0.01683 0.03237
0.1911 2.015 6.04 5.066 3.021 2.021 1.38 0.9247 0.6229 0.4647 0.3217 0.2228 0.1434 0.09386 0.06868 0.04381 0.03342 0.02023 0.01248 0.02442
0.1782 1.993 5.141 4.48 3.144 1.875 1.254 0.8565 0.5739 0.3866 0.2884 0.1997 0.1383 0.08902 0.05825 0.04262 0.02719 0.02074 0.01256 0.0229
0.2449 2.654 7.228 5.42 3.953 2.775 1.654 1.107 0.7559 0.5065 0.3412 0.2545 0.1762 0.122 0.07856 0.05141 0.03761 0.024 0.0183 0.03129
0.2423 2.775 7.309 5.75 3.603 2.628 1.845 1.1 0.7361 0.5026 0.3368 0.2268 0.1692 0.1172 0.08114 0.05224 0.03418 0.02501 0.01596 0.03298
0.2552 2.776 7.722 5.871 3.86 2.419 1.765 1.239 0.7385 0.4942 0.3374 0.2261 0.1523 0.1136 0.07866 0.05447 0.03507 0.02295 0.01679 0.03285
0.2279 2.642 6.989 5.61 3.564 2.344 1.469 1.071 0.752 0.4484 0.3 0.2049 0.1373 0.09246 0.06899 0.04776 0.03307 0.02129 0.01393 0.03014
0.2162 2.447 6.907 5.284 3.546 2.253 1.481 0.9284 0.6772 0.4753 0.2834 0.1896 0.1295 0.08676 0.05844 0.0436 0.03019 0.0209 0.01346 0.02786
0.1729 1.837 5.088 4.161 2.662 1.786 1.135 0.7463 0.4677 0.3412 0.2394 0.1428 0.09554 0.06523 0.04371 0.02944 0.02197 0.01521 0.01053 0.02081
0.1757 1.979 5.152 4.156 2.846 1.821 1.222 0.7763 0.5104 0.3199 0.2333 0.1638 0.09765 0.06535 0.04462 0.0299 0.02014 0.01502 0.0104 0.02144
0.2567 2.561 7.033 5.323 3.595 2.462 1.575 1.057 0.6716 0.4416 0.2768 0.2019 0.1417 0.08448 0.05653 0.0386 0.02586 0.01742 0.013 0.02755
0.2233 2.812 6.83 5.427 3.435 2.32 1.589 1.016 0.682 0.4333 0.2849 0.1786 0.1302 0.09142 0.05451 0.03647 0.0249 0.01669 0.01124 0.02616
0.2108 2.316 7.113 5.001 3.323 2.103 1.42 0.9727 0.6222 0.4176 0.2653 0.1745 0.1093 0.07975 0.05597 0.03337 0.02233 0.01525 0.01022 0.0229
0.1618 1.878 5.052 4.503 2.649 1.76 1.114 0.7523 0.5152 0.3295 0.2212 0.1405 0.09239 0.0579 0.04224 0.02964 0.01768 0.01183 0.008076 0.01754
0.1366 1.541 4.392 3.446 2.572 1.513 1.005 0.6363 0.4297 0.2943 0.1883 0.1263 0.08027 0.05278 0.03308 0.02413 0.01693 0.0101 0.006757 0.01463
0.232 2.465 6.784 5.643 3.71 2.769 1.629 1.082 0.685 0.4626 0.3168 0.2027 0.136 0.08641 0.05682 0.03561 0.02597 0.01823 0.01087 0.02303
0.2788 2.962 7.641 6.077 4.226 2.779 2.074 1.22 0.8106 0.513 0.3465 0.2373 0.1518 0.1019 0.06472 0.04255 0.02667 0.01945 0.01365 0.02539
0.2675 3.205 8.247 6.128 4.071 2.832 1.862 1.39 0.8173 0.5431 0.3437 0.2321 0.159 0.1017 0.06825 0.04336 0.02851 0.01787 0.01303 0.02616
0.2445 2.662 7.744 5.739 3.561 2.366 1.646 1.082 0.8077 0.475 0.3156 0.1998 0.1349 0.0924 0.05911 0.03967 0.0252 0.01657 0.01039 0.02278
0.1677 1.892 5.038 4.238 2.625 1.629 1.083 0.7529 0.495 0.3695 0.2173 0.1444 0.09139 0.06173 0.04227 0.02704 0.01815 0.01153 0.007581 0.01517
0.1471 1.588 4.401 3.417 2.407 1.491 0.9254 0.6149 0.4276 0.2812 0.2099 0.1234 0.08202 0.05191 0.03506 0.02401 0.01536 0.01031 0.006549 0.01292
0.1557 1.759 4.664 3.777 2.457 1.731 1.072 0.6655 0.4421 0.3075 0.2022 0.1509 0.08876 0.05898 0.03733 0.02521 0.01727 0.01104 0.007412 0.014
0.1937 2.18 6.027 4.662 3.162 2.058 1.45 0.898 0.5573 0.3702 0.2575 0.1693 0.1264 0.07433 0.04939 0.03126 0.02111 0.01446 0.009248 0.01793
0.2305 2.669 7.316 5.872 3.802 2.579 1.678 1.182 0.7322 0.4544 0.3019 0.21 0.1381 0.1031 0.06061 0.04027 0.02549 0.01722 0.01179 0.02216
0.2503 2.951 8.288 6.56 4.402 2.85 1.933 1.258 0.8861 0.5489 0.3406 0.2263 0.1574 0.1035 0.07725 0.04543 0.03019 0.01911 0.0129 0.02545
0.1493 1.798 5.178 4.194 2.773 1.861 1.205 0.8171 0.5316 0.3745 0.232 0.144 0.09566 0.06653 0.04374 0.03265 0.0192 0.01276 0.008076 0.01621
0.1475 1.641 4.842 4.06 2.753 1.82 1.221 0.7907 0.5364 0.349 0.2459 0.1523 0.09451 0.06279 0.04368 0.02871 0.02143 0.01261 0.008376 0.01594
