Originally  
101 
A 
42	100	
1	1	NA	NA	
1	20	
1 0 0.199 0.8142 0.1628 0.1086 0.07237 0.1809 0.01809 0.03619 0.1086 0.01809 0.01809 0.01809 0.03619 0.01809 0 0 0 0 0
1 0.04438 0.08876 0.3846 0.4882 0.05917 0.05917 0.04438 0.08876 0.05917 0 0.1036 0 0.04438 0 0.01479 0 0 0 0 0
1 0.05879 0.09799 0.1274 0.2254 0.2352 0.0294 0.0196 0.009799 0.0392 0.009799 0.009799 0.07839 0.009799 0 0 0 0.0196 0 0 0.009799
1 0.084 0.396 0.132 0.096 0.144 0.156 0.036 0.036 0 0.06 0 0 0.048 0 0 0 0.012 0 0 0
1 0.01858 0.2973 0.3159 0.07433 0.02787 0.07433 0.05575 0.01858 0 0 0.01858 0.009291 0 0.009291 0 0 0 0 0 0.009291
1 0.02577 0.116 0.5928 0.2835 0.05154 0.01289 0.07732 0.06443 0 0.02577 0 0 0.01289 0.01289 0 0 0 0.01289 0 0
1 0.03821 0.2064 0.1299 0.2293 0.09936 0.02293 0 0.02293 0.007643 0 0 0 0 0 0 0 0.007643 0 0 0
1 0.009965 0.1694 0.3687 0.1395 0.2691 0.03986 0 0 0 0 0 0 0 0 0 0 0 0 0 0
1 0.006578 0.07894 0.2302 0.1842 0.02631 0.07236 0.04605 0.006578 0 0 0.006578 0 0 0 0 0 0 0 0 0
1 0.0238 0.08727 0.2221 0.1428 0.1666 0.0238 0.07934 0.03173 0 0.007934 0.007934 0 0 0 0 0 0 0 0 0
1 0.04228 0.1606 0.2537 0.1184 0.1015 0.1268 0.02537 0.008455 0.008455 0 0 0 0 0 0 0 0 0 0 0
1 0.05675 0.2189 0.2351 0.1378 0.02432 0.04054 0.03243 0.008107 0.02432 0.01621 0 0 0 0.008107 0.008107 0 0 0 0 0
1 0.05067 0.4687 0.3167 0.1774 0.1013 0.05067 0.03801 0.05067 0 0.01267 0 0 0 0 0 0 0 0 0 0
1 0.01485 0.3267 0.787 0.2376 0.07424 0.01485 0.01485 0 0.01485 0 0 0 0 0 0 0 0 0 0 0
1 0.05069 0.05914 0.2704 0.2957 0.04224 0.06759 0.0169 0.02535 0 0 0.008449 0.008449 0 0 0 0 0 0 0 0
1 0.0206 0.2266 0.1545 0.2472 0.2266 0.1133 0.0103 0 0.0206 0 0.0103 0 0 0 0 0 0 0 0 0
1 0.04753 0.08556 0.3708 0.07605 0.1046 0.1616 0.05704 0.02852 0.009507 0 0 0.009507 0 0 0 0 0 0 0 0
1 0.222 0.296 0.1374 0.1691 0.02114 0.1268 0.02114 0.05285 0 0.01057 0 0 0 0 0 0 0 0 0 0
1 0.01144 0.4805 0.3547 0.08009 0.1144 0.02288 0.04577 0.01144 0.01144 0.01144 0 0 0 0 0 0 0 0 0 0
1 0 0.1349 1.045 0.2529 0.118 0.05058 0.03372 0.01686 0.03372 0 0 0 0 0 0 0 0 0 0 0
1 0.05041 0.1386 0.1764 0.6427 0.126 0.06301 0.03781 0 0.0126 0.0126 0 0 0 0 0 0 0 0 0 0
1 0.01772 0.1506 0.2037 0.09743 0.2746 0.09743 0.008858 0.008858 0 0 0.01772 0.008858 0 0 0 0 0 0 0 0
1 0.01246 0.1184 0.2617 0.08101 0.01246 0.09347 0.01869 0 0.006231 0.006231 0.006231 0.006231 0 0 0 0 0 0 0 0
1 0.03551 0.1065 0.2663 0.2397 0.0799 0.03551 0.09766 0.01776 0.008878 0 0 0 0 0 0 0 0 0 0 0
1 0.03009 0.2031 0.1806 0.1354 0.1279 0.03761 0 0.02257 0 0.007523 0.007523 0 0 0 0 0 0 0 0 0
1 0.04594 0.1746 0.3032 0.1929 0.04594 0.08269 0.04594 0.01838 0.009188 0 0 0 0 0 0 0 0 0 0 0
1 0.02978 0.2978 0.2878 0.1985 0.0794 0.04963 0.01985 0.009926 0 0.01985 0 0 0 0 0 0 0 0 0 0
1 0 0.08409 0.3448 0.2439 0.06727 0.05886 0.02523 0.008409 0 0.008409 0 0 0 0 0 0 0 0 0 0
1 0.04894 0.02447 0.2202 0.2284 0.155 0.08972 0.01631 0 0.008156 0.008156 0 0.008156 0.008156 0 0 0 0 0 0 0
1 0.07072 0.2051 0.03536 0.1202 0.1414 0.08487 0.02122 0.007072 0.01414 0 0.007072 0 0 0 0 0 0 0 0 0
1 0 0.3043 0.115 0.006762 0.06086 0.115 0.04057 0.02029 0.01352 0 0 0 0 0 0 0 0 0 0 0
1 0.007753 0.03101 0.5194 0.09303 0.007753 0.04652 0.03101 0.02326 0 0.007753 0 0.007753 0 0 0 0 0 0 0 0
1 0 0.1592 0.08682 0.3183 0.05065 0.01447 0.007235 0.06512 0.01447 0 0 0.007235 0 0 0 0 0 0 0 0
1 0.0264 0.02262 0.1056 0.04902 0.1131 0.01508 0.003771 0.01131 0.02262 0.003771 0.003771 0 0 0 0 0 0 0 0 0
1 0.007232 0.2531 0.05786 0.1591 0.05786 0.1302 0.02893 0 0.0217 0 0.007232 0 0 0 0 0 0 0 0 0
1 0.02466 0.07398 0.376 0.03699 0.03082 0.01233 0.04932 0.006165 0 0 0.006165 0 0 0 0 0 0 0 0 0
1 0.01378 0.2687 0.1378 0.2136 0.01378 0.006889 0.006889 0.02067 0 0 0.006889 0 0 0 0 0 0 0 0 0
1 0.008307 0.08307 0.5316 0.09137 0.07476 0.008307 0.008307 0.008307 0 0.008307 0 0.008307 0 0 0 0 0 0 0 0
1 0.03279 0.1115 0.1049 0.2623 0.05247 0.07214 0.006558 0 0.006558 0.006558 0 0 0 0 0 0 0 0 0 0
1 0.01959 0.124 0.1632 0.07834 0.1828 0.01306 0.05876 0.006528 0 0 0.006528 0 0 0 0 0 0 0 0 0
1 0.01922 0.08168 0.2066 0.04324 0.01922 0.08168 0.01441 0.009609 0 0.004804 0 0 0 0 0 0 0 0 0 0
1 0.009791 0.1175 0.3329 0.3133 0.07833 0.03916 0.05875 0.01958 0.009791 0 0 0 0 0 0 0 0 0 0 0
1 0.01581 0.1844 0.09486 0.08959 0.07905 0.02108 0 0.03162 0 0.01054 0 0 0 0 0 0 0 0 0 0
1 0.02668 0.06403 0.2615 0.08004 0.02668 0.03202 0.02668 0.005336 0.01067 0 0 0 0 0 0 0 0 0 0 0
1 0.006768 0.06768 0.203 0.2301 0.06091 0.06091 0.02707 0.006768 0.006768 0.006768 0 0 0 0 0 0 0 0 0 0
1 0.008532 0.05546 0.1365 0.1024 0.08958 0.01706 0.004266 0.0128 0 0 0 0 0 0 0 0 0 0 0 0
1 0.03015 0.06531 0.1206 0.1055 0.08039 0.06531 0.005024 0.005024 0.02512 0 0 0 0 0 0 0 0 0 0 0
1 0 0.2054 0.2054 0.07289 0.05301 0.05964 0.03976 0.006627 0 0.01988 0 0 0 0 0 0 0 0 0 0
1 0.02241 0.07471 0.3362 0.142 0.06724 0.04483 0.02241 0.02988 0.007471 0 0 0 0 0 0 0 0 0 0 0
1 0.005954 0.1727 0.1191 0.1548 0.0655 0.05359 0.01786 0 0.005954 0 0 0 0 0 0 0 0 0 0 0
1 0.02035 0.02035 0.2289 0.06612 0.117 0.02035 0.01017 0.01017 0.01017 0 0 0 0.005086 0 0 0 0 0 0 0
1 0.006068 0.2912 0.06674 0.1396 0.02427 0.05461 0.006068 0 0 0.006068 0.01214 0 0 0 0 0 0 0 0 0
1 0.03479 0.04638 0.3015 0.05798 0.08117 0.0116 0.005798 0.01739 0.005798 0.005798 0.0116 0 0 0 0 0 0 0 0 0
1 0.01773 0.3458 0.1419 0.266 0.008867 0.03547 0.0266 0.0266 0.01773 0 0 0 0 0 0 0 0 0 0 0
1 0.02283 0.1484 0.6964 0.07992 0.137 0.01142 0.03425 0 0.01142 0 0 0 0 0 0 0 0 0 0 0
1 0 0.1224 0.1912 0.3519 0.02295 0.0459 0.007649 0.02295 0 0 0 0 0 0 0 0 0 0 0 0
1 0 0.02608 0.09998 0.09129 0.1521 0.02173 0.03043 0 0.004347 0 0.004347 0.004347 0 0 0 0 0 0 0 0
1 0.04814 0.06565 0.07441 0.0569 0.06565 0.08316 0.01751 0.008754 0 0.01313 0 0.004377 0 0 0 0 0 0 0 0
1 0.006837 0.4102 0.1094 0.03419 0.03419 0.02051 0.04102 0 0.02051 0 0.006837 0 0 0 0 0 0 0 0 0
