 landings-at-age - landings.n (units : NA )
1	2	
42	100	
1	20	
1 
0.388 14.63 53.22 10.97 9.169 4.821 14.81 3.682 3.014 12.57 1.042 1.442 0.9136 0.744 0.4447 0.3993 0.2357 0.5146 0.1747 0.3011
0.5357 4.738 40.16 39.11 6.631 5.545 2.915 8.954 2.226 1.823 7.603 0.6299 0.8722 0.5524 0.4499 0.2689 0.2414 0.1425 0.3112 0.2877
1.318 5.291 10.57 23.77 19 3.221 2.694 1.416 4.35 1.082 0.8855 3.693 0.306 0.4238 0.2684 0.2186 0.1306 0.1173 0.06923 0.291
1.599 14.08 12.82 6.861 12.7 10.15 1.721 1.439 0.7567 2.324 0.5778 0.473 1.973 0.1635 0.2264 0.1434 0.1168 0.06979 0.06266 0.1924
0.5933 18.17 36.18 8.846 3.898 7.215 5.766 0.9776 0.8175 0.4298 1.32 0.3283 0.2687 1.121 0.09287 0.1286 0.08145 0.06633 0.03965 0.1449
1.576 6.463 44.75 23.85 4.796 2.113 3.912 3.126 0.5301 0.4432 0.2331 0.7158 0.178 0.1457 0.6077 0.05035 0.06973 0.04416 0.03597 0.1001
0.8307 17.95 16.59 30.74 13.47 2.709 1.194 2.209 1.766 0.2994 0.2504 0.1316 0.4043 0.1005 0.0823 0.3433 0.02844 0.03938 0.02494 0.07684
0.5651 8.267 40.49 9.995 15.21 6.667 1.34 0.5907 1.093 0.8739 0.1482 0.1239 0.06514 0.2001 0.04975 0.04073 0.1699 0.01407 0.01949 0.05037
0.8722 7.084 23.32 30.67 6.233 9.486 4.158 0.8361 0.3684 0.6819 0.545 0.0924 0.07727 0.04063 0.1248 0.03103 0.0254 0.1059 0.008778 0.04357
0.7313 9.103 16.63 14.53 15.68 3.187 4.85 2.126 0.4275 0.1884 0.3487 0.2787 0.04725 0.03951 0.02077 0.0638 0.01586 0.01299 0.05417 0.02677
1.602 8.252 23.08 11.23 8.06 8.701 1.768 2.691 1.18 0.2372 0.1045 0.1935 0.1546 0.02621 0.02192 0.01153 0.0354 0.008802 0.007206 0.04491
2.235 16.68 19.35 14.38 5.747 4.125 4.453 0.905 1.377 0.6037 0.1214 0.05349 0.099 0.07913 0.01342 0.01122 0.005899 0.01812 0.004505 0.02667
1.248 23.6 39.82 12.34 7.54 3.013 2.162 2.334 0.4744 0.722 0.3165 0.06363 0.02804 0.0519 0.04148 0.007033 0.005881 0.003092 0.009497 0.01634
0.3133 14.05 60 27.11 6.913 4.223 1.687 1.211 1.307 0.2657 0.4044 0.1773 0.03564 0.0157 0.02907 0.02323 0.003939 0.003294 0.001732 0.01447
1.076 3.502 35.38 40.34 14.99 3.821 2.334 0.9326 0.6694 0.7226 0.1469 0.2235 0.09797 0.0197 0.00868 0.01607 0.01284 0.002177 0.00182 0.008956
0.7104 10.91 8.034 21.65 20.29 7.535 1.921 1.174 0.4689 0.3366 0.3633 0.07384 0.1124 0.04926 0.009904 0.004364 0.008078 0.006457 0.001095 0.005419
1.401 8.743 30.18 5.958 13.22 12.38 4.599 1.173 0.7164 0.2862 0.2054 0.2218 0.04507 0.06859 0.03007 0.006046 0.002664 0.004931 0.003941 0.003976
3.02 14.02 19.74 18.09 2.931 6.501 6.091 2.262 0.5769 0.3524 0.1408 0.1011 0.1091 0.02217 0.03374 0.01479 0.002974 0.00131 0.002426 0.003894
0.5261 32.57 34.23 12.9 9.726 1.576 3.495 3.275 1.216 0.3102 0.1895 0.07569 0.05433 0.05865 0.01192 0.01814 0.007952 0.001599 0.0007045 0.003398
0.7721 6.354 88.4 24.86 7.71 5.812 0.9416 2.088 1.957 0.7269 0.1853 0.1132 0.04523 0.03247 0.03505 0.007123 0.01084 0.004752 0.0009554 0.002451
0.9754 8.353 15.41 56.86 13.13 4.07 3.068 0.4971 1.103 1.033 0.3837 0.09784 0.05977 0.02388 0.01714 0.0185 0.00376 0.005723 0.002509 0.001799
0.7528 10.79 20.69 10.13 30.68 7.081 2.196 1.655 0.2682 0.5948 0.5573 0.207 0.05279 0.03224 0.01288 0.009247 0.009981 0.002029 0.003087 0.002324
0.7089 7.452 24.09 12.27 4.928 14.92 3.445 1.068 0.8052 0.1304 0.2893 0.2711 0.1007 0.02568 0.01569 0.006267 0.004498 0.004855 0.0009869 0.002632
0.9802 7.974 18.93 16.38 6.861 2.756 8.346 1.927 0.5974 0.4503 0.07296 0.1618 0.1516 0.05632 0.01436 0.008773 0.003505 0.002516 0.002716 0.002024
1.059 10.61 19.5 12.36 8.791 3.682 1.479 4.48 1.034 0.3206 0.2417 0.03916 0.08686 0.08138 0.03023 0.007708 0.004709 0.001881 0.00135 0.002544
1.337 11.69 26.44 12.98 6.764 4.812 2.015 0.8097 2.452 0.566 0.1755 0.1323 0.02143 0.04754 0.04454 0.01654 0.004219 0.002577 0.00103 0.002131
0.5823 13.73 27.22 16.45 6.637 3.459 2.461 1.031 0.4141 1.254 0.2894 0.08975 0.06766 0.01096 0.02431 0.02278 0.008461 0.002158 0.001318 0.001617
0.1036 7.14 37.9 20.15 10.02 4.044 2.108 1.499 0.628 0.2523 0.764 0.1764 0.05468 0.04122 0.006678 0.01481 0.01388 0.005155 0.001315 0.001788
0.5811 1.07 16.62 23.44 10.23 5.089 2.053 1.07 0.7612 0.3188 0.1281 0.3879 0.08954 0.02776 0.02093 0.003391 0.007521 0.007046 0.002617 0.001575
1.425 5.899 2.465 10.23 11.86 5.177 2.576 1.039 0.5416 0.3853 0.1614 0.06483 0.1963 0.04532 0.01405 0.01059 0.001716 0.003807 0.003567 0.002122
0.249 16.72 15.65 1.758 6.009 6.966 3.04 1.512 0.6102 0.318 0.2262 0.09476 0.03807 0.1153 0.02661 0.008251 0.00622 0.001008 0.002235 0.00334
0.5387 2.692 40.83 10.21 0.9433 3.225 3.739 1.631 0.8117 0.3275 0.1707 0.1214 0.05085 0.02043 0.06187 0.01428 0.004428 0.003338 0.0005408 0.002992
0.1508 6.187 6.961 28.22 5.805 0.5361 1.833 2.125 0.9272 0.4613 0.1861 0.09699 0.069 0.0289 0.01161 0.03516 0.008116 0.002517 0.001897 0.002008
1.157 1.577 14.6 4.373 14.56 2.995 0.2766 0.9457 1.096 0.4784 0.238 0.09603 0.05005 0.0356 0.01491 0.005991 0.01814 0.004188 0.001298 0.002015
0.4062 12.04 3.72 9.213 2.269 7.554 1.554 0.1435 0.4907 0.5688 0.2482 0.1235 0.04983 0.02597 0.01847 0.007738 0.003109 0.009413 0.002173 0.001719
1.406 4.536 30.48 2.529 5.155 1.27 4.227 0.8696 0.08031 0.2746 0.3183 0.1389 0.0691 0.02788 0.01453 0.01034 0.00433 0.001739 0.005267 0.002178
0.283 16.78 12.19 21.92 1.496 3.05 0.7512 2.501 0.5145 0.04752 0.1625 0.1883 0.08218 0.04089 0.0165 0.008597 0.006116 0.002562 0.001029 0.004405
0.3666 2.831 37.93 7.325 10.82 0.7385 1.505 0.3707 1.234 0.2539 0.02345 0.08017 0.09294 0.04056 0.02018 0.008141 0.004243 0.003018 0.001264 0.002682
0.783 4.171 7.275 26.11 4.149 6.127 0.4183 0.8526 0.21 0.6991 0.1438 0.01328 0.04541 0.05264 0.02297 0.01143 0.004611 0.002403 0.00171 0.002235
0.4845 9.124 10.91 5.073 14.97 2.378 3.512 0.2397 0.4887 0.1203 0.4007 0.08243 0.007613 0.02603 0.03017 0.01317 0.006551 0.002643 0.001377 0.002261
0.3923 4.772 20.29 6.439 2.457 7.25 1.152 1.701 0.1161 0.2367 0.0583 0.1941 0.03993 0.003688 0.01261 0.01462 0.006378 0.003173 0.00128 0.001763
0.9957 4.435 12.18 13.88 3.624 1.383 4.081 0.6483 0.9574 0.06535 0.1332 0.03281 0.1092 0.02247 0.002075 0.007096 0.008226 0.00359 0.001786 0.001712
0.5748 10.68 10.75 7.894 7.391 1.93 0.7366 2.173 0.3453 0.5099 0.03481 0.07095 0.01747 0.05818 0.01197 0.001105 0.003779 0.004381 0.001912 0.001863
0.5234 6.433 26.99 7.267 4.387 4.107 1.073 0.4093 1.208 0.1919 0.2834 0.01934 0.03943 0.009711 0.03233 0.006652 0.0006143 0.0021 0.002435 0.002098
0.4459 5.357 14.92 16.73 3.702 2.235 2.092 0.5464 0.2085 0.6153 0.09775 0.1444 0.009854 0.02009 0.004947 0.01647 0.003389 0.0003129 0.00107 0.002309
0.4777 5.012 13.64 10.21 9.423 2.085 1.259 1.179 0.3078 0.1175 0.3466 0.05507 0.08132 0.005551 0.01132 0.002787 0.009279 0.001909 0.0001763 0.001904
0.847 5.537 13.1 9.546 5.878 5.425 1.201 0.7248 0.6786 0.1772 0.06763 0.1995 0.0317 0.04682 0.003196 0.006515 0.001604 0.005342 0.001099 0.001197
0.2958 9.427 13.85 8.723 5.224 3.216 2.969 0.657 0.3966 0.3713 0.09697 0.03701 0.1092 0.01735 0.02562 0.001749 0.003565 0.000878 0.002923 0.001257
0.8153 3.263 23.34 9.112 4.712 2.822 1.737 1.604 0.3549 0.2143 0.2006 0.05238 0.01999 0.05898 0.009371 0.01384 0.0009447 0.001926 0.0004743 0.002258
0.1872 7.963 7.211 13.72 4.397 2.274 1.362 0.8383 0.7737 0.1712 0.1034 0.09679 0.02527 0.009646 0.02846 0.004522 0.006677 0.0004558 0.0009292 0.001318
1.205 2.299 22.01 5.343 8.367 2.682 1.387 0.8305 0.5113 0.4719 0.1044 0.06305 0.05903 0.01542 0.005883 0.01736 0.002758 0.004073 0.000278 0.001371
0.2925 12.78 5.482 13.93 2.776 4.346 1.393 0.7204 0.4314 0.2656 0.2451 0.05425 0.03275 0.03067 0.008008 0.003056 0.009017 0.001433 0.002116 0.0008565
1.629 3.242 31.83 3.631 7.577 1.51 2.365 0.7579 0.3919 0.2347 0.1445 0.1334 0.02952 0.01782 0.01668 0.004357 0.001663 0.004906 0.0007795 0.001617
0.6266 16.4 7.371 19.26 1.804 3.765 0.7503 1.175 0.3766 0.1947 0.1166 0.0718 0.06627 0.01467 0.008854 0.00829 0.002165 0.0008262 0.002438 0.001191
0.4778 6.797 40.3 4.858 10.44 0.9781 2.041 0.4068 0.637 0.2042 0.1056 0.06322 0.03893 0.03593 0.007951 0.0048 0.004494 0.001174 0.0004479 0.001967
0.2277 5.496 17.65 28.06 2.783 5.981 0.5603 1.169 0.233 0.3649 0.117 0.06048 0.03622 0.0223 0.02058 0.004555 0.00275 0.002575 0.0006724 0.001384
0.4012 2.557 13.89 11.9 15.54 1.542 3.313 0.3104 0.6477 0.1291 0.2021 0.06479 0.0335 0.02006 0.01235 0.0114 0.002523 0.001523 0.001426 0.001139
2.153 4.143 5.961 8.62 6.065 7.925 0.786 1.689 0.1582 0.3302 0.06581 0.1031 0.03303 0.01708 0.01023 0.006298 0.005813 0.001286 0.0007766 0.001308
0.6704 25.66 11.09 4.264 5.072 3.568 4.662 0.4624 0.9939 0.0931 0.1943 0.03872 0.06063 0.01943 0.01005 0.006018 0.003706 0.00342 0.0007569 0.001226
