 landings-at-age - landings.n (units : NA )
1	2	
42	100	
1	20	
1 
0.9665 8.036 21.33 19.36 9.829 9.526 34.2 7.31 2.042 1.217 1.051 0.9313 0.5554 0.2702 0.4748 0.2393 0.08106 0.05265 0.3158 0.3265
2.162 11.8 22.05 15.67 11.71 5.944 5.761 20.68 4.42 1.235 0.7357 0.6353 0.5631 0.3358 0.1634 0.2871 0.1447 0.04901 0.03184 0.3884
1.457 21.36 26.32 13.05 7.614 5.688 2.887 2.799 10.05 2.147 0.5998 0.3574 0.3086 0.2736 0.1632 0.07936 0.1395 0.07031 0.02381 0.2042
0.9386 15.56 51.73 17.09 6.974 4.067 3.039 1.543 1.495 5.367 1.147 0.3204 0.1909 0.1649 0.1462 0.08716 0.0424 0.07452 0.03756 0.1218
1.602 10.66 40 35.7 9.708 3.962 2.311 1.726 0.8763 0.8493 3.049 0.6517 0.182 0.1085 0.09367 0.08303 0.04952 0.02409 0.04233 0.09053
0.6534 17.45 26.27 26.37 19.36 5.264 2.148 1.253 0.936 0.4751 0.4605 1.653 0.3534 0.09869 0.05881 0.05079 0.04502 0.02685 0.01306 0.07204
0.7802 7.44 44.8 18.04 14.9 10.93 2.973 1.213 0.7076 0.5287 0.2684 0.2601 0.9337 0.1996 0.05574 0.03322 0.02869 0.02543 0.01516 0.04807
0.5902 7.764 16.79 26.98 8.927 7.371 5.411 1.471 0.6004 0.3502 0.2616 0.1328 0.1287 0.462 0.09877 0.02758 0.01644 0.0142 0.01258 0.03129
1.918 7.399 21.9 12.72 16.83 5.568 4.597 3.375 0.9176 0.3745 0.2184 0.1632 0.08283 0.08028 0.2882 0.0616 0.0172 0.01025 0.008854 0.02736
3.668 20.02 17.37 13.64 6.502 8.604 2.847 2.351 1.726 0.4692 0.1915 0.1117 0.08343 0.04235 0.04105 0.1474 0.0315 0.008797 0.005242 0.01852
0.6447 41.39 50.75 11.73 7.57 3.607 4.774 1.579 1.304 0.9574 0.2603 0.1062 0.06196 0.04629 0.0235 0.02277 0.08175 0.01748 0.004881 0.01318
0.5706 6.714 97.08 31.64 6.002 3.874 1.846 2.443 0.8083 0.6675 0.4899 0.1332 0.05437 0.03171 0.02369 0.01203 0.01166 0.04184 0.008944 0.009245
0.5787 6.025 16.03 61.91 16.58 3.146 2.031 0.9678 1.281 0.4237 0.3499 0.2568 0.06984 0.0285 0.01662 0.01242 0.006304 0.00611 0.02193 0.009535
0.531 6.514 15.32 10.91 34.68 9.288 1.762 1.137 0.542 0.7173 0.2373 0.196 0.1438 0.03911 0.01596 0.009309 0.006955 0.003531 0.003422 0.01762
1.937 5.936 16.41 10.3 6.033 19.17 5.134 0.974 0.6287 0.2996 0.3965 0.1312 0.1083 0.07951 0.02162 0.008823 0.005146 0.003844 0.001951 0.01163
0.8663 19.62 13.62 10.04 5.179 3.033 9.637 2.581 0.4898 0.3161 0.1506 0.1993 0.06596 0.05446 0.03998 0.01087 0.004436 0.002587 0.001933 0.00683
0.291 10.66 54.3 10.1 6.128 3.161 1.851 5.882 1.576 0.2989 0.193 0.09195 0.1217 0.04026 0.03324 0.0244 0.006635 0.002708 0.001579 0.005349
0.5563 2.912 24.07 32.55 4.968 3.015 1.555 0.9107 2.894 0.775 0.147 0.09491 0.04523 0.05985 0.0198 0.01635 0.012 0.003264 0.001332 0.003408
1.134 5.999 7.11 15.73 17.5 2.671 1.621 0.836 0.4896 1.556 0.4167 0.07906 0.05103 0.02432 0.03218 0.01065 0.008792 0.006453 0.001755 0.002548
1.56 13.69 16.28 5.164 9.401 10.46 1.596 0.9685 0.4996 0.2926 0.9296 0.249 0.04724 0.03049 0.01453 0.01923 0.006362 0.005254 0.003856 0.002571
0.3504 16.87 33.22 10.47 2.726 4.963 5.52 0.8426 0.5113 0.2637 0.1545 0.4907 0.1315 0.02494 0.0161 0.007671 0.01015 0.003359 0.002773 0.003393
0.4318 3.874 41.8 21.83 5.651 1.471 2.677 2.978 0.4546 0.2758 0.1423 0.08333 0.2648 0.07092 0.01345 0.008684 0.004138 0.005477 0.001812 0.003327
1.319 4.274 8.653 24.78 10.62 2.749 0.7155 1.302 1.449 0.2211 0.1342 0.06921 0.04054 0.1288 0.0345 0.006545 0.004224 0.002013 0.002664 0.0025
0.7087 14.84 10.86 5.884 13.86 5.939 1.537 0.4002 0.7284 0.8102 0.1237 0.07504 0.03871 0.02267 0.07203 0.01929 0.003661 0.002363 0.001126 0.002888
0.5052 7.675 36.28 7.088 3.158 7.439 3.188 0.8252 0.2148 0.391 0.4349 0.06638 0.04028 0.02078 0.01217 0.03866 0.01036 0.001965 0.001268 0.002155
1.348 5.576 19.12 24.15 3.88 1.728 4.071 1.745 0.4516 0.1175 0.214 0.238 0.03633 0.02204 0.01137 0.00666 0.02116 0.005668 0.001075 0.001873
0.3513 13.85 12.98 11.89 12.35 1.984 0.884 2.082 0.8923 0.231 0.06012 0.1094 0.1217 0.01858 0.01127 0.005815 0.003406 0.01082 0.002899 0.001508
0.2924 4.308 38.22 9.608 7.247 7.525 1.209 0.5386 1.269 0.5436 0.1407 0.03663 0.06668 0.07416 0.01132 0.006869 0.003543 0.002075 0.006594 0.002685
1.308 3.021 10.03 23.64 4.878 3.68 3.82 0.6138 0.2734 0.6441 0.276 0.07145 0.0186 0.03385 0.03765 0.005748 0.003488 0.001799 0.001054 0.004711
1.304 13.28 6.957 6.174 11.96 2.469 1.862 1.934 0.3107 0.1384 0.326 0.1397 0.03617 0.009413 0.01714 0.01906 0.002909 0.001765 0.0009106 0.002918
2.528 15.29 35.22 4.961 3.625 7.025 1.45 1.094 1.135 0.1824 0.08127 0.1914 0.08203 0.02124 0.005527 0.01006 0.01119 0.001708 0.001037 0.002248
0.4316 27.33 37.35 22.99 2.662 1.946 3.77 0.778 0.5869 0.6093 0.09789 0.04361 0.1027 0.04402 0.0114 0.002966 0.0054 0.006006 0.0009167 0.001763
1.866 4.956 70.67 25.81 13.06 1.513 1.106 2.142 0.4422 0.3335 0.3463 0.05563 0.02479 0.05838 0.02502 0.006477 0.001686 0.003069 0.003413 0.001523
0.4428 19.52 11.69 44.39 13.32 6.741 0.7807 0.5705 1.105 0.2282 0.1721 0.1787 0.02871 0.01279 0.03013 0.01291 0.003342 0.0008698 0.001583 0.002547
1.043 4.608 46.05 7.38 23.03 6.911 3.498 0.4051 0.296 0.5736 0.1184 0.0893 0.09271 0.01489 0.006636 0.01563 0.006698 0.001734 0.0004513 0.002143
1.616 11.64 11.66 31.3 4.13 12.89 3.867 1.957 0.2267 0.1656 0.3209 0.06624 0.04996 0.05188 0.008334 0.003713 0.008746 0.003748 0.0009703 0.001452
0.4848 19.29 31.27 8.386 18.52 2.443 7.626 2.288 1.158 0.1341 0.09801 0.1899 0.03919 0.02956 0.03069 0.004931 0.002197 0.005175 0.002218 0.001433
0.3425 4.85 43.6 18.8 4.139 9.141 1.206 3.764 1.129 0.5715 0.06619 0.04837 0.09372 0.01934 0.01459 0.01515 0.002434 0.001084 0.002554 0.001802
0.6556 3.897 12.46 30.02 10.65 2.344 5.178 0.683 2.132 0.6396 0.3237 0.03749 0.0274 0.05308 0.01096 0.008264 0.00858 0.001378 0.0006141 0.002467
2.384 7.639 10.19 8.69 17.2 6.103 1.343 2.967 0.3914 1.222 0.3666 0.1855 0.02149 0.0157 0.03042 0.006279 0.004736 0.004918 0.00079 0.001766
0.8023 23.47 16.98 6.016 4.21 8.334 2.956 0.6508 1.438 0.1896 0.5919 0.1776 0.08987 0.01041 0.007606 0.01474 0.003042 0.002294 0.002382 0.001238
2.759 9.07 59.94 11.62 3.386 2.369 4.69 1.664 0.3663 0.809 0.1067 0.3331 0.09994 0.05058 0.005858 0.004281 0.008295 0.001712 0.001291 0.002038
1.54 29.61 21.99 38.83 6.188 1.803 1.262 2.498 0.8861 0.1951 0.4309 0.05684 0.1774 0.05322 0.02694 0.00312 0.00228 0.004417 0.0009117 0.001773
1.825 17.23 74.79 14.86 21.58 3.439 1.002 0.7012 1.388 0.4925 0.1084 0.2395 0.03159 0.09859 0.02958 0.01497 0.001734 0.001267 0.002455 0.001492
1.056 18.68 39.97 46.35 7.571 10.99 1.752 0.5105 0.3572 0.7072 0.2509 0.05523 0.122 0.01609 0.05023 0.01507 0.007626 0.0008833 0.0006455 0.002011
0.4995 11.87 47.56 27.35 26.11 4.265 6.193 0.9869 0.2876 0.2012 0.3984 0.1413 0.03111 0.06872 0.009065 0.02829 0.008489 0.004296 0.0004976 0.001496
0.67 5.79 31.02 33.28 15.75 15.03 2.455 3.565 0.5681 0.1656 0.1159 0.2294 0.08136 0.01791 0.03956 0.005219 0.01629 0.004887 0.002473 0.001148
0.7401 7.457 14.48 20.66 18.21 8.616 8.226 1.344 1.951 0.3109 0.0906 0.0634 0.1255 0.04452 0.009801 0.02165 0.002856 0.008913 0.002674 0.001982
4.015 8.164 18.46 9.528 11.16 9.839 4.655 4.444 0.7259 1.054 0.1679 0.04894 0.03425 0.0678 0.02405 0.005295 0.01169 0.001543 0.004815 0.002515
2.598 39.22 18.04 10.85 4.597 5.385 4.747 2.246 2.144 0.3502 0.5085 0.08103 0.02361 0.01652 0.03271 0.0116 0.002555 0.005643 0.0007444 0.003537
1.417 31.92 108.4 13.37 6.618 2.804 3.284 2.895 1.37 1.308 0.2136 0.3102 0.04942 0.0144 0.01008 0.01995 0.007078 0.001558 0.003442 0.002611
0.7022 15.03 76.1 68.59 6.945 3.438 1.457 1.706 1.504 0.7116 0.6793 0.111 0.1611 0.02567 0.007482 0.005236 0.01036 0.003677 0.0008094 0.003144
1.608 7.782 37.43 50.41 37.32 3.778 1.871 0.7925 0.9283 0.8183 0.3871 0.3696 0.06037 0.08766 0.01397 0.004071 0.002849 0.005639 0.002 0.002151
0.7785 16.18 17.7 22.65 25.04 18.54 1.877 0.9293 0.3937 0.4612 0.4066 0.1923 0.1836 0.02999 0.04355 0.00694 0.002022 0.001415 0.002802 0.002063
2.571 8.444 39.77 11.66 12.28 13.58 10.05 1.018 0.5039 0.2135 0.25 0.2204 0.1043 0.09956 0.01626 0.02361 0.003763 0.001096 0.0007673 0.002637
3.307 29.57 21.93 27.69 6.681 7.034 7.778 5.759 0.5831 0.2886 0.1223 0.1432 0.1263 0.05974 0.05703 0.009316 0.01353 0.002156 0.0006281 0.00195
1.358 37.13 74.72 14.78 15.34 3.701 3.896 4.309 3.19 0.323 0.1599 0.06774 0.07935 0.06995 0.03309 0.03159 0.005161 0.007494 0.001194 0.001428
0.3956 14.02 86.56 46.38 7.536 7.82 1.887 1.986 2.197 1.626 0.1647 0.08152 0.03454 0.04046 0.03566 0.01687 0.01611 0.002631 0.003821 0.001337
1.051 4.714 37.52 61.92 27.29 4.433 4.601 1.11 1.169 1.292 0.9569 0.09688 0.04796 0.02032 0.0238 0.02098 0.009927 0.009477 0.001548 0.003035
