Originally  
101 
A 
42	100	
1	1	NA	NA	
1	20	
1 0.03856 0.1543 0.3599 0.2057 0.1414 0.1028 0.07713 0.08998 0.05142 0 0.01285 0.02571 0 0.01285 0.01285 0 0 0 0 0
1 0.02865 0.2865 0.3725 0.3438 0.1289 0.08596 0.08596 0.02865 0.04298 0.02865 0 0 0 0 0 0 0 0 0 0
1 0.01564 0.2972 0.5476 0.266 0.2347 0.1095 0.06258 0.01564 0 0 0 0.01564 0 0 0 0 0 0 0 0
1 0.0501 0.4175 0.5512 0.2171 0.167 0.1336 0.0501 0.0334 0.0167 0 0 0.0334 0 0 0 0 0 0 0 0
1 0.04937 0.3456 0.6253 0.2304 0.09873 0.1646 0.03291 0.03291 0.01646 0.01646 0 0.01646 0.01646 0 0 0 0 0 0 0
1 0.05412 0.5231 0.5231 0.3247 0.1443 0.1263 0.01804 0.03608 0.01804 0.01804 0 0 0 0 0 0.01804 0 0 0 0
1 0.02304 0.2189 0.3687 0.2419 0.1728 0.03456 0.03456 0.03456 0.01152 0.01152 0 0 0 0 0 0 0 0 0 0
1 0.06088 0.3653 0.4262 0.3044 0.1522 0.09132 0.0761 0.01522 0.01522 0 0 0 0.01522 0 0 0 0 0 0 0
1 0.01151 0.2648 0.403 0.1842 0.1151 0.09211 0.04606 0.01151 0 0 0 0 0 0 0.01151 0 0.01151 0 0 0
1 0.02627 0.2496 0.4597 0.3415 0.1576 0.01313 0.0394 0 0.02627 0 0 0 0 0 0 0 0 0 0 0
1 0.06742 0.4214 0.3876 0.4214 0.1517 0.1011 0.08427 0.01685 0 0.01685 0 0.01685 0 0 0 0 0 0 0 0
1 0.08561 0.3595 0.5136 0.3082 0.1883 0.1198 0.08561 0.01712 0 0.01712 0.01712 0 0 0 0 0 0 0 0 0
1 0.02074 0.5186 0.726 0.3941 0.2282 0.08297 0.04149 0 0.04149 0.02074 0 0 0 0 0 0 0 0 0 0
1 0.03757 0.3256 0.3757 0.2505 0.1628 0.03757 0.02505 0.03757 0 0 0 0 0 0 0 0 0 0 0 0
1 0.06284 0.2828 0.597 0.3928 0.11 0.04713 0.04713 0 0.01571 0 0 0 0.01571 0 0 0 0 0 0 0
1 0.159 0.3975 0.9009 0.636 0.2915 0.106 0.0265 0.0265 0.0265 0.0265 0.053 0 0 0 0 0 0 0 0 0
1 0.02689 0.2824 0.4168 0.242 0.2286 0.05379 0.04034 0.02689 0.02689 0 0 0 0 0 0 0 0 0 0 0
1 0 0.2967 0.4887 0.3316 0.3316 0.1571 0.08727 0.05236 0 0 0 0 0 0 0 0 0 0 0 0
1 0.02513 0.2388 0.4775 0.2262 0.1131 0.0754 0.05026 0.01257 0.0377 0 0 0 0 0 0 0 0 0 0 0
1 0.03811 0.2668 0.4573 0.2414 0.1143 0.05081 0.07622 0.0127 0.0127 0 0 0 0 0 0 0 0 0 0 0
1 0.007791 0.148 0.2649 0.1792 0.07791 0.03896 0.03117 0.01558 0.01558 0 0 0 0 0 0 0 0 0 0 0
1 0.0275 0.1559 0.22 0.1834 0.1284 0.1009 0.04584 0.009168 0.01834 0 0.009168 0 0.009168 0.009168 0 0 0 0 0 0
1 0.01919 0.1919 0.2879 0.2111 0.1343 0.03838 0.03838 0.02879 0 0.009595 0 0 0 0 0 0 0 0 0 0
1 0.0223 0.1709 0.2304 0.1189 0.09661 0.02973 0.04459 0.01486 0 0.007432 0.007432 0 0 0 0 0 0 0 0 0
1 0.01299 0.3898 0.3248 0.1819 0.07796 0.1299 0.09095 0.05197 0 0.02599 0.01299 0 0 0 0 0 0 0 0 0
1 0.04025 0.2415 0.3018 0.2113 0.09055 0.03018 0.06037 0.02012 0 0 0 0 0 0.01006 0 0 0 0 0 0
1 0.04301 0.1613 0.3334 0.2473 0.129 0.04301 0.04301 0.05377 0.01075 0.01075 0 0 0 0 0 0 0 0 0 0
1 0.05158 0.1444 0.3714 0.196 0.09284 0.08252 0.04126 0.01032 0.03095 0 0.01032 0 0 0 0 0 0 0 0 0
1 0.0164 0.164 0.205 0.2378 0.0902 0.041 0.0164 0.0246 0.0082 0 0 0.0082 0 0 0.0082 0 0 0 0 0
1 0.01604 0.1443 0.2165 0.2085 0.06415 0.08018 0.03207 0.02405 0.008018 0.008018 0 0 0 0 0 0 0 0 0 0
1 0.01114 0.07243 0.195 0.156 0.05014 0.02229 0.03343 0 0.01114 0 0 0.005571 0 0 0 0 0 0 0 0
1 0.01927 0.07707 0.1493 0.1011 0.05298 0.03372 0.0289 0.004817 0.004817 0.004817 0 0 0 0.004817 0 0 0 0 0 0
1 0.01211 0.109 0.224 0.1029 0.05449 0.06054 0.01816 0.01211 0 0 0.01211 0 0 0 0 0 0 0 0 0
1 0.01974 0.1448 0.2237 0.1053 0.03948 0.03948 0.01316 0.01974 0.01316 0.01316 0.01316 0 0.00658 0.00658 0 0 0 0 0 0
1 0.004613 0.07843 0.1707 0.07843 0.04152 0.03229 0.03229 0.01384 0.004613 0 0 0.004613 0 0 0 0 0 0 0 0
1 0.0269 0.1237 0.1506 0.1237 0.0538 0.01614 0.01614 0.02152 0 0.00538 0 0 0 0 0 0 0 0 0 0
1 0.006904 0.04833 0.08285 0.0932 0.04833 0.02762 0.01036 0.006904 0.006904 0.006904 0.006904 0 0 0 0 0 0 0 0 0
1 0.0188 0.1034 0.1081 0.09398 0.05639 0.02819 0.0188 0.0141 0.004699 0.009398 0.009398 0 0.004699 0 0 0 0 0 0 0
1 0.004469 0.05362 0.1519 0.09384 0.07597 0.03575 0.01341 0 0.008937 0.004469 0 0.004469 0 0 0 0 0 0 0 0
1 0.008868 0.07094 0.09164 0.05616 0.04434 0.01478 0 0.002956 0 0.002956 0 0 0 0 0 0.002956 0 0 0 0
1 0.01128 0.08271 0.1128 0.06015 0.05263 0.03008 0.01504 0 0.00376 0.00376 0 0.00376 0 0 0 0 0 0 0 0
1 0.003449 0.07243 0.08277 0.06898 0.03794 0.02759 0.02759 0.0138 0.006898 0.003449 0 0 0 0 0 0 0 0 0 0
1 0.006656 0.02219 0.07987 0.03993 0.03328 0.01331 0.01109 0.002219 0.008874 0 0 0.002219 0 0 0 0.002219 0 0 0 0
1 0.006789 0.03394 0.07694 0.04526 0.02263 0.0181 0.01131 0.004526 0.004526 0 0.002263 0 0 0 0 0 0 0 0 0
1 0.005716 0.06002 0.0686 0.04859 0.04859 0.01429 0.01715 0.005716 0.008575 0.002858 0 0.002858 0.002858 0 0 0 0 0 0 0
1 0.01178 0.03298 0.07067 0.04947 0.02827 0.01649 0.009422 0.004711 0.007067 0.002356 0 0 0 0.002356 0 0 0 0 0 0
1 0.01385 0.06649 0.07203 0.04987 0.02493 0.01662 0.01385 0.01385 0.005541 0 0 0 0 0 0 0 0 0 0 0
1 0.006392 0.02237 0.04155 0.03036 0.02397 0.01278 0.004794 0.006392 0.001598 0.003196 0.001598 0.001598 0.001598 0 0 0 0 0.001598 0 0
1 0 0.02506 0.06014 0.02506 0.02339 0.01169 0.01336 0.003341 0 0.001671 0 0.001671 0 0.001671 0 0 0 0 0 0
1 0.003918 0.03331 0.06073 0.03722 0.02743 0.01567 0.009796 0.001959 0.003918 0.001959 0 0 0 0 0 0 0 0 0 0
1 0.006606 0.03138 0.0545 0.02807 0.02147 0.01156 0.004954 0.003303 0.001651 0 0.001651 0 0 0 0 0 0 0 0 0
1 0.004644 0.008127 0.03135 0.02786 0.01974 0.01161 0.005805 0.001161 0.002322 0.001161 0 0.001161 0 0 0.001161 0 0 0 0 0
1 0.003057 0.01325 0.02955 0.0214 0.01223 0.01019 0.004076 0.005095 0.001019 0 0.001019 0 0.001019 0 0 0 0 0 0 0
1 0 0.01206 0.02756 0.01895 0.01378 0.006029 0.001723 0.0008613 0.001723 0.002584 0 0.0008613 0 0 0 0 0 0 0 0
1 0.0008791 0.01143 0.0211 0.02374 0.01495 0.005275 0.005275 0.0008791 0.003517 0 0 0 0 0.0008791 0 0 0 0 0 0
1 0.001939 0.01648 0.02617 0.02229 0.01551 0.01066 0.001939 0.0009693 0.0009693 0 0 0 0 0 0 0 0 0 0 0
1 0.002134 0.02348 0.02988 0.01814 0.01494 0.005336 0.005336 0.003201 0.002134 0 0.001067 0.001067 0 0 0 0 0 0 0 0
1 0.002193 0.008771 0.01754 0.01316 0.01096 0.006579 0.005848 0.002924 0.002193 0.001462 0.000731 0.000731 0 0 0 0 0 0 0 0
1 0.003295 0.01318 0.02636 0.01153 0.004942 0.01236 0.004119 0.002471 0.003295 0 0.0008237 0 0 0 0 0 0 0 0 0
