 landings-at-age - landings.n (units : NA )
1	2	
42	100	
1	20	
1 
1.45 16.11 37.03 24.57 16.93 12.09 8.242 6.047 4.129 2.872 1.922 1.373 0.9875 0.6596 0.4336 0.2891 0.2053 0.141 0.09929 0.2475
1.553 17.71 44.2 27.21 14.86 10.24 7.31 4.984 3.656 2.497 1.737 1.162 0.8305 0.5972 0.3989 0.2622 0.1748 0.1242 0.08527 0.2097
1.498 15.34 39.48 26.17 13.22 7.218 4.973 3.551 2.421 1.776 1.213 0.8437 0.5647 0.4035 0.2901 0.1938 0.1274 0.08493 0.06032 0.1433
1.415 16 37.17 25.64 13.98 7.062 3.856 2.657 1.897 1.293 0.949 0.648 0.4507 0.3017 0.2155 0.155 0.1035 0.06805 0.04537 0.1088
1.512 16.07 41.13 25.65 14.57 7.942 4.012 2.191 1.509 1.078 0.7348 0.5391 0.3681 0.2561 0.1714 0.1224 0.08805 0.05881 0.03866 0.08758
1.491 16.48 39.59 27.12 13.91 7.898 4.306 2.175 1.188 0.8182 0.5843 0.3984 0.2923 0.1996 0.1388 0.09292 0.06639 0.04774 0.03189 0.06844
1.559 16.99 42.31 27.19 15.32 7.856 4.461 2.432 1.229 0.6709 0.4622 0.3301 0.225 0.1651 0.1127 0.07841 0.05249 0.0375 0.02696 0.05667
1.498 15.52 38.32 25.48 13.45 7.58 3.887 2.208 1.204 0.608 0.332 0.2287 0.1633 0.1114 0.0817 0.05579 0.0388 0.02597 0.01856 0.04139
1.595 18.78 43.77 29.03 15.89 8.391 4.727 2.425 1.377 0.7506 0.3792 0.2071 0.1426 0.1019 0.06945 0.05096 0.03479 0.0242 0.0162 0.03739
1.616 16.65 44.08 27.27 14.84 8.126 4.29 2.417 1.24 0.704 0.3838 0.1939 0.1059 0.07294 0.05209 0.03551 0.02605 0.01779 0.01237 0.0274
1.53 18.23 42.2 29.77 15.13 8.235 4.508 2.38 1.341 0.6878 0.3906 0.213 0.1076 0.05874 0.04047 0.0289 0.0197 0.01446 0.009871 0.02207
1.539 15.93 42.76 26.31 15.23 7.742 4.214 2.307 1.218 0.6863 0.352 0.1999 0.109 0.05505 0.03006 0.02071 0.01479 0.01008 0.007398 0.01635
1.532 16.25 38.03 27.27 13.79 7.985 4.059 2.209 1.209 0.6386 0.3598 0.1845 0.1048 0.05713 0.02886 0.01576 0.01086 0.007753 0.005286 0.01245
1.407 17.25 41.32 25.89 15.27 7.724 4.472 2.273 1.237 0.6774 0.3577 0.2015 0.1033 0.05869 0.032 0.01616 0.008826 0.00608 0.004342 0.009932
1.404 15.73 43.44 27.79 14.31 8.442 4.269 2.472 1.256 0.6839 0.3744 0.1977 0.1114 0.05712 0.03244 0.01769 0.008934 0.004878 0.003361 0.00789
1.267 14.23 36.09 26.58 13.97 7.197 4.245 2.147 1.243 0.6318 0.3439 0.1883 0.0994 0.056 0.02872 0.01631 0.008893 0.004492 0.002453 0.005657
1.384 15.59 39.38 26.77 16.23 8.528 4.393 2.591 1.31 0.7587 0.3856 0.2099 0.1149 0.06067 0.03418 0.01753 0.009956 0.005428 0.002742 0.00495
1.267 13.85 35.19 23.6 13.17 7.982 4.195 2.161 1.275 0.6445 0.3732 0.1897 0.1032 0.05653 0.02984 0.01681 0.008624 0.004897 0.00267 0.003784
1.145 13.66 33.81 23.01 12.69 7.079 4.291 2.255 1.162 0.6852 0.3465 0.2006 0.102 0.05551 0.03039 0.01605 0.00904 0.004636 0.002633 0.00347
1.16 13.82 37.08 24.56 13.75 7.583 4.23 2.564 1.348 0.6942 0.4095 0.2071 0.1199 0.06094 0.03317 0.01816 0.009588 0.005402 0.002771 0.003647
1.06 12.55 33.54 23.85 12.97 7.257 4.003 2.233 1.354 0.7115 0.3665 0.2162 0.1093 0.06329 0.03217 0.01751 0.009587 0.005062 0.002852 0.003388
1.048 11.72 31.09 22.04 12.87 6.995 3.915 2.16 1.205 0.7303 0.3838 0.1977 0.1166 0.05897 0.03415 0.01736 0.009447 0.005172 0.002731 0.003366
0.986 10.37 26.17 18.43 10.72 6.26 3.403 1.905 1.051 0.586 0.3553 0.1867 0.09617 0.05673 0.02869 0.01661 0.008443 0.004596 0.002516 0.002966
0.9764 11.09 26.34 17.8 10.31 5.996 3.501 1.903 1.065 0.5876 0.3278 0.1987 0.1044 0.05379 0.03173 0.01605 0.00929 0.004722 0.00257 0.003066
0.8773 10.57 27.12 17.2 9.552 5.532 3.218 1.879 1.021 0.5717 0.3154 0.1759 0.1066 0.05605 0.02887 0.01703 0.008612 0.004986 0.002534 0.003025
0.8258 9.684 26.34 18.05 9.413 5.228 3.028 1.761 1.028 0.5591 0.3129 0.1726 0.09629 0.05837 0.03068 0.0158 0.00932 0.004713 0.002729 0.003043
0.7336 8.483 22.54 16.39 9.231 4.814 2.674 1.549 0.9008 0.526 0.2859 0.16 0.08827 0.04924 0.02985 0.01569 0.008081 0.004767 0.002411 0.002952
0.7708 8.995 23.41 16.69 9.984 5.625 2.933 1.629 0.9435 0.5489 0.3205 0.1742 0.0975 0.05378 0.03 0.01819 0.009559 0.004924 0.002904 0.003267
0.6867 7.965 20.94 14.48 8.471 5.069 2.856 1.489 0.827 0.479 0.2787 0.1627 0.08844 0.0495 0.02731 0.01523 0.009234 0.004853 0.0025 0.003133
0.5559 6.97 18.34 12.89 7.328 4.288 2.566 1.445 0.7537 0.4186 0.2425 0.1411 0.08236 0.04477 0.02506 0.01382 0.00771 0.004674 0.002456 0.002851
0.4891 6.52 18.49 13.08 7.571 4.303 2.518 1.507 0.8487 0.4426 0.2458 0.1424 0.08282 0.04836 0.02629 0.01471 0.008116 0.004527 0.002744 0.003117
0.4877 5.287 15.92 12.07 7.019 4.063 2.309 1.351 0.8085 0.4555 0.2375 0.1319 0.0764 0.04445 0.02595 0.01411 0.007896 0.004355 0.00243 0.003145
0.4804 5.601 13.67 11.01 6.859 3.989 2.309 1.312 0.7679 0.4595 0.2589 0.135 0.07497 0.04342 0.02526 0.01475 0.008017 0.004487 0.002475 0.003168
0.4375 5.025 13.22 8.589 5.679 3.539 2.058 1.191 0.6771 0.3962 0.2371 0.1336 0.06965 0.03868 0.0224 0.01303 0.00761 0.004137 0.002315 0.002912
0.3859 4.553 11.85 8.34 4.457 2.947 1.836 1.068 0.6182 0.3513 0.2056 0.123 0.0693 0.03614 0.02007 0.01163 0.006763 0.003949 0.002146 0.002712
0.3293 4.309 11.52 8.058 4.666 2.494 1.649 1.027 0.5976 0.3459 0.1966 0.115 0.06883 0.03878 0.02022 0.01123 0.006505 0.003784 0.002209 0.002719
0.3425 3.932 11.58 8.286 4.768 2.761 1.475 0.9755 0.608 0.3536 0.2047 0.1163 0.06806 0.04073 0.02294 0.01196 0.006645 0.003849 0.002239 0.002916
0.317 3.427 8.887 6.958 4.089 2.353 1.363 0.7282 0.4814 0.3 0.1745 0.101 0.05741 0.03359 0.0201 0.01132 0.005905 0.003279 0.001899 0.002544
0.3078 3.607 8.805 6.118 3.941 2.316 1.333 0.7718 0.4124 0.2727 0.1699 0.09883 0.05721 0.03252 0.01903 0.01138 0.006414 0.003344 0.001857 0.002517
0.3173 3.586 9.433 6.14 3.507 2.259 1.327 0.7638 0.4424 0.2364 0.1563 0.0974 0.05664 0.03279 0.01864 0.0109 0.006525 0.003676 0.001917 0.002507
0.2528 3.124 7.974 5.569 2.974 1.699 1.094 0.6431 0.37 0.2143 0.1145 0.07571 0.04718 0.02744 0.01588 0.009028 0.005282 0.003161 0.001781 0.002143
0.225 2.858 7.978 5.455 3.134 1.674 0.956 0.6158 0.3619 0.2082 0.1206 0.06445 0.04261 0.02655 0.01544 0.008939 0.005081 0.002973 0.001779 0.002208
0.2092 2.414 6.929 5.169 2.905 1.669 0.8915 0.5091 0.328 0.1927 0.1109 0.06423 0.03432 0.02269 0.01414 0.008225 0.004761 0.002706 0.001583 0.002124
0.2085 2.342 6.099 4.683 2.872 1.615 0.9276 0.4954 0.283 0.1823 0.1071 0.06164 0.03569 0.01907 0.01261 0.00786 0.004571 0.002646 0.001504 0.00206
0.1707 2.133 5.431 3.78 2.385 1.463 0.8225 0.4726 0.2524 0.1441 0.09285 0.05457 0.0314 0.01818 0.009717 0.006425 0.004004 0.002329 0.001348 0.001816
0.1749 1.919 5.433 3.716 2.129 1.344 0.8243 0.4634 0.2662 0.1422 0.0812 0.05231 0.03074 0.01769 0.01024 0.005474 0.003619 0.002256 0.001312 0.001782
0.1659 2.027 5.014 3.802 2.14 1.226 0.7736 0.4746 0.2668 0.1533 0.08185 0.04675 0.03011 0.0177 0.01018 0.005897 0.003151 0.002084 0.001299 0.001781
0.1568 1.846 5.07 3.34 2.08 1.171 0.6708 0.4233 0.2597 0.146 0.08386 0.04479 0.02558 0.01648 0.009684 0.005572 0.003227 0.001725 0.00114 0.001685
0.1423 1.73 4.57 3.335 1.804 1.124 0.6325 0.3624 0.2287 0.1403 0.07885 0.0453 0.0242 0.01382 0.008902 0.005232 0.00301 0.001743 0.0009316 0.001526
0.1222 1.39 3.822 2.686 1.609 0.8705 0.5423 0.3052 0.1749 0.1103 0.06769 0.03805 0.02186 0.01167 0.006668 0.004295 0.002524 0.001452 0.0008411 0.001186
0.1189 1.502 3.842 2.832 1.638 0.9815 0.531 0.3307 0.1861 0.1066 0.0673 0.04128 0.02321 0.01333 0.007121 0.004067 0.00262 0.00154 0.0008859 0.001236
0.1037 1.261 3.58 2.432 1.471 0.8511 0.5099 0.2758 0.1718 0.09669 0.0554 0.03496 0.02145 0.01205 0.006926 0.003699 0.002113 0.001361 0.0007998 0.001102
0.09148 1.149 3.14 2.371 1.323 0.8005 0.463 0.2774 0.1501 0.09348 0.05261 0.03014 0.01902 0.01167 0.006559 0.003768 0.002013 0.001149 0.0007404 0.001035
0.07783 0.9207 2.612 1.9 1.178 0.6573 0.3977 0.2301 0.1378 0.07456 0.04644 0.02614 0.01498 0.00945 0.005797 0.003259 0.001872 0.0009999 0.0005711 0.0008821
0.07113 0.8442 2.263 1.722 1.03 0.6388 0.3564 0.2156 0.1247 0.07472 0.04042 0.02518 0.01417 0.008119 0.005124 0.003143 0.001767 0.001015 0.0005421 0.0007878
0.06946 0.8181 2.192 1.575 0.9863 0.5901 0.3659 0.2041 0.1235 0.07145 0.04281 0.02316 0.01442 0.008118 0.004651 0.002935 0.001801 0.001012 0.0005815 0.0007619
0.06903 0.78 2.067 1.478 0.8727 0.5463 0.3269 0.2027 0.1131 0.06843 0.03958 0.02371 0.01283 0.00799 0.004497 0.002577 0.001626 0.0009974 0.0005606 0.0007442
0.0574 0.7127 1.818 1.283 0.7534 0.445 0.2785 0.1666 0.1034 0.05766 0.03489 0.02018 0.01209 0.00654 0.004074 0.002293 0.001314 0.000829 0.0005085 0.0006653
0.05816 0.6839 1.908 1.301 0.755 0.4433 0.2618 0.1639 0.09805 0.06081 0.03392 0.02053 0.01187 0.007113 0.003848 0.002397 0.001349 0.0007729 0.0004877 0.0006906
