Originally  
101 
A 
2	100	
1	1	NA	NA	
1	20	
1 337.6 246.7 181.8 155.8 90.89 116.9 38.95 25.97 12.98 12.98 12.98 25.97 25.97 0 0 12.98 0 0 0 0
1 667.1 383.6 266.9 100.1 83.39 33.36 33.36 50.04 16.68 16.68 0 0 16.68 0 0 0 0 0 0 0
1 268.3 370.5 191.7 76.66 140.5 89.44 25.55 51.11 38.33 25.55 0 0 0 0 0 0 0 0 0 0
1 477.7 358.3 418 298.5 119.4 139.3 59.71 39.81 0 19.9 59.71 0 0 0 0 0 0 0 0 0
1 395.6 571.4 285.7 307.7 175.8 197.8 87.91 65.93 65.93 0 0 21.98 0 21.98 0 0 0 0 0 0
1 430.7 361.2 166.7 125 83.36 55.57 55.57 27.79 41.68 13.89 13.89 0 13.89 0 0 0 0 0 0 0
1 512.5 429.4 180.1 96.96 55.41 41.56 27.7 0 27.7 0 0 0 0 13.85 0 0 0 0 0 0
1 457.4 413.9 370.3 261.4 196 174.3 152.5 0 21.78 65.35 0 21.78 0 0 21.78 0 21.78 0 0 0
1 461.6 212.1 112.3 124.8 62.38 87.33 24.95 87.33 0 49.9 12.48 0 0 0 12.48 0 0 0 0 0
1 384.8 318.4 159.2 106.1 79.6 66.34 26.53 26.53 79.6 26.53 0 0 26.53 13.27 0 0 0 0 0 13.27
1 582.5 275.9 199.3 91.98 91.98 91.98 76.65 30.66 15.33 15.33 15.33 15.33 0 0 0 30.66 0 0 0 0
1 305.8 577.6 203.9 101.9 101.9 84.94 135.9 67.96 33.98 67.96 0 0 16.99 0 0 0 0 0 0 0
1 294.3 250.1 353.1 147.1 220.7 58.85 29.43 44.14 14.71 29.43 14.71 0 0 0 0 0 0 14.71 0 0
1 458.9 220.9 220.9 288.9 50.99 119 67.98 119 17 33.99 33.99 17 0 0 17 17 17 0 0 0
1 238.1 265.5 36.63 109.9 100.7 73.25 54.94 0 9.157 0 0 18.31 0 0 9.157 0 0 0 0 0
1 345.6 223.6 142.3 30.49 50.82 101.6 40.66 30.49 10.16 10.16 10.16 0 10.16 0 10.16 0 0 0 0 0
1 550.8 570.5 275.4 118 39.34 157.4 98.36 39.34 39.34 0 0 0 0 39.34 39.34 0 0 0 0 0
1 339.5 169.8 237.7 101.9 101.9 22.64 45.27 22.64 11.32 0 22.64 0 33.95 0 0 11.32 11.32 0 0 0
1 342.8 292 241.2 127 101.6 38.09 25.39 63.48 25.39 0 0 0 0 0 0 0 0 0 0 12.7
1 313 212.4 134.1 167.7 134.1 33.53 33.53 11.18 11.18 44.71 11.18 0 0 0 11.18 0 0 0 0 0
1 460.9 329.2 246.9 197.5 131.7 131.7 49.38 16.46 0 0 49.38 0 0 0 0 16.46 16.46 0 0 0
1 405.1 270.1 184.1 85.94 98.21 61.38 61.38 36.83 0 0 0 0 12.28 0 0 0 0 0 12.28 0
1 336.8 324.4 162.2 124.8 74.85 62.38 49.9 37.43 12.48 24.95 12.48 0 0 12.48 0 0 0 0 12.48 0
1 492.4 261.6 200 200 76.94 46.16 76.94 46.16 46.16 15.39 15.39 15.39 0 30.77 15.39 0 0 0 0 0
1 323.7 506.6 112.6 140.7 70.36 56.29 42.22 28.14 56.29 28.14 14.07 0 0 0 0 0 0 14.07 14.07 0
1 223.1 223.1 359.5 74.37 161.1 99.16 12.4 12.4 24.79 0 0 12.4 24.79 12.4 0 0 0 0 0 0
1 374.4 285.2 285.2 338.7 124.8 124.8 53.48 35.65 17.83 0 53.48 35.65 0 35.65 0 0 17.83 0 0 0
1 511.8 180.6 150.5 90.32 210.8 75.27 105.4 75.27 45.16 0 30.11 15.05 15.05 0 0 0 0 0 0 0
1 990 469 182.4 234.5 156.3 156.3 104.2 104.2 78.16 0 26.05 52.11 26.05 0 0 0 26.05 0 0 0
1 394.3 335.9 306.7 131.4 87.62 73.02 73.02 0 14.6 14.6 14.6 0 14.6 0 0 0 0 0 0 0
1 647.1 292.7 215.7 61.63 77.03 61.63 15.41 61.63 30.81 30.81 15.41 15.41 0 0 0 0 15.41 0 0 0
1 430.5 303.9 177.3 101.3 101.3 12.66 37.98 50.64 37.98 0 0 0 12.66 0 0 0 0 0 0 0
1 313 212.1 191.9 40.39 80.79 80.79 30.3 20.2 0 20.2 0 10.1 0 0 0 10.1 0 0 0 0
1 335.1 153.6 223.4 195.4 139.6 69.8 125.6 0 27.92 55.84 27.92 0 13.96 27.92 0 0 0 0 0 0
1 405.1 526.6 263.3 243.1 243.1 40.51 101.3 60.77 0 40.51 0 40.51 0 40.51 20.26 0 0 0 0 0
1 475.2 291.3 245.3 138 107.3 168.6 61.32 15.33 0 15.33 0 0 0 0 0 15.33 0 0 0 0
1 618.5 126.9 253.7 190.3 79.29 63.43 111 31.72 63.43 31.72 0 0 0 15.86 0 0 0 0 0 0
1 511 292 204.4 102.2 29.2 58.4 73 43.8 29.2 14.6 14.6 29.2 29.2 0 0 0 0 14.6 14.6 0
1 451.4 268 239.8 70.53 112.9 127 70.53 42.32 0 0 14.11 14.11 0 0 0 0 0 0 0 0
1 532 382.4 166.3 216.1 83.13 116.4 49.88 16.63 33.25 0 0 66.5 0 0 0 0 0 0 0 0
1 286.8 375 231.6 44.12 55.15 33.09 0 33.09 22.06 11.03 11.03 0 0 0 0 0 0 0 0 0
1 176 157.5 296.4 111.1 46.31 46.31 37.05 9.262 37.05 0 0 9.262 0 0 0 0 0 0 0 0
1 462.5 225.3 142.3 237.2 71.15 11.86 11.86 11.86 11.86 0 0 0 0 0 0 0 0 0 0 0
1 441.3 481.4 93.61 93.61 147.1 26.75 0 13.37 13.37 0 13.37 0 13.37 0 0 0 0 0 0 0
1 147.1 430.8 241.7 84.06 42.03 21.02 42.03 21.02 0 0 0 21.02 0 0 0 0 0 0 0 0
1 456.3 44.73 152.1 134.2 17.89 35.79 17.89 0 8.947 0 0 0 0 0 8.947 8.947 0 0 8.947 0
1 599.2 224.7 32.1 96.3 53.5 32.1 10.7 10.7 0 0 0 0 0 0 0 0 0 0 0 10.7
1 169.2 380.6 135.3 33.83 67.66 16.92 8.458 8.458 8.458 8.458 8.458 0 0 0 0 0 0 0 0 0
1 215.7 179.7 305.5 143.8 8.985 26.96 8.985 0 8.985 0 0 0 0 0 0 0 0 0 0 0
1 201.3 217.4 96.61 217.4 56.35 0 0 16.1 0 0 0 0 0 0 0 0 0 0 0 0
1 490.7 275.3 131.7 83.79 119.7 35.91 23.94 23.94 0 0 0 11.97 0 0 0 0 0 0 0 0
1 178.1 172.2 71.26 41.57 41.57 71.26 11.88 0 0 0 0 5.938 0 0 0 0 0 0 0 0
1 329.9 160.9 185.1 48.28 24.14 16.09 24.14 8.046 0 8.046 0 0 0 0 0 0 0 0 0 0
1 331.1 189.2 110.4 86.73 23.65 23.65 7.884 0 0 0 7.884 0 0 0 7.884 0 0 0 0 0
1 393.4 275.4 167.2 49.18 59.01 19.67 0 0 19.67 0 0 0 0 0 0 0 0 0 0 0
1 363.6 216.2 186.7 137.6 19.65 39.31 9.827 0 0 0 9.827 0 0 0 0 0 0 0 0 0
1 325.1 240.8 313 180.6 36.12 12.04 48.16 36.12 0 0 12.04 0 0 0 0 0 0 0 0 0
1 257 225.9 124.6 77.89 54.52 7.789 15.58 7.789 7.789 0 0 0 0 0 0 0 0 0 0 0
1 312.1 210.5 108.9 7.258 50.81 21.77 0 14.52 0 0 0 0 0 0 0 0 0 0 0 0
1 507.8 274.2 81.25 71.09 20.31 30.47 0 30.47 0 0 0 0 0 0 0 0 0 0 0 0
1 373.1 339.1 237.4 33.91 90.44 0 11.3 22.61 22.61 0 0 0 0 0 0 0 0 0 0 0
1 254.7 133.7 184.6 12.73 25.47 12.73 6.367 0 0 0 0 6.367 0 0 0 0 0 0 0 0
1 228 294.2 80.9 80.9 22.06 22.06 0 0 0 0 0 7.355 0 0 0 0 0 0 0 0
1 351.2 237.9 305.9 102 102 22.66 0 11.33 0 0 0 0 0 0 0 0 0 0 0 0
1 581.1 367 152.9 214.1 122.3 91.74 0 0 0 0 0 0 0 0 0 0 0 0 0 0
1 219.3 266.3 148.8 70.5 39.17 15.67 23.5 0 0 0 0 0 0 0 0 0 0 0 0 0
1 411.6 170.7 220.9 120.5 20.08 40.16 10.04 0 10.04 0 0 0 0 0 0 0 0 0 0 0
1 392 265.2 219.1 161.4 92.24 23.06 0 0 0 0 0 0 0 0 0 0 0 0 0 0
1 538.5 282.7 242.3 121.2 94.24 67.31 0 0 0 0 0 0 0 0 0 0 0 0 0 0
1 579.7 303 237.1 92.22 26.35 52.7 0 13.17 13.17 0 0 0 0 0 0 0 0 0 0 0
1 295.2 248.6 116.5 62.15 31.08 0 15.54 7.769 0 0 0 0 0 0 0 0 0 0 0 0
1 191.8 119.9 155.8 47.95 47.95 17.98 5.994 5.994 0 5.994 0 0 0 0 0 0 0 0 0 0
1 204.8 109.7 124.4 153.6 117 7.315 7.315 0 0 0 7.315 0 0 0 0 0 0 0 0 0
1 525 175 187.5 187.5 62.5 75 12.5 0 12.5 0 0 0 0 12.5 0 0 0 0 0 0
1 325 162.5 47.4 74.49 27.09 27.09 6.772 0 0 6.772 0 0 0 0 0 0 0 0 0 0
1 389.5 259.7 270.5 43.28 32.46 43.28 21.64 10.82 10.82 0 0 0 0 0 0 0 0 0 0 0
1 308.8 267 116.8 100.1 16.69 8.345 0 8.345 8.345 0 0 0 0 0 0 0 0 0 0 0
1 432.2 231.2 170.9 80.41 60.31 0 10.05 20.1 0 0 0 0 0 0 0 0 0 0 0 0
1 402.2 301.7 100.6 70.39 70.39 20.11 10.06 30.17 0 0 0 0 0 0 0 0 0 0 0 0
1 691.8 279.7 220.8 132.5 58.88 58.88 29.44 0 0 0 0 0 0 0 0 0 0 0 0 0
1 359 261.1 261.1 76.15 43.51 0 43.51 32.64 10.88 0 0 0 0 0 0 0 0 0 0 0
1 295.6 295.6 129.3 92.36 36.94 27.71 9.236 18.47 18.47 0 0 0 0 0 0 0 0 0 0 0
1 249.2 130.8 105.9 49.83 68.52 12.46 6.229 0 0 0 0 0 0 0 0 0 0 0 0 0
1 194.7 247.8 203.6 97.36 44.25 44.25 35.4 0 0 0 0 8.851 0 8.851 0 0 0 0 0 0
1 276.5 167.6 159.2 159.2 25.13 16.76 25.13 8.378 0 0 0 0 0 0 0 0 0 0 0 0
1 369.5 136.6 152.6 56.23 24.1 24.1 16.07 0 24.1 0 0 0 0 0 0 0 0 0 0 0
1 272.6 313 141.3 90.86 80.77 60.57 30.29 10.1 0 0 10.1 0 0 0 0 0 0 0 0 0
1 355.2 186 169.1 59.19 25.37 16.91 8.456 8.456 0 0 8.456 8.456 0 0 0 0 0 0 0 0
1 403 371.2 169.7 63.63 21.21 31.81 0 0 0 0 0 0 0 0 0 0 0 0 0 0
1 205.9 198.5 198.5 44.11 22.06 44.11 7.352 0 14.7 0 0 0 0 0 0 0 0 0 0 0
1 128.1 75.07 114.8 52.99 30.91 17.66 17.66 4.416 0 0 0 0 0 0 0 0 0 0 0 0
1 200.3 169 87.64 81.38 50.08 18.78 18.78 0 0 0 0 0 0 0 0 0 0 0 0 0
1 327.4 194.9 93.54 54.57 38.98 38.98 7.795 7.795 0 7.795 7.795 0 0 0 0 0 0 0 0 0
1 611.5 305.8 333.5 55.59 27.8 27.8 13.9 0 0 0 13.9 0 0 0 0 0 0 0 0 0
1 326.5 214.8 137.5 85.93 42.96 8.593 17.19 8.593 0 0 8.593 0 8.593 0 0 0 0 0 0 0
1 318.8 193.2 173.9 173.9 38.64 28.98 19.32 0 0 9.661 9.661 0 0 0 0 0 0 0 0 0
1 380.2 172.8 103.7 164.2 25.93 8.642 8.642 0 0 0 0 0 0 0 0 0 0 0 0 0
1 340.6 195.8 144.7 51.08 93.65 17.03 8.514 0 0 0 0 0 0 0 0 0 0 0 0 0
1 347 177.9 177.9 71.18 53.38 17.79 35.59 8.897 0 0 0 0 0 0 0 0 0 0 0 0
