Originally  
101 
A 
42	100	
1	1	NA	NA	
1	20	
1 0.01656 0.2483 0.6291 0.1656 0.1324 0.03311 0.1987 0.03311 0.08278 0.08278 0.01656 0 0.01656 0 0 0 0 0 0 0
1 0.02408 0.06021 0.3492 0.3492 0.02408 0.07225 0.07225 0.1084 0.01204 0.01204 0.1084 0 0 0 0 0 0 0 0 0.01204
1 0.05397 0.08636 0.09715 0.2051 0.3238 0.04318 0.04318 0.02159 0.09715 0.05397 0 0.05397 0 0 0 0 0 0 0 0
1 0.05195 0.2208 0.1818 0.1039 0.2338 0.1948 0.03897 0.02598 0.02598 0.1429 0 0.01299 0.02598 0.01299 0 0 0 0.01299 0 0.01299
1 0 0.2732 0.4554 0.1171 0.02602 0.1301 0.1822 0 0 0 0.02602 0 0 0.07807 0.01301 0 0 0 0 0
1 0.03911 0.1304 0.4693 0.2738 0.09125 0.02607 0.1173 0.07822 0.02607 0 0.01304 0.01304 0.01304 0 0.01304 0 0 0 0 0
1 0 0.3466 0.2455 0.39 0.1733 0.08666 0 0.01444 0.07222 0 0.01444 0 0.02889 0.02889 0.01444 0.02889 0 0 0 0
1 0.01294 0.1553 0.634 0.09057 0.1294 0.09057 0.02588 0.03882 0.07763 0.01294 0 0.01294 0 0.01294 0 0 0 0 0 0
1 0.01531 0.1684 0.3522 0.5819 0.07657 0.1378 0.09188 0.01531 0.03063 0.03063 0 0 0 0 0 0 0 0.03063 0 0
1 0.01859 0.1673 0.4463 0.3905 0.5206 0.05578 0.1116 0.07438 0.01859 0.01859 0 0.01859 0 0 0 0 0 0 0.01859 0
1 0.03302 0.2476 0.2971 0.2476 0.3302 0.2146 0.04952 0.04952 0.03302 0.03302 0.01651 0.01651 0.03302 0 0.01651 0 0 0 0 0.03302
1 0.3234 0.597 0.4726 0.2239 0.07462 0.398 0.2487 0 0.07462 0.04975 0 0 0 0.02487 0 0 0 0 0 0
1 0.06807 0.658 0.7715 0.295 0.1588 0.06807 0.1361 0.04538 0.02269 0 0.02269 0 0 0 0 0.02269 0 0 0 0
1 0 0.5183 1.464 0.6098 0.09147 0.1525 0.06098 0.06098 0.03049 0 0.03049 0.03049 0 0 0 0 0 0 0 0
1 0.09496 0.1583 1.013 1.171 0.3165 0.1583 0.06331 0.06331 0.03165 0.09496 0 0 0 0 0 0 0 0 0 0
1 0.03379 0.2534 0.1183 0.5745 0.4055 0.1352 0.03379 0.05069 0.0169 0.0169 0.0169 0 0.03379 0 0 0 0 0 0 0
1 0.03561 0.1068 0.6766 0.1246 0.2493 0.2849 0.1959 0.05342 0.03561 0.01781 0 0 0 0 0 0 0 0 0 0
1 0.1604 0.2206 0.381 0.5013 0.04011 0.1404 0.2406 0.1604 0.04011 0.04011 0.02005 0.02005 0.04011 0 0 0 0 0 0 0
1 0 0.689 0.3758 0.1879 0.2714 0.1253 0.1462 0.167 0.06264 0.02088 0 0 0 0.02088 0.02088 0 0 0 0 0
1 0.07285 0.07285 1.238 0.3399 0.1943 0.1214 0 0.2428 0.1214 0 0.02428 0 0 0 0 0 0 0 0 0
1 0 0.2058 0.1497 0.8045 0.2058 0.1122 0.2245 0.01871 0.05612 0.07483 0.01871 0 0 0 0 0 0 0 0 0
1 0.02602 0.4424 0.7026 0.2342 0.5465 0.1822 0.1301 0.1041 0 0.1301 0.05205 0.02602 0.02602 0 0 0 0 0 0 0
1 0 0.136 0.3569 0.221 0.17 0.4419 0.119 0.05099 0.05099 0.03399 0.05099 0 0.03399 0 0.017 0 0 0 0 0.017
1 0.02579 0.1676 0.1031 0.2965 0.245 0.05157 0.245 0.06447 0 0.01289 0.02579 0.02579 0.01289 0 0 0 0 0.01289 0 0
1 0.0631 0.3365 0.2945 0.2103 0.2734 0.2314 0.02103 0.2734 0.08413 0.0631 0.04206 0.02103 0.08413 0.04206 0.04206 0 0 0 0.02103 0
1 0.08713 0.6099 0.7842 0.2324 0.2614 0.3195 0.1162 0.1162 0.2614 0.02904 0 0.02904 0 0 0.05809 0 0 0 0 0
1 0.04267 0.512 0.5334 0.4907 0.08534 0.128 0.1067 0.064 0.02133 0.1067 0 0 0.02133 0 0 0.02133 0 0 0 0
1 0 0.1361 0.5954 0.3062 0.2552 0.05104 0.08506 0.1021 0.06805 0.01701 0.03403 0.01701 0.03403 0 0 0 0 0 0 0
1 0.01629 0.04887 0.4073 0.6679 0.2444 0.09774 0.01629 0 0.01629 0 0.03258 0.04887 0 0 0.03258 0 0 0 0 0
1 0.09145 0.2012 0.07316 0.5304 0.3292 0.2926 0.1463 0.07316 0.01829 0.01829 0.03658 0 0 0.01829 0 0 0 0 0 0
1 0 0.5455 0.2727 0.01705 0.3068 0.3239 0.1364 0.05114 0 0 0.01705 0 0 0.01705 0 0 0.01705 0 0 0
1 0.02114 0.06342 0.9513 0.4439 0.06342 0.1268 0.2114 0.06342 0.08456 0 0.02114 0.06342 0 0 0 0 0 0 0 0
1 0 0.2197 0.08237 0.5492 0.1647 0.01373 0.08237 0.0961 0.05492 0.06864 0.01373 0.01373 0 0 0.01373 0 0 0 0 0
1 0.08746 0.1399 0.4373 0.1224 0.4898 0.1574 0.03498 0.05247 0.1049 0.03498 0 0 0.01749 0 0.05247 0 0.01749 0 0 0
1 0.0355 0.4792 0.1065 0.4437 0.08874 0.3372 0.1242 0 0 0.05325 0.08874 0.01775 0 0 0 0 0 0 0 0
1 0.06951 0.1564 0.8862 0.06951 0.2607 0 0.08689 0.08689 0 0.01738 0.06951 0.03475 0 0 0 0 0 0 0 0
1 0 0.7747 0.3141 0.4397 0.06281 0.2303 0.02094 0.1884 0 0.04188 0.02094 0 0 0 0 0 0 0 0 0
1 0.01846 0.2585 0.8677 0.1292 0.4246 0.01846 0.05539 0 0.03692 0 0 0.03692 0 0 0 0 0 0 0 0
1 0.06303 0.2311 0.2941 0.8404 0.1471 0.3782 0.02101 0.04202 0 0.06303 0.02101 0 0 0 0 0 0 0 0 0
1 0 0.4324 0.3341 0.1572 0.6682 0.1179 0.1179 0.01965 0.01965 0.01965 0.03931 0.01965 0 0 0.01965 0 0 0 0 0
1 0.04134 0.08268 0.8888 0.31 0.1447 0.3307 0.08268 0.124 0.02067 0 0 0 0 0 0.02067 0 0.02067 0 0 0
1 0.172 0.1505 0.301 0.473 0.1935 0.0645 0.387 0.0645 0.2365 0.0215 0.043 0.0215 0.0215 0 0 0 0 0 0 0
1 0 0.5055 0.2333 0.2916 0.4471 0.175 0.05832 0.175 0.01944 0.01944 0 0 0 0 0.01944 0 0 0 0 0
1 0.03838 0.2494 0.7291 0.2111 0.1727 0.2111 0.07675 0.01919 0.1151 0.03838 0.03838 0 0 0 0 0.01919 0 0 0 0
1 0.02709 0.3251 0.5689 0.9752 0.3251 0.08127 0.1625 0.02709 0.02709 0.1354 0.02709 0.02709 0 0 0 0 0 0 0 0
1 0.04305 0.3229 0.4736 0.3444 0.4736 0.1076 0.1076 0.06458 0.06458 0.02153 0.04305 0.04305 0.04305 0 0 0 0 0 0 0
1 0.04678 0.1403 0.4054 0.3431 0.2027 0.2183 0.03119 0.01559 0.04678 0 0.03119 0.04678 0.01559 0 0 0.01559 0 0 0 0
1 0 0.2576 0.6439 0.4293 0.3434 0.1502 0.1932 0.02146 0 0.1073 0 0 0 0 0 0 0 0 0 0
1 0.08117 0.1218 0.5479 0.3653 0.2638 0.2232 0.08117 0.1826 0.02029 0.06088 0.02029 0 0 0.02029 0 0.02029 0 0.02029 0 0
1 0 0.532 0.3458 0.7448 0.3724 0.2394 0.1064 0.1064 0.1862 0 0 0 0 0 0.0266 0 0 0 0 0
1 0.03872 0.1162 0.6002 0.2904 0.3679 0.3292 0.07745 0.01936 0 0.03872 0 0 0.01936 0.01936 0.01936 0 0 0 0 0
1 0 0.7128 0.2037 0.5091 0.08146 0.2037 0.08146 0.08146 0.04073 0.04073 0.0611 0 0 0 0.02037 0 0 0 0 0
1 0.1261 0.05042 1.361 0.1261 0.5546 0.02521 0.1008 0.1008 0.02521 0 0 0.02521 0 0 0 0 0 0 0.02521 0
1 0.07026 0.8197 0.1874 0.7026 0.09368 0.281 0 0.07026 0.07026 0 0.02342 0 0 0 0 0.02342 0 0 0 0
1 0 0.5274 2.004 0.1055 0.4571 0.1758 0.1407 0 0 0.03516 0.03516 0.03516 0 0 0 0 0 0 0 0
1 0.03797 0.4177 0.8353 1.481 0.1519 0.3797 0.03797 0.2278 0.07594 0.07594 0.03797 0.03797 0 0 0 0 0 0 0 0
1 0.05618 0.05618 0.5337 0.5337 1.011 0.1124 0.2809 0.05618 0.05618 0.02809 0.02809 0 0.02809 0 0.02809 0 0 0 0 0
1 0.2385 0.2683 0.3279 0.4173 0.5664 0.6856 0.1192 0.1491 0.02981 0.08943 0 0 0.02981 0.02981 0.02981 0 0 0 0 0
1 0.02266 0.7932 0.1813 0.136 0.1586 0.2493 0.4986 0.02266 0.1586 0 0.02266 0 0 0.02266 0 0 0 0 0 0
