 landings-at-age - landings.n (units : NA )
1	2	
42	100	
1	20	
1 
1.988 9.753 31.93 16.42 12.57 11.18 5.487 5.911 3.689 2.304 0.7275 0.9185 0.6008 1.18 0.4085 0.528 0.1075 0.4212 0.1745 0.2015
2.34 24.27 26.77 23.46 9.926 7.6 6.761 3.318 3.574 2.231 1.393 0.4399 0.5554 0.3633 0.7137 0.247 0.3193 0.06498 0.2547 0.2274
1.6 23.11 54.12 15.85 11.4 4.822 3.692 3.285 1.612 1.736 1.084 0.6767 0.2137 0.2698 0.1765 0.3467 0.12 0.1551 0.03157 0.2342
0.6732 17.09 55.99 35.15 8.465 6.089 2.576 1.972 1.755 0.8611 0.9276 0.579 0.3615 0.1142 0.1442 0.09429 0.1852 0.06411 0.08286 0.142
0.5557 7.647 43.93 38.64 19.97 4.809 3.459 1.464 1.121 0.9969 0.4892 0.527 0.3289 0.2054 0.06486 0.08189 0.05357 0.1052 0.03642 0.1277
0.4107 6.054 18.84 28.96 20.95 10.83 2.607 1.876 0.7935 0.6075 0.5405 0.2652 0.2857 0.1783 0.1114 0.03516 0.0444 0.02904 0.05706 0.089
1.396 4.677 15.54 12.94 16.36 11.83 6.114 1.473 1.059 0.4482 0.3432 0.3053 0.1498 0.1614 0.1007 0.0629 0.01986 0.02508 0.0164 0.0825
4.006 13.89 10.55 9.362 6.402 8.095 5.856 3.026 0.7288 0.5242 0.2218 0.1698 0.1511 0.07414 0.07986 0.04985 0.03113 0.009829 0.01241 0.04894
0.655 50.23 39.19 7.992 5.839 3.993 5.049 3.652 1.887 0.4545 0.327 0.1383 0.1059 0.09422 0.04624 0.04981 0.03109 0.01941 0.00613 0.03827
2.304 6.836 117.9 24.41 4.087 2.986 2.042 2.582 1.867 0.9649 0.2324 0.1672 0.07073 0.05415 0.04818 0.02364 0.02547 0.0159 0.009926 0.0227
3.097 26 17.33 79.61 13.54 2.267 1.656 1.133 1.432 1.036 0.5354 0.1289 0.09276 0.03924 0.03005 0.02673 0.01312 0.01413 0.00882 0.0181
0.545 32.25 60.98 10.8 40.74 6.932 1.16 0.8477 0.5797 0.733 0.5302 0.274 0.06599 0.04747 0.02008 0.01538 0.01368 0.006713 0.007231 0.01378
0.6277 5.754 77 38.89 5.662 21.36 3.634 0.6083 0.4444 0.3039 0.3843 0.278 0.1436 0.03459 0.02488 0.01053 0.008061 0.007171 0.003519 0.01101
0.437 7.065 14.63 52.43 21.78 3.171 11.96 2.035 0.3407 0.2489 0.1702 0.2152 0.1557 0.08044 0.01937 0.01394 0.005897 0.004515 0.004016 0.00814
1.365 4.885 17.79 9.837 28.98 12.04 1.753 6.612 1.125 0.1883 0.1376 0.09408 0.119 0.08605 0.04446 0.01071 0.007703 0.003259 0.002495 0.006719
1.928 13.83 11.21 10.89 4.946 14.57 6.053 0.8814 3.325 0.5656 0.09468 0.06917 0.0473 0.05981 0.04327 0.02236 0.005385 0.003873 0.001639 0.004633
1.064 23.73 38.27 8.312 6.647 3.019 8.894 3.695 0.538 2.029 0.3452 0.05779 0.04222 0.02887 0.03651 0.02641 0.01365 0.003287 0.002364 0.003828
1.255 10.65 53.56 22.94 4.089 3.27 1.485 4.375 1.818 0.2646 0.9982 0.1698 0.02843 0.02077 0.0142 0.01796 0.01299 0.006712 0.001617 0.003046
0.9091 13.53 26 35.01 12.33 2.198 1.758 0.7984 2.352 0.9772 0.1423 0.5366 0.0913 0.01528 0.01117 0.007636 0.009655 0.006984 0.003609 0.002507
0.7753 10.98 36.72 18.89 20.92 7.37 1.314 1.05 0.4771 1.406 0.5839 0.08502 0.3207 0.05456 0.009133 0.006672 0.004563 0.00577 0.004174 0.003655
2.984 8.388 26.64 23.62 9.97 11.04 3.891 0.6934 0.5545 0.2519 0.742 0.3083 0.04488 0.1693 0.0288 0.004821 0.003522 0.002409 0.003046 0.004133
0.5114 32.99 20.78 17.51 12.74 5.379 5.958 2.099 0.3741 0.2992 0.1359 0.4003 0.1663 0.02421 0.09133 0.01554 0.002601 0.0019 0.0013 0.003873
1.693 5.062 73.69 12.32 8.516 6.199 2.617 2.898 1.021 0.182 0.1455 0.0661 0.1947 0.0809 0.01178 0.04443 0.007559 0.001265 0.0009244 0.002516
0.2929 19.04 12.86 50.1 6.89 4.763 3.467 1.463 1.621 0.571 0.1018 0.08139 0.03697 0.1089 0.04525 0.006588 0.02485 0.004228 0.0007077 0.001924
0.4793 3.172 46.55 8.395 26.89 3.698 2.556 1.861 0.7855 0.8701 0.3065 0.05463 0.04369 0.01984 0.05845 0.02428 0.003536 0.01334 0.002269 0.001413
2.159 5.291 7.901 30.99 4.595 14.72 2.024 1.399 1.019 0.4299 0.4762 0.1677 0.0299 0.02391 0.01086 0.03199 0.01329 0.001935 0.0073 0.002015
0.8862 22.17 12.32 4.916 15.85 2.35 7.527 1.035 0.7155 0.5209 0.2199 0.2435 0.08579 0.01529 0.01223 0.005554 0.01636 0.006797 0.0009897 0.004764
1.025 10.87 61.19 9.116 2.995 9.656 1.432 4.586 0.6306 0.436 0.3174 0.134 0.1484 0.05227 0.009317 0.00745 0.003384 0.009969 0.004142 0.003506
1.417 10.59 25.3 37.85 4.628 1.521 4.903 0.7269 2.328 0.3202 0.2213 0.1611 0.06801 0.07534 0.02654 0.00473 0.003783 0.001718 0.005061 0.003883
1.483 14.39 24.39 15.58 19.16 2.343 0.7697 2.481 0.3679 1.179 0.1621 0.112 0.08156 0.03442 0.03813 0.01343 0.002394 0.001915 0.0008696 0.004527
0.9454 17.4 38.16 17.39 9.146 11.25 1.375 0.4519 1.457 0.216 0.692 0.09516 0.06578 0.04789 0.02021 0.02239 0.007887 0.001406 0.001124 0.003169
0.544 10.22 42.49 24.91 9.334 4.909 6.036 0.7382 0.2425 0.782 0.1159 0.3714 0.05107 0.0353 0.0257 0.01085 0.01202 0.004233 0.0007545 0.002304
0.9896 6.248 26.43 29.36 14.16 5.304 2.79 3.431 0.4195 0.1378 0.4444 0.06589 0.2111 0.02902 0.02006 0.01461 0.006165 0.006829 0.002406 0.001738
0.8029 10.35 14.74 16.6 15.15 7.306 2.737 1.439 1.77 0.2165 0.07112 0.2293 0.034 0.1089 0.01498 0.01035 0.007537 0.003181 0.003524 0.002138
1.037 8.355 24.42 9.303 8.615 7.862 3.791 1.42 0.7468 0.9185 0.1123 0.0369 0.119 0.01764 0.05651 0.00777 0.005372 0.003911 0.001651 0.002938
0.7625 11.58 21.14 16.6 5.206 4.82 4.399 2.121 0.7946 0.4179 0.5139 0.06285 0.02065 0.06657 0.00987 0.03162 0.004348 0.003006 0.002188 0.002567
1.427 9.103 31.11 15.21 9.821 3.08 2.852 2.603 1.255 0.4702 0.2473 0.3041 0.03719 0.01222 0.03939 0.00584 0.01871 0.002573 0.001778 0.002814
0.7544 14.27 20.58 18.7 7.504 4.847 1.52 1.408 1.285 0.6194 0.232 0.122 0.1501 0.01835 0.00603 0.01944 0.002882 0.009233 0.00127 0.002266
0.3979 8.584 36.68 14.17 10.59 4.251 2.745 0.861 0.7973 0.7276 0.3508 0.1314 0.06912 0.085 0.01039 0.003415 0.01101 0.001633 0.00523 0.002003
1.064 4.636 22.45 25.57 8.118 6.071 2.436 1.573 0.4935 0.4569 0.417 0.2011 0.07533 0.03961 0.04872 0.005957 0.001957 0.006311 0.0009357 0.004145
1.248 10.48 10.31 13.25 12.39 3.933 2.941 1.18 0.7622 0.239 0.2214 0.202 0.0974 0.03649 0.01919 0.0236 0.002886 0.0009482 0.003057 0.002461
1.189 14.11 26.75 7.052 7.458 6.972 2.213 1.655 0.6642 0.429 0.1345 0.1246 0.1137 0.05481 0.02054 0.0108 0.01328 0.001624 0.0005336 0.003106
1.395 12.75 34.21 17.33 3.756 3.972 3.713 1.179 0.8815 0.3537 0.2284 0.07165 0.06635 0.06055 0.02919 0.01094 0.005752 0.007073 0.000865 0.001938
0.2871 15.61 32.22 23.12 9.631 2.087 2.207 2.064 0.6551 0.4899 0.1966 0.127 0.03982 0.03687 0.03365 0.01622 0.006078 0.003197 0.003931 0.001558
0.8428 2.938 36.2 19.97 11.78 4.907 1.063 1.124 1.051 0.3337 0.2496 0.1001 0.06468 0.02028 0.01878 0.01714 0.008265 0.003097 0.001628 0.002796
1.169 9.473 7.483 24.78 11.25 6.635 2.764 0.599 0.6334 0.5922 0.188 0.1406 0.05641 0.03644 0.01143 0.01058 0.009656 0.004656 0.001744 0.002493
1.906 13.55 24.75 5.236 14.26 6.476 3.82 1.591 0.3448 0.3647 0.3409 0.1082 0.08094 0.03248 0.02098 0.006579 0.006092 0.005559 0.002681 0.002439
0.3058 21.21 33.89 16.49 2.865 7.805 3.544 2.09 0.8707 0.1887 0.1996 0.1866 0.05923 0.04429 0.01777 0.01148 0.0036 0.003334 0.003042 0.002802
1.137 3.373 52.51 22.3 8.907 1.548 4.216 1.914 1.129 0.4704 0.1019 0.1078 0.1008 0.03199 0.02393 0.009601 0.006201 0.001945 0.001801 0.003157
0.6005 11.11 7.454 30.86 10.76 4.297 0.7468 2.034 0.9236 0.5448 0.227 0.04918 0.05201 0.04863 0.01544 0.01154 0.004632 0.002992 0.0009383 0.002392
1.372 7.376 30.7 5.523 18.82 6.562 2.621 0.4555 1.241 0.5633 0.3323 0.1384 0.03 0.03172 0.02966 0.009416 0.007041 0.002825 0.001825 0.002031
1.041 14.56 17.59 19.43 2.869 9.778 3.409 1.362 0.2366 0.6446 0.2926 0.1726 0.07191 0.01558 0.01648 0.01541 0.004891 0.003658 0.001468 0.002003
0.8307 11.54 36.24 11.65 10.57 1.561 5.32 1.855 0.7408 0.1287 0.3507 0.1592 0.09392 0.03912 0.008479 0.008966 0.008383 0.002661 0.00199 0.001888
1.786 8.362 26.25 21.93 5.787 5.252 0.7756 2.643 0.9214 0.3681 0.06396 0.1742 0.0791 0.04666 0.01944 0.004212 0.004455 0.004165 0.001322 0.001927
0.6081 19.37 20.55 17.3 11.89 3.138 2.847 0.4205 1.433 0.4995 0.1995 0.03468 0.09446 0.04289 0.0253 0.01054 0.002284 0.002415 0.002258 0.001762
0.8848 6.994 50.3 14.31 9.909 6.811 1.798 1.631 0.2409 0.8209 0.2862 0.1143 0.01987 0.05412 0.02457 0.01449 0.006037 0.001308 0.001384 0.002303
0.7997 9.936 17.67 33.9 7.926 5.489 3.773 0.9957 0.9036 0.1334 0.4548 0.1585 0.06332 0.011 0.02998 0.01361 0.008028 0.003344 0.0007247 0.002042
0.711 8.257 23.16 10.97 17.28 4.041 2.798 1.923 0.5077 0.4607 0.06803 0.2319 0.08082 0.03229 0.005611 0.01528 0.006939 0.004093 0.001705 0.001411
0.2699 8.471 22.1 16.57 6.454 10.17 2.377 1.646 1.132 0.2987 0.271 0.04003 0.1364 0.04755 0.019 0.003301 0.008992 0.004082 0.002408 0.001833
