 landings-at-age - landings.n (units : NA )
1	2	
2	100	
1	20	
1 
0.02659 0.2984 0.8352 0.6934 0.4839 0.3377 0.2357 0.1644 0.1148 0.08008 0.05589 0.039 0.02722 0.01899 0.01325 0.009249 0.006454 0.004504 0.003143 0.007259
0.006495 0.05216 0.1462 0.1214 0.08475 0.05914 0.04127 0.0288 0.0201 0.01403 0.009787 0.00683 0.004766 0.003326 0.002321 0.00162 0.00113 0.0007888 0.0005504 0.001271
0.003663 0.07293 0.1464 0.1219 0.08515 0.05942 0.04147 0.02894 0.02019 0.01409 0.009834 0.006862 0.004789 0.003342 0.002332 0.001627 0.001136 0.0007925 0.000553 0.001277
0.005497 0.04113 0.2046 0.122 0.08549 0.0597 0.04166 0.02907 0.02029 0.01416 0.00988 0.006895 0.004811 0.003358 0.002343 0.001635 0.001141 0.0007963 0.0005557 0.001283
0.004253 0.06172 0.1154 0.1706 0.08557 0.05994 0.04186 0.02921 0.02038 0.01423 0.009927 0.006927 0.004834 0.003374 0.002354 0.001643 0.001146 8e-04 0.0005583 0.001289
0.005217 0.04776 0.1732 0.09624 0.1196 0.06 0.04203 0.02935 0.02048 0.01429 0.009974 0.00696 0.004857 0.00339 0.002365 0.001651 0.001152 0.0008038 0.0005609 0.001295
0.00447 0.05858 0.134 0.1444 0.06747 0.08389 0.04207 0.02947 0.02058 0.01436 0.01002 0.006993 0.00488 0.003406 0.002377 0.001658 0.001157 0.0008076 0.0005636 0.001302
0.003894 0.0502 0.1644 0.1117 0.1013 0.04731 0.05882 0.0295 0.02066 0.01443 0.01007 0.007026 0.004903 0.003422 0.002388 0.001666 0.001163 0.0008114 0.0005663 0.001308
0.004431 0.04372 0.1408 0.1371 0.07835 0.071 0.03317 0.04124 0.02068 0.01449 0.01012 0.00706 0.004926 0.003438 0.002399 0.001674 0.001168 0.0008153 0.0005689 0.001314
0.003675 0.04976 0.1227 0.1174 0.09611 0.05494 0.04978 0.02326 0.02892 0.0145 0.01016 0.007093 0.00495 0.003454 0.00241 0.001682 0.001174 0.0008191 0.0005716 0.00132
0.005901 0.04126 0.1396 0.1023 0.08235 0.06739 0.03852 0.0349 0.01631 0.02027 0.01017 0.007121 0.004973 0.003471 0.002422 0.00169 0.001179 0.000823 0.0005743 0.001326
0.003287 0.06626 0.1158 0.1164 0.07173 0.05774 0.04725 0.02701 0.02447 0.01143 0.01421 0.007128 0.004993 0.003487 0.002433 0.001698 0.001185 0.0008269 0.0005771 0.001333
0.00224 0.03691 0.1859 0.09655 0.08163 0.05029 0.04048 0.03313 0.01894 0.01716 0.008017 0.009967 0.004998 0.003501 0.002445 0.001706 0.001191 0.0008308 0.0005798 0.001339
0.00433 0.02515 0.1036 0.155 0.06769 0.05723 0.03526 0.02838 0.02323 0.01328 0.01203 0.005621 0.006988 0.003504 0.002455 0.001714 0.001196 0.0008348 0.0005825 0.001345
0.003354 0.04862 0.07056 0.08636 0.1087 0.04746 0.04013 0.02472 0.0199 0.01629 0.009309 0.008435 0.003941 0.0049 0.002457 0.001721 0.001202 0.0008387 0.0005853 0.001352
0.005461 0.03766 0.1364 0.05884 0.06055 0.07621 0.03328 0.02814 0.01734 0.01395 0.01142 0.006527 0.005914 0.002763 0.003435 0.001723 0.001207 0.0008427 0.0005881 0.001358
0.004446 0.06132 0.1057 0.1138 0.04125 0.04245 0.05344 0.02333 0.01973 0.01215 0.009784 0.008006 0.004576 0.004147 0.001937 0.002409 0.001208 0.000846 0.0005908 0.001365
0.003676 0.04992 0.1721 0.08812 0.07977 0.02892 0.02977 0.03747 0.01636 0.01383 0.008522 0.00686 0.005613 0.003209 0.002907 0.001358 0.001689 0.0008469 0.0005932 0.001371
0.003869 0.04128 0.1401 0.1435 0.06178 0.05593 0.02028 0.02087 0.02627 0.01147 0.009698 0.005975 0.00481 0.003936 0.00225 0.002039 0.0009524 0.001184 0.0005938 0.001377
0.003581 0.04345 0.1158 0.1168 0.1006 0.04332 0.03922 0.01422 0.01463 0.01842 0.008043 0.0068 0.00419 0.003372 0.00276 0.001577 0.001429 0.0006678 0.0008302 0.001382
0.004157 0.04021 0.1219 0.09658 0.08189 0.07054 0.03037 0.0275 0.00997 0.01026 0.01291 0.005639 0.004768 0.002937 0.002364 0.001935 0.001106 0.001002 0.0004682 0.001551
0.004766 0.04668 0.1128 0.1017 0.06772 0.05742 0.04946 0.0213 0.01928 0.00699 0.007194 0.009055 0.003954 0.003343 0.00206 0.001658 0.001357 0.0007754 0.0007026 0.001416
0.00334 0.05351 0.131 0.09408 0.07127 0.04748 0.04026 0.03468 0.01493 0.01352 0.004901 0.005044 0.006349 0.002772 0.002344 0.001444 0.001162 0.0009512 0.0005437 0.001485
0.006724 0.0375 0.1502 0.1092 0.06596 0.04997 0.03329 0.02823 0.02431 0.01047 0.009477 0.003436 0.003536 0.004451 0.001944 0.001643 0.001012 0.000815 0.0006669 0.001423
0.00341 0.0755 0.1052 0.1252 0.07658 0.04625 0.03504 0.02334 0.01979 0.01705 0.00734 0.006645 0.002409 0.00248 0.003121 0.001363 0.001152 0.0007099 0.0005714 0.001465
0.004211 0.03829 0.2119 0.08774 0.08779 0.0537 0.03243 0.02457 0.01637 0.01388 0.01195 0.005147 0.004659 0.001689 0.001739 0.002188 0.0009555 0.0008078 0.0004977 0.001428
0.003416 0.04728 0.1074 0.1767 0.06152 0.06156 0.03765 0.02274 0.01723 0.01147 0.00973 0.00838 0.003609 0.003267 0.001184 0.001219 0.001534 0.00067 0.0005664 0.00135
0.004046 0.03835 0.1327 0.08959 0.1239 0.04314 0.04316 0.0264 0.01594 0.01208 0.008045 0.006822 0.005876 0.00253 0.00229 0.0008305 0.0008546 0.001076 0.0004697 0.001344
0.005301 0.04543 0.1076 0.1106 0.06281 0.08685 0.03024 0.03026 0.01851 0.01118 0.008468 0.005641 0.004783 0.00412 0.001774 0.001606 0.0005823 0.0005992 0.0007542 0.001272
0.003703 0.05952 0.1275 0.08974 0.07757 0.04404 0.06089 0.02121 0.02122 0.01298 0.007837 0.005937 0.003955 0.003354 0.002888 0.001244 0.001126 0.0004083 0.0004201 0.00142
0.006272 0.04158 0.167 0.1063 0.06292 0.05439 0.03088 0.0427 0.01487 0.01488 0.009099 0.005495 0.004163 0.002773 0.002351 0.002025 0.0008721 0.0007895 0.0002863 0.00129
0.006254 0.07043 0.1167 0.1393 0.07453 0.04412 0.03813 0.02165 0.02994 0.01042 0.01043 0.00638 0.003853 0.002919 0.001944 0.001649 0.00142 0.0006115 0.0005535 0.001105
0.00363 0.07022 0.1976 0.0973 0.09764 0.05225 0.03093 0.02674 0.01518 0.02099 0.007309 0.007313 0.004473 0.002701 0.002046 0.001363 0.001156 0.0009956 0.0004287 0.001163
0.004288 0.04076 0.197 0.1648 0.06822 0.06846 0.03664 0.02169 0.01875 0.01064 0.01472 0.005125 0.005128 0.003136 0.001894 0.001435 0.0009558 0.0008105 0.0006981 0.001116
0.003582 0.04815 0.1144 0.1643 0.1155 0.04783 0.048 0.02569 0.01521 0.01314 0.007463 0.01032 0.003593 0.003595 0.002199 0.001328 0.001006 0.0006702 0.0005683 0.001272
0.003853 0.04022 0.1351 0.09538 0.1152 0.08101 0.03354 0.03366 0.01801 0.01066 0.009216 0.005232 0.007235 0.002519 0.002521 0.001542 0.0009311 0.0007054 0.0004699 0.00129
0.004897 0.04326 0.1129 0.1127 0.06688 0.08077 0.0568 0.02351 0.0236 0.01263 0.007475 0.006462 0.003669 0.005073 0.001766 0.001767 0.001081 0.0006528 0.0004946 0.001234
0.003697 0.05498 0.1214 0.09411 0.07899 0.04689 0.05663 0.03982 0.01649 0.01655 0.008854 0.005241 0.004531 0.002572 0.003557 0.001239 0.001239 0.0007579 0.0004577 0.001212
0.005495 0.04151 0.1543 0.1012 0.06598 0.05538 0.03288 0.03971 0.02792 0.01156 0.0116 0.006208 0.003675 0.003177 0.001804 0.002494 0.0008684 0.0008689 0.0005314 0.001171
0.3244 3.376 6.273 6.9 3.807 2.482 2.083 1.236 1.493 1.05 0.4347 0.4363 0.2335 0.1382 0.1195 0.06783 0.09378 0.03266 0.03268 0.06402
0.2524 4.654 11.79 6.36 5.856 3.231 2.106 1.767 1.049 1.267 0.8911 0.3689 0.3702 0.1981 0.1173 0.1014 0.05756 0.07958 0.02771 0.08205
0.1212 1.607 7.264 5.327 2.402 2.211 1.22 0.7952 0.6674 0.3962 0.4785 0.3365 0.1393 0.1398 0.07482 0.04429 0.03828 0.02173 0.03005 0.04145
0.3476 1.997 6.475 8.55 5.254 2.369 2.181 1.203 0.7844 0.6583 0.3908 0.472 0.3319 0.1374 0.1379 0.0738 0.04368 0.03776 0.02144 0.07053
0.2766 3.56 5 4.707 5.199 3.195 1.441 1.326 0.7318 0.477 0.4004 0.2377 0.2871 0.2019 0.08356 0.08386 0.04488 0.02657 0.02296 0.05593
0.1311 4.148 12.99 5.294 4.171 4.608 2.832 1.277 1.176 0.6486 0.4228 0.3548 0.2106 0.2544 0.1789 0.07406 0.07433 0.03978 0.02354 0.06992
0.3569 1.242 9.572 8.651 2.948 2.322 2.566 1.577 0.7109 0.6545 0.3611 0.2354 0.1976 0.1173 0.1416 0.0996 0.04123 0.04138 0.02215 0.05204
0.4922 3.408 2.9 6.48 4.899 1.669 1.315 1.453 0.8927 0.4025 0.3706 0.2045 0.1333 0.1119 0.0664 0.0802 0.0564 0.02335 0.02343 0.042
0.2462 6.865 11.59 2.865 5.359 4.051 1.38 1.088 1.201 0.7383 0.3329 0.3065 0.1691 0.1102 0.09251 0.05492 0.06633 0.04664 0.01931 0.05412
0.2462 2.845 19.3 9.421 1.948 3.644 2.755 0.9385 0.7395 0.8169 0.502 0.2263 0.2084 0.115 0.07494 0.0629 0.03734 0.0451 0.03171 0.04993
0.2498 2.534 7.132 13.99 5.708 1.18 2.208 1.669 0.5686 0.448 0.4949 0.3041 0.1371 0.1263 0.06966 0.04541 0.03811 0.02262 0.02732 0.04946
0.3685 3.064 7.561 6.162 10.11 4.124 0.8527 1.595 1.206 0.4109 0.3237 0.3576 0.2198 0.09908 0.09122 0.05033 0.03281 0.02754 0.01635 0.05548
0.24 4.497 9.072 6.463 4.402 7.221 2.946 0.6092 1.14 0.8615 0.2935 0.2313 0.2555 0.157 0.07079 0.06517 0.03596 0.02344 0.01967 0.05132
0.3295 2.394 10.9 6.339 3.773 2.57 4.215 1.72 0.3556 0.6652 0.5029 0.1713 0.135 0.1491 0.09165 0.04132 0.03805 0.02099 0.01368 0.04144
0.4415 3.819 6.742 8.871 4.312 2.566 1.748 2.868 1.17 0.2419 0.4525 0.3421 0.1166 0.09184 0.1015 0.06235 0.02811 0.02588 0.01428 0.0375
0.4022 5.345 11.21 5.712 6.281 3.053 1.817 1.238 2.03 0.8285 0.1713 0.3204 0.2422 0.08254 0.06503 0.07184 0.04415 0.0199 0.01833 0.03666
0.286 4.302 13.87 8.379 3.566 3.922 1.906 1.135 0.7728 1.268 0.5173 0.107 0.2 0.1512 0.05153 0.0406 0.04485 0.02756 0.01243 0.03433
0.3216 3.01 11 10.23 5.162 2.197 2.416 1.174 0.699 0.4761 0.781 0.3187 0.06589 0.1232 0.09317 0.03175 0.02501 0.02763 0.01698 0.02881
0.288 3.752 8.528 8.999 6.994 3.53 1.503 1.652 0.8032 0.478 0.3256 0.5341 0.2179 0.04506 0.08429 0.06372 0.02171 0.01711 0.0189 0.03131
0.2634 2.694 8.547 5.608 4.944 3.843 1.94 0.8256 0.9079 0.4413 0.2627 0.1789 0.2935 0.1197 0.02476 0.04631 0.03501 0.01193 0.009399 0.02759
0.436 2.817 7.031 6.468 3.55 3.13 2.432 1.228 0.5226 0.5747 0.2794 0.1663 0.1132 0.1858 0.0758 0.01567 0.02932 0.02216 0.007551 0.02341
0.2059 3.659 5.796 4.203 3.235 1.775 1.565 1.216 0.6141 0.2613 0.2874 0.1397 0.08315 0.05663 0.0929 0.03791 0.007838 0.01466 0.01108 0.01549
0.4006 2.434 10.61 4.906 2.98 2.293 1.259 1.11 0.8625 0.4354 0.1853 0.2038 0.09906 0.05895 0.04016 0.06587 0.02688 0.005557 0.01039 0.01884
0.3322 7.039 10.41 13.21 5.114 3.106 2.391 1.312 1.157 0.899 0.4538 0.1931 0.2124 0.1033 0.06145 0.04186 0.06866 0.02801 0.005793 0.03047
0.253 2.469 12.79 5.462 5.792 2.243 1.362 1.048 0.5754 0.5073 0.3943 0.199 0.08471 0.09315 0.04528 0.02695 0.01836 0.03011 0.01229 0.0159
0.241 2.338 5.606 8.467 3.028 3.211 1.243 0.7551 0.5812 0.319 0.2812 0.2186 0.1103 0.04696 0.05164 0.0251 0.01494 0.01018 0.01669 0.01563
0.2361 4.761 11.26 7.873 9.964 3.564 3.779 1.463 0.8887 0.684 0.3754 0.331 0.2572 0.1299 0.05527 0.06077 0.02954 0.01758 0.01198 0.03804
0.2046 1.76 8.679 5.932 3.468 4.389 1.57 1.664 0.6445 0.3914 0.3013 0.1653 0.1458 0.1133 0.05719 0.02434 0.02677 0.01301 0.007744 0.02203
0.2563 2.399 5.056 7.267 4.16 2.431 3.077 1.101 1.167 0.4519 0.2745 0.2112 0.1159 0.1022 0.07944 0.0401 0.01707 0.01877 0.009124 0.02088
0.3062 3.475 7.941 4.87 5.86 3.354 1.961 2.482 0.8875 0.9411 0.3644 0.2213 0.1704 0.09349 0.08243 0.06407 0.03234 0.01376 0.01514 0.02419
0.3741 3.431 9.498 6.292 3.228 3.884 2.223 1.3 1.645 0.5883 0.6238 0.2415 0.1467 0.1129 0.06197 0.05464 0.04246 0.02144 0.009123 0.02607
0.2462 3.668 8.224 6.601 3.658 1.877 2.258 1.293 0.7556 0.9563 0.342 0.3626 0.1404 0.08529 0.06564 0.03603 0.03176 0.02469 0.01246 0.02046
0.1513 2.191 8.009 5.225 3.511 1.946 0.9981 1.201 0.6875 0.4019 0.5086 0.1819 0.1929 0.07468 0.04536 0.03491 0.01916 0.01689 0.01313 0.01751
0.2412 2.896 10.21 10.88 5.945 3.994 2.213 1.135 1.366 0.7821 0.4572 0.5786 0.2069 0.2194 0.08496 0.0516 0.03972 0.0218 0.01922 0.03486
0.3072 2.034 5.959 6.065 5.399 2.951 1.983 1.099 0.5637 0.6782 0.3882 0.2269 0.2872 0.1027 0.1089 0.04218 0.02562 0.01972 0.01082 0.02684
0.2904 3.203 5.19 4.419 3.764 3.351 1.832 1.231 0.6819 0.3498 0.4209 0.241 0.1409 0.1783 0.06375 0.0676 0.02618 0.0159 0.01224 0.02338
0.3595 4.326 11.62 5.472 3.9 3.322 2.957 1.616 1.086 0.6018 0.3087 0.3715 0.2126 0.1243 0.1573 0.05626 0.05966 0.0231 0.01403 0.03143
0.3397 4.074 11.91 9.243 3.638 2.593 2.209 1.966 1.075 0.7221 0.4001 0.2053 0.247 0.1414 0.08265 0.1046 0.03741 0.03967 0.01536 0.03023
0.476 3.892 11.33 9.568 6.205 2.442 1.741 1.483 1.32 0.7215 0.4847 0.2686 0.1378 0.1658 0.09492 0.05548 0.07022 0.02511 0.02663 0.0306
0.4172 4.928 9.797 8.234 5.81 3.767 1.483 1.057 0.9002 0.8014 0.4381 0.2943 0.1631 0.08367 0.1007 0.05763 0.03369 0.04263 0.01525 0.03475
0.3347 4.48 12.88 7.407 5.205 3.672 2.381 0.9373 0.6681 0.569 0.5065 0.2769 0.186 0.1031 0.05288 0.06363 0.03643 0.02129 0.02695 0.0316
0.2581 2.845 9.314 7.762 3.731 2.622 1.85 1.2 0.4722 0.3366 0.2867 0.2552 0.1395 0.09372 0.05193 0.02664 0.03206 0.01835 0.01073 0.0295
0.2334 2.954 7.978 7.608 5.309 2.552 1.793 1.265 0.8205 0.323 0.2302 0.1961 0.1745 0.09541 0.0641 0.03552 0.01822 0.02193 0.01255 0.02751
0.312 3.401 10.5 8.243 6.582 4.593 2.208 1.552 1.095 0.7098 0.2794 0.1992 0.1696 0.151 0.08254 0.05545 0.03073 0.01576 0.01897 0.03466
0.2502 3.418 9.073 8.1 5.319 4.247 2.964 1.425 1.001 0.7063 0.458 0.1803 0.1285 0.1094 0.09742 0.05325 0.03578 0.01983 0.01017 0.0346
0.2296 2.594 8.644 6.643 4.96 3.257 2.6 1.815 0.8723 0.6129 0.4324 0.2804 0.1104 0.07868 0.06701 0.05965 0.03261 0.02191 0.01214 0.02741
0.2431 2.045 5.659 5.472 3.518 2.627 1.725 1.377 0.961 0.462 0.3246 0.229 0.1485 0.05846 0.04167 0.03549 0.03159 0.01727 0.0116 0.02095
0.1417 2.314 4.785 3.861 3.126 2.01 1.501 0.9853 0.7867 0.549 0.2639 0.1854 0.1308 0.08484 0.0334 0.0238 0.02027 0.01805 0.009865 0.0186
0.3548 2.557 10.19 6.148 4.156 3.365 2.164 1.615 1.061 0.8469 0.591 0.2841 0.1996 0.1408 0.09134 0.03595 0.02563 0.02183 0.01943 0.03064
0.3804 4.531 7.925 9.128 4.604 3.113 2.52 1.621 1.21 0.7944 0.6343 0.4426 0.2128 0.1495 0.1055 0.06841 0.02693 0.01919 0.01635 0.0375
0.2777 4.371 12.62 6.355 6.116 3.085 2.085 1.689 1.086 0.8106 0.5322 0.425 0.2965 0.1426 0.1002 0.07067 0.04583 0.01804 0.01286 0.03607
0.2591 2.764 10.56 8.778 3.694 3.555 1.793 1.212 0.9815 0.631 0.4711 0.3093 0.247 0.1724 0.08285 0.05822 0.04108 0.02664 0.01048 0.02844
0.2083 2.005 5.229 5.782 4.016 1.69 1.626 0.8202 0.5545 0.449 0.2887 0.2155 0.1415 0.113 0.07885 0.0379 0.02664 0.01879 0.01219 0.01781
0.2159 1.972 4.664 3.547 3.284 2.281 0.9598 0.9237 0.4659 0.315 0.255 0.164 0.1224 0.08038 0.06418 0.04479 0.02153 0.01513 0.01067 0.01704
0.2614 2.581 5.793 4.003 2.551 2.362 1.64 0.6902 0.6642 0.335 0.2265 0.1834 0.1179 0.08803 0.0578 0.04615 0.03221 0.01548 0.01088 0.01993
0.1854 3.659 8.845 5.79 3.352 2.136 1.977 1.374 0.578 0.5562 0.2805 0.1896 0.1536 0.09874 0.07371 0.0484 0.03865 0.02697 0.01296 0.0258
0.2812 2.554 12.28 8.618 4.722 2.733 1.742 1.613 1.12 0.4713 0.4535 0.2288 0.1547 0.1252 0.08052 0.06011 0.03947 0.03152 0.02199 0.03161
0.2981 3.601 7.93 11.01 6.46 3.539 2.049 1.306 1.209 0.8396 0.3533 0.34 0.1715 0.1159 0.09387 0.06036 0.04506 0.02959 0.02362 0.04018
0.192 2.142 6.318 4.013 4.654 2.73 1.496 0.866 0.5518 0.5109 0.3549 0.1493 0.1437 0.07248 0.049 0.03968 0.02551 0.01905 0.01251 0.02697
0.1837 2.11 5.767 4.954 2.634 3.055 1.792 0.982 0.5685 0.3622 0.3354 0.233 0.09803 0.09433 0.04758 0.03217 0.02605 0.01675 0.0125 0.02591
