Originally  
101 
A 
2	100	
1	1	NA	NA	
1	20	
1 882.8 441.4 343.3 196.2 196.2 220.7 73.57 24.52 24.52 0 24.52 24.52 0 0 0 0 0 0 0 0
1 892.7 352.4 305.4 211.4 187.9 46.98 70.48 117.5 46.98 0 46.98 23.49 23.49 0 0 0 0 0 0 23.49
1 267.6 490.6 252.7 89.2 104.1 89.2 14.87 29.73 59.46 29.73 14.87 0 14.87 14.87 14.87 0 0 0 0 0
1 502.3 251.2 361 125.6 94.18 78.49 31.39 47.09 15.7 15.7 15.7 15.7 15.7 0 0 0 0 0 0 0
1 537.2 417.8 179.1 358.1 238.7 199 0 0 0 19.9 0 39.79 0 0 0 0 0 0 0 0
1 553.8 194.6 269.4 164.6 59.87 74.84 44.9 44.9 14.97 14.97 14.97 0 29.93 0 0 14.97 0 0 0 0
1 424 224.5 137.2 137.2 99.76 62.35 74.82 24.94 24.94 12.47 0 12.47 0 12.47 0 0 0 0 0 0
1 323.1 351.2 182.6 84.28 140.5 84.28 84.28 14.05 56.19 28.09 0 14.05 0 0 14.05 14.05 0 14.05 0 0
1 415.7 367.7 255.8 159.9 127.9 95.92 63.95 47.96 15.99 31.97 0 0 0 0 0 15.99 0 0 0 0
1 253.8 253.8 253.8 120.9 96.7 36.26 60.44 24.18 12.09 36.26 12.09 12.09 12.09 24.18 0 0 0 0 0 0
1 730.6 276 211.1 81.18 129.9 81.18 16.24 32.47 0 32.47 0 32.47 0 0 0 0 0 0 0 0
1 320.6 418.1 139.4 223 0 69.69 125.4 13.94 27.88 13.94 27.88 13.94 0 0 0 0 0 0 0 0
1 167.9 139.9 242.5 111.9 65.28 37.3 37.3 74.61 9.326 9.326 0 0 0 9.326 0 9.326 0 0 18.65 0
1 517.1 250.2 233.5 216.8 133.4 133.4 50.04 33.36 50.04 16.68 0 0 0 0 33.36 0 0 0 0 0
1 410.8 397.1 109.5 109.5 109.5 13.69 27.38 13.69 54.77 41.08 27.38 0 13.69 27.38 0 13.69 0 0 0 0
1 453.8 143.3 191.1 59.71 167.2 83.6 11.94 47.77 0 0 23.89 0 0 0 0 11.94 0 0 0 0
1 332.9 298.4 206.6 114.8 34.43 22.96 34.43 45.91 11.48 11.48 0 11.48 11.48 0 0 11.48 0 0 0 0
1 396.7 212.5 297.6 85.02 141.7 28.34 28.34 99.19 70.85 0 0 14.17 0 14.17 0 0 0 14.17 0 14.17
1 305.4 305.4 229 203.6 25.45 38.17 38.17 63.62 0 25.45 0 12.72 0 12.72 12.72 0 0 0 0 0
1 265.5 199.1 188.1 121.7 121.7 44.25 55.31 0 55.31 11.06 0 0 22.12 0 11.06 0 0 0 11.06 0
1 196.3 178.4 187.4 80.3 80.3 80.3 8.922 17.84 17.84 8.922 8.922 0 0 0 17.84 0 8.922 0 0 0
1 321.4 266 166.2 88.66 55.42 66.5 66.5 33.25 22.17 11.08 0 0 11.08 0 0 0 0 0 0 0
1 231.9 185.5 131.4 54.11 46.38 30.92 30.92 15.46 0 7.73 7.73 15.46 7.73 0 0 7.73 0 0 0 0
1 583.8 209.6 239.5 134.7 74.84 74.84 29.94 14.97 59.87 14.97 0 14.97 0 14.97 14.97 14.97 0 0 0 0
1 282.4 411.8 129.4 188.2 23.53 47.06 35.3 23.53 0 11.77 0 0 0 0 23.53 0 0 0 0 0
1 395 203.9 242.1 140.2 38.23 38.23 63.71 50.97 25.48 25.48 12.74 0 12.74 0 12.74 12.74 0 0 0 0
1 242.4 274.1 147.6 137 31.62 63.24 21.08 42.16 31.62 0 31.62 10.54 10.54 0 0 0 0 10.54 0 0
1 341 175.1 138.3 92.17 119.8 9.217 0 0 18.43 0 9.217 0 0 0 9.217 0 0 0 9.217 0
1 363.7 186.8 78.65 137.6 49.15 98.31 29.49 9.831 9.831 0 9.831 0 0 9.831 0 0 0 0 0 0
1 401 310.4 142.3 51.74 129.3 51.74 51.74 51.74 25.87 12.93 0 12.93 0 12.93 12.93 0 12.93 0 0 12.93
1 483.3 326.9 199 113.7 71.07 99.49 14.21 42.64 0 14.21 28.43 0 14.21 0 0 14.21 0 0 0 0
1 596.6 532.7 234.4 234.4 170.5 42.62 149.2 21.31 21.31 21.31 63.93 0 21.31 0 0 0 0 0 21.31 0
1 272.8 295.6 216 102.3 45.47 68.21 56.84 11.37 22.74 11.37 11.37 11.37 0 0 11.37 0 0 0 0 0
1 272.1 161.2 181.4 141.1 70.54 90.7 40.31 30.23 10.08 0 10.08 0 0 0 0 0 0 0 0 0
1 310.1 256.6 117.6 106.9 96.24 53.46 74.85 10.69 21.39 10.69 10.69 0 0 0 0 0 0 0 0 0
1 453.2 278.9 331.2 69.72 209.2 87.15 104.6 69.72 17.43 52.29 17.43 0 34.86 0 0 17.43 0 0 0 0
1 385.6 163.6 187 140.2 81.8 58.43 58.43 11.69 46.74 11.69 0 11.69 0 0 0 0 0 11.69 0 0
1 390.6 247.4 234.3 78.11 52.07 39.06 104.1 78.11 0 26.04 39.06 0 0 13.02 0 0 0 0 0 0
1 497.2 192.5 192.5 192.5 112.3 160.4 80.2 64.16 32.08 16.04 32.08 16.04 0 0 0 16.04 0 0 0 0
1 671.5 364.5 268.6 153.5 115.1 57.56 115.1 19.19 38.37 38.37 0 0 38.37 0 0 0 19.19 0 0 19.19
1 235.7 486.1 265.2 117.9 103.1 132.6 29.46 58.93 0 14.73 29.46 0 0 0 0 0 0 0 0 0
1 345.1 244.5 316.4 158.2 86.28 143.8 28.76 14.38 28.76 28.76 43.14 0 0 0 0 0 0 0 0 0
1 426.6 213.3 133.3 266.6 146.6 93.32 26.66 0 0 13.33 0 13.33 0 0 0 0 0 0 0 0
1 335 256.2 68.97 78.82 128.1 9.852 19.7 39.41 29.56 9.852 0 9.852 0 0 0 0 0 0 0 0
1 195 309.7 298.2 91.76 45.88 45.88 57.35 11.47 57.35 22.94 0 11.47 0 0 0 0 0 0 0 0
1 568.6 61.8 160.7 234.9 74.16 12.36 98.89 0 0 12.36 12.36 0 0 0 0 0 0 0 0 0
1 831.2 266 99.75 166.2 166.2 16.62 49.87 33.25 0 0 33.25 0 0 0 0 0 0 0 0 0
1 296.7 536.8 226 70.64 113 42.38 14.13 28.25 42.38 28.25 0 14.13 0 0 0 0 0 0 0 0
1 402.6 232.3 511 123.9 30.97 77.42 61.93 46.45 15.48 30.97 0 15.48 0 0 0 0 0 0 0 0
1 273.4 273.4 105.1 220.8 115.7 21.03 21.03 0 10.51 0 0 10.51 0 0 0 0 0 0 0 0
1 400 235.9 51.28 92.3 123.1 71.79 20.51 0 20.51 10.26 0 0 0 0 0 0 0 0 0 0
1 275.2 450.4 112.6 87.58 162.6 100.1 0 12.51 12.51 25.02 12.51 0 0 0 0 0 0 0 0 0
1 516.4 219.1 313 187.8 31.3 31.3 156.5 31.3 0 0 62.6 0 15.65 0 0 0 0 0 0 0
1 461.4 230.7 145.7 109.3 97.13 48.57 0 36.43 60.71 0 24.28 0 0 0 0 0 0 0 0 0
1 609 420.5 203 43.5 43.5 43.5 14.5 0 43.5 14.5 0 14.5 0 0 0 0 0 0 0 0
1 536.6 421.6 383.3 172.5 57.49 115 19.16 115 57.49 38.33 0 0 0 0 0 0 0 0 0 0
1 447.7 203.5 271.3 203.5 81.4 67.83 40.7 13.57 0 13.57 13.57 0 0 0 0 0 0 0 0 0
1 260.8 215.8 107.9 161.8 62.94 53.95 17.98 8.992 8.992 0 0 0 0 0 0 0 0 0 0 0
1 461.7 166.7 205.2 64.13 115.4 115.4 76.96 0 25.65 12.83 0 12.83 12.83 12.83 0 0 0 0 0 0
1 706.9 155.5 268.6 84.82 28.27 28.27 84.82 56.55 0 0 0 0 0 0 0 0 0 0 0 0
1 401.7 552.4 301.3 83.69 0 66.95 117.2 66.95 50.21 16.74 0 16.74 0 0 0 0 0 0 0 0
1 500.8 309.3 294.6 117.8 103.1 44.19 0 14.73 0 44.19 0 29.46 0 0 0 14.73 0 0 0 0
1 413.4 445.2 238.5 206.7 79.5 95.4 47.7 15.9 31.8 0 0 0 15.9 0 0 0 0 0 0 0
1 424.9 242.8 349 91.06 136.6 121.4 45.53 75.88 0 15.18 0 0 0 0 0 0 0 0 15.18 0
1 506.5 245.6 138.1 383.7 76.74 61.39 30.69 46.04 15.35 15.35 0 15.35 0 0 0 0 0 0 0 0
1 228.3 385.3 256.8 157 128.4 71.34 71.34 42.81 28.54 14.27 28.54 0 14.27 0 0 0 0 0 0 0
1 310.5 270 243 216 108 108 13.5 40.5 0 0 27 0 0 13.5 0 0 0 0 0 0
1 483.8 221.2 179.7 165.9 82.95 96.77 82.95 13.82 27.65 27.65 0 0 0 0 0 0 0 0 0 0
1 396.9 268.2 118 96.54 32.18 53.63 21.45 32.18 32.18 0 21.45 0 0 0 0 0 0 0 0 0
1 512.9 205.1 263.8 161.2 87.92 102.6 58.61 43.96 14.65 14.65 0 0 0 0 0 0 0 0 0 0
1 257.4 313.4 145.5 145.5 89.54 55.97 55.97 22.39 0 0 11.19 0 11.19 0 0 0 0 0 0 11.19
1 420.1 268.9 403.3 235.2 100.8 84.02 16.8 16.8 16.8 16.8 50.41 0 16.8 16.8 0 0 0 0 16.8 0
1 387 229.4 229.4 272.4 71.67 43 86.01 28.67 43 0 28.67 14.33 0 0 0 0 0 0 0 0
1 586 269.3 142.5 158.4 110.9 158.4 47.52 31.68 15.84 0 47.52 0 0 15.84 0 0 0 0 0 0
1 518.1 308.4 98.69 86.35 74.01 61.68 24.67 12.34 12.34 24.67 0 0 0 12.34 0 0 0 0 0 0
1 514 462.6 325.5 119.9 51.4 51.4 68.53 34.27 34.27 0 34.27 17.13 0 0 0 0 0 0 0 0
1 268.2 388.9 214.5 214.5 53.64 26.82 40.23 26.82 26.82 67.05 0 0 0 0 0 0 0 13.41 0 0
1 436.3 372.1 192.5 154 64.16 12.83 0 0 12.83 25.66 0 12.83 0 0 0 0 0 0 0 0
1 699.8 413.5 79.52 111.3 95.42 111.3 31.81 15.9 0 0 0 0 31.81 0 0 0 0 0 0 0
1 404.2 388.6 310.9 124.4 202.1 15.55 46.64 31.09 0 15.55 15.55 0 0 0 0 0 0 0 0 0
1 719.2 556.8 348 324.8 162.4 23.2 139.2 0 23.2 0 0 0 23.2 0 0 0 0 0 0 0
1 251.2 343.8 238 251.2 92.57 52.89 13.22 26.45 26.45 13.22 13.22 0 0 0 0 0 0 0 0 0
1 387.3 254.8 112.1 81.53 61.15 81.53 20.38 0 10.19 0 0 0 0 0 0 10.19 0 0 0 0
1 445.6 412.6 297.1 214.6 66.02 99.03 33.01 49.52 0 0 33.01 0 0 0 0 0 0 0 0 0
1 295.2 320.9 205.4 102.7 115.5 38.51 77.01 64.18 0 25.67 12.84 0 12.84 12.84 0 0 0 0 0 0
1 427.2 207.5 183.1 146.5 24.41 85.43 48.82 36.61 61.02 0 0 0 0 0 0 0 0 0 0 0
1 380.1 366.6 162.9 149.3 54.3 67.88 67.88 54.3 0 27.15 13.58 13.58 0 0 0 0 0 0 0 0
1 416.4 236.3 213.8 135 45.01 33.76 22.51 22.51 0 0 0 0 0 0 0 0 0 0 0 0
1 647 693.2 254.2 231.1 115.5 161.8 46.21 46.21 23.11 69.32 0 0 0 23.11 0 0 0 0 0 0
1 289.6 209.7 219.7 79.89 69.91 19.97 19.97 9.986 19.97 29.96 9.986 9.986 9.986 0 0 0 0 0 0 0
1 263 126.2 252.4 189.3 84.14 84.14 10.52 0 10.52 10.52 21.04 0 0 0 0 0 0 0 0 0
1 323.7 323.7 99.61 149.4 149.4 87.16 49.81 0 0 12.45 12.45 12.45 0 0 12.45 0 0 0 0 12.45
1 477.4 358.1 253.6 89.52 119.4 74.6 29.84 44.76 14.92 14.92 0 0 0 0 14.92 0 0 0 0 0
1 518.5 378.4 196.2 112.1 84.09 28.03 28.03 0 28.03 14.01 0 0 0 0 0 14.01 0 0 0 0
1 306.8 715.9 347.7 245.4 122.7 102.3 102.3 40.91 20.45 40.91 0 0 0 0 0 0 0 0 0 0
1 451 267.8 140.9 267.8 70.47 56.37 14.09 98.66 14.09 14.09 0 14.09 0 0 0 0 0 0 0 0
1 437.7 340.4 275.6 194.5 178.3 64.85 48.64 0 0 64.85 0 0 0 16.21 0 0 0 0 0 0
1 304.2 221.2 138.3 73.74 36.87 55.3 27.65 18.43 18.43 0 18.43 0 0 0 9.217 0 0 0 0 0
1 465.7 328.7 205.5 68.49 123.3 54.79 54.79 13.7 27.4 0 13.7 0 0 0 13.7 0 0 0 0 0
