 landings-at-age - landings.n (units : NA )
1	2	
42	100	
1	20	
1 
0.005842 0.06662 0.1733 0.1382 0.09931 0.07092 0.04835 0.03547 0.02422 0.01685 0.01128 0.008057 0.005793 0.00387 0.002544 0.001696 0.001205 0.0008272 0.0005825 0.001452
0.005591 0.06559 0.1869 0.1445 0.09692 0.06963 0.04972 0.0339 0.02487 0.01698 0.01181 0.007907 0.005649 0.004062 0.002713 0.001784 0.001189 0.0008446 0.00058 0.001427
0.09387 0.9863 2.879 2.436 1.583 1.062 0.7628 0.5448 0.3714 0.2725 0.1861 0.1294 0.08662 0.06189 0.0445 0.02973 0.01954 0.01303 0.009253 0.02198
0.1758 2.035 5.288 4.555 3.236 2.104 1.411 1.014 0.7238 0.4935 0.362 0.2472 0.172 0.1151 0.08223 0.05913 0.0395 0.02596 0.01731 0.0415
0.2684 2.915 8.298 6.325 4.569 3.246 2.11 1.415 1.017 0.726 0.495 0.3632 0.248 0.1725 0.1154 0.08248 0.05931 0.03962 0.02604 0.05899
0.3521 3.972 10.55 8.75 5.587 4.036 2.868 1.864 1.25 0.8981 0.6414 0.4373 0.3208 0.2191 0.1524 0.102 0.07286 0.05239 0.035 0.07512
0.4398 4.888 13.4 10.31 7.157 4.57 3.301 2.345 1.525 1.022 0.7346 0.5246 0.3576 0.2624 0.1792 0.1246 0.08341 0.0596 0.04285 0.09006
0.5709 5.858 15.73 12.42 7.986 5.543 3.539 2.557 1.817 1.181 0.792 0.569 0.4063 0.277 0.2032 0.1388 0.09653 0.06461 0.04616 0.103
0.6305 7.386 18.21 14 9.223 5.93 4.116 2.628 1.899 1.349 0.8768 0.5881 0.4225 0.3017 0.2057 0.1509 0.103 0.07167 0.04797 0.1107
0.7588 7.982 22.33 15.66 10.04 6.613 4.252 2.951 1.884 1.361 0.9672 0.6287 0.4216 0.3029 0.2163 0.1475 0.1082 0.07388 0.05139 0.1138
0.7989 9.444 23.59 18.66 10.9 6.983 4.601 2.958 2.053 1.311 0.9471 0.6729 0.4374 0.2933 0.2107 0.1505 0.1026 0.07528 0.0514 0.1149
0.938 9.806 27.37 19.21 12.64 7.379 4.729 3.115 2.003 1.39 0.8878 0.6414 0.4556 0.2962 0.1986 0.1427 0.1019 0.06948 0.05098 0.1126
1.074 11.38 27.93 21.78 12.69 8.351 4.876 3.124 2.058 1.323 0.9187 0.5866 0.4238 0.3011 0.1957 0.1312 0.09429 0.06734 0.04591 0.1081
1.041 12.9 31.92 21.75 14.06 8.197 5.393 3.148 2.017 1.329 0.8546 0.5932 0.3788 0.2737 0.1944 0.1264 0.08475 0.06089 0.04348 0.09945
1.093 12.4 35.67 24.36 13.75 8.887 5.18 3.408 1.99 1.275 0.84 0.5401 0.3749 0.2394 0.1729 0.1229 0.07986 0.05356 0.03848 0.09032
1.151 12.93 33.84 26.7 15.08 8.51 5.502 3.207 2.11 1.232 0.7893 0.52 0.3343 0.2321 0.1482 0.1071 0.07606 0.04944 0.03316 0.07974
1.193 13.52 34.84 24.87 16.2 9.153 5.165 3.339 1.946 1.28 0.7476 0.479 0.3156 0.2029 0.1409 0.08994 0.06498 0.04616 0.03001 0.06852
1.269 13.93 36.02 25.15 14.81 9.649 5.45 3.075 1.988 1.159 0.7624 0.4451 0.2852 0.1879 0.1208 0.08387 0.05355 0.03869 0.02749 0.05867
1.288 14.74 36.7 25.56 14.7 8.654 5.64 3.185 1.797 1.162 0.6774 0.4456 0.2602 0.1667 0.1098 0.07062 0.04902 0.0313 0.02261 0.05035
1.276 14.89 38.42 25.6 14.67 8.436 4.967 3.237 1.828 1.032 0.667 0.3888 0.2558 0.1493 0.09569 0.06304 0.04053 0.02814 0.01797 0.04188
1.268 14.69 38.4 26.37 14.44 8.271 4.757 2.801 1.825 1.031 0.5817 0.3761 0.2192 0.1442 0.0842 0.05395 0.03555 0.02285 0.01586 0.03374
1.255 13.83 35.83 24.8 13.98 7.65 4.383 2.521 1.484 0.9672 0.5463 0.3083 0.1993 0.1162 0.07642 0.04462 0.02859 0.01884 0.01211 0.02629
1.262 13.69 33.74 23.15 13.14 7.406 4.054 2.323 1.336 0.7865 0.5125 0.2895 0.1634 0.1056 0.06156 0.0405 0.02365 0.01515 0.009983 0.02035
1.197 13.76 33.39 21.79 12.27 6.965 3.925 2.148 1.231 0.7079 0.4168 0.2716 0.1534 0.08657 0.05597 0.03263 0.02146 0.01253 0.00803 0.01607
1.06 13.05 33.56 21.57 11.55 6.5 3.691 2.08 1.139 0.6523 0.3752 0.2209 0.1439 0.0813 0.04588 0.02966 0.01729 0.01137 0.006641 0.01277
0.9797 11.55 31.84 21.68 11.43 6.12 3.445 1.956 1.102 0.6034 0.3457 0.1988 0.1171 0.07628 0.04309 0.02431 0.01572 0.009162 0.006028 0.01029
0.9196 10.68 28.19 20.57 11.49 6.057 3.243 1.825 1.037 0.5841 0.3197 0.1832 0.1054 0.06203 0.04042 0.02283 0.01288 0.00833 0.004856 0.008647
0.8509 10.03 26.06 18.21 10.9 6.088 3.21 1.719 0.9674 0.5494 0.3095 0.1694 0.09708 0.05583 0.03287 0.02142 0.0121 0.006828 0.004415 0.007155
0.7818 9.276 24.46 16.83 9.648 5.776 3.226 1.701 0.9108 0.5127 0.2911 0.164 0.0898 0.05145 0.02959 0.01742 0.01135 0.006412 0.003618 0.006131
0.6832 8.523 22.63 15.8 8.92 5.113 3.061 1.71 0.9015 0.4826 0.2717 0.1543 0.08693 0.04759 0.02726 0.01568 0.009232 0.006016 0.003398 0.005167
0.5529 7.448 20.8 14.62 8.373 4.727 2.709 1.622 0.9061 0.4777 0.2558 0.144 0.08176 0.04607 0.02522 0.01445 0.00831 0.004893 0.003188 0.004539
0.5417 6.027 18.17 13.43 7.747 4.437 2.505 1.436 0.8596 0.4802 0.2532 0.1355 0.0763 0.04333 0.02441 0.01336 0.007657 0.004404 0.002593 0.004095
0.5007 5.905 14.71 11.74 7.118 4.106 2.351 1.328 0.7609 0.4555 0.2545 0.1342 0.07183 0.04043 0.02296 0.01294 0.007082 0.004058 0.002334 0.003544
0.4705 5.459 14.41 9.499 6.221 3.772 2.176 1.246 0.7035 0.4032 0.2414 0.1349 0.0711 0.03807 0.02143 0.01217 0.006856 0.003753 0.00215 0.003115
0.436 5.129 13.32 9.306 5.034 3.297 1.999 1.153 0.6604 0.3728 0.2137 0.1279 0.07146 0.03768 0.02017 0.01135 0.006448 0.003633 0.001989 0.00279
0.359 4.753 12.51 8.603 4.932 2.668 1.747 1.059 0.611 0.35 0.1976 0.1132 0.0678 0.03787 0.01997 0.01069 0.006017 0.003417 0.001925 0.002533
0.3319 3.914 11.6 8.083 4.559 2.614 1.414 0.9258 0.5614 0.3238 0.1855 0.1047 0.06001 0.03593 0.02007 0.01058 0.005665 0.003189 0.001811 0.002363
0.3293 3.618 9.55 7.491 4.284 2.416 1.385 0.7492 0.4906 0.2975 0.1716 0.09828 0.05549 0.0318 0.01904 0.01064 0.005608 0.003002 0.00169 0.002212
0.308 3.59 8.828 6.169 3.97 2.27 1.28 0.734 0.397 0.26 0.1577 0.09094 0.05208 0.0294 0.01685 0.01009 0.005636 0.002972 0.001591 0.002068
0.2922 3.358 8.759 5.702 3.269 2.104 1.203 0.6785 0.389 0.2104 0.1378 0.08355 0.04819 0.0276 0.01558 0.008931 0.005347 0.002987 0.001575 0.001939
0.2499 3.11 8.014 5.536 2.957 1.695 1.091 0.6239 0.3519 0.2017 0.1091 0.07145 0.04333 0.02499 0.01431 0.008081 0.004632 0.002773 0.001549 0.001822
0.2101 2.66 7.443 5.094 2.889 1.543 0.8846 0.5693 0.3255 0.1836 0.1053 0.05693 0.03729 0.02261 0.01304 0.007469 0.004217 0.002417 0.001447 0.001759
0.191 2.237 6.383 4.757 2.675 1.517 0.8103 0.4645 0.2989 0.1709 0.09641 0.05527 0.0299 0.01958 0.01187 0.006847 0.003922 0.002214 0.001269 0.001684
0.1806 2.033 5.381 4.102 2.513 1.413 0.8015 0.4281 0.2454 0.1579 0.09031 0.05094 0.0292 0.01579 0.01034 0.006272 0.003618 0.002072 0.00117 0.00156
0.1539 1.922 4.904 3.478 2.181 1.336 0.7512 0.426 0.2276 0.1305 0.08396 0.04801 0.02708 0.01552 0.008396 0.005499 0.003334 0.001923 0.001101 0.001451
0.1506 1.638 4.649 3.187 1.86 1.166 0.7146 0.4017 0.2279 0.1217 0.06977 0.0449 0.02568 0.01448 0.008302 0.004491 0.002941 0.001783 0.001029 0.001365
0.1307 1.603 3.971 3.038 1.715 1.001 0.6276 0.3845 0.2162 0.1226 0.06549 0.03754 0.02416 0.01382 0.007792 0.004467 0.002416 0.001582 0.0009596 0.001288
0.1189 1.391 3.896 2.609 1.644 0.9282 0.5418 0.3397 0.2081 0.117 0.06637 0.03545 0.02032 0.01308 0.007479 0.004218 0.002418 0.001308 0.0008566 0.001217
0.1067 1.265 3.39 2.573 1.421 0.8954 0.5054 0.295 0.185 0.1133 0.06372 0.03614 0.0193 0.01107 0.007122 0.004072 0.002297 0.001317 0.0007122 0.001129
0.1033 1.135 3.091 2.25 1.41 0.7781 0.4904 0.2769 0.1616 0.1013 0.06208 0.0349 0.0198 0.01057 0.006061 0.003901 0.002231 0.001258 0.0007213 0.001009
0.08971 1.098 2.779 2.063 1.24 0.7766 0.4287 0.2702 0.1525 0.08904 0.05583 0.0342 0.01923 0.01091 0.005826 0.00334 0.002149 0.001229 0.0006932 0.0009531
0.07895 0.9536 2.696 1.864 1.143 0.6871 0.4303 0.2376 0.1497 0.08453 0.04934 0.03094 0.01895 0.01066 0.006044 0.003228 0.001851 0.001191 0.000681 0.0009123
0.06939 0.8387 2.346 1.818 1.039 0.637 0.3829 0.2398 0.1324 0.08344 0.04711 0.0275 0.01724 0.01056 0.005938 0.003368 0.001799 0.001031 0.0006637 0.0008879
0.06482 0.7368 2.068 1.589 1.019 0.5822 0.357 0.2146 0.1344 0.07419 0.04676 0.0264 0.01541 0.009662 0.00592 0.003328 0.001888 0.001008 0.000578 0.0008696
0.06073 0.6878 1.82 1.408 0.8956 0.5739 0.3281 0.2011 0.1209 0.07573 0.04181 0.02635 0.01488 0.008683 0.005444 0.003336 0.001875 0.001064 0.0005681 0.0008157
0.05619 0.6439 1.702 1.245 0.7976 0.5074 0.3252 0.1859 0.114 0.0685 0.0429 0.02369 0.01493 0.008427 0.004919 0.003084 0.00189 0.001062 0.0006026 0.000784
0.05426 0.5953 1.596 1.17 0.7092 0.4542 0.289 0.1852 0.1059 0.0649 0.03901 0.02444 0.01349 0.008502 0.0048 0.002801 0.001757 0.001076 0.0006051 0.0007897
0.04863 0.5742 1.478 1.102 0.6698 0.406 0.26 0.1654 0.106 0.0606 0.03715 0.02233 0.01399 0.007722 0.004867 0.002747 0.001604 0.001006 0.0006161 0.0007984
0.04639 0.5141 1.428 1.025 0.6341 0.3853 0.2335 0.1496 0.09516 0.06098 0.03486 0.02137 0.01285 0.008047 0.004442 0.0028 0.001581 0.0009226 0.0005785 0.0008138
