Originally  
101 
A 
42	100	
1	1	NA	NA	
1	20	
1 0.01781 0.4097 0.4809 0.3028 0.1603 0.1069 0.08906 0.07125 0 0.08906 0 0.01781 0 0.01781 0 0 0.01781 0 0 0
1 0.06256 0.2502 0.4796 0.3962 0.3336 0.1668 0.1043 0.1043 0.0417 0.0417 0.02085 0.06256 0 0 0 0 0 0 0.02085 0
1 0.08478 0.3674 0.7065 0.5369 0.3956 0.2543 0.08478 0.08478 0.05652 0.08478 0.05652 0.02826 0 0 0 0.08478 0 0 0 0
1 0.02676 0.2408 0.4816 0.4816 0.5619 0.3211 0.107 0.107 0.1338 0.08027 0.02676 0.08027 0 0.02676 0 0 0 0 0 0
1 0.02548 0.3568 0.6116 0.3313 0.2803 0.2803 0.1784 0.2548 0.02548 0.07645 0 0.02548 0 0.02548 0 0 0 0.02548 0 0.05096
1 0.05972 0.2787 0.5972 0.3583 0.2588 0.1194 0.07962 0.03981 0.05972 0.05972 0.01991 0.01991 0.03981 0 0 0 0 0 0 0
1 0.04115 0.2058 0.5144 0.4115 0.2675 0.144 0.144 0.1235 0.04115 0.08231 0 0.02058 0.02058 0 0.04115 0 0 0 0 0
1 0.1566 0.2153 0.5088 0.2936 0.2348 0.1566 0.1761 0.1174 0.01957 0 0.05871 0 0 0 0.01957 0 0 0 0 0
1 0.06311 0.2209 0.4576 0.3313 0.2367 0.06311 0.09467 0.01578 0.03156 0.01578 0.01578 0.01578 0.01578 0 0 0 0 0 0 0
1 0.07339 0.2018 0.5504 0.3302 0.2018 0.1468 0.03669 0.1101 0.01835 0.05504 0.05504 0 0.03669 0 0.01835 0 0 0 0 0
1 0.0556 0.5838 0.7784 0.417 0.278 0.0556 0.2502 0.1668 0.0834 0.0834 0 0.0278 0 0 0 0 0 0 0 0
1 0.07467 0.2427 0.6347 0.448 0.1493 0.07467 0.07467 0.07467 0.03733 0.01867 0 0.01867 0.01867 0 0 0 0 0 0 0
1 0.03564 0.2673 0.4098 0.4098 0.2138 0.196 0.07128 0.03564 0.07128 0.01782 0.03564 0 0.01782 0 0 0 0 0 0 0
1 0.03594 0.3953 0.4852 0.2516 0.1797 0.1438 0.07188 0.07188 0.08985 0.05391 0 0 0 0 0 0 0 0.01797 0 0
1 0.03107 0.2485 0.5903 0.2175 0.233 0.07767 0.07767 0.0466 0 0.01553 0 0 0.01553 0 0 0 0 0 0 0
1 0.03552 0.3197 0.4085 0.4795 0.1776 0.1243 0.1421 0.01776 0.01776 0.01776 0.03552 0 0 0 0 0 0 0 0 0
1 0.02547 0.242 0.3693 0.191 0.1656 0.1146 0.05094 0.02547 0.02547 0.01274 0.01274 0.01274 0.01274 0.01274 0 0 0 0 0 0
1 0.03367 0.3703 0.4882 0.3198 0.2188 0.1347 0.06733 0.01683 0 0.03367 0 0 0 0 0 0 0 0 0 0
1 0.05165 0.2582 0.5681 0.3788 0.1722 0.1549 0.08608 0.05165 0 0 0 0 0 0 0 0 0 0 0 0
1 0.03664 0.232 0.3297 0.3297 0.171 0.04885 0.01221 0.01221 0 0 0.02442 0 0.01221 0 0 0 0 0.01221 0 0
1 0.02716 0.2309 0.5025 0.2852 0.1901 0.0679 0.01358 0.01358 0.01358 0 0.01358 0 0 0 0 0 0 0 0 0
1 0.02874 0.1868 0.4743 0.3162 0.1725 0.115 0.05749 0.01437 0.02874 0 0 0.02874 0.01437 0 0 0 0 0 0 0
1 0.03157 0.1052 0.3368 0.2736 0.1052 0.06314 0.01052 0.03157 0.06314 0.01052 0.01052 0.01052 0 0 0 0 0 0 0 0
1 0.03795 0.3036 0.3163 0.3163 0.1392 0.1012 0.01265 0.0253 0.01265 0 0 0 0 0 0 0 0 0 0 0
1 0.02119 0.1271 0.339 0.2225 0.1483 0.1165 0.03178 0.04238 0 0 0 0.01059 0 0 0 0 0 0 0 0
1 0.04127 0.2063 0.5778 0.2063 0.2339 0.05503 0.02751 0 0.01376 0 0 0 0 0 0.01376 0 0 0 0 0
1 0.009894 0.2276 0.3562 0.1385 0.1583 0.05937 0.01979 0.009894 0 0.009894 0 0 0 0 0 0 0 0 0 0
1 0.006283 0.1382 0.1822 0.1257 0.08167 0.05026 0.0377 0.006283 0 0 0 0 0 0 0 0 0 0 0 0
1 0.03797 0.1139 0.2961 0.1215 0.06834 0.03797 0.02278 0.02278 0 0.01519 0.007593 0.007593 0 0 0 0 0 0.007593 0 0
1 0.01286 0.1286 0.2443 0.1029 0.0643 0.04501 0.01929 0.01286 0.00643 0 0 0 0 0 0 0 0 0 0 0.00643
1 0.03516 0.1196 0.204 0.1125 0.06329 0.05626 0.05626 0.01407 0.0211 0 0 0.01407 0 0 0 0.007033 0 0 0 0
1 0.01653 0.08267 0.1543 0.1488 0.08267 0.01653 0.03858 0 0.005512 0 0 0 0.005512 0 0 0 0 0 0 0
1 0.01294 0.06468 0.1164 0.09917 0.04312 0.05174 0.02156 0.008624 0.008624 0 0 0.004312 0 0 0 0 0 0 0 0
1 0 0.08112 0.1145 0.1193 0.08112 0.04294 0.004771 0.02386 0.004771 0 0.004771 0 0 0 0 0 0 0 0 0
1 0.006729 0.06729 0.1043 0.07401 0.03701 0.02019 0.02019 0.003364 0 0.003364 0 0 0 0 0 0 0 0 0 0
1 0.003446 0.07237 0.09995 0.07927 0.02757 0.01723 0.01723 0.006893 0.01379 0.003446 0 0 0 0 0.003446 0 0 0 0 0
1 0 0.05396 0.08634 0.07915 0.05396 0.03598 0.01799 0.01079 0.01439 0 0.003598 0 0.003598 0 0 0 0 0 0 0
1 0.0131 0.07857 0.1746 0.07421 0.05238 0.02183 0.004365 0.00873 0.004365 0.004365 0 0 0 0 0 0 0 0 0 0
1 0.004708 0.0612 0.1506 0.1083 0.03766 0.0612 0.01412 0.01412 0.009416 0 0.004708 0 0 0.004708 0 0 0 0 0 0
1 0.006532 0.04137 0.06532 0.03702 0.02395 0.0196 0.01742 0.002177 0.004355 0 0 0 0 0 0 0 0 0 0 0
1 0.005501 0.04126 0.11 0.05226 0.02751 0.02476 0.011 0 0 0 0 0 0 0.002751 0 0 0 0 0 0
1 0.001789 0.02684 0.05725 0.03578 0.02326 0.01252 0.008945 0.005367 0.003578 0.001789 0.001789 0 0 0 0 0 0 0 0 0
1 0.007486 0.0549 0.06738 0.05739 0.02994 0.007486 0.01248 0.004991 0.004991 0 0.002495 0 0 0 0 0 0 0 0 0
1 0.01329 0.04519 0.06911 0.05848 0.02924 0.03456 0.002658 0.005316 0 0.007975 0 0 0 0 0 0 0 0 0 0
1 0 0.04415 0.06739 0.05112 0.02091 0.02091 0.01162 0.004648 0.002324 0.002324 0.004648 0 0.002324 0 0 0 0 0 0 0
1 0.002853 0.01997 0.05136 0.02853 0.01284 0.01284 0.007134 0.005707 0.001427 0 0 0 0 0 0 0 0 0 0 0
1 0.001305 0.01828 0.04177 0.02741 0.01436 0.01828 0.003916 0.002611 0.001305 0 0.001305 0 0 0 0 0 0 0 0 0
1 0.004184 0.02371 0.04881 0.02928 0.01813 0.006973 0.001395 0.001395 0.001395 0.001395 0.001395 0.001395 0 0 0 0 0 0 0 0
1 0.004985 0.01496 0.02991 0.0349 0.01745 0.00997 0.004985 0.002493 0.003739 0.001246 0 0 0 0 0 0 0 0 0 0
1 0.004447 0.02223 0.0667 0.05559 0.03113 0.01556 0.01112 0.01112 0.002223 0 0 0 0 0 0.002223 0 0 0 0 0
1 0.00129 0.01936 0.03742 0.02968 0.01032 0.01678 0.005162 0.003871 0.00129 0.002581 0 0 0 0 0 0.00129 0 0 0 0
1 0 0.02939 0.02449 0.02204 0.02694 0.008572 0.004898 0.002449 0.001225 0.002449 0 0 0 0 0 0 0 0 0 0
1 0.001838 0.01655 0.0285 0.01838 0.008273 0.006435 0.002758 0.005515 0.001838 0.0009192 0.0009192 0 0 0 0 0 0 0 0 0
1 0.008138 0.02279 0.04557 0.03255 0.02279 0.01302 0.008138 0.003255 0.004883 0 0 0.001628 0 0 0 0 0 0 0 0
1 0 0.01363 0.02306 0.02726 0.01468 0.009435 0.005241 0.004193 0.003145 0.002097 0.001048 0 0.001048 0 0 0 0 0 0 0
1 0.001766 0.01236 0.02561 0.02296 0.0106 0.006182 0.003533 0.0008832 0.00265 0 0 0 0.0008832 0 0 0 0 0.0008832 0 0
1 0.002178 0.01851 0.03158 0.02287 0.0098 0.0098 0.004355 0.002178 0.001089 0.002178 0.001089 0.001089 0.001089 0 0.001089 0 0 0 0 0
1 0 0.01485 0.03714 0.01804 0.01379 0.005305 0.01061 0.004244 0.002122 0 0 0 0 0 0 0 0 0 0 0
1 0.005404 0.02567 0.03107 0.02432 0.02432 0.008106 0.01081 0.001351 0 0.002702 0.001351 0 0 0 0 0 0 0 0 0
