Originally  
101 
A 
42	100	
1	1	NA	NA	
1	20	
1 0.07831 0.2741 0.4699 0.2741 0.1958 0.2154 0.03916 0.09789 0.1958 0.03916 0 0 0 0.05873 0.01958 0 0 0 0 0
1 0.04925 0.4679 0.3694 0.5664 0.2709 0.2216 0.197 0.04925 0.07387 0.0985 0.07387 0 0.02462 0 0 0 0 0 0 0
1 0.02072 0.2901 0.8081 0.2486 0.2072 0.145 0.1036 0.1036 0 0.06216 0.04144 0 0 0 0 0 0.02072 0 0 0.02072
1 0.1018 0.3307 0.6869 0.636 0.1527 0.1527 0.07633 0.07633 0.05088 0.1527 0.02544 0.07633 0 0 0 0 0.02544 0 0 0
1 0.03264 0.09792 1.175 0.7181 0.6202 0.1958 0.1958 0.09792 0.03264 0 0 0 0.03264 0.03264 0 0 0 0.03264 0 0
1 0 0.1187 0.2901 0.2901 0.2901 0.1714 0.01319 0.07912 0.01319 0.01319 0.01319 0.01319 0 0 0 0 0 0.01319 0 0
1 0.04211 0.02807 0.2386 0.2105 0.2667 0.2947 0.2105 0.04211 0.01404 0.04211 0.01404 0 0 0 0 0 0 0 0 0
1 0.13 0.1011 0.1733 0.1589 0.1878 0.1878 0.2455 0.1011 0.01444 0.07222 0.01444 0.01444 0.01444 0.01444 0 0.01444 0 0 0 0
1 0.04771 1.05 0.5248 0.04771 0.167 0.07157 0.07157 0.1908 0.04771 0.02386 0.04771 0.04771 0 0.02386 0.02386 0 0 0 0 0
1 0.2102 0.184 1.498 0.2102 0.07884 0.1314 0.1314 0 0.1051 0 0.02628 0 0 0 0.02628 0 0.02628 0 0 0
1 0.07887 0.4732 0.2169 0.8084 0.1577 0.03943 0.01972 0.01972 0.03943 0.07887 0.03943 0 0 0 0 0 0 0 0 0
1 0 0.9195 1.073 0.0613 0.6743 0.1533 0 0 0.03065 0.0613 0.0613 0 0 0.03065 0 0 0 0 0 0
1 0 0.2087 1.252 0.7652 0.03478 0.8695 0.06956 0.03478 0 0.03478 0.1391 0 0.03478 0 0.03478 0 0 0 0 0
1 0 0.1991 0.1991 1.138 0.5974 0.0569 0.4267 0.08534 0 0.02845 0 0.02845 0.08534 0 0 0 0 0 0 0
1 0.1113 0.1336 0.1113 0.2226 0.8905 0.3784 0.1781 0.1781 0.02226 0 0 0 0 0 0 0 0 0 0 0
1 0.1179 0.2189 0.2358 0.1179 0.1347 0.3874 0.2695 0.03368 0.101 0.01684 0.01684 0.01684 0 0.01684 0 0 0 0 0 0
1 0.06142 0.5938 0.5528 0.1024 0.02047 0.0819 0.2457 0.1638 0.04095 0.1024 0.02047 0 0 0.02047 0.02047 0.02047 0 0 0 0
1 0.03832 0.2108 0.7856 0.479 0.07664 0.03832 0.05748 0.0958 0.0958 0 0.01916 0.01916 0 0 0 0 0 0 0 0
1 0.04171 0.292 0.3545 0.7717 0.2294 0.02086 0 0.02086 0.2086 0.06257 0 0.08342 0 0 0 0 0 0 0 0
1 0.05823 0.2135 0.5823 0.33 0.3688 0.09706 0.09706 0.03882 0 0.09706 0.03882 0 0 0.01941 0 0 0 0 0 0
1 0.1389 0.258 0.5954 0.3374 0.1985 0.2779 0.0397 0.07939 0 0.01985 0.01985 0 0 0.01985 0 0 0 0 0 0
1 0.01756 0.4213 0.2809 0.3336 0.2107 0.2458 0.08778 0.07022 0 0 0 0.07022 0.01756 0 0 0 0 0 0 0
1 0.07497 0.1499 1.225 0.2749 0.1499 0.1749 0.125 0.02499 0.125 0 0.02499 0.02499 0.04998 0.04998 0 0.02499 0 0 0 0
1 0 0.2654 0.1179 0.634 0.1474 0.04423 0.02949 0.02949 0.1179 0.05897 0 0.01474 0 0.01474 0 0 0 0 0 0
1 0 0.02398 1.079 0.1199 0.7675 0.1439 0.04797 0.07195 0.02398 0.04797 0.02398 0 0.02398 0 0 0 0 0.02398 0 0
1 0.07671 0.1841 0.1074 0.5369 0.09205 0.3682 0.04602 0.07671 0.01534 0.01534 0.01534 0 0 0 0 0 0 0 0 0
1 0.04849 0.4203 0.1778 0.04849 0.3879 0.09698 0.2263 0.04849 0.04849 0.03233 0 0.03233 0.01616 0 0 0 0.01616 0.01616 0 0
1 0.02349 0.2114 1.151 0.2349 0.1174 0.1879 0 0.1644 0.09395 0.02349 0.04698 0.02349 0.04698 0 0.02349 0 0 0 0 0
1 0.1072 0.2451 0.1991 0.5054 0.1532 0.06126 0.1378 0.04595 0.04595 0.01532 0 0.01532 0 0 0 0 0 0 0 0
1 0.01894 0.4925 0.3978 0.341 0.2652 0.07578 0 0.1137 0.01894 0.07578 0.01894 0.03789 0 0.01894 0 0.01894 0 0 0 0
1 0.06906 0.3913 0.5985 0.5065 0.1381 0.3453 0.09208 0.02302 0.04604 0 0.09208 0 0 0 0 0 0 0 0 0
1 0.02827 0.1555 0.311 0.3393 0.2545 0.1272 0.07068 0.02827 0.01414 0.05655 0 0.01414 0 0.01414 0 0 0 0 0 0
1 0.03961 0.1782 0.4753 0.4357 0.5347 0.07921 0.09901 0.09901 0 0 0.03961 0 0 0 0 0 0 0 0 0
1 0 0.2005 0.2735 0.3281 0.474 0.237 0.1458 0.05469 0.05469 0 0.01823 0.01823 0 0 0 0 0 0.01823 0 0
1 0.0603 0.1327 0.2412 0.1447 0.2533 0.193 0.0603 0.03618 0.01206 0.02412 0.01206 0.02412 0 0 0 0.01206 0 0 0 0
1 0.05307 0.4069 0.3007 0.3892 0.1238 0.07076 0.23 0.03538 0.03538 0 0.07076 0.01769 0 0 0 0.03538 0 0 0 0
1 0.07312 0.2194 0.2925 0.2632 0.1609 0.1316 0.117 0.1024 0.02925 0.0585 0 0.01462 0 0 0 0 0 0 0 0
1 0.02709 0.3115 0.2438 0.3793 0.05418 0.1354 0.02709 0.05418 0.02709 0.02709 0 0.02709 0.01354 0 0 0.01354 0.01354 0 0 0
1 0.01663 0.1331 0.5821 0.3327 0.2329 0.1497 0.08316 0.03327 0.0499 0.01663 0.03327 0 0 0 0 0 0 0 0 0
1 0.06753 0.1182 0.4389 0.4727 0.1182 0.1519 0.1013 0.03376 0.03376 0.06753 0.05064 0.01688 0.01688 0 0 0 0 0 0 0
1 0.04432 0.2807 0.2512 0.2659 0.2659 0.1477 0.07387 0.02955 0.0591 0.01477 0.02955 0.01477 0 0 0 0 0 0 0 0
1 0.03255 0.4231 0.4719 0.08137 0.2766 0.2278 0.01627 0.04882 0.04882 0 0 0 0 0 0 0 0 0 0 0
1 0.06694 0.2678 0.569 0.3012 0.06694 0.1171 0.1674 0.06694 0.01674 0 0 0.01674 0.01674 0 0 0 0 0 0 0
1 0.03383 0.1861 0.5413 0.3045 0.2876 0.03383 0.1522 0.08457 0.03383 0 0 0.01691 0 0 0 0.01691 0 0 0 0
1 0.01262 0.03785 0.4668 0.2775 0.1766 0.1009 0.02523 0.05046 0.05046 0.01262 0.01262 0.01262 0.02523 0 0 0 0 0 0 0
1 0 0.2294 0.1639 0.5081 0.2622 0.2622 0.06556 0.04917 0.06556 0 0.01639 0 0 0.01639 0 0 0 0 0 0
1 0.05681 0.1988 0.3976 0.1136 0.2698 0.2272 0.0142 0.07101 0 0 0.0284 0.0142 0.0142 0.0142 0 0 0 0 0 0
1 0 0.3834 0.5334 0.1834 0.1 0.2667 0.06668 0.06668 0.03334 0 0 0.03334 0 0 0 0 0 0 0 0
1 0.01622 0.04866 0.6975 0.3731 0.1622 0.08111 0.1298 0.01622 0.06489 0.01622 0.01622 0 0 0 0 0 0 0 0 0
1 0.01963 0.2945 0.09815 0.8441 0.2356 0.07852 0.1374 0.05889 0.05889 0.09815 0.03926 0 0 0 0 0 0 0 0 0
1 0.03118 0.2027 0.4678 0.06237 0.2807 0.2339 0.1091 0.06237 0.04678 0.01559 0.03118 0 0 0 0 0.01559 0 0 0 0
1 0.03382 0.2029 0.3551 0.3889 0.03382 0.3551 0.186 0.01691 0.03382 0 0.03382 0.01691 0 0 0 0.01691 0.01691 0 0 0
1 0.08069 0.2623 0.5043 0.2017 0.3228 0.06052 0.3026 0.08069 0.08069 0 0.1009 0.02017 0 0 0 0 0 0 0 0
1 0.07459 0.2238 0.5408 0.5222 0.1492 0.1305 0.01865 0.07459 0.09324 0 0 0.0373 0 0 0 0 0 0 0 0
1 0.01798 0.4316 0.4496 0.3596 0.2877 0.05395 0.03596 0.01798 0.08991 0.01798 0.01798 0 0 0 0.01798 0 0 0 0 0
1 0 0.146 0.98 0.2919 0.2294 0.1043 0.1251 0.1043 0 0.06255 0.0417 0 0 0 0 0 0 0 0 0
1 0.01619 0.1457 0.259 0.5828 0.1295 0.1619 0.1133 0.09713 0.01619 0 0.04857 0.03238 0 0 0.01619 0 0 0 0 0
1 0.02894 0.1302 0.3039 0.2315 0.3762 0.08682 0.1013 0.07235 0.04341 0.04341 0 0.01447 0 0 0 0 0.01447 0 0 0
1 0 0.1972 0.2366 0.2366 0.184 0.184 0.02629 0.07887 0.1052 0.02629 0.02629 0 0 0 0.01314 0 0 0 0 0
