 landings-at-age - landings.n (units : NA )
1	2	
42	100	
1	20	
1 
0.4095 4.725 10.95 5.161 6.97 4.274 4.147 1.257 1.44 0.7073 0.5987 0.5068 0.3048 0.2123 0.1171 0.09702 0.05711 0.07789 0.05508 0.08769
0.2652 2.606 7.375 4.947 1.949 2.632 1.614 1.566 0.4745 0.5436 0.2671 0.2261 0.1914 0.1151 0.08018 0.04423 0.03664 0.02157 0.02941 0.05391
0.3453 4.37 10.5 8.681 4.88 1.922 2.596 1.592 1.545 0.468 0.5362 0.2635 0.223 0.1888 0.1135 0.07909 0.04363 0.03614 0.02127 0.08219
0.1217 3.537 10.94 7.635 5.279 2.967 1.169 1.579 0.9681 0.9394 0.2846 0.3261 0.1602 0.1356 0.1148 0.06903 0.0481 0.02653 0.02198 0.06292
0.1813 1.825 12.9 11.59 6.767 4.679 2.63 1.036 1.399 0.858 0.8326 0.2523 0.289 0.142 0.1202 0.1017 0.06118 0.04263 0.02352 0.07524
0.5409 1.718 4.211 8.594 6.452 3.768 2.605 1.464 0.5768 0.779 0.4777 0.4635 0.1405 0.1609 0.07906 0.06692 0.05664 0.03406 0.02373 0.05498
0.1522 5.164 4.01 2.85 4.866 3.653 2.133 1.475 0.8291 0.3266 0.4411 0.2705 0.2625 0.07953 0.09111 0.04477 0.03789 0.03207 0.01929 0.04457
0.273 2.123 17.56 3.962 2.357 4.025 3.021 1.764 1.22 0.6857 0.2701 0.3648 0.2237 0.2171 0.06577 0.07535 0.03702 0.03134 0.02652 0.05282
0.2719 3.155 5.969 14.28 2.694 1.603 2.736 2.054 1.2 0.8294 0.4662 0.1837 0.248 0.1521 0.1476 0.04472 0.05123 0.02517 0.02131 0.05395
0.1826 2.798 7.909 4.326 8.65 1.632 0.9711 1.658 1.245 0.7268 0.5025 0.2825 0.1113 0.1503 0.09215 0.08942 0.02709 0.03104 0.01525 0.04559
0.1908 2.24 8.351 6.833 3.126 6.25 1.179 0.7017 1.198 0.8992 0.5251 0.3631 0.2041 0.0804 0.1086 0.06658 0.06461 0.01958 0.02243 0.04396
0.3571 2.328 6.632 7.138 4.882 2.233 4.465 0.8425 0.5013 0.8558 0.6425 0.3752 0.2594 0.1458 0.05744 0.07758 0.04757 0.04616 0.01399 0.04743
0.3498 3.562 5.644 4.634 4.167 2.85 1.304 2.607 0.4918 0.2926 0.4996 0.375 0.219 0.1514 0.08512 0.03353 0.04528 0.02777 0.02695 0.03585
0.2143 4.053 10.03 4.593 3.152 2.835 1.939 0.8868 1.773 0.3346 0.1991 0.3399 0.2551 0.149 0.103 0.0579 0.02281 0.03081 0.01889 0.04272
0.5371 2.594 11.9 8.498 3.252 2.232 2.007 1.373 0.6279 1.256 0.2369 0.141 0.2406 0.1806 0.1055 0.07294 0.041 0.01615 0.02181 0.04362
0.271 5.745 6.731 8.893 5.306 2.03 1.394 1.253 0.857 0.392 0.7839 0.1479 0.088 0.1502 0.1128 0.06586 0.04554 0.0256 0.01008 0.04085
0.2984 2.851 14.69 4.963 5.479 3.269 1.251 0.8586 0.772 0.528 0.2415 0.4829 0.09112 0.05421 0.09256 0.06948 0.04058 0.02805 0.01577 0.03138
0.2914 3.482 8.079 12.02 3.394 3.747 2.235 0.8554 0.5872 0.528 0.3611 0.1652 0.3303 0.06232 0.03708 0.0633 0.04752 0.02775 0.01919 0.03225
0.3075 2.725 7.931 5.312 6.603 1.865 2.059 1.228 0.47 0.3226 0.2901 0.1984 0.09075 0.1815 0.03424 0.02037 0.03478 0.02611 0.01525 0.02826
0.2643 3.289 7.112 6.002 3.363 4.18 1.18 1.303 0.7775 0.2975 0.2042 0.1836 0.1256 0.05745 0.1149 0.02167 0.0129 0.02202 0.01653 0.02754
0.1302 2.218 6.768 4.251 3.002 1.682 2.09 0.5903 0.6517 0.3888 0.1488 0.1021 0.09183 0.0628 0.02873 0.05745 0.01084 0.006449 0.01101 0.02204
0.2059 1.538 6.432 5.728 3.014 2.128 1.192 1.482 0.4186 0.4621 0.2757 0.1055 0.07241 0.06511 0.04453 0.02037 0.04073 0.007685 0.004573 0.02343
0.327 3.618 6.577 8.005 5.971 3.142 2.218 1.243 1.545 0.4363 0.4817 0.2874 0.11 0.07548 0.06787 0.04642 0.02123 0.04246 0.008011 0.02919
0.1518 2.43 6.574 3.452 3.511 2.619 1.378 0.9729 0.5451 0.6775 0.1913 0.2112 0.126 0.04823 0.0331 0.02977 0.02036 0.009312 0.01862 0.01632
0.1529 1.403 5.519 4.352 1.914 1.946 1.452 0.7639 0.5393 0.3022 0.3756 0.1061 0.1171 0.06987 0.02674 0.01835 0.0165 0.01129 0.005162 0.01937
0.4492 3.022 6.754 7.751 5.122 2.252 2.29 1.708 0.899 0.6347 0.3556 0.442 0.1248 0.1378 0.08222 0.03146 0.0216 0.01942 0.01328 0.02887
0.1562 3.347 5.509 3.559 3.414 2.256 0.992 1.009 0.7525 0.3959 0.2796 0.1566 0.1947 0.05498 0.0607 0.03621 0.01386 0.009512 0.008553 0.01856
0.2163 1.832 9.618 4.613 2.496 2.394 1.582 0.6956 0.7073 0.5276 0.2776 0.196 0.1098 0.1365 0.03855 0.04256 0.02539 0.009717 0.00667 0.01901
0.3609 2.932 6.063 9.263 3.72 2.013 1.93 1.276 0.561 0.5704 0.4255 0.2239 0.1581 0.08857 0.1101 0.03109 0.03432 0.02048 0.007836 0.02071
0.3716 4.045 8.015 4.804 6.14 2.465 1.334 1.279 0.8454 0.3718 0.3781 0.282 0.1484 0.1048 0.0587 0.07296 0.02061 0.02275 0.01357 0.01892
0.3715 3.643 9.693 5.57 2.793 3.57 1.433 0.7755 0.7438 0.4915 0.2162 0.2198 0.164 0.08627 0.06091 0.03413 0.04242 0.01198 0.01323 0.01889
0.1531 3.305 7.956 6.159 2.963 1.485 1.898 0.7623 0.4125 0.3956 0.2614 0.115 0.1169 0.0872 0.04588 0.0324 0.01815 0.02256 0.006372 0.01708
0.6087 2.93 15.4 10.8 7.007 3.37 1.69 2.16 0.8673 0.4692 0.4501 0.2974 0.1308 0.133 0.0992 0.0522 0.03686 0.02065 0.02567 0.02668
0.4303 5.133 6.028 9.149 5.363 3.478 1.673 0.8389 1.072 0.4305 0.2329 0.2234 0.1476 0.06492 0.06602 0.04925 0.02591 0.0183 0.01025 0.02599
0.267 4.487 13.1 4.47 5.678 3.328 2.159 1.038 0.5206 0.6654 0.2672 0.1446 0.1387 0.09162 0.04029 0.04097 0.03056 0.01608 0.01136 0.02249
0.3467 3.977 16.28 13.81 3.945 5.011 2.937 1.905 0.9164 0.4595 0.5872 0.2358 0.1276 0.1224 0.08086 0.03556 0.03616 0.02697 0.01419 0.02987
0.3404 3.928 10.95 12.95 9.181 2.623 3.332 1.953 1.267 0.6093 0.3055 0.3905 0.1568 0.08483 0.08136 0.05376 0.02364 0.02404 0.01793 0.0293
0.2494 3.899 10.93 8.796 8.691 6.164 1.761 2.237 1.311 0.8504 0.4091 0.2051 0.2621 0.1053 0.05695 0.05462 0.03609 0.01587 0.01614 0.03171
0.2905 2.583 9.817 7.941 5.34 5.277 3.742 1.069 1.358 0.7961 0.5163 0.2484 0.1245 0.1591 0.06391 0.03458 0.03316 0.02191 0.009637 0.02905
0.2243 3.12 6.752 7.422 5.019 3.376 3.335 2.365 0.6758 0.8584 0.5032 0.3264 0.157 0.07871 0.1006 0.04039 0.02185 0.02096 0.01385 0.02445
0.1816 1.906 6.487 4.068 3.739 2.529 1.701 1.68 1.192 0.3404 0.4325 0.2535 0.1644 0.07908 0.03965 0.05068 0.02035 0.01101 0.01056 0.0193
0.2126 2.079 5.345 5.299 2.782 2.557 1.73 1.163 1.149 0.815 0.2329 0.2958 0.1734 0.1125 0.05409 0.02712 0.03466 0.01392 0.007531 0.02042
0.3172 3.099 7.388 5.523 4.584 2.407 2.212 1.496 1.006 0.9943 0.7051 0.2015 0.2559 0.15 0.09729 0.0468 0.02346 0.02999 0.01204 0.02418
0.2859 3.474 8.266 5.701 3.564 2.958 1.553 1.427 0.9654 0.6492 0.6415 0.4549 0.13 0.1651 0.09678 0.06277 0.03019 0.01514 0.01935 0.02337
0.2151 2.966 8.787 6.052 3.491 2.182 1.811 0.9509 0.874 0.5911 0.3975 0.3928 0.2786 0.07958 0.1011 0.05926 0.03843 0.01849 0.009269 0.02616
0.1059 1.916 6.469 5.563 3.205 1.849 1.156 0.9591 0.5036 0.4629 0.3131 0.2105 0.208 0.1475 0.04215 0.05354 0.03138 0.02036 0.009791 0.01876
0.1994 1.009 4.482 4.413 3.178 1.831 1.056 0.6601 0.5479 0.2877 0.2644 0.1788 0.1203 0.1188 0.08428 0.02408 0.03059 0.01793 0.01163 0.01631
0.2688 3.598 4.441 5.758 4.751 3.421 1.971 1.137 0.7107 0.5898 0.3097 0.2847 0.1925 0.1295 0.1279 0.09073 0.02592 0.03293 0.0193 0.03008
0.362 3.433 11.15 3.978 4.313 3.558 2.562 1.476 0.8516 0.5323 0.4418 0.232 0.2132 0.1442 0.09697 0.09582 0.06795 0.01941 0.02466 0.03698
0.4938 4.161 9.559 8.942 2.665 2.889 2.384 1.717 0.9891 0.5705 0.3566 0.296 0.1554 0.1428 0.0966 0.06497 0.0642 0.04552 0.01301 0.0413
0.3538 4.914 10.05 6.652 5.197 1.549 1.679 1.385 0.9978 0.5749 0.3316 0.2073 0.172 0.09032 0.08302 0.05615 0.03776 0.03731 0.02646 0.03156
0.2018 2.737 9.299 5.503 3.043 2.378 0.7087 0.7683 0.6338 0.4565 0.263 0.1517 0.09482 0.0787 0.04132 0.03798 0.02569 0.01727 0.01707 0.02654
0.1174 1.911 6.368 6.307 3.126 1.728 1.351 0.4025 0.4364 0.36 0.2593 0.1494 0.08616 0.05386 0.0447 0.02347 0.02157 0.01459 0.009812 0.02477
0.1126 1.403 5.611 5.465 4.536 2.248 1.243 0.9712 0.2895 0.3138 0.2589 0.1864 0.1074 0.06196 0.03873 0.03214 0.01688 0.01551 0.01049 0.02487
0.1808 1.576 4.807 5.609 4.576 3.798 1.882 1.041 0.8132 0.2424 0.2628 0.2168 0.1561 0.08995 0.05188 0.03243 0.02692 0.01413 0.01299 0.02961
0.3423 2.492 5.289 4.684 4.574 3.732 3.097 1.535 0.8487 0.6631 0.1977 0.2143 0.1768 0.1273 0.07335 0.04231 0.02644 0.02195 0.01152 0.03474
0.4371 4.382 7.736 4.742 3.511 3.429 2.797 2.322 1.151 0.6362 0.4971 0.1482 0.1606 0.1325 0.09543 0.05499 0.03171 0.01982 0.01645 0.03468
0.2772 3.14 7.689 3.915 2.004 1.484 1.449 1.182 0.9813 0.4863 0.2689 0.2101 0.06263 0.06789 0.05601 0.04034 0.02324 0.0134 0.008379 0.02161
0.2066 3.046 8.455 6.029 2.57 1.316 0.9743 0.9513 0.7762 0.6442 0.3192 0.1765 0.1379 0.04111 0.04457 0.03677 0.02648 0.01526 0.0088 0.01969
