Originally  
101 
A 
42	100	
1	1	NA	NA	
1	20	
1 0.1008 0.1814 0.6651 0.2015 0.3023 0.2217 0.1008 0.08062 0 0 0 0.06046 0.04031 0.02015 0.02015 0 0 0 0.02015 0
1 0.09612 0.2884 0.6488 0.4806 0.1682 0.2643 0.1202 0.1682 0.04806 0.02403 0 0.02403 0.02403 0.04806 0 0 0 0 0 0
1 0.04524 0.4976 0.4072 0.4298 0.3167 0.02262 0.2036 0.1131 0.02262 0.02262 0.06786 0.02262 0.04524 0.04524 0 0 0 0 0 0
1 0.01963 0.373 0.4711 0.373 0.2356 0.1178 0 0.09815 0.03926 0.1374 0.01963 0 0.01963 0.01963 0.01963 0 0 0 0 0.01963
1 0.02088 0.1044 0.5011 0.3758 0.522 0.1879 0.1879 0.08352 0.02088 0.04176 0.02088 0 0.02088 0 0 0 0 0 0 0
1 0.02963 0.05926 0.237 0.4148 0.3111 0.2074 0.05926 0.04444 0 0.04444 0.02963 0.01481 0.01481 0 0 0 0.01481 0 0 0
1 0 0.626 0.2806 0.1727 0.3454 0.259 0.259 0.06475 0.02158 0.02158 0.02158 0 0.04317 0.02158 0.02158 0 0 0 0 0
1 0 0.118 0.7246 0.1348 0.1685 0.1854 0.08425 0.1011 0.1011 0.01685 0 0.01685 0.0337 0 0 0 0 0 0 0
1 0.02951 0.1623 0.1623 0.5754 0.04426 0.07376 0.177 0.05901 0.05901 0.01475 0.02951 0 0.02951 0.01475 0.02951 0 0 0.01475 0 0
1 0.05701 0.133 0.6651 0.247 0.4561 0.09502 0 0.05701 0.03801 0.019 0.019 0.019 0.019 0 0.019 0.05701 0 0 0 0
1 0.01802 0.1081 0.3423 0.4144 0.2342 0.3783 0.1081 0.01802 0.01802 0.07206 0 0.03603 0 0.03603 0.01802 0 0 0 0 0
1 0.0318 0.1749 0.4769 0.3021 0.1113 0.1113 0.2067 0.04769 0.0318 0.0159 0.0318 0.0318 0 0 0 0.0159 0 0 0 0
1 0.08438 0.3206 0.3038 0.27 0.2531 0.1519 0.08438 0.0675 0.08438 0 0.03375 0 0.01688 0 0 0 0 0 0 0.01688
1 0 0.2823 0.4548 0.298 0.1098 0.1411 0.07841 0.03137 0.07841 0.01568 0 0.01568 0.04705 0.01568 0 0 0 0 0 0
1 0.08109 0.1622 0.5838 0.2919 0.1297 0.06487 0.08109 0.0973 0.03243 0.06487 0.01622 0 0 0 0.01622 0 0 0 0 0
1 0.1126 0.4504 0.4504 0.5179 0.3828 0 0.04504 0.06756 0.06756 0.02252 0.06756 0 0.02252 0.04504 0 0 0 0 0 0
1 0 0.1444 0.4765 0.2166 0.3754 0.05775 0.04331 0.04331 0.04331 0 0.01444 0.01444 0 0 0.01444 0 0 0 0 0
1 0.03737 0.1744 0.3488 0.3861 0.03737 0.1246 0.07473 0.01246 0.03737 0.01246 0 0 0 0 0 0 0 0 0 0
1 0.01389 0.2362 0.389 0.1945 0.1806 0.125 0.09724 0.05556 0.02778 0 0 0.02778 0.01389 0.01389 0 0 0 0 0 0.01389
1 0.05787 0.246 0.3183 0.2894 0.1736 0.1447 0.07234 0.05787 0.02894 0.01447 0 0.01447 0.01447 0.01447 0 0 0 0 0 0
1 0.01977 0.4151 0.5534 0.336 0.1977 0.1186 0.1977 0.03953 0.03953 0 0.01977 0 0 0.01977 0 0.01977 0 0 0 0
1 0.0136 0.136 0.3672 0.2856 0.1224 0.0952 0.068 0.1496 0.0136 0.0544 0.0136 0.0408 0 0 0 0 0 0 0 0
1 0.054 0.324 0.198 0.468 0.324 0.108 0.09 0.018 0.036 0.09 0.054 0 0.018 0 0 0 0 0.018 0 0
1 0.02825 0.1977 0.2825 0.2542 0.1412 0.1836 0.1554 0.05649 0.04237 0.02825 0.01412 0 0 0.02825 0 0 0 0 0 0
1 0.01237 0.1732 0.3341 0.2846 0.1361 0.04949 0.07424 0.03712 0.02475 0.01237 0.07424 0 0 0 0.01237 0 0.01237 0 0 0
1 0.1372 0.1098 0.2058 0.2607 0.2058 0.1098 0.1372 0.05489 0.04117 0.04117 0.01372 0.01372 0.01372 0.01372 0.01372 0 0 0 0 0
1 0.01713 0.3426 0.4967 0.2398 0.2055 0.137 0.08564 0.06851 0.06851 0.01713 0.01713 0.01713 0 0 0 0 0 0 0 0
1 0.07409 0.1185 0.4446 0.326 0.1926 0.1334 0.08891 0.01482 0.02964 0.02964 0 0.02964 0 0 0 0 0 0 0 0
1 0.06326 0.2214 0.174 0.427 0.1898 0.09489 0.1265 0.1423 0.03163 0.03163 0 0.03163 0.01581 0.01581 0.01581 0 0 0 0 0
1 0.04043 0.2695 0.256 0.2695 0.2695 0.09433 0.02695 0.01348 0.0539 0.01348 0.01348 0 0 0 0 0.02695 0 0 0 0
1 0.04554 0.2733 0.4554 0.2733 0.1063 0.2125 0.03036 0.04554 0 0.01518 0.03036 0.01518 0 0.01518 0 0 0 0 0 0
1 0 0.2526 0.4579 0.4579 0.1579 0.04737 0.1263 0.04737 0.01579 0.01579 0 0 0 0 0 0 0 0 0 0
1 0.1142 0.2855 0.9993 0.5139 0.3712 0.1428 0.08566 0.1142 0.08566 0.02855 0.02855 0 0.0571 0 0 0 0.02855 0 0 0
1 0.06059 0.404 0.2626 0.3838 0.3636 0.1212 0.101 0 0.1414 0.06059 0.06059 0.0202 0.0202 0 0.0202 0 0 0 0 0
1 0.04527 0.4753 0.679 0.2716 0.2942 0.09053 0.2716 0.04527 0.04527 0 0.02263 0.02263 0 0 0 0 0 0 0 0
1 0.09274 0.3014 0.881 0.5101 0.1391 0.1623 0.09274 0.06956 0 0.04637 0 0 0 0 0 0 0 0 0 0.02319
1 0.08689 0.1738 0.6082 0.753 0.4055 0.1448 0.3476 0.1738 0.08689 0 0 0.08689 0 0 0 0.02896 0 0 0 0
1 0.03567 0.1605 0.3567 0.3567 0.3032 0.2675 0.03567 0.0535 0.07134 0.0535 0.07134 0 0 0 0 0.01783 0 0 0 0
1 0.0401 0.1337 0.3743 0.2139 0.1604 0.1337 0.1471 0.0401 0.01337 0.05347 0.01337 0 0.01337 0 0 0 0 0 0 0
1 0.03954 0.145 0.3163 0.3163 0.09226 0.145 0.1186 0.09226 0.02636 0.01318 0 0.01318 0 0 0 0 0 0 0 0
1 0.02806 0.1263 0.3087 0.2526 0.2105 0.1122 0.2245 0.05612 0.05612 0 0 0 0.01403 0.01403 0 0 0 0 0 0
1 0.02022 0.3032 0.4447 0.3639 0.1819 0.2224 0.1415 0.1617 0.08086 0.04043 0 0.02022 0.02022 0 0 0 0.02022 0 0 0
1 0 0.2386 0.2386 0.2135 0.2135 0.0628 0.07536 0.1005 0 0.05024 0.02512 0 0.03768 0 0 0 0 0 0 0
1 0.02832 0.3399 0.3965 0.2832 0.1416 0.09913 0.02832 0.02832 0.02832 0.02832 0.01416 0 0 0 0 0 0 0 0 0
1 0.04214 0.3793 0.4636 0.4004 0.4636 0.1264 0.1264 0.02107 0.02107 0 0.02107 0.02107 0 0 0 0.02107 0 0 0 0
1 0.01922 0.1345 0.6726 0.3843 0.1729 0.2114 0.01922 0.03843 0.03843 0.1153 0.05765 0.01922 0.01922 0 0 0 0.01922 0 0 0
1 0.06502 0.13 0.2601 0.2601 0.1821 0.1431 0.06502 0.03901 0.06502 0.013 0.03901 0.02601 0.013 0 0 0 0 0 0 0
1 0.01202 0.2644 0.2163 0.2043 0.1442 0.1082 0.09615 0.01202 0.02404 0.07211 0.01202 0.01202 0.01202 0 0 0.01202 0 0 0 0
1 0.01433 0.2292 0.3439 0.2579 0.1719 0.1863 0.1003 0.02866 0.04298 0 0.02866 0.01433 0.01433 0 0 0 0 0 0 0
1 0.03651 0.2556 0.1825 0.3773 0.06085 0.1217 0.06085 0.08519 0.01217 0.01217 0 0.01217 0 0 0 0 0 0 0 0
1 0.07478 0.2243 0.4187 0.2243 0.2841 0.04487 0.02991 0.05982 0.05982 0.02991 0.02991 0 0 0.01496 0 0 0 0 0 0
1 0 0.2886 0.4489 0.3046 0.1283 0.1443 0.03206 0.08016 0.09619 0.03206 0.03206 0 0 0 0 0 0 0 0.01603 0
1 0.01282 0.1538 0.2692 0.3589 0.1794 0.1154 0.05127 0.01282 0.03845 0.02564 0.05127 0 0 0.01282 0 0 0 0 0 0
1 0.02868 0.1147 0.4302 0.3155 0.2581 0.1004 0.0717 0.01434 0.02868 0.01434 0.01434 0 0 0.01434 0 0.01434 0 0 0 0.01434
1 0.029 0.1885 0.203 0.3335 0.3045 0.1595 0.058 0.058 0.0435 0.0145 0.0435 0 0.0145 0 0 0 0 0 0 0
1 0.04453 0.1559 0.4676 0.4231 0.3563 0.1336 0.2004 0.1113 0.1781 0.0668 0 0.0668 0.02227 0 0 0 0 0 0 0
1 0.1037 0.2668 0.252 0.2964 0.163 0.1037 0.1186 0.0741 0.05928 0 0 0 0.01482 0.01482 0 0.01482 0 0 0 0
1 0.04769 0.2265 0.2861 0.155 0.1311 0.09538 0.08346 0.05961 0.02384 0.01192 0.04769 0 0 0 0 0 0.01192 0.01192 0 0
1 0.03125 0.2031 0.5624 0.3593 0.2031 0.01562 0.06249 0.04687 0.03125 0.03125 0 0 0 0 0 0 0 0 0 0.01562
