Originally  
101 
A 
2	100	
1	1	NA	NA	
1	20	
1 383.6 287.7 191.8 109.6 123.3 68.5 41.1 27.4 41.1 27.4 41.1 0 0 0 27.4 0 0 0 0 0
1 969.5 295.1 358.3 168.6 105.4 63.23 63.23 42.15 0 0 21.08 0 0 21.08 0 0 0 0 0 0
1 371.8 418.2 216.9 139.4 77.45 77.45 30.98 77.45 61.96 30.98 30.98 15.49 0 0 0 0 0 0 0 0
1 312.5 325.5 182.3 169.3 91.15 39.06 52.08 13.02 26.04 39.06 26.04 13.02 0 0 0 0 13.02 0 0 0
1 548.4 232.7 299.2 265.9 116.3 83.1 33.24 33.24 16.62 0 0 16.62 0 16.62 0 0 0 0 0 0
1 308.1 269.6 166.9 128.4 166.9 38.51 38.51 51.35 12.84 64.18 12.84 0 0 25.67 0 0 0 0 0 0
1 231.4 199.8 147.2 84.13 115.7 126.2 10.52 31.55 10.52 31.55 0 21.03 10.52 21.03 10.52 0 0 0 0 0
1 399.4 281.1 221.9 192.3 88.75 103.5 44.38 44.38 44.38 14.79 0 0 0 14.79 0 29.58 0 0 0 0
1 479 199.6 186.3 133.1 53.22 66.53 66.53 53.22 39.92 26.61 13.31 0 0 13.31 0 0 0 0 0 0
1 329.8 319.5 92.75 61.84 72.14 51.53 30.92 20.61 10.31 0 0 20.61 0 10.31 10.31 0 0 0 0 0
1 562.5 167.2 243.3 212.9 91.22 45.61 30.41 76.02 45.61 15.2 0 15.2 0 15.2 0 0 0 0 0 0
1 660.2 637.4 273.2 204.9 227.7 22.77 68.3 68.3 45.53 22.77 0 0 22.77 22.77 0 0 0 0 0 0
1 322.4 460.6 230.3 184.2 153.5 46.06 61.42 15.35 15.35 15.35 0 0 0 15.35 0 0 15.35 0 0 0
1 443.3 246.3 328.4 131.3 98.51 98.51 131.3 32.84 0 32.84 49.25 0 32.84 16.42 0 0 0 0 0 0
1 529.7 449.5 112.4 224.7 112.4 112.4 32.1 0 0 0 0 16.05 0 16.05 0 0 0 0 0 0
1 412.4 288.7 288.7 54.99 96.24 68.74 0 82.49 27.5 13.75 0 13.75 0 0 0 0 13.75 0 0 13.75
1 166.7 333.5 166.7 192.4 102.6 166.7 64.13 0 25.65 12.83 12.83 0 0 0 25.65 0 0 0 0 12.83
1 424.9 251.8 267.5 204.6 110.2 78.69 62.95 78.69 15.74 62.95 0 15.74 0 0 0 0 0 0 0 0
1 402.2 368.7 167.6 301.7 134.1 134.1 16.76 50.28 67.04 16.76 16.76 0 0 0 0 0 0 0 0 0
1 479 344.3 254.5 74.84 74.84 59.87 74.84 59.87 29.94 14.97 0 0 0 0 14.97 0 14.97 0 0 0
1 289.1 468.1 220.3 110.1 27.53 96.37 68.84 13.77 13.77 0 13.77 13.77 13.77 13.77 0 0 13.77 0 0 0
1 501 334 205.5 51.38 51.38 38.54 51.38 12.85 0 12.85 0 12.85 0 0 0 12.85 0 0 0 0
1 220.5 385.9 220.5 193 96.48 96.48 27.57 41.35 41.35 13.78 0 13.78 0 0 13.78 13.78 0 0 0 0
1 236.2 174.6 184.8 113 133.5 41.07 30.81 20.54 20.54 30.81 20.54 0 20.54 0 0 0 0 0 0 0
1 610 258.8 166.4 258.8 203.3 166.4 36.97 92.42 0 18.48 18.48 18.48 0 0 0 0 0 0 0 0
1 245 385 140 93.33 93.33 35 81.66 23.33 35 0 23.33 0 0 11.67 0 0 0 0 0 0
1 161.2 255.2 295.5 120.9 120.9 94.02 107.5 53.73 13.43 53.73 0 13.43 13.43 13.43 13.43 0 0 13.43 0 0
1 432.7 272.4 288.4 160.2 48.07 96.15 80.12 64.1 96.15 16.02 16.02 16.02 0 16.02 0 0 0 0 0 0
1 356.2 315.1 205.5 109.6 95.9 54.8 54.8 41.1 27.4 27.4 0 0 13.7 27.4 13.7 27.4 0 0 0 0
1 136.4 116.9 90.91 64.93 64.93 64.93 19.48 38.96 25.97 6.493 12.99 0 0 0 0 0 6.493 0 0 0
1 389.1 175.7 213.4 188.3 25.1 87.87 25.1 25.1 75.31 25.1 12.55 0 0 0 0 12.55 0 0 0 0
1 381.6 258.2 157.1 134.7 78.57 22.45 11.22 33.67 11.22 11.22 0 11.22 0 0 0 0 11.22 0 0 0
1 404.5 269.7 147.1 85.8 98.06 98.06 36.77 0 12.26 36.77 0 12.26 12.26 0 0 0 0 0 0 12.26
1 368.5 324.3 280 147.4 58.96 88.43 14.74 44.22 73.69 29.48 14.74 0 14.74 0 0 0 14.74 0 0 0
1 577 372.2 335 148.9 148.9 37.22 55.83 74.45 18.61 55.83 0 0 0 18.61 0 18.61 0 0 0 0
1 330.9 304.4 172.1 185.3 119.1 39.71 39.71 26.47 26.47 39.71 0 0 0 13.24 13.24 0 0 0 13.24 0
1 303.1 170.5 180 113.7 75.78 47.36 9.472 18.94 9.472 0 0 0 0 0 0 18.94 0 0 0 0
1 687.3 326.5 189 189 171.8 17.18 51.55 17.18 17.18 0 17.18 0 0 0 0 0 0 0 17.18 17.18
1 483.1 284.2 156.3 127.9 113.7 142.1 56.83 28.42 0 0 0 28.42 0 0 0 0 0 0 0 0
1 425.3 567.1 248.1 159.5 141.8 53.16 70.88 70.88 17.72 0 17.72 0 0 0 0 0 0 0 0 0
1 488.4 167.1 231.3 128.5 89.96 38.56 12.85 38.56 38.56 12.85 25.7 0 12.85 0 0 0 0 0 0 0
1 390.1 268.2 182.8 146.3 97.51 60.95 0 48.76 0 12.19 0 0 0 12.19 0 0 0 0 0 0
1 789.5 267.9 141 56.39 98.68 28.2 14.1 0 0 0 0 0 0 14.1 0 0 0 0 0 0
1 476.8 369.5 107.3 95.36 47.68 47.68 11.92 23.84 0 0 0 0 0 11.92 0 0 0 0 0 0
1 479.9 338.8 367 127 56.46 28.23 0 0 14.12 0 0 0 0 0 0 0 0 0 0 0
1 927 452.2 407 271.3 67.83 45.22 45.22 22.61 22.61 0 0 0 0 0 0 0 0 0 0 0
1 729.7 538.6 121.6 139 139 34.75 17.37 17.37 0 0 0 0 0 0 0 0 0 0 0 0
1 353.5 448.7 312.7 67.98 54.38 67.98 27.19 0 13.6 13.6 0 0 0 0 0 0 0 0 0 0
1 493.3 328.8 298.9 209.3 59.79 29.89 44.84 14.95 14.95 0 0 0 0 0 0 0 0 0 0 0
1 387.5 270.1 187.9 105.7 152.6 35.22 11.74 0 0 23.48 0 0 0 0 0 0 0 0 0 0
1 903 381.3 260.9 220.7 60.2 100.3 0 60.2 20.07 0 0 0 0 0 0 0 0 0 0 0
1 533.8 360.6 259.7 101 115.4 28.85 14.43 0 14.43 14.43 0 0 0 0 0 0 0 0 0 0
1 246.7 269.2 224.3 246.7 56.08 11.22 44.86 11.22 0 0 11.22 0 0 0 0 0 0 0 0 0
1 315.1 72.03 225.1 144.1 72.03 36.02 18.01 9.004 0 0 0 0 0 0 0 0 9.004 0 0 0
1 440.4 191.5 57.44 105.3 105.3 28.72 0 0 9.573 19.15 0 0 0 0 0 0 0 0 0 0
1 211.2 264 113.1 75.42 60.33 22.63 7.542 0 0 0 0 0 0 0 0 0 0 0 0 0
1 189.5 134.5 165 30.56 24.45 30.56 18.34 12.22 0 6.112 0 0 0 0 0 0 0 0 0 0
1 225.5 192.1 150.3 167 41.76 8.351 8.351 8.351 8.351 8.351 16.7 0 0 0 0 0 0 0 0 0
1 486.2 158.6 126.8 148 95.14 21.14 0 10.57 0 10.57 0 0 0 0 0 0 0 0 0 0
1 253.7 208.9 119.4 82.07 29.84 22.38 7.461 0 0 14.92 7.461 0 0 0 0 0 0 0 0 0
1 218 121.1 169.6 30.28 18.17 24.23 0 12.11 0 0 6.057 0 0 6.057 0 0 0 0 0 0
1 157 278.3 128.5 85.64 21.41 21.41 7.137 0 0 14.27 0 0 0 0 0 0 0 0 0 0
1 254.3 49.61 148.8 31.01 74.42 18.61 12.4 12.4 12.4 6.202 0 0 0 0 0 0 0 0 0 0
1 241.1 126.6 66.31 84.39 30.14 36.17 6.028 6.028 0 6.028 0 0 0 0 0 0 0 0 0 0
1 217.7 179.3 83.25 51.23 38.42 25.61 25.61 6.404 6.404 0 0 0 6.404 0 0 0 0 0 0 0
1 234.2 91.66 112 25.46 25.46 10.18 5.092 5.092 0 0 0 0 0 0 0 0 0 0 0 0
1 177.5 252.5 109.2 61.43 34.13 13.65 20.48 0 13.65 0 0 0 0 0 0 0 0 0 0 0
1 93.78 89.88 113.3 31.26 42.98 7.815 7.815 0 0 0 0 0 3.908 0 0 0 0 0 0 0
1 208.6 93.33 104.3 93.33 32.94 5.49 10.98 0 0 0 0 0 0 0 0 0 0 0 0 0
1 200 125 55 25 45 20 25 0 5 0 0 0 0 0 0 0 0 0 0 0
1 152 108 48.01 24.01 32.01 16 8.002 12 0 0 0 0 0 0 0 0 0 0 0 0
1 61.61 184.8 83.61 61.61 17.6 13.2 8.801 4.4 4.4 0 0 0 0 0 0 0 0 0 0 0
1 129.9 69.28 134.2 60.62 21.65 4.33 4.33 4.33 0 0 4.33 0 0 0 0 0 0 0 0 0
1 108.8 88.37 33.99 50.98 13.59 33.99 3.399 3.399 3.399 0 0 0 0 0 0 0 0 0 0 0
1 78.23 81.63 64.62 20.41 54.42 13.6 17.01 3.401 3.401 0 0 0 3.401 0 0 0 0 0 0 0
1 100.9 58.58 81.36 45.56 6.509 19.53 6.509 3.254 3.254 0 0 0 0 0 0 0 0 0 0 0
1 150.6 67.6 27.66 27.66 12.29 0 3.073 9.219 3.073 3.073 3.073 0 0 0 0 0 0 0 0 0
1 122 149.6 51.17 27.56 31.49 7.873 0 3.937 0 0 0 0 0 0 0 0 0 0 0 0
1 37.69 67.85 92.97 20.1 2.513 7.538 10.05 0 5.026 5.026 2.513 0 0 0 0 0 0 0 0 0
1 67.24 23.73 35.6 51.42 9.888 5.933 1.978 1.978 0 0 0 0 0 0 0 0 0 0 0 0
1 72.17 67.66 24.81 27.06 22.55 4.511 2.255 2.255 2.255 0 0 0 0 0 0 0 0 0 0 0
1 51.68 33.34 41.67 8.335 18.34 6.668 1.667 5.001 0 0 0 0 0 0 0 0 0 0 0 0
1 72.16 28.87 23.45 34.28 7.216 1.804 7.216 3.608 0 1.804 0 0 0 0 0 0 0 0 0 0
1 57 32.16 20.46 20.46 8.77 1.462 2.923 2.923 0 0 0 0 0 0 0 0 0 0 0 0
1 130.2 50.09 35.06 2.504 10.02 10.02 5.009 2.504 2.504 0 0 0 2.504 0 0 0 0 0 0 0
1 115.2 65.46 39.28 20.95 2.618 2.618 13.09 0 2.618 0 0 0 0 0 0 0 0 0 0 0
1 70.45 77.27 43.18 11.36 9.09 4.545 2.273 4.545 0 2.273 2.273 0 0 0 0 0 0 0 0 0
1 38.96 38.96 50.33 16.23 1.623 4.87 4.87 0 4.87 0 0 0 1.623 0 0 0 0 0 0 0
1 80.91 26.97 30.82 30.82 13.48 3.853 5.779 0 0 0 0 0 0 0 0 0 0 0 0 0
1 26.75 45.48 20.07 14.71 12.04 6.689 4.013 2.675 1.338 0 0 0 0 0 0 0 0 0 0 0
1 45.22 27.13 43.71 15.07 7.536 4.522 3.015 4.522 0 0 0 0 0 0 0 0 0 0 0 0
1 46.72 33.74 18.17 14.27 9.084 1.298 3.893 2.595 0 0 0 0 0 0 0 0 0 0 0 0
1 49.18 26.39 16.79 4.798 7.198 3.599 3.599 8.397 0 0 0 0 0 0 0 0 0 0 0 0
1 38.48 44.68 13.65 16.14 6.206 1.241 1.241 0 1.241 1.241 0 0 0 0 0 0 0 0 0 0
1 32.71 24.27 22.16 11.61 8.442 4.221 1.055 0 1.055 0 0 0 0 0 0 0 0 0 0 0
1 31.82 23.61 13.35 19.5 5.133 7.186 1.027 1.027 0 0 0 0 0 0 0 0 0 0 0 0
1 25.13 44.27 15.55 15.55 9.572 3.589 2.393 2.393 1.196 0 0 0 0 0 0 0 0 0 0 0
1 27.73 11.76 25.21 3.361 6.723 5.882 0 0.8404 0.8404 0.8404 0 0.8404 0 0 0 0 0 0 0 0
1 22.15 16.45 8.227 8.227 3.797 2.531 1.898 0 0 0 0 0 0 0 0 0 0 0 0 0
