 landings-at-age - landings.n (units : NA )
1	2	
42	100	
1	20	
1 
0.006286 0.07137 0.1899 0.1601 0.1129 0.07135 0.05183 0.03457 0.02449 0.01743 0.01186 0.008218 0.006011 0.004053 0.002648 0.001843 0.001366 0.0009136 0.0006416 0.001273
0.006534 0.07058 0.2003 0.1583 0.1122 0.07919 0.05003 0.03634 0.02424 0.01717 0.01222 0.008319 0.005762 0.004215 0.002842 0.001856 0.001292 0.0009579 0.0006406 0.001342
0.0935 1.153 3.098 2.609 1.734 1.229 0.8676 0.5481 0.3982 0.2655 0.1881 0.1339 0.09114 0.06313 0.04617 0.03114 0.02034 0.01416 0.01049 0.02172
0.1721 2.027 6.18 4.902 3.467 2.305 1.634 1.153 0.7282 0.529 0.3528 0.2499 0.1779 0.1211 0.08388 0.06135 0.04137 0.02702 0.01881 0.0428
0.2266 2.854 8.265 7.391 4.917 3.478 2.312 1.639 1.156 0.7304 0.5306 0.3539 0.2507 0.1785 0.1215 0.08414 0.06154 0.0415 0.02711 0.0618
0.2904 3.353 10.32 8.716 6.53 4.344 3.072 2.042 1.447 1.021 0.6453 0.4688 0.3126 0.2215 0.1577 0.1073 0.07433 0.05436 0.03666 0.07854
0.3609 4.031 11.31 10.09 7.129 5.34 3.553 2.513 1.67 1.184 0.8354 0.5278 0.3834 0.2557 0.1811 0.129 0.08776 0.06079 0.04446 0.09422
0.4239 4.807 12.97 10.49 7.818 5.521 4.137 2.752 1.946 1.294 0.917 0.6471 0.4088 0.297 0.198 0.1403 0.09989 0.06797 0.04709 0.1074
0.4952 5.484 14.94 11.54 7.787 5.805 4.1 3.071 2.043 1.445 0.9606 0.6809 0.4805 0.3035 0.2205 0.147 0.1042 0.07417 0.05047 0.1147
0.5981 6.269 16.58 12.85 8.276 5.583 4.162 2.94 2.202 1.465 1.036 0.6887 0.4882 0.3445 0.2176 0.1581 0.1054 0.07469 0.05318 0.1185
0.7107 7.444 18.53 13.86 8.941 5.758 3.884 2.896 2.045 1.532 1.019 0.7209 0.4792 0.3396 0.2397 0.1514 0.11 0.07335 0.05196 0.1194
0.7907 8.724 21.57 15.09 9.384 6.055 3.899 2.63 1.961 1.385 1.038 0.6902 0.4882 0.3245 0.23 0.1623 0.1025 0.07449 0.04967 0.116
0.8491 9.595 24.85 17.17 9.971 6.2 4.001 2.576 1.738 1.296 0.915 0.6855 0.456 0.3225 0.2144 0.152 0.1072 0.06774 0.04921 0.1095
0.9058 10.2 26.91 19.35 11.08 6.439 4.004 2.583 1.664 1.122 0.8367 0.5909 0.4427 0.2945 0.2083 0.1384 0.09813 0.06925 0.04375 0.1025
1.006 10.79 28.21 20.53 12.23 7.005 4.069 2.53 1.633 1.051 0.7092 0.5287 0.3734 0.2797 0.1861 0.1316 0.08749 0.06201 0.04376 0.09241
1.03 11.9 29.45 21.12 12.71 7.57 4.337 2.519 1.566 1.011 0.6508 0.439 0.3273 0.2312 0.1732 0.1152 0.08148 0.05416 0.03839 0.0843
1.064 12.11 32.06 21.64 12.82 7.715 4.594 2.632 1.529 0.9507 0.6134 0.395 0.2665 0.1987 0.1403 0.1051 0.06992 0.04946 0.03287 0.07447
1.118 12.43 32.25 23.14 12.89 7.632 4.594 2.736 1.567 0.9103 0.5661 0.3652 0.2352 0.1587 0.1183 0.08354 0.06259 0.04163 0.02945 0.06392
1.259 12.99 32.73 22.88 13.53 7.532 4.461 2.685 1.599 0.916 0.5321 0.3309 0.2135 0.1375 0.09274 0.06914 0.04883 0.03658 0.02433 0.05457
1.266 14.55 33.86 22.84 13.13 7.763 4.323 2.56 1.541 0.9177 0.5257 0.3054 0.1899 0.1225 0.0789 0.05323 0.03968 0.02803 0.021 0.04529
1.175 14.57 37.52 23.24 12.88 7.404 4.377 2.437 1.444 0.8689 0.5174 0.2964 0.1722 0.1071 0.06908 0.04449 0.03001 0.02237 0.0158 0.03737
1.02 12.8 35.56 24.24 12.32 6.824 3.924 2.32 1.292 0.765 0.4605 0.2742 0.1571 0.09125 0.05674 0.03661 0.02358 0.0159 0.01186 0.02818
0.974 11.12 31.24 22.97 12.84 6.527 3.616 2.079 1.229 0.6845 0.4054 0.244 0.1453 0.08325 0.04836 0.03007 0.0194 0.01249 0.008428 0.02122
0.9398 10.62 27.14 20.18 12.17 6.807 3.459 1.916 1.102 0.6514 0.3628 0.2148 0.1293 0.07701 0.04412 0.02563 0.01594 0.01028 0.006621 0.01571
0.8936 10.25 25.91 17.53 10.69 6.45 3.607 1.833 1.016 0.584 0.3452 0.1922 0.1139 0.06853 0.04081 0.02338 0.01358 0.008445 0.005449 0.01183
0.7985 9.742 25 16.73 9.288 5.667 3.418 1.912 0.9713 0.5382 0.3095 0.1829 0.1019 0.06034 0.03632 0.02163 0.01239 0.007197 0.004475 0.009159
0.7067 8.705 23.77 16.15 8.868 4.922 3.003 1.811 1.013 0.5147 0.2852 0.164 0.09695 0.05399 0.03197 0.01925 0.01146 0.006566 0.003814 0.007226
0.6912 7.705 21.24 15.35 8.557 4.7 2.608 1.592 0.9599 0.5368 0.2728 0.1511 0.08691 0.05138 0.02861 0.01694 0.0102 0.006074 0.003479 0.00585
0.6521 7.536 18.8 13.72 8.137 4.535 2.491 1.382 0.8435 0.5087 0.2845 0.1446 0.0801 0.04606 0.02723 0.01516 0.008979 0.005405 0.003219 0.004944
0.6428 7.109 18.39 12.14 7.27 4.312 2.403 1.32 0.7325 0.447 0.2696 0.1508 0.07661 0.04245 0.02441 0.01443 0.008035 0.004759 0.002864 0.004326
0.628 7.008 17.35 11.88 6.435 3.853 2.285 1.273 0.6994 0.3882 0.2369 0.1429 0.07989 0.0406 0.02249 0.01293 0.007647 0.004258 0.002522 0.00381
0.5614 6.847 17.1 11.2 6.293 3.41 2.042 1.211 0.6749 0.3707 0.2057 0.1255 0.07571 0.04234 0.02151 0.01192 0.006855 0.004052 0.002256 0.003356
0.5039 6.121 16.71 11.04 5.938 3.335 1.807 1.082 0.6417 0.3576 0.1964 0.109 0.06652 0.04012 0.02244 0.0114 0.006317 0.003632 0.002147 0.002974
0.4804 5.494 14.93 10.79 5.853 3.147 1.767 0.9577 0.5734 0.3401 0.1895 0.1041 0.05777 0.03525 0.02126 0.01189 0.006042 0.003348 0.001925 0.002714
0.4818 5.238 13.4 9.646 5.718 3.102 1.667 0.9366 0.5075 0.3039 0.1802 0.1004 0.05516 0.03062 0.01868 0.01127 0.006301 0.003202 0.001774 0.002459
0.4559 5.253 12.78 8.658 5.112 3.03 1.644 0.8837 0.4964 0.2689 0.161 0.09551 0.05323 0.02923 0.01623 0.0099 0.005971 0.003339 0.001697 0.002243
0.402 4.97 12.82 8.255 4.588 2.709 1.606 0.8711 0.4683 0.263 0.1425 0.08534 0.05061 0.02821 0.01549 0.008598 0.005247 0.003164 0.00177 0.002088
0.3787 4.382 12.13 8.278 4.374 2.432 1.436 0.851 0.4616 0.2482 0.1394 0.07553 0.04522 0.02682 0.01495 0.00821 0.004557 0.00278 0.001677 0.002044
0.3944 4.128 10.69 7.832 4.387 2.318 1.289 0.7608 0.451 0.2446 0.1315 0.07387 0.04003 0.02397 0.01421 0.007922 0.004351 0.002415 0.001473 0.001972
0.3683 4.3 10.07 6.907 4.151 2.325 1.228 0.6829 0.4032 0.239 0.1296 0.06969 0.03915 0.02121 0.0127 0.007532 0.004198 0.002306 0.00128 0.001826
0.3355 3.919 10.26 6.367 3.582 2.152 1.206 0.6371 0.3541 0.2091 0.1239 0.06723 0.03614 0.0203 0.011 0.006586 0.003906 0.002177 0.001196 0.001611
0.2667 3.571 9.379 6.522 3.322 1.869 1.123 0.6291 0.3324 0.1848 0.1091 0.06467 0.03508 0.01886 0.01059 0.00574 0.003437 0.002038 0.001136 0.001464
0.2652 2.839 8.569 5.995 3.425 1.744 0.9814 0.5898 0.3303 0.1746 0.09703 0.05729 0.03396 0.01842 0.009903 0.005563 0.003014 0.001805 0.00107 0.001365
0.2617 2.823 6.832 5.508 3.167 1.809 0.9216 0.5185 0.3116 0.1745 0.09222 0.05126 0.03027 0.01794 0.009732 0.005232 0.002939 0.001592 0.0009535 0.001287
0.246 2.785 6.81 4.415 2.928 1.684 0.9618 0.4899 0.2756 0.1656 0.09277 0.04902 0.02725 0.01609 0.009538 0.005173 0.002781 0.001562 0.0008465 0.001191
0.2329 2.618 6.737 4.425 2.361 1.566 0.9005 0.5144 0.262 0.1474 0.08859 0.04962 0.02622 0.01457 0.008605 0.005101 0.002767 0.001487 0.0008355 0.00109
0.2131 2.479 6.349 4.402 2.381 1.271 0.8426 0.4845 0.2768 0.141 0.07932 0.04767 0.0267 0.01411 0.007842 0.00463 0.002745 0.001489 0.0008004 0.001036
0.189 2.267 6.027 4.171 2.383 1.289 0.6878 0.4561 0.2623 0.1498 0.07632 0.04294 0.0258 0.01445 0.007637 0.004245 0.002506 0.001486 0.0008059 0.000994
0.186 2.011 5.526 3.98 2.271 1.298 0.7019 0.3745 0.2484 0.1428 0.08159 0.04156 0.02338 0.01405 0.00787 0.004159 0.002312 0.001365 0.0008091 0.0009802
0.1792 1.979 4.914 3.669 2.18 1.244 0.7107 0.3845 0.2052 0.136 0.07823 0.04469 0.02276 0.01281 0.007697 0.004311 0.002278 0.001266 0.0007476 0.0009801
0.1705 1.906 4.845 3.279 2.021 1.201 0.6854 0.3916 0.2118 0.113 0.07495 0.0431 0.02462 0.01254 0.007056 0.00424 0.002375 0.001255 0.0006976 0.0009519
0.1694 1.812 4.678 3.25 1.817 1.12 0.6656 0.3798 0.217 0.1174 0.06264 0.04153 0.02389 0.01364 0.00695 0.00391 0.00235 0.001316 0.0006955 0.0009141
0.1686 1.799 4.458 3.154 1.811 1.013 0.6242 0.371 0.2117 0.1209 0.06541 0.03491 0.02315 0.01331 0.007604 0.003873 0.002179 0.00131 0.0007335 0.000897
0.1638 1.79 4.436 3.021 1.767 1.015 0.5675 0.3498 0.2079 0.1186 0.06777 0.03666 0.01956 0.01297 0.00746 0.004261 0.002171 0.001221 0.0007339 0.0009137
0.1515 1.738 4.422 3.02 1.702 0.996 0.572 0.3198 0.1971 0.1171 0.06684 0.03819 0.02066 0.01102 0.007309 0.004203 0.002401 0.001223 0.0006881 0.0009284
0.1447 1.607 4.3 3.026 1.711 0.9643 0.5642 0.324 0.1812 0.1117 0.06637 0.03787 0.02163 0.0117 0.006245 0.004141 0.002381 0.00136 0.0006929 0.0009158
0.1508 1.533 3.983 2.956 1.723 0.9745 0.5492 0.3213 0.1846 0.1032 0.0636 0.0378 0.02157 0.01232 0.006665 0.003557 0.002358 0.001356 0.0007748 0.0009162
0.1429 1.596 3.807 2.75 1.692 0.9864 0.5579 0.3144 0.184 0.1056 0.05907 0.03641 0.02164 0.01235 0.007053 0.003815 0.002036 0.00135 0.0007764 0.000968
0.1459 1.51 3.97 2.64 1.582 0.9734 0.5675 0.3209 0.1809 0.1058 0.06078 0.03398 0.02095 0.01245 0.007102 0.004058 0.002195 0.001171 0.0007767 0.001004
