Originally  
101 
A 
42	100	
1	1	NA	NA	
1	20	
1 0.1144 0.5338 1.106 0.4956 0.7625 0.2288 0.1144 0.03813 0.1144 0.07625 0.1525 0 0.07625 0 0 0 0 0 0 0
1 0.1422 0.3697 0.711 0.6257 0.4266 0.1991 0.1422 0.02844 0.1138 0 0.05688 0 0 0 0 0 0 0 0.02844 0
1 0.02567 0.3594 0.6674 0.3594 0.308 0.154 0.231 0.1797 0.077 0.077 0.077 0.02567 0 0 0 0 0.02567 0 0 0
1 0.06162 0.2465 0.4108 0.4313 0.3492 0.1643 0.1027 0.06162 0.06162 0.1027 0.04108 0.02054 0 0 0 0 0 0 0 0
1 0.1225 0.337 0.582 0.7046 0.2757 0.2757 0.337 0.0919 0.06127 0.06127 0 0.06127 0.06127 0 0.06127 0 0 0.03063 0 0
1 0.02826 0.3957 0.6783 0.4522 0.4522 0.2261 0.2261 0.1131 0.1413 0.05653 0.05653 0 0 0 0 0 0 0 0 0
1 0.07521 0.3384 0.4889 0.376 0.2068 0.1316 0.1316 0.0376 0.0376 0.0188 0.0188 0 0.0188 0 0 0 0 0 0 0
1 0 0.1723 0.3446 0.2976 0.2193 0.1096 0.1253 0.06265 0.06265 0.07831 0.01566 0.01566 0 0 0 0.03132 0.01566 0 0 0.01566
1 0.05394 0.1888 0.2832 0.2562 0.1483 0.0944 0.1079 0.08092 0.05394 0.05394 0 0 0.01349 0 0 0 0.01349 0 0 0
1 0.08889 0.1778 0.48 0.3378 0.1778 0.1956 0.08889 0.1067 0.03556 0.03556 0.03556 0.01778 0 0 0 0 0 0 0 0
1 0.03092 0.1237 0.5411 0.2164 0.201 0.1855 0.0773 0.01546 0.0773 0.01546 0.01546 0.03092 0 0.01546 0 0 0 0 0 0
1 0.06753 0.3039 0.4558 0.3208 0.2363 0.1351 0.06753 0.03376 0.01688 0.01688 0 0 0 0 0 0.03376 0 0 0 0
1 0.08135 0.1952 0.4555 0.2766 0.1627 0.1139 0.1464 0.04881 0.04881 0.04881 0.01627 0.01627 0 0 0.01627 0 0 0 0 0
1 0.03108 0.3418 0.4506 0.3263 0.1398 0.1088 0.06215 0.03108 0.01554 0.01554 0.03108 0 0 0 0 0 0 0 0 0
1 0.07163 0.2006 0.4012 0.2579 0.1862 0.1146 0.08596 0.01433 0.01433 0.04298 0.02865 0.01433 0 0 0 0 0 0 0 0
1 0.01455 0.2764 0.4656 0.2473 0.16 0.1164 0.0873 0.0291 0.0291 0 0 0 0.01455 0 0 0.01455 0 0 0 0
1 0.08688 0.2751 0.362 0.3475 0.1303 0.1014 0.01448 0.02896 0.02896 0.01448 0.02896 0.02896 0 0 0 0 0 0 0 0
1 0.02687 0.2821 0.3224 0.2821 0.1746 0.1075 0.06717 0.02687 0.01343 0.01343 0.01343 0.01343 0 0 0 0 0 0 0 0
1 0.0242 0.2662 0.3509 0.2783 0.1331 0.1089 0.0121 0 0.0363 0 0 0 0 0 0 0 0 0 0 0
1 0.05466 0.2624 0.317 0.1749 0.1312 0.04373 0.05466 0.0328 0.01093 0 0 0.01093 0 0 0 0 0 0 0 0
1 0.01257 0.3016 0.3896 0.2011 0.1885 0.06283 0.06283 0 0.01257 0.01257 0 0 0 0 0 0 0.01257 0 0 0
1 0.01756 0.1843 0.2809 0.1931 0.1141 0.02633 0.02633 0.01756 0 0 0.008778 0 0 0.008778 0 0 0 0 0 0
1 0.0533 0.1599 0.2985 0.2345 0.1919 0.06396 0.02132 0.01066 0 0.02132 0 0.01066 0 0 0 0 0 0 0 0
1 0.07352 0.2206 0.3553 0.1715 0.1838 0.1348 0.03676 0.02451 0.01225 0.01225 0 0 0 0 0 0 0 0 0 0
1 0.04124 0.1237 0.2887 0.1897 0.07423 0.05773 0.0165 0 0.03299 0 0 0 0 0 0 0 0 0 0 0
1 0.01711 0.1283 0.2139 0.2053 0.1027 0.05133 0.06845 0.04278 0.02567 0 0 0 0 0 0 0 0 0 0 0
1 0.01809 0.199 0.2895 0.199 0.09047 0.07237 0.009047 0.009047 0.01809 0 0 0 0 0 0 0 0 0 0 0
1 0.03177 0.2542 0.3389 0.2436 0.1165 0.04237 0.02118 0 0.01059 0 0 0 0 0 0 0 0 0 0 0
1 0.02562 0.08966 0.2241 0.1345 0.07045 0.03202 0.03843 0.01921 0.006404 0 0 0 0 0 0 0 0 0 0 0
1 0.04777 0.1501 0.1706 0.1228 0.08871 0.06142 0.02047 0.006824 0.006824 0.006824 0 0 0 0 0 0 0 0 0 0
1 0.0159 0.159 0.2464 0.159 0.09539 0.06359 0.03974 0.007949 0 0.007949 0 0 0 0 0 0 0 0 0 0
1 0.014 0.07702 0.2521 0.154 0.06301 0.04201 0.04201 0.03501 0 0.007002 0.007002 0.007002 0 0 0 0 0 0 0 0
1 0.03271 0.09813 0.229 0.1374 0.0785 0.05234 0.006542 0.006542 0.006542 0 0.006542 0 0 0 0 0 0 0 0 0
1 0.01383 0.0922 0.166 0.06454 0.0461 0.03688 0 0.01844 0.00922 0.00922 0.00461 0 0 0 0 0 0 0 0 0
1 0.01833 0.1161 0.1772 0.1894 0.04888 0.02444 0.01833 0.00611 0.00611 0 0.00611 0 0 0 0 0 0 0 0 0
1 0.01315 0.08546 0.09203 0.03944 0.0493 0.02958 0.01643 0 0.003287 0 0 0 0 0 0 0 0 0 0 0
1 0.008181 0.1023 0.1227 0.08181 0.03272 0.01227 0.02045 0.01636 0.00409 0 0.008181 0 0 0 0 0 0 0 0 0
1 0.02641 0.08364 0.1453 0.1057 0.03522 0.02201 0.008805 0.008805 0 0 0.004402 0 0 0 0 0 0 0 0 0
1 0.007974 0.07176 0.1236 0.07974 0.04784 0.0319 0.01196 0.007974 0.007974 0.007974 0 0 0 0 0 0 0 0 0 0
1 0.006303 0.07878 0.1071 0.06618 0.01891 0.01261 0.01261 0.006303 0.006303 0 0 0 0 0 0 0 0 0 0 0
1 0.01366 0.05463 0.0874 0.05736 0.03278 0.005463 0.008194 0.005463 0.002731 0 0.002731 0.002731 0 0 0 0 0 0 0 0
1 0.00518 0.03626 0.08288 0.06475 0.03108 0.01554 0.01036 0.00777 0 0 0 0 0.00259 0.00259 0 0 0 0 0 0
1 0.008551 0.04846 0.06841 0.05986 0.0399 0.03135 0.008551 0.0171 0 0.00285 0 0 0 0 0 0 0 0 0 0
1 0.002097 0.03565 0.0713 0.03565 0.02097 0.02307 0.01258 0.004194 0.004194 0 0 0 0 0 0 0 0 0 0 0
1 0.01781 0.03264 0.1039 0.05935 0.03561 0.01781 0.01484 0.002968 0.005935 0.002968 0 0 0.002968 0 0 0 0 0 0 0
1 0.01038 0.04672 0.09343 0.04412 0.01557 0.02855 0.01038 0.002595 0.002595 0.005191 0 0 0 0 0 0 0 0 0 0
1 0.005833 0.06708 0.08749 0.04374 0.03208 0.01458 0.02625 0.005833 0.005833 0.002916 0 0 0 0 0 0 0 0 0 0
1 0.01285 0.05397 0.06167 0.05654 0.04883 0.007709 0.00257 0.00514 0.00514 0 0.00257 0 0 0 0 0 0 0 0 0
1 0.002429 0.05101 0.0753 0.04129 0.02186 0.017 0.01215 0.009716 0.004858 0.002429 0 0.004858 0 0 0 0 0 0 0 0
1 0.01759 0.03016 0.09047 0.04021 0.04021 0.01257 0.005026 0.005026 0.002513 0.002513 0.002513 0 0 0.002513 0 0 0 0 0 0
1 0.0143 0.05005 0.07627 0.05005 0.02383 0.00715 0.00715 0.002383 0.002383 0.004767 0 0 0 0 0 0 0 0 0 0
1 0.007771 0.02526 0.06994 0.04274 0.02526 0.005828 0.007771 0.001943 0.001943 0.003886 0.001943 0 0 0 0 0 0 0 0 0
1 0.003947 0.03947 0.04934 0.03947 0.03355 0.01184 0.005921 0.003947 0.005921 0.001974 0 0.001974 0 0 0 0 0 0 0 0
1 0.004644 0.02786 0.04024 0.03096 0.02167 0.01548 0.006191 0.003096 0.001548 0.001548 0 0 0.001548 0 0 0 0 0 0 0
1 0.00604 0.04027 0.06242 0.04027 0.02215 0.008054 0.00604 0.002013 0.00604 0.002013 0 0 0.004027 0 0.002013 0 0 0 0 0
1 0.008592 0.04582 0.09451 0.06014 0.0401 0.01718 0.01146 0.008592 0 0 0 0 0 0 0 0 0 0 0 0
1 0.009217 0.04378 0.06221 0.0553 0.03226 0.01613 0.004608 0.006913 0 0 0 0 0 0 0 0 0 0 0 0
1 0.005562 0.03893 0.05377 0.04264 0.01854 0.003708 0.01298 0.003708 0.001854 0.001854 0 0 0.001854 0 0 0 0 0 0 0
1 0.01237 0.08042 0.07424 0.0464 0.03712 0.03712 0.00928 0.006187 0.003093 0.003093 0 0 0 0 0 0 0 0 0 0
