 landings-at-age - landings.n (units : NA )
1	2	
42	100	
1	20	
1 
1.068 12.91 32.04 24.21 16.44 11.84 8.347 5.861 4.001 2.647 1.857 1.321 0.9703 0.7822 0.5241 0.3641 0.2407 0.1708 0.13 0.3202
1.254 13.04 35.42 23.55 14.64 9.941 7.16 5.048 3.544 2.419 1.6 1.123 0.7988 0.5867 0.473 0.3169 0.2201 0.1456 0.1033 0.2723
1.154 12.38 29.07 20.97 11.44 7.112 4.829 3.478 2.452 1.722 1.175 0.7775 0.5456 0.3881 0.285 0.2298 0.154 0.107 0.07071 0.1825
1.039 12.32 30 18.88 11.2 6.111 3.799 2.58 1.858 1.31 0.9198 0.6279 0.4154 0.2915 0.2073 0.1523 0.1228 0.08225 0.05714 0.1353
1.137 11.81 31.68 20.7 10.73 6.363 3.472 2.158 1.466 1.056 0.7442 0.5225 0.3567 0.236 0.1656 0.1178 0.08651 0.06974 0.04672 0.1093
1.17 12.39 29.09 20.88 11.22 5.815 3.45 1.882 1.17 0.7946 0.5723 0.4035 0.2833 0.1934 0.1279 0.08978 0.06385 0.0469 0.03781 0.08459
1.198 13.32 31.81 19.98 11.8 6.34 3.284 1.949 1.063 0.661 0.4488 0.3233 0.2279 0.16 0.1092 0.07226 0.05071 0.03607 0.02649 0.06914
1.15 11.92 30.05 19.16 9.885 5.837 3.137 1.625 0.9643 0.5261 0.3271 0.2221 0.16 0.1128 0.07919 0.05405 0.03576 0.0251 0.01785 0.04732
1.306 14.42 33.63 22.76 11.95 6.165 3.64 1.957 1.014 0.6014 0.3281 0.204 0.1385 0.09977 0.07034 0.04939 0.03371 0.0223 0.01565 0.04065
1.327 13.63 33.85 20.95 11.64 6.109 3.152 1.861 1.001 0.5183 0.3075 0.1678 0.1043 0.07083 0.05102 0.03597 0.02525 0.01724 0.0114 0.02879
1.295 14.98 34.55 22.86 11.62 6.457 3.389 1.749 1.033 0.5551 0.2876 0.1706 0.09309 0.05788 0.0393 0.02831 0.01996 0.01401 0.009564 0.0223
1.209 13.48 35.13 21.54 11.7 5.949 3.305 1.735 0.8951 0.5285 0.2841 0.1472 0.08732 0.04764 0.02962 0.02011 0.01449 0.01021 0.007171 0.01631
1.111 12.77 32.19 22.4 11.29 6.132 3.119 1.732 0.9093 0.4692 0.2771 0.1489 0.07715 0.04577 0.02497 0.01553 0.01054 0.007594 0.005354 0.01231
1.17 12.5 32.46 21.92 12.55 6.324 3.434 1.747 0.9702 0.5093 0.2628 0.1552 0.08341 0.04321 0.02564 0.01399 0.008696 0.005905 0.004253 0.009892
1.186 13.08 31.49 21.82 12.11 6.935 3.495 1.898 0.9654 0.5363 0.2815 0.1453 0.08577 0.0461 0.02388 0.01417 0.007731 0.004807 0.003264 0.007818
1.072 12.01 30.01 19.27 10.97 6.091 3.487 1.757 0.9545 0.4854 0.2696 0.1415 0.07304 0.04313 0.02318 0.01201 0.007125 0.003887 0.002417 0.005572
1.281 13.19 33.25 22.25 11.76 6.698 3.718 2.128 1.073 0.5826 0.2963 0.1646 0.08639 0.04458 0.02632 0.01415 0.00733 0.004349 0.002373 0.004877
1.275 12.81 29.77 19.93 10.95 5.786 3.295 1.829 1.047 0.5277 0.2866 0.1458 0.08096 0.0425 0.02193 0.01295 0.00696 0.003606 0.002139 0.003566
1.092 13.75 31.28 19.46 10.71 5.885 3.111 1.771 0.9833 0.5629 0.2837 0.1541 0.07836 0.04353 0.02285 0.01179 0.006962 0.003742 0.001939 0.003067
1.267 13.19 37.32 22.72 11.63 6.402 3.517 1.859 1.058 0.5876 0.3364 0.1695 0.09207 0.04683 0.02601 0.01365 0.007045 0.00416 0.002236 0.002991
1.146 13.71 32 24.01 12 6.139 3.38 1.856 0.9813 0.5588 0.3102 0.1776 0.0895 0.0486 0.02472 0.01373 0.007208 0.003719 0.002196 0.00276
1.168 12.67 33.97 21.03 12.95 6.472 3.312 1.823 1.002 0.5294 0.3015 0.1673 0.0958 0.04828 0.02622 0.01334 0.007408 0.003888 0.002007 0.002674
1.094 11.56 28.29 20.14 10.23 6.301 3.148 1.611 0.8869 0.4872 0.2575 0.1466 0.0814 0.0466 0.02349 0.01276 0.006487 0.003604 0.001892 0.002277
1.087 12.3 29.36 19.24 11.26 5.721 3.524 1.761 0.901 0.496 0.2725 0.144 0.08202 0.04553 0.02606 0.01314 0.007134 0.003628 0.002015 0.002331
1.027 11.78 30.08 19.17 10.33 6.045 3.071 1.891 0.9451 0.4836 0.2662 0.1463 0.07731 0.04402 0.02444 0.01399 0.00705 0.003829 0.001947 0.002333
0.925 11.33 29.33 20.02 10.49 5.651 3.309 1.681 1.035 0.5172 0.2647 0.1457 0.08005 0.04231 0.02409 0.01337 0.007656 0.003859 0.002096 0.002343
0.8587 9.502 26.38 18.25 10.24 5.367 2.89 1.692 0.8595 0.5294 0.2645 0.1354 0.07452 0.04094 0.02164 0.01232 0.00684 0.003916 0.001973 0.00227
0.9523 10.53 26.22 19.53 11.12 6.239 3.27 1.761 1.031 0.5237 0.3226 0.1612 0.08248 0.04541 0.02494 0.01318 0.007507 0.004168 0.002386 0.002585
0.8715 9.84 24.51 16.22 9.914 5.646 3.167 1.66 0.8941 0.5234 0.2659 0.1638 0.08183 0.04187 0.02305 0.01266 0.006694 0.003812 0.002116 0.002524
0.803 8.846 22.66 15.09 8.209 5.018 2.858 1.603 0.8403 0.4525 0.2649 0.1346 0.08289 0.04142 0.02119 0.01167 0.00641 0.003388 0.001929 0.002349
0.964 9.417 23.46 16.16 8.862 4.82 2.946 1.678 0.9413 0.4934 0.2657 0.1556 0.07902 0.04867 0.02432 0.01244 0.006851 0.003764 0.001989 0.002512
0.8933 10.42 23 15.32 8.671 4.756 2.587 1.581 0.9005 0.5052 0.2648 0.1426 0.08349 0.04241 0.02612 0.01305 0.006679 0.003677 0.00202 0.002416
0.8523 10.26 26.95 15.9 8.705 4.928 2.703 1.47 0.8986 0.5118 0.2871 0.1505 0.08104 0.04745 0.0241 0.01485 0.007417 0.003796 0.00209 0.002521
0.8637 8.916 24.21 16.93 8.202 4.492 2.543 1.395 0.7585 0.4637 0.2641 0.1481 0.07765 0.04182 0.02448 0.01244 0.00766 0.003827 0.001959 0.002379
0.8204 8.989 21.03 15.28 8.784 4.256 2.331 1.319 0.7236 0.3936 0.2406 0.137 0.07687 0.04029 0.0217 0.0127 0.006452 0.003974 0.001986 0.002251
0.8616 9.16 22.75 14.3 8.548 4.915 2.381 1.304 0.7382 0.4049 0.2202 0.1346 0.07666 0.04301 0.02254 0.01214 0.007108 0.00361 0.002224 0.00237
0.9172 10.29 24.61 16.36 8.459 5.058 2.908 1.409 0.7716 0.4368 0.2396 0.1303 0.07965 0.04536 0.02545 0.01334 0.007184 0.004206 0.002136 0.002718
0.8596 9.176 23.25 14.79 8.073 4.175 2.496 1.435 0.6954 0.3808 0.2156 0.1182 0.06431 0.03931 0.02239 0.01256 0.006583 0.003545 0.002076 0.002396
0.8608 9.781 23.58 16.01 8.378 4.573 2.364 1.414 0.8129 0.3939 0.2157 0.1221 0.06697 0.03642 0.02227 0.01268 0.007114 0.003729 0.002008 0.002533
0.9059 10.03 25.58 16.44 9.174 4.802 2.621 1.355 0.8103 0.4659 0.2257 0.1236 0.06998 0.03838 0.02088 0.01276 0.007267 0.004077 0.002137 0.002602
0.8577 8.921 22.3 15.1 7.964 4.444 2.326 1.27 0.6565 0.3925 0.2257 0.1094 0.05988 0.0339 0.01859 0.01011 0.006182 0.00352 0.001975 0.002296
0.8797 9.696 22.78 15.26 8.497 4.482 2.501 1.309 0.7145 0.3695 0.2209 0.127 0.06154 0.0337 0.01908 0.01046 0.005691 0.003479 0.001981 0.002404
0.9656 9.439 23.51 14.76 8.125 4.525 2.387 1.332 0.6972 0.3805 0.1968 0.1177 0.06765 0.03278 0.01795 0.01016 0.005573 0.003031 0.001853 0.002335
0.8759 10.81 23.84 15.89 8.202 4.515 2.515 1.327 0.7403 0.3875 0.2115 0.1094 0.06538 0.0376 0.01822 0.009975 0.005647 0.003097 0.001685 0.002328
0.8317 8.963 25.06 14.78 8.094 4.178 2.3 1.281 0.6758 0.3771 0.1974 0.1077 0.05571 0.03331 0.01915 0.00928 0.005082 0.002877 0.001578 0.002044
0.8227 9.348 22.83 17.15 8.325 4.559 2.354 1.296 0.7218 0.3807 0.2124 0.1112 0.06069 0.03138 0.01876 0.01079 0.005227 0.002863 0.001621 0.00204
0.8657 9.535 24.43 15.97 9.875 4.793 2.625 1.355 0.746 0.4155 0.2192 0.1223 0.06402 0.03494 0.01807 0.0108 0.006212 0.003009 0.001648 0.002108
0.9265 9.636 23.85 16.27 8.741 5.404 2.623 1.436 0.7415 0.4082 0.2274 0.1199 0.06693 0.03503 0.01912 0.009886 0.005911 0.003399 0.001647 0.002055
0.9824 10.22 23.86 15.69 8.789 4.722 2.919 1.417 0.7759 0.4006 0.2205 0.1228 0.06479 0.03615 0.01892 0.01033 0.005341 0.003193 0.001836 0.002
0.8155 9.596 22.58 14.02 7.571 4.241 2.278 1.408 0.6836 0.3744 0.1933 0.1064 0.05927 0.03126 0.01744 0.009131 0.004983 0.002577 0.001541 0.001851
0.9395 10.02 26.52 16.74 8.552 4.618 2.586 1.39 0.859 0.4169 0.2283 0.1179 0.0649 0.03615 0.01907 0.01064 0.005569 0.003039 0.001572 0.002069
0.9043 9.968 23.88 16.78 8.693 4.442 2.399 1.344 0.7219 0.4462 0.2166 0.1186 0.06123 0.03371 0.01878 0.009904 0.005527 0.002893 0.001579 0.001891
0.9511 10.02 24.82 15.82 9.131 4.73 2.417 1.305 0.731 0.3928 0.2428 0.1178 0.06454 0.03332 0.01834 0.01022 0.005389 0.003007 0.001574 0.001888
0.8664 9.573 22.79 15.02 7.86 4.536 2.35 1.201 0.6484 0.3632 0.1951 0.1206 0.05855 0.03206 0.01655 0.009113 0.005076 0.002677 0.001494 0.00172
0.8525 9.398 23.53 15.02 8.141 4.261 2.459 1.274 0.651 0.3516 0.1969 0.1058 0.0654 0.03174 0.01738 0.008974 0.004941 0.002752 0.001452 0.001743
0.864 9.805 24.41 16.38 8.604 4.664 2.441 1.409 0.7299 0.373 0.2014 0.1128 0.06061 0.03747 0.01818 0.009959 0.005141 0.00283 0.001577 0.00183
0.8395 9.703 24.78 16.45 9.074 4.766 2.583 1.352 0.7805 0.4043 0.2066 0.1116 0.06249 0.03357 0.02075 0.01007 0.005517 0.002848 0.001568 0.001887
0.7352 8.668 22.62 15.38 8.387 4.626 2.43 1.317 0.6895 0.3979 0.2061 0.1053 0.05688 0.03186 0.01712 0.01058 0.005136 0.002813 0.001452 0.001761
0.8061 8.76 23.2 16.18 9.049 4.934 2.722 1.43 0.7749 0.4056 0.2341 0.1213 0.06197 0.03347 0.01874 0.01007 0.006225 0.003022 0.001655 0.001891
