 landings-at-age - landings.n (units : NA )
1	2	
2	100	
1	20	
1 
0.02659 0.2984 0.8352 0.6934 0.4839 0.3377 0.2357 0.1644 0.1148 0.08008 0.05589 0.039 0.02722 0.01899 0.01325 0.009249 0.006454 0.004504 0.003143 0.007259
0.002818 0.05216 0.1462 0.1214 0.08475 0.05914 0.04127 0.0288 0.0201 0.01403 0.009787 0.00683 0.004766 0.003326 0.002321 0.00162 0.00113 0.0007888 0.0005504 0.001271
0.003111 0.03164 0.1464 0.1219 0.08515 0.05942 0.04147 0.02894 0.02019 0.01409 0.009834 0.006862 0.004789 0.003342 0.002332 0.001627 0.001136 0.0007925 0.000553 0.001277
0.003157 0.03493 0.08879 0.122 0.08549 0.0597 0.04166 0.02907 0.02029 0.01416 0.00988 0.006895 0.004811 0.003358 0.002343 0.001635 0.001141 0.0007963 0.0005557 0.001283
0.003233 0.03545 0.09801 0.07404 0.08557 0.05994 0.04186 0.02921 0.02038 0.01423 0.009927 0.006927 0.004834 0.003374 0.002354 0.001643 0.001146 8e-04 0.0005583 0.001289
0.003192 0.0363 0.09947 0.08173 0.05191 0.06 0.04203 0.02935 0.02048 0.01429 0.009974 0.00696 0.004857 0.00339 0.002365 0.001651 0.001152 0.0008038 0.0005609 0.001295
0.003067 0.03584 0.1019 0.08294 0.05731 0.0364 0.04207 0.02947 0.02058 0.01436 0.01002 0.006993 0.00488 0.003406 0.002377 0.001658 0.001157 0.0008076 0.0005636 0.001302
0.003105 0.03444 0.1006 0.08493 0.05815 0.04018 0.02552 0.0295 0.02066 0.01443 0.01007 0.007026 0.004903 0.003422 0.002388 0.001666 0.001163 0.0008114 0.0005663 0.001308
0.003282 0.03486 0.09662 0.08385 0.05955 0.04077 0.02817 0.01789 0.02068 0.01449 0.01012 0.00706 0.004926 0.003438 0.002399 0.001674 0.001168 0.0008153 0.0005689 0.001314
0.003627 0.03685 0.09782 0.08057 0.05879 0.04175 0.02859 0.01975 0.01255 0.0145 0.01016 0.007093 0.00495 0.003454 0.00241 0.001682 0.001174 0.0008191 0.0005716 0.00132
0.003851 0.04072 0.1034 0.08157 0.05649 0.04122 0.02928 0.02005 0.01385 0.008796 0.01017 0.007121 0.004973 0.003471 0.002422 0.00169 0.001179 0.000823 0.0005743 0.001326
0.004176 0.04324 0.1143 0.08622 0.05719 0.03961 0.0289 0.02053 0.01405 0.00971 0.006168 0.007128 0.004993 0.003487 0.002433 0.001698 0.001185 0.0008269 0.0005771 0.001333
0.004447 0.04689 0.1213 0.09528 0.06045 0.0401 0.02777 0.02027 0.01439 0.009854 0.006808 0.004324 0.004998 0.003501 0.002445 0.001706 0.001191 0.0008308 0.0005798 0.001339
0.004448 0.04994 0.1316 0.1012 0.0668 0.04238 0.02812 0.01947 0.01421 0.01009 0.006909 0.004774 0.003032 0.003504 0.002455 0.001714 0.001196 0.0008348 0.0005825 0.001345
0.004707 0.04994 0.1401 0.1097 0.07093 0.04684 0.02972 0.01971 0.01365 0.009963 0.007075 0.004844 0.003347 0.002126 0.002457 0.001721 0.001202 0.0008387 0.0005853 0.001352
0.004537 0.05285 0.1401 0.1168 0.07693 0.04973 0.03284 0.02084 0.01382 0.009573 0.006985 0.004961 0.003397 0.002347 0.001491 0.001723 0.001207 0.0008427 0.0005881 0.001358
0.004693 0.05094 0.1483 0.1169 0.08192 0.05394 0.03487 0.02303 0.01461 0.009691 0.006712 0.004898 0.003478 0.002381 0.001645 0.001045 0.001208 0.000846 0.0005908 0.001365
0.004829 0.0527 0.1429 0.1237 0.08193 0.05744 0.03782 0.02445 0.01614 0.01024 0.006795 0.004706 0.003434 0.002439 0.00167 0.001154 0.0007327 0.0008469 0.0005932 0.001371
0.00493 0.05423 0.1479 0.1192 0.0867 0.05745 0.04027 0.02652 0.01714 0.01132 0.007182 0.004764 0.0033 0.002408 0.00171 0.001171 0.0008089 0.0005138 0.0005938 0.001377
0.005063 0.05535 0.1522 0.1233 0.08357 0.06079 0.04028 0.02824 0.01859 0.01202 0.007937 0.005036 0.00334 0.002313 0.001688 0.001199 0.0008209 0.0005671 0.0003602 0.001382
0.004821 0.05685 0.1553 0.1269 0.08645 0.05859 0.04262 0.02824 0.0198 0.01304 0.008427 0.005565 0.003531 0.002342 0.001622 0.001184 0.0008406 0.0005755 0.0003976 0.001222
0.004743 0.05413 0.1595 0.1295 0.08896 0.06062 0.04108 0.02988 0.0198 0.01388 0.00914 0.005909 0.003902 0.002475 0.001642 0.001137 0.0008299 0.0005894 0.0004035 0.001135
0.004501 0.05326 0.1519 0.133 0.09081 0.06237 0.0425 0.0288 0.02095 0.01388 0.009733 0.006408 0.004143 0.002736 0.001736 0.001151 0.0007974 0.0005819 0.0004132 0.001079
0.004481 0.05053 0.1494 0.1267 0.09327 0.06367 0.04373 0.0298 0.0202 0.01469 0.009734 0.006824 0.004493 0.002905 0.001918 0.001217 0.0008072 0.0005591 0.000408 0.001046
0.004576 0.05032 0.1418 0.1246 0.08881 0.0654 0.04464 0.03066 0.02089 0.01416 0.0103 0.006825 0.004785 0.00315 0.002037 0.001345 0.0008532 0.000566 0.000392 0.00102
0.004517 0.05138 0.1412 0.1182 0.08737 0.06227 0.04585 0.0313 0.0215 0.01465 0.009928 0.007222 0.004785 0.003355 0.002209 0.001428 0.0009429 0.0005982 0.0003968 0.0009897
0.00475 0.05072 0.1442 0.1177 0.0829 0.06126 0.04366 0.03215 0.02195 0.01507 0.01027 0.006961 0.005064 0.003355 0.002352 0.001549 0.001001 0.0006611 0.0004195 0.0009722
0.005067 0.05334 0.1423 0.1202 0.08255 0.05813 0.04295 0.03061 0.02254 0.01539 0.01057 0.007202 0.004881 0.00355 0.002352 0.001649 0.001086 0.000702 0.0004636 0.0009757
0.005318 0.05689 0.1497 0.1187 0.08428 0.05788 0.04076 0.03011 0.02146 0.0158 0.01079 0.00741 0.005049 0.003422 0.002489 0.001649 0.001156 0.0007613 0.0004922 0.001009
0.005186 0.05972 0.1596 0.1248 0.08321 0.0591 0.04058 0.02858 0.02111 0.01505 0.01108 0.007565 0.005196 0.00354 0.002399 0.001745 0.001156 0.0008108 0.0005338 0.001053
0.005089 0.05823 0.1676 0.1331 0.0875 0.05834 0.04143 0.02845 0.02004 0.0148 0.01055 0.00777 0.005304 0.003643 0.002482 0.001682 0.001224 0.0008109 0.0005685 0.001112
0.005331 0.05714 0.1634 0.1397 0.09333 0.06135 0.0409 0.02905 0.01995 0.01405 0.01038 0.007398 0.005448 0.003719 0.002554 0.00174 0.00118 0.000858 0.0005685 0.001178
0.005374 0.05986 0.1603 0.1362 0.09797 0.06544 0.04302 0.02868 0.02037 0.01399 0.00985 0.007278 0.005187 0.00382 0.002607 0.001791 0.00122 0.000827 0.0006016 0.001225
0.005518 0.06034 0.168 0.1337 0.09553 0.06869 0.04588 0.03016 0.02011 0.01428 0.009808 0.006906 0.005103 0.003637 0.002678 0.001828 0.001256 0.0008556 0.0005799 0.001281
0.005273 0.06196 0.1693 0.1401 0.09375 0.06698 0.04816 0.03217 0.02115 0.0141 0.01001 0.006877 0.004842 0.003578 0.00255 0.001878 0.001282 0.0008804 0.0005999 0.001304
0.005423 0.05921 0.1738 0.1412 0.0982 0.06573 0.04696 0.03377 0.02256 0.01483 0.009885 0.007021 0.004822 0.003395 0.002509 0.001788 0.001317 0.0008987 0.0006173 0.001335
0.005324 0.06089 0.1661 0.145 0.09899 0.06885 0.04609 0.03293 0.02368 0.01581 0.0104 0.006931 0.004923 0.003381 0.00238 0.001759 0.001254 0.0009231 0.0006301 0.001369
0.005197 0.05978 0.1709 0.1385 0.1016 0.0694 0.04828 0.03231 0.02309 0.0166 0.01109 0.007289 0.00486 0.003452 0.00237 0.001669 0.001233 0.0008789 0.0006472 0.001402
0.005433 0.05835 0.1678 0.1425 0.09714 0.07127 0.04866 0.03385 0.02266 0.01619 0.01164 0.007775 0.005111 0.003407 0.00242 0.001662 0.00117 0.0008647 0.0006162 0.001437
0.3223 3.338 8.817 7.503 5.358 3.653 2.68 1.83 1.273 0.8521 0.6088 0.4377 0.2924 0.1922 0.1281 0.09101 0.0625 0.04401 0.03252 0.0772
0.4083 4.623 11.66 8.94 6.367 4.547 3.1 2.274 1.553 1.08 0.7231 0.5166 0.3715 0.2481 0.1631 0.1087 0.07723 0.05304 0.03735 0.09311
0.2225 2.599 7.215 5.266 3.376 2.404 1.717 1.171 0.8589 0.5864 0.4079 0.273 0.1951 0.1403 0.0937 0.06159 0.04106 0.02916 0.02003 0.04926
0.3506 3.666 10.47 8.492 5.194 3.33 2.372 1.694 1.155 0.8472 0.5785 0.4024 0.2693 0.1924 0.1384 0.09242 0.06075 0.0405 0.02877 0.06835
0.3111 3.591 9.182 7.614 5.165 3.159 2.025 1.442 1.03 0.7022 0.5152 0.3518 0.2447 0.1638 0.117 0.08414 0.0562 0.03695 0.02463 0.05906
0.4307 4.665 13.1 9.722 6.748 4.577 2.8 1.795 1.278 0.9129 0.6223 0.4566 0.3118 0.2169 0.1452 0.1037 0.07457 0.04981 0.03274 0.07417
0.3621 4.081 10.77 8.726 5.413 3.757 2.548 1.559 0.9992 0.7117 0.5082 0.3465 0.2542 0.1736 0.1207 0.08082 0.05774 0.04152 0.02773 0.05953
0.3104 3.457 9.527 7.287 4.941 3.065 2.127 1.443 0.8826 0.5658 0.403 0.2878 0.1962 0.1439 0.09829 0.06837 0.04576 0.03269 0.02351 0.04941
0.4209 4.329 11.75 9.412 6.027 4.086 2.535 1.759 1.193 0.7299 0.4679 0.3333 0.238 0.1623 0.119 0.08129 0.05654 0.03785 0.02704 0.06031
0.4138 4.865 12.17 9.557 6.4 4.098 2.778 1.724 1.196 0.8114 0.4963 0.3181 0.2266 0.1618 0.1103 0.08094 0.05527 0.03844 0.02573 0.05939
0.4027 4.259 12.2 8.822 5.79 3.877 2.483 1.683 1.044 0.7247 0.4916 0.3007 0.1928 0.1373 0.09804 0.06684 0.04904 0.03349 0.02329 0.05157
0.4151 4.94 12.71 10.54 6.374 4.184 2.801 1.794 1.216 0.7545 0.5237 0.3552 0.2173 0.1393 0.0992 0.07084 0.0483 0.03543 0.02419 0.05409
0.481 5.066 14.62 10.86 7.527 4.554 2.989 2.001 1.282 0.869 0.539 0.3741 0.2538 0.1552 0.0995 0.07087 0.05061 0.0345 0.02532 0.05593
0.4481 4.798 12.28 10.22 6.341 4.394 2.658 1.745 1.168 0.7481 0.5072 0.3147 0.2184 0.1481 0.0906 0.05808 0.04137 0.02954 0.02014 0.04743
0.4143 5.193 13.51 9.993 6.952 4.314 2.989 1.808 1.187 0.7948 0.5089 0.3451 0.2141 0.1486 0.1008 0.06164 0.03951 0.02814 0.0201 0.04597
0.4367 5.016 15.25 11.45 7.076 4.922 3.055 2.117 1.28 0.8405 0.5628 0.3604 0.2443 0.1516 0.1052 0.07136 0.04364 0.02798 0.01993 0.04678
0.4102 4.672 13.02 11.39 7.147 4.418 3.073 1.907 1.321 0.7994 0.5247 0.3514 0.225 0.1525 0.09463 0.06568 0.04455 0.02725 0.01747 0.04165
0.3748 4.317 11.94 9.596 7.02 4.403 2.722 1.893 1.175 0.8141 0.4925 0.3233 0.2165 0.1386 0.09398 0.0583 0.04046 0.02745 0.01679 0.03642
0.3917 4.374 12.23 9.772 6.563 4.801 3.011 1.861 1.295 0.8035 0.5568 0.3368 0.2211 0.148 0.0948 0.06427 0.03987 0.02767 0.01877 0.03639
0.3137 3.663 9.962 8.043 5.369 3.606 2.638 1.655 1.023 0.7115 0.4415 0.3059 0.1851 0.1215 0.08134 0.05209 0.03532 0.02191 0.0152 0.03031
0.2815 3.355 9.561 7.539 5.091 3.399 2.283 1.67 1.047 0.6474 0.4503 0.2795 0.1936 0.1171 0.07689 0.05149 0.03297 0.02235 0.01387 0.02881
0.1991 2.363 6.904 5.715 3.77 2.546 1.7 1.142 0.835 0.5237 0.3237 0.2252 0.1398 0.09684 0.05859 0.03845 0.02575 0.01649 0.01118 0.02134
0.2145 2.353 6.851 5.844 4.052 2.673 1.805 1.205 0.8094 0.5921 0.3714 0.2295 0.1597 0.09909 0.06866 0.04154 0.02727 0.01826 0.01169 0.02306
0.3684 3.769 10.06 8.526 6.091 4.224 2.786 1.882 1.256 0.8437 0.6171 0.3871 0.2393 0.1664 0.1033 0.07157 0.0433 0.02842 0.01903 0.03622
0.2504 2.738 6.847 5.28 3.74 2.671 1.852 1.222 0.8253 0.5509 0.37 0.2707 0.1698 0.1049 0.073 0.0453 0.03139 0.01899 0.01246 0.02423
0.1963 2.314 6.217 4.533 2.927 2.073 1.481 1.027 0.6774 0.4575 0.3054 0.2051 0.15 0.09411 0.05817 0.04047 0.02511 0.0174 0.01053 0.02034
0.3408 3.879 11.14 8.732 5.335 3.445 2.44 1.743 1.209 0.7973 0.5384 0.3594 0.2414 0.1766 0.1108 0.06846 0.04763 0.02955 0.02048 0.03633
0.2224 2.54 7.07 5.872 3.846 2.35 1.517 1.075 0.7676 0.5323 0.3511 0.2371 0.1583 0.1063 0.07777 0.04878 0.03015 0.02098 0.01302 0.02502
0.224 2.608 7.297 5.92 4.117 2.697 1.648 1.064 0.7535 0.5383 0.3732 0.2462 0.1663 0.111 0.07455 0.05453 0.0342 0.02114 0.01471 0.02667
0.2628 3.036 8.633 7.028 4.774 3.32 2.175 1.329 0.858 0.6076 0.4341 0.301 0.1986 0.1341 0.08951 0.06012 0.04398 0.02758 0.01705 0.03337
0.2459 2.945 8.299 6.84 4.658 3.164 2.201 1.441 0.8806 0.5687 0.4027 0.2877 0.1995 0.1316 0.08888 0.05933 0.03985 0.02915 0.01828 0.03342
0.187 2.411 7.058 5.768 3.977 2.708 1.84 1.279 0.838 0.512 0.3306 0.2341 0.1673 0.116 0.07651 0.05167 0.03449 0.02317 0.01695 0.03006
0.1564 1.664 5.265 4.485 3.068 2.115 1.44 0.9784 0.6805 0.4457 0.2723 0.1758 0.1245 0.08896 0.06169 0.04069 0.02748 0.01835 0.01232 0.025
0.2675 2.994 7.755 7.149 5.102 3.49 2.406 1.639 1.113 0.7741 0.507 0.3098 0.2 0.1417 0.1012 0.07018 0.04629 0.03126 0.02087 0.04246
0.2068 2.255 6.16 4.607 3.549 2.533 1.733 1.194 0.8134 0.5525 0.3843 0.2517 0.1538 0.0993 0.07033 0.05024 0.03484 0.02298 0.01552 0.03144
0.1993 2.157 5.755 4.568 2.859 2.203 1.572 1.075 0.7413 0.5048 0.3429 0.2385 0.1562 0.09544 0.06163 0.04365 0.03118 0.02162 0.01426 0.02914
0.245 2.968 7.824 6.067 4.032 2.523 1.944 1.387 0.9489 0.6542 0.4455 0.3026 0.2105 0.1379 0.08423 0.05439 0.03852 0.02752 0.01908 0.03831
0.2541 2.776 8.174 6.224 4.034 2.681 1.678 1.292 0.9224 0.631 0.435 0.2962 0.2012 0.14 0.09166 0.056 0.03616 0.02561 0.0183 0.03816
0.2835 2.911 7.724 6.566 4.178 2.708 1.8 1.126 0.8677 0.6192 0.4236 0.292 0.1989 0.1351 0.09395 0.06153 0.0376 0.02428 0.01719 0.0379
0.268 2.935 7.328 5.612 3.986 2.537 1.644 1.093 0.6839 0.5268 0.376 0.2572 0.1773 0.1207 0.08202 0.05704 0.03736 0.02283 0.01474 0.03345
0.2696 2.878 7.673 5.54 3.547 2.52 1.603 1.039 0.6906 0.4322 0.333 0.2376 0.1626 0.1121 0.07631 0.05184 0.03606 0.02361 0.01443 0.03046
0.1997 2.291 5.983 4.623 2.791 1.787 1.269 0.8078 0.5236 0.3479 0.2178 0.1678 0.1197 0.08189 0.05646 0.03845 0.02612 0.01816 0.0119 0.02261
0.1932 2.287 6.425 4.887 3.162 1.909 1.222 0.8682 0.5525 0.3581 0.238 0.1489 0.1147 0.08188 0.05601 0.03862 0.0263 0.01786 0.01242 0.0236
0.2524 2.816 8.125 6.639 4.228 2.735 1.652 1.057 0.7511 0.478 0.3098 0.2059 0.1289 0.09926 0.07084 0.04846 0.03341 0.02275 0.01545 0.03117
0.255 2.765 7.512 6.27 4.284 2.728 1.765 1.066 0.6822 0.4846 0.3084 0.1999 0.1328 0.08314 0.06405 0.04571 0.03127 0.02156 0.01468 0.03008
0.2202 2.644 6.992 5.5 3.839 2.623 1.67 1.081 0.6524 0.4177 0.2967 0.1888 0.1224 0.08133 0.0509 0.03921 0.02799 0.01914 0.0132 0.02741
0.1899 1.961 5.769 4.427 2.913 2.033 1.389 0.8846 0.5723 0.3455 0.2212 0.1572 0.1 0.06482 0.04307 0.02696 0.02077 0.01482 0.01014 0.0215
0.1556 1.808 4.589 3.935 2.529 1.664 1.161 0.7935 0.5054 0.3269 0.1974 0.1264 0.08978 0.05713 0.03703 0.02461 0.0154 0.01186 0.008467 0.01808
0.2513 2.807 7.96 5.895 4.236 2.722 1.791 1.25 0.8543 0.544 0.352 0.2125 0.1361 0.09665 0.0615 0.03986 0.02649 0.01658 0.01277 0.02857
0.2828 3.209 8.701 7.131 4.415 3.173 2.039 1.342 0.9365 0.6398 0.4075 0.2636 0.1592 0.1019 0.07239 0.04606 0.02986 0.01984 0.01242 0.03097
0.3073 3.25 8.934 6.977 4.777 2.958 2.126 1.366 0.8989 0.6274 0.4286 0.273 0.1766 0.1066 0.06827 0.0485 0.03086 0.02 0.01329 0.02907
0.2579 3.058 7.854 6.217 4.055 2.777 1.719 1.235 0.7939 0.5224 0.3647 0.2491 0.1587 0.1026 0.06197 0.03968 0.02819 0.01794 0.01163 0.02462
0.1706 1.995 5.787 4.299 2.844 1.855 1.27 0.7865 0.5652 0.3632 0.239 0.1668 0.114 0.07259 0.04696 0.02835 0.01815 0.01289 0.008206 0.01658
0.1378 1.615 4.641 3.925 2.442 1.616 1.054 0.7215 0.4467 0.321 0.2063 0.1358 0.09476 0.06474 0.04123 0.02667 0.0161 0.01031 0.007324 0.01408
0.1483 1.647 4.744 3.983 2.823 1.756 1.162 0.7578 0.5188 0.3213 0.2309 0.1484 0.09762 0.06814 0.04655 0.02965 0.01918 0.01158 0.007414 0.01539
0.1874 2.076 5.644 4.742 3.335 2.363 1.47 0.9728 0.6345 0.4344 0.269 0.1933 0.1242 0.08175 0.05706 0.03898 0.02483 0.01606 0.009697 0.0191
0.2327 2.583 6.968 5.5 3.867 2.72 1.927 1.199 0.7933 0.5174 0.3543 0.2194 0.1576 0.1013 0.06666 0.04653 0.03179 0.02024 0.0131 0.02348
0.2824 2.98 8.02 6.248 4.123 2.899 2.039 1.445 0.8987 0.5946 0.3879 0.2656 0.1644 0.1182 0.07594 0.04997 0.03488 0.02383 0.01517 0.02742
0.1779 2.029 5.228 4.058 2.641 1.743 1.225 0.8618 0.6107 0.3799 0.2513 0.1639 0.1122 0.0695 0.04995 0.0321 0.02112 0.01474 0.01007 0.018
0.1808 1.955 5.463 4.099 2.664 1.734 1.144 0.8043 0.5657 0.4009 0.2494 0.165 0.1076 0.07369 0.04563 0.03279 0.02107 0.01386 0.009677 0.01843
