 landings-at-age - landings.n (units : NA )
1	2	
42	100	
1	20	
1 
0.6356 3.24 11.76 7.03 5.567 5.065 2.662 3.138 2.107 1.306 0.4012 0.4919 0.3144 0.5536 0.1674 0.2081 0.04195 0.166 0.0691 0.09028
0.3481 4.046 5.057 5.312 2.655 2.102 1.913 1.005 1.185 0.7957 0.4933 0.1515 0.1857 0.1187 0.209 0.0632 0.07858 0.01584 0.06268 0.06018
0.3861 5.736 16.31 5.953 5.24 2.618 2.073 1.887 0.9916 1.169 0.7848 0.4866 0.1494 0.1832 0.1171 0.2062 0.06234 0.07751 0.01563 0.1212
0.1589 3.955 14.37 11.85 3.62 3.187 1.592 1.261 1.147 0.603 0.7109 0.4773 0.2959 0.09088 0.1114 0.07121 0.1254 0.03791 0.04714 0.0832
0.1719 2.382 14.43 15.21 10.51 3.208 2.824 1.411 1.118 1.017 0.5344 0.63 0.423 0.2623 0.08055 0.09875 0.06311 0.1111 0.0336 0.1155
0.1063 1.629 5.497 9.611 8.469 5.849 1.786 1.572 0.7857 0.6222 0.5661 0.2976 0.3508 0.2355 0.146 0.04485 0.05498 0.03514 0.06187 0.08302
0.295 1.015 3.802 3.721 5.442 4.796 3.312 1.011 0.8904 0.4449 0.3523 0.3206 0.1685 0.1986 0.1334 0.08267 0.02539 0.03113 0.01989 0.08204
1.193 4.115 3.451 3.756 3.078 4.501 3.966 2.739 0.8365 0.7364 0.368 0.2914 0.2651 0.1393 0.1643 0.1103 0.06837 0.021 0.02575 0.08431
0.1882 13.78 11.57 2.806 2.554 2.093 3.06 2.697 1.862 0.5688 0.5007 0.2502 0.1981 0.1803 0.09474 0.1117 0.07499 0.04649 0.01428 0.07483
0.6936 1.937 34.56 8.384 1.7 1.547 1.268 1.854 1.634 1.128 0.3446 0.3033 0.1516 0.12 0.1092 0.0574 0.06767 0.04543 0.02817 0.05399
0.9955 8.509 5.781 29.85 6.058 1.229 1.118 0.9161 1.34 1.18 0.8152 0.249 0.2192 0.1095 0.08673 0.07891 0.04147 0.04889 0.03283 0.05936
0.1722 12.15 25.19 4.941 21.33 4.328 0.8777 0.7987 0.6545 0.9571 0.8434 0.5824 0.1779 0.1566 0.07824 0.06196 0.05638 0.02963 0.03493 0.06586
0.1797 1.717 29.45 17.6 2.884 12.45 2.526 0.5124 0.4663 0.3821 0.5587 0.4923 0.34 0.1038 0.09141 0.04567 0.03617 0.03291 0.0173 0.05884
0.1269 2.082 4.836 23.96 11.97 1.962 8.47 1.719 0.3486 0.3172 0.2599 0.3801 0.3349 0.2313 0.07064 0.06218 0.03107 0.02461 0.02239 0.05179
0.4173 1.537 6.112 4.097 16.97 8.479 1.389 5.997 1.217 0.2468 0.2246 0.184 0.2691 0.2371 0.1638 0.05002 0.04403 0.022 0.01742 0.05253
0.6175 4.463 3.987 4.568 2.558 10.59 5.294 0.8673 3.744 0.7598 0.1541 0.1402 0.1149 0.168 0.1481 0.1022 0.03123 0.02749 0.01374 0.04367
0.2993 6.498 11.41 2.94 2.814 1.576 6.526 3.261 0.5343 2.307 0.4681 0.09493 0.08638 0.07078 0.1035 0.09121 0.06299 0.01924 0.01693 0.03537
0.435 3.493 18.41 9.336 2.011 1.925 1.078 4.464 2.23 0.3654 1.578 0.3201 0.06492 0.05908 0.04841 0.07079 0.06238 0.04308 0.01316 0.03577
0.2785 4.068 7.957 12.11 5.13 1.105 1.058 0.5922 2.453 1.225 0.2008 0.8668 0.1759 0.03567 0.03246 0.0266 0.0389 0.03428 0.02367 0.02688
0.1922 2.978 10.62 6.021 7.663 3.247 0.6993 0.6694 0.3749 1.552 0.7757 0.1271 0.5487 0.1113 0.02258 0.02055 0.01684 0.02462 0.0217 0.032
0.5457 1.613 6.129 6.346 3.011 3.832 1.624 0.3497 0.3348 0.1875 0.7764 0.3879 0.06356 0.2744 0.05568 0.01129 0.01028 0.00842 0.01231 0.02685
0.09954 6.449 4.677 5.187 4.5 2.135 2.717 1.151 0.248 0.2374 0.1329 0.5505 0.2751 0.04507 0.1946 0.03948 0.008007 0.007286 0.00597 0.02777
0.5919 1.749 27.58 5.821 5.407 4.69 2.225 2.832 1.2 0.2585 0.2474 0.1386 0.5738 0.2867 0.04698 0.2028 0.04115 0.008346 0.007594 0.03517
0.06899 4.399 3.177 14.47 2.553 2.371 2.057 0.976 1.242 0.5263 0.1134 0.1085 0.06077 0.2516 0.1257 0.0206 0.08894 0.01805 0.00366 0.01876
0.08718 0.6376 9.99 2.103 8.024 1.415 1.315 1.14 0.5411 0.6886 0.2918 0.06284 0.06015 0.03369 0.1395 0.06971 0.01142 0.04931 0.01 0.01243
0.6758 1.723 3.07 14.03 2.476 9.443 1.666 1.547 1.342 0.6368 0.8104 0.3434 0.07395 0.07079 0.03965 0.1642 0.08204 0.01344 0.05803 0.0264
0.2005 5.036 3.14 1.618 6.179 1.09 4.159 0.7336 0.6814 0.5911 0.2804 0.3569 0.1512 0.03257 0.03118 0.01746 0.07231 0.03613 0.00592 0.03718
0.2251 2.351 14.47 2.629 1.134 4.333 0.7645 2.916 0.5144 0.4778 0.4145 0.1966 0.2503 0.1061 0.02284 0.02186 0.01224 0.0507 0.02534 0.03022
0.4345 3.051 7.782 13.94 2.12 0.9148 3.494 0.6165 2.352 0.4148 0.3853 0.3342 0.1586 0.2018 0.08552 0.01842 0.01763 0.009874 0.04089 0.04481
0.4741 4.87 8.341 6.166 9.238 1.405 0.6063 2.316 0.4086 1.559 0.2749 0.2554 0.2215 0.1051 0.1338 0.05669 0.01221 0.01169 0.006544 0.0568
0.2362 4.649 11.67 5.797 3.585 5.371 0.817 0.3525 1.346 0.2376 0.9062 0.1598 0.1485 0.1288 0.06111 0.07778 0.03296 0.007097 0.006794 0.03683
0.11 2.101 10.15 7.415 3.083 1.907 2.856 0.4345 0.1875 0.7161 0.1264 0.482 0.08501 0.07897 0.0685 0.0325 0.04137 0.01753 0.003775 0.0232
0.3245 2.106 9.791 13.78 8.436 3.508 2.169 3.25 0.4943 0.2133 0.8146 0.1437 0.5483 0.09671 0.08984 0.07793 0.03697 0.04706 0.01994 0.03069
0.2027 2.737 4.332 5.817 6.843 4.188 1.741 1.077 1.613 0.2454 0.1059 0.4044 0.07136 0.2722 0.04801 0.0446 0.03869 0.01835 0.02336 0.02513
0.2592 2.114 6.984 3.213 3.61 4.247 2.599 1.081 0.6683 1.001 0.1523 0.06571 0.251 0.04429 0.1689 0.0298 0.02768 0.02401 0.01139 0.0301
0.2626 3.861 7.669 7.362 2.835 3.186 3.748 2.294 0.9537 0.5898 0.8835 0.1344 0.05799 0.2215 0.03908 0.1491 0.0263 0.02443 0.02119 0.03661
0.4757 2.976 10.63 6.1 4.895 1.885 2.118 2.492 1.525 0.6341 0.3921 0.5874 0.08936 0.03856 0.1473 0.02599 0.09913 0.01748 0.01624 0.03843
0.287 5.45 8.281 8.54 4.095 3.286 1.266 1.422 1.673 1.024 0.4257 0.2633 0.3944 0.05999 0.02589 0.09887 0.01745 0.06655 0.01174 0.0367
0.1356 2.971 13.72 6.016 5.185 2.486 1.995 0.7684 0.8634 1.016 0.6216 0.2585 0.1598 0.2394 0.03642 0.01572 0.06003 0.01059 0.0404 0.02941
0.3242 1.456 7.769 10.37 3.803 3.277 1.572 1.261 0.4857 0.5458 0.642 0.3929 0.1634 0.101 0.1513 0.02302 0.009934 0.03794 0.006695 0.04413
0.3152 2.755 3.028 4.68 5.225 1.916 1.651 0.7917 0.6353 0.2447 0.2749 0.3234 0.1979 0.0823 0.0509 0.07625 0.0116 0.005005 0.01911 0.0256
0.3 3.608 7.727 2.473 3.201 3.574 1.31 1.129 0.5415 0.4345 0.1674 0.1881 0.2212 0.1354 0.05629 0.03481 0.05215 0.007933 0.003423 0.03059
0.4978 4.372 12.82 7.984 2.14 2.769 3.092 1.134 0.977 0.4685 0.3759 0.1448 0.1627 0.1914 0.1171 0.0487 0.03012 0.04512 0.006863 0.02942
0.1011 5.454 11.66 9.894 5.152 1.381 1.787 1.995 0.7314 0.6304 0.3023 0.2426 0.09342 0.105 0.1235 0.07557 0.03142 0.01943 0.02911 0.02341
0.2782 1.048 13.79 8.54 6.058 3.154 0.8453 1.094 1.221 0.4478 0.386 0.1851 0.1485 0.0572 0.06427 0.07561 0.04627 0.01924 0.0119 0.03216
0.2846 2.478 2.286 8.732 4.523 3.208 1.671 0.4477 0.5794 0.6469 0.2372 0.2044 0.09802 0.07866 0.03029 0.03404 0.04004 0.02451 0.01019 0.02333
0.3586 2.71 5.798 1.56 4.988 2.584 1.833 0.9543 0.2557 0.331 0.3696 0.1355 0.1168 0.05599 0.04493 0.01731 0.01945 0.02288 0.014 0.01915
0.09471 6.471 11.93 7.448 1.679 5.37 2.781 1.973 1.027 0.2753 0.3563 0.3978 0.1459 0.1257 0.06028 0.04837 0.01863 0.02093 0.02463 0.03569
0.4266 1.209 20.05 10.69 5.578 1.258 4.022 2.083 1.478 0.7694 0.2062 0.2669 0.298 0.1092 0.09415 0.04515 0.03623 0.01395 0.01568 0.04517
0.2559 4.902 3.367 16.08 7.162 3.737 0.8425 2.695 1.396 0.99 0.5155 0.1381 0.1788 0.1996 0.07319 0.06308 0.03025 0.02427 0.009348 0.04077
0.4322 2.547 11.85 2.343 9.348 4.163 2.172 0.4897 1.566 0.8112 0.5754 0.2996 0.08029 0.1039 0.116 0.04254 0.03666 0.01758 0.01411 0.02913
0.2336 3.343 4.82 6.484 1.072 4.276 1.904 0.9938 0.224 0.7165 0.3711 0.2632 0.1371 0.03673 0.04754 0.05308 0.01946 0.01677 0.008043 0.01978
0.1641 2.212 7.778 3.269 3.683 0.6089 2.429 1.082 0.5645 0.1272 0.407 0.2108 0.1495 0.07785 0.02086 0.027 0.03015 0.01105 0.009527 0.0158
0.4238 1.961 6.496 6.675 2.351 2.648 0.4379 1.747 0.7778 0.4059 0.0915 0.2926 0.1516 0.1075 0.05599 0.015 0.01942 0.02168 0.007949 0.01821
0.1821 5.933 6.72 6.493 5.589 1.968 2.218 0.3666 1.463 0.6513 0.3399 0.07662 0.2451 0.1269 0.09003 0.04688 0.01256 0.01626 0.01815 0.02191
0.3011 2.51 19.91 6.548 5.295 4.558 1.605 1.808 0.299 1.193 0.5311 0.2772 0.06248 0.1998 0.1035 0.07342 0.03823 0.01024 0.01326 0.03267
0.3031 3.855 7.792 17.85 4.908 3.969 3.417 1.203 1.356 0.2241 0.8941 0.3981 0.2078 0.04683 0.1498 0.07758 0.05503 0.02866 0.00768 0.03443
0.1754 2.178 6.765 3.943 7.546 2.075 1.678 1.444 0.5086 0.573 0.09473 0.3779 0.1683 0.08782 0.0198 0.06331 0.03279 0.02326 0.01211 0.0178
0.05961 1.927 5.864 5.304 2.589 4.954 1.362 1.101 0.948 0.3339 0.3761 0.06219 0.2481 0.1105 0.05765 0.013 0.04156 0.02153 0.01527 0.01963
