 proportion of F before spawning - harvest.spwn (units :  )
1	7	
2	100	
1	20	
1 
0.09558 0.09558 0.09558 0.09558 0.09558 0.09558 0.09558 0.09558 0.09558 0.09558 0.09558 0.09558 0.09558 0.09558 0.09558 0.09558 0.09558 0.09558 0.09558 0.09558
0.09558 0.09558 0.09558 0.09558 0.09558 0.09558 0.09558 0.09558 0.09558 0.09558 0.09558 0.09558 0.09558 0.09558 0.09558 0.09558 0.09558 0.09558 0.09558 0.09558
0.09558 0.09558 0.09558 0.09558 0.09558 0.09558 0.09558 0.09558 0.09558 0.09558 0.09558 0.09558 0.09558 0.09558 0.09558 0.09558 0.09558 0.09558 0.09558 0.09558
0.09558 0.09558 0.09558 0.09558 0.09558 0.09558 0.09558 0.09558 0.09558 0.09558 0.09558 0.09558 0.09558 0.09558 0.09558 0.09558 0.09558 0.09558 0.09558 0.09558
0.09558 0.09558 0.09558 0.09558 0.09558 0.09558 0.09558 0.09558 0.09558 0.09558 0.09558 0.09558 0.09558 0.09558 0.09558 0.09558 0.09558 0.09558 0.09558 0.09558
0.09558 0.09558 0.09558 0.09558 0.09558 0.09558 0.09558 0.09558 0.09558 0.09558 0.09558 0.09558 0.09558 0.09558 0.09558 0.09558 0.09558 0.09558 0.09558 0.09558
0.09558 0.09558 0.09558 0.09558 0.09558 0.09558 0.09558 0.09558 0.09558 0.09558 0.09558 0.09558 0.09558 0.09558 0.09558 0.09558 0.09558 0.09558 0.09558 0.09558
0.09558 0.09558 0.09558 0.09558 0.09558 0.09558 0.09558 0.09558 0.09558 0.09558 0.09558 0.09558 0.09558 0.09558 0.09558 0.09558 0.09558 0.09558 0.09558 0.09558
0.09558 0.09558 0.09558 0.09558 0.09558 0.09558 0.09558 0.09558 0.09558 0.09558 0.09558 0.09558 0.09558 0.09558 0.09558 0.09558 0.09558 0.09558 0.09558 0.09558
0.09558 0.09558 0.09558 0.09558 0.09558 0.09558 0.09558 0.09558 0.09558 0.09558 0.09558 0.09558 0.09558 0.09558 0.09558 0.09558 0.09558 0.09558 0.09558 0.09558
0.09558 0.09558 0.09558 0.09558 0.09558 0.09558 0.09558 0.09558 0.09558 0.09558 0.09558 0.09558 0.09558 0.09558 0.09558 0.09558 0.09558 0.09558 0.09558 0.09558
0.09558 0.09558 0.09558 0.09558 0.09558 0.09558 0.09558 0.09558 0.09558 0.09558 0.09558 0.09558 0.09558 0.09558 0.09558 0.09558 0.09558 0.09558 0.09558 0.09558
0.09558 0.09558 0.09558 0.09558 0.09558 0.09558 0.09558 0.09558 0.09558 0.09558 0.09558 0.09558 0.09558 0.09558 0.09558 0.09558 0.09558 0.09558 0.09558 0.09558
0.09558 0.09558 0.09558 0.09558 0.09558 0.09558 0.09558 0.09558 0.09558 0.09558 0.09558 0.09558 0.09558 0.09558 0.09558 0.09558 0.09558 0.09558 0.09558 0.09558
0.09558 0.09558 0.09558 0.09558 0.09558 0.09558 0.09558 0.09558 0.09558 0.09558 0.09558 0.09558 0.09558 0.09558 0.09558 0.09558 0.09558 0.09558 0.09558 0.09558
0.09558 0.09558 0.09558 0.09558 0.09558 0.09558 0.09558 0.09558 0.09558 0.09558 0.09558 0.09558 0.09558 0.09558 0.09558 0.09558 0.09558 0.09558 0.09558 0.09558
0.09558 0.09558 0.09558 0.09558 0.09558 0.09558 0.09558 0.09558 0.09558 0.09558 0.09558 0.09558 0.09558 0.09558 0.09558 0.09558 0.09558 0.09558 0.09558 0.09558
0.09558 0.09558 0.09558 0.09558 0.09558 0.09558 0.09558 0.09558 0.09558 0.09558 0.09558 0.09558 0.09558 0.09558 0.09558 0.09558 0.09558 0.09558 0.09558 0.09558
0.09558 0.09558 0.09558 0.09558 0.09558 0.09558 0.09558 0.09558 0.09558 0.09558 0.09558 0.09558 0.09558 0.09558 0.09558 0.09558 0.09558 0.09558 0.09558 0.09558
0.09558 0.09558 0.09558 0.09558 0.09558 0.09558 0.09558 0.09558 0.09558 0.09558 0.09558 0.09558 0.09558 0.09558 0.09558 0.09558 0.09558 0.09558 0.09558 0.09558
0.09558 0.09558 0.09558 0.09558 0.09558 0.09558 0.09558 0.09558 0.09558 0.09558 0.09558 0.09558 0.09558 0.09558 0.09558 0.09558 0.09558 0.09558 0.09558 0.09558
0.09558 0.09558 0.09558 0.09558 0.09558 0.09558 0.09558 0.09558 0.09558 0.09558 0.09558 0.09558 0.09558 0.09558 0.09558 0.09558 0.09558 0.09558 0.09558 0.09558
0.09558 0.09558 0.09558 0.09558 0.09558 0.09558 0.09558 0.09558 0.09558 0.09558 0.09558 0.09558 0.09558 0.09558 0.09558 0.09558 0.09558 0.09558 0.09558 0.09558
0.09558 0.09558 0.09558 0.09558 0.09558 0.09558 0.09558 0.09558 0.09558 0.09558 0.09558 0.09558 0.09558 0.09558 0.09558 0.09558 0.09558 0.09558 0.09558 0.09558
0.09558 0.09558 0.09558 0.09558 0.09558 0.09558 0.09558 0.09558 0.09558 0.09558 0.09558 0.09558 0.09558 0.09558 0.09558 0.09558 0.09558 0.09558 0.09558 0.09558
0.09558 0.09558 0.09558 0.09558 0.09558 0.09558 0.09558 0.09558 0.09558 0.09558 0.09558 0.09558 0.09558 0.09558 0.09558 0.09558 0.09558 0.09558 0.09558 0.09558
0.09558 0.09558 0.09558 0.09558 0.09558 0.09558 0.09558 0.09558 0.09558 0.09558 0.09558 0.09558 0.09558 0.09558 0.09558 0.09558 0.09558 0.09558 0.09558 0.09558
0.09558 0.09558 0.09558 0.09558 0.09558 0.09558 0.09558 0.09558 0.09558 0.09558 0.09558 0.09558 0.09558 0.09558 0.09558 0.09558 0.09558 0.09558 0.09558 0.09558
0.09558 0.09558 0.09558 0.09558 0.09558 0.09558 0.09558 0.09558 0.09558 0.09558 0.09558 0.09558 0.09558 0.09558 0.09558 0.09558 0.09558 0.09558 0.09558 0.09558
0.09558 0.09558 0.09558 0.09558 0.09558 0.09558 0.09558 0.09558 0.09558 0.09558 0.09558 0.09558 0.09558 0.09558 0.09558 0.09558 0.09558 0.09558 0.09558 0.09558
0.09558 0.09558 0.09558 0.09558 0.09558 0.09558 0.09558 0.09558 0.09558 0.09558 0.09558 0.09558 0.09558 0.09558 0.09558 0.09558 0.09558 0.09558 0.09558 0.09558
0.09558 0.09558 0.09558 0.09558 0.09558 0.09558 0.09558 0.09558 0.09558 0.09558 0.09558 0.09558 0.09558 0.09558 0.09558 0.09558 0.09558 0.09558 0.09558 0.09558
0.09558 0.09558 0.09558 0.09558 0.09558 0.09558 0.09558 0.09558 0.09558 0.09558 0.09558 0.09558 0.09558 0.09558 0.09558 0.09558 0.09558 0.09558 0.09558 0.09558
0.09558 0.09558 0.09558 0.09558 0.09558 0.09558 0.09558 0.09558 0.09558 0.09558 0.09558 0.09558 0.09558 0.09558 0.09558 0.09558 0.09558 0.09558 0.09558 0.09558
0.09558 0.09558 0.09558 0.09558 0.09558 0.09558 0.09558 0.09558 0.09558 0.09558 0.09558 0.09558 0.09558 0.09558 0.09558 0.09558 0.09558 0.09558 0.09558 0.09558
0.09558 0.09558 0.09558 0.09558 0.09558 0.09558 0.09558 0.09558 0.09558 0.09558 0.09558 0.09558 0.09558 0.09558 0.09558 0.09558 0.09558 0.09558 0.09558 0.09558
0.09558 0.09558 0.09558 0.09558 0.09558 0.09558 0.09558 0.09558 0.09558 0.09558 0.09558 0.09558 0.09558 0.09558 0.09558 0.09558 0.09558 0.09558 0.09558 0.09558
0.09558 0.09558 0.09558 0.09558 0.09558 0.09558 0.09558 0.09558 0.09558 0.09558 0.09558 0.09558 0.09558 0.09558 0.09558 0.09558 0.09558 0.09558 0.09558 0.09558
0.09558 0.09558 0.09558 0.09558 0.09558 0.09558 0.09558 0.09558 0.09558 0.09558 0.09558 0.09558 0.09558 0.09558 0.09558 0.09558 0.09558 0.09558 0.09558 0.09558
0.09558 0.09558 0.09558 0.09558 0.09558 0.09558 0.09558 0.09558 0.09558 0.09558 0.09558 0.09558 0.09558 0.09558 0.09558 0.09558 0.09558 0.09558 0.09558 0.09558
0.09558 0.09558 0.09558 0.09558 0.09558 0.09558 0.09558 0.09558 0.09558 0.09558 0.09558 0.09558 0.09558 0.09558 0.09558 0.09558 0.09558 0.09558 0.09558 0.09558
0.09558 0.09558 0.09558 0.09558 0.09558 0.09558 0.09558 0.09558 0.09558 0.09558 0.09558 0.09558 0.09558 0.09558 0.09558 0.09558 0.09558 0.09558 0.09558 0.09558
0.09558 0.09558 0.09558 0.09558 0.09558 0.09558 0.09558 0.09558 0.09558 0.09558 0.09558 0.09558 0.09558 0.09558 0.09558 0.09558 0.09558 0.09558 0.09558 0.09558
0.09558 0.09558 0.09558 0.09558 0.09558 0.09558 0.09558 0.09558 0.09558 0.09558 0.09558 0.09558 0.09558 0.09558 0.09558 0.09558 0.09558 0.09558 0.09558 0.09558
0.09558 0.09558 0.09558 0.09558 0.09558 0.09558 0.09558 0.09558 0.09558 0.09558 0.09558 0.09558 0.09558 0.09558 0.09558 0.09558 0.09558 0.09558 0.09558 0.09558
0.09558 0.09558 0.09558 0.09558 0.09558 0.09558 0.09558 0.09558 0.09558 0.09558 0.09558 0.09558 0.09558 0.09558 0.09558 0.09558 0.09558 0.09558 0.09558 0.09558
0.09558 0.09558 0.09558 0.09558 0.09558 0.09558 0.09558 0.09558 0.09558 0.09558 0.09558 0.09558 0.09558 0.09558 0.09558 0.09558 0.09558 0.09558 0.09558 0.09558
0.09558 0.09558 0.09558 0.09558 0.09558 0.09558 0.09558 0.09558 0.09558 0.09558 0.09558 0.09558 0.09558 0.09558 0.09558 0.09558 0.09558 0.09558 0.09558 0.09558
0.09558 0.09558 0.09558 0.09558 0.09558 0.09558 0.09558 0.09558 0.09558 0.09558 0.09558 0.09558 0.09558 0.09558 0.09558 0.09558 0.09558 0.09558 0.09558 0.09558
0.09558 0.09558 0.09558 0.09558 0.09558 0.09558 0.09558 0.09558 0.09558 0.09558 0.09558 0.09558 0.09558 0.09558 0.09558 0.09558 0.09558 0.09558 0.09558 0.09558
0.09558 0.09558 0.09558 0.09558 0.09558 0.09558 0.09558 0.09558 0.09558 0.09558 0.09558 0.09558 0.09558 0.09558 0.09558 0.09558 0.09558 0.09558 0.09558 0.09558
0.09558 0.09558 0.09558 0.09558 0.09558 0.09558 0.09558 0.09558 0.09558 0.09558 0.09558 0.09558 0.09558 0.09558 0.09558 0.09558 0.09558 0.09558 0.09558 0.09558
0.09558 0.09558 0.09558 0.09558 0.09558 0.09558 0.09558 0.09558 0.09558 0.09558 0.09558 0.09558 0.09558 0.09558 0.09558 0.09558 0.09558 0.09558 0.09558 0.09558
0.09558 0.09558 0.09558 0.09558 0.09558 0.09558 0.09558 0.09558 0.09558 0.09558 0.09558 0.09558 0.09558 0.09558 0.09558 0.09558 0.09558 0.09558 0.09558 0.09558
0.09558 0.09558 0.09558 0.09558 0.09558 0.09558 0.09558 0.09558 0.09558 0.09558 0.09558 0.09558 0.09558 0.09558 0.09558 0.09558 0.09558 0.09558 0.09558 0.09558
0.09558 0.09558 0.09558 0.09558 0.09558 0.09558 0.09558 0.09558 0.09558 0.09558 0.09558 0.09558 0.09558 0.09558 0.09558 0.09558 0.09558 0.09558 0.09558 0.09558
0.09558 0.09558 0.09558 0.09558 0.09558 0.09558 0.09558 0.09558 0.09558 0.09558 0.09558 0.09558 0.09558 0.09558 0.09558 0.09558 0.09558 0.09558 0.09558 0.09558
0.09558 0.09558 0.09558 0.09558 0.09558 0.09558 0.09558 0.09558 0.09558 0.09558 0.09558 0.09558 0.09558 0.09558 0.09558 0.09558 0.09558 0.09558 0.09558 0.09558
0.09558 0.09558 0.09558 0.09558 0.09558 0.09558 0.09558 0.09558 0.09558 0.09558 0.09558 0.09558 0.09558 0.09558 0.09558 0.09558 0.09558 0.09558 0.09558 0.09558
0.09558 0.09558 0.09558 0.09558 0.09558 0.09558 0.09558 0.09558 0.09558 0.09558 0.09558 0.09558 0.09558 0.09558 0.09558 0.09558 0.09558 0.09558 0.09558 0.09558
0.09558 0.09558 0.09558 0.09558 0.09558 0.09558 0.09558 0.09558 0.09558 0.09558 0.09558 0.09558 0.09558 0.09558 0.09558 0.09558 0.09558 0.09558 0.09558 0.09558
0.09558 0.09558 0.09558 0.09558 0.09558 0.09558 0.09558 0.09558 0.09558 0.09558 0.09558 0.09558 0.09558 0.09558 0.09558 0.09558 0.09558 0.09558 0.09558 0.09558
0.09558 0.09558 0.09558 0.09558 0.09558 0.09558 0.09558 0.09558 0.09558 0.09558 0.09558 0.09558 0.09558 0.09558 0.09558 0.09558 0.09558 0.09558 0.09558 0.09558
0.09558 0.09558 0.09558 0.09558 0.09558 0.09558 0.09558 0.09558 0.09558 0.09558 0.09558 0.09558 0.09558 0.09558 0.09558 0.09558 0.09558 0.09558 0.09558 0.09558
0.09558 0.09558 0.09558 0.09558 0.09558 0.09558 0.09558 0.09558 0.09558 0.09558 0.09558 0.09558 0.09558 0.09558 0.09558 0.09558 0.09558 0.09558 0.09558 0.09558
0.09558 0.09558 0.09558 0.09558 0.09558 0.09558 0.09558 0.09558 0.09558 0.09558 0.09558 0.09558 0.09558 0.09558 0.09558 0.09558 0.09558 0.09558 0.09558 0.09558
0.09558 0.09558 0.09558 0.09558 0.09558 0.09558 0.09558 0.09558 0.09558 0.09558 0.09558 0.09558 0.09558 0.09558 0.09558 0.09558 0.09558 0.09558 0.09558 0.09558
0.09558 0.09558 0.09558 0.09558 0.09558 0.09558 0.09558 0.09558 0.09558 0.09558 0.09558 0.09558 0.09558 0.09558 0.09558 0.09558 0.09558 0.09558 0.09558 0.09558
0.09558 0.09558 0.09558 0.09558 0.09558 0.09558 0.09558 0.09558 0.09558 0.09558 0.09558 0.09558 0.09558 0.09558 0.09558 0.09558 0.09558 0.09558 0.09558 0.09558
0.09558 0.09558 0.09558 0.09558 0.09558 0.09558 0.09558 0.09558 0.09558 0.09558 0.09558 0.09558 0.09558 0.09558 0.09558 0.09558 0.09558 0.09558 0.09558 0.09558
0.09558 0.09558 0.09558 0.09558 0.09558 0.09558 0.09558 0.09558 0.09558 0.09558 0.09558 0.09558 0.09558 0.09558 0.09558 0.09558 0.09558 0.09558 0.09558 0.09558
0.09558 0.09558 0.09558 0.09558 0.09558 0.09558 0.09558 0.09558 0.09558 0.09558 0.09558 0.09558 0.09558 0.09558 0.09558 0.09558 0.09558 0.09558 0.09558 0.09558
0.09558 0.09558 0.09558 0.09558 0.09558 0.09558 0.09558 0.09558 0.09558 0.09558 0.09558 0.09558 0.09558 0.09558 0.09558 0.09558 0.09558 0.09558 0.09558 0.09558
0.09558 0.09558 0.09558 0.09558 0.09558 0.09558 0.09558 0.09558 0.09558 0.09558 0.09558 0.09558 0.09558 0.09558 0.09558 0.09558 0.09558 0.09558 0.09558 0.09558
0.09558 0.09558 0.09558 0.09558 0.09558 0.09558 0.09558 0.09558 0.09558 0.09558 0.09558 0.09558 0.09558 0.09558 0.09558 0.09558 0.09558 0.09558 0.09558 0.09558
0.09558 0.09558 0.09558 0.09558 0.09558 0.09558 0.09558 0.09558 0.09558 0.09558 0.09558 0.09558 0.09558 0.09558 0.09558 0.09558 0.09558 0.09558 0.09558 0.09558
0.09558 0.09558 0.09558 0.09558 0.09558 0.09558 0.09558 0.09558 0.09558 0.09558 0.09558 0.09558 0.09558 0.09558 0.09558 0.09558 0.09558 0.09558 0.09558 0.09558
0.09558 0.09558 0.09558 0.09558 0.09558 0.09558 0.09558 0.09558 0.09558 0.09558 0.09558 0.09558 0.09558 0.09558 0.09558 0.09558 0.09558 0.09558 0.09558 0.09558
0.09558 0.09558 0.09558 0.09558 0.09558 0.09558 0.09558 0.09558 0.09558 0.09558 0.09558 0.09558 0.09558 0.09558 0.09558 0.09558 0.09558 0.09558 0.09558 0.09558
0.09558 0.09558 0.09558 0.09558 0.09558 0.09558 0.09558 0.09558 0.09558 0.09558 0.09558 0.09558 0.09558 0.09558 0.09558 0.09558 0.09558 0.09558 0.09558 0.09558
0.09558 0.09558 0.09558 0.09558 0.09558 0.09558 0.09558 0.09558 0.09558 0.09558 0.09558 0.09558 0.09558 0.09558 0.09558 0.09558 0.09558 0.09558 0.09558 0.09558
0.09558 0.09558 0.09558 0.09558 0.09558 0.09558 0.09558 0.09558 0.09558 0.09558 0.09558 0.09558 0.09558 0.09558 0.09558 0.09558 0.09558 0.09558 0.09558 0.09558
0.09558 0.09558 0.09558 0.09558 0.09558 0.09558 0.09558 0.09558 0.09558 0.09558 0.09558 0.09558 0.09558 0.09558 0.09558 0.09558 0.09558 0.09558 0.09558 0.09558
0.09558 0.09558 0.09558 0.09558 0.09558 0.09558 0.09558 0.09558 0.09558 0.09558 0.09558 0.09558 0.09558 0.09558 0.09558 0.09558 0.09558 0.09558 0.09558 0.09558
0.09558 0.09558 0.09558 0.09558 0.09558 0.09558 0.09558 0.09558 0.09558 0.09558 0.09558 0.09558 0.09558 0.09558 0.09558 0.09558 0.09558 0.09558 0.09558 0.09558
0.09558 0.09558 0.09558 0.09558 0.09558 0.09558 0.09558 0.09558 0.09558 0.09558 0.09558 0.09558 0.09558 0.09558 0.09558 0.09558 0.09558 0.09558 0.09558 0.09558
0.09558 0.09558 0.09558 0.09558 0.09558 0.09558 0.09558 0.09558 0.09558 0.09558 0.09558 0.09558 0.09558 0.09558 0.09558 0.09558 0.09558 0.09558 0.09558 0.09558
0.09558 0.09558 0.09558 0.09558 0.09558 0.09558 0.09558 0.09558 0.09558 0.09558 0.09558 0.09558 0.09558 0.09558 0.09558 0.09558 0.09558 0.09558 0.09558 0.09558
0.09558 0.09558 0.09558 0.09558 0.09558 0.09558 0.09558 0.09558 0.09558 0.09558 0.09558 0.09558 0.09558 0.09558 0.09558 0.09558 0.09558 0.09558 0.09558 0.09558
0.09558 0.09558 0.09558 0.09558 0.09558 0.09558 0.09558 0.09558 0.09558 0.09558 0.09558 0.09558 0.09558 0.09558 0.09558 0.09558 0.09558 0.09558 0.09558 0.09558
0.09558 0.09558 0.09558 0.09558 0.09558 0.09558 0.09558 0.09558 0.09558 0.09558 0.09558 0.09558 0.09558 0.09558 0.09558 0.09558 0.09558 0.09558 0.09558 0.09558
0.09558 0.09558 0.09558 0.09558 0.09558 0.09558 0.09558 0.09558 0.09558 0.09558 0.09558 0.09558 0.09558 0.09558 0.09558 0.09558 0.09558 0.09558 0.09558 0.09558
0.09558 0.09558 0.09558 0.09558 0.09558 0.09558 0.09558 0.09558 0.09558 0.09558 0.09558 0.09558 0.09558 0.09558 0.09558 0.09558 0.09558 0.09558 0.09558 0.09558
0.09558 0.09558 0.09558 0.09558 0.09558 0.09558 0.09558 0.09558 0.09558 0.09558 0.09558 0.09558 0.09558 0.09558 0.09558 0.09558 0.09558 0.09558 0.09558 0.09558
0.09558 0.09558 0.09558 0.09558 0.09558 0.09558 0.09558 0.09558 0.09558 0.09558 0.09558 0.09558 0.09558 0.09558 0.09558 0.09558 0.09558 0.09558 0.09558 0.09558
0.09558 0.09558 0.09558 0.09558 0.09558 0.09558 0.09558 0.09558 0.09558 0.09558 0.09558 0.09558 0.09558 0.09558 0.09558 0.09558 0.09558 0.09558 0.09558 0.09558
0.09558 0.09558 0.09558 0.09558 0.09558 0.09558 0.09558 0.09558 0.09558 0.09558 0.09558 0.09558 0.09558 0.09558 0.09558 0.09558 0.09558 0.09558 0.09558 0.09558
0.09558 0.09558 0.09558 0.09558 0.09558 0.09558 0.09558 0.09558 0.09558 0.09558 0.09558 0.09558 0.09558 0.09558 0.09558 0.09558 0.09558 0.09558 0.09558 0.09558
0.09558 0.09558 0.09558 0.09558 0.09558 0.09558 0.09558 0.09558 0.09558 0.09558 0.09558 0.09558 0.09558 0.09558 0.09558 0.09558 0.09558 0.09558 0.09558 0.09558
