Originally  
101 
A 
2	100	
1	1	NA	NA	
1	20	
1 432.2 266.9 139.8 101.7 63.56 76.27 25.42 50.85 38.13 25.42 25.42 0 12.71 12.71 0 0 0 0 0 0
1 740.1 252.3 185 168.2 84.11 117.7 33.64 16.82 33.64 0 50.46 0 0 0 0 0 0 0 0 0
1 246.5 570.8 181.6 90.81 38.92 64.87 25.95 38.92 12.97 0 12.97 0 12.97 0 0 0 0 0 0 0
1 444.5 186.4 229.4 114.7 172 86.02 0 71.69 57.35 43.01 14.34 14.34 0 0 0 0 0 0 0 0
1 309.7 219.8 109.9 109.9 59.94 49.95 59.94 19.98 9.991 9.991 19.98 0 9.991 0 0 0 0 0 9.991 0
1 428 313.8 228.3 57.06 99.86 128.4 57.06 28.53 42.8 0 28.53 14.27 0 0 0 0 0 0 0 0
1 311.6 432.8 225 242.4 121.2 138.5 121.2 0 51.93 34.62 17.31 17.31 0 0 0 0 0 17.31 0 0
1 362 389.8 194.9 139.2 55.69 41.77 111.4 27.84 13.92 27.84 13.92 0 13.92 0 0 0 0 0 0 0
1 402.3 416.6 229.9 143.7 86.2 57.47 28.73 57.47 0 0 14.37 0 0 0 0 0 0 0 0 0
1 337.4 256 139.6 104.7 116.4 58.18 23.27 34.91 23.27 11.64 0 23.27 11.64 23.27 0 0 0 0 0 0
1 523.6 199.5 211.9 37.4 49.86 74.79 24.93 49.86 24.93 12.47 0 0 24.93 0 12.47 0 0 0 0 0
1 472.5 491.4 189 170.1 151.2 189 37.8 18.9 75.59 18.9 37.8 0 18.9 18.9 0 0 0 0 0 0
1 158.7 205.4 214.7 65.35 84.02 28.01 46.68 18.67 28.01 18.67 9.336 18.67 9.336 0 18.67 9.336 0 0 0 0
1 534.2 188.5 220 235.7 94.27 94.27 31.42 78.56 15.71 31.42 15.71 0 15.71 0 0 0 0 0 0 15.71
1 360.6 491.7 163.9 147.5 147.5 114.7 65.56 49.17 49.17 16.39 16.39 16.39 0 0 0 0 0 0 0 0
1 642 236.5 304.1 50.69 135.2 101.4 67.58 16.9 16.9 50.69 16.9 16.9 0 16.9 0 0 16.9 0 0 0
1 250.2 296.5 139 92.66 18.53 46.33 27.8 18.53 9.266 0 18.53 0 0 0 9.266 0 0 0 0 0
1 297 297 194.2 79.96 79.96 22.85 57.12 45.69 22.85 0 22.85 11.42 11.42 0 0 0 0 0 0 0
1 439.9 298 198.7 141.9 99.33 70.95 42.57 0 56.76 14.19 42.57 0 14.19 0 0 0 0 0 0 0
1 361.3 174.4 199.3 174.4 62.3 49.84 37.38 37.38 74.75 24.92 0 24.92 12.46 0 12.46 0 0 0 0 0
1 420.9 168.4 144.3 180.4 108.2 84.18 12.03 36.08 0 12.03 0 24.05 0 12.03 0 0 0 0 0 0
1 511.1 296.8 181.4 214.3 131.9 115.4 49.46 16.49 65.95 32.98 0 0 16.49 0 16.49 0 0 0 0 0
1 327.5 266.8 169.8 97.03 84.9 60.64 72.77 72.77 36.39 12.13 0 0 0 0 0 12.13 0 0 0 0
1 520.9 225 177.6 94.72 35.52 23.68 23.68 23.68 11.84 0 11.84 0 11.84 0 23.68 0 0 0 0 0
1 297.9 612.4 182.1 182.1 115.9 115.9 99.31 16.55 0 33.1 0 0 0 0 0 0 0 0 0 0
1 317.7 204.3 226.9 56.74 113.5 79.43 22.69 68.08 11.35 22.69 0 11.35 0 0 0 0 0 0 0 0
1 430.3 258.2 327 206.5 137.7 103.3 137.7 0 86.06 0 0 0 17.21 17.21 0 0 0 0 0 0
1 435.8 166.6 166.6 153.8 230.7 25.64 25.64 12.82 38.45 25.64 0 0 0 0 0 0 0 0 0 0
1 480 331 215.2 198.6 165.5 115.9 33.1 49.66 16.55 16.55 16.55 0 0 16.55 0 0 0 0 0 0
1 317.5 423.3 198.4 132.3 66.14 66.14 39.68 13.23 26.46 13.23 13.23 13.23 0 0 0 0 0 0 0 0
1 478.8 127.7 170.2 95.75 31.92 53.2 0 21.28 31.92 0 0 0 0 0 21.28 21.28 0 10.64 0 0
1 570 536.5 184.4 117.4 83.83 0 16.77 33.53 67.06 33.53 16.77 0 0 0 0 0 0 0 0 16.77
1 243.5 405.8 185.5 69.56 115.9 46.38 34.78 34.78 11.59 11.59 0 0 0 0 0 0 0 0 0 0
1 437 291.3 178 242.8 80.93 64.74 129.5 32.37 16.19 16.19 48.56 16.19 16.19 32.37 0 16.19 0 0 0 0
1 275.7 229.8 137.9 195.3 137.9 11.49 34.47 11.49 34.47 22.98 34.47 11.49 0 11.49 0 0 0 0 0 0
1 212.9 129.2 152.1 38.01 121.6 45.62 15.21 15.21 15.21 0 7.603 0 7.603 0 0 0 0 0 0 0
1 409 253.8 183.3 211.5 84.61 84.61 56.41 42.31 28.2 0 14.1 14.1 0 14.1 0 0 14.1 0 0 0
1 396.3 475.5 126.8 126.8 111 142.7 95.1 63.4 15.85 15.85 0 0 0 0 15.85 0 0 0 0 0
1 592 279.6 263.1 82.23 115.1 49.34 32.89 115.1 49.34 0 32.89 0 16.45 0 0 16.45 0 0 0 0
1 623.6 452.1 171.5 62.36 46.77 15.59 31.18 0 77.95 15.59 0 15.59 0 0 15.59 0 31.18 0 0 0
1 346.6 504.1 283.6 157.5 78.77 15.75 31.51 63.01 31.51 15.75 15.75 15.75 0 0 0 0 15.75 0 0 0
1 453.3 248.6 292.5 292.5 73.11 43.87 0 29.25 0 0 14.62 0 0 14.62 0 0 0 0 0 0
1 400.6 259.8 119.1 140.7 54.13 43.3 32.48 10.83 0 0 10.83 0 0 0 0 0 10.83 0 0 0
1 279.1 311.9 90.29 32.83 49.25 41.04 0 0 8.209 0 8.209 0 0 0 0 0 0 0 0 0
1 136 231.2 197.2 34 6.8 27.2 13.6 6.8 0 13.6 0 0 0 0 0 6.8 0 0 0 6.8
1 429.4 71.57 196.8 62.62 53.67 17.89 35.78 8.946 0 0 0 0 0 0 8.946 0 0 0 8.946 0
1 717.4 292.8 58.57 205 117.1 14.64 0 29.28 0 14.64 14.64 0 0 0 0 0 0 0 0 0
1 547.1 547.1 300 88.25 158.8 35.3 0 0 35.3 17.65 0 17.65 0 0 17.65 0 0 0 0 0
1 218.6 171.1 361.1 95.03 38.01 38.01 9.503 9.503 0 0 9.503 0 0 0 0 0 0 0 0 0
1 147.2 147.2 107.1 180.7 60.24 0 20.08 6.693 0 0 0 0 0 0 0 0 0 0 0 0
1 334.9 127.6 111.6 47.85 119.6 7.975 7.975 31.9 7.975 0 0 0 0 0 0 0 0 0 0 0
1 383.4 479.3 246.5 82.17 41.08 82.17 0 0 27.39 27.39 0 0 0 0 0 0 0 0 0 0
1 219.4 181.6 204.3 68.09 37.83 22.7 15.13 0 0 0 0 7.565 0 0 0 0 0 0 0 0
1 485.8 218.1 79.32 109.1 49.57 0 0 19.83 19.83 9.915 0 0 0 0 0 0 0 0 0 0
1 194 194 90.52 64.66 32.33 25.86 25.86 6.466 6.466 6.466 0 0 0 0 0 0 0 0 0 0
1 114.9 110.3 128.6 59.72 22.97 18.38 4.594 0 0 0 0 0 0 0 0 0 0 0 0 0
1 152.3 185.5 119.2 92.73 79.48 0 19.87 0 6.624 0 0 6.624 0 0 0 0 0 0 0 0
1 172.1 100.9 118.7 88.99 29.66 41.53 17.8 11.87 5.933 0 5.933 0 0 0 0 0 0 0 0 0
1 198.7 104.6 83.68 62.76 15.69 20.92 20.92 10.46 0 5.23 0 0 0 0 0 0 0 0 0 0
1 259.2 137.5 42.32 68.76 10.58 0 5.29 5.29 0 0 0 0 0 0 0 0 0 0 0 0
1 160.7 274.5 100.4 60.27 26.78 6.696 26.78 6.696 0 0 6.696 0 0 0 0 0 0 0 0 0
1 342.6 129.4 144.7 53.29 38.07 30.45 15.23 0 7.613 0 0 0 0 0 0 0 0 0 0 0
1 91.7 139.5 63.79 59.8 27.91 3.987 7.974 0 3.987 0 0 0 0 0 0 0 0 0 0 0
1 262.8 128.2 108.9 44.86 32.04 32.04 19.23 6.409 6.409 0 0 0 0 0 0 0 0 0 0 0
1 155.5 73.68 53.21 73.68 20.47 12.28 8.187 0 8.187 0 0 0 0 4.093 0 0 0 0 0 0
1 118.2 192 98.49 34.47 29.55 4.924 4.924 0 0 0 0 4.924 0 4.924 0 0 0 0 0 0
1 182.5 138.2 94 66.35 16.59 33.18 5.529 5.529 5.529 5.529 0 0 0 0 0 0 0 0 0 0
1 132.4 87.13 69.7 24.4 13.94 6.97 13.94 0 0 0 0 0 0 0 0 0 0 0 0 0
1 108.9 134.3 54.45 29.04 10.89 10.89 3.63 3.63 3.63 0 3.63 0 0 0 0 0 0 0 0 0
1 187.6 121.9 75.04 32.83 18.76 14.07 4.69 9.38 4.69 0 0 0 0 0 0 0 0 0 0 0
1 102.9 123.5 90.59 41.18 24.71 4.118 20.59 4.118 0 0 0 0 0 0 0 0 0 0 0 0
1 87.23 70.87 49.07 21.81 19.08 16.36 0 5.452 2.726 0 0 0 0 0 0 0 0 0 0 0
1 95.8 74.17 33.99 49.44 15.45 12.36 21.63 3.09 0 0 3.09 0 0 0 0 0 0 0 0 0
1 149.6 33.88 31.05 28.23 19.76 11.29 2.823 2.823 0 2.823 0 0 0 0 0 0 0 0 0 0
1 160.3 89.46 33.55 26.09 26.09 14.91 7.455 3.727 3.727 3.727 0 3.727 0 0 0 0 0 0 0 0
1 136 60.11 69.6 6.327 15.82 18.98 3.164 3.164 0 0 3.164 0 0 0 0 0 0 0 0 0
1 90.11 93.33 70.8 28.97 6.437 16.09 12.87 0 3.218 0 0 0 0 0 0 0 0 0 0 0
1 71.97 60.37 44.11 30.18 16.25 4.644 0 4.644 0 0 0 0 0 0 0 0 0 0 0 0
1 131.7 67.37 55.12 12.25 24.5 9.187 0 3.062 0 0 0 0 0 0 0 3.062 0 0 0 0
1 107.4 100.5 76.22 31.18 17.32 10.39 0 0 0 3.465 0 0 0 0 0 0 0 0 0 0
1 63.37 67.6 40.14 10.56 16.9 4.225 4.225 4.225 0 0 0 0 0 0 0 0 0 0 0 0
1 90.91 59.74 44.16 31.17 15.58 5.195 7.792 2.597 0 0 0 0 2.597 0 0 0 0 0 0 0
1 82.64 56.81 46.48 23.24 18.08 10.33 10.33 5.165 2.582 2.582 0 0 0 0 0 0 0 0 0 0
1 71.88 44.4 54.97 16.91 8.457 6.342 2.114 0 4.228 2.114 0 0 0 0 0 0 0 0 0 0
1 36.4 29.66 24.27 18.87 8.089 5.393 4.044 4.044 0 1.348 0 1.348 0 0 0 0 0 1.348 0 0
1 51.59 46.43 34.39 8.598 10.32 6.878 5.159 5.159 1.72 1.72 0 0 0 0 0 0 0 0 0 0
1 43.45 46.44 31.46 10.49 5.993 1.498 5.993 0 4.494 0 0 0 0 0 0 0 0 0 0 0
1 44.91 22.45 43.41 16.47 2.994 11.98 2.994 1.497 0 0 1.497 1.497 0 0 0 0 0 0 0 0
1 66.62 45.58 24.54 19.28 3.506 1.753 3.506 1.753 3.506 1.753 3.506 0 0 0 0 0 0 0 0 0
1 23.83 29.55 18.11 7.625 8.578 2.859 2.859 0.9531 0.9531 0 0 0 0 0 0 0 0 0 0 0
1 41.27 24.28 20.64 15.78 8.497 7.283 1.214 0 0 0 0 2.428 0 0 0 0 0 0 0 0
1 46.29 25.71 14.14 23.14 7.714 6.429 1.286 0 1.286 2.571 0 0 0 0 0 0 0 0 0 0
1 61.14 31.28 19.91 7.109 9.953 2.844 5.687 0 1.422 1.422 0 1.422 0 0 0 0 0 0 0 0
1 49.36 35.79 8.639 9.873 9.873 2.468 0 3.702 2.468 1.234 0 0 0 0 0 0 0 0 0 0
1 37.19 35.91 35.91 6.412 6.412 1.282 2.565 0 1.282 1.282 0 0 0 0 0 0 0 0 0 0
1 42.97 23.23 24.39 12.78 3.484 3.484 1.161 2.323 2.323 0 0 0 0 0 0 0 0 0 0 0
1 40.84 32.93 10.54 28.98 9.221 2.635 1.317 2.635 0 1.317 0 1.317 0 0 0 0 0 0 0 0
1 27.51 18.34 8.407 8.407 7.643 3.821 1.529 0 0 0.7643 0 0 0 0 0 0 0 0 0 0
1 23.4 16.31 14.89 7.091 2.127 2.127 2.836 0.7091 0.7091 0 0.7091 0 0 0 0 0 0 0 0 0
