 landings-at-age - landings.n (units : NA )
1	2	
2	100	
1	20	
1 
0.02659 0.2984 0.8352 0.6934 0.4839 0.3377 0.2357 0.1644 0.1148 0.08008 0.05589 0.039 0.02722 0.01899 0.01325 0.009249 0.006454 0.004504 0.003143 0.007259
0.006495 0.05216 0.1462 0.1214 0.08475 0.05914 0.04127 0.0288 0.0201 0.01403 0.009787 0.00683 0.004766 0.003326 0.002321 0.00162 0.00113 0.0007888 0.0005504 0.001271
0.003663 0.07293 0.1464 0.1219 0.08515 0.05942 0.04147 0.02894 0.02019 0.01409 0.009834 0.006862 0.004789 0.003342 0.002332 0.001627 0.001136 0.0007925 0.000553 0.001277
0.005497 0.04113 0.2046 0.122 0.08549 0.0597 0.04166 0.02907 0.02029 0.01416 0.00988 0.006895 0.004811 0.003358 0.002343 0.001635 0.001141 0.0007963 0.0005557 0.001283
0.004253 0.06172 0.1154 0.1706 0.08557 0.05994 0.04186 0.02921 0.02038 0.01423 0.009927 0.006927 0.004834 0.003374 0.002354 0.001643 0.001146 8e-04 0.0005583 0.001289
0.005217 0.04776 0.1732 0.09624 0.1196 0.06 0.04203 0.02935 0.02048 0.01429 0.009974 0.00696 0.004857 0.00339 0.002365 0.001651 0.001152 0.0008038 0.0005609 0.001295
0.00447 0.05858 0.134 0.1444 0.06747 0.08389 0.04207 0.02947 0.02058 0.01436 0.01002 0.006993 0.00488 0.003406 0.002377 0.001658 0.001157 0.0008076 0.0005636 0.001302
0.003894 0.0502 0.1644 0.1117 0.1013 0.04731 0.05882 0.0295 0.02066 0.01443 0.01007 0.007026 0.004903 0.003422 0.002388 0.001666 0.001163 0.0008114 0.0005663 0.001308
0.004431 0.04372 0.1408 0.1371 0.07835 0.071 0.03317 0.04124 0.02068 0.01449 0.01012 0.00706 0.004926 0.003438 0.002399 0.001674 0.001168 0.0008153 0.0005689 0.001314
0.003675 0.04976 0.1227 0.1174 0.09611 0.05494 0.04978 0.02326 0.02892 0.0145 0.01016 0.007093 0.00495 0.003454 0.00241 0.001682 0.001174 0.0008191 0.0005716 0.00132
0.005901 0.04126 0.1396 0.1023 0.08235 0.06739 0.03852 0.0349 0.01631 0.02027 0.01017 0.007121 0.004973 0.003471 0.002422 0.00169 0.001179 0.000823 0.0005743 0.001326
0.003287 0.06626 0.1158 0.1164 0.07173 0.05774 0.04725 0.02701 0.02447 0.01143 0.01421 0.007128 0.004993 0.003487 0.002433 0.001698 0.001185 0.0008269 0.0005771 0.001333
0.00224 0.03691 0.1859 0.09655 0.08163 0.05029 0.04048 0.03313 0.01894 0.01716 0.008017 0.009967 0.004998 0.003501 0.002445 0.001706 0.001191 0.0008308 0.0005798 0.001339
0.00433 0.02515 0.1036 0.155 0.06769 0.05723 0.03526 0.02838 0.02323 0.01328 0.01203 0.005621 0.006988 0.003504 0.002455 0.001714 0.001196 0.0008348 0.0005825 0.001345
0.003354 0.04862 0.07056 0.08636 0.1087 0.04746 0.04013 0.02472 0.0199 0.01629 0.009309 0.008435 0.003941 0.0049 0.002457 0.001721 0.001202 0.0008387 0.0005853 0.001352
0.005461 0.03766 0.1364 0.05884 0.06055 0.07621 0.03328 0.02814 0.01734 0.01395 0.01142 0.006527 0.005914 0.002763 0.003435 0.001723 0.001207 0.0008427 0.0005881 0.001358
0.004446 0.06132 0.1057 0.1138 0.04125 0.04245 0.05344 0.02333 0.01973 0.01215 0.009784 0.008006 0.004576 0.004147 0.001937 0.002409 0.001208 0.000846 0.0005908 0.001365
0.003676 0.04992 0.1721 0.08812 0.07977 0.02892 0.02977 0.03747 0.01636 0.01383 0.008522 0.00686 0.005613 0.003209 0.002907 0.001358 0.001689 0.0008469 0.0005932 0.001371
0.003869 0.04128 0.1401 0.1435 0.06178 0.05593 0.02028 0.02087 0.02627 0.01147 0.009698 0.005975 0.00481 0.003936 0.00225 0.002039 0.0009524 0.001184 0.0005938 0.001377
0.003581 0.04345 0.1158 0.1168 0.1006 0.04332 0.03922 0.01422 0.01463 0.01842 0.008043 0.0068 0.00419 0.003372 0.00276 0.001577 0.001429 0.0006678 0.0008302 0.001382
0.004157 0.04021 0.1219 0.09658 0.08189 0.07054 0.03037 0.0275 0.00997 0.01026 0.01291 0.005639 0.004768 0.002937 0.002364 0.001935 0.001106 0.001002 0.0004682 0.001551
0.004766 0.04668 0.1128 0.1017 0.06772 0.05742 0.04946 0.0213 0.01928 0.00699 0.007194 0.009055 0.003954 0.003343 0.00206 0.001658 0.001357 0.0007754 0.0007026 0.001416
0.00334 0.05351 0.131 0.09408 0.07127 0.04748 0.04026 0.03468 0.01493 0.01352 0.004901 0.005044 0.006349 0.002772 0.002344 0.001444 0.001162 0.0009512 0.0005437 0.001485
0.006724 0.0375 0.1502 0.1092 0.06596 0.04997 0.03329 0.02823 0.02431 0.01047 0.009477 0.003436 0.003536 0.004451 0.001944 0.001643 0.001012 0.000815 0.0006669 0.001423
0.00341 0.0755 0.1052 0.1252 0.07658 0.04625 0.03504 0.02334 0.01979 0.01705 0.00734 0.006645 0.002409 0.00248 0.003121 0.001363 0.001152 0.0007099 0.0005714 0.001465
0.004211 0.03829 0.2119 0.08774 0.08779 0.0537 0.03243 0.02457 0.01637 0.01388 0.01195 0.005147 0.004659 0.001689 0.001739 0.002188 0.0009555 0.0008078 0.0004977 0.001428
0.003416 0.04728 0.1074 0.1767 0.06152 0.06156 0.03765 0.02274 0.01723 0.01147 0.00973 0.00838 0.003609 0.003267 0.001184 0.001219 0.001534 0.00067 0.0005664 0.00135
0.004046 0.03835 0.1327 0.08959 0.1239 0.04314 0.04316 0.0264 0.01594 0.01208 0.008045 0.006822 0.005876 0.00253 0.00229 0.0008305 0.0008546 0.001076 0.0004697 0.001344
0.005301 0.04543 0.1076 0.1106 0.06281 0.08685 0.03024 0.03026 0.01851 0.01118 0.008468 0.005641 0.004783 0.00412 0.001774 0.001606 0.0005823 0.0005992 0.0007542 0.001272
0.003703 0.05952 0.1275 0.08974 0.07757 0.04404 0.06089 0.02121 0.02122 0.01298 0.007837 0.005937 0.003955 0.003354 0.002888 0.001244 0.001126 0.0004083 0.0004201 0.00142
0.006272 0.04158 0.167 0.1063 0.06292 0.05439 0.03088 0.0427 0.01487 0.01488 0.009099 0.005495 0.004163 0.002773 0.002351 0.002025 0.0008721 0.0007895 0.0002863 0.00129
0.006254 0.07043 0.1167 0.1393 0.07453 0.04412 0.03813 0.02165 0.02994 0.01042 0.01043 0.00638 0.003853 0.002919 0.001944 0.001649 0.00142 0.0006115 0.0005535 0.001105
0.00363 0.07022 0.1976 0.0973 0.09764 0.05225 0.03093 0.02674 0.01518 0.02099 0.007309 0.007313 0.004473 0.002701 0.002046 0.001363 0.001156 0.0009956 0.0004287 0.001163
0.004288 0.04076 0.197 0.1648 0.06822 0.06846 0.03664 0.02169 0.01875 0.01064 0.01472 0.005125 0.005128 0.003136 0.001894 0.001435 0.0009558 0.0008105 0.0006981 0.001116
0.003582 0.04815 0.1144 0.1643 0.1155 0.04783 0.048 0.02569 0.01521 0.01314 0.007463 0.01032 0.003593 0.003595 0.002199 0.001328 0.001006 0.0006702 0.0005683 0.001272
0.003853 0.04022 0.1351 0.09538 0.1152 0.08101 0.03354 0.03366 0.01801 0.01066 0.009216 0.005232 0.007235 0.002519 0.002521 0.001542 0.0009311 0.0007054 0.0004699 0.00129
0.004897 0.04326 0.1129 0.1127 0.06688 0.08077 0.0568 0.02351 0.0236 0.01263 0.007475 0.006462 0.003669 0.005073 0.001766 0.001767 0.001081 0.0006528 0.0004946 0.001234
0.003697 0.05498 0.1214 0.09411 0.07899 0.04689 0.05663 0.03982 0.01649 0.01655 0.008854 0.005241 0.004531 0.002572 0.003557 0.001239 0.001239 0.0007579 0.0004577 0.001212
0.005495 0.04151 0.1543 0.1012 0.06598 0.05538 0.03288 0.03971 0.02792 0.01156 0.0116 0.006208 0.003675 0.003177 0.001804 0.002494 0.0008684 0.0008689 0.0005314 0.001171
1.557 15.9 27.81 30.14 16.63 10.84 9.097 5.4 6.522 4.587 1.899 1.906 1.02 0.6036 0.5218 0.2962 0.4096 0.1426 0.1427 0.2796
0.8854 16.02 36.99 17.26 15.38 8.483 5.529 4.641 2.755 3.327 2.34 0.9687 0.9721 0.5202 0.3079 0.2662 0.1511 0.209 0.07277 0.2155
0.8355 10.81 43.95 27.18 10.44 9.297 5.129 3.344 2.806 1.666 2.012 1.415 0.5857 0.5878 0.3146 0.1862 0.161 0.09139 0.1264 0.1743
1.467 8.253 24.11 26.02 13.21 5.072 4.517 2.492 1.624 1.363 0.8093 0.9775 0.6874 0.2846 0.2856 0.1528 0.09047 0.0782 0.0444 0.1461
1.242 15.67 19.99 15.66 13.9 7.055 2.71 2.413 1.331 0.8678 0.7283 0.4324 0.5222 0.3672 0.152 0.1526 0.08165 0.04833 0.04178 0.1018
0.4311 14.11 40.28 13.8 8.894 7.897 4.008 1.539 1.371 0.7563 0.493 0.4138 0.2456 0.2967 0.2086 0.08636 0.08667 0.04638 0.02746 0.08154
1.185 4.696 34.76 26.55 7.48 4.822 4.281 2.173 0.8346 0.7432 0.41 0.2673 0.2243 0.1332 0.1608 0.1131 0.04682 0.04699 0.02515 0.05909
1.886 13.5 12.06 23.87 15 4.225 2.724 2.418 1.227 0.4714 0.4198 0.2316 0.151 0.1267 0.07522 0.09085 0.06389 0.02645 0.02654 0.04758
0.6931 18.77 30.45 7.262 11.81 7.422 2.091 1.348 1.197 0.6074 0.2333 0.2077 0.1146 0.07471 0.0627 0.03722 0.04496 0.03162 0.01309 0.03668
0.6903 8.689 52.95 23.06 4.529 7.368 4.629 1.304 0.8406 0.7464 0.3788 0.1455 0.1296 0.07148 0.04659 0.03911 0.02322 0.02804 0.01972 0.03104
0.6833 7.204 20.4 32.98 11.79 2.316 3.768 2.367 0.6668 0.4298 0.3816 0.1937 0.07439 0.06625 0.03655 0.02383 0.02 0.01187 0.01434 0.02595
1.031 7.711 18.26 13.77 18.3 6.543 1.285 2.09 1.313 0.3699 0.2385 0.2117 0.1075 0.04127 0.03676 0.02028 0.01322 0.01109 0.006586 0.02236
0.5884 10.74 18.09 11.38 7.048 9.365 3.348 0.6575 1.07 0.6721 0.1893 0.122 0.1084 0.055 0.02112 0.01881 0.01038 0.006765 0.005678 0.01481
0.7589 6.213 25.64 11.54 5.967 3.695 4.91 1.755 0.3447 0.5608 0.3523 0.09924 0.06398 0.05681 0.02883 0.01107 0.009861 0.00544 0.003546 0.01074
0.8887 8.543 15.8 17.46 6.461 3.342 2.069 2.75 0.9831 0.1931 0.3141 0.1973 0.05558 0.03583 0.03182 0.01615 0.006202 0.005523 0.003047 0.008002
0.7317 9.934 21.51 10.62 9.65 3.571 1.847 1.144 1.52 0.5434 0.1067 0.1736 0.1091 0.03072 0.0198 0.01759 0.008925 0.003428 0.003053 0.006107
0.4782 7.415 22.79 13.17 5.34 4.852 1.795 0.9288 0.5751 0.7642 0.2732 0.05365 0.08729 0.05484 0.01545 0.009958 0.008842 0.004488 0.001724 0.004606
0.6062 5.885 20.52 16.9 8.037 3.26 2.962 1.096 0.5669 0.351 0.4665 0.1668 0.03275 0.05328 0.03347 0.009429 0.006078 0.005397 0.002739 0.003863
0.4833 6.066 13.28 12.3 8.314 3.953 1.603 1.457 0.5391 0.2789 0.1727 0.2294 0.08203 0.01611 0.02621 0.01646 0.004638 0.00299 0.002655 0.003248
0.5076 5.212 14.81 8.684 6.611 4.47 2.125 0.862 0.7833 0.2898 0.1499 0.09284 0.1234 0.0441 0.008661 0.01409 0.008852 0.002494 0.001607 0.003173
0.906 6.131 14.15 10.76 5.189 3.951 2.671 1.27 0.5151 0.4681 0.1732 0.08959 0.05548 0.07372 0.02636 0.005176 0.00842 0.00529 0.00149 0.002857
0.5195 9.802 14.87 9.1 5.678 2.739 2.086 1.41 0.6705 0.2719 0.2471 0.09143 0.0473 0.02929 0.03892 0.01391 0.002732 0.004445 0.002793 0.002295
0.8806 5.744 24.28 9.775 4.909 3.063 1.478 1.125 0.7607 0.3617 0.1467 0.1333 0.04933 0.02552 0.0158 0.02099 0.007506 0.001474 0.002398 0.002745
0.3912 8.717 12.83 14.39 4.755 2.388 1.49 0.7189 0.5473 0.37 0.176 0.07137 0.06485 0.02399 0.01241 0.007686 0.01021 0.003651 0.000717 0.002502
0.4765 4.401 22.14 8.724 8.051 2.659 1.336 0.8335 0.4021 0.3061 0.207 0.09841 0.03992 0.03627 0.01342 0.006942 0.004299 0.005712 0.002042 0.0018
0.5661 5.16 10.76 14.46 4.682 4.321 1.427 0.7169 0.4473 0.2158 0.1643 0.1111 0.05282 0.02142 0.01947 0.007203 0.003726 0.002307 0.003066 0.002062
0.3248 6.249 12.85 7.162 7.912 2.563 2.365 0.7812 0.3924 0.2448 0.1181 0.08993 0.0608 0.02891 0.01173 0.01065 0.003942 0.002039 0.001263 0.002807
0.3893 3.337 14.55 7.997 3.663 4.046 1.311 1.21 0.3995 0.2007 0.1252 0.06041 0.04599 0.03109 0.01478 0.005997 0.005449 0.002016 0.001043 0.002081
0.4808 4.774 9.208 10.77 4.872 2.232 2.465 0.7985 0.7369 0.2434 0.1223 0.07629 0.0368 0.02802 0.01894 0.009008 0.003654 0.00332 0.001228 0.001904
0.4353 4.968 11.11 5.695 5.466 2.474 1.133 1.252 0.4054 0.3742 0.1236 0.06207 0.03873 0.01869 0.01423 0.009618 0.004574 0.001855 0.001686 0.00159
0.4509 4.419 11.44 6.842 2.883 2.767 1.252 0.5735 0.6335 0.2052 0.1894 0.06256 0.03142 0.01961 0.009458 0.007201 0.004868 0.002315 0.0009389 0.001658
0.3319 5.287 11.72 8.157 4.018 1.693 1.625 0.7352 0.3368 0.372 0.1205 0.1112 0.03673 0.01845 0.01151 0.005554 0.004228 0.002859 0.001359 0.001525
0.2492 3.588 12.91 7.651 4.378 2.156 0.9083 0.8719 0.3946 0.1807 0.1996 0.06466 0.05968 0.01971 0.009901 0.006178 0.00298 0.002269 0.001534 0.001548
0.2406 2.862 9.278 8.926 4.348 2.488 1.225 0.5162 0.4955 0.2242 0.1027 0.1135 0.03675 0.03392 0.0112 0.005627 0.003511 0.001694 0.00129 0.001752
0.3889 2.517 6.753 5.829 4.605 2.244 1.284 0.6323 0.2664 0.2557 0.1157 0.053 0.05854 0.01896 0.0175 0.005781 0.002903 0.001812 0.000874 0.001569
0.3567 4.047 5.937 4.261 3.024 2.39 1.164 0.6661 0.3281 0.1382 0.1327 0.06003 0.0275 0.03037 0.009839 0.00908 0.002999 0.001506 0.00094 0.001268
0.3032 3.983 10.24 4.036 2.384 1.692 1.337 0.6514 0.3727 0.1836 0.07733 0.07423 0.03359 0.01539 0.017 0.005505 0.005081 0.001678 0.0008429 0.001235
0.2754 3.62 10.7 7.366 2.388 1.411 1.001 0.7911 0.3854 0.2205 0.1086 0.04576 0.04392 0.01988 0.009104 0.01006 0.003257 0.003006 0.000993 0.00123
0.333 2.755 8.181 6.432 3.635 1.178 0.6963 0.4941 0.3904 0.1902 0.1088 0.0536 0.02258 0.02168 0.009809 0.004493 0.004963 0.001608 0.001484 0.001097
0.3334 3.789 7.079 5.632 3.643 2.059 0.6675 0.3944 0.2799 0.2211 0.1077 0.06164 0.03036 0.01279 0.01228 0.005556 0.002545 0.002811 0.0009106 0.001462
0.2982 3.884 9.908 4.936 3.228 2.088 1.18 0.3825 0.226 0.1604 0.1267 0.06175 0.03533 0.0174 0.00733 0.007036 0.003184 0.001459 0.001611 0.00136
0.2587 2.936 8.636 5.849 2.391 1.564 1.011 0.5717 0.1853 0.1095 0.07771 0.0614 0.02991 0.01711 0.008429 0.003551 0.003409 0.001543 0.0007065 0.001439
0.2274 2.925 7.498 5.908 3.292 1.346 0.8801 0.5692 0.3217 0.1043 0.06162 0.04373 0.03456 0.01683 0.009632 0.004744 0.001999 0.001918 0.0008681 0.001208
0.2326 2.44 7.092 4.857 3.146 1.753 0.7167 0.4687 0.3032 0.1713 0.05554 0.03282 0.02329 0.0184 0.008965 0.00513 0.002527 0.001064 0.001022 0.001105
0.1912 2.604 6.162 4.793 2.7 1.749 0.9743 0.3983 0.2605 0.1685 0.09522 0.03087 0.01824 0.01294 0.01023 0.004982 0.002851 0.001404 0.0005915 0.001182
0.1695 1.956 6.038 3.819 2.442 1.375 0.8908 0.4963 0.2029 0.1327 0.08583 0.04851 0.01573 0.009292 0.006594 0.00521 0.002538 0.001452 0.0007153 0.0009036
0.217 1.905 4.982 4.132 2.152 1.375 0.7747 0.5018 0.2796 0.1143 0.07475 0.04835 0.02733 0.008859 0.005234 0.003715 0.002935 0.00143 0.0008182 0.000912
0.1497 2.515 4.977 3.486 2.379 1.239 0.7918 0.446 0.2889 0.161 0.06581 0.04304 0.02784 0.01573 0.0051 0.003013 0.002139 0.00169 0.0008232 0.0009961
0.2204 1.666 6.292 3.315 1.908 1.302 0.6778 0.4333 0.2441 0.1581 0.08808 0.03601 0.02355 0.01523 0.008609 0.002791 0.001649 0.00117 0.0009247 0.0009955
0.1892 2.431 4.125 4.139 1.791 1.031 0.7032 0.3662 0.2341 0.1318 0.0854 0.04758 0.01945 0.01272 0.008229 0.004651 0.001508 0.0008908 0.0006322 0.001037
0.1123 1.848 5.372 2.425 1.997 0.864 0.4972 0.3393 0.1767 0.1129 0.06361 0.0412 0.02296 0.009386 0.006138 0.00397 0.002244 0.0007274 0.0004298 0.0008055
0.1234 1.379 5.107 3.981 1.479 1.218 0.527 0.3033 0.2069 0.1078 0.06888 0.0388 0.02513 0.014 0.005725 0.003744 0.002422 0.001369 0.0004437 0.0007535
0.1354 1.309 3.289 3.232 2.068 0.7682 0.6328 0.2738 0.1575 0.1075 0.05598 0.03578 0.02016 0.01306 0.007274 0.002974 0.001945 0.001258 0.000711 0.0006219
0.1632 1.5 3.259 2.178 1.758 1.125 0.418 0.3443 0.1489 0.08572 0.05849 0.03046 0.01947 0.01097 0.007103 0.003958 0.001618 0.001058 0.0006844 0.0007252
0.156 1.642 3.412 1.972 1.082 0.8736 0.559 0.2077 0.1711 0.074 0.04259 0.02906 0.01513 0.009673 0.005448 0.003529 0.001966 0.0008039 0.0005257 0.0007003
0.07753 1.692 4.036 2.248 1.069 0.5868 0.4737 0.3031 0.1126 0.09274 0.04012 0.02309 0.01576 0.008204 0.005244 0.002954 0.001913 0.001066 0.0004358 0.0006647
0.09398 0.8918 4.394 2.81 1.288 0.6124 0.3362 0.2713 0.1736 0.0645 0.05313 0.02298 0.01323 0.009026 0.0047 0.003004 0.001692 0.001096 0.0006107 0.0006305
0.08913 1.055 2.253 2.961 1.557 0.7135 0.3392 0.1862 0.1503 0.09618 0.03573 0.02943 0.01273 0.007327 0.005 0.002603 0.001664 0.0009374 0.0006072 0.0006876
0.08558 0.9202 2.46 1.399 1.51 0.7936 0.3638 0.173 0.09494 0.07663 0.04904 0.01822 0.015 0.006491 0.003736 0.002549 0.001327 0.0008485 0.0004779 0.0006601
0.08469 1.02 2.463 1.76 0.823 0.8883 0.4669 0.214 0.1018 0.05586 0.04509 0.02885 0.01072 0.008828 0.003819 0.002198 0.0015 0.0007809 0.0004992 0.0006696
