Originally  
101 
A 
2	100	
1	1	NA	NA	
1	20	
1 200.5 190.5 180.4 110.3 110.3 60.14 30.07 30.07 40.1 10.02 30.07 0 10.02 0 0 0 0 0 0 0
1 626.8 304.5 214.9 89.55 161.2 143.3 143.3 35.82 17.91 35.82 0 17.91 0 0 0 0 0 0 0 0
1 439.4 606.7 251.1 125.5 188.3 167.4 104.6 104.6 0 20.92 20.92 0 20.92 20.92 0 0 0 0 20.92 0
1 333 316.4 383 233.1 116.6 16.65 149.9 49.96 16.65 33.3 16.65 0 0 0 0 0 0 0 0 0
1 388.4 119.5 109.6 159.3 49.8 49.8 19.92 39.84 19.92 19.92 0 9.959 0 9.959 0 0 0 0 0 0
1 620.1 174.9 238.5 127.2 159 63.6 63.6 47.7 47.7 0 0 15.9 0 15.9 15.9 0 0 0 0 0
1 150.8 420 140 43.08 107.7 118.5 21.54 10.77 10.77 21.54 21.54 0 0 0 10.77 0 0 0 0 0
1 303.6 197.3 455.3 212.5 106.2 75.89 60.71 45.53 15.18 0 30.36 0 0 0 0 0 15.18 0 0 0
1 118.4 226.1 129.2 290.7 118.4 64.6 32.3 43.06 10.77 10.77 0 32.3 0 0 0 0 0 0 0 0
1 265.3 29.48 147.4 58.96 304.6 29.48 19.65 29.48 19.65 39.31 0 0 19.65 0 9.827 0 0 9.827 0 0
1 325.9 182.1 19.17 115 28.76 163 19.17 9.586 19.17 38.34 9.586 9.586 9.586 9.586 0 0 0 0 0 0
1 279.4 169.4 143.9 0 93.14 25.4 33.87 25.4 16.94 16.94 0 0 25.4 8.468 0 8.468 0 0 0 0
1 341.5 221 130.6 70.3 30.13 70.3 0 60.26 20.09 20.09 0 20.09 0 0 10.04 0 0 0 10.04 0
1 183.4 241.4 154.5 115.9 57.93 19.31 57.93 28.96 48.27 38.62 0 9.655 0 0 0 0 0 9.655 0 0
1 574.9 110.6 143.7 66.33 22.11 66.33 11.06 33.17 11.06 44.22 11.06 0 11.06 0 0 0 0 0 0 0
1 1814 541.4 27.07 135.3 0 108.3 81.2 0 0 0 0 0 0 0 0 0 0 0 0 0
1 206.8 768.2 295.5 29.55 73.87 44.32 14.77 29.55 0 0 0 0 14.77 0 0 0 0 0 0 0
1 245.9 175.6 825.4 298.5 87.81 70.25 35.12 0 0 0 0 0 0 0 0 17.56 0 0 0 0
1 373.6 173.4 53.37 453.6 146.8 53.37 26.68 26.68 13.34 0 0 0 0 13.34 0 0 0 0 0 0
1 758.6 259 129.5 166.5 462.5 37 0 37 0 0 0 0 0 0 0 0 0 0 0 0
1 208.6 570.3 166.9 69.55 83.46 180.8 27.82 41.73 13.91 13.91 13.91 0 0 0 0 0 0 0 0 0
1 176.4 73.5 470.4 235.2 44.1 58.8 264.6 58.8 14.7 29.4 0 0 14.7 0 0 0 29.4 0 0 0
1 251.1 217.6 100.4 569.2 150.7 50.22 0 167.4 83.71 16.74 0 33.48 16.74 0 0 0 0 16.74 0 0
1 391.2 189.3 75.72 88.34 214.5 63.1 25.24 25.24 63.1 75.72 12.62 12.62 12.62 0 12.62 0 0 0 0 0
1 965 301.5 100.5 20.1 80.41 281.4 40.21 0 0 180.9 20.1 0 0 0 0 20.1 0 0 0 0
1 321.5 688.9 168.4 76.55 76.55 0 61.24 45.93 15.31 0 45.93 0 0 15.31 0 0 0 0 0 15.31
1 740.2 439.5 670.8 231.3 23.13 46.26 0 69.39 23.13 23.13 23.13 0 0 23.13 0 0 0 0 0 0
1 395.9 546.7 207.4 358.2 56.55 113.1 0 37.7 75.4 37.7 18.85 0 37.7 0 0 0 0 0 0 0
1 842.7 280.9 280.9 93.64 262.2 18.73 37.45 0 0 18.73 0 0 0 18.73 18.73 0 0 0 0 0
1 396.7 528.9 245.6 358.9 18.89 113.3 37.78 37.78 18.89 18.89 37.78 18.89 0 0 37.78 18.89 0 0 0 0
1 176.5 242.7 308.9 110.3 165.5 0 66.19 0 0 0 11.03 0 11.03 0 0 11.03 0 0 0 0
1 410.8 123.2 219.1 287.6 54.77 82.16 95.86 54.77 0 0 0 27.39 13.69 0 0 0 0 0 0 0
1 999.1 244.7 81.56 122.3 142.7 101.9 183.5 0 122.3 0 0 20.39 0 0 0 0 0 0 20.39 0
1 98.1 768.4 261.6 65.4 98.1 196.2 16.35 65.4 32.7 16.35 16.35 0 0 0 0 0 0 0 0 0
1 344.5 114.8 803.9 229.7 19.14 38.28 95.7 38.28 172.3 0 19.14 19.14 0 0 0 0 0 0 19.14 0
1 268.6 128.4 35.03 420.4 140.1 0 23.35 70.06 11.68 35.03 11.68 11.68 11.68 0 0 0 0 0 0 0
1 397.6 77.32 121.5 44.18 231.9 88.36 33.14 33.14 44.18 0 22.09 11.05 0 0 0 0 0 0 0 0
1 840.1 371.2 78.15 117.2 78.15 175.8 117.2 39.07 39.07 19.54 39.07 19.54 19.54 0 0 0 0 0 0 0
1 658.2 405 253.1 50.63 33.75 0 101.3 84.38 0 16.88 0 0 50.63 0 33.75 0 0 0 0 0
1 558.2 434.1 434.1 124 103.4 41.35 0 186.1 41.35 20.67 0 62.02 20.67 41.35 0 0 0 0 0 0
1 640.4 250.6 181 167.1 69.61 27.84 13.92 0 27.84 0 13.92 0 0 0 0 0 0 0 0 0
1 522 734.6 193.3 232 96.66 77.33 19.33 0 0 19.33 0 38.66 0 0 0 0 0 0 0 0
1 394.8 641.5 863.5 345.4 98.69 49.35 0 0 0 24.67 24.67 24.67 0 0 0 0 0 0 0 0
1 131.4 298.7 346.5 239 59.74 47.79 23.9 0 0 11.95 0 11.95 0 0 11.95 11.95 0 0 0 0
1 307.2 96.54 166.7 87.76 114.1 26.33 35.1 17.55 0 8.776 8.776 0 0 8.776 0 0 0 0 0 0
1 295.5 357 172.4 135.4 110.8 98.49 12.31 12.31 0 12.31 0 0 0 12.31 0 0 0 0 0 12.31
1 142.5 96.91 131.1 57 11.4 39.9 39.9 17.1 22.8 5.7 5.7 0 0 0 0 0 0 0 0 0
1 608.6 99.36 149 124.2 99.36 24.84 62.1 62.1 0 12.42 0 0 0 0 0 0 0 0 0 0
1 444.9 319.2 77.38 38.69 67.71 0 0 9.672 9.672 0 0 0 0 0 0 0 0 0 0 0
1 428.8 261.5 219.6 62.76 20.92 31.38 0 0 0 20.92 0 0 0 0 0 0 0 0 0 0
1 640.2 396.3 167.7 152.4 45.73 30.49 15.24 30.49 0 15.24 30.49 0 0 0 0 0 0 0 0 0
1 938.1 379.2 339.3 179.6 79.84 19.96 0 19.96 19.96 0 0 0 0 0 19.96 0 0 0 0 0
1 428.6 511.5 248.8 110.6 69.12 0 0 0 13.82 0 0 0 0 0 0 0 0 0 0 0
1 101.7 254.2 322 42.37 50.85 42.37 25.42 0 8.475 0 0 0 0 0 0 0 0 0 0 0
1 270 113.2 174.2 200.3 52.25 17.42 34.84 8.709 0 0 0 0 0 0 0 0 0 0 0 0
1 504 161.3 90.73 80.65 70.56 60.48 10.08 30.24 0 0 0 0 0 0 0 0 0 0 0 0
1 411.3 437 154.2 51.42 89.98 64.27 12.85 64.27 0 0 0 0 0 0 0 0 0 0 0 0
1 335.1 416 254.2 46.22 46.22 23.11 23.11 0 0 0 11.55 0 0 0 0 0 0 0 0 0
1 594.4 218.3 72.78 157.7 60.65 0 12.13 48.52 12.13 12.13 24.26 0 0 0 0 0 0 0 0 0
1 295.6 619.4 253.4 154.9 28.16 28.16 0 14.08 14.08 0 0 0 0 0 0 0 0 0 0 0
1 193.3 171.8 408 171.8 32.21 42.95 32.21 0 10.74 10.74 0 0 0 0 0 0 0 0 0 0
1 733.9 116.5 93.19 139.8 11.65 23.3 34.95 11.65 0 0 0 0 0 0 0 0 0 0 0 0
1 561.4 489.4 71.97 57.58 172.7 28.79 28.79 14.39 14.39 0 0 0 0 0 0 0 0 0 0 0
1 131.5 184.1 236.6 13.15 46.01 32.87 13.15 0 0 0 0 0 0 0 0 0 0 0 0 0
1 384.2 197.3 155.7 197.3 20.77 0 41.53 31.15 0 10.38 0 0 0 0 0 0 0 0 0 0
1 253 181.6 51.9 58.39 71.36 6.487 6.487 6.487 12.97 0 0 0 0 0 0 0 0 0 0 0
1 287 124.1 201.7 46.54 69.81 23.27 7.757 0 15.51 0 0 0 0 0 0 0 0 0 0 0
1 300.6 219.3 138.1 56.86 56.86 32.49 8.123 0 0 0 0 0 0 0 0 0 0 0 0 0
1 398.3 304 178.2 115.3 20.96 10.48 20.96 0 0 0 0 0 0 0 0 0 0 0 0 0
1 901.8 300.6 94.93 158.2 63.28 31.64 0 15.82 15.82 0 0 0 0 0 0 0 0 0 0 0
1 361.7 660.5 298.8 47.18 94.36 15.73 47.18 0 15.73 15.73 0 15.73 0 0 0 0 0 0 0 0
1 560.7 196.2 448.5 140.2 0 28.03 0 28.03 0 0 0 0 0 0 0 0 0 0 0 0
1 346.8 536 220.7 299.5 126.1 31.53 0 15.77 0 0 0 0 0 0 0 0 0 0 0 0
1 653.2 171.1 388.8 140 186.6 0 0 15.55 0 0 0 0 0 0 0 0 0 0 0 0
1 637 318.5 110.8 193.9 69.24 41.54 0 13.85 0 0 0 0 0 0 0 0 0 0 0 0
1 563.4 395.9 243.6 76.14 106.6 76.14 30.45 15.23 0 15.23 0 0 0 0 0 0 0 0 0 0
1 153.4 377.5 318.5 153.4 47.19 47.19 11.8 58.99 11.8 0 0 0 0 0 0 0 0 0 0 0
1 523.7 104.7 301.1 209.5 117.8 26.19 13.09 0 13.09 0 0 0 0 0 0 0 0 0 0 0
1 771.5 200.6 154.3 200.6 92.57 92.57 0 15.43 15.43 0 0 0 0 0 0 0 0 0 0 0
1 340.1 576.7 280.9 59.15 133.1 59.15 14.79 0 14.79 0 0 0 0 0 0 0 0 0 0 0
1 52.36 202.9 229.1 45.82 39.27 39.27 39.27 0 0 0 0 0 6.546 0 0 0 0 0 0 0
1 322.8 44.02 146.7 95.37 22.01 36.68 14.67 29.35 7.336 7.336 7.336 0 0 0 0 0 0 0 0 0
1 410 292.9 39.05 117.1 39.05 29.29 9.762 9.762 0 9.762 9.762 9.762 0 0 0 0 0 0 0 0
1 299.1 490.5 227.3 11.96 47.86 47.86 35.89 0 35.89 0 0 0 0 0 0 0 0 0 0 0
1 268.7 145.9 199.6 84.44 0 30.71 15.35 15.35 0 0 7.676 0 0 0 0 0 0 0 0 0
1 569.7 180.4 47.47 56.97 75.96 9.495 0 0 9.495 0 0 0 0 0 0 0 0 0 0 0
1 220.3 636.5 134.6 73.44 122.4 12.24 0 12.24 12.24 0 0 0 0 0 0 0 0 0 0 0
1 329.8 117 372.4 74.47 42.56 85.11 21.28 0 10.64 10.64 0 0 0 0 0 0 0 0 0 0
1 201.4 247.2 128.2 210.6 64.08 18.31 9.154 27.46 0 9.154 0 0 0 0 0 0 0 0 0 0
1 936.3 222.2 158.7 79.35 111.1 63.48 15.87 0 0 0 0 0 0 0 0 0 0 0 0 0
1 346.6 430.6 84.02 84.02 42.01 42.01 0 10.5 0 10.5 0 0 0 0 0 0 0 0 0 0
1 254.6 274.2 293.8 58.76 48.97 9.793 39.17 0 0 0 0 0 0 0 0 0 0 0 0 0
1 317 163.9 295.1 196.7 32.79 32.79 10.93 21.86 10.93 0 10.93 0 0 0 0 0 0 0 0 0
1 192.7 164.1 99.9 114.2 92.77 21.41 21.41 0 7.136 0 0 0 0 0 0 0 0 0 0 0
1 406.7 147.1 86.53 77.88 69.23 34.61 25.96 17.31 0 0 0 0 0 0 0 0 0 0 0 0
1 489.1 340.2 85.06 31.9 31.9 21.26 53.16 0 10.63 0 0 0 0 0 0 0 0 0 0 0
1 538.9 263.7 217.9 34.4 22.93 45.86 11.47 11.47 0 0 0 0 0 0 0 0 0 0 0 0
1 504.4 205.9 154.4 123.5 10.29 10.29 10.29 10.29 0 0 0 0 0 0 0 0 0 0 0 0
1 761 494.6 266.3 228.3 76.1 19.02 38.05 0 0 0 19.02 0 0 0 0 0 0 0 0 0
