 landings-at-age - landings.n (units : NA )
1	2	
2	100	
1	20	
1 
0.02659 0.2984 0.8352 0.6934 0.4839 0.3377 0.2357 0.1644 0.1148 0.08008 0.05589 0.039 0.02722 0.01899 0.01325 0.009249 0.006454 0.004504 0.003143 0.007259
0.006528 0.05216 0.1462 0.1214 0.08475 0.05914 0.04127 0.0288 0.0201 0.01403 0.009787 0.00683 0.004766 0.003326 0.002321 0.00162 0.00113 0.0007888 0.0005504 0.001271
0.003587 0.0733 0.1464 0.1219 0.08515 0.05942 0.04147 0.02894 0.02019 0.01409 0.009834 0.006862 0.004789 0.003342 0.002332 0.001627 0.001136 0.0007925 0.000553 0.001277
0.003006 0.04027 0.2057 0.122 0.08549 0.0597 0.04166 0.02907 0.02029 0.01416 0.00988 0.006895 0.004811 0.003358 0.002343 0.001635 0.001141 0.0007963 0.0005557 0.001283
0.004755 0.03375 0.113 0.1715 0.08557 0.05994 0.04186 0.02921 0.02038 0.01423 0.009927 0.006927 0.004834 0.003374 0.002354 0.001643 0.001146 8e-04 0.0005583 0.001289
0.008238 0.0534 0.09471 0.09423 0.1203 0.06 0.04203 0.02935 0.02048 0.01429 0.009974 0.00696 0.004857 0.00339 0.002365 0.001651 0.001152 0.0008038 0.0005609 0.001295
0.002177 0.0925 0.1498 0.07898 0.06607 0.08432 0.04207 0.02947 0.02058 0.01436 0.01002 0.006993 0.00488 0.003406 0.002377 0.001658 0.001157 0.0008076 0.0005636 0.001302
0.003512 0.02444 0.2596 0.1249 0.05538 0.04633 0.05912 0.0295 0.02066 0.01443 0.01007 0.007026 0.004903 0.003422 0.002388 0.001666 0.001163 0.0008114 0.0005663 0.001308
0.0007676 0.03944 0.06858 0.2164 0.0876 0.03883 0.03248 0.04145 0.02068 0.01449 0.01012 0.00706 0.004926 0.003438 0.002399 0.001674 0.001168 0.0008153 0.0005689 0.001314
0.003467 0.008619 0.1107 0.05719 0.1518 0.06142 0.02722 0.02277 0.02906 0.0145 0.01016 0.007093 0.00495 0.003454 0.00241 0.001682 0.001174 0.0008191 0.0005716 0.00132
0.003613 0.03893 0.02419 0.09227 0.0401 0.1064 0.04306 0.01909 0.01597 0.02038 0.01017 0.007121 0.004973 0.003471 0.002422 0.00169 0.001179 0.000823 0.0005743 0.001326
0.003629 0.04056 0.1092 0.02017 0.0647 0.02812 0.0746 0.03019 0.01338 0.0112 0.01429 0.007128 0.004993 0.003487 0.002433 0.001698 0.001185 0.0008269 0.0005771 0.001333
0.00457 0.04075 0.1138 0.09109 0.01414 0.04536 0.01971 0.05231 0.02117 0.009383 0.00785 0.01002 0.004998 0.003501 0.002445 0.001706 0.001191 0.0008308 0.0005798 0.001339
0.002194 0.05131 0.1143 0.09491 0.06387 0.009915 0.03181 0.01382 0.03668 0.01484 0.006579 0.005504 0.007024 0.003504 0.002455 0.001714 0.001196 0.0008348 0.0005825 0.001345
0.008886 0.02463 0.144 0.09534 0.06655 0.04478 0.006952 0.0223 0.009691 0.02571 0.01041 0.004613 0.003859 0.004925 0.002457 0.001721 0.001202 0.0008387 0.0005853 0.001352
0.01887 0.09978 0.06912 0.1201 0.06685 0.04666 0.0314 0.004874 0.01564 0.006795 0.01803 0.007297 0.003234 0.002706 0.003453 0.001723 0.001207 0.0008427 0.0005881 0.001358
0.003279 0.2119 0.28 0.05764 0.08418 0.04687 0.03271 0.02201 0.003417 0.01096 0.004764 0.01264 0.005116 0.002268 0.001897 0.002421 0.001208 0.000846 0.0005908 0.001365
0.003017 0.03681 0.5946 0.2335 0.04041 0.05902 0.03286 0.02294 0.01544 0.002396 0.007686 0.00334 0.008863 0.003587 0.00159 0.00133 0.001697 0.0008469 0.0005932 0.001371
0.005554 0.03387 0.1033 0.4958 0.1637 0.02833 0.04138 0.02304 0.01608 0.01082 0.00168 0.005389 0.002342 0.006215 0.002515 0.001115 0.0009326 0.00119 0.0005938 0.001377
0.009806 0.06236 0.09504 0.08614 0.3476 0.1148 0.01987 0.02902 0.01616 0.01128 0.007588 0.001178 0.003779 0.001642 0.004357 0.001763 0.0007816 0.0006539 0.0008345 0.001382
0.001856 0.1101 0.175 0.07925 0.0604 0.2437 0.08047 0.01393 0.02034 0.01133 0.007906 0.00532 0.0008259 0.002649 0.001151 0.003055 0.001236 0.000548 0.0004585 0.001554
0.001994 0.02084 0.3089 0.1459 0.05557 0.04235 0.1709 0.05642 0.009766 0.01426 0.007942 0.005543 0.00373 0.0005791 0.001858 0.0008073 0.002142 0.0008669 0.0003842 0.001411
0.002944 0.02239 0.05848 0.2576 0.1023 0.03896 0.02969 0.1198 0.03956 0.006848 0.01 0.005569 0.003887 0.002615 0.000406 0.001302 0.000566 0.001502 0.0006078 0.001259
0.003667 0.03305 0.06283 0.04876 0.1806 0.07173 0.02732 0.02082 0.08401 0.02774 0.004801 0.007013 0.003904 0.002725 0.001834 0.0002847 0.0009132 0.0003968 0.001053 0.001309
0.009855 0.04117 0.09274 0.05239 0.03419 0.1266 0.05029 0.01915 0.0146 0.0589 0.01945 0.003366 0.004917 0.002738 0.001911 0.001286 0.0001996 0.0006403 0.0002782 0.001656
0.004506 0.1107 0.1155 0.07734 0.03673 0.02397 0.0888 0.03526 0.01343 0.01023 0.0413 0.01364 0.00236 0.003447 0.001919 0.00134 0.0009015 0.0001399 0.0004489 0.001356
0.008881 0.0506 0.3105 0.09633 0.05422 0.02575 0.01681 0.06226 0.02473 0.009416 0.007175 0.02896 0.009561 0.001655 0.002417 0.001346 0.0009393 0.0006321 9.812e-05 0.001266
0.004266 0.09972 0.142 0.2589 0.06754 0.03802 0.01806 0.01178 0.04365 0.01734 0.006602 0.005031 0.0203 0.006703 0.00116 0.001695 0.0009436 0.0006586 0.0004432 0.0009562
0.008414 0.0479 0.2798 0.1184 0.1815 0.04736 0.02666 0.01266 0.008263 0.03061 0.01215 0.004629 0.003527 0.01424 0.0047 0.0008135 0.001188 0.0006616 0.0004618 0.0009811
0.005493 0.09447 0.1344 0.2333 0.083 0.1273 0.0332 0.01869 0.008877 0.005793 0.02146 0.008522 0.003246 0.002473 0.009981 0.003295 0.0005704 0.0008331 0.0004639 0.001012
0.00188 0.06167 0.2651 0.1121 0.1636 0.0582 0.08925 0.02328 0.0131 0.006224 0.004062 0.01505 0.005975 0.002276 0.001734 0.006998 0.002311 0.0003999 0.0005841 0.001035
0.006177 0.02111 0.173 0.2211 0.07858 0.1147 0.04081 0.06258 0.01632 0.009188 0.004364 0.002848 0.01055 0.00419 0.001596 0.001216 0.004907 0.00162 0.0002804 0.001135
0.01294 0.06936 0.05923 0.1443 0.155 0.0551 0.08042 0.02861 0.04387 0.01145 0.006442 0.00306 0.001997 0.007397 0.002938 0.001119 0.0008525 0.00344 0.001136 0.0009924
0.001138 0.1453 0.1946 0.04939 0.1012 0.1087 0.03863 0.05639 0.02006 0.03076 0.008025 0.004517 0.002145 0.0014 0.005186 0.00206 0.0007844 0.0005977 0.002412 0.001492
0.00309 0.01277 0.4076 0.1623 0.03463 0.07094 0.07619 0.02709 0.03954 0.01406 0.02157 0.005626 0.003167 0.001504 0.0009817 0.003636 0.001444 0.0005499 0.0004191 0.002737
0.002401 0.0347 0.03584 0.3399 0.1138 0.02428 0.04974 0.05342 0.01899 0.02772 0.009862 0.01512 0.003945 0.002221 0.001055 0.0006883 0.00255 0.001013 0.0003856 0.002213
0.005067 0.02696 0.09735 0.02989 0.2383 0.07978 0.01702 0.03487 0.03746 0.01332 0.01944 0.006914 0.0106 0.002766 0.001557 0.0007395 0.0004826 0.001788 0.0007099 0.001822
0.008081 0.0569 0.07564 0.08118 0.02096 0.1671 0.05594 0.01194 0.02445 0.02626 0.009336 0.01363 0.004848 0.007434 0.001939 0.001092 0.0005185 0.0003384 0.001253 0.001775
0.00726 0.09073 0.1597 0.06308 0.05692 0.01469 0.1172 0.03922 0.008368 0.01714 0.01841 0.006546 0.009555 0.003399 0.005213 0.00136 0.0007654 0.0003635 0.0002372 0.002124
1.636 21 60.78 31.19 10.36 9.35 2.414 19.24 6.442 1.375 2.816 3.025 1.075 1.569 0.5583 0.8562 0.2234 0.1257 0.05971 0.3878
3.205 16.83 48.87 37.74 15.91 5.286 4.77 1.231 9.818 3.287 0.7013 1.437 1.543 0.5485 0.8007 0.2848 0.4368 0.1139 0.06414 0.2283
2.192 39.13 46.18 35.91 22.82 9.622 3.196 2.884 0.7446 5.937 1.987 0.4241 0.8687 0.9331 0.3317 0.4842 0.1722 0.2641 0.0689 0.1768
1.069 21.65 87.26 27.34 17.45 11.09 4.674 1.553 1.401 0.3617 2.884 0.9655 0.206 0.422 0.4533 0.1611 0.2352 0.08368 0.1283 0.1194
0.7268 11.42 52.44 56.66 14.6 9.321 5.923 2.497 0.8295 0.7486 0.1932 1.541 0.5158 0.1101 0.2255 0.2422 0.08609 0.1257 0.0447 0.1323
1.012 8.256 29.36 36.2 32.19 8.297 5.295 3.365 1.419 0.4712 0.4253 0.1098 0.8753 0.293 0.06252 0.1281 0.1376 0.04891 0.07138 0.1006
0.6567 11.03 20.34 19.36 19.62 17.45 4.498 2.871 1.824 0.7691 0.2555 0.2306 0.05952 0.4746 0.1589 0.0339 0.06945 0.07459 0.02652 0.09323
0.5602 7.478 28.32 13.97 10.93 11.08 9.858 2.541 1.622 1.03 0.4344 0.1443 0.1302 0.03362 0.2681 0.08974 0.01915 0.03923 0.04213 0.06764
1.159 5.575 16.87 17.05 6.913 5.411 5.485 4.878 1.257 0.8024 0.5099 0.215 0.07142 0.06445 0.01664 0.1327 0.04441 0.009475 0.01941 0.05432
1.407 14.53 15.73 12.78 10.64 4.311 3.374 3.421 3.043 0.7842 0.5005 0.318 0.1341 0.04454 0.04019 0.01038 0.08273 0.0277 0.00591 0.04599
1.443 14.68 34.1 9.797 6.535 5.439 2.204 1.725 1.749 1.556 0.401 0.2559 0.1626 0.06856 0.02277 0.02055 0.005306 0.0423 0.01416 0.02654
1.345 16.28 37.22 23.03 5.435 3.626 3.018 1.223 0.9573 0.9705 0.8632 0.2225 0.142 0.09022 0.03804 0.01264 0.0114 0.002944 0.02347 0.02258
1.978 14.01 38.19 23.2 11.78 2.782 1.855 1.544 0.6259 0.4899 0.4967 0.4417 0.1138 0.07266 0.04617 0.01947 0.006467 0.005836 0.001506 0.02357
1.117 20.89 33.44 24.36 12.16 6.178 1.458 0.9727 0.8095 0.3281 0.2568 0.2604 0.2316 0.05968 0.03809 0.0242 0.0102 0.00339 0.003059 0.01314
0.4029 12.57 53.11 22.77 13.64 6.812 3.46 0.8167 0.5448 0.4534 0.1838 0.1438 0.1458 0.1297 0.03343 0.02133 0.01356 0.005715 0.001899 0.009075
0.6509 4.504 31.66 35.71 12.59 7.54 3.765 1.912 0.4514 0.3011 0.2506 0.1016 0.0795 0.0806 0.07168 0.01848 0.01179 0.007492 0.003159 0.006066
1.408 6.596 10.33 19.38 17.95 6.328 3.791 1.893 0.9616 0.227 0.1514 0.126 0.05107 0.03998 0.04053 0.03604 0.00929 0.005929 0.003767 0.004638
1.045 17.33 18.25 7.664 11.83 10.96 3.863 2.314 1.156 0.587 0.1385 0.09241 0.07691 0.03117 0.0244 0.02474 0.022 0.005671 0.003619 0.005131
0.8991 10.45 39.11 10.94 3.77 5.818 5.391 1.9 1.138 0.5684 0.2887 0.06815 0.04546 0.03783 0.01533 0.012 0.01217 0.01082 0.002789 0.004304
2.019 9.697 25.52 25.57 5.881 2.027 3.128 2.898 1.022 0.612 0.3056 0.1552 0.03664 0.02444 0.02034 0.008244 0.006453 0.006542 0.005818 0.003814
0.7386 24.38 26.32 18.54 15.28 3.515 1.211 1.869 1.732 0.6104 0.3657 0.1826 0.09276 0.02189 0.0146 0.01215 0.004927 0.003856 0.003909 0.005756
0.3925 7.991 59.15 16.93 9.785 8.066 1.855 0.6394 0.9867 0.9143 0.3223 0.1931 0.09641 0.04897 0.01156 0.00771 0.006417 0.002601 0.002036 0.005102
2.05 4.34 19.8 38.88 9.134 5.279 4.351 1.001 0.3449 0.5323 0.4933 0.1739 0.1042 0.05201 0.02642 0.006236 0.004159 0.003462 0.001403 0.003851
1.158 20.29 9.693 11.74 18.91 4.443 2.568 2.117 0.4869 0.1678 0.259 0.2399 0.08457 0.05066 0.0253 0.01285 0.003033 0.002023 0.001684 0.002556
0.6759 13.03 51.53 6.591 6.564 10.58 2.485 1.436 1.184 0.2723 0.09384 0.1448 0.1342 0.0473 0.02834 0.01415 0.007187 0.001697 0.001132 0.002371
1.023 7.319 31.85 33.65 3.537 3.523 5.677 1.334 0.7709 0.6354 0.1462 0.05037 0.07773 0.07203 0.02539 0.01521 0.007595 0.003858 0.0009106 0.00188
0.87 11.29 18.23 21.2 18.41 1.936 1.928 3.107 0.73 0.4219 0.3478 0.08 0.02757 0.04255 0.03942 0.0139 0.008324 0.004157 0.002111 0.001527
0.8925 8.937 26.28 11.34 10.84 9.418 0.9901 0.9861 1.589 0.3733 0.2158 0.1779 0.04091 0.0141 0.02176 0.02016 0.007106 0.004257 0.002126 0.001861
1.051 10.94 24.66 19.45 6.911 6.607 5.738 0.6033 0.6008 0.9681 0.2275 0.1315 0.1084 0.02493 0.00859 0.01326 0.01228 0.00433 0.002594 0.002429
1.302 10.86 25.47 15.25 9.877 3.509 3.354 2.913 0.3063 0.305 0.4915 0.1155 0.06675 0.05502 0.01266 0.004361 0.006731 0.006237 0.002198 0.00255
2.473 13.21 25 15.69 7.721 4.999 1.776 1.698 1.475 0.155 0.1544 0.2488 0.05845 0.03379 0.02785 0.006406 0.002208 0.003407 0.003157 0.002404
1.237 29.01 35.05 17.83 9.21 4.533 2.936 1.043 0.9969 0.8658 0.09103 0.09066 0.1461 0.03432 0.01984 0.01635 0.003761 0.001296 0.002 0.003265
1.923 13.37 70.85 22.88 9.567 4.943 2.433 1.575 0.5597 0.535 0.4647 0.04885 0.04865 0.0784 0.01842 0.01065 0.008775 0.002019 0.0006956 0.002826
0.7926 22.08 34.57 48.96 13 5.437 2.809 1.383 0.8953 0.3181 0.3041 0.2641 0.02776 0.02765 0.04456 0.01047 0.00605 0.004987 0.001147 0.002001
1.613 8.291 52.1 21.72 25.26 6.709 2.805 1.449 0.7134 0.462 0.1641 0.1569 0.1363 0.01433 0.01427 0.02299 0.005401 0.003122 0.002573 0.001625
1.823 16.79 19.56 32.88 11.27 13.11 3.481 1.456 0.7521 0.3702 0.2397 0.08516 0.0814 0.0707 0.007433 0.007403 0.01193 0.002803 0.00162 0.002178
1.738 20.35 42.48 13.29 18.4 6.306 7.335 1.948 0.8145 0.4208 0.2071 0.1341 0.04765 0.04555 0.03956 0.004159 0.004142 0.006675 0.001568 0.002125
0.7331 20.75 54.67 30.55 7.866 10.89 3.731 4.34 1.153 0.4819 0.249 0.1226 0.07936 0.02819 0.02695 0.02341 0.002461 0.002451 0.003949 0.002185
1.418 7.334 46.89 32.86 15.08 3.882 5.372 1.841 2.142 0.5688 0.2378 0.1229 0.06048 0.03917 0.01391 0.0133 0.01155 0.001214 0.00121 0.003028
1.66 16.13 18.84 32.28 18.61 8.539 2.199 3.043 1.043 1.213 0.3222 0.1347 0.0696 0.03426 0.02218 0.007881 0.007534 0.006543 0.0006879 0.0024
0.9413 19.34 42.19 13.14 18.5 10.67 4.894 1.26 1.744 0.5977 0.6953 0.1846 0.07721 0.03989 0.01963 0.01271 0.004517 0.004318 0.00375 0.00177
0.3058 9.27 43.01 24.9 6.365 8.963 5.168 2.371 0.6105 0.8448 0.2896 0.3368 0.08945 0.0374 0.01932 0.009511 0.006159 0.002188 0.002092 0.002674
1.156 3.457 23.67 29.42 14.02 3.582 5.044 2.908 1.334 0.3436 0.4755 0.163 0.1896 0.05034 0.02105 0.01088 0.005353 0.003466 0.001231 0.002682
1.247 12.4 8.383 15.34 15.67 7.465 1.908 2.686 1.549 0.7106 0.183 0.2532 0.08679 0.101 0.02681 0.01121 0.005792 0.002851 0.001846 0.002084
0.6939 13.96 31.33 5.665 8.523 8.708 4.148 1.06 1.493 0.8608 0.3949 0.1017 0.1407 0.04823 0.05611 0.0149 0.00623 0.003219 0.001584 0.002184
0.9739 7.101 32.38 19.42 2.886 4.342 4.436 2.113 0.5401 0.7606 0.4385 0.2012 0.0518 0.07169 0.02457 0.02858 0.00759 0.003174 0.00164 0.00192
1.783 10.95 18.09 22.16 10.94 1.626 2.446 2.499 1.191 0.3043 0.4285 0.247 0.1133 0.02918 0.04039 0.01384 0.0161 0.004276 0.001788 0.002005
0.5988 20.66 28.6 12.66 12.76 6.297 0.9359 1.408 1.439 0.6854 0.1752 0.2467 0.1422 0.06525 0.0168 0.02325 0.007969 0.00927 0.002462 0.002184
0.9743 6.665 51.68 19.05 6.925 6.98 3.446 0.5122 0.7705 0.7873 0.3751 0.09586 0.135 0.07783 0.0357 0.009194 0.01272 0.004361 0.005073 0.002542
0.7414 10.75 16.5 34 10.29 3.741 3.771 1.862 0.2767 0.4162 0.4253 0.2026 0.05178 0.07292 0.04204 0.01929 0.004966 0.006873 0.002356 0.004113
1.658 7.241 23.75 9.698 16.41 4.966 1.805 1.819 0.8982 0.1335 0.2008 0.2052 0.09776 0.02498 0.03518 0.02029 0.009306 0.002396 0.003316 0.003121
1.381 20.37 20.01 17.6 5.915 10.01 3.029 1.101 1.11 0.5478 0.08142 0.1225 0.1252 0.05962 0.01524 0.02146 0.01237 0.005676 0.001462 0.003926
0.767 14.66 48.57 12.66 9.142 3.073 5.198 1.573 0.5719 0.5765 0.2846 0.04229 0.06363 0.06502 0.03097 0.007916 0.01115 0.006427 0.002949 0.002799
0.6604 8.5 36.49 32.17 6.89 4.974 1.672 2.828 0.856 0.3112 0.3136 0.1548 0.02301 0.03462 0.03538 0.01685 0.004307 0.006065 0.003497 0.003127
0.478 6.647 19.33 22.08 15.98 3.423 2.471 0.8306 1.405 0.4253 0.1546 0.1558 0.07692 0.01143 0.0172 0.01758 0.008372 0.00214 0.003013 0.003291
1.033 5.185 16.34 12.74 11.97 8.665 1.856 1.34 0.4503 0.7618 0.2306 0.08382 0.08448 0.04171 0.006199 0.009326 0.009529 0.004539 0.00116 0.003418
1.412 11.88 13.47 11.37 7.297 6.857 4.964 1.063 0.7675 0.258 0.4364 0.1321 0.04802 0.0484 0.02389 0.003551 0.005343 0.005459 0.0026 0.002623
1.06 15.86 30.02 9.076 6.3 4.042 3.798 2.75 0.589 0.4252 0.1429 0.2417 0.07317 0.0266 0.02681 0.01324 0.001967 0.002959 0.003024 0.002893
1.376 10.95 36.96 18.64 4.627 3.212 2.061 1.937 1.402 0.3003 0.2168 0.07286 0.1232 0.03731 0.01356 0.01367 0.006748 0.001003 0.001509 0.003017
1.209 16.4 29.3 26.44 10.96 2.722 1.89 1.213 1.139 0.8248 0.1767 0.1275 0.04286 0.07251 0.02195 0.007979 0.008042 0.00397 0.0005901 0.002663
