 landings-at-age - landings.n (units : NA )
1	2	
42	100	
1	20	
1 
0.00602 0.05292 0.1232 0.1119 0.05862 0.05814 0.2153 0.04748 0.01383 0.008808 0.00806 0.007595 0.005086 0.002808 0.004637 0.00208 0.0006814 0.0004412 0.002417 0.002409
0.009211 0.0676 0.1485 0.1027 0.07847 0.0411 0.04077 0.1509 0.03329 0.009694 0.006176 0.005651 0.005325 0.003566 0.001969 0.003251 0.001458 0.0004778 0.0003093 0.003383
0.09637 1.625 2.967 1.935 1.125 0.8597 0.4503 0.4466 1.654 0.3647 0.1062 0.06766 0.06192 0.05834 0.03907 0.02157 0.03562 0.01598 0.005235 0.04046
0.1227 2.089 8.713 4.694 2.571 1.495 1.142 0.5983 0.5934 2.197 0.4846 0.1411 0.08989 0.08226 0.07752 0.05191 0.02866 0.04733 0.02123 0.06071
0.3145 2.034 8.518 10.42 4.709 2.579 1.5 1.146 0.6001 0.5952 2.204 0.4861 0.1415 0.09017 0.08252 0.07775 0.05207 0.02875 0.04747 0.08219
0.1729 4.654 7.359 8.983 9.205 4.16 2.278 1.325 1.012 0.5301 0.5258 1.947 0.4294 0.125 0.07966 0.0729 0.06869 0.046 0.02539 0.1145
0.2445 2.4 15.7 7.194 7.347 7.529 3.402 1.863 1.084 0.8278 0.4336 0.4301 1.592 0.3512 0.1023 0.06515 0.05962 0.05618 0.03762 0.1145
0.2464 3.257 7.724 14.56 5.572 5.691 5.832 2.635 1.443 0.8394 0.6412 0.3358 0.3331 1.233 0.272 0.07921 0.05046 0.04618 0.04351 0.1178
0.8175 3.188 10.12 6.872 10.81 4.138 4.225 4.33 1.957 1.071 0.6233 0.4761 0.2494 0.2473 0.9159 0.202 0.05881 0.03747 0.03429 0.1198
1.891 10.35 9.64 8.708 4.928 7.75 2.967 3.03 3.105 1.403 0.7683 0.4469 0.3414 0.1788 0.1774 0.6567 0.1448 0.04217 0.02687 0.1105
0.3828 23.54 30.58 8.057 6.058 3.428 5.391 2.064 2.108 2.16 0.976 0.5345 0.3109 0.2375 0.1244 0.1234 0.4569 0.1008 0.02934 0.09554
0.4124 4.699 68.2 24.91 5.456 4.102 2.321 3.651 1.398 1.427 1.463 0.661 0.3619 0.2105 0.1608 0.08424 0.08355 0.3094 0.06823 0.08457
0.4486 5.005 13.38 54.28 16.46 3.605 2.711 1.534 2.412 0.9235 0.9431 0.9664 0.4367 0.2391 0.1391 0.1063 0.05566 0.05521 0.2044 0.101
0.381 5.391 14.04 10.42 35.05 10.63 2.328 1.75 0.9905 1.558 0.5963 0.609 0.6241 0.282 0.1544 0.08983 0.06862 0.03594 0.03565 0.1972
1.436 4.541 14.9 10.71 6.587 22.15 6.717 1.471 1.106 0.6259 0.9844 0.3768 0.3849 0.3944 0.1782 0.09759 0.05677 0.04336 0.02271 0.1471
0.7729 16.98 12.39 11.16 6.631 4.078 13.71 4.158 0.9107 0.6848 0.3875 0.6094 0.2333 0.2383 0.2441 0.1103 0.06042 0.03514 0.02685 0.1052
0.2612 9.082 45.77 9.104 6.771 4.025 2.475 8.322 2.524 0.5527 0.4156 0.2352 0.3699 0.1416 0.1446 0.1482 0.06696 0.03667 0.02133 0.08012
0.6056 3.051 24.19 33.04 5.421 4.032 2.396 1.474 4.955 1.503 0.3291 0.2475 0.14 0.2202 0.08431 0.0861 0.08823 0.03987 0.02183 0.06041
1.269 7.035 8.037 17.16 19.31 3.168 2.357 1.401 0.8613 2.896 0.8783 0.1924 0.1446 0.08185 0.1287 0.04928 0.05033 0.05157 0.0233 0.04807
1.58 14.66 18.33 5.607 9.851 11.08 1.819 1.353 0.8039 0.4943 1.662 0.5041 0.1104 0.08302 0.04698 0.07388 0.02828 0.02888 0.0296 0.04096
0.3849 18.18 37.82 12.58 3.161 5.554 6.25 1.025 0.7626 0.4533 0.2787 0.9373 0.2842 0.06225 0.04681 0.02649 0.04166 0.01595 0.01629 0.03979
0.4903 4.196 44.36 24.43 6.668 1.675 2.943 3.312 0.5434 0.4041 0.2402 0.1477 0.4967 0.1506 0.03299 0.02481 0.01404 0.02208 0.008451 0.02972
1.622 5.346 10.24 28.65 12.95 3.534 0.8879 1.56 1.755 0.288 0.2142 0.1273 0.07828 0.2632 0.07982 0.01748 0.01315 0.007439 0.0117 0.02023
0.8007 17.68 13.04 6.613 15.18 6.861 1.873 0.4705 0.8266 0.9301 0.1526 0.1135 0.06746 0.04148 0.1395 0.0423 0.009265 0.006966 0.003942 0.01692
0.5676 8.729 43.14 8.425 3.504 8.047 3.636 0.9923 0.2493 0.4381 0.4929 0.08087 0.06015 0.03575 0.02198 0.07392 0.02242 0.00491 0.003692 0.01105
1.55 6.188 21.3 27.86 4.465 1.857 4.264 1.927 0.5259 0.1321 0.2321 0.2612 0.04286 0.03187 0.01894 0.01165 0.03918 0.01188 0.002602 0.007815
0.4246 16.9 15.1 13.76 14.77 2.366 0.9841 2.26 1.021 0.2787 0.07002 0.123 0.1384 0.02271 0.01689 0.01004 0.006174 0.02076 0.006296 0.00552
0.3078 4.628 41.23 9.752 7.29 7.825 1.254 0.5215 1.198 0.5411 0.1477 0.03711 0.0652 0.07336 0.01204 0.008952 0.00532 0.003272 0.011 0.006262
1.456 3.356 11.29 26.63 5.168 3.864 4.147 0.6644 0.2764 0.6346 0.2868 0.07826 0.01967 0.03455 0.03887 0.006378 0.004744 0.002819 0.001734 0.009149
1.559 15.87 8.187 7.294 14.11 2.739 2.047 2.198 0.3521 0.1465 0.3363 0.152 0.04148 0.01042 0.01831 0.0206 0.00338 0.002514 0.001494 0.005767
2.817 17 38.73 5.288 3.866 7.479 1.451 1.085 1.165 0.1866 0.07762 0.1782 0.08053 0.02198 0.005523 0.009703 0.01092 0.001791 0.001332 0.003848
0.4985 30.72 41.47 25.02 2.802 2.049 3.963 0.7691 0.575 0.6172 0.09888 0.04113 0.09445 0.04268 0.01165 0.002927 0.005142 0.005786 0.0009492 0.002745
2.02 5.435 74.94 26.79 13.26 1.485 1.086 2.1 0.4076 0.3047 0.3271 0.0524 0.0218 0.05005 0.02262 0.006173 0.001551 0.002725 0.003066 0.001958
0.4733 22.02 13.26 48.41 14.2 7.026 0.787 0.5753 1.113 0.216 0.1615 0.1733 0.02777 0.01155 0.02653 0.01199 0.003271 0.0008219 0.001444 0.002662
1.116 5.16 53.74 8.565 25.65 7.523 3.723 0.4171 0.3049 0.5899 0.1145 0.08557 0.09185 0.01472 0.006121 0.01406 0.006352 0.001734 0.0004356 0.002176
1.673 12.16 12.59 34.71 4.539 13.59 3.987 1.973 0.221 0.1616 0.3126 0.06066 0.04535 0.04868 0.007799 0.003244 0.007449 0.003366 0.0009187 0.001384
0.4572 18.24 29.68 8.132 18.39 2.405 7.204 2.113 1.046 0.1171 0.08562 0.1657 0.03215 0.02403 0.0258 0.004133 0.001719 0.003948 0.001784 0.00122
0.3537 4.984 44.5 19.17 4.31 9.747 1.275 3.818 1.12 0.5541 0.06207 0.04537 0.08779 0.01704 0.01274 0.01367 0.00219 0.000911 0.002092 0.001592
0.6598 3.856 12.16 28.75 10.16 2.284 5.165 0.6755 2.023 0.5933 0.2936 0.03289 0.02404 0.04652 0.009028 0.006749 0.007244 0.001161 0.0004828 0.001952
2.202 7.193 9.408 7.855 15.23 5.384 1.21 2.737 0.358 1.072 0.3144 0.1556 0.01743 0.01274 0.02465 0.004784 0.003577 0.003839 0.0006151 0.001291
0.8041 23.43 17.17 5.946 4.074 7.9 2.792 0.6276 1.42 0.1856 0.556 0.163 0.0807 0.00904 0.006608 0.01279 0.002481 0.001855 0.001991 0.0009882
2.714 8.558 56.07 10.91 3.103 2.126 4.122 1.457 0.3275 0.7408 0.09688 0.2901 0.08508 0.04211 0.004717 0.003448 0.006672 0.001295 0.0009679 0.001555
1.536 28.89 20.54 35.84 5.73 1.629 1.116 2.165 0.765 0.172 0.389 0.05087 0.1523 0.04468 0.02211 0.002477 0.001811 0.003503 0.0006798 0.001325
1.667 16.35 69.5 13.2 18.94 3.027 0.8608 0.5897 1.144 0.4042 0.09086 0.2055 0.02687 0.08049 0.0236 0.01168 0.001309 0.0009566 0.001851 0.001059
0.9783 17.75 39.44 44.92 7.017 10.07 1.609 0.4576 0.3135 0.6079 0.2148 0.0483 0.1092 0.01429 0.04279 0.01255 0.00621 0.0006957 0.0005085 0.001547
0.4316 10.41 42.93 25.63 24.02 3.753 5.384 0.8606 0.2447 0.1677 0.3251 0.1149 0.02583 0.05842 0.007641 0.02288 0.006711 0.003321 0.0003721 0.001099
0.5268 4.594 25.25 28.05 13.79 12.93 2.019 2.897 0.4631 0.1317 0.09021 0.1749 0.06183 0.0139 0.03144 0.004111 0.01231 0.003611 0.001787 0.0007917
0.5562 5.605 11.17 16.59 15.18 7.465 6.998 1.093 1.568 0.2507 0.07128 0.04883 0.0947 0.03347 0.007524 0.01702 0.002225 0.006665 0.001955 0.001396
2.922 5.918 13.66 7.376 9.033 8.268 4.065 3.81 0.5952 0.8539 0.1365 0.03882 0.02659 0.05157 0.01823 0.004097 0.009267 0.001212 0.00363 0.001825
2.107 31.08 14.46 9.07 4.04 4.948 4.529 2.227 2.087 0.326 0.4677 0.07477 0.02126 0.01457 0.02825 0.009983 0.002244 0.005076 0.0006638 0.002988
1.037 22.41 76.1 9.648 4.997 2.226 2.726 2.495 1.227 1.15 0.1796 0.2577 0.0412 0.01171 0.008025 0.01556 0.0055 0.001236 0.002797 0.002012
0.5207 11.02 55 51.05 5.346 2.769 1.233 1.511 1.383 0.6798 0.6372 0.09954 0.1428 0.02283 0.006491 0.004447 0.008624 0.003048 0.0006852 0.002664
1.065 5.532 27.1 37.08 28.45 2.98 1.543 0.6874 0.8418 0.7705 0.3788 0.3551 0.05547 0.07958 0.01272 0.003618 0.002478 0.004806 0.001699 0.001867
0.5331 11.31 13.64 18.36 20.78 15.94 1.67 0.8648 0.3852 0.4718 0.4318 0.2123 0.199 0.03109 0.0446 0.007129 0.002027 0.001389 0.002693 0.001998
1.731 5.656 27.94 9.286 10.35 11.71 8.984 0.9409 0.4873 0.2171 0.2658 0.2433 0.1196 0.1121 0.01752 0.02513 0.004017 0.001142 0.0007826 0.002644
2.057 18.35 14 19.12 5.261 5.863 6.634 5.09 0.533 0.2761 0.123 0.1506 0.1379 0.06778 0.06353 0.009924 0.01424 0.002276 0.0006472 0.001941
0.8005 21.78 45.49 9.622 10.89 2.996 3.339 3.778 2.899 0.3036 0.1572 0.07004 0.08577 0.07851 0.0386 0.03618 0.005652 0.008108 0.001296 0.001474
0.2411 8.471 54.1 31.41 5.508 6.232 1.715 1.911 2.163 1.659 0.1738 0.09001 0.04009 0.0491 0.04494 0.0221 0.02071 0.003236 0.004642 0.001586
0.5544 2.548 21.07 37.52 18.07 3.169 3.585 0.9867 1.1 1.244 0.9546 0.09998 0.05178 0.02306 0.02825 0.02586 0.01271 0.01192 0.001861 0.003583
