 landings-at-age - landings.n (units : NA )
1	2	
42	100	
1	20	
1 
0.4258 3.718 8.389 7.328 3.805 3.775 13.98 3.082 0.8975 0.5718 0.5233 0.4931 0.3302 0.1823 0.301 0.135 0.04424 0.02864 0.1569 0.1564
0.369 2.71 5.803 3.79 2.767 1.437 1.425 5.278 1.164 0.3389 0.2159 0.1976 0.1862 0.1247 0.06884 0.1137 0.05099 0.01671 0.01082 0.1183
0.3596 6.081 10.92 6.83 3.738 2.73 1.417 1.406 5.206 1.148 0.3343 0.213 0.1949 0.1836 0.123 0.0679 0.1121 0.0503 0.01648 0.1274
0.216 3.684 15.23 7.941 4.154 2.273 1.66 0.862 0.855 3.166 0.6982 0.2033 0.1295 0.1185 0.1117 0.07479 0.04129 0.06819 0.03059 0.08747
0.5005 3.239 13.44 16.13 7.038 3.681 2.015 1.471 0.764 0.7578 2.806 0.6188 0.1802 0.1148 0.105 0.09898 0.06629 0.0366 0.06043 0.1046
0.1764 4.742 7.473 8.952 8.978 3.918 2.05 1.122 0.8191 0.4253 0.4219 1.562 0.3445 0.1003 0.06391 0.05849 0.05511 0.03691 0.02037 0.0919
0.1715 1.685 11.07 5.059 5.069 5.083 2.219 1.161 0.6352 0.4638 0.2408 0.2389 0.8845 0.1951 0.0568 0.03619 0.03312 0.0312 0.0209 0.06358
0.1809 2.391 5.727 10.94 4.184 4.192 4.204 1.835 0.9599 0.5253 0.3836 0.1992 0.1976 0.7315 0.1613 0.04698 0.02993 0.02739 0.02581 0.06986
0.5371 2.091 6.723 4.657 7.435 2.845 2.85 2.859 1.248 0.6526 0.3572 0.2608 0.1354 0.1343 0.4974 0.1097 0.03194 0.02035 0.01862 0.06505
1.01 5.528 5.243 4.873 2.822 4.505 1.724 1.727 1.732 0.7559 0.3954 0.2164 0.158 0.08205 0.08139 0.3014 0.06646 0.01935 0.01233 0.05069
0.2015 12.39 16.5 4.529 3.521 2.039 3.255 1.245 1.248 1.251 0.5461 0.2857 0.1564 0.1142 0.05929 0.0588 0.2177 0.04802 0.01398 0.04554
0.2166 2.459 36.68 14.1 3.236 2.515 1.457 2.325 0.8897 0.8914 0.894 0.3902 0.2041 0.1117 0.08157 0.04236 0.04201 0.1556 0.03431 0.04252
0.1936 2.16 5.962 25.63 8.231 1.889 1.468 0.8503 1.357 0.5194 0.5204 0.5219 0.2278 0.1191 0.06521 0.04761 0.02473 0.02452 0.09081 0.04485
0.1573 2.244 6.084 4.852 17.43 5.599 1.285 0.9989 0.5784 0.9235 0.3533 0.354 0.355 0.1549 0.08105 0.04436 0.03239 0.01682 0.01668 0.09229
0.6 1.904 6.588 5.154 3.435 12.35 3.965 0.9099 0.7073 0.4096 0.6539 0.2502 0.2507 0.2514 0.1097 0.05739 0.03141 0.02294 0.01191 0.07716
0.2932 6.418 4.941 4.924 3.218 2.145 7.707 2.475 0.5681 0.4416 0.2557 0.4082 0.1562 0.1565 0.1569 0.0685 0.03583 0.01961 0.01432 0.05561
0.08944 3.085 16.41 3.643 3.033 1.982 1.321 4.748 1.525 0.35 0.272 0.1575 0.2515 0.09623 0.09641 0.09669 0.0422 0.02207 0.01208 0.04308
0.2099 1.044 8.742 13.42 2.492 2.074 1.356 0.9036 3.247 1.043 0.2393 0.1861 0.1077 0.172 0.06581 0.06593 0.06613 0.02886 0.0151 0.03773
0.3523 1.962 2.377 5.749 7.376 1.369 1.14 0.745 0.4965 1.784 0.5731 0.1315 0.1022 0.0592 0.09451 0.03616 0.03623 0.03633 0.01586 0.02902
0.4023 3.767 5.122 1.799 3.639 4.669 0.8666 0.7215 0.4716 0.3143 1.129 0.3627 0.08324 0.06471 0.03747 0.05982 0.02289 0.02293 0.023 0.02841
0.07281 3.376 7.752 3.062 0.8997 1.82 2.335 0.4334 0.3608 0.2358 0.1572 0.5648 0.1814 0.04163 0.03236 0.01874 0.02992 0.01145 0.01147 0.02571
0.1036 0.8604 9.791 6.561 2.171 0.6379 1.29 1.656 0.3073 0.2558 0.1672 0.1114 0.4005 0.1286 0.02952 0.02294 0.01329 0.02121 0.008116 0.02636
0.5489 1.819 3.679 12.18 6.839 2.263 0.6649 1.345 1.726 0.3203 0.2667 0.1743 0.1162 0.4174 0.1341 0.03077 0.02392 0.01385 0.02211 0.03594
0.1778 4.079 3.305 1.931 5.344 2.999 0.9924 0.2916 0.5898 0.7568 0.1405 0.117 0.07644 0.05095 0.1831 0.0588 0.01349 0.01049 0.006074 0.02546
0.1066 1.643 9.263 2.188 1.071 2.963 1.663 0.5502 0.1617 0.327 0.4196 0.07788 0.06484 0.04237 0.02824 0.1015 0.0326 0.00748 0.005815 0.01748
0.5472 2.107 7.913 13.01 2.575 1.26 3.487 1.957 0.6475 0.1903 0.3848 0.4938 0.09165 0.0763 0.04987 0.03324 0.1194 0.03836 0.008804 0.02742
0.09952 4.078 3.84 4.17 5.73 1.134 0.5549 1.536 0.8619 0.2852 0.0838 0.1695 0.2175 0.04037 0.03361 0.02196 0.01464 0.05261 0.0169 0.01595
0.0749 1.167 11.72 3.215 2.924 4.018 0.7953 0.3891 1.077 0.6044 0.2 0.05876 0.1188 0.1525 0.0283 0.02356 0.0154 0.01026 0.03689 0.02303
0.4438 1.015 3.863 11.29 2.593 2.358 3.24 0.6414 0.3138 0.8683 0.4874 0.1613 0.04739 0.09584 0.123 0.02283 0.019 0.01242 0.008278 0.04832
0.4731 4.974 2.776 3.061 7.48 1.719 1.563 2.148 0.4251 0.208 0.5755 0.323 0.1069 0.03141 0.06352 0.08151 0.01513 0.0126 0.008232 0.03751
0.7602 4.639 11.92 1.929 1.779 4.349 0.9991 0.9087 1.248 0.2472 0.1209 0.3346 0.1878 0.06214 0.01826 0.03693 0.04739 0.008796 0.007323 0.0266
0.1138 6.764 10.13 7.574 1.026 0.9464 2.313 0.5314 0.4833 0.664 0.1314 0.06431 0.178 0.09988 0.03305 0.009711 0.01964 0.0252 0.004678 0.01804
0.7746 2.178 31.52 13.75 8.617 1.167 1.077 2.631 0.6045 0.5498 0.7554 0.1495 0.07316 0.2025 0.1136 0.0376 0.01105 0.02234 0.02867 0.02584
0.1276 6.532 4.482 18.72 6.828 4.277 0.5794 0.5345 1.306 0.3001 0.2729 0.375 0.07423 0.03632 0.1005 0.05641 0.01866 0.005484 0.01109 0.02706
0.2616 1.33 16.67 3.324 11.62 4.238 2.655 0.3596 0.3317 0.8107 0.1862 0.1694 0.2327 0.04607 0.02254 0.06237 0.03501 0.01158 0.003404 0.02368
0.523 3.897 4.825 17.57 2.933 10.26 3.74 2.343 0.3174 0.2927 0.7154 0.1644 0.1495 0.2054 0.04066 0.01989 0.05504 0.03089 0.01022 0.0239
0.1471 5.927 10.73 3.838 11.68 1.95 6.819 2.487 1.558 0.211 0.1946 0.4757 0.1093 0.09939 0.1366 0.02703 0.01323 0.0366 0.02054 0.02269
0.1194 1.686 16.49 8.62 2.577 7.843 1.309 4.578 1.669 1.046 0.1417 0.1307 0.3193 0.07337 0.06673 0.09168 0.01815 0.008879 0.02457 0.02902
0.2131 1.236 4.243 11.98 5.233 1.564 4.762 0.7949 2.779 1.014 0.6349 0.08601 0.07934 0.1939 0.04455 0.04051 0.05566 0.01102 0.005391 0.03254
0.6765 2.288 3.233 3.208 7.573 3.308 0.9888 3.01 0.5024 1.757 0.6406 0.4013 0.05436 0.05015 0.1226 0.02816 0.02561 0.03518 0.006965 0.02397
0.1961 5.749 4.758 1.947 1.616 3.815 1.666 0.4982 1.516 0.2531 0.885 0.3227 0.2022 0.02739 0.02526 0.06174 0.01418 0.0129 0.01772 0.01559
0.7423 2.245 16.12 3.887 1.332 1.105 2.609 1.14 0.3407 1.037 0.1731 0.6053 0.2208 0.1383 0.01873 0.01728 0.04223 0.009702 0.008824 0.02278
0.5854 10.82 7.976 16.66 3.362 1.152 0.9564 2.257 0.9861 0.2948 0.8973 0.1498 0.5237 0.191 0.1196 0.01621 0.01495 0.03653 0.008393 0.02734
0.5905 6.413 28.86 6.155 10.75 2.17 0.7435 0.6171 1.456 0.6362 0.1902 0.5789 0.09664 0.3379 0.1232 0.07719 0.01046 0.009645 0.02357 0.02306
0.3146 6.125 16.22 21.13 3.769 6.581 1.328 0.4553 0.3778 0.8918 0.3896 0.1165 0.3545 0.05917 0.2069 0.07545 0.04726 0.006402 0.005906 0.02855
0.1083 2.803 13.36 10.27 11.19 1.996 3.486 0.7035 0.2411 0.2001 0.4723 0.2063 0.06167 0.1877 0.03134 0.1096 0.03996 0.02503 0.003391 0.01825
0.1125 1.032 6.557 9.114 5.866 6.393 1.14 1.991 0.4019 0.1377 0.1143 0.2698 0.1179 0.03523 0.1072 0.0179 0.06259 0.02283 0.0143 0.01236
0.1973 2.03 4.543 8.423 9.811 6.315 6.882 1.227 2.144 0.4327 0.1483 0.1231 0.2905 0.1269 0.03793 0.1155 0.01927 0.06738 0.02457 0.0287
1.236 2.519 6.292 4.069 6.309 7.348 4.73 5.154 0.9193 1.605 0.324 0.1111 0.09216 0.2175 0.09503 0.02841 0.08647 0.01443 0.05047 0.0399
0.9768 14.2 7.013 5.046 2.726 4.227 4.923 3.169 3.453 0.6159 1.076 0.2171 0.0744 0.06175 0.1457 0.06367 0.01903 0.05793 0.00967 0.06054
0.4594 9.721 34.32 4.88 2.933 1.584 2.457 2.861 1.842 2.007 0.358 0.6252 0.1262 0.04324 0.03589 0.08471 0.037 0.01106 0.03367 0.04081
0.1671 3.554 18.39 18.78 2.233 1.342 0.7249 1.124 1.309 0.8426 0.9182 0.1638 0.286 0.05773 0.01978 0.01642 0.03875 0.01693 0.00506 0.03407
0.2753 1.583 8.268 12.48 10.67 1.268 0.7621 0.4117 0.6383 0.7435 0.4786 0.5215 0.09302 0.1624 0.03279 0.01124 0.009325 0.02201 0.009615 0.02223
0.1446 3.29 4.648 7.096 8.972 7.673 0.9119 0.548 0.2961 0.459 0.5347 0.3441 0.375 0.06689 0.1168 0.02358 0.00808 0.006706 0.01583 0.0229
0.6076 2.024 11.28 4.645 5.942 7.513 6.425 0.7636 0.4589 0.2479 0.3844 0.4477 0.2882 0.314 0.05601 0.09782 0.01974 0.006766 0.005615 0.03243
0.9417 8.373 6.793 10.99 3.788 4.845 6.126 5.239 0.6227 0.3742 0.2022 0.3134 0.3651 0.235 0.2561 0.04568 0.07976 0.0161 0.005517 0.03102
0.4436 12.06 26 6.091 8.235 2.84 3.632 4.592 3.927 0.4668 0.2805 0.1515 0.235 0.2737 0.1761 0.192 0.03424 0.05979 0.01207 0.02739
0.08994 3.187 21.16 13.16 2.574 3.481 1.2 1.535 1.941 1.66 0.1973 0.1186 0.06406 0.09931 0.1157 0.07445 0.08114 0.01447 0.02527 0.01668
0.2082 0.9884 8.581 16.59 8.636 1.69 2.285 0.7879 1.008 1.274 1.09 0.1295 0.07784 0.04205 0.06519 0.07593 0.04888 0.05326 0.0095 0.02754
