 landings-at-age - landings.n (units : NA )
1	2	
2	100	
1	20	
1 
0.02659 0.2984 0.8352 0.6934 0.4839 0.3377 0.2357 0.1644 0.1148 0.08008 0.05589 0.039 0.02722 0.01899 0.01325 0.009249 0.006454 0.004504 0.003143 0.007259
0.005376 0.05216 0.1462 0.1214 0.08475 0.05914 0.04127 0.0288 0.0201 0.01403 0.009787 0.00683 0.004766 0.003326 0.002321 0.00162 0.00113 0.0007888 0.0005504 0.001271
0.00332 0.06036 0.1464 0.1219 0.08515 0.05942 0.04147 0.02894 0.02019 0.01409 0.009834 0.006862 0.004789 0.003342 0.002332 0.001627 0.001136 0.0007925 0.000553 0.001277
0.004066 0.03728 0.1694 0.122 0.08549 0.0597 0.04166 0.02907 0.02029 0.01416 0.00988 0.006895 0.004811 0.003358 0.002343 0.001635 0.001141 0.0007963 0.0005557 0.001283
0.004161 0.04566 0.1046 0.1412 0.08557 0.05994 0.04186 0.02921 0.02038 0.01423 0.009927 0.006927 0.004834 0.003374 0.002354 0.001643 0.001146 8e-04 0.0005583 0.001289
0.003795 0.04672 0.1281 0.08723 0.09902 0.06 0.04203 0.02935 0.02048 0.01429 0.009974 0.00696 0.004857 0.00339 0.002365 0.001651 0.001152 0.0008038 0.0005609 0.001295
0.003853 0.04261 0.1311 0.1068 0.06116 0.06943 0.04207 0.02947 0.02058 0.01436 0.01002 0.006993 0.00488 0.003406 0.002377 0.001658 0.001157 0.0008076 0.0005636 0.001302
0.004453 0.04327 0.1196 0.1093 0.0749 0.04288 0.04868 0.0295 0.02066 0.01443 0.01007 0.007026 0.004903 0.003422 0.002388 0.001666 0.001163 0.0008114 0.0005663 0.001308
0.003296 0.05 0.1214 0.09969 0.07664 0.05252 0.03007 0.03413 0.02068 0.01449 0.01012 0.00706 0.004926 0.003438 0.002399 0.001674 0.001168 0.0008153 0.0005689 0.001314
0.005552 0.03701 0.1403 0.1012 0.0699 0.05374 0.03682 0.02108 0.02393 0.0145 0.01016 0.007093 0.00495 0.003454 0.00241 0.001682 0.001174 0.0008191 0.0005716 0.00132
0.004105 0.06234 0.1038 0.117 0.07098 0.04901 0.03768 0.02582 0.01478 0.01678 0.01017 0.007121 0.004973 0.003471 0.002422 0.00169 0.001179 0.000823 0.0005743 0.001326
0.003806 0.0461 0.1749 0.08659 0.08203 0.04977 0.03436 0.02642 0.0181 0.01036 0.01176 0.007128 0.004993 0.003487 0.002433 0.001698 0.001185 0.0008269 0.0005771 0.001333
0.003231 0.04274 0.1293 0.1459 0.06071 0.05752 0.03489 0.02409 0.01852 0.01269 0.007266 0.008249 0.004998 0.003501 0.002445 0.001706 0.001191 0.0008308 0.0005798 0.001339
0.00514 0.03628 0.1199 0.1079 0.1023 0.04257 0.04033 0.02447 0.01689 0.01299 0.008899 0.005095 0.005784 0.003504 0.002455 0.001714 0.001196 0.0008348 0.0005825 0.001345
0.004525 0.05772 0.1018 0.1 0.07562 0.07171 0.02984 0.02828 0.01715 0.01184 0.009106 0.006239 0.003572 0.004055 0.002457 0.001721 0.001202 0.0008387 0.0005853 0.001352
0.003459 0.05081 0.162 0.0849 0.07011 0.05302 0.05028 0.02093 0.01983 0.01203 0.008305 0.006384 0.004375 0.002505 0.002843 0.001723 0.001207 0.0008427 0.0005881 0.001358
0.00457 0.03884 0.1426 0.135 0.05952 0.04916 0.03718 0.03525 0.01467 0.0139 0.008433 0.005823 0.004476 0.003067 0.001756 0.001994 0.001208 0.000846 0.0005908 0.001365
0.004542 0.05132 0.109 0.1189 0.09469 0.04174 0.03447 0.02607 0.02472 0.01029 0.009746 0.005913 0.004083 0.003139 0.002151 0.001231 0.001398 0.0008469 0.0005932 0.001371
0.003958 0.05099 0.144 0.09088 0.08336 0.06639 0.02926 0.02417 0.01828 0.01733 0.007213 0.006833 0.004146 0.002862 0.002201 0.001508 0.0008633 0.00098 0.0005938 0.001377
0.003533 0.04444 0.1431 0.1201 0.06372 0.05844 0.04655 0.02052 0.01694 0.01281 0.01215 0.005057 0.004791 0.002907 0.002007 0.001543 0.001057 0.0006053 0.0006871 0.001382
0.003854 0.03967 0.1247 0.1193 0.08419 0.04468 0.04098 0.03264 0.01439 0.01188 0.008985 0.00852 0.003546 0.003359 0.002038 0.001407 0.001082 0.0007413 0.0004244 0.001451
0.003604 0.04327 0.1113 0.104 0.08366 0.05903 0.03133 0.02873 0.02288 0.01009 0.00833 0.0063 0.005974 0.002486 0.002355 0.001429 0.0009866 0.0007585 0.0005197 0.001315
0.006357 0.04047 0.1214 0.09283 0.07291 0.05866 0.04139 0.02196 0.02014 0.01604 0.007072 0.005841 0.004417 0.004188 0.001743 0.001651 0.001002 0.0006918 0.0005318 0.001286
0.001986 0.07138 0.1135 0.1012 0.06509 0.05112 0.04113 0.02902 0.0154 0.01412 0.01125 0.004958 0.004095 0.003097 0.002937 0.001222 0.001158 0.0007025 0.000485 0.001275
0.003071 0.0223 0.2003 0.09469 0.07099 0.04564 0.03584 0.02884 0.02035 0.0108 0.009903 0.007888 0.003477 0.002871 0.002171 0.002059 0.0008569 0.0008118 0.0004925 0.001234
0.00397 0.03448 0.06258 0.167 0.06639 0.04977 0.032 0.02513 0.02022 0.01427 0.007571 0.006944 0.00553 0.002438 0.002013 0.001522 0.001444 0.0006008 0.0005692 0.00121
0.006017 0.04458 0.09675 0.05218 0.1171 0.04655 0.0349 0.02243 0.01762 0.01418 0.01 0.005308 0.004868 0.003878 0.001709 0.001411 0.001067 0.001012 0.0004213 0.001248
0.004485 0.06756 0.1251 0.08068 0.03659 0.08211 0.03264 0.02447 0.01573 0.01235 0.009939 0.007013 0.003722 0.003413 0.002719 0.001198 0.0009897 0.0007484 0.0007097 0.00117
0.006069 0.05036 0.1896 0.1043 0.05657 0.02565 0.05757 0.02288 0.01716 0.01103 0.008662 0.006969 0.004917 0.00261 0.002393 0.001906 0.0008402 0.0006939 0.0005247 0.001318
0.003992 0.06815 0.1413 0.1581 0.07313 0.03966 0.01799 0.04036 0.01604 0.01203 0.007733 0.006074 0.004886 0.003448 0.00183 0.001678 0.001337 0.0005891 0.0004865 0.001292
0.0043 0.04482 0.1912 0.1178 0.1108 0.05128 0.02781 0.01261 0.0283 0.01125 0.008434 0.005422 0.004258 0.003426 0.002417 0.001283 0.001177 0.0009371 0.000413 0.001247
0.003508 0.04829 0.1258 0.1595 0.08261 0.07772 0.03595 0.0195 0.008842 0.01984 0.007887 0.005914 0.003802 0.002986 0.002402 0.001695 0.0008995 0.0008249 0.000657 0.001164
0.003263 0.03939 0.1355 0.1049 0.1118 0.05792 0.05449 0.02521 0.01367 0.0062 0.01391 0.00553 0.004146 0.002665 0.002093 0.001684 0.001188 0.0006306 0.0005784 0.001277
0.003689 0.03664 0.1105 0.113 0.07353 0.07839 0.04061 0.03821 0.01767 0.009585 0.004347 0.009755 0.003877 0.002907 0.001869 0.001468 0.001181 0.0008332 0.0004422 0.001301
0.004404 0.04142 0.1028 0.09217 0.07922 0.05155 0.05496 0.02848 0.02679 0.01239 0.00672 0.003048 0.00684 0.002719 0.002038 0.00131 0.001029 0.000828 0.0005842 0.001222
0.004813 0.04945 0.1162 0.08574 0.06463 0.05554 0.03615 0.03854 0.01997 0.01878 0.008689 0.004712 0.002137 0.004796 0.001906 0.001429 0.0009187 0.0007216 0.0005805 0.001266
0.006189 0.05405 0.1388 0.09691 0.06011 0.04531 0.03894 0.02534 0.02702 0.014 0.01317 0.006092 0.003304 0.001498 0.003362 0.001336 0.001002 0.0006441 0.0005059 0.001295
0.003945 0.06949 0.1516 0.1157 0.06795 0.04215 0.03177 0.02731 0.01777 0.01895 0.009815 0.009233 0.004271 0.002316 0.001051 0.002358 0.0009371 0.0007026 0.0004516 0.001263
0.01008 0.0443 0.195 0.1265 0.08112 0.04764 0.02955 0.02228 0.01914 0.01246 0.01328 0.006882 0.006474 0.002995 0.001624 0.0007366 0.001653 0.000657 0.0004926 0.001202
0.9771 29.15 29.68 38.09 20.77 13.33 7.825 4.854 3.659 3.145 2.047 2.182 1.13 1.063 0.4919 0.2668 0.121 0.2715 0.1079 0.2784
1.107 10.05 67.83 18.42 19.43 10.6 6.798 3.992 2.476 1.867 1.604 1.044 1.113 0.5767 0.5425 0.251 0.1361 0.06172 0.1385 0.1971
1.62 13.52 27.58 49.85 11.14 11.75 6.408 4.111 2.414 1.497 1.129 0.9701 0.6313 0.6731 0.3487 0.328 0.1518 0.0823 0.03732 0.2029
1.166 16.01 30.15 16.33 24.22 5.413 5.709 3.113 1.997 1.173 0.7275 0.5484 0.4713 0.3067 0.327 0.1694 0.1594 0.07373 0.03998 0.1167
0.9088 12.45 38.77 19.58 8.722 12.94 2.892 3.05 1.663 1.067 0.6265 0.3887 0.293 0.2518 0.1639 0.1747 0.09051 0.08514 0.03939 0.08372
1.339 10.32 32 26.76 11.12 4.955 7.349 1.643 1.733 0.9448 0.6061 0.3559 0.2208 0.1664 0.143 0.09309 0.09924 0.05142 0.04837 0.06993
1.235 14.59 25.43 21.1 14.51 6.031 2.686 3.985 0.8906 0.9393 0.5122 0.3286 0.193 0.1197 0.09023 0.07755 0.05047 0.05381 0.02788 0.06414
0.9934 14.06 37.45 17.47 11.92 8.195 3.407 1.517 2.251 0.5031 0.5306 0.2893 0.1856 0.109 0.06762 0.05097 0.0438 0.02851 0.03039 0.05198
0.7194 9.886 31.73 22.56 8.643 5.897 4.055 1.686 0.7509 1.114 0.2489 0.2626 0.1432 0.09185 0.05394 0.03346 0.02522 0.02168 0.01411 0.04076
0.8659 9.019 27.89 24.03 14.07 5.391 3.678 2.529 1.051 0.4683 0.6946 0.1553 0.1638 0.0893 0.05729 0.03364 0.02087 0.01573 0.01352 0.03422
2.103 9.036 21.17 17.37 12.29 7.193 2.756 1.881 1.293 0.5376 0.2395 0.3552 0.07939 0.08373 0.04566 0.02929 0.0172 0.01067 0.008043 0.02441
1.034 23.73 22.91 14.3 9.639 6.817 3.991 1.529 1.043 0.7175 0.2983 0.1329 0.1971 0.04405 0.04646 0.02533 0.01625 0.009544 0.00592 0.01801
1.134 10.77 55.66 14.28 7.316 4.933 3.489 2.042 0.7826 0.534 0.3672 0.1527 0.06799 0.1008 0.02254 0.02377 0.01296 0.008317 0.004884 0.01225
1.25 11.97 25.7 35.5 7.485 3.835 2.586 1.829 1.071 0.4103 0.2799 0.1925 0.08002 0.03564 0.05287 0.01182 0.01246 0.006796 0.00436 0.008979
0.7713 14.07 30.43 17.5 19.88 4.192 2.148 1.448 1.024 0.5997 0.2298 0.1568 0.1078 0.04482 0.01996 0.02961 0.006618 0.00698 0.003806 0.007471
1.064 8.623 35.43 20.46 9.673 10.99 2.317 1.187 0.8005 0.5662 0.3314 0.127 0.08666 0.05959 0.02477 0.01103 0.01637 0.003658 0.003858 0.006234
0.758 10.78 19.78 21.68 10.29 4.864 5.525 1.165 0.597 0.4025 0.2847 0.1667 0.06386 0.04357 0.02996 0.01246 0.005548 0.008229 0.001839 0.005074
0.5458 9.328 29.83 14.67 13.24 6.28 2.969 3.373 0.7112 0.3644 0.2457 0.1738 0.1017 0.03898 0.0266 0.01829 0.007603 0.003386 0.005023 0.00422
0.664 5.462 21.06 17.88 7.216 6.511 3.089 1.46 1.659 0.3498 0.1792 0.1208 0.08548 0.05004 0.01917 0.01308 0.008996 0.00374 0.001666 0.004547
0.5987 7.161 13.33 13.76 9.612 3.88 3.5 1.661 0.7851 0.8919 0.1881 0.09636 0.06497 0.04595 0.0269 0.01031 0.007034 0.004836 0.002011 0.00334
1.087 7.231 19.44 9.685 8.225 5.744 2.318 2.092 0.9925 0.4692 0.533 0.1124 0.05758 0.03883 0.02746 0.01608 0.00616 0.004203 0.00289 0.003197
0.7204 11.76 17.54 12.5 5.113 4.342 3.032 1.224 1.104 0.5239 0.2477 0.2814 0.05933 0.0304 0.0205 0.0145 0.008487 0.003252 0.002219 0.003214
0.777 7.966 29.15 11.53 6.745 2.758 2.343 1.636 0.6603 0.5957 0.2827 0.1336 0.1518 0.03201 0.0164 0.01106 0.007821 0.004578 0.001754 0.002931
0.6364 7.691 17.79 17.28 5.609 3.281 1.342 1.14 0.7958 0.3212 0.2898 0.1375 0.065 0.07384 0.01557 0.007978 0.005379 0.003804 0.002227 0.002279
0.5497 7.158 19.53 12.1 9.663 3.137 1.835 0.7504 0.6374 0.4451 0.1796 0.1621 0.0769 0.03636 0.0413 0.008709 0.004462 0.003008 0.002128 0.00252
0.4679 5.952 17.5 12.76 6.493 5.186 1.684 0.985 0.4028 0.3421 0.2389 0.09642 0.08699 0.04128 0.01951 0.02217 0.004674 0.002395 0.001615 0.002495
0.8864 5.165 14.83 11.65 6.981 3.554 2.839 0.9215 0.5391 0.2204 0.1872 0.1307 0.05277 0.04761 0.02259 0.01068 0.01213 0.002558 0.001311 0.002249
0.6825 9.105 12.02 9.225 5.958 3.57 1.817 1.452 0.4713 0.2757 0.1127 0.09575 0.06686 0.02699 0.02435 0.01155 0.005462 0.006205 0.001308 0.001821
1.151 8.369 25.13 8.899 5.621 3.63 2.175 1.107 0.8845 0.2871 0.168 0.06869 0.05834 0.04074 0.01644 0.01484 0.007039 0.003328 0.00378 0.001906
0.732 11.9 19.48 15.54 4.518 2.854 1.843 1.104 0.5622 0.4491 0.1458 0.08528 0.03488 0.02962 0.02068 0.008349 0.007532 0.003574 0.00169 0.002887
0.6928 7.43 27.39 12 7.866 2.287 1.444 0.9329 0.559 0.2846 0.2273 0.07379 0.04317 0.01765 0.01499 0.01047 0.004226 0.003812 0.001809 0.002317
0.6927 8.124 19.71 19.53 7.044 4.619 1.343 0.8481 0.5477 0.3282 0.1671 0.1335 0.04333 0.02535 0.01037 0.008803 0.006147 0.002481 0.002239 0.002422
0.579 7.489 19.84 12.87 10.48 3.78 2.479 0.7206 0.4552 0.294 0.1762 0.08967 0.07163 0.02325 0.0136 0.005563 0.004724 0.003299 0.001332 0.002501
0.7578 6.649 19.36 13.71 7.311 5.958 2.148 1.409 0.4095 0.2587 0.1671 0.1001 0.05096 0.04071 0.01321 0.007731 0.003161 0.002685 0.001875 0.002178
1.661 7.927 15.69 12.16 7.077 3.773 3.074 1.109 0.7268 0.2113 0.1335 0.0862 0.05166 0.0263 0.021 0.006818 0.003989 0.001631 0.001385 0.002091
1.037 17.29 18.7 9.901 6.312 3.672 1.957 1.595 0.5752 0.3771 0.1096 0.06925 0.04473 0.0268 0.01364 0.0109 0.003538 0.00207 0.0008464 0.001804
1.028 11.58 43.76 12.71 5.54 3.532 2.055 1.095 0.8925 0.3218 0.211 0.06135 0.03875 0.02503 0.015 0.007634 0.006098 0.00198 0.001158 0.001483
0.5381 12.28 31.12 31.47 7.521 3.278 2.09 1.216 0.6481 0.5281 0.1904 0.1249 0.0363 0.02293 0.01481 0.008874 0.004517 0.003608 0.001171 0.001563
0.5973 5.383 27.75 18.71 15.53 3.712 1.618 1.031 0.5999 0.3198 0.2606 0.09398 0.06162 0.01792 0.01132 0.007308 0.004379 0.002229 0.001781 0.001349
0.9462 6.797 13.83 19.1 10.6 8.796 2.102 0.9163 0.5842 0.3398 0.1812 0.1476 0.05323 0.0349 0.01015 0.006409 0.004139 0.00248 0.001263 0.001773
0.9919 11.02 17.77 9.644 10.95 6.073 5.041 1.205 0.5252 0.3348 0.1948 0.1038 0.0846 0.03051 0.02 0.005816 0.003673 0.002372 0.001422 0.00174
0.6628 9.768 24.51 10.49 4.672 5.304 2.942 2.442 0.5837 0.2544 0.1622 0.09434 0.0503 0.04098 0.01478 0.00969 0.002817 0.001779 0.001149 0.001532
0.7115 7.493 24.94 16.77 5.905 2.629 2.985 1.656 1.374 0.3285 0.1432 0.09128 0.0531 0.02831 0.02306 0.008318 0.005454 0.001586 0.001001 0.001509
1.179 7.634 18.17 16.16 8.93 3.145 1.4 1.59 0.8817 0.732 0.1749 0.07625 0.04861 0.02828 0.01508 0.01228 0.00443 0.002904 0.0008444 0.001337
0.5054 13.19 19.28 12.28 8.981 4.963 1.748 0.7782 0.8835 0.49 0.4068 0.09723 0.04238 0.02702 0.01572 0.008378 0.006827 0.002462 0.001614 0.001212
0.5981 5.172 30.59 11.95 6.255 4.575 2.528 0.8903 0.3965 0.4501 0.2496 0.2072 0.04953 0.02159 0.01376 0.008006 0.004268 0.003478 0.001254 0.00144
0.3221 6.722 13.17 20.94 6.733 3.523 2.577 1.424 0.5015 0.2233 0.2536 0.1406 0.1167 0.0279 0.01216 0.007753 0.00451 0.002404 0.001959 0.001518
0.8769 3.734 17.56 9.217 12.05 3.876 2.028 1.484 0.82 0.2887 0.1286 0.146 0.08096 0.06721 0.01606 0.007002 0.004463 0.002596 0.001384 0.002002
1.07 9.76 9.34 11.7 5.043 6.595 2.121 1.11 0.8119 0.4487 0.158 0.07036 0.07988 0.0443 0.03678 0.00879 0.003831 0.002442 0.001421 0.001853
0.9843 11.81 24.16 6.144 6.32 2.724 3.563 1.146 0.5996 0.4386 0.2424 0.08535 0.03801 0.04315 0.02393 0.01987 0.004749 0.00207 0.001319 0.001768
0.669 9.614 26.09 14.2 2.965 3.049 1.315 1.719 0.5529 0.2893 0.2116 0.117 0.04118 0.01834 0.02082 0.01155 0.009586 0.002291 0.0009986 0.00149
0.6256 8.217 26.57 19.33 8.662 1.808 1.86 0.8018 1.049 0.3372 0.1765 0.1291 0.07133 0.02512 0.01119 0.0127 0.007043 0.005847 0.001397 0.001518
1.071 6.637 19.59 16.81 10.04 4.5 0.9393 0.9662 0.4165 0.5447 0.1752 0.09167 0.06705 0.03706 0.01305 0.00581 0.006597 0.003659 0.003037 0.001514
0.811 11.87 16.52 12.98 9.148 5.464 2.448 0.511 0.5257 0.2266 0.2963 0.09531 0.04987 0.03648 0.02016 0.007099 0.003161 0.003589 0.001991 0.002477
0.6483 8.163 27 9.998 6.448 4.545 2.715 1.216 0.2539 0.2612 0.1126 0.1472 0.04735 0.02478 0.01813 0.01002 0.003527 0.001571 0.001783 0.002219
0.7722 7.032 20.06 17.79 5.42 3.496 2.464 1.472 0.6594 0.1377 0.1416 0.06104 0.07982 0.02567 0.01343 0.009827 0.005431 0.001912 0.0008515 0.00217
0.6079 8.881 18.26 13.97 10.19 3.105 2.003 1.412 0.8432 0.3778 0.07886 0.08112 0.03497 0.04573 0.01471 0.007696 0.00563 0.003111 0.001096 0.001731
0.5804 6.826 22.44 12.31 7.737 5.646 1.72 1.109 0.782 0.4671 0.2093 0.04368 0.04493 0.01937 0.02533 0.008147 0.004263 0.003118 0.001723 0.001566
1.137 5.992 15.91 13.93 6.275 3.945 2.879 0.877 0.5656 0.3987 0.2381 0.1067 0.02227 0.02291 0.009876 0.01292 0.004154 0.002174 0.00159 0.001677
0.6615 13.55 16.04 11.38 8.196 3.692 2.321 1.694 0.516 0.3328 0.2346 0.1401 0.06277 0.0131 0.01348 0.00581 0.007599 0.002444 0.001279 0.001922
