Originally  
101 
A 
2	100	
1	1	NA	NA	
1	20	
1 395.5 210.9 145 105.5 65.92 131.8 118.7 52.74 26.37 13.18 26.37 0 13.18 0 0 13.18 0 0 0 0
1 521.1 205.7 150.8 150.8 123.4 54.85 41.14 41.14 41.14 41.14 0 0 0 0 0 0 0 0 0 0
1 426.3 359.7 226.5 66.61 79.93 13.32 66.61 13.32 39.97 13.32 13.32 0 0 0 13.32 0 0 0 0 0
1 471.8 157.3 214.4 185.8 157.3 42.89 71.48 57.18 42.89 14.3 0 0 0 0 0 0 0 14.3 0 0
1 309.1 217.5 148.8 103 80.15 57.25 57.25 45.8 45.8 22.9 11.45 22.9 11.45 11.45 0 0 0 0 0 0
1 364.3 327.9 97.15 85 109.3 72.86 24.29 48.57 12.14 12.14 12.14 12.14 12.14 0 12.14 12.14 0 0 0 0
1 424.1 212 153.1 129.6 11.78 141.4 35.34 23.56 0 0 11.78 0 23.56 0 0 11.78 0 0 0 0
1 452 452 191.2 208.6 121.7 34.77 69.53 17.38 104.3 34.77 34.77 0 0 17.38 0 0 0 0 0 0
1 242.6 144 75.8 53.06 60.64 45.48 22.74 45.48 7.58 30.32 15.16 7.58 0 7.58 0 0 0 0 0 0
1 587 224.8 187.3 87.42 37.47 24.98 62.44 12.49 0 12.49 12.49 0 0 0 0 0 0 0 0 0
1 353.2 339.6 135.9 135.9 67.93 67.93 95.1 67.93 13.59 40.76 13.59 0 13.59 13.59 0 0 0 0 0 0
1 287.6 170.8 62.92 89.89 62.92 89.89 35.95 35.95 8.989 8.989 8.989 0 8.989 8.989 0 17.98 0 0 0 0
1 413.7 263.3 125.4 150.4 37.61 100.3 50.14 25.07 12.54 0 12.54 25.07 0 25.07 0 0 12.54 0 0 0
1 423.2 185.8 103.2 82.58 82.58 51.61 30.97 10.32 20.64 20.64 0 10.32 0 0 0 10.32 0 0 0 0
1 370.9 281.4 102.3 127.9 153.5 76.74 115.1 0 12.79 12.79 12.79 0 0 0 0 0 0 12.79 0 0
1 471.2 331.6 296.7 52.35 104.7 157.1 157.1 69.8 17.45 17.45 0 52.35 0 17.45 0 0 0 0 0 0
1 436.4 256.7 179.7 166.9 51.34 51.34 12.84 25.67 38.51 12.84 38.51 0 12.84 0 0 0 0 0 0 0
1 398.2 273.8 174.2 112 136.9 37.33 0 0 62.22 24.89 0 0 12.44 0 12.44 0 0 0 0 0
1 369.7 310 143.1 95.4 23.85 83.47 35.77 23.85 59.62 23.85 23.85 0 0 0 0 0 0 0 0 0
1 233.8 164.5 86.6 112.6 51.96 51.96 69.28 25.98 17.32 17.32 17.32 0 0 0 0 17.32 0 0 0 0
1 207.7 187 249.3 145.4 62.32 20.77 62.32 51.93 20.77 0 0 0 0 10.39 0 0 10.39 0 10.39 0
1 285.5 285.5 137.5 74.02 42.3 84.59 42.3 31.72 10.57 31.72 0 10.57 10.57 0 0 0 0 10.57 0 0
1 487.6 243.8 92.89 92.89 34.83 92.89 23.22 0 69.66 23.22 0 0 0 0 0 0 0 0 0 0
1 143.5 463.6 110.4 132.5 22.08 55.2 55.2 33.12 22.08 44.16 11.04 0 0 0 0 0 0 0 11.04 0
1 303.8 182.3 243.1 50.64 91.15 60.76 20.25 20.25 0 10.13 0 0 10.13 10.13 10.13 0 0 0 0 0
1 296.7 148.4 79.89 273.9 91.3 45.65 57.06 22.82 22.82 34.24 22.82 22.82 0 11.41 0 0 11.41 0 0 0
1 798.1 399.1 190 19 171 57.01 57.01 57.01 19 57.01 0 0 19 0 19 0 19 0 0 19
1 327.9 316.6 180.9 101.8 45.23 79.15 33.92 0 0 11.31 11.31 0 0 11.31 0 0 11.31 0 0 0
1 517.5 299.6 177.1 68.1 122.6 40.86 40.86 40.86 13.62 0 0 27.24 13.62 0 0 0 0 0 0 0
1 196.1 196.1 119.4 136.4 51.17 25.58 8.528 42.64 34.11 8.528 17.06 0 0 0 0 8.528 8.528 0 0 0
1 325.6 100.2 275.5 187.9 150.3 50.1 62.62 25.05 12.52 0 12.52 12.52 0 0 0 12.52 12.52 0 12.52 0
1 409.5 252.9 156.6 108.4 60.22 60.22 36.13 12.04 12.04 48.18 24.09 12.04 12.04 0 0 0 0 0 0 0
1 284.5 175.1 131.3 87.54 153.2 76.6 54.71 43.77 10.94 0 43.77 0 0 10.94 10.94 0 10.94 0 0 0
1 395.7 263.8 211 118.7 52.76 92.33 92.33 52.76 26.38 13.19 0 0 0 0 0 0 0 0 0 0
1 280.8 135.6 106.5 193.7 67.78 48.41 58.1 29.05 19.37 9.683 0 9.683 0 9.683 0 0 0 0 0 0
1 544.4 220.7 235.4 147.1 73.57 58.85 29.43 44.14 44.14 29.43 14.71 0 0 14.71 0 14.71 0 0 0 0
1 541.6 324.9 148.9 40.62 81.23 40.62 54.16 54.16 0 0 13.54 13.54 13.54 0 0 13.54 0 0 13.54 0
1 190 209 180.5 95 114 28.5 9.5 28.5 28.5 9.5 28.5 9.5 9.5 0 0 9.5 0 0 0 0
1 1239 357.3 285.8 119.1 190.6 47.64 23.82 47.64 23.82 0 23.82 0 23.82 0 0 0 0 0 0 0
1 323.7 585.7 154.1 123.3 154.1 92.48 30.83 0 15.41 0 15.41 15.41 0 30.83 0 0 0 0 0 0
1 644.4 322.2 503.5 141 120.8 80.55 80.55 60.42 20.14 20.14 0 0 20.14 0 0 0 0 0 0 0
1 597.5 214.5 183.8 275.8 61.28 61.28 15.32 61.28 61.28 0 0 0 0 0 0 0 0 0 0 0
1 290 290 160 80 120 20 10 0 10 0 0 10 0 10 0 0 0 0 0 0
1 253.1 301.3 265.2 192.9 84.37 48.21 12.05 12.05 12.05 0 0 0 12.05 0 0 12.05 0 0 0 0
1 470 188 199.7 141 11.75 47 94 0 11.75 0 11.75 0 0 0 0 0 0 0 0 0
1 489.6 410.2 119.1 119.1 52.93 52.93 13.23 39.69 13.23 0 0 13.23 0 0 0 0 0 0 0 0
1 357.2 265.3 112.3 102.1 81.64 51.03 10.21 10.21 10.21 10.21 0 10.21 0 0 0 0 0 0 0 0
1 286.9 257.2 168.2 158.3 49.46 29.67 29.67 0 9.892 0 0 0 0 0 0 0 0 0 0 0
1 295.8 268 129.4 120.2 46.21 9.243 18.49 9.243 18.49 9.243 0 0 0 0 0 0 0 0 0 0
1 547.6 143.6 71.82 71.82 35.91 8.977 8.977 8.977 0 0 0 0 0 0 0 0 0 0 0 0
1 295 495.1 84.28 73.74 42.14 21.07 31.6 0 0 10.53 0 0 0 0 0 0 0 0 0 0
1 270.2 198.7 222.5 31.79 31.79 15.9 7.948 7.948 0 0 0 7.948 0 0 0 0 0 0 0 0
1 599.1 306.8 189.9 219.2 58.44 14.61 43.83 14.61 14.61 0 0 0 0 0 0 0 0 0 0 0
1 254.2 366 172.8 71.17 122 20.33 0 0 10.17 0 0 0 0 0 0 0 0 0 0 0
1 414.6 155.5 269.5 82.93 41.46 51.83 0 0 20.73 0 0 0 0 0 0 0 0 0 0 0
1 248.6 153.6 65.82 102.4 73.13 14.63 51.19 0 7.313 7.313 0 7.313 0 0 0 0 0 0 0 0
1 152 171 152 69.68 44.34 25.34 6.334 6.334 6.334 0 0 0 0 0 0 0 0 0 0 0
1 90.21 110.7 94.31 45.1 24.6 28.7 8.201 4.1 4.1 0 0 0 0 0 0 0 0 0 0 0
1 167.8 123 61.52 100.7 44.74 16.78 27.96 5.593 5.593 0 0 0 0 0 5.593 0 0 0 0 0
1 247.6 118.2 78.77 16.88 33.76 28.13 11.25 16.88 5.627 5.627 0 0 0 0 0 0 0 0 0 0
1 240.3 143 80.09 68.65 0 17.16 17.16 0 0 5.721 0 0 0 0 0 0 0 0 0 0
1 210.8 122.4 224.3 40.79 27.19 20.4 27.19 6.798 0 0 0 0 0 0 0 0 0 0 0 0
1 327.8 239.2 186 79.74 17.72 26.58 8.86 0 0 0 0 0 0 0 0 0 0 0 0 0
1 153.8 113.1 76.91 45.24 40.72 13.57 4.524 4.524 0 0 0 0 0 0 0 0 0 0 0 0
1 133.1 175.4 133.1 66.53 36.29 30.24 18.14 6.048 0 6.048 0 0 0 0 0 0 0 0 0 0
1 294.9 171.4 82.29 54.86 34.29 20.57 6.857 6.857 0 6.857 0 6.857 0 0 0 0 0 0 0 0
1 259.4 227 51.89 58.37 19.46 0 25.94 0 6.486 0 0 0 0 0 0 0 0 0 0 0
1 682.2 306.3 236.7 69.61 41.76 41.76 0 13.92 0 0 0 0 0 0 0 0 0 0 0 0
1 255 360.1 60.01 37.51 7.501 15 7.501 0 0 7.501 0 0 0 0 0 0 0 0 0 0
1 254.8 246.3 212.4 93.44 33.98 8.494 0 0 0 0 0 0 0 0 0 0 0 0 0 0
1 329.2 192 173.7 109.7 73.16 18.29 0 9.145 9.145 0 0 0 0 0 0 0 0 0 0 0
1 118.3 113.6 127.8 47.33 23.67 33.13 9.467 0 0 0 0 0 0 0 0 0 0 0 0 0
1 243.9 169.4 155.8 54.2 20.33 27.1 0 6.775 0 0 0 0 0 0 0 0 0 0 0 0
1 647.5 159 113.6 90.88 22.72 11.36 56.8 34.08 0 0 0 0 0 0 0 0 0 0 0 0
1 499.1 401.7 109.6 109.6 73.04 0 0 24.35 0 0 0 0 0 0 0 0 0 0 0 0
1 265.5 172.2 157.8 43.05 35.87 7.174 21.52 7.174 7.174 0 0 0 0 0 0 0 0 0 0 0
1 143.7 279.9 136.2 143.7 30.26 7.565 15.13 0 0 0 0 0 0 0 0 0 0 0 0 0
1 260.4 152.6 260.4 116.7 80.81 8.979 0 8.979 0 0 0 0 0 0 0 8.979 0 0 0 0
1 213.3 128 91.41 134.1 12.19 12.19 12.19 0 0 6.094 0 0 0 0 0 0 0 0 0 0
1 335.1 297.8 130.3 65.15 27.92 9.308 46.54 9.308 0 9.308 0 0 0 0 0 0 0 0 0 0
1 272.7 152.4 152.4 72.18 64.16 48.12 8.02 16.04 8.02 8.02 0 0 0 0 0 0 0 0 0 0
1 237.9 122.1 115.7 57.86 51.43 6.429 12.86 12.86 19.29 6.429 0 0 0 0 0 0 0 0 0 0
1 531.6 276.9 121.8 99.68 55.38 11.08 11.08 0 0 0 0 0 0 0 0 0 0 0 0 0
1 206.3 352.5 137.5 94.56 51.58 17.19 0 0 0 0 0 0 0 0 0 0 0 0 0 0
1 172.1 129.1 190.6 24.59 24.59 30.74 36.89 6.148 0 0 0 0 0 0 0 0 0 0 0 0
1 83.59 179.1 119.4 125.4 35.83 17.91 17.91 11.94 5.971 0 0 0 0 0 0 0 0 0 0 0
1 257.2 80.02 85.73 62.87 45.72 22.86 0 11.43 0 0 0 5.715 0 0 0 0 0 0 0 0
1 595.7 213.6 56.2 134.9 44.96 33.72 22.48 22.48 0 0 0 0 0 0 0 0 0 0 0 0
1 345.2 221.9 106.9 49.32 41.1 8.22 16.44 0 8.22 16.44 0 0 0 0 0 0 0 0 8.22 0
1 185 177.9 206.4 85.41 14.23 7.117 7.117 7.117 0 0 7.117 7.117 0 7.117 0 0 0 0 0 0
1 158.4 164.2 129 76.25 29.33 5.865 5.865 5.865 5.865 5.865 0 0 0 0 0 0 0 0 0 0
1 222.1 132 120 54.01 30.01 24.01 12 0 6.002 0 0 0 0 0 0 0 0 0 0 0
1 262.2 247.6 80.12 43.7 43.7 21.85 21.85 7.284 0 0 0 0 0 0 0 0 0 0 0 0
1 153.7 142.7 153.7 27.45 49.41 10.98 0 5.489 0 5.489 0 0 0 0 0 0 0 0 0 0
1 316.8 170.6 162.5 97.47 16.25 24.37 8.123 8.123 8.123 0 0 0 0 0 0 0 0 0 0 0
1 262.2 335.6 167.8 94.38 94.38 31.46 41.95 10.49 10.49 0 0 0 0 0 0 0 0 0 0 0
1 237.5 85.25 146.1 60.9 36.54 24.36 0 6.09 6.09 6.09 0 0 0 0 0 0 0 0 0 0
1 430.8 160.5 76.02 59.13 42.24 33.79 42.24 0 0 0 0 0 0 0 0 0 0 0 0 0
1 270.5 357.5 115.9 125.6 28.98 9.661 38.64 9.661 0 0 0 9.661 0 0 0 0 0 0 0 0
