 landings-at-age - landings.n (units : NA )
1	2	
42	100	
1	20	
1 
0.00347 0.06392 0.1643 0.09096 0.08369 0.04674 0.03135 0.02658 0.01584 0.01917 0.01338 0.005499 0.005499 0.002987 0.001789 0.00155 0.0008843 0.001221 0.0004242 0.001257
0.002941 0.03896 0.1794 0.137 0.06378 0.05868 0.03277 0.02198 0.01864 0.0111 0.01344 0.009378 0.003856 0.003856 0.002094 0.001255 0.001087 0.00062 0.0008563 0.001179
0.08985 0.5188 1.71 2.337 1.501 0.6987 0.6429 0.359 0.2408 0.2042 0.1216 0.1473 0.1027 0.04224 0.04224 0.02294 0.01374 0.01191 0.006793 0.0223
0.1486 1.948 2.782 2.706 3.105 1.995 0.9284 0.8542 0.477 0.32 0.2713 0.1616 0.1957 0.1365 0.05613 0.05612 0.03049 0.01826 0.01582 0.03865
0.07775 2.465 7.942 3.327 2.714 3.115 2.001 0.9312 0.8568 0.4785 0.321 0.2721 0.1621 0.1963 0.1369 0.0563 0.0563 0.03058 0.01832 0.05464
0.3384 1.151 8.916 8.376 2.939 2.398 2.751 1.768 0.8227 0.7569 0.4227 0.2836 0.2404 0.1432 0.1734 0.121 0.04974 0.04973 0.02701 0.06445
0.6896 4.697 3.882 8.717 6.85 2.404 1.961 2.25 1.446 0.6728 0.6191 0.3457 0.2319 0.1966 0.1171 0.1418 0.09894 0.04068 0.04068 0.07481
0.3321 9.186 15.12 3.598 6.752 5.306 1.862 1.519 1.743 1.12 0.5212 0.4795 0.2678 0.1796 0.1523 0.09073 0.1098 0.07663 0.03151 0.08945
0.38 4.296 28.55 13.45 2.672 5.013 3.94 1.382 1.128 1.294 0.8315 0.387 0.356 0.1988 0.1334 0.1131 0.06737 0.08156 0.0569 0.08981
0.4811 4.81 12.99 24.56 9.645 1.916 3.595 2.825 0.9913 0.8086 0.928 0.5962 0.2775 0.2553 0.1426 0.09564 0.08108 0.0483 0.05848 0.1052
0.7212 5.988 14.21 10.86 17.09 6.71 1.333 2.501 1.965 0.6896 0.5626 0.6456 0.4148 0.193 0.1776 0.09918 0.06653 0.05641 0.0336 0.1139
0.4753 8.853 17.35 11.58 7.352 11.57 4.544 0.9025 1.693 1.331 0.467 0.381 0.4372 0.2809 0.1307 0.1203 0.06717 0.04506 0.0382 0.09987
0.8085 5.769 25.21 13.81 7.651 4.857 7.645 3.002 0.5963 1.119 0.8793 0.3086 0.2517 0.2889 0.1856 0.08637 0.07947 0.04438 0.02977 0.09123
1.133 9.716 16.18 19.64 8.917 4.941 3.137 4.937 1.939 0.3851 0.7225 0.5678 0.1992 0.1625 0.1865 0.1198 0.05577 0.05131 0.02866 0.07813
1.02 13.5 26.86 12.34 12.41 5.635 3.122 1.982 3.12 1.225 0.2433 0.4566 0.3588 0.1259 0.1027 0.1179 0.07573 0.03525 0.03243 0.06749
0.8005 12.06 36.84 20.11 7.642 7.682 3.489 1.933 1.227 1.931 0.7585 0.1506 0.2827 0.2221 0.07795 0.06359 0.07298 0.04688 0.02182 0.06185
1 9.406 32.51 27.07 12.2 4.638 4.663 2.117 1.173 0.7448 1.172 0.4603 0.09143 0.1716 0.1348 0.04731 0.0386 0.04429 0.02846 0.05079
0.9104 11.68 25.05 23.47 16.12 7.267 2.762 2.776 1.261 0.6985 0.4435 0.698 0.2741 0.05444 0.1022 0.08028 0.02817 0.02298 0.02637 0.04718
1.053 10.58 30.77 17.78 13.72 9.421 4.247 1.614 1.623 0.7369 0.4083 0.2592 0.408 0.1602 0.03182 0.05971 0.04692 0.01647 0.01343 0.04299
1.88 12.17 27.56 21.47 10.2 7.872 5.407 2.438 0.9265 0.9314 0.4229 0.2343 0.1488 0.2341 0.09195 0.01826 0.03427 0.02693 0.00945 0.03239
1.204 21.64 31.38 18.92 12.1 5.753 4.438 3.049 1.374 0.5224 0.5251 0.2385 0.1321 0.08388 0.132 0.05185 0.0103 0.01932 0.01519 0.02359
2.126 13.12 52.79 20.27 10.02 6.414 3.049 2.352 1.616 0.7284 0.2768 0.2783 0.1264 0.07002 0.04445 0.06996 0.02748 0.005457 0.01024 0.02055
1.075 23.17 32.02 34.1 10.74 5.312 3.399 1.616 1.246 0.8562 0.386 0.1467 0.1475 0.06697 0.0371 0.02356 0.03708 0.01456 0.002892 0.01632
1.253 11.72 56.54 20.68 18.07 5.693 2.815 1.801 0.8561 0.6606 0.4538 0.2046 0.07775 0.07815 0.03549 0.01966 0.01248 0.01965 0.007716 0.01018
1.466 13.66 28.61 36.52 10.96 9.576 3.017 1.492 0.9546 0.4537 0.3501 0.2405 0.1084 0.0412 0.04142 0.01881 0.01042 0.006616 0.01041 0.009483
0.8276 15.98 33.33 18.48 19.35 5.809 5.075 1.599 0.7906 0.5059 0.2404 0.1855 0.1274 0.05745 0.02183 0.02195 0.009967 0.005522 0.003506 0.01054
1.075 9.022 38.99 21.53 9.792 10.26 3.078 2.689 0.8473 0.419 0.2681 0.1274 0.09831 0.06753 0.03044 0.01157 0.01163 0.005282 0.002926 0.007446
1.243 11.72 22.01 25.19 11.41 5.189 5.435 1.631 1.425 0.449 0.222 0.1421 0.06752 0.0521 0.03579 0.01613 0.006132 0.006164 0.002799 0.005497
1.204 13.55 28.59 14.22 13.35 6.045 2.75 2.88 0.8645 0.7552 0.2379 0.1177 0.07529 0.03578 0.02761 0.01897 0.008549 0.003249 0.003267 0.004396
1.413 13.13 33.06 18.47 7.535 7.073 3.204 1.457 1.526 0.4581 0.4002 0.1261 0.06235 0.0399 0.01896 0.01463 0.01005 0.004531 0.001722 0.004061
1.01 15.41 32.04 21.35 9.786 3.993 3.748 1.698 0.7723 0.8089 0.2428 0.2121 0.06682 0.03304 0.02114 0.01005 0.007754 0.005326 0.002401 0.003065
0.7715 11.01 37.59 20.69 11.31 5.186 2.116 1.986 0.8997 0.4093 0.4287 0.1287 0.1124 0.03541 0.01751 0.0112 0.005325 0.004109 0.002823 0.002896
0.7205 8.411 26.87 24.28 10.97 5.996 2.748 1.121 1.053 0.4768 0.2169 0.2272 0.06818 0.05956 0.01877 0.00928 0.005938 0.002822 0.002177 0.003031
1.235 7.855 20.52 17.35 12.87 5.811 3.178 1.456 0.5943 0.5579 0.2527 0.1149 0.1204 0.03613 0.03157 0.009945 0.004918 0.003147 0.001496 0.00276
1.243 13.46 19.17 13.26 9.196 6.819 3.08 1.684 0.7718 0.3149 0.2956 0.1339 0.06091 0.06379 0.01915 0.01673 0.00527 0.002606 0.001668 0.002255
1.093 13.55 32.85 12.38 7.025 4.873 3.614 1.632 0.8924 0.409 0.1669 0.1567 0.07096 0.03228 0.03381 0.01015 0.008865 0.002793 0.001381 0.002079
0.951 11.92 33.05 21.22 6.56 3.723 2.583 1.915 0.8649 0.4729 0.2167 0.08844 0.08302 0.0376 0.01711 0.01792 0.005378 0.004698 0.00148 0.001834
1.291 10.37 29.09 21.35 11.24 3.477 1.973 1.369 1.015 0.4583 0.2506 0.1149 0.04687 0.044 0.01993 0.009065 0.009494 0.00285 0.00249 0.001756
1.272 14.08 25.3 18.79 11.31 5.959 1.842 1.045 0.7253 0.5378 0.2429 0.1328 0.06087 0.02484 0.02332 0.01056 0.004804 0.005031 0.00151 0.00225
1.082 13.87 34.35 16.34 9.956 5.996 3.158 0.9763 0.554 0.3844 0.285 0.1287 0.07038 0.03226 0.01316 0.01236 0.005596 0.002546 0.002666 0.001993
1.061 11.51 33.1 21.71 8.473 5.163 3.109 1.638 0.5063 0.2873 0.1993 0.1478 0.06675 0.0365 0.01673 0.006826 0.006408 0.002902 0.00132 0.002416
0.9243 11.3 27.55 21.04 11.33 4.422 2.694 1.623 0.8546 0.2642 0.1499 0.104 0.07712 0.03483 0.01905 0.008729 0.003562 0.003344 0.001514 0.00195
0.9513 9.838 27.11 17.61 11.05 5.949 2.322 1.415 0.852 0.4487 0.1387 0.07872 0.05462 0.0405 0.01829 0.01 0.004583 0.00187 0.001756 0.001819
0.7651 10.13 23.67 17.42 9.302 5.837 3.143 1.227 0.7474 0.4501 0.2371 0.07329 0.04159 0.02885 0.0214 0.009663 0.005284 0.002422 0.0009881 0.001889
0.7338 8.144 24.43 15.3 9.262 4.945 3.103 1.671 0.652 0.3973 0.2393 0.126 0.03896 0.02211 0.01534 0.01137 0.005137 0.002809 0.001287 0.001529
0.9397 7.811 19.7 15.88 8.182 4.954 2.645 1.66 0.8936 0.3487 0.2125 0.128 0.0674 0.02084 0.01182 0.008204 0.006083 0.002747 0.001502 0.001506
0.6202 10 18.94 12.87 8.543 4.403 2.665 1.423 0.893 0.4808 0.1876 0.1143 0.06886 0.03627 0.01121 0.006363 0.004414 0.003273 0.001478 0.001619
0.9192 6.6 24.31 12.44 6.968 4.624 2.383 1.443 0.7703 0.4834 0.2603 0.1016 0.06189 0.03727 0.01963 0.006069 0.003444 0.002389 0.001772 0.001676
0.8182 9.78 16.09 16.06 6.776 3.794 2.518 1.298 0.7857 0.4195 0.2632 0.1417 0.05531 0.0337 0.0203 0.01069 0.003305 0.001875 0.001301 0.001878
0.566 8.702 23.89 10.68 8.796 3.711 2.078 1.379 0.7109 0.4304 0.2298 0.1442 0.07763 0.0303 0.01846 0.01112 0.005856 0.00181 0.001027 0.001741
0.5757 6.019 21.31 15.95 5.884 4.846 2.045 1.145 0.7599 0.3917 0.2371 0.1266 0.07944 0.04277 0.01669 0.01017 0.006126 0.003226 0.0009975 0.001525
0.6565 6.119 14.77 14.3 8.836 3.261 2.685 1.133 0.6345 0.4211 0.217 0.1314 0.07015 0.04402 0.0237 0.00925 0.005636 0.003394 0.001788 0.001398
0.8018 6.974 15.05 9.96 7.967 4.924 1.817 1.497 0.6315 0.3536 0.2347 0.1209 0.07322 0.03909 0.02453 0.01321 0.005155 0.003141 0.001892 0.001775
0.8755 8.513 17.19 10.2 5.582 4.465 2.76 1.018 0.8387 0.3539 0.1982 0.1315 0.06778 0.04103 0.02191 0.01375 0.007402 0.002889 0.00176 0.002055
0.4692 9.29 21.03 11.71 5.747 3.145 2.516 1.555 0.5738 0.4726 0.1994 0.1117 0.07411 0.03819 0.02312 0.01234 0.007746 0.004171 0.001628 0.00215
0.5564 4.975 22.99 14.39 6.632 3.256 1.782 1.425 0.881 0.3251 0.2677 0.113 0.06326 0.04198 0.02164 0.0131 0.006994 0.004389 0.002363 0.00214
0.5121 5.894 12.33 15.8 8.194 3.777 1.854 1.015 0.8117 0.5017 0.1851 0.1525 0.06434 0.03603 0.02391 0.01232 0.00746 0.003983 0.002499 0.002565
0.5184 5.419 14.64 8.517 9.047 4.691 2.162 1.061 0.5809 0.4647 0.2872 0.106 0.08729 0.03683 0.02062 0.01369 0.007054 0.004271 0.00228 0.002899
0.4902 5.48 13.48 10.15 4.899 5.205 2.698 1.244 0.6106 0.3342 0.2673 0.1652 0.06097 0.05021 0.02119 0.01186 0.007874 0.004058 0.002457 0.002979
