Originally  
101 
A 
2	100	
1	1	NA	NA	
1	20	
1 549.1 274.5 192.2 164.7 96.09 41.18 13.73 13.73 0 0 0 0 0 13.73 0 13.73 0 0 0 0
1 424 336.2 190.1 131.6 146.2 87.72 58.48 14.62 29.24 14.62 0 29.24 0 0 0 0 0 0 0 0
1 537.7 228.1 325.9 146.6 48.88 146.6 48.88 81.47 32.59 16.29 0 0 0 0 16.29 0 0 0 0 0
1 469.7 281.8 120.8 67.1 93.94 107.4 13.42 26.84 0 26.84 13.42 13.42 26.84 26.84 0 13.42 13.42 13.42 13.42 0
1 163.5 221.3 192.4 105.8 86.58 48.1 76.96 9.62 19.24 9.62 0 19.24 0 9.62 0 0 0 0 0 0
1 301.5 150.8 150.8 251.3 138.2 12.56 62.82 62.82 12.56 25.13 25.13 25.13 12.56 12.56 12.56 0 0 0 0 0
1 684.2 160.1 131 131 87.34 58.23 72.78 43.67 58.23 14.56 0 0 14.56 0 0 0 0 0 0 0
1 416 609.1 89.14 104 89.14 14.86 29.71 44.57 29.71 14.86 14.86 14.86 14.86 0 0 0 0 0 0 0
1 287.4 260.1 342.2 95.82 54.75 95.82 82.13 54.75 54.75 27.38 13.69 0 0 0 0 0 0 0 0 0
1 233.6 165.5 165.5 214.2 29.2 29.2 19.47 29.2 19.47 29.2 19.47 0 9.734 0 0 0 0 0 0 9.734
1 706.1 403.5 134.5 67.24 184.9 50.43 16.81 0 16.81 16.81 33.62 0 16.81 0 0 16.81 0 0 0 16.81
1 367.9 501.7 301 100.3 100.3 83.62 50.17 66.9 50.17 16.72 16.72 16.72 0 0 0 0 0 0 0 0
1 411 108.8 326.4 133 60.44 72.53 48.35 12.09 0 12.09 0 0 0 24.18 0 0 0 0 0 0
1 378.8 308.7 154.3 210.5 70.15 126.3 70.15 28.06 14.03 14.03 0 14.03 0 0 14.03 0 0 0 0 0
1 213.6 225.5 308.6 154.3 59.35 118.7 0 35.61 23.74 23.74 11.87 11.87 0 0 0 0 0 0 0 0
1 246.2 333.1 289.6 202.7 115.8 115.8 14.48 28.96 28.96 43.44 0 0 14.48 0 0 14.48 0 0 0 0
1 442.2 140.2 97.06 140.2 107.8 10.78 64.71 32.35 10.78 21.57 0 10.78 0 0 0 0 0 0 0 0
1 339.2 240.7 98.47 87.53 109.4 65.64 43.76 10.94 21.88 21.88 21.88 32.82 0 0 0 0 0 0 0 0
1 387.8 172.4 226.2 53.87 32.32 64.64 75.41 43.09 0 0 0 21.55 0 0 0 0 0 0 0 0
1 454.8 202.1 139 189.5 63.16 88.42 37.9 12.63 12.63 25.26 25.26 0 0 0 0 12.63 0 0 0 0
1 579.3 559.3 279.7 199.8 119.9 99.88 19.98 39.95 59.93 19.98 19.98 0 0 0 0 0 0 0 0 0
1 336.5 378.6 294.5 140.2 112.2 70.11 14.02 14.02 14.02 0 14.02 14.02 0 0 0 0 0 0 0 0
1 268 242.5 242.5 229.7 140.4 12.76 51.05 25.52 25.52 0 38.28 0 0 0 0 0 0 0 0 0
1 541.6 161 146.4 234.2 102.5 146.4 14.64 29.28 29.28 14.64 14.64 0 0 0 0 14.64 0 0 14.64 0
1 268.5 346.8 111.9 67.12 67.12 89.49 55.93 44.75 22.37 11.19 0 11.19 11.19 11.19 0 0 0 0 0 0
1 393.8 253.2 365.7 84.4 56.26 84.4 70.33 42.2 28.13 14.07 14.07 0 0 0 0 0 0 0 0 0
1 317.2 169.9 158.6 203.9 33.99 67.98 56.65 45.32 11.33 0 0 22.66 11.33 22.66 11.33 0 0 0 0 0
1 529.2 243.1 214.5 114.4 185.9 14.3 28.61 28.61 14.3 14.3 14.3 14.3 0 0 0 0 0 14.3 0 0
1 247.5 403.9 286.6 52.11 78.17 91.2 26.06 65.14 13.03 26.06 0 0 0 0 0 0 13.03 0 0 0
1 304.7 195.9 206.7 65.29 119.7 65.29 32.64 32.64 0 10.88 21.76 10.88 21.76 0 0 0 0 0 0 0
1 403.5 403.5 193.7 258.2 80.7 129.1 48.42 80.7 0 0 0 0 16.14 0 0 0 0 0 0 0
1 281.6 194.2 126.2 116.5 38.84 77.67 38.84 29.13 48.54 9.709 0 0 9.709 0 0 0 0 0 0 0
1 378.4 248.3 189.2 141.9 59.13 94.61 23.65 23.65 23.65 0 0 0 0 0 0 0 0 0 0 0
1 407.6 209.3 154.2 77.12 66.1 88.14 77.12 0 11.02 11.02 0 0 0 0 0 0 0 0 0 0
1 280.6 203.2 164.5 125.8 9.677 87.1 48.39 29.03 0 0 9.677 0 0 0 0 9.677 0 0 0 0
1 279.9 161.5 193.8 107.7 86.13 53.83 107.7 21.53 21.53 0 10.77 10.77 10.77 0 10.77 0 0 0 0 0
1 174 182.7 165.3 165.3 95.72 8.702 8.702 17.4 8.702 0 8.702 26.11 0 8.702 0 0 0 0 0 0
1 554.1 131.2 116.7 233.3 189.6 43.74 72.91 0 58.33 14.58 14.58 14.58 14.58 0 0 0 0 0 0 0
1 287 255.1 106.3 116.9 106.3 63.77 42.51 31.88 10.63 10.63 0 21.26 0 0 10.63 0 0 0 0 0
1 461.8 288.6 331.9 28.86 72.15 86.59 57.72 28.86 0 14.43 0 43.29 0 0 14.43 0 0 0 0 14.43
1 432.3 320.7 181.3 264.9 55.78 13.94 27.89 0 41.83 13.94 0 13.94 13.94 0 0 0 0 0 13.94 0
1 444.9 239.6 114.1 182.5 68.45 45.63 11.41 0 0 0 0 0 11.41 11.41 11.41 0 0 0 0 0
1 220.3 300.5 100.2 130.2 70.11 70.11 10.02 20.03 20.03 20.03 30.05 10.02 0 0 0 0 0 0 0 0
1 391.5 232.5 171.3 146.8 85.64 61.17 61.17 12.23 24.47 0 0 12.23 12.23 0 0 12.23 0 0 0 0
1 638.2 310.9 163.6 180 98.19 65.46 49.09 65.46 0 16.36 0 16.36 16.36 0 16.36 0 0 0 0 0
1 410.1 254.9 166.3 55.42 99.76 0 33.25 44.34 33.25 0 0 0 0 11.08 0 0 0 0 0 0
1 529.3 312.2 162.9 54.29 81.43 95 13.57 27.14 13.57 0 13.57 13.57 0 13.57 27.14 0 0 0 0 0
1 494.6 358.6 148.4 61.83 61.83 49.46 24.73 0 37.1 0 0 0 0 0 0 0 0 0 0 0
1 253.3 287.1 135.1 75.98 33.77 33.77 0 16.89 8.443 0 0 0 0 0 0 0 0 0 0 0
1 367.5 140.5 259.4 54.04 86.46 43.23 75.65 10.81 10.81 21.62 10.81 0 0 0 0 0 0 0 0 0
1 567.5 418.2 89.61 164.3 74.67 89.61 44.8 0 29.87 0 0 0 0 14.93 0 0 0 0 0 0
1 556.8 233.1 142.4 116.5 64.75 38.85 38.85 12.95 25.9 25.9 12.95 12.95 0 12.95 0 0 0 0 0 0
1 497.7 346.8 211.1 181 75.4 45.24 75.4 45.24 15.08 15.08 0 0 0 0 0 0 0 0 0 0
1 344 309.6 206.4 68.79 80.26 34.4 45.86 22.93 34.4 0 0 0 0 0 0 0 0 0 0 0
1 516.2 187.7 164.2 140.8 58.66 23.46 35.2 0 23.46 11.73 0 0 11.73 0 0 0 0 0 0 0
1 777.5 388.7 194.4 106 53.01 88.35 35.34 35.34 35.34 17.67 35.34 0 0 0 0 0 0 0 0 0
1 330.4 517.1 244.2 143.6 71.82 43.09 0 28.73 14.36 14.36 28.73 0 0 0 0 0 0 0 0 0
1 316.9 207.2 304.7 121.9 97.52 36.57 48.76 24.38 12.19 12.19 12.19 12.19 0 0 0 0 12.19 0 0 0
1 309.4 259.9 185.7 198 111.4 12.38 37.13 99.02 12.38 0 12.38 0 0 0 0 0 0 0 0 0
1 498.1 224.2 211.7 62.27 74.72 87.17 37.36 0 0 24.91 0 0 12.45 0 12.45 0 0 0 0 0
1 213.7 395.3 117.5 170.9 21.37 53.41 53.41 21.37 21.37 0 0 0 0 0 0 0 0 0 0 0
1 517.1 227 201.8 75.67 100.9 0 88.28 25.22 0 12.61 0 0 12.61 0 0 0 0 0 0 0
1 489.7 489.7 228.5 146.9 114.3 81.61 16.32 65.29 0 0 0 0 0 0 0 0 0 0 0 0
1 63.93 341 351.6 53.28 74.59 31.97 74.59 31.97 21.31 10.66 0 0 0 0 0 0 0 0 0 10.66
1 325.3 45.18 207.8 162.6 45.18 63.25 18.07 9.035 0 18.07 9.035 0 0 0 0 0 0 0 0 0
1 436.6 338 169 112.7 98.58 126.8 56.33 14.08 28.17 14.08 14.08 0 0 0 0 0 0 0 0 0
1 347.7 112.8 169.2 56.39 84.58 103.4 9.398 18.8 18.8 9.398 0 9.398 0 0 0 0 0 0 0 0
1 354.7 428.6 325.2 133 14.78 88.68 59.12 59.12 0 14.78 0 0 0 0 0 0 0 0 0 0
1 480.4 125.8 183 102.9 68.62 57.19 57.19 22.87 0 34.31 0 0 0 11.44 0 0 0 0 0 0
1 240.8 339.4 142.3 120.4 98.52 54.73 32.84 10.95 21.89 0 21.89 0 10.95 0 0 0 0 0 0 0
1 530.9 233.1 181.3 142.4 64.74 12.95 38.84 38.84 12.95 25.9 0 0 12.95 0 0 0 0 0 0 0
1 287.2 413.6 80.43 126.4 57.45 45.96 57.45 22.98 22.98 0 22.98 0 11.49 0 0 0 0 0 0 0
1 570.6 212.3 238.9 106.2 53.08 39.81 39.81 13.27 39.81 0 0 0 13.27 0 0 0 0 0 0 0
1 427.9 479.8 90.78 155.6 51.87 51.87 12.97 25.94 0 0 0 0 0 0 0 0 0 0 0 0
1 441.4 309 338.4 147.1 103 29.43 14.71 14.71 14.71 44.14 0 0 0 14.71 0 0 0 0 0 0
1 205 242.3 158.4 177.1 37.28 46.6 18.64 18.64 9.32 0 9.32 0 0 9.32 0 0 0 0 0 0
1 490 275.6 336.8 183.7 122.5 30.62 61.24 0 0 15.31 0 15.31 0 0 0 0 0 0 0 0
1 274.1 210.1 137 109.6 82.23 73.09 9.136 9.136 9.136 0 0 0 0 0 0 0 0 0 0 0
1 515.8 257.9 162.9 122.2 108.6 95.02 27.15 27.15 0 0 13.57 0 0 0 13.57 0 13.57 0 0 0
1 203.9 292.5 133 97.51 17.73 62.05 35.46 17.73 8.864 0 0 0 8.864 0 0 8.864 0 0 0 0
1 468.2 267.5 133.8 89.18 55.74 11.15 11.15 11.15 22.3 11.15 11.15 11.15 0 0 0 0 0 0 11.15 0
1 984.8 372 306.4 197 109.4 21.89 21.89 43.77 43.77 65.66 0 0 0 0 21.89 0 0 0 0 0
1 412.5 412.5 232 25.78 64.45 12.89 51.56 12.89 38.67 0 0 0 0 0 0 12.89 0 0 0 12.89
1 227.6 474.2 626 246.6 94.85 94.85 18.97 0 18.97 75.88 0 18.97 0 0 0 0 0 0 0 0
1 558.5 114.6 214.8 257.8 143.2 57.28 14.32 42.96 28.64 0 0 0 0 0 0 0 0 0 0 0
1 477.3 322.9 98.28 196.6 154.4 42.12 28.08 28.08 28.08 0 14.04 0 0 0 14.04 0 0 0 0 0
1 337 436.1 436.1 59.47 356.8 138.8 118.9 79.3 19.82 0 0 0 0 0 0 0 0 0 0 0
1 188.6 105.6 150.8 158.4 22.63 22.63 60.34 22.63 7.542 7.542 7.542 0 0 0 0 0 0 0 0 0
1 433 346.4 144.3 101 187.6 43.3 86.61 14.43 72.17 0 14.43 0 0 0 0 0 0 0 0 0
1 466.4 279.9 119.9 133.3 66.63 93.29 13.33 93.29 13.33 13.33 0 13.33 13.33 0 13.33 0 0 0 0 0
1 339.1 292.3 210.5 140.3 23.39 70.16 35.08 11.69 23.39 11.69 11.69 0 0 0 0 0 0 0 0 0
1 232.3 327.4 147.8 116.2 116.2 10.56 52.8 10.56 10.56 0 21.12 0 0 10.56 0 0 0 0 0 0
1 753 156.9 329.5 125.5 62.75 47.07 15.69 15.69 47.07 15.69 0 0 0 0 0 0 0 0 0 0
1 229.9 321.9 101.2 128.8 18.39 18.39 18.39 9.197 9.197 27.59 18.39 0 9.197 9.197 0 0 0 0 0 0
1 410.3 171 284.9 56.99 79.78 56.99 22.8 0 0 11.4 22.8 0 11.4 0 11.4 0 0 0 0 0
1 504.4 350.3 70.06 238.2 56.05 112.1 28.02 0 14.01 0 0 0 14.01 0 0 0 14.01 0 0 0
1 572.2 450.8 277.4 104 173.4 34.68 17.34 34.68 0 17.34 17.34 34.68 0 0 0 0 0 0 0 0
1 324.9 230.6 209.6 157.2 20.96 41.93 10.48 31.44 10.48 10.48 0 0 0 0 0 0 0 0 0 0
1 173.2 259.9 284.6 173.2 98.99 37.12 136.1 12.37 49.5 0 0 0 12.37 0 0 0 0 0 0 0
