 landings-at-age - landings.n (units : NA )
1	2	
42	100	
1	20	
1 
1.491 12.79 26.32 19.89 9.992 9.911 36.7 8.094 2.357 1.501 1.374 1.295 0.867 0.4786 0.7904 0.3546 0.1162 0.07521 0.412 0.4106
2.483 18.21 35.11 19.34 12.03 6.042 5.993 22.19 4.894 1.425 0.9079 0.8308 0.7829 0.5243 0.2894 0.478 0.2144 0.07024 0.04548 0.4974
1.44 24.52 40.6 20.79 9.396 5.844 2.935 2.912 10.78 2.378 0.6923 0.4411 0.4036 0.3803 0.2547 0.1406 0.2322 0.1042 0.03412 0.2638
0.8838 15.38 59.4 26.37 11.11 5.02 3.122 1.568 1.555 5.759 1.27 0.3699 0.2356 0.2156 0.2032 0.1361 0.07512 0.1241 0.05565 0.1591
1.541 10.04 39.53 41 14.98 6.309 2.852 1.774 0.8909 0.8836 3.272 0.7216 0.2101 0.1339 0.1225 0.1154 0.0773 0.04267 0.07047 0.122
0.6338 16.78 24.73 26.06 22.23 8.12 3.42 1.546 0.9616 0.483 0.4791 1.774 0.3912 0.1139 0.07257 0.06642 0.06258 0.04191 0.02314 0.1044
0.7475 7.218 43.09 16.99 14.72 12.56 4.587 1.932 0.8733 0.5432 0.2728 0.2706 1.002 0.221 0.06435 0.04099 0.03751 0.03535 0.02367 0.07202
0.5618 7.439 16.29 25.95 8.406 7.285 6.213 2.27 0.9561 0.4321 0.2688 0.135 0.1339 0.4958 0.1094 0.03184 0.02029 0.01856 0.01749 0.04735
1.811 7.043 20.98 12.34 16.19 5.243 4.543 3.875 1.416 0.5963 0.2695 0.1676 0.0842 0.08352 0.3092 0.0682 0.01986 0.01265 0.01158 0.04044
3.459 18.9 16.53 13.07 6.307 8.276 2.681 2.323 1.981 0.7238 0.3049 0.1378 0.08572 0.04305 0.0427 0.1581 0.03487 0.01015 0.006469 0.0266
0.6216 39.03 47.91 11.16 7.253 3.5 4.592 1.487 1.289 1.099 0.4016 0.1692 0.07646 0.04756 0.02389 0.02369 0.08773 0.01935 0.005634 0.01835
0.5612 6.473 91.55 29.86 5.713 3.712 1.791 2.35 0.7612 0.6596 0.5626 0.2055 0.08657 0.03913 0.02434 0.01222 0.01213 0.0449 0.009902 0.01227
0.5542 5.926 15.45 58.39 15.66 2.995 1.946 0.9388 1.232 0.399 0.3458 0.2949 0.1077 0.04538 0.02051 0.01276 0.006408 0.006356 0.02354 0.01162
0.4811 6.238 15.06 10.52 32.7 8.768 1.677 1.09 0.5258 0.69 0.2235 0.1937 0.1652 0.06034 0.02542 0.01149 0.007146 0.003589 0.00356 0.01969
1.745 5.378 15.71 10.13 5.816 18.08 4.846 0.9271 0.6024 0.2906 0.3814 0.1235 0.107 0.0913 0.03335 0.01405 0.00635 0.00395 0.001984 0.01285
0.7901 17.68 12.34 9.614 5.093 2.924 9.089 2.437 0.4662 0.3029 0.1461 0.1918 0.06211 0.05382 0.04591 0.01677 0.007064 0.003193 0.001986 0.00746
0.2739 9.723 48.92 9.15 5.869 3.109 1.785 5.548 1.487 0.2846 0.1849 0.0892 0.117 0.03791 0.03285 0.02802 0.01024 0.004312 0.001949 0.005766
0.5393 2.741 21.95 29.32 4.501 2.887 1.529 0.878 2.729 0.7316 0.14 0.09094 0.04388 0.05757 0.01865 0.01616 0.01378 0.005035 0.002121 0.003795
1.081 5.817 6.691 14.35 15.76 2.42 1.552 0.8221 0.4721 1.467 0.3934 0.07525 0.04889 0.02359 0.03095 0.01003 0.008688 0.00741 0.002707 0.003181
1.459 13.06 15.79 4.86 8.574 9.42 1.446 0.9274 0.4913 0.2821 0.8767 0.2351 0.04497 0.02922 0.0141 0.0185 0.005991 0.005192 0.004428 0.003518
0.336 15.78 31.68 10.16 2.565 4.526 4.973 0.7633 0.4896 0.2594 0.1489 0.4628 0.1241 0.02374 0.01542 0.007442 0.009765 0.003163 0.002741 0.004195
0.4329 3.715 39.1 20.82 5.479 1.384 2.442 2.683 0.4118 0.2641 0.1399 0.08034 0.2497 0.06695 0.01281 0.008321 0.004015 0.005268 0.001706 0.003742
1.326 4.285 8.298 23.18 10.13 2.665 0.6733 1.188 1.305 0.2003 0.1285 0.06806 0.03908 0.1215 0.03257 0.00623 0.004048 0.001953 0.002563 0.00265
0.6919 14.92 10.88 5.643 12.96 5.665 1.491 0.3766 0.6644 0.7299 0.112 0.07186 0.03807 0.02186 0.06793 0.01821 0.003484 0.002264 0.001092 0.002916
0.4949 7.492 36.48 7.107 3.028 6.958 3.04 0.8001 0.2021 0.3566 0.3918 0.06014 0.03857 0.02043 0.01173 0.03646 0.009776 0.00187 0.001215 0.002151
1.376 5.463 18.66 24.28 3.89 1.658 3.808 1.664 0.4379 0.1106 0.1952 0.2144 0.03291 0.02111 0.01118 0.006421 0.01996 0.00535 0.001024 0.001842
0.3585 14.13 12.72 11.61 12.42 1.989 0.8477 1.948 0.851 0.2239 0.05657 0.09981 0.1097 0.01683 0.0108 0.005719 0.003284 0.01021 0.002736 0.001466
0.2953 4.395 39.01 9.413 7.075 7.566 1.212 0.5165 1.187 0.5185 0.1364 0.03447 0.06081 0.06681 0.01026 0.006578 0.003485 0.002001 0.006218 0.00256
1.339 3.051 10.23 24.12 4.779 3.592 3.841 0.6154 0.2622 0.6025 0.2633 0.06927 0.0175 0.03087 0.03392 0.005207 0.00334 0.001769 0.001016 0.004457
1.331 13.59 7.025 6.301 12.21 2.419 1.818 1.944 0.3115 0.1327 0.305 0.1333 0.03506 0.008858 0.01563 0.01717 0.002636 0.00169 0.0008955 0.00277
2.599 15.61 36.05 5.01 3.699 7.17 1.42 1.068 1.142 0.1829 0.07793 0.1791 0.07824 0.02059 0.005201 0.009176 0.01008 0.001548 0.0009926 0.002152
0.462 28.1 38.13 23.53 2.689 1.985 3.848 0.7622 0.5729 0.6127 0.09815 0.04182 0.09609 0.04199 0.01105 0.002791 0.004925 0.00541 0.0008305 0.001688
1.976 5.306 72.66 26.35 13.38 1.528 1.128 2.187 0.4332 0.3256 0.3482 0.05578 0.02377 0.05461 0.02386 0.00628 0.001586 0.002799 0.003075 0.001431
0.4426 20.66 12.52 45.65 13.6 6.901 0.7884 0.5822 1.128 0.2235 0.168 0.1797 0.02878 0.01226 0.02818 0.01231 0.00324 0.0008185 0.001444 0.002325
0.9868 4.606 48.74 7.901 23.69 7.054 3.581 0.4091 0.3021 0.5854 0.116 0.08717 0.09322 0.01493 0.006364 0.01462 0.006389 0.001681 0.0004247 0.001956
1.516 11.02 11.65 33.13 4.421 13.25 3.947 2.004 0.2289 0.169 0.3276 0.06489 0.04878 0.05216 0.008356 0.003561 0.008181 0.003575 0.0009407 0.001332
0.4568 18.1 29.6 8.382 19.61 2.616 7.842 2.336 1.186 0.1354 0.1 0.1938 0.0384 0.02886 0.03086 0.004944 0.002107 0.004841 0.002115 0.001345
0.3255 4.57 40.92 17.79 4.137 9.676 1.291 3.87 1.153 0.5851 0.06684 0.04936 0.09566 0.01895 0.01424 0.01523 0.00244 0.00104 0.002389 0.001708
0.6323 3.704 11.74 28.17 10.08 2.343 5.48 0.7312 2.192 0.6529 0.3314 0.03786 0.02796 0.05418 0.01073 0.008067 0.008627 0.001382 0.0005889 0.00232
2.255 7.368 9.685 8.188 16.14 5.776 1.343 3.141 0.4191 1.256 0.3742 0.1899 0.0217 0.01602 0.03105 0.006152 0.004624 0.004945 0.0007921 0.001667
0.762 22.21 16.38 5.717 3.966 7.821 2.798 0.6505 1.522 0.203 0.6086 0.1813 0.09201 0.01051 0.007762 0.01504 0.00298 0.00224 0.002395 0.001191
2.735 8.614 56.71 11.21 3.218 2.232 4.401 1.575 0.3661 0.8563 0.1142 0.3425 0.102 0.05178 0.005915 0.004368 0.008466 0.001677 0.001261 0.002019
1.567 29.35 20.89 36.74 5.968 1.714 1.189 2.344 0.8387 0.195 0.456 0.06085 0.1824 0.05433 0.02758 0.00315 0.002326 0.004509 0.0008932 0.001746
1.768 17.54 74.13 14.11 20.42 3.317 0.9524 0.6607 1.303 0.4661 0.1084 0.2534 0.03382 0.1014 0.03019 0.01533 0.001751 0.001293 0.002506 0.001467
0.9897 18.09 40.68 45.95 7.19 10.4 1.69 0.4852 0.3366 0.6637 0.2374 0.0552 0.1291 0.01723 0.05164 0.01538 0.007808 0.0008919 0.0006587 0.002024
0.4577 11.12 46.07 27.84 25.88 4.051 5.86 0.9519 0.2733 0.1896 0.3739 0.1338 0.0311 0.07274 0.009704 0.02909 0.008665 0.004398 0.0005025 0.001511
0.6086 5.305 29.07 32.24 16.03 14.9 2.332 3.373 0.548 0.1573 0.1092 0.2152 0.07701 0.0179 0.04187 0.005587 0.01675 0.004988 0.002532 0.001159
0.6723 6.774 13.27 19.36 17.64 8.77 8.154 1.276 1.846 0.2999 0.0861 0.05973 0.1178 0.04214 0.009797 0.02291 0.003057 0.009165 0.00273 0.00202
3.648 7.416 16.77 8.73 10.46 9.529 4.738 4.405 0.6893 0.9972 0.162 0.04651 0.03227 0.06362 0.02276 0.005292 0.01238 0.001652 0.004951 0.002566
2.392 35.63 16.39 9.857 4.212 5.046 4.598 2.286 2.125 0.3326 0.4811 0.07816 0.02244 0.01557 0.0307 0.01098 0.002553 0.005972 0.0007968 0.003627
1.344 29.38 98.47 12.14 6.012 2.569 3.078 2.804 1.394 1.296 0.2029 0.2935 0.04767 0.01369 0.009496 0.01872 0.006699 0.001557 0.003643 0.002698
0.674 14.26 70.06 62.32 6.308 3.123 1.335 1.599 1.457 0.7243 0.6734 0.1054 0.1524 0.02476 0.007111 0.004933 0.009726 0.00348 0.000809 0.003294
1.456 7.469 35.5 46.41 33.9 3.432 1.699 0.7261 0.8699 0.7926 0.3941 0.3664 0.05733 0.08294 0.01347 0.003869 0.002684 0.005292 0.001893 0.002232
0.6964 14.65 16.99 21.48 23.06 16.84 1.705 0.8442 0.3608 0.4322 0.3938 0.1958 0.182 0.02849 0.04121 0.006694 0.001922 0.001333 0.002629 0.00205
2.305 7.554 36.01 11.19 11.65 12.5 9.133 0.9245 0.4577 0.1956 0.2343 0.2135 0.1061 0.09869 0.01544 0.02234 0.003629 0.001042 0.0007229 0.002537
2.958 26.51 19.62 25.07 6.412 6.672 7.161 5.232 0.5296 0.2622 0.1121 0.1342 0.1223 0.06081 0.05654 0.008847 0.0128 0.002079 0.000597 0.001867
1.219 33.22 66.99 13.22 13.89 3.552 3.696 3.967 2.898 0.2934 0.1452 0.06207 0.07436 0.06775 0.03368 0.03132 0.004901 0.00709 0.001152 0.001365
0.3568 12.59 77.43 41.59 6.741 7.081 1.811 1.884 2.022 1.478 0.1496 0.07405 0.03165 0.03791 0.03454 0.01717 0.01597 0.002499 0.003615 0.001283
0.939 4.252 33.69 55.39 24.47 3.966 4.166 1.065 1.109 1.19 0.8693 0.088 0.04357 0.01862 0.02231 0.02032 0.0101 0.009395 0.00147 0.002882
