 landings-at-age - landings.n (units : NA )
1	2	
42	100	
1	20	
1 
0.273 3.094 8.024 5.905 4.183 2.956 2.102 1.608 1.121 0.7695 0.5562 0.363 0.2137 0.158 0.1103 0.08088 0.06028 0.041 0.0286 0.06729
0.1582 1.738 4.829 3.625 2.23 1.58 1.116 0.7939 0.6071 0.4234 0.2906 0.21 0.1371 0.08068 0.05967 0.04166 0.03054 0.02276 0.01548 0.03621
0.2454 2.607 7.004 5.684 3.576 2.2 1.558 1.101 0.783 0.5988 0.4176 0.2866 0.2072 0.1352 0.07958 0.05886 0.04109 0.03012 0.02245 0.05098
0.2341 2.514 6.528 5.091 3.457 2.174 1.338 0.9475 0.6695 0.4762 0.3641 0.254 0.1743 0.126 0.08221 0.0484 0.03579 0.02499 0.01832 0.04466
0.3209 3.51 9.169 6.912 4.512 3.064 1.927 1.186 0.8398 0.5934 0.422 0.3227 0.2251 0.1545 0.1117 0.07287 0.0429 0.03172 0.02215 0.05582
0.3 3.04 8.101 6.109 3.848 2.512 1.706 1.073 0.6601 0.4675 0.3304 0.235 0.1797 0.1253 0.08601 0.06216 0.04057 0.02388 0.01766 0.04341
0.2544 2.864 7.097 5.484 3.459 2.179 1.422 0.9658 0.6076 0.3737 0.2647 0.1871 0.1331 0.1017 0.07096 0.0487 0.0352 0.02297 0.01352 0.03458
0.3281 3.548 9.738 7.012 4.535 2.861 1.802 1.176 0.7988 0.5025 0.3091 0.2189 0.1547 0.11 0.08415 0.05868 0.04028 0.02911 0.019 0.03978
0.3301 3.793 9.976 7.919 4.768 3.084 1.945 1.225 0.7999 0.5431 0.3416 0.2102 0.1489 0.1052 0.07482 0.05721 0.0399 0.02738 0.01979 0.03997
0.288 3.397 9.508 7.23 4.798 2.888 1.868 1.178 0.7424 0.4846 0.329 0.207 0.1273 0.09019 0.06373 0.04533 0.03466 0.02417 0.01659 0.03621
0.3003 3.533 10.14 8.214 5.224 3.467 2.087 1.35 0.8514 0.5364 0.3501 0.2377 0.1496 0.092 0.06517 0.04605 0.03275 0.02505 0.01747 0.03815
0.3788 3.665 10.46 8.666 5.869 3.732 2.477 1.491 0.9644 0.6083 0.3832 0.2502 0.1699 0.1068 0.06573 0.04656 0.0329 0.0234 0.01789 0.03973
0.3342 3.779 8.884 7.309 5.059 3.426 2.179 1.446 0.8704 0.563 0.3551 0.2237 0.146 0.09915 0.06237 0.03837 0.02718 0.0192 0.01366 0.03364
0.3335 3.872 10.64 7.229 4.972 3.441 2.33 1.482 0.9835 0.5921 0.383 0.2416 0.1522 0.09934 0.06745 0.04243 0.0261 0.01849 0.01306 0.03218
0.3465 4.037 11.37 9.016 5.119 3.521 2.437 1.65 1.049 0.6964 0.4193 0.2712 0.171 0.1078 0.07034 0.04776 0.03004 0.01848 0.01309 0.03203
0.3497 3.707 10.48 8.497 5.629 3.196 2.198 1.521 1.03 0.6552 0.4348 0.2618 0.1693 0.1068 0.06727 0.04392 0.02982 0.01876 0.01154 0.02817
0.3191 3.679 9.476 7.724 5.235 3.468 1.969 1.354 0.9372 0.6347 0.4036 0.2679 0.1613 0.1043 0.06579 0.04144 0.02705 0.01837 0.01156 0.02447
0.345 3.723 10.43 7.753 5.282 3.58 2.372 1.347 0.9261 0.641 0.4341 0.2761 0.1832 0.1103 0.07133 0.04499 0.02834 0.0185 0.01256 0.02464
0.3046 3.226 8.481 6.855 4.26 2.902 1.967 1.303 0.7399 0.5089 0.3522 0.2385 0.1517 0.1007 0.0606 0.0392 0.02472 0.01557 0.01017 0.02044
0.2853 3.258 8.42 6.417 4.339 2.697 1.837 1.245 0.8249 0.4683 0.3221 0.2229 0.151 0.09601 0.06371 0.03836 0.02481 0.01565 0.009858 0.01937
0.208 2.394 6.704 5.033 3.209 2.17 1.349 0.9188 0.6227 0.4125 0.2342 0.1611 0.1115 0.0755 0.04802 0.03186 0.01918 0.01241 0.007826 0.01462
0.2315 2.458 6.942 5.674 3.569 2.276 1.539 0.9562 0.6515 0.4415 0.2925 0.1661 0.1142 0.07905 0.05353 0.03405 0.02259 0.0136 0.008797 0.01591
0.3652 4.067 10.51 8.64 5.914 3.72 2.372 1.604 0.9966 0.679 0.4602 0.3049 0.1731 0.1191 0.0824 0.0558 0.03549 0.02355 0.01418 0.02576
0.2406 2.714 7.389 5.517 3.789 2.594 1.631 1.04 0.7034 0.4371 0.2978 0.2018 0.1337 0.07591 0.05221 0.03614 0.02447 0.01556 0.01033 0.01751
0.1979 2.224 6.163 4.892 3.059 2.101 1.438 0.9044 0.5767 0.3899 0.2423 0.1651 0.1119 0.07413 0.04208 0.02895 0.02003 0.01357 0.008628 0.01543
0.3406 3.911 10.71 8.656 5.757 3.6 2.472 1.692 1.064 0.6787 0.4589 0.2852 0.1943 0.1317 0.08724 0.04953 0.03407 0.02358 0.01597 0.02832
0.2119 2.538 7.129 5.643 3.812 2.536 1.585 1.089 0.7454 0.4688 0.2989 0.2021 0.1256 0.08557 0.058 0.03842 0.02181 0.015 0.01038 0.0195
0.2287 2.485 7.292 5.969 3.957 2.673 1.778 1.112 0.7635 0.5226 0.3287 0.2096 0.1417 0.08807 0.06 0.04067 0.02694 0.0153 0.01052 0.02096
0.2755 3.101 8.227 7.024 4.814 3.191 2.156 1.434 0.8965 0.6157 0.4215 0.2651 0.169 0.1143 0.07102 0.04839 0.0328 0.02173 0.01234 0.02539
0.2801 3.088 8.476 6.519 4.655 3.191 2.115 1.429 0.9504 0.5942 0.4081 0.2794 0.1757 0.112 0.07575 0.04707 0.03207 0.02174 0.0144 0.025
0.2509 2.746 7.401 5.891 3.79 2.707 1.855 1.23 0.8307 0.5525 0.3455 0.2373 0.1624 0.1021 0.06513 0.04404 0.02737 0.01865 0.01264 0.02291
0.2246 2.233 5.996 4.702 3.133 2.016 1.439 0.9866 0.654 0.4418 0.2939 0.1837 0.1262 0.08638 0.05432 0.03464 0.02342 0.01456 0.009917 0.0189
0.4011 4.298 10.4 8.142 5.35 3.564 2.293 1.638 1.122 0.744 0.5026 0.3343 0.209 0.1436 0.09827 0.0618 0.03941 0.02665 0.01656 0.03279
0.3113 3.382 8.843 6.181 4.042 2.656 1.769 1.138 0.8129 0.5572 0.3693 0.2495 0.166 0.1038 0.07126 0.04878 0.03068 0.01956 0.01323 0.0245
0.3022 3.246 8.631 6.558 3.836 2.508 1.648 1.098 0.7065 0.5045 0.3458 0.2292 0.1549 0.103 0.0644 0.04423 0.03027 0.01904 0.01214 0.02341
0.4333 4.501 11.77 9.098 5.787 3.385 2.214 1.455 0.9691 0.6234 0.4452 0.3052 0.2023 0.1367 0.09089 0.05683 0.03903 0.02672 0.0168 0.03138
0.4818 4.91 12.4 9.366 6.049 3.848 2.251 1.472 0.9671 0.6444 0.4145 0.296 0.2029 0.1345 0.09086 0.06044 0.03779 0.02595 0.01776 0.03204
0.4638 5.52 13.66 9.956 6.288 4.061 2.583 1.511 0.9881 0.6493 0.4326 0.2783 0.1987 0.1362 0.0903 0.061 0.04057 0.02537 0.01742 0.03343
0.4296 4.802 13.9 9.926 6.045 3.818 2.466 1.568 0.9174 0.6 0.3942 0.2627 0.169 0.1207 0.08271 0.05482 0.03704 0.02463 0.0154 0.03088
0.411 4.613 12.55 10.51 6.274 3.821 2.413 1.558 0.9913 0.5799 0.3792 0.2492 0.166 0.1068 0.07627 0.05228 0.03465 0.02341 0.01557 0.02925
0.3223 3.493 9.592 7.563 5.293 3.161 1.925 1.216 0.7851 0.4994 0.2921 0.191 0.1255 0.08363 0.0538 0.03842 0.02634 0.01746 0.01179 0.02258
0.3058 3.689 9.796 7.835 5.173 3.62 2.162 1.317 0.8315 0.537 0.3416 0.1998 0.1307 0.08586 0.0572 0.0368 0.02628 0.01801 0.01194 0.02351
0.3761 4.457 13.11 10.12 6.779 4.476 3.132 1.87 1.139 0.7193 0.4646 0.2955 0.1729 0.113 0.07428 0.04949 0.03184 0.02274 0.01558 0.03067
0.4057 4.12 11.89 10.12 6.531 4.374 2.888 2.021 1.207 0.7349 0.4641 0.2998 0.1907 0.1115 0.07294 0.04792 0.03193 0.02054 0.01467 0.02984
0.3612 4.208 10.42 8.705 6.194 3.999 2.678 1.768 1.237 0.7389 0.45 0.2842 0.1835 0.1167 0.06829 0.04466 0.02934 0.01955 0.01258 0.02725
0.2735 3.218 9.178 6.596 4.61 3.28 2.118 1.418 0.9364 0.6553 0.3913 0.2383 0.1505 0.09721 0.06183 0.03617 0.02365 0.01554 0.01035 0.0211
0.2245 2.604 7.527 6.261 3.768 2.634 1.874 1.21 0.8102 0.5349 0.3744 0.2235 0.1361 0.08598 0.05553 0.03532 0.02066 0.01351 0.008878 0.01797
0.3226 4.051 11.47 9.67 6.74 4.057 2.835 2.017 1.302 0.8722 0.5759 0.403 0.2407 0.1466 0.09256 0.05978 0.03802 0.02224 0.01455 0.0289
0.3603 4.119 12.55 10.27 7.243 5.048 3.038 2.124 1.511 0.9754 0.6532 0.4313 0.3018 0.1802 0.1098 0.06932 0.04477 0.02848 0.01666 0.03254
0.3809 4.141 11.47 10.07 6.881 4.852 3.382 2.036 1.423 1.012 0.6535 0.4376 0.289 0.2022 0.1208 0.07354 0.04644 0.03 0.01908 0.03296
0.3331 3.791 10.01 7.981 5.851 3.999 2.82 1.966 1.183 0.8269 0.5883 0.3798 0.2544 0.1679 0.1175 0.07018 0.04274 0.02699 0.01743 0.03025
0.2354 2.577 7.173 5.477 3.651 2.677 1.83 1.29 0.8993 0.5412 0.3783 0.2692 0.1738 0.1164 0.07683 0.05377 0.03211 0.01955 0.01235 0.02181
0.2122 2.229 5.995 4.865 3.111 2.074 1.52 1.039 0.7328 0.5108 0.3074 0.2149 0.1529 0.0987 0.0661 0.04364 0.03054 0.01824 0.01111 0.0194
0.2308 2.536 6.545 5.145 3.499 2.237 1.491 1.093 0.7473 0.527 0.3673 0.2211 0.1545 0.1099 0.07097 0.04753 0.03138 0.02196 0.01311 0.02194
0.288 3.231 8.691 6.542 4.308 2.93 1.873 1.249 0.9155 0.6257 0.4413 0.3076 0.1851 0.1294 0.09206 0.05943 0.0398 0.02628 0.01839 0.02935
0.3744 3.969 10.85 8.468 5.335 3.513 2.389 1.527 1.018 0.7466 0.5103 0.3598 0.2508 0.151 0.1055 0.07507 0.04846 0.03246 0.02143 0.03893
0.4676 4.794 12.32 9.725 6.347 3.999 2.633 1.791 1.145 0.7633 0.5597 0.3825 0.2697 0.188 0.1132 0.07909 0.05627 0.03633 0.02433 0.04525
0.3049 3.359 8.411 6.237 4.11 2.683 1.69 1.113 0.7569 0.484 0.3226 0.2366 0.1617 0.114 0.07947 0.04783 0.03343 0.02378 0.01536 0.02941
0.2945 3.35 9.045 6.595 4.094 2.698 1.761 1.11 0.7307 0.4969 0.3177 0.2118 0.1553 0.1061 0.07484 0.05217 0.0314 0.02194 0.01561 0.02939
