Originally  
101 
A 
42	100	
1	1	NA	NA	
1	20	
1 0.02288 0.1945 0.3203 0.1716 0.1602 0.1144 0.0572 0.02288 0.04576 0 0 0.01144 0.01144 0 0 0 0 0.01144 0 0
1 0.05257 0.09199 0.3811 0.3154 0.1708 0.07885 0.03942 0.07885 0.01314 0.03942 0.03942 0.01314 0 0 0 0 0 0 0 0
1 0.03708 0.2596 0.5006 0.3523 0.2039 0.2596 0.0927 0.01854 0.01854 0.07416 0.01854 0 0.01854 0 0 0 0 0 0 0
1 0.02835 0.1985 0.3686 0.2268 0.1985 0.1418 0.1134 0.04253 0.01418 0.02835 0.01418 0.02835 0.01418 0 0 0 0 0 0 0
1 0.04918 0.1844 0.3934 0.2705 0.1475 0.09835 0 0 0.02459 0.04918 0 0 0 0 0.01229 0 0 0 0 0
1 0.02479 0.1984 0.3471 0.2479 0.124 0.1364 0.04959 0.03719 0.0124 0.0124 0 0 0.0124 0.02479 0 0.0124 0 0 0 0
1 0.05494 0.348 0.348 0.3663 0.1282 0.1648 0.1648 0.1099 0.05494 0.05494 0 0 0.01831 0 0 0 0 0.01831 0 0
1 0.01359 0.1903 0.367 0.299 0.1767 0.08156 0.06796 0.04078 0.05437 0.05437 0 0.01359 0 0 0 0 0 0 0 0
1 0.03787 0.1894 0.4545 0.4545 0.303 0.2083 0.09468 0.03787 0.03787 0.03787 0.03787 0 0 0 0 0 0 0 0 0
1 0.06406 0.2883 0.4644 0.2562 0.2242 0.09609 0.09609 0.03203 0.03203 0.03203 0.01601 0 0 0 0 0 0 0 0 0
1 0.0447 0.1788 0.4769 0.2682 0.1788 0.1639 0.0447 0.0447 0.0149 0.0298 0.0298 0 0 0 0 0 0 0.0149 0 0
1 0.02495 0.212 0.3617 0.2245 0.212 0.08731 0.06237 0.02495 0.01247 0 0 0.02495 0 0 0 0 0 0 0 0
1 0.01374 0.206 0.261 0.261 0.1923 0.1511 0.1648 0.05494 0 0.02747 0.01374 0 0.01374 0 0 0 0 0 0 0.01374
1 0.02088 0.4177 0.6891 0.3132 0.1671 0.1462 0.1462 0.08353 0.06265 0 0 0 0 0 0 0 0 0.02088 0 0.02088
1 0.02814 0.1407 0.3377 0.2955 0.2251 0.1407 0.05628 0.04221 0.04221 0 0.05628 0.01407 0 0 0 0 0 0.01407 0 0.01407
1 0 0.1884 0.4202 0.2463 0.1594 0.1304 0.1159 0.07245 0 0.02898 0.02898 0.05796 0 0 0 0 0 0 0 0
1 0.03407 0.1703 0.477 0.2385 0.3577 0.2044 0.06814 0.06814 0.03407 0.01703 0.03407 0 0 0 0 0 0 0 0 0
1 0.0555 0.3515 0.333 0.481 0.2775 0.09251 0.074 0.0185 0.037 0 0.0185 0.037 0.037 0.0185 0 0 0 0 0 0.0185
1 0.04875 0.1787 0.2925 0.4062 0.26 0.2112 0.08125 0.08125 0.01625 0.01625 0 0.01625 0 0 0 0.01625 0 0 0 0
1 0.04517 0.3839 0.4743 0.3839 0.3839 0.1129 0.1129 0.2258 0.04517 0.04517 0.02258 0.02258 0 0 0 0 0 0 0 0
1 0 0.2964 0.3787 0.4281 0.1153 0.1153 0.1482 0.03293 0.03293 0.03293 0 0.01647 0.0494 0 0 0 0 0 0 0
1 0.03556 0.1778 0.2134 0.2015 0.2489 0.09483 0.09483 0.03556 0.04742 0.02371 0 0.01185 0 0 0 0 0 0 0 0
1 0 0.4108 0.2629 0.2794 0.1972 0.1972 0.06573 0.03286 0.0493 0.06573 0.0493 0.01643 0 0.01643 0 0 0 0 0 0
1 0.02847 0.2135 0.3985 0.1423 0.1993 0.1993 0.05693 0.02847 0 0.0427 0.0427 0.02847 0 0.02847 0 0 0.01423 0 0 0
1 0.03581 0.191 0.2984 0.2745 0.1313 0.05968 0.1074 0.03581 0.01194 0.02387 0 0.02387 0 0 0 0 0 0 0 0
1 0.03612 0.2529 0.3973 0.307 0.307 0.1264 0.1626 0.07224 0.05418 0.03612 0 0.03612 0 0.01806 0 0 0 0 0 0
1 0.03373 0.1855 0.3036 0.4554 0.2361 0.1855 0.1012 0.03373 0.03373 0.06746 0.01687 0 0.01687 0 0 0 0 0.01687 0 0
1 0.06674 0.267 0.4839 0.2837 0.1835 0.1835 0.1001 0.03337 0.01669 0.01669 0.01669 0 0 0 0 0 0.01669 0 0 0
1 0 0.3705 0.8337 0.6793 0.4632 0.247 0.1853 0.06176 0.09263 0.06176 0.03088 0.03088 0.03088 0 0 0 0 0 0 0
1 0.01392 0.1531 0.362 0.3341 0.09745 0.1253 0.08353 0.04176 0.06961 0.05569 0 0.02784 0.01392 0.01392 0 0 0 0 0 0
1 0.0715 0.143 0.5005 0.3754 0.1787 0.143 0.143 0.08937 0.01787 0.01787 0.01787 0.03575 0.01787 0.01787 0 0.01787 0 0 0 0
1 0.04479 0.2911 0.5822 0.2687 0.3359 0.2015 0.112 0.08957 0.06718 0.1567 0.02239 0 0.02239 0.02239 0 0 0.02239 0 0 0
1 0.08359 0.2717 0.4179 0.4388 0.3134 0.1881 0.06269 0.06269 0.04179 0.1254 0 0.04179 0.0209 0 0.0209 0 0 0 0 0
1 0.05198 0.1733 0.5198 0.3465 0.2252 0.08663 0.08663 0.0693 0.05198 0.0693 0 0.03465 0 0.01733 0 0 0 0 0 0
1 0 0.2923 0.7308 0.355 0.1879 0.1879 0.167 0.02088 0.04176 0.02088 0.04176 0.04176 0 0 0 0 0 0 0 0
1 0.0777 0.2176 0.4196 0.3108 0.2331 0.1399 0.09324 0.01554 0.01554 0 0.03108 0 0 0 0 0 0 0 0 0
1 0.09346 0.2991 0.5234 0.2804 0.1869 0.1682 0.1309 0 0.01869 0.09346 0.01869 0.03739 0 0 0 0.01869 0 0 0 0
1 0.06033 0.3016 0.4424 0.362 0.3217 0.1408 0.2413 0.04022 0.02011 0.02011 0 0.04022 0 0 0 0.02011 0 0 0 0
1 0.0585 0.195 0.4875 0.468 0.312 0.1365 0.078 0.078 0.0195 0.0195 0.039 0.039 0 0 0 0 0.0195 0 0 0
1 0.01746 0.262 0.4366 0.4366 0.227 0.1048 0.06986 0.03493 0.03493 0.01746 0.05239 0.03493 0.01746 0 0 0 0 0 0 0
1 0.07053 0.5172 0.6818 0.6348 0.1881 0.1411 0 0.04702 0.02351 0.04702 0 0 0 0 0 0 0 0 0 0
1 0.06771 0.2483 0.5868 0.3837 0.2934 0.2708 0.2031 0.1129 0.04514 0.02257 0 0 0 0.02257 0 0 0 0 0 0
1 0.01958 0.1958 0.5484 0.2938 0.2546 0.1763 0.1763 0.09792 0.07834 0.03917 0 0.01958 0.01958 0.01958 0.01958 0 0 0 0 0
1 0.1055 0.2901 0.7384 0.4747 0.3164 0.2373 0.211 0.07911 0.1319 0.05274 0 0 0 0 0 0 0 0 0 0
1 0 0.3196 0.5393 0.3595 0.2597 0.1198 0.1398 0.09987 0.03995 0.03995 0.03995 0.01997 0 0 0.01997 0 0 0 0 0
1 0.05171 0.4137 0.6464 0.4654 0.2586 0.3103 0.1551 0.05171 0.07757 0.02586 0.1293 0 0 0 0 0 0 0 0 0
1 0.02099 0.2519 0.6506 0.4198 0.2728 0.2519 0.08395 0.08395 0.02099 0.04198 0 0 0 0 0 0 0 0 0 0
1 0.02376 0.3089 0.6416 0.4753 0.404 0.2852 0.1426 0 0.04753 0.04753 0 0 0 0 0 0 0 0 0 0
1 0.05821 0.2134 0.3881 0.4851 0.2328 0.1746 0.1358 0.07761 0.07761 0.03881 0.03881 0 0.0194 0 0 0 0 0 0 0
1 0.05975 0.1992 0.6771 0.2589 0.2589 0.239 0.09958 0.07966 0.05975 0 0.03983 0 0.01992 0 0 0 0 0 0 0
1 0.044 0.308 0.462 0.374 0.396 0.132 0.11 0.198 0.088 0.066 0 0.022 0 0 0 0 0 0 0 0
1 0.01561 0.2342 0.281 0.281 0.1561 0.1405 0.1561 0.07807 0.06245 0.01561 0.1093 0 0 0.03123 0 0 0 0 0 0
1 0.06566 0.4159 0.4596 0.4159 0.3064 0.1313 0.1532 0.1313 0.06566 0.02189 0.02189 0 0 0 0 0 0 0 0 0
1 0 0.1638 0.5405 0.262 0.2129 0.1146 0.1802 0.06551 0.01638 0.03276 0.01638 0 0.03276 0 0 0 0 0 0 0
1 0.05775 0.1386 0.3234 0.1848 0.2079 0.0462 0.05775 0.0231 0.01155 0.05775 0.0231 0 0 0 0.01155 0 0 0 0 0.01155
1 0.05906 0.374 0.5512 0.4528 0.1772 0.1181 0.05906 0.03937 0.09843 0 0.01969 0.01969 0 0 0 0 0 0 0 0
1 0.08867 0.3192 0.4079 0.3724 0.1773 0.07093 0.1064 0.03547 0.0532 0.07093 0.01773 0.01773 0 0 0.03547 0 0 0 0 0
1 0.0548 0.3288 0.6576 0.4932 0.4658 0.1918 0.274 0.137 0 0.0822 0 0 0 0.0274 0 0 0 0 0.0274 0
1 0 0.2924 0.7727 0.3133 0.1462 0.1462 0.1462 0.08354 0.06265 0.04177 0.02088 0.02088 0 0 0 0 0 0 0 0.04177
