Originally  
101 
A 
42	100	
1	1	NA	NA	
1	20	
1 0.09133 0.3425 0.411 0.411 0.411 0.2511 0.09133 0.06849 0.09133 0.02283 0 0.04566 0 0.02283 0 0.02283 0 0 0 0
1 0.08106 0.2108 0.4864 0.227 0.1946 0.1459 0.1297 0.06485 0.01621 0.01621 0 0 0 0.01621 0 0.01621 0 0.01621 0 0
1 0 0.2863 0.2704 0.334 0.1749 0.1431 0.06361 0.1113 0.06361 0.03181 0.04771 0 0.03181 0 0.0159 0.0159 0 0 0 0
1 0.05314 0.2657 0.279 0.2524 0.1727 0.1196 0.05314 0.02657 0.02657 0 0.02657 0.01329 0.01329 0.01329 0 0 0 0 0 0.01329
1 0.0252 0.1512 0.315 0.252 0.1638 0.1008 0.0504 0.063 0.0504 0.0504 0.0126 0.0126 0 0.0126 0 0 0 0 0 0
1 0.03451 0.1553 0.5522 0.2761 0.2589 0.1898 0.05177 0.08629 0.03451 0.03451 0.03451 0.01726 0 0 0 0 0 0 0 0
1 0.02533 0.1773 0.3166 0.228 0.1647 0.07599 0.114 0.06333 0.01267 0.02533 0.02533 0 0.01267 0.01267 0 0 0 0 0.01267 0
1 0.04028 0.3021 0.4834 0.3223 0.3424 0.2417 0.2014 0 0 0 0 0.02014 0.02014 0 0 0.02014 0 0 0 0.02014
1 0.0506 0.253 0.4048 0.3205 0.2193 0.1181 0.1518 0.08433 0.01687 0 0.03373 0 0 0.01687 0.01687 0 0 0 0 0
1 0.01324 0.1457 0.4237 0.1986 0.2251 0.07945 0.09269 0.02648 0.03973 0.03973 0.01324 0.01324 0 0.01324 0 0 0 0 0 0
1 0 0.1651 0.3303 0.2852 0.2852 0.04503 0.1201 0.1351 0.04503 0 0.03002 0 0.01501 0.01501 0 0.01501 0 0 0 0.01501
1 0.05715 0.1905 0.4953 0.3429 0.2286 0.1905 0.1333 0.07619 0.05715 0.0381 0 0.0381 0.01905 0 0.01905 0 0.01905 0 0 0
1 0.04963 0.1985 0.4632 0.182 0.215 0.182 0.1323 0.06617 0.03308 0.03308 0.03308 0.01654 0.01654 0 0.01654 0.01654 0 0 0 0
1 0.0301 0.2257 0.4515 0.3461 0.0903 0.0903 0.01505 0.1053 0.07525 0.0301 0 0.01505 0.01505 0 0.01505 0 0 0 0 0
1 0.05939 0.1782 0.3267 0.3564 0.1782 0.2376 0.04454 0.0297 0 0.04454 0.0297 0 0 0 0 0 0 0 0 0
1 0.04783 0.2232 0.3507 0.3029 0.2073 0.1754 0.1435 0.03189 0.01594 0.03189 0.01594 0.01594 0.01594 0 0.01594 0 0 0 0 0
1 0.02461 0.3938 0.5169 0.4922 0.3446 0.3692 0.1231 0.09845 0 0.02461 0.02461 0 0 0 0.04922 0 0 0 0 0
1 0.04232 0.1164 0.2539 0.3386 0.1587 0.06349 0.05291 0 0 0.02116 0 0 0.01058 0 0 0 0 0 0 0
1 0.02533 0.1267 0.4939 0.2406 0.1267 0.06333 0.08866 0.06333 0 0 0.01267 0.01267 0 0 0 0 0.01267 0 0 0
1 0.03543 0.3188 0.372 0.3365 0.2834 0.124 0.1063 0.07085 0.01771 0.05314 0.03543 0.01771 0 0 0 0 0 0 0 0
1 0.0948 0.3792 0.474 0.3792 0.2844 0.1327 0.0948 0.03792 0 0.01896 0 0 0 0 0 0 0 0 0 0
1 0.05359 0.1786 0.5538 0.3394 0.3215 0.1429 0.08932 0 0.05359 0.01786 0.01786 0.01786 0 0 0 0 0 0 0 0
1 0.06405 0.3629 0.4483 0.4697 0.3843 0.1921 0.06405 0.0427 0.0427 0 0.02135 0.0427 0 0 0 0 0 0 0 0
1 0.03091 0.1855 0.371 0.2318 0.2318 0.1391 0.17 0.09274 0.04637 0 0.01546 0 0.01546 0.01546 0 0 0 0 0 0
1 0.08818 0.2645 0.4409 0.3748 0.2425 0.2645 0.1984 0.08818 0.06613 0.08818 0.06613 0 0 0.02204 0 0 0 0 0 0
1 0.0205 0.2255 0.4716 0.4306 0.3486 0.205 0.1025 0.1025 0.06151 0.04101 0.04101 0 0 0 0 0 0 0 0 0
1 0.01765 0.2825 0.3708 0.512 0.1589 0.2119 0.08827 0.01765 0.03531 0.03531 0.01765 0 0 0 0 0 0 0 0 0.01765
1 0.09766 0.1465 0.3093 0.2442 0.179 0.293 0.1465 0.06511 0.06511 0.01628 0.03255 0.01628 0 0.01628 0 0 0 0 0 0
1 0.07911 0.1741 0.3006 0.3639 0.2215 0.1899 0.09494 0.07911 0.03165 0.01582 0 0.01582 0 0 0 0 0 0.01582 0 0
1 0.03755 0.2065 0.3942 0.3567 0.1877 0.2628 0.1126 0.1126 0.09387 0.05632 0.03755 0.01877 0 0 0 0 0 0 0 0
1 0.07147 0.2144 0.3752 0.5003 0.1429 0.1072 0.08934 0.07147 0.03574 0.03574 0.1072 0.01787 0 0 0 0 0 0.01787 0 0
1 0.04516 0.4064 0.5871 0.5193 0.2258 0.1355 0.1355 0.06774 0.04516 0.02258 0 0.02258 0.04516 0 0 0 0 0 0 0
1 0 0.2054 0.3228 0.3375 0.2495 0.1467 0.1027 0.02935 0.02935 0.01467 0 0.01467 0 0.01467 0 0 0 0 0 0
1 0.04457 0.3343 0.7576 0.5348 0.1114 0.1783 0.06685 0.06685 0.06685 0.06685 0 0 0 0 0 0 0 0 0 0
1 0.04525 0.4072 0.543 0.362 0.2715 0.181 0.1357 0.1131 0.04525 0.02262 0.04525 0.02262 0.04525 0 0.02262 0 0 0 0 0
1 0.01262 0.164 0.2019 0.2776 0.3028 0.1009 0.05047 0.06309 0.05047 0.01262 0 0 0 0.01262 0.01262 0 0 0 0 0
1 0.07796 0.2534 0.5847 0.3508 0.2144 0.1754 0.05847 0.07796 0.05847 0.05847 0.03898 0 0 0 0 0 0 0 0 0
1 0.07058 0.3059 0.6823 0.3529 0.3294 0.1412 0.1647 0.09411 0.02353 0.02353 0.02353 0.09411 0 0 0 0 0 0 0.02353 0.02353
1 0.07458 0.1939 0.358 0.2536 0.179 0.1342 0.1342 0.07458 0.05966 0 0.01492 0.01492 0 0 0 0 0 0 0 0
1 0.01399 0.1538 0.3357 0.3776 0.2098 0.06993 0.06993 0.04196 0.1119 0.01399 0 0 0 0 0 0 0 0 0 0
1 0.01488 0.2382 0.4019 0.2828 0.1935 0.1488 0.02977 0.07442 0.07442 0 0.01488 0 0 0 0.01488 0 0 0 0 0
1 0.01373 0.2334 0.3021 0.2883 0.1648 0.06865 0.151 0.05492 0 0.01373 0.02746 0.01373 0.01373 0.02746 0 0 0 0 0 0
1 0.03482 0.3482 0.3482 0.383 0.2263 0.1219 0.1044 0.08704 0.03482 0.01741 0 0.01741 0 0 0.01741 0 0 0 0 0
1 0.04569 0.2285 0.396 0.1675 0.3046 0.198 0.01523 0.03046 0.03046 0.03046 0.01523 0 0.03046 0 0.03046 0 0 0 0 0
1 0.0321 0.1765 0.4012 0.321 0.2407 0.1605 0.0963 0.0642 0.0642 0.01605 0.0321 0 0 0 0 0 0 0 0 0
1 0 0.2128 0.3724 0.3902 0.266 0.3015 0.07094 0.07094 0.03547 0 0 0.01774 0.03547 0 0 0 0 0 0 0
1 0.02496 0.3994 0.5991 0.5491 0.4742 0.1997 0.02496 0.09984 0.02496 0.09984 0 0 0 0 0 0 0 0 0 0
1 0.02107 0.3581 0.6109 0.3371 0.2949 0.1053 0.1475 0.04213 0.02107 0.04213 0.04213 0.04213 0.02107 0.02107 0 0 0 0 0 0
1 0.07377 0.4672 0.7623 0.5164 0.1967 0.1721 0.04918 0.04918 0.09836 0 0.02459 0.04918 0 0 0 0 0 0 0 0
1 0.05807 0.3097 0.5033 0.4258 0.271 0.1548 0.1161 0.03871 0.03871 0 0 0 0.01936 0 0 0 0 0 0 0
1 0.03233 0.5173 0.8083 0.873 0.3233 0.3233 0.2587 0.06467 0.03233 0 0 0 0 0 0 0 0 0 0 0
1 0.0597 0.4179 1.015 0.6268 0.2388 0.1492 0.1791 0.08955 0.0597 0.0597 0 0.08955 0 0 0 0 0 0 0 0
1 0.02931 0.2344 0.3224 0.2784 0.2491 0.1758 0.02931 0.02931 0.04396 0.04396 0.02931 0 0 0 0 0 0 0 0 0
1 0.05024 0.201 0.7033 0.3768 0.4522 0.1758 0.1256 0.1507 0.02512 0.07536 0.02512 0.07536 0.05024 0 0 0.02512 0 0 0 0
1 0.04562 0.2509 0.5018 0.3878 0.365 0.2509 0.2281 0.02281 0.1141 0.06843 0.02281 0 0 0.02281 0 0 0 0 0 0
1 0.1057 0.2115 1.022 0.6344 0.6696 0.3877 0.1762 0.1762 0.07049 0 0 0.03524 0 0 0 0.03524 0 0 0 0
1 0.01851 0.2221 0.4812 0.4257 0.2776 0.1666 0.1296 0.03702 0.05553 0.01851 0 0 0 0 0 0.01851 0 0 0 0
1 0.02924 0.4385 0.7601 0.5847 0.5555 0.1462 0.08771 0.2047 0.02924 0.02924 0 0.05847 0 0 0 0 0 0 0 0
1 0.01812 0.2718 0.3987 0.3624 0.2175 0.1812 0.1087 0.09061 0.03624 0.03624 0.01812 0.01812 0 0 0.01812 0 0.03624 0 0 0
