 landings-at-age - landings.n (units : NA )
1	2	
42	100	
1	20	
1 
0.005429 0.07399 0.1968 0.07858 0.1778 0.2129 0.04068 0.05791 0.02251 0.02133 0.006798 0.006867 0.006978 0.001538 0.001359 0.002002 0.0005935 0.001257 0.0002901 0.0014
0.003414 0.06096 0.2076 0.1641 0.0551 0.1247 0.1493 0.02853 0.0406 0.01579 0.01496 0.004766 0.004815 0.004892 0.001079 0.0009526 0.001404 0.0004161 0.0008816 0.001185
0.02674 0.6022 2.676 2.705 1.798 0.6037 1.366 1.636 0.3125 0.4449 0.1729 0.1639 0.05222 0.05275 0.0536 0.01182 0.01044 0.01538 0.004559 0.02264
0.07237 0.5797 3.229 4.234 3.594 2.389 0.8021 1.815 2.173 0.4152 0.5911 0.2298 0.2177 0.06938 0.07009 0.07122 0.0157 0.01387 0.02043 0.03614
0.3183 1.2 2.364 3.862 4.247 3.605 2.396 0.8045 1.82 2.18 0.4165 0.5929 0.2305 0.2184 0.0696 0.07031 0.07144 0.01575 0.01391 0.05675
0.3001 4.71 4.341 2.493 3.411 3.752 3.185 2.117 0.7107 1.608 1.926 0.3679 0.5237 0.2036 0.1929 0.06148 0.06211 0.06311 0.01391 0.06242
0.9482 4.166 15.89 4.244 2.039 2.79 3.068 2.605 1.731 0.5813 1.315 1.575 0.3009 0.4284 0.1665 0.1578 0.05028 0.0508 0.05161 0.06243
0.4395 12.63 13.41 14.73 3.287 1.579 2.161 2.377 2.018 1.341 0.4502 1.019 1.22 0.2331 0.3318 0.129 0.1222 0.03895 0.03935 0.08833
0.4035 5.686 39.25 11.93 10.94 2.441 1.173 1.605 1.765 1.498 0.9958 0.3343 0.7564 0.9058 0.1731 0.2464 0.09578 0.09075 0.02892 0.0948
0.248 5.108 17.19 33.77 8.555 7.842 1.75 0.8408 1.151 1.265 1.074 0.714 0.2397 0.5424 0.6495 0.1241 0.1766 0.06867 0.06507 0.08871
0.5789 3.086 15.09 14.37 23.49 5.952 5.456 1.218 0.5849 0.8004 0.8803 0.7473 0.4967 0.1668 0.3773 0.4519 0.08633 0.1229 0.04778 0.107
0.3076 7.106 8.943 12.3 9.73 15.91 4.03 3.694 0.8245 0.3961 0.5421 0.5961 0.5061 0.3364 0.1129 0.2555 0.306 0.05846 0.08322 0.1048
0.5086 3.733 20.24 7.117 8.124 6.429 10.51 2.663 2.441 0.5448 0.2617 0.3581 0.3939 0.3344 0.2223 0.07461 0.1688 0.2022 0.03863 0.1242
0.7172 6.112 10.47 15.76 4.596 5.246 4.151 6.788 1.72 1.576 0.3518 0.169 0.2313 0.2543 0.2159 0.1435 0.04818 0.109 0.1306 0.1052
1.496 8.546 16.9 7.99 9.961 2.904 3.315 2.623 4.29 1.087 0.9961 0.2223 0.1068 0.1462 0.1607 0.1364 0.0907 0.03045 0.06889 0.149
1.221 17.7 23.32 12.65 4.946 6.167 1.798 2.052 1.624 2.656 0.6727 0.6167 0.1376 0.06612 0.09048 0.0995 0.08447 0.05615 0.01885 0.1349
2.505 14.35 47.7 17.14 7.677 3.002 3.743 1.091 1.246 0.9857 1.612 0.4083 0.3743 0.08353 0.04013 0.05491 0.06039 0.05127 0.03408 0.0933
1.582 29.26 38.21 34.43 10.2 4.571 1.788 2.229 0.6498 0.7417 0.5869 0.9597 0.2431 0.2229 0.04974 0.0239 0.0327 0.03596 0.03053 0.07585
0.8105 18.38 77.08 27.11 20.12 5.964 2.672 1.045 1.303 0.3798 0.4335 0.343 0.5609 0.1421 0.1303 0.02907 0.01397 0.01911 0.02102 0.06217
1.963 9.369 47.89 53.78 15.56 11.55 3.423 1.534 0.5996 0.7476 0.218 0.2488 0.1969 0.322 0.08156 0.07476 0.01668 0.008016 0.01097 0.04775
0.7602 22.59 24.16 32.87 30.32 8.775 6.512 1.93 0.8647 0.3381 0.4215 0.1229 0.1403 0.111 0.1815 0.04599 0.04215 0.009407 0.00452 0.03311
1.652 8.288 55.11 15.61 17.42 16.07 4.65 3.451 1.023 0.4582 0.1792 0.2234 0.06513 0.07434 0.05883 0.0962 0.02437 0.02234 0.004985 0.01994
0.3352 18.01 20.22 35.59 8.271 9.23 8.515 2.464 1.829 0.542 0.2428 0.09495 0.1184 0.03451 0.0394 0.03118 0.05098 0.01291 0.01184 0.01321
0.792 3.655 43.95 13.06 18.86 4.383 4.891 4.513 1.306 0.9692 0.2872 0.1287 0.05032 0.06273 0.01829 0.02088 0.01652 0.02702 0.006844 0.01327
0.5513 8.635 8.917 28.39 6.922 9.996 2.323 2.592 2.391 0.692 0.5136 0.1522 0.06819 0.02667 0.03325 0.009693 0.01106 0.008756 0.01432 0.01066
3.262 6.01 21.07 5.76 15.04 3.668 5.297 1.231 1.374 1.267 0.3667 0.2722 0.08066 0.03614 0.01413 0.01762 0.005137 0.005864 0.00464 0.01324
0.5182 35.57 14.66 13.61 3.052 7.972 1.944 2.807 0.6524 0.728 0.6716 0.1943 0.1442 0.04275 0.01915 0.007489 0.009336 0.002722 0.003107 0.009474
1.271 5.65 86.78 9.471 7.211 1.618 4.225 1.03 1.488 0.3457 0.3858 0.3559 0.103 0.07644 0.02265 0.01015 0.003969 0.004948 0.001443 0.006667
2.225 13.86 13.78 56.05 5.019 3.822 0.8572 2.239 0.5459 0.7884 0.1832 0.2044 0.1886 0.05458 0.04051 0.012 0.005378 0.002103 0.002622 0.004298
0.3927 24.26 33.81 8.904 29.7 2.66 2.025 0.4543 1.186 0.2893 0.4178 0.09709 0.1083 0.09995 0.02892 0.02147 0.006362 0.00285 0.001115 0.003667
1.529 4.281 59.2 21.84 4.719 15.74 1.41 1.073 0.2407 0.6287 0.1533 0.2214 0.05145 0.05741 0.05297 0.01533 0.01138 0.003371 0.00151 0.002534
0.8427 16.67 10.45 38.24 11.57 2.501 8.342 0.747 0.5688 0.1276 0.3332 0.08124 0.1173 0.02727 0.03043 0.02807 0.008123 0.006029 0.001787 0.002143
0.5153 9.187 40.67 6.747 20.26 6.134 1.325 4.421 0.3959 0.3014 0.06761 0.1766 0.04305 0.06218 0.01445 0.01612 0.01488 0.004305 0.003195 0.002083
1.844 5.618 22.42 26.27 3.575 10.74 3.25 0.7022 2.343 0.2098 0.1597 0.03583 0.09357 0.02282 0.03295 0.007657 0.008545 0.007883 0.002281 0.002797
0.397 20.1 13.71 14.48 13.92 1.895 5.69 1.723 0.3721 1.242 0.1112 0.08464 0.01899 0.04959 0.01209 0.01746 0.004058 0.004528 0.004178 0.002691
0.4748 4.328 49.05 8.854 7.673 7.376 1.004 3.016 0.9128 0.1972 0.6579 0.05891 0.04486 0.01006 0.02628 0.006408 0.009254 0.00215 0.0024 0.00364
2.062 5.177 10.56 31.68 4.692 4.066 3.909 0.5321 1.598 0.4837 0.1045 0.3487 0.03122 0.02377 0.005332 0.01393 0.003396 0.004904 0.00114 0.003201
1.681 22.48 12.63 6.821 16.79 2.486 2.155 2.072 0.282 0.8469 0.2564 0.05538 0.1848 0.01655 0.0126 0.002826 0.00738 0.0018 0.002599 0.0023
2.249 18.32 54.86 8.158 3.615 8.898 1.318 1.142 1.098 0.1494 0.4488 0.1359 0.02935 0.09792 0.008768 0.006676 0.001497 0.003911 0.0009536 0.002596
1.473 24.52 44.71 35.43 4.323 1.916 4.715 0.6983 0.6052 0.5818 0.07919 0.2378 0.07199 0.01555 0.05189 0.004647 0.003538 0.0007936 0.002073 0.001881
1.767 15.67 58.52 28.26 18.37 2.242 0.9935 2.445 0.3621 0.3138 0.3017 0.04107 0.1233 0.03733 0.008066 0.02691 0.00241 0.001835 0.0004115 0.00205
0.9823 18.81 37.51 37.2 14.75 9.588 1.17 0.5184 1.276 0.189 0.1638 0.1574 0.02143 0.06436 0.01948 0.004209 0.01404 0.001257 0.0009574 0.001285
0.6806 10.46 45.14 23.98 19.53 7.744 5.035 0.6143 0.2722 0.67 0.09922 0.08599 0.08267 0.01125 0.03379 0.01023 0.00221 0.007373 0.0006602 0.001177
2.178 7.245 25.16 29.01 12.67 10.32 4.091 2.66 0.3246 0.1438 0.354 0.05242 0.04543 0.04367 0.005945 0.01785 0.005405 0.001168 0.003896 0.0009708
1.832 23.18 17.48 16.26 15.42 6.734 5.486 2.175 1.414 0.1725 0.07645 0.1882 0.02787 0.02415 0.02322 0.00316 0.009491 0.002873 0.0006207 0.002587
3.205 19.5 56.07 11.36 8.696 8.248 3.601 2.934 1.163 0.7562 0.09227 0.04089 0.1006 0.0149 0.01292 0.01242 0.00169 0.005076 0.001537 0.001716
1.587 34.11 47.28 36.63 6.112 4.679 4.438 1.938 1.579 0.6259 0.4069 0.04965 0.022 0.05415 0.008019 0.00695 0.006681 0.0009095 0.002731 0.00175
1.54 16.89 82.92 31.06 19.83 3.308 2.533 2.402 1.049 0.8545 0.3388 0.2203 0.02688 0.01191 0.02931 0.004341 0.003762 0.003617 0.0004923 0.002426
0.9538 16.38 41.16 54.76 16.91 10.8 1.802 1.379 1.308 0.5712 0.4653 0.1845 0.1199 0.01464 0.006485 0.01596 0.002364 0.002049 0.001969 0.001589
0.8627 10.14 40.02 27.33 29.99 9.265 5.915 0.9868 0.7555 0.7166 0.3129 0.2549 0.1011 0.0657 0.008017 0.003552 0.008743 0.001295 0.001122 0.001949
0.9125 9.173 24.84 26.71 15.06 16.53 5.105 3.259 0.5437 0.4162 0.3948 0.1724 0.1404 0.05567 0.0362 0.004417 0.001957 0.004817 0.0007134 0.001692
1.178 9.699 22.51 16.67 14.8 8.343 9.158 2.829 1.806 0.3013 0.2307 0.2188 0.09552 0.07782 0.03085 0.02006 0.002448 0.001085 0.002669 0.001333
1.368 12.51 23.86 15.18 9.287 8.247 4.649 5.103 1.576 1.006 0.1679 0.1285 0.1219 0.05323 0.04337 0.01719 0.01118 0.001364 0.0006044 0.00223
2.175 14.53 30.85 16.17 8.507 5.205 4.622 2.606 2.86 0.8834 0.564 0.09409 0.07204 0.06832 0.02983 0.0243 0.009635 0.006264 0.0007644 0.001589
0.7246 23.07 35.88 21 9.109 4.793 2.933 2.604 1.468 1.612 0.4978 0.3178 0.05302 0.04059 0.0385 0.01681 0.0137 0.005429 0.00353 0.001326
0.4827 7.682 57.11 24.55 11.9 5.161 2.716 1.662 1.475 0.8318 0.913 0.282 0.18 0.03004 0.023 0.02181 0.009524 0.007759 0.003076 0.002751
0.8852 5.114 19.05 39.25 13.98 6.777 2.939 1.547 0.9463 0.8403 0.4737 0.52 0.1606 0.1025 0.01711 0.0131 0.01242 0.005424 0.004419 0.003319
0.9031 9.368 12.7 13.15 22.47 8.004 3.879 1.683 0.8854 0.5417 0.481 0.2712 0.2977 0.09194 0.0587 0.009793 0.007497 0.007111 0.003105 0.004429
1.278 9.545 23.3 8.807 7.566 12.93 4.605 2.232 0.9679 0.5093 0.3116 0.2767 0.156 0.1712 0.05289 0.03377 0.005634 0.004313 0.004091 0.004334
