Originally  
101 
A 
42	100	
1	1	NA	NA	
1	20	
1 0.1818 0.1818 0.5454 0.2909 0.6908 0.8362 0.1818 0.3636 0.1091 0.1454 0 0 0.07272 0 0 0 0 0.03636 0 0
1 0.03562 0.3562 0.7836 0.748 0.2137 0.2137 0.5699 0.1781 0.1069 0.1425 0.07123 0 0.07123 0.03562 0 0 0 0 0 0.03562
1 0 0.1413 0.4709 0.4473 0.518 0.04709 0.2119 0.2825 0.07063 0.04709 0.02354 0 0.02354 0.04709 0 0.02354 0 0 0 0
1 0 0.09566 0.4305 0.4544 0.6457 0.1196 0.1435 0.1674 0.2391 0 0.02391 0.02391 0.02391 0 0 0.02391 0 0 0 0
1 0.04314 0.05752 0.1582 0.1294 0.2588 0.2445 0.1438 0.02876 0.1582 0.115 0 0.0719 0.01438 0 0 0.01438 0 0 0 0
1 0.04774 0.3819 0.2387 0.07957 0.2228 0.1114 0.1432 0.09548 0.04774 0.09548 0.06365 0.04774 0 0 0 0 0.01591 0 0 0
1 0.1332 0.1665 0.6495 0.1665 0.08327 0.08327 0.1166 0.06662 0.08327 0.03331 0 0.04996 0.01665 0 0 0.01665 0 0 0 0
1 0 0.443 0.263 0.263 0.09691 0.01384 0.04153 0.08307 0.04153 0.04153 0.02769 0.02769 0.02769 0 0.01384 0 0 0 0 0
1 0 0.2431 0.5905 0.3126 0.2779 0.03474 0.01737 0.0521 0.0521 0.03474 0.0521 0 0.03474 0.01737 0 0.01737 0 0 0 0
1 0 0.1049 0.4615 0.8391 0.2727 0.2308 0.04196 0.04196 0.04196 0.02098 0.02098 0 0 0 0.02098 0 0 0 0 0
1 0 0.0284 0.1704 0.1893 0.3218 0.04733 0.07572 0.0284 0 0.01893 0.0284 0 0.0284 0 0 0 0.009465 0 0 0
1 0 0.1332 0.2059 0.2301 0.1817 0.2301 0.07267 0.06055 0.02422 0 0.01211 0.02422 0.01211 0.02422 0 0 0 0 0 0
1 0.03113 0.1141 0.2905 0.09338 0.1038 0.09338 0.1349 0.083 0.05188 0.03113 0 0.01038 0 0 0 0 0 0 0 0
1 0.04647 0.1859 0.2091 0.2324 0.06971 0.1394 0.06971 0.1162 0.04647 0.03485 0 0.01162 0 0 0 0 0 0 0 0
1 0.03345 0.1171 0.2425 0.08362 0.1338 0.03345 0.04181 0.05017 0.0669 0.008362 0.008362 0 0.008362 0 0 0 0 0 0 0.008362
1 0.06064 0.5458 0.3487 0.2122 0.04548 0.1061 0.06064 0.03032 0.01516 0.06064 0.01516 0 0 0 0.01516 0 0 0 0 0
1 0.09092 0.3182 0.6213 0.1364 0.07577 0.07577 0.06061 0 0.07577 0 0.04546 0.01515 0 0 0 0 0 0 0 0
1 0 0.4439 0.4898 0.2755 0.1378 0.1225 0 0.01531 0 0.03061 0.01531 0 0 0 0 0 0 0 0 0
1 0.0213 0.3195 1.044 0.4047 0.1278 0.0426 0.1278 0.0213 0 0 0.0213 0 0 0 0 0 0 0 0 0
1 0.09154 0.1098 0.6591 0.4943 0.1282 0.2014 0.09154 0.01831 0 0 0 0 0 0.03662 0 0 0 0 0 0
1 0.01641 0.4594 0.3281 0.3445 0.2625 0.09843 0.06562 0 0.01641 0.03281 0.01641 0 0 0 0 0 0 0 0 0
1 0.07684 0.06403 0.5507 0.1281 0.1537 0.2305 0.02561 0.03842 0 0.01281 0 0 0 0 0 0 0 0 0 0
1 0.01095 0.3724 0.1862 0.3286 0.07667 0.05477 0.03286 0.01095 0.01095 0 0 0 0.01095 0 0 0 0 0 0 0
1 0.03437 0.03437 0.3266 0.1203 0.1977 0.01719 0.04297 0.05156 0.01719 0.008594 0.008594 0 0 0 0 0 0 0 0 0
1 0.02253 0.1352 0.04507 0.2854 0.07511 0.1277 0.02253 0.007511 0.01502 0.007511 0.007511 0 0 0 0 0 0 0 0 0
1 0.1113 0.1034 0.1908 0.1113 0.1193 0.03181 0.03976 0.03181 0.02386 0.03181 0 0 0 0 0 0 0 0 0 0
1 0.03245 0.6597 0.1622 0.09734 0.04326 0.05408 0.01082 0.01082 0.01082 0 0 0 0 0 0 0 0 0 0 0
1 0.1102 0.1285 1.193 0.2203 0.05508 0 0.07345 0.01836 0.03672 0 0 0 0 0 0 0 0 0 0 0
1 0.06349 0.2328 0.08465 0.582 0.04233 0.02116 0 0.02116 0 0 0 0 0 0 0 0 0.01058 0 0 0
1 0.03198 0.3198 0.3091 0.03198 0.2772 0.03198 0.02132 0.02132 0.02132 0 0 0 0 0 0 0 0 0 0 0
1 0.06532 0.1633 0.8002 0.2286 0.08165 0.2123 0.03266 0.01633 0 0.01633 0.01633 0 0 0 0 0 0 0 0 0
1 0.04481 0.2801 0.1008 0.3697 0.1344 0.06721 0.112 0 0 0 0.0112 0 0 0 0 0 0 0 0 0
1 0.009688 0.1259 0.4456 0.08719 0.2228 0.03875 0.01938 0.01938 0 0 0 0 0 0 0 0 0 0 0 0
1 0.04006 0.05608 0.2483 0.2804 0.04807 0.1122 0.008011 0 0 0.008011 0 0 0 0 0 0 0 0 0 0
1 0.006729 0.2221 0.1211 0.08748 0.1346 0.006729 0.05384 0.02019 0 0.02019 0 0 0 0 0 0 0 0 0 0
1 0.02427 0.0728 0.4934 0.08089 0.04045 0.04045 0.008089 0.02427 0.008089 0.008089 0.008089 0 0 0 0 0 0 0 0 0
1 0.1269 0.1057 0.1163 0.4334 0.05286 0.1163 0.09514 0 0.01057 0 0 0 0 0 0 0 0 0 0 0
1 0.03368 0.5052 0.1684 0.03368 0.2919 0.02245 0.01123 0.03368 0 0.02245 0 0 0 0 0 0 0 0 0 0
1 0.03607 0.3156 0.3156 0.08116 0.03607 0.1082 0 0.009018 0 0 0 0 0 0 0 0 0 0 0 0
1 0.03136 0.4547 0.5488 0.392 0.1098 0 0.03136 0 0 0 0 0 0 0 0 0 0 0 0 0
1 0.06598 0.3299 0.6269 0.4124 0.1485 0.0165 0 0.04949 0 0 0 0 0 0 0 0 0 0 0 0
1 0.04019 0.2948 0.3484 0.3752 0.1206 0.09379 0.0268 0.0134 0.0134 0 0 0.0134 0 0 0 0 0 0 0 0
1 0.02826 0.2261 0.5511 0.2543 0.1696 0.09891 0.07065 0 0 0 0.01413 0 0 0 0 0 0 0 0 0
1 0.09312 0.2173 0.4501 0.388 0.1552 0.1862 0.03104 0.03104 0 0 0 0 0 0 0 0 0 0 0 0
1 0.1646 0.6994 0.2469 0.2469 0.2469 0.2674 0.1646 0.02057 0 0 0 0 0 0 0 0 0 0 0 0
1 0.1707 0.3413 0.8154 0.1138 0.1707 0.1327 0.01896 0.07585 0.01896 0.03793 0 0 0 0 0 0 0 0 0 0
1 0.08552 0.7055 0.4917 0.5772 0.1283 0.02138 0.08552 0.04276 0 0 0 0 0 0 0 0 0 0 0 0
1 0.02481 0.3722 1.29 0.3722 0.2977 0 0.02481 0.04962 0 0.04962 0 0 0 0 0 0 0 0 0 0
1 0.02501 0.4252 0.5002 0.9504 0.3001 0.1751 0.02501 0.05002 0.02501 0.02501 0 0 0 0 0 0 0 0 0 0
1 0.04368 0.1965 0.6115 0.3494 0.6115 0.2184 0.1092 0 0.02184 0.02184 0 0 0 0 0 0 0 0 0 0
1 0.04727 0.1418 0.3624 0.4254 0.1733 0.2994 0.06302 0.04727 0 0 0.01576 0 0 0 0 0 0 0 0 0
1 0.03108 0.2331 0.3419 0.2952 0.2797 0.0777 0.2175 0.04662 0 0 0 0.01554 0 0.01554 0 0 0 0 0 0
1 0.02997 0.2847 0.4046 0.2847 0.07492 0.1199 0.1049 0.1049 0.04495 0.02997 0 0.01498 0 0 0 0 0 0 0 0
1 0.05413 0.3428 0.6316 0.1624 0.1444 0.1263 0.1083 0.1083 0.07218 0.03609 0 0 0 0 0 0 0.01804 0 0 0
1 0.05584 0.4654 0.7074 0.3351 0.1303 0.01861 0 0.09307 0 0.05584 0 0 0 0 0 0 0 0 0 0
1 0.01665 0.1332 0.7494 0.4497 0.1499 0.08327 0.04996 0.01665 0.01665 0 0 0 0 0 0 0 0 0 0 0
1 0.05302 0.2916 0.4507 1.166 0.3711 0.2386 0 0.02651 0 0.02651 0 0 0.02651 0 0 0 0 0 0 0
1 0.05315 0.3543 0.2303 0.2835 0.5138 0.1417 0.05315 0.07087 0.03543 0.01772 0 0.01772 0 0 0 0 0 0 0 0
1 0.04292 0.2432 0.5579 0.1431 0.1144 0.1574 0.1001 0.02861 0.02861 0.01431 0 0 0 0 0 0 0 0 0 0
